-0.204293 -1.39037 0.0550767 0.397013 0.910011 -0.093486 1.4866 1.68734 1.04158 1.51839 0.556851 1.14964 0.0469681 3.37672 -0.977574 0.90501 -0.367365 -0.843411 -0.27625 0.272311 -1.02728 -1.90339 0.0297441 -1.80495 -3.3819 -2.73492 0.529335 0.758891 1.21259 -1.59846 0.281864 -0.156344 0.579181 0.0393269 -0.649031 0.730622 0.0421193 -1.04685 -0.877329 
0.739483 -1.35805 0.0647845 0.0324107 0.576708 0.177688 1.53026 1.13224 -0.432527 1.06098 0.0701169 -0.712841 -1.61785 0.0800471 2.35292 0.726606 -2.09655 0.433192 1.03434 0.227356 -1.01405 -0.416678 -0.606876 -0.181823 -1.4838 -1.31516 -0.149607 0.706609 1.47855 0.0286912 0.152746 -0.0481649 -0.150499 -1.31557 -0.969234 -0.0159047 0.0135865 -1.07395 -1.29374 
-0.199529 -0.0142206 0.402096 -0.506493 1.1314 0.388954 1.61539 1.03645 0.681952 1.06973 0.458369 -0.117382 -0.959338 -3.63089 2.14866 1.39328 0.422045 1.08899 0.197722 -0.454892 -1.00149 0.700765 -0.0425798 1.84907 2.02988 1.11853 -0.866036 1.33577 0.129259 -0.980137 0.180047 0.543057 0.753022 -0.71608 0.000616086 -0.12303 0.569344 -0.164821 0.655614 
-0.550042 -0.100583 0.724215 0.210921 1.14197 0.273169 1.25279 0.489132 0.13635 1.03421 1.09687 0.95979 -0.743586 -1.46933 -0.139023 -0.520162 0.545951 -0.144509 -0.259752 0.732807 -0.0801994 0.439763 0.451615 1.02846 1.30125 2.15712 -2.83791 1.13475 0.466125 0.14416 0.947546 0.698064 1.20369 -0.105024 1.40018 -0.140185 0.362722 0.306828 1.24372 
-0.735153 -0.0859702 0.164861 -0.274752 1.04988 0.272839 2.04516 0.963861 1.03396 1.41243 1.03045 0.945653 0.717474 -0.882655 -0.267944 -0.664581 -0.183626 0.411532 0.800533 1.98505 0.859784 1.0911 -0.135487 -1.3008 -1.60573 0.4651 -1.35624 -0.0823796 -0.213272 0.21462 -0.204447 0.185666 0.37861 -0.175887 1.60121 1.13477 1.12393 0.352301 1.74223 
-0.881046 -0.24724 0.419304 0.129228 1.35201 0.647467 2.42825 0.998639 1.02956 0.937974 0.378408 -0.409241 -0.374243 -0.696642 0.00238358 0.19557 -0.195414 -0.173902 0.518633 -0.246188 -0.17197 1.60617 1.06539 0.619009 -0.818601 0.0551896 -0.723062 0.162472 -0.572114 -0.805271 0.17973 0.446675 0.498869 0.6632 1.36552 0.783971 -0.737644 -1.50878 0.759891 
-1.00128 -0.0755578 0.263029 -0.361508 0.95294 0.51675 1.89197 0.834441 2.35515 2.214 1.37568 0.235157 0.77007 -0.280099 0.537138 -0.216335 -1.08872 -0.12335 -0.165024 -1.34633 0.196063 0.656964 1.1861 0.260124 -0.305636 0.508371 -0.490807 0.149788 -0.156921 0.256039 0.427043 0.91055 -0.601456 -0.390885 0.411548 0.190943 -0.075487 -1.41559 -1.32443 
-1.00189 0.0738832 0.324447 -0.341303 1.28157 0.575167 1.61995 1.09713 1.56204 1.82979 0.524791 -0.690574 0.0285367 -0.0981251 0.245787 -0.432799 0.611858 0.852579 0.786232 -0.506748 -0.415351 -1.06374 -0.803217 -0.703519 -0.972888 -1.71028 0.00603327 0.637765 -0.600052 -0.245478 -0.176848 -0.0853925 -1.32258 -0.167761 1.06708 0.692403 0.832021 0.597887 0.862533 
-1.05866 0.0762801 0.0667343 -0.101452 1.39424 0.884434 1.58362 0.554304 1.45786 1.61855 0.988148 -0.60442 -0.541562 0.272533 0.519837 -0.707894 0.707137 -0.151483 0.0327775 -0.318657 -0.435566 0.713934 -0.257229 0.965818 1.10419 0.594543 -0.116709 0.261583 -0.0990756 0.804983 0.304855 0.447135 0.0301801 -0.147404 -1.76235 -0.959208 -0.618081 0.0670984 -0.581841 
-0.929996 0.384953 -0.000760861 -0.040315 1.19639 0.594356 1.4236 0.804473 2.14186 1.64254 1.06217 0.207598 0.497904 -0.103916 0.187679 0.285249 0.678087 -0.366831 -0.150059 0.552685 0.207582 -1.14122 -0.463751 -0.164504 1.08866 0.991682 -0.0761757 0.161299 -0.297224 0.599591 -0.48123 0.454669 0.0253834 -0.31541 0.148004 0.484732 0.704876 0.865755 0.264048 
-1.11806 0.194356 0.206927 0.187056 1.19614 0.819056 1.90613 0.659927 0.496183 1.2769 0.899262 0.28076 0.234685 -0.410352 -0.252588 0.253148 0.25598 -0.603952 0.614268 0.358527 -0.0340998 -0.504579 0.909996 0.0765258 0.0389378 -0.246385 0.0403913 0.259251 -0.149081 -0.0976341 -0.47028 0.00751051 0.159158 0.180048 -0.347421 0.814403 0.322769 1.13696 0.642446 
-1.09627 0.247219 0.124389 0.0668519 0.873955 0.882501 1.6305 0.760431 1.70919 2.32793 1.10683 0.214546 0.317465 0.150786 0.241922 -0.510324 -0.82442 -0.371314 0.151869 -0.343621 0.0951001 0.724457 1.55482 0.655081 0.403339 -0.166322 -0.186092 0.294349 1.175e-05 0.286559 -0.144359 0.289896 0.194706 -0.455628 -1.60344 -0.191162 -0.366512 -0.60647 -0.638831 
-1.08862 0.343947 -0.0256972 -0.169928 0.995686 0.893328 1.69492 0.695893 1.08475 2.44438 1.26447 0.592576 0.116112 0.0983805 0.740364 -0.24708 0.209029 0.380417 -0.204984 -0.104503 -0.654146 -1.49956 -1.15584 -0.581279 -0.78961 -0.544088 0.714131 0.964984 0.0045703 -0.13641 -1.01774 -1.96383 -2.32127 -1.00789 -0.983581 -1.90725 -1.60706 -0.631285 0.649056 
-1.08512 0.686422 0.0151246 0.153848 1.06767 0.791718 1.56168 0.332417 0.449768 1.46886 0.787025 -0.471695 -0.093017 0.963565 1.35741 0.523459 0.616385 -1.23125 -2.99464 -2.58448 -1.64425 -1.94521 -4.08222 -2.9512 -1.18593 1.00002 1.32334 0.734678 0.406595 -0.270975 -0.251018 -2.452 -2.29092 -0.0952469 -1.75676 -2.67693 -2.44521 -1.33031 -0.483368 
-0.77571 1.14167 0.226124 0.0920722 0.344326 -0.487755 0.149327 -0.345253 -0.544979 -0.602541 -0.368403 -0.425239 0.8988 1.98121 0.477241 0.883486 -0.631188 -0.772361 -3.34219 -2.78521 0.527683 -0.698352 -2.39487 -2.92515 -0.892172 -0.0503286 1.72262 0.296876 1.06995 -0.145554 0.314486 -2.51633 -2.04935 -0.252444 -0.204951 -3.03411 -2.29427 -1.13278 -0.0907276 
-0.41727 0.972743 0.435659 -0.120121 0.656933 -0.750118 -0.103447 0.636266 -0.143914 -0.31655 -0.831418 -1.24374 -0.121959 1.74865 -0.865445 1.14136 -0.83897 1.7322 -0.645364 0.000299715 1.27274 1.7085 0.056645 -0.337259 -0.241762 -1.09927 1.84727 -0.5263 1.0128 -0.685684 0.297091 -2.72853 -2.03876 -0.00118469 -0.348363 -2.09314 -1.80635 -0.410253 -0.100127 
-0.188978 0.64785 0.767504 -0.271162 1.24686 -0.782226 0.142911 0.41998 0.861244 -0.555133 -0.553005 -0.653134 0.0593138 0.928505 -1.34966 0.692731 -0.450872 1.24585 -0.604008 0.214413 -0.507517 0.280394 -0.379674 0.341243 0.393904 -0.0607785 1.51001 -1.19876 0.784389 -0.0804527 1.48505 -0.345882 -0.315756 0.71217 -0.105592 -0.0789825 -0.56567 -0.610148 -1.03873 
-0.116585 0.197571 0.766804 -0.316625 1.30445 -1.02546 0.0176368 0.299055 0.0756661 -0.595346 -0.640091 -0.939819 -0.158975 0.626701 -1.12156 0.0807484 0.719976 0.617005 0.137241 -0.391892 -0.140551 -1.81964 -0.153343 -0.455082 -0.513641 -0.195515 1.04743 -1.14371 0.600375 0.149242 0.978034 0.170239 -0.104524 -0.671729 -0.224784 -1.13992 -0.0963516 0.620445 -0.113462 
0.00644567 0.00521425 0.811865 0.0353419 1.56463 -0.71472 -0.0970463 0.310016 -0.66414 -0.664717 -0.802888 -1.10849 -0.0818171 0.713929 -0.546086 0.244097 0.697376 0.30281 0.84063 -0.338846 -0.517599 -0.542172 -1.12756 -0.455882 0.433671 -0.0671454 1.01776 -1.16145 0.173393 0.437612 0.166223 0.700106 -0.537698 -0.297781 -1.45822 -0.193869 -0.216314 0.30371 -0.643869 
0.109261 -0.110696 0.887712 -0.01983 1.45747 -0.632617 -0.190733 -0.0444004 -0.388242 -1.43328 -0.890417 -0.602626 -0.200911 0.968727 -0.803606 0.194117 -0.0146058 -0.350149 0.863962 -0.280404 -0.301633 -0.00097184 -0.0960984 0.167217 0.933782 -0.601312 1.10643 -0.742943 -0.366157 0.732436 -0.436826 0.674068 -0.471887 -0.190522 -1.10305 -0.18487 -0.205103 0.239452 -0.38737 
0.32116 -0.45268 0.909352 0.0262624 1.37528 -0.311084 -0.270615 0.1003 -0.678353 -0.731504 -0.707981 -0.35289 -0.536517 1.02198 -0.685415 -0.805711 0.477129 -0.988134 0.123 -0.250215 0.242615 -0.829572 0.890081 0.184205 -0.0961881 -0.406208 1.59247 -0.262524 -1.78777 0.252121 -1.45687 -0.532407 -0.405688 -0.051094 0.0622561 -0.440163 0.652082 0.124998 0.874775 
0.442548 -0.499918 0.516665 0.182345 0.933589 -0.571697 -0.346324 0.082917 -1.09096 -0.762772 -0.786097 -0.708729 -0.504849 1.53727 0.368384 -2.9597 0.424816 -1.94577 -1.64123 -0.22493 0.243998 0.101958 -0.480794 0.798892 -0.743527 1.71966 1.88413 -0.172727 -2.84392 1.30375 -2.57244 -0.570965 -1.14035 1.53884 -0.317539 0.675077 0.594775 0.541946 0.66412 
0.834169 -0.229609 -0.471086 0.205963 0.349258 -1.06618 -0.41115 0.228474 -0.607039 -1.0859 -0.263089 -1.00058 0.80226 1.94613 0.399027 -3.59725 1.60648 -3.0692 -0.955912 -1.18429 2.17823 0.450569 0.0157518 0.699151 0.822786 1.2589 2.09626 -0.0733687 -2.78109 1.34107 -2.88554 -0.65741 -0.936159 1.57286 -0.444667 0.899217 0.747552 0.292894 0.331093 
1.09816 -0.259042 -1.16254 0.869698 -0.681508 -1.00981 -1.05814 1.40889 -0.729975 -0.745936 -0.396467 -0.045991 0.477884 1.76694 -0.490088 -1.34585 1.71816 -2.60594 0.683587 -0.951327 2.22987 -0.641626 1.68462 0.305076 1.14976 -1.28695 2.12458 -0.124039 -2.46942 0.832282 -3.17086 -0.0831343 -0.911271 1.63223 -0.538935 1.61184 0.759753 0.791448 -0.00352678 
1.42728 -0.505339 -1.09525 0.941299 -1.02293 -0.745968 -0.984238 1.58643 -1.15359 0.17863 -0.0917997 -0.0642854 -0.182254 1.40295 -0.604716 -0.225113 -0.273092 -1.93301 0.826924 0.0395125 0.388194 -1.10937 2.13552 0.422435 0.22476 -1.24818 1.57503 -0.480624 -0.962716 0.791775 -2.49305 0.718867 -0.235829 1.36634 -0.774351 1.61895 0.206713 1.14341 -1.66776 
1.56432 -0.601375 -1.26151 0.74957 -1.70084 -0.623302 -1.0412 1.62636 -1.66518 0.855695 -0.160154 0.116421 -0.476671 0.711426 -0.306628 -0.140625 -0.449237 -1.32604 0.344687 0.660824 -0.077926 -0.3147 0.476105 0.0179144 0.350545 -0.801117 1.06953 -0.432541 -0.100324 0.0355027 -1.39414 0.709821 0.659906 0.0197076 -0.374344 1.3948 0.46182 0.410197 -1.16415 
1.65226 -0.674473 -1.15463 0.745497 -1.72399 -0.582512 -0.597327 1.51524 -1.42848 0.539638 -0.0796151 0.203362 -0.791349 0.274493 -0.112304 0.0756271 0.338611 -0.263861 0.188297 0.80288 -0.33546 0.658581 -0.272809 0.268933 0.332361 -0.204776 0.170737 -0.0797661 -0.686851 0.37982 -0.874353 -0.203322 1.07142 -0.880056 0.658224 -0.442205 0.0361672 0.313768 -0.439704 
1.6369 -0.6576 -1.21955 0.892236 -1.84495 -0.53218 -0.569701 1.3957 -1.13136 0.656795 -0.00889076 0.368855 -0.624958 -0.458035 0.17432 -0.91817 1.06265 -0.0501146 -0.647102 0.702033 -1.27194 1.16888 -1.05571 0.0588055 0.082536 0.261766 -0.39914 0.212987 -0.567688 1.18521 1.00555 -0.60697 1.87447 -0.947221 1.21995 -2.16965 0.164845 0.184847 0.384652 
1.46935 -0.564159 -1.57837 1.19922 -1.75602 -0.877787 -0.185877 0.704651 -0.470643 -0.244581 -0.0447743 0.246784 -0.579127 -0.924021 0.465225 -0.949681 1.55636 1.85597 -1.07316 1.57566 -1.11911 0.905504 -2.60345 -0.0064005 -0.0651191 0.705029 -0.832167 0.505221 -0.993875 1.15367 1.18329 -1.10785 0.81212 -0.709 1.44814 -2.10766 -0.165654 0.124126 0.933835 
1.29147 -0.378261 -1.65806 1.55806 -0.877517 -1.02452 0.361973 0.67975 -0.392363 -1.28456 -0.0101779 0.288745 -0.0702152 -0.877587 0.662969 -0.616613 0.782149 1.92287 -0.960516 0.332875 0.188725 0.683607 -1.73813 -0.273519 0.106597 0.931068 -0.933105 0.620926 -0.803592 0.209944 2.26135 -0.896837 0.857041 -1.04872 0.945402 -2.46297 -0.836901 0.172453 0.79985 
1.14011 -0.169925 -1.86081 1.53243 -0.753514 -1.31803 0.00574836 0.798597 0.0839764 -1.539 -0.194061 0.310337 0.150282 -0.571528 0.563841 -0.290101 -1.21326 1.71897 -0.229972 -0.483936 -0.49368 0.311611 -0.66279 -1.1776 0.316418 0.318834 -0.980152 0.924046 -0.628109 -0.512934 2.11517 -0.212876 -0.363629 -0.526948 0.719559 -1.70188 -1.73624 -0.516387 1.03574 
1.06898 -0.0416234 -1.78748 1.03402 0.0180794 -1.12686 0.0672056 0.351107 -0.146844 -1.77502 -0.660379 0.527841 0.186104 -0.692503 0.868508 -0.351112 -1.58932 1.42127 0.644316 -0.785015 -0.988148 0.248085 -0.516234 -2.20914 -0.741391 0.390277 -0.634553 0.720654 -0.318052 -1.73105 1.40175 0.38766 -0.877854 -0.813217 0.531104 -0.152774 -1.54372 -1.16676 0.27695 
0.875427 0.343734 -2.01882 0.846836 -0.0140209 -1.01598 -0.468305 0.163747 0.27671 -1.91989 -1.4158 -0.335562 0.461807 -0.450992 0.63052 -0.196934 -1.53222 0.498713 0.780324 -0.618579 -0.751994 0.381909 0.467984 -1.02705 -1.78782 0.0455944 -0.211833 0.686866 -0.16883 -2.21244 0.721567 0.601807 -0.949761 -1.30668 0.917144 0.900748 -1.12911 -1.42343 -0.691577 
0.888525 0.333757 -1.87325 0.372964 0.273829 -0.761911 -0.307738 -0.137501 0.157088 -1.42008 -1.22717 -0.993535 0.231285 0.339746 0.26985 0.0954202 -1.92216 -0.277554 0.215044 -0.408445 -1.02677 0.933316 1.7221 0.603188 -1.06019 -1.24727 0.175326 0.697683 -0.296304 -1.72591 -0.763111 0.746847 -0.754216 -0.384308 1.83505 1.50029 0.371639 -1.99402 0.0544537 
0.970767 0.509554 -1.96759 0.0182522 -0.16531 -0.91249 -0.718119 -0.495019 1.03882 -0.62734 -1.07934 -1.24818 -0.49204 0.711654 0.525767 -0.256384 -1.20508 -1.69922 0.288324 -0.327563 0.174927 1.95954 1.53498 1.5882 -0.747736 0.0382418 0.855386 0.138903 0.0323776 -2.51607 -0.799147 1.32655 1.17451 -0.089076 1.61279 2.2077 1.17471 -1.28376 -1.42754 
1.11358 0.648273 -1.98687 -0.147557 -0.622916 -0.624524 -0.509389 -0.0521002 1.77191 -0.267426 -0.344953 -1.64474 0.270784 0.998412 -0.0397219 -0.0391745 -2.07247 -0.979853 1.6901 1.90169 0.909927 1.12725 1.22137 1.11761 -0.561725 -0.53785 0.984177 0.0514103 0.326593 -2.17159 -1.25613 1.61595 1.53143 -0.0041484 0.643239 1.50603 0.446455 -0.332325 -2.37684 
1.29583 0.495501 -1.97942 -0.874908 -0.684851 -0.12674 0.4077 0.0455399 1.96207 0.290849 -0.457857 -1.74376 -0.897702 0.830561 -0.440654 0.768761 -2.24141 -0.279743 2.03441 2.27223 -0.159381 -1.12431 0.475604 -0.919019 0.349711 -3.02054 0.972223 -0.322291 0.934612 -2.13584 -0.926 2.04223 2.69449 0.408477 -0.524828 1.11953 -0.0810005 0.0459009 -1.89662 
1.3801 0.401266 -1.6201 -1.11329 -0.775352 0.32048 0.837075 -0.173724 0.824295 0.0932075 -0.851884 -1.37779 -2.05331 0.524865 -0.494562 1.49418 -1.31712 -0.477849 1.24773 1.51397 -0.251157 -1.76823 0.275366 -1.21008 0.650233 -1.83883 0.735443 -0.298274 1.2303 -1.826 -1.045 2.28922 2.28789 0.233798 -1.79142 0.635244 -1.745 1.09906 -2.80793 
1.45574 0.217172 -1.27271 -1.44356 -0.941165 0.454402 1.30264 -0.132918 0.479406 0.50178 -1.12605 -1.22539 -2.30866 0.317557 -0.0538239 1.14465 -0.655166 -1.36586 1.25983 0.62919 0.545851 -1.11739 0.377269 -1.57629 1.09353 -0.505415 0.218248 -0.227753 1.36859 -0.77044 -1.57139 1.5841 0.983956 0.325683 -2.16188 -0.299106 -1.76664 1.95731 -1.82353 
1.4677 0.37902 -1.07718 -1.39756 -1.4973 0.907215 1.20515 0.141376 -0.117578 0.380323 -1.72298 -0.488539 -2.43391 -0.196196 0.116972 0.633641 0.100195 -1.99888 1.02904 -0.261729 0.780863 -0.941664 -0.664721 -1.31648 1.89702 -0.445679 -0.0744552 -0.151317 1.06197 -0.471197 -1.33584 1.37065 0.812908 0.726382 -1.15628 -0.215133 -0.57406 1.6649 -0.57371 
1.36416 0.294164 -0.969255 -1.40332 -1.99504 0.934393 1.14019 0.327717 -0.316449 0.0098756 -1.8532 0.33609 -2.6431 -0.452651 -0.197078 0.507795 -0.085594 -0.738957 0.708955 0.406715 0.608486 -0.321613 -0.654981 0.77183 1.07758 -0.202933 -0.387327 0.178915 0.628533 -0.438864 -1.86906 1.05852 -0.285555 0.240615 -0.581232 -0.96514 -0.0621329 1.70213 0.22676 
1.28667 0.273539 -0.832698 -1.43714 -1.89052 1.23916 1.44074 0.495264 -0.398219 -0.104299 -1.29308 0.387369 -2.58078 -0.434615 0.179475 0.346842 -0.789506 -0.947856 0.489335 -0.0916657 -0.383766 0.229405 -0.610135 1.25125 0.321988 0.746812 -0.705313 0.149483 0.550786 -0.145507 -1.60179 0.955083 0.247788 0.792643 0.153981 -0.207421 0.582933 0.854318 1.11388 
1.18942 0.407473 -0.800199 -1.74531 -2.4978 1.16475 1.07901 0.0671391 -0.139237 -0.441219 -1.15767 0.579845 -2.05607 -0.681982 0.444743 0.352155 -0.136916 -1.78578 0.66017 -0.0855556 0.649142 0.538522 0.387523 0.0944267 0.0508375 1.62283 -0.791942 0.271331 0.853668 -0.376235 -1.06433 -0.361291 0.0788049 0.0417224 0.830535 -0.898642 1.07205 -0.566983 1.53028 
1.02566 0.540977 -0.661152 -1.49877 -2.83265 1.54853 1.3832 0.874329 0.0358456 0.190483 -1.23851 0.404271 -1.31683 -0.837273 0.270149 0.982674 0.199853 -0.728263 -1.01969 0.199101 0.470818 0.84254 -0.576311 0.321295 -1.02187 1.1982 -1.02546 0.604014 0.52071 0.436796 -0.879878 -0.332348 -1.10569 -0.392111 0.881962 -0.319939 0.157898 -0.738598 2.04518 
0.87424 0.573465 -0.333183 -1.66225 -2.88542 0.697143 1.19098 0.335774 0.547443 -0.867025 -0.977398 -0.300708 -1.12024 -0.959891 0.556292 0.461166 0.840988 0.4009 -1.14877 -1.30512 -1.23837 0.598416 -0.804575 0.158075 -0.971474 0.971536 -0.973565 0.501545 0.709927 1.18708 0.275412 -0.9994 -0.649463 -0.206403 0.658064 -0.222085 0.45108 -1.19275 1.2092 
0.667718 0.873228 -0.438522 -1.14027 -2.62819 1.02122 0.599441 0.0845248 0.519678 -0.405981 -1.14866 -0.434122 -0.556147 -0.722381 0.561048 0.123997 1.6981 1.16752 -0.431434 -1.01275 -0.770558 0.0114332 0.289356 0.354563 -0.482973 0.341894 -1.02448 0.886409 0.880743 1.01784 0.843624 -1.55908 -1.49888 -1.33274 0.318318 -0.171909 0.894738 -1.1141 0.443821 
0.599135 0.90848 -0.268556 -0.935536 -2.27898 0.50162 0.581312 -0.164329 0.543537 -0.645635 -0.778691 -0.730406 -0.846105 -0.680432 0.912802 0.910325 0.787661 0.935533 -1.10996 -0.58285 -0.817166 -0.173817 0.58433 1.15843 -0.432185 -0.396664 -0.888075 0.87355 1.06519 2.15056 2.15889 -0.678936 -0.765396 -0.761575 -0.119284 0.578944 0.995976 -0.0625793 0.489392 
0.407243 1.41262 -0.00541 -0.804692 -2.14339 0.511863 0.245773 -0.444441 0.361844 0.0359398 -0.504565 -0.821331 -0.85271 -0.701822 0.886733 1.53344 1.73298 2.24564 -0.557275 0.0524723 -0.394615 -0.139879 0.488666 1.10813 0.431937 0.290448 -0.710195 0.84415 1.03667 1.47587 1.96162 -0.775291 0.903426 -0.300175 0.00112956 -0.278386 1.20428 -0.556681 -0.0156084 
0.331201 1.43273 0.456559 -0.193835 -1.10723 0.247893 0.605964 -0.431625 0.413903 -0.275236 -0.162461 -0.394664 -0.61172 -0.461934 0.486251 0.70291 1.56983 2.16616 -0.0177908 1.73324 0.371249 0.197551 -0.946138 0.605056 -0.254441 0.392144 -0.478441 0.703278 0.695917 0.709401 1.57053 0.39458 0.04045 -0.755565 0.194605 0.520959 0.541559 -0.297783 0.793815 
0.222976 1.70418 0.330505 -0.133084 -1.01332 0.507662 1.27128 -0.237466 0.512588 -0.66636 -0.16707 -1.05983 -0.539742 -0.0733517 0.278828 -0.448493 -0.595129 0.238532 1.11761 0.00645325 -0.761189 0.408129 0.212265 -0.301622 -0.785528 0.725805 -0.229955 -0.316579 0.112788 0.409624 -0.0520723 0.330067 0.551271 -0.160776 0.165823 -1.20428 0.214372 0.587957 0.0725172 
0.282462 1.60377 0.252909 -0.452313 -0.987903 0.76885 0.603212 -0.925926 0.739621 -0.111482 -0.327318 -1.07749 -0.0409236 0.0804653 -1.01107 -0.522002 -0.908991 -2.24398 0.485039 -1.02824 -0.599863 0.0343246 -0.646653 -0.271005 1.04023 -0.285528 0.559825 -0.667704 -0.582642 -0.762673 -1.45739 0.98145 0.285466 0.601035 0.538889 -0.972157 -0.692939 0.540455 0.212782 
0.227885 1.12574 0.0924082 -0.526401 -2.1957 0.736035 0.652392 -0.631864 0.527703 -1.14476 -0.314964 -0.215178 -0.750428 0.943219 -1.38562 -0.448743 -0.60944 -2.53526 0.289559 0.36236 1.72013 0.29523 -1.49645 -0.674497 1.51021 -0.4423 1.19109 -0.951071 -0.936108 -0.794715 -2.11399 2.16546 -0.530813 1.14484 -0.344078 -0.0553158 -0.999508 1.54627 -0.855378 
0.588279 0.8077 0.0491427 -0.716939 -2.32303 0.906808 0.812395 0.116362 0.971529 -1.22521 -0.69877 0.160367 -0.372751 1.78959 -0.565398 -0.923224 -0.346562 -1.08949 2.63062 0.364655 2.40652 -0.446867 0.58142 -1.1478 0.978287 -0.778035 1.63554 -1.40985 -1.26836 -1.61171 -1.63303 1.49832 0.889011 1.59356 -0.900105 -0.81853 -1.22653 1.1303 -2.65459 
0.828896 0.806255 -0.333707 -0.678092 -2.77273 1.9568 0.862941 0.835478 0.142985 -0.705011 -0.948655 0.577657 -1.34169 1.63103 -0.951247 -1.51158 -1.94615 -0.0388048 1.86344 0.769797 0.786021 -1.41048 0.416514 -1.07213 -0.0267801 -2.89027 2.22987 -1.04847 -1.39841 -1.31908 0.483395 2.01842 0.1662 1.06489 -1.62317 0.691527 -1.11241 0.997074 -1.40147 
1.13399 0.264021 -0.652683 -1.55583 -2.34913 1.77273 1.2642 0.58019 -0.21388 -0.908752 -1.29053 0.112332 -2.59619 1.72632 -1.1725 -1.23872 -1.74339 1.85714 0.272867 -0.146684 -0.7245 -1.58221 0.346282 -0.434035 0.333767 -0.974207 1.86525 -1.02259 -1.4949 -1.0322 1.27101 1.45152 0.243003 -0.0748389 -1.58469 0.298564 -0.662234 0.510674 -1.1583 
1.40784 0.134022 -0.907669 -1.42987 -1.80469 2.08704 0.768999 0.363896 -1.18511 -0.441062 -1.18688 0.831267 -2.08453 1.30716 -0.743763 -0.79996 0.312693 2.05006 0.222025 -0.454689 -0.880671 -0.569955 -0.0112598 0.140348 0.713151 1.44468 1.49123 -1.30214 -1.51166 -0.941441 2.27754 -0.391132 -0.115331 -0.696193 -0.69664 -0.149692 -0.953665 -0.0499324 -0.0896932 
1.56674 -0.159102 -1.02104 -1.4243 -1.27993 1.87945 0.986845 0.0118977 -0.700874 -0.912111 -1.21051 0.683347 -1.4699 0.619273 -0.985859 -1.0988 0.254358 1.74337 -0.846284 0.0085839 -0.338751 0.724093 -0.536989 -0.918576 -0.368534 0.876257 0.972851 -0.830236 -0.976081 0.641764 2.31756 -0.415669 -0.927391 -0.36803 -0.0842402 -0.1045 -0.649266 0.210115 1.4332 
1.60067 -0.429767 -1.41606 -1.3234 -0.896302 1.69964 0.767516 0.131195 -0.596851 -0.837471 -1.69356 0.497311 -1.39748 0.217107 -0.632423 -0.707236 0.71753 1.61364 -0.830848 -0.710478 0.328978 0.485798 -0.119364 -1.0534 -0.413405 0.377911 0.519736 -0.642049 -0.894099 0.767744 1.80305 -1.05841 -0.624053 0.00780859 0.968291 -0.320492 -0.664396 -0.605101 0.636406 
1.61931 -0.517534 -1.34593 -1.11884 -0.439562 1.49919 0.557178 0.192696 -0.310619 -0.996292 -1.7919 0.31185 -1.16793 0.187078 -0.0784143 -0.281294 0.976331 1.10794 -0.689988 -0.790099 0.372937 0.521948 0.119201 -0.0163258 -0.380377 -0.0585144 0.117238 -0.46135 -0.98319 0.775907 1.50546 -0.999288 -1.10414 0.180558 0.186535 -0.240625 -0.811895 -0.287775 -0.176506 
1.64277 -0.466301 -1.54136 -0.906766 -0.321102 1.38453 0.290436 0.339215 -0.176558 -0.743294 -1.70035 0.153447 -1.43274 -0.0484806 -0.132348 -0.810982 0.526147 0.767797 -0.620118 -0.678237 -0.0255015 -0.227746 -0.19224 -0.0944911 0.0726876 -0.585341 -0.057898 -0.350148 -0.406914 0.873145 0.87642 -1.01606 -0.771955 0.538639 0.216481 -0.390895 -0.273326 0.237367 0.396947 
1.57924 -0.585405 -1.71945 -0.89561 -0.0427174 1.21639 0.146709 0.153979 -0.513264 -1.13496 -1.84199 0.347033 -1.61028 -0.295938 -0.502043 -0.343507 0.422076 0.280273 -0.785179 -0.178478 0.488737 -0.226051 -0.63059 -0.353866 0.715178 0.574273 -0.187487 -0.224491 -0.588232 0.955031 0.393137 -0.732671 -0.439614 0.366197 -0.174505 0.0549403 -0.320428 0.130819 0.267216 
1.5164 -0.748977 -1.69581 -0.728243 -0.179892 1.02539 0.177562 0.618947 -0.377794 -1.20968 -1.89415 0.726157 -0.979039 -0.265702 -0.239837 -0.094922 1.00256 -0.142658 -0.44613 0.129993 0.618363 0.0295116 0.273593 -0.343718 0.125055 0.937493 -0.391396 -0.0636705 -0.250968 0.792747 0.421411 -0.40937 -0.00381033 0.688192 0.489915 -0.0309503 0.0479721 0.222308 0.112342 
1.46342 -0.715731 -1.75741 -0.467705 -0.123273 1.01407 0.217523 0.513984 -0.502148 -0.925351 -2.03017 0.426029 -0.875911 -0.341321 0.396413 -0.0395265 0.848397 0.38951 0.185444 0.181425 0.606068 0.867516 0.597751 0.447632 -0.399748 -0.417433 -0.478114 0.467625 0.0844126 0.390345 -0.240585 -0.910771 -0.314348 1.15752 0.429343 0.353846 0.224295 0.783648 0.904121 
1.3742 -0.50962 -1.70781 -0.366568 0.0185962 1.11519 0.279002 0.971338 0.329639 -0.757727 -1.64388 0.366087 -1.29165 -0.508954 1.01481 0.231839 -0.372401 -0.232814 -0.87711 -0.519804 1.20805 0.535402 0.205159 0.692097 0.912458 0.217869 -0.782434 0.877621 0.595357 0.208423 0.0709008 -0.910661 0.394848 0.575049 0.481753 0.626649 0.224906 -0.288111 1.25557 
1.26275 -0.117063 -1.64225 -0.630497 -0.251102 0.612414 -0.098603 1.23916 -0.0706751 -0.76691 -1.64445 1.16379 -0.697609 -0.915503 1.05812 0.968576 -0.507721 -0.273163 -1.50852 0.325731 0.312364 -0.236366 0.243696 -0.0983707 0.0585985 2.01601 -0.965938 1.0392 0.703094 -0.209678 -0.280641 -0.996103 -0.274131 0.733183 -0.178071 0.520331 0.14399 -0.180884 0.89838 
1.03173 0.114207 -1.2474 -0.587494 -0.13039 0.421478 0.466373 1.14185 0.119832 -0.570473 -1.69612 0.389483 0.276119 -1.03862 0.707527 0.864237 0.0477797 -0.205903 -0.56926 0.180858 -0.0431137 -0.738144 0.494937 -0.459679 -1.11568 0.930252 -1.24799 1.07473 1.07312 0.0220688 -0.505029 -1.77602 -1.09411 -0.284055 -1.38447 0.312015 0.00196765 -0.485117 2.01283 
0.87735 0.303061 -1.23073 -0.612775 -0.36482 0.353142 0.00249957 1.18954 -0.697421 -0.391823 -1.89688 0.204753 0.0311689 -1.07895 0.72312 0.701165 0.551864 -0.51985 -1.06324 -1.70176 -0.733151 -1.49103 0.179442 0.125706 -0.653168 0.537552 -1.61769 1.01483 1.67768 0.386236 0.127818 -0.395547 -1.0256 -0.673886 -1.82917 1.09179 0.037404 -1.26011 1.72696 
0.632265 0.543392 -0.912308 -0.353213 -0.408727 -0.0662722 -0.55358 0.664909 -1.13251 -0.431259 -1.62421 -0.182607 0.701448 -1.54161 0.974424 1.74277 0.575839 0.41212 -0.0105288 -1.47024 -0.985364 -1.55127 0.964915 0.538185 -0.475816 1.2628 -1.56781 0.839267 1.26089 0.458713 0.430647 0.120149 0.0703905 -1.69267 -1.51634 1.00136 0.546628 -1.06682 -0.177577 
0.316519 0.878261 -0.407524 -0.368194 -0.154476 0.3523 -0.879589 0.556412 -1.99981 0.334633 -1.59644 -0.218958 1.01692 -1.42224 0.667839 1.25968 0.187084 1.20422 1.22758 1.79855 -1.88346 -0.403023 1.16019 0.688126 -0.689672 -0.746333 -1.52263 0.910401 1.23957 0.39992 0.716519 0.507952 0.641127 -1.62468 -0.473159 1.47689 1.01453 0.305094 0.938487 
0.113067 0.940456 -0.315484 -0.275645 0.216955 0.505549 0.510822 -0.524372 -1.48079 0.441187 -1.24069 -0.785236 0.134687 -0.887992 0.534436 0.185017 0.0695535 0.723623 0.734459 2.28888 -1.52526 0.975596 1.00694 0.951308 0.897738 -0.0641003 -1.25673 0.872 1.37194 0.125253 0.550583 0.529224 1.44918 -1.35095 0.281037 0.968287 0.729008 0.515881 0.984065 
-0.0163473 1.19781 -0.314301 -0.341117 0.219205 0.696038 0.476793 -0.411053 -1.20257 1.09251 -1.0671 0.506487 0.977332 -0.586069 0.777373 0.873331 0.0212499 -0.330479 -0.472956 0.0420899 -0.200472 0.780506 0.135473 0.389065 1.38274 2.00251 -0.958143 0.60799 0.893878 0.495573 0.905123 0.503489 2.09419 -1.28058 0.886126 0.229615 1.54916 1.5901 0.760311 
-0.114496 1.40116 0.100293 -0.26932 0.0379148 0.290821 0.529292 -0.671443 -0.845659 0.54753 -1.02287 0.345977 1.69203 -0.647227 0.473188 1.20684 0.728045 0.709913 -0.0169689 0.367541 -0.44897 0.166604 -0.693351 1.31019 1.17716 1.0381 -0.780704 0.571717 0.726792 0.0546766 0.669872 0.662721 0.448711 -0.129894 0.727633 -0.409365 0.968932 1.08566 1.40842 
-0.26524 1.48178 0.257761 -0.0311465 0.585698 0.692217 0.68906 -0.712009 -1.07754 0.579197 -0.338919 1.4657 1.78945 -0.668014 0.170129 0.259485 0.0747792 1.39257 1.42021 0.53319 0.0199989 0.16139 -0.671419 1.03458 0.0432696 -0.211178 -0.979537 0.272412 0.62994 0.490825 1.12459 0.467706 -0.00809237 -0.109895 1.26075 -0.64879 -0.081925 -0.00194561 0.739041 
-0.370639 1.50904 0.228412 -0.239999 0.762359 0.951739 0.840199 -0.681983 -0.724962 0.0506182 -0.447394 0.356549 1.53879 -0.921889 -0.0217726 -0.224174 0.0619994 1.07016 0.682826 -0.37001 0.299673 1.44905 -0.160912 -1.40399 -1.15019 -0.0909241 -0.88367 0.237514 0.149552 0.796239 1.4569 0.861662 0.269926 -0.0935678 1.02341 -0.114165 0.947881 0.881571 0.120243 
-0.609929 1.47816 0.159231 -0.00731568 1.14108 1.01207 0.462133 -0.549357 0.113102 0.463954 -1.11456 0.477785 1.72914 -0.74921 0.223444 -0.0215814 1.20125 0.912188 -0.18589 -0.18403 -0.143845 1.15432 0.527944 0.358667 1.12021 0.377981 -0.915165 -0.101796 -0.0728082 0.324025 0.533614 0.0250336 -0.472904 -0.13765 0.784959 -0.455909 0.246115 -0.742531 -0.571217 
-0.655101 1.6479 0.22482 0.273266 1.23492 0.869788 0.724019 -0.793986 0.220782 0.450383 -0.246412 1.26812 1.84082 -0.545235 -0.147049 0.117347 0.462626 -0.223211 -0.655731 -0.220336 -0.492237 -0.43471 -0.436914 1.78388 0.224499 -0.61428 -0.847886 -0.555298 -0.435701 0.154722 -0.505828 0.0640483 -0.312832 0.0349007 1.20422 0.244416 0.0565962 -0.0297156 -0.398661 
-0.82325 1.40174 0.220742 0.188629 1.01829 0.712806 0.324334 -0.877107 -0.261514 0.142364 -0.123922 0.639978 1.26442 -0.611317 -1.14393 -0.647848 -0.946027 -1.70646 0.269282 -0.203863 0.220263 0.389896 -0.194681 -0.252447 -1.12897 -0.865573 -0.862247 -0.792401 -0.648565 -0.209054 -0.866161 -0.932946 -0.249033 0.140224 0.208546 0.464008 1.52627 -0.391314 -0.496564 
-0.89147 0.992263 -0.0722499 -0.135962 0.334374 0.998367 0.596029 -0.680511 0.531349 0.309893 -0.384024 0.29796 1.18192 -0.838045 -1.16643 -1.11679 -0.786255 -1.14001 -0.699506 -0.086866 0.732838 0.720579 1.06213 0.444568 -0.698405 0.00322178 -0.594299 -1.22338 -0.642047 -0.627887 -1.12201 0.224929 -0.823419 0.0850249 -0.491719 0.0530772 1.32564 -0.312281 -1.50144 
-1.1387 0.733038 -0.296079 -0.151959 0.414772 0.393292 0.266013 -0.446212 0.323826 0.941499 0.124654 0.030043 1.27685 -0.347422 -0.883882 -0.341486 -0.0440639 -0.06072 0.0462549 -0.829803 -0.0657082 -0.989028 0.273557 2.19118 0.756728 -1.01275 1.44088 -3.00213 -0.466627 -0.372159 -0.854155 1.11009 -1.63019 1.45901 -0.184428 -0.803002 1.87578 0.377416 -1.09814 
-1.0358 0.487726 -0.225754 -0.157697 0.296783 1.02379 0.0953058 -0.744127 -0.303862 0.519472 0.832278 0.905432 0.409289 3.10387 -3.80959 0.399411 0.203088 -0.204254 2.2923 -1.96718 1.56356 -0.931355 -2.12142 2.28857 1.21336 -1.37293 2.79279 -2.95535 0.718937 -0.269595 0.533639 0.926678 -0.994904 1.80308 -1.42228 -0.556799 2.37348 1.5403 -0.742245 
-0.0792925 -1.47144 -0.102388 -0.0675154 0.301918 1.45758 -0.91199 0.499117 -0.463463 -0.639473 1.39492 1.01955 0.225903 4.75522 -4.01461 1.46212 -0.3759 0.907704 1.28188 -0.420752 2.89847 -0.786153 -1.00552 1.26064 1.2541 0.0918585 2.91279 -3.05034 0.802009 0.327461 0.243504 0.817691 -0.571881 2.71343 -0.832719 -2.04818 1.88515 2.03763 -1.49462 
0.599557 -1.83587 0.465939 -0.321992 0.766988 1.62073 -0.161837 1.02786 -0.9705 -0.227223 1.53301 1.92902 0.490219 1.49405 -1.24633 0.850016 0.327006 0.593133 -1.12142 1.25165 2.6883 -0.0987368 -0.593354 0.458108 1.43721 -0.496788 2.49221 -2.41256 0.12976 0.444002 1.17858 -0.385727 0.439589 2.77194 0.662609 -1.30512 0.537657 0.698834 -0.632364 
0.418643 -2.18657 0.302462 0.0701651 0.607176 0.942912 -0.173258 2.14096 -0.558912 -1.07802 1.65099 2.19633 -0.148029 -0.82366 0.0157633 -1.2549 1.09144 0.957601 -1.8475 0.984495 1.44461 1.64587 -0.72135 -0.459762 -0.32569 -0.874176 0.527841 -0.325289 -0.601465 0.346257 1.17479 -1.02246 0.690226 1.52426 1.32383 -1.03228 -1.3915 0.761347 -0.0248636 
0.289128 -1.81768 -0.115606 0.144096 1.26336 0.77023 0.417813 1.89953 0.383686 -0.761464 1.28053 1.63091 -0.17533 -0.674863 0.70708 -1.77643 0.232997 1.26619 -0.362981 -0.370907 -0.290191 1.79412 -0.770769 -2.44295 -0.428389 0.480597 -1.08049 -0.0621533 -2.16709 0.260078 0.255767 -1.75147 -1.07585 0.4048 1.9759 -1.61263 -1.80389 0.0392077 0.268976 
0.160112 -1.7667 -0.523479 0.167458 1.26535 0.779051 -0.400718 1.93833 0.918455 -1.64921 0.299715 1.8123 0.233289 -0.905412 -0.118878 -2.09874 -0.668568 -0.54936 -0.688839 -2.33742 -0.79157 0.873594 -1.41435 -2.12058 0.405588 1.22855 -0.554586 1.56907 -0.984308 0.468114 0.885259 -0.872008 -0.999647 -1.25008 0.864795 -1.70014 -3.20494 -1.61828 1.21493 
-0.0498141 -1.87772 -1.09259 -0.145932 0.969545 0.45565 -0.980663 1.38641 1.09617 -1.81381 0.107863 1.94461 0.783949 -0.220956 1.8935 0.256483 0.52091 0.135983 -0.904324 -0.885648 -1.6365 -0.678874 -1.48127 -2.16052 -1.62383 1.06672 -0.0703754 1.83912 -0.187762 -1.03295 -0.811859 -0.63543 -1.76359 -1.69907 -0.321188 -1.5263 -2.94643 -2.11118 1.28895 
0.0598922 -0.657493 -0.396767 0.388441 1.33091 0.364802 -0.934696 0.901979 0.340958 -2.75159 -0.895082 0.42813 1.06752 0.776783 3.16706 1.8137 -0.966076 -0.72812 -0.237092 0.114659 -1.83503 -1.25721 -0.606574 -2.10961 -3.09185 0.412122 0.409917 2.48008 0.199735 -1.49559 -1.45144 -0.728392 -0.481369 -3.04526 0.0692031 0.191795 -1.41079 -2.6789 1.17016 
0.197954 -0.0285306 -0.23614 -0.563772 0.582001 0.350016 -0.918981 0.227124 0.0381219 -2.26224 -1.05873 -0.667756 1.11235 0.853307 2.21705 0.0592222 -2.89172 -2.42332 -0.155749 0.284594 -3.08861 0.78864 1.74458 0.147824 -1.79272 0.424142 1.18991 2.69798 0.571858 -0.910531 -1.64286 -1.00409 -0.00430739 -2.93999 1.32987 0.386819 -1.87745 -2.9484 -0.0193752 
0.33435 0.639714 -0.362494 -0.856674 0.0544785 0.296792 -0.771821 -1.03361 0.982852 -1.44224 -0.81092 -1.09735 1.40522 1.0914 1.30466 -0.921084 -0.473768 -1.86147 -1.2208 -0.112341 -2.72598 2.96022 1.12916 -0.57696 -0.671375 -0.421392 0.953941 1.50351 -0.150875 -1.93466 -1.86457 -0.570279 -0.796282 -2.20815 2.40983 1.7385 0.296997 -2.64916 -1.05389 
0.555454 0.73855 -0.661251 -0.770113 -0.399817 -0.210614 -0.992472 -1.4839 2.48443 -1.41299 -1.37614 -1.25508 0.796683 0.641003 0.274877 -0.287079 -0.177765 -0.516332 -0.676172 -1.28394 -0.33156 2.27923 0.575091 0.305538 -1.58557 -1.73805 0.632623 0.842019 -0.188585 -0.754639 -0.900662 -0.10518 -0.380219 -2.13829 2.42641 1.70695 0.964823 -1.56098 -1.68777 
0.534762 0.808454 -0.490502 -0.935848 -0.222014 -0.0119294 -1.54297 -1.26186 2.86331 -1.00723 -0.639375 -2.44951 0.07213 -0.106191 0.0908563 0.634765 -0.718015 0.443771 1.06001 -0.360781 -0.585291 0.128605 1.14856 1.99467 -1.30713 -1.69191 0.27597 0.158624 0.129647 -0.475499 -0.540258 0.0213362 0.446459 -1.03941 1.86749 1.68071 1.74751 -1.05461 -1.8978 
0.495261 0.800368 -0.357271 -1.08138 -0.172876 0.283698 -1.2139 -1.86927 2.57789 -0.549234 -0.268713 -2.37429 -0.500748 -0.220879 -0.0120609 0.494124 -0.56984 -0.332305 0.697932 1.85637 -1.26671 0.103234 1.66774 2.24239 0.258433 -0.64013 -0.365097 0.072327 1.20913 -0.0846959 0.102664 0.785627 1.17989 -0.465676 -1.20104 0.63022 2.91291 -0.719808 -1.84546 
0.434569 0.810474 -0.252427 -1.18346 -0.402012 0.314913 -0.44414 -2.06921 2.93568 0.244679 0.605299 -2.25893 -0.412566 -0.489398 0.028925 1.24583 0.59227 -0.277272 0.064601 1.86083 -0.118618 -1.62418 -0.302366 2.2361 0.410665 -0.620255 -0.422617 0.13825 1.07516 0.298043 0.146047 0.467362 1.195 -1.30856 -1.89909 -0.560809 1.57518 0.685234 -0.381842 
0.301415 0.826201 0.233062 -0.829744 -0.324017 0.317606 -0.112418 -1.96565 1.21492 -0.770231 0.972477 -2.05635 -0.970086 -0.465847 0.241107 1.17878 1.05312 0.567304 -0.0325719 -0.337215 -0.751129 -2.48102 -2.40503 0.0566775 0.652485 0.173749 -0.510336 -0.0247583 1.20992 0.761917 0.26943 -0.262667 0.924503 -0.606123 -1.76033 -0.691213 0.734158 0.434739 0.967503 
0.248937 0.959593 0.306489 -0.733835 -0.110297 0.303876 -0.651538 -2.55729 0.860742 -1.54833 0.63896 -1.73867 -0.268357 -0.33631 -0.0700593 0.635997 0.629147 0.707085 -0.452648 -0.68378 -0.804228 -0.578236 -0.608301 -1.15147 0.178026 1.85555 -0.594424 0.181169 1.02658 0.833414 1.0531 0.0241817 0.111472 -0.51511 -1.20348 -0.65803 -0.169222 0.473874 1.04891 
0.160963 0.794522 0.537621 -0.562261 0.0409927 0.112272 -0.526188 -2.48661 0.72104 -1.21995 0.336753 -1.93303 0.473691 -0.493091 0.0590756 0.418808 0.282062 1.09988 0.0584377 0.485967 -0.029841 0.982357 1.53848 -0.276542 -0.013452 1.1642 -0.420521 0.271533 0.30382 -0.266048 0.933418 -0.0364291 -0.44123 -0.677227 -0.0644004 1.14398 -0.264486 -0.0763698 1.4286 
0.053803 1.00295 0.509269 -0.615463 0.460677 0.334933 -0.36875 -2.59869 1.6636 -0.393058 0.487999 -1.77556 0.641201 -0.347095 0.520018 -0.158926 -1.04347 0.771127 0.391054 0.133493 -0.229459 0.519152 2.13755 0.794046 -0.246802 -0.0387599 -0.502699 0.0556328 -0.0103633 -0.495175 0.889804 0.618149 0.753326 -0.152257 0.00581057 1.27306 -0.0750767 -0.275677 0.504162 
0.0167487 1.1057 0.469667 -1.01335 0.439583 0.297174 -0.45329 -2.65163 1.13901 0.383194 0.778959 -2.16514 0.453689 -0.320517 0.0330356 -0.428824 -1.06098 0.309468 0.824504 0.474581 -0.185492 -0.952707 0.162382 0.192624 -0.311703 -0.513235 -0.531018 0.329131 -0.0992793 -0.734637 0.600086 0.744439 0.254489 -0.289035 -0.452143 1.07856 0.314991 0.133238 0.0687416 
-0.0811411 1.03117 0.314837 -1.07407 0.617194 0.720319 -0.092743 -2.73649 0.858567 -0.266598 0.596983 -2.06196 0.25456 -0.511382 0.0254079 0.0110605 -0.116489 0.180773 0.674118 0.196142 -0.199091 -1.06827 -0.695281 -0.3147 0.447656 0.140615 -0.537384 0.225469 0.0234933 0.0201568 0.0168243 0.314183 -0.220743 0.0714943 -1.77192 0.572439 0.229708 0.251082 0.857743 
-0.184765 1.12949 0.481371 -1.0662 0.52862 0.613002 -0.343086 -2.79784 0.237956 -0.131558 0.606856 -1.81625 0.572294 -0.548047 0.340573 0.471297 1.10208 -0.278504 -0.380176 -0.746003 0.318954 -1.26436 0.606992 0.163571 0.664147 1.61011 -0.84225 0.25237 -0.0286086 0.311461 0.14012 -0.201356 -0.976942 -0.027532 -1.36357 -0.684234 -0.919597 0.194704 0.31079 
-0.295443 1.23808 0.542214 -0.603415 0.465408 0.548504 -0.543565 -2.56189 -0.205421 0.192265 0.68987 -1.53195 1.50868 -0.840214 0.392788 -0.0493634 0.621122 0.0448684 -0.973695 -1.42398 0.178186 -0.632716 -0.206107 -0.988715 -0.167735 0.266491 -0.660991 0.0781796 0.709582 0.847391 -0.232118 -0.686089 -0.110783 1.31491 -1.34702 0.651766 -0.165056 0.828966 0.534203 
-0.500967 1.36674 0.464759 -0.802163 0.546394 0.166667 -1.19763 -2.71042 -0.301188 -0.28059 0.0613091 -1.98221 0.788167 -0.51636 -0.211092 0.634839 0.255349 -0.0835974 -0.618855 0.613654 1.75282 -0.41571 0.267848 -0.377421 0.43166 -0.921255 -0.37057 -0.838269 1.37154 0.2408 0.295748 -0.0298842 -0.930075 1.735 -0.28739 -0.796026 0.00311763 0.930592 -0.175628 
-0.498692 1.12446 0.846229 -0.49652 0.415821 0.266294 -0.184743 -1.49936 -0.564249 0.397574 0.483016 -1.19644 0.806752 0.235952 -1.78229 2.18175 -0.228926 0.426499 0.921546 0.255418 2.54844 0.291817 -0.84391 1.01771 1.39427 -0.472813 0.22528 -2.0685 1.48248 0.384084 0.590759 -0.624815 -1.53541 3.11073 0.877937 -1.14909 -0.0312624 0.657111 -1.44141 
-0.441828 0.340196 1.49368 -0.903317 0.764278 0.596937 -1.05213 -1.1552 -0.0721155 -0.906461 0.62744 -0.841354 0.432761 0.856171 -3.21747 1.66954 0.364846 1.02077 -0.29176 -2.54783 3.11837 1.54756 -1.78726 0.356771 0.44308 -0.881359 1.17581 -3.09189 1.07429 0.438317 -0.232824 -0.632592 -1.34504 2.9042 0.578568 -1.33585 0.616007 2.13392 -0.491424 
-0.223236 -0.735976 1.63512 -0.342583 0.945312 0.135374 -1.70851 0.408807 0.70825 -0.933572 0.682947 -0.851373 0.135653 1.60989 -3.34251 -0.510192 0.935418 -0.789716 -1.84338 -1.94881 2.0008 0.461688 -0.923806 -0.103696 1.38017 -0.131763 1.28374 -3.64917 0.0782273 0.357643 -0.122633 -0.963069 -2.31598 2.67463 1.63601 -0.670871 0.158992 3.47518 0.569717 
0.0965085 -1.59289 1.26111 -0.504256 0.344436 -0.251653 -2.21919 0.0609004 0.298106 -1.59206 0.572245 0.287711 0.340893 1.16068 -2.831 -1.54221 0.213275 -1.21 -1.10694 -0.373587 1.07301 0.542348 0.903641 -0.102691 4.0567 1.615 0.851284 -2.97163 0.572657 0.565034 -0.520312 -0.91698 -1.66485 2.06958 0.540287 1.40123 -0.0904785 2.20175 0.181027 
0.158428 -2.37185 0.918939 -0.253763 0.305092 -0.372592 -1.93757 1.05035 1.14549 -0.252926 0.62831 2.51695 1.39355 -0.278231 -1.58297 1.40405 -0.0272897 -0.0274286 0.511183 -0.14907 1.24739 0.243437 2.79507 -0.00246212 1.48152 0.375223 0.189567 -1.84518 0.455425 -0.324039 -0.438638 0.128103 -0.617338 0.423245 -0.475916 1.32536 -0.862768 1.56628 0.0817531 
-0.0236873 -2.50362 1.92559 -0.518785 0.324301 -0.0111879 -2.31455 0.81044 0.486978 0.502669 0.57314 1.50157 0.640785 -0.877457 -0.227413 2.25431 -0.719872 0.521817 1.28276 -0.399436 -0.391214 -1.12151 0.866748 -1.11866 -2.01244 -1.49674 -0.581145 -1.13113 1.35013 -0.253569 0.0659058 1.24784 0.924958 1.21492 0.14254 1.75133 -0.282579 0.275088 -0.547914 
-0.170763 -2.49496 1.98186 -0.565831 0.572955 0.224753 -2.18201 0.785164 0.200201 0.400137 0.0107641 0.807653 0.246935 -0.659668 -0.291938 0.695145 -0.367173 0.135889 1.28038 1.32669 0.66851 -0.0409881 -0.458354 -0.381091 -1.0982 -1.05104 -0.893725 -0.288781 1.80141 -1.13658 0.245458 1.16574 0.633893 -0.391619 -0.846285 0.858429 -0.589384 -1.02229 -1.71379 
-0.276919 -2.66422 2.25787 -0.679331 0.389802 0.585054 -1.53113 1.2015 0.439515 0.16505 0.364252 0.557154 -0.161431 -0.555698 -0.25133 0.544519 -1.07966 -0.129854 0.390326 1.20893 -0.197251 0.0742725 0.282854 0.292079 0.726875 -0.649379 -0.572261 -0.0123037 0.90859 -0.571823 0.0766762 0.215989 1.46167 -0.384707 -1.1055 -0.00668244 0.0164787 0.158013 0.431994 
-0.387733 -2.63196 2.24355 -1.03247 0.499114 0.409319 -1.46872 0.640089 0.24851 0.616666 0.174852 1.39015 -0.244907 -0.264156 0.271446 0.719518 -0.533706 -0.0104228 -0.977742 0.529744 -1.2462 -1.33384 0.45778 0.429381 1.33092 1.611 -0.536466 -0.071751 0.991028 -0.834227 -0.258464 -0.259862 0.853013 -0.239222 -0.713535 0.877835 0.869126 0.950399 0.345426 
-0.392206 -2.49747 2.60157 -0.911421 0.378585 0.136848 -1.22228 0.406848 -0.68221 0.512357 0.604413 1.64501 1.09337 -0.311412 0.132307 0.99795 -0.238763 -0.273848 -0.774326 -0.1223 -0.153649 -0.953738 0.892548 0.987443 0.525138 1.10016 -0.395739 0.117198 0.574189 -0.2118 0.302497 -0.469032 0.483543 -0.691977 -0.871521 0.949736 -0.0565636 0.850293 1.19197 
-0.519502 -2.54606 2.71773 -1.13785 0.349768 0.0551982 -1.54814 0.522015 -0.557379 1.28902 0.724212 1.80387 0.615166 -0.379984 -0.0772926 0.176713 0.205708 0.492448 0.291917 0.0895913 0.18952 0.254711 0.813215 -0.486565 -0.207677 -0.0926287 0.119441 0.00392112 -0.395302 -0.150626 -0.328781 0.309363 1.05933 0.316416 0.00854786 -0.206263 -0.0131451 0.287425 0.491646 
-0.547891 -2.53335 2.6909 -0.825852 0.631049 0.275896 -1.17552 0.501285 -0.48397 1.1254 0.337087 1.44563 1.03175 0.48353 -0.125906 -1.60475 0.00810748 -0.240879 1.2117 1.46987 0.668909 0.986848 -1.15847 -0.981931 -0.125944 -0.464978 -0.00549219 0.294107 -0.696194 0.510963 0.318114 -0.288174 -0.393403 1.09048 0.0469012 0.0221762 -0.736269 -0.00101497 -0.826787 
-0.374013 -2.61019 1.97224 -1.13717 0.21771 0.619673 -0.679465 0.91332 0.24921 0.427975 0.182424 1.67287 0.265814 0.354156 0.564667 -1.24999 0.61638 0.0142355 -0.71677 -0.579388 1.53239 -0.17313 -0.775422 -0.552122 0.235835 -0.934878 1.03651 1.38535 -2.5018 1.24003 0.392092 -1.87695 -1.25321 -0.446102 -0.124613 -1.33577 -2.2088 -1.33571 0.324446 
-0.447525 -2.19623 2.11165 -0.563854 0.632761 -0.0516033 -1.52713 1.42731 -0.641234 0.550731 0.0334378 1.61731 0.319292 1.14161 2.42199 -2.26782 1.97409 0.864368 -3.92911 -3.04712 -1.3423 -1.12203 -0.609151 -2.18311 -1.56279 0.889305 1.6029 2.07261 -3.89751 2.34297 -0.0129594 -2.82285 -2.20496 -0.039191 1.46656 -0.888227 -1.16307 -1.83115 -0.519008 
0.00099822 -1.19391 0.916031 -0.291886 0.665192 -1.19363 -2.50055 0.0591552 -0.696514 -0.0223832 -1.02489 0.339764 0.962951 2.16837 2.87051 -4.78638 3.12087 -0.0302986 -3.36554 -2.20161 -1.57147 2.04888 -0.397177 -1.10287 -2.56188 0.295515 1.39169 2.1851 -3.0521 3.84423 0.564144 -3.49456 -1.46494 0.0649243 0.228006 -0.102615 -0.704807 -2.16441 -0.494675 
0.285597 -0.519344 -0.12479 0.774099 0.611121 -1.60424 -2.84473 0.431234 1.04782 0.25885 -0.575356 -0.551668 0.557593 1.04628 1.19965 -2.4579 4.15201 0.0307814 -1.12246 1.20208 1.46552 1.43249 0.481033 1.18986 -1.19195 -1.49798 1.52358 1.91564 -3.40075 3.42463 -0.326174 -2.71467 0.430577 -1.14137 0.226661 -1.15809 -0.492451 -1.65761 -1.40175 
0.342761 -0.487846 -0.229254 1.48906 0.67558 -1.70877 -1.79133 0.943776 0.48037 0.34231 -0.363379 -0.683088 -0.184628 0.228485 0.304496 -0.479858 2.33755 -0.480312 -0.560661 2.75395 -0.185747 -1.74012 -1.1342 0.416256 0.459072 -2.04812 0.928865 1.07417 -1.69858 3.0807 -0.205158 -0.942658 1.56264 0.182573 -0.188659 -0.256826 0.808487 -0.287146 -2.15687 
0.342132 -0.333394 -0.343137 1.77553 0.353516 -1.85953 -1.21141 0.293282 -0.411487 -0.584051 -0.342467 -0.193224 -1.01509 0.408298 0.580659 -0.169416 0.759134 -0.350315 -0.246796 0.782065 -1.15891 -1.64861 -0.814177 0.00209949 0.852043 -1.20691 0.462247 0.542068 -0.643909 1.60197 0.0170123 -0.740445 2.1066 -0.748901 -1.58329 -1.09733 0.415306 0.68943 -1.88564 
0.46201 -0.141436 -0.302123 1.81238 0.486139 -1.81889 -1.33222 0.203182 -0.902907 -0.261332 -0.359957 0.00412774 -1.10729 0.486779 0.593865 -0.512363 0.220588 0.511573 -0.516805 -0.0818306 -0.959669 -0.238545 -0.316396 0.207945 0.457244 -0.314724 0.368524 0.609416 -0.268875 1.11031 -0.0407988 -0.643034 1.26565 -0.829756 -1.43128 -1.16285 0.694433 0.828127 -1.07245 
0.488753 0.0206884 -0.576717 1.86749 0.616008 -2.09454 -1.26673 -0.323931 -0.623105 -0.815538 -0.224994 0.163691 -1.24834 0.15847 0.429329 -0.241379 1.01666 0.290295 -0.690109 0.826457 -0.112549 -0.137948 -0.723539 1.02516 0.242685 -0.130409 0.168273 0.386891 0.112245 1.2308 0.0379963 -0.438859 1.03004 -0.1835 -1.26967 -0.824403 1.40647 -0.333318 -0.395789 
0.494126 0.117046 -0.408716 2.24635 0.632603 -2.13406 -0.846683 0.110559 -1.03094 -0.79721 0.210303 0.181536 -1.19811 -0.237292 0.0472954 0.692429 1.74694 -0.44718 -0.125482 1.39236 0.695632 -1.34376 -0.771348 1.8475 -0.856545 -0.169246 -0.0693215 -0.0223371 0.405219 1.63589 -0.778644 -0.810982 1.60618 -0.453282 -0.902633 0.00134376 2.06774 -0.264922 -0.137351 
0.382836 0.0571962 -0.245713 2.61519 0.375776 -2.14855 -0.444212 0.0839226 -1.75308 -1.38716 0.800889 -0.57855 -1.36917 -0.285429 -0.466451 0.875651 1.59545 -1.51533 -0.489139 1.21275 -0.572039 -0.980501 0.733635 1.98518 -0.554005 -0.0276426 -0.287383 -0.0727672 0.863244 1.26702 -1.40402 -0.0899047 1.90422 0.0921644 -1.05551 0.516314 2.4444 0.109949 -0.0430272 
0.371419 -0.14495 0.00814767 2.92896 -0.167717 -2.35627 -0.131114 -0.266609 -1.85906 -0.243665 1.31247 -0.307591 -1.20952 -0.235167 -0.168003 0.651932 0.278214 -1.76528 -0.0132747 1.0238 -0.529948 0.0321114 1.4661 1.70673 1.02744 0.130147 -0.643186 -0.0481111 0.642483 0.60331 -1.40583 -0.330977 1.23816 -1.11376 -1.31159 0.313648 0.980718 0.155904 0.600636 
0.27766 -0.0313915 0.0663123 2.73191 -0.555608 -2.15066 0.158842 -0.26718 -1.7398 -0.286001 1.74878 0.255409 -1.25865 -0.750767 0.38661 0.126458 -0.626416 -0.69999 0.00252334 0.360998 -1.14214 -0.654794 -0.308327 -0.544517 0.784016 0.800276 -0.594337 0.0756324 0.751707 -0.631825 -1.01453 0.143273 0.634919 -1.08308 -0.088194 1.18644 0.33803 0.889649 1.04254 
0.0864136 0.088711 0.0739287 2.65704 -0.540512 -2.35107 0.0772574 -0.996821 -2.41655 -0.469119 1.01303 0.322711 -0.581182 -0.723634 0.293263 0.51951 -1.27457 0.167803 0.210986 -0.213008 -1.13641 -0.121265 0.119592 -1.19412 0.146426 1.19977 -1.03225 0.322399 1.12412 -0.669866 -0.169405 0.699049 0.230177 -0.719682 -0.0638006 0.278801 -0.804299 0.815392 1.36232 
0.00211807 0.148031 0.316283 2.18153 -0.473373 -2.04905 0.0254063 -0.993839 -1.85397 -0.191532 1.08942 0.352285 -0.321608 -0.901876 0.147657 1.62235 -0.430473 0.436908 0.997154 -0.0621121 0.0422755 0.596469 0.687306 -0.592407 0.294331 0.932924 -1.21867 0.268537 1.08755 -0.899636 0.489378 0.668825 -0.356667 -0.558376 -0.314716 0.189762 -1.07073 0.960544 1.38947 
-0.251295 0.183532 0.840708 2.4693 -0.31717 -1.88583 0.0336767 -0.993567 -1.93434 0.0497883 0.687063 0.543328 0.14966 -1.22436 0.15173 1.1726 -0.147937 0.609296 0.745079 -0.230327 0.287991 -0.25417 0.14101 -0.327539 1.11864 0.567668 -1.24689 -0.0451742 0.72956 -0.69005 0.208704 1.53388 0.650783 0.545846 1.84346 1.35104 0.326514 0.0700569 -0.484932 
-0.448067 0.245219 0.8723 2.11517 -0.159639 -1.7004 -0.118343 -0.838422 -2.07857 -0.0810501 0.910208 1.26254 0.126993 -1.09085 -0.22263 -0.485247 -0.658534 -0.102977 1.20716 0.892966 0.830633 1.75562 1.11722 1.08839 -0.17475 -1.52931 -1.59852 0.326442 0.645871 -0.24715 0.710084 0.627123 0.0945537 0.406811 0.574004 0.887977 -0.29459 -0.0368172 -0.11311 
-0.654912 0.0632042 0.619835 2.18359 -0.376918 -1.32346 0.558823 -0.502111 -0.488957 0.890114 1.29235 0.371498 -1.02213 -1.32548 0.389239 -0.165236 -0.236312 0.516284 0.150812 0.357681 0.368181 1.00191 1.04788 -0.073359 -1.13653 -0.695149 -0.974751 0.0493838 0.096712 -1.24595 -0.331786 0.631389 -0.48952 -0.327638 1.51435 1.11654 0.895701 0.478499 0.27884 
-0.933519 0.480407 0.801389 2.01085 0.105324 -1.62661 0.0880539 -0.633346 -1.25946 0.70743 0.871822 0.286053 -0.400218 -0.470688 0.304384 0.641232 -1.31503 -0.416495 -0.305112 -1.50433 -1.31936 0.18054 0.375538 0.229507 0.819733 1.89613 -1.09434 0.402773 -0.00668505 -1.27078 0.346532 -0.205747 -0.479047 0.470575 0.64705 1.43325 0.643439 -0.497366 0.740551 
-0.842232 0.249089 0.926847 1.61583 -0.601061 -1.46055 -0.343565 -1.34207 -0.352348 1.17594 1.42177 1.03168 0.453002 -0.425531 0.278246 0.160922 -1.77678 0.0352683 -0.456726 -0.955797 0.387391 -0.161854 0.865956 1.02699 0.526209 1.64423 -0.836129 0.451833 0.179999 -1.69666 0.642837 0.0975099 -1.26082 -0.219322 -0.567844 0.2742 0.245775 0.253951 2.06091 
-1.10509 0.651105 0.88332 1.24472 0.118065 -1.83384 -0.487696 -0.416374 -1.40736 1.3599 1.44309 0.700666 0.880269 -0.871211 0.444416 -0.356125 -1.37572 1.4359 0.436788 -0.0825429 0.999482 -0.875879 -0.00267616 0.149888 -0.463599 0.718075 -0.606559 -0.15363 -0.0203102 -1.0833 0.0864581 0.668448 -1.16833 0.117671 -0.163866 -0.116441 0.804018 1.11433 1.78466 
-1.16925 0.516337 0.766482 1.022 0.146103 -1.2545 -0.399312 -0.746051 -1.09354 1.17899 1.50708 0.618192 1.01783 -0.552634 -0.53298 -0.186359 0.0620248 0.105643 1.41225 -0.514098 -0.181945 -0.0229353 -1.01246 0.15852 0.93668 0.621584 -1.05423 -0.00047659 -0.39341 -0.49636 1.27015 0.447972 0.0494317 0.919376 0.143054 -0.559478 -0.221361 -0.574634 0.244185 
-1.32099 0.350453 0.802511 1.26856 0.167707 -1.1766 -0.800424 -0.551972 -1.43982 0.60802 1.53318 1.45869 1.37053 -0.816248 -0.445304 -0.24774 0.594924 0.573992 0.200593 0.152828 0.455705 1.07898 -0.732846 -0.445042 -0.246121 -0.394966 -0.559904 -0.352565 -0.293538 -0.684357 -0.147745 1.06667 -0.024904 -0.132648 0.712905 -0.556278 -0.230096 -0.282544 0.206141 
-1.47709 0.266628 0.656909 1.27478 0.441325 -1.15769 -0.3149 -0.486775 -0.2104 0.636158 1.26276 0.386651 0.722574 -0.35161 -0.0514825 -0.262671 -1.14197 -0.334525 0.117899 0.490366 -0.00282013 0.946218 0.281187 -0.466286 -1.27067 -0.346453 -0.590707 -0.213946 -0.0672276 -0.428595 0.0881502 0.154196 -0.142487 0.426918 0.335591 -0.759994 0.134138 -0.266464 0.469214 
-1.46678 0.329568 0.68594 0.775154 -0.0134549 -1.11804 -0.515017 -0.576643 -0.666993 0.823303 1.27709 0.369983 1.11277 -0.136802 0.0905982 0.149565 -1.26789 -0.430409 0.0128791 -0.325275 0.231811 -0.63255 -0.269266 0.663233 -0.0671834 1.00186 -0.43317 -0.060591 -0.295873 -0.51347 -0.122925 -0.36681 -0.369451 -0.237777 1.44535 0.592123 -0.316348 -0.585264 0.129707 
-1.54796 0.328296 0.733518 0.727275 0.209887 -1.1477 -0.515189 -0.366148 -0.749405 0.439907 1.63249 0.304814 1.50669 -0.351837 -0.0490433 -0.189978 0.333946 0.144833 -0.656222 -0.94987 -0.345826 0.902735 0.514357 0.0339701 0.547274 0.525192 -0.336635 -0.204355 -0.223465 -1.25018 -0.183621 0.375703 0.255115 0.21789 0.102725 0.725117 0.0572443 0.23544 -0.33314 
-1.61265 0.310099 0.603434 0.915816 0.0567361 -1.41754 -1.08724 -0.813726 0.0697047 1.21291 1.29817 0.802219 1.52855 -0.413693 -0.429407 -0.489959 -0.71241 0.14488 0.520221 0.655702 0.129861 0.784681 1.24163 -0.556077 0.399506 -1.40682 -0.412623 0.083142 -0.129734 -0.222295 0.565936 0.354476 0.765269 0.129102 -0.631881 -0.452027 -0.0108938 0.718986 0.410452 
-1.7154 0.0878237 0.510437 0.418412 0.280103 -0.903059 -0.131327 -0.308655 -0.110802 1.37324 1.32665 0.613423 0.429547 -0.319055 0.18675 -0.00510247 -0.678644 0.753147 1.15869 1.92552 0.56909 -1.67901 -1.10702 -0.0252069 0.407061 0.00759711 -0.307464 -0.0892472 -0.183119 -0.332728 -0.0385942 0.780792 1.20949 0.562919 1.33904 0.438129 -0.861634 -0.0872252 -0.340524 
-1.74708 0.427635 0.607564 0.621459 0.445898 -0.877579 0.0527726 -0.484235 -1.33883 0.390329 1.28646 1.11715 1.54436 -0.0905822 0.281385 0.212114 0.191986 -0.201419 0.597409 0.881782 0.769662 0.929914 -0.65082 -0.663639 -0.482245 0.992549 -0.24393 -0.272837 0.0464697 -0.654737 0.198649 1.22544 1.81954 0.719407 0.40739 -0.129729 -0.394956 -0.385489 -0.685565 
-1.77015 0.260345 0.616358 0.498086 0.168736 -0.622712 0.387159 0.145043 0.648479 0.891729 0.961212 0.184333 1.20646 -0.0845569 -0.639066 0.0831956 -0.354171 -0.435093 0.600551 0.383532 0.574374 2.21618 0.942856 -0.52062 -0.873473 -0.857008 -0.0324551 -0.0506487 0.205701 0.078433 -0.137764 0.920506 0.978118 0.25517 -0.201559 -1.2306 -0.47443 -0.0106966 0.0803348 
-1.79973 0.065344 0.653072 0.466499 0.212004 -0.595778 0.274563 -0.151471 0.48924 1.10029 1.00027 0.360746 0.892082 0.022034 -0.365432 0.11284 -0.0581547 -0.0117031 0.721823 0.363075 -0.349877 -1.16234 -0.976962 0.00305041 0.497949 -0.876074 -0.30972 -0.500028 -0.163811 -0.484021 0.098956 1.34492 0.784995 0.372176 1.52643 1.09586 -0.30791 -1.22951 -1.37713 
-1.78562 0.0570448 0.675757 0.470297 0.156847 -0.284819 0.596767 -0.0945477 -0.33074 0.166384 0.965161 0.575303 0.539448 -0.423294 -0.189813 -0.331106 -0.406995 0.595737 1.3311 0.617069 0.0278077 -0.264752 0.522415 0.100488 -0.678644 -0.864541 -0.203851 -0.440184 -0.252793 -0.54583 -0.307513 0.223532 0.213456 -0.104839 -0.756589 0.23686 0.0591657 -0.114529 0.395891 
-1.97052 -0.0359159 0.504432 0.288845 0.518628 0.0239236 0.635418 -0.157176 0.255846 1.49592 1.0582 -0.232656 0.233978 -0.362144 -0.364257 -0.498702 -0.801365 -0.469444 -0.408301 -0.0853372 0.208461 0.228461 1.30018 0.10688 -0.61581 1.3905 -0.460728 -0.327115 -0.146931 -0.282026 0.191792 1.12077 0.822803 0.437704 -0.608889 -0.649409 -0.0416963 -0.0965569 0.151365 
-1.93508 -0.145573 0.448579 0.123218 -0.09506 -0.469642 0.539356 0.011619 -0.154312 1.14349 1.02664 0.0344684 1.62387 -0.323815 -0.352467 0.109364 -0.0327489 -0.28851 0.277102 0.431351 0.676523 -0.482461 -1.3775 -0.136204 0.5839 1.07059 -0.465324 -0.265246 -0.559159 -0.452313 0.263948 0.932228 0.425671 -0.356152 0.494089 1.29769 0.418253 -1.1736 0.212026 
-2.10661 -0.231683 0.562202 0.271971 0.361595 0.15612 0.885683 0.238844 -0.158448 0.471124 0.984997 0.230223 1.0712 -0.392247 -0.0754773 -0.362129 0.0906539 0.890602 1.74445 0.631478 -0.741638 0.418279 0.433423 0.521576 -0.864395 -1.10795 -0.0819031 -0.268106 -0.234343 0.0666124 0.208923 0.665332 0.934967 0.649174 0.16542 0.377394 -0.072533 -0.608191 0.31002 
-2.09504 -0.1804 0.285401 0.159359 0.366177 0.341244 0.908792 -0.470575 0.17984 1.47259 1.31788 -0.714339 0.777681 0.176921 -0.0920074 -0.466622 0.147771 0.622787 0.673922 0.758931 0.357459 0.713827 1.88756 0.0559594 -1.33679 -0.664459 -0.256991 -0.356812 0.0853722 0.0727729 0.884291 1.23492 -0.128897 -0.467772 0.0148731 0.244262 -0.0266903 -0.284509 -0.788137 
-2.06806 -0.276115 0.350057 0.33265 0.682403 0.471857 1.33101 0.43728 0.421282 1.88738 1.01826 -0.913803 0.567706 -0.0320588 -0.516025 0.500534 0.0341707 0.510042 0.0284787 -0.786736 0.0344624 -0.377176 -0.100363 -0.535623 0.527878 0.129184 0.142902 -0.120251 -0.0470058 0.0622592 0.0481956 0.156047 0.0992885 -0.0164854 0.829417 1.24959 0.453965 -0.408481 -0.72625 
-2.12938 -0.471201 0.526479 0.171235 0.627867 0.358445 0.433714 -0.472159 -0.14697 1.40262 1.02337 -0.29833 0.887453 0.0323688 -0.107404 0.399798 -0.0396758 -0.54229 -0.457779 -0.625588 -0.361144 0.356704 -0.217904 0.624065 0.840799 -0.236259 0.194799 -0.229652 -0.00765482 -0.155948 0.148976 -0.0287592 -0.494194 0.269363 0.47149 0.253634 -0.782528 0.236272 0.181378 
-2.07993 -0.329493 0.543929 0.3128 0.392299 0.264148 0.951897 0.190712 0.70427 1.72952 1.36629 -0.235994 0.395091 0.323575 0.135287 -0.506351 -0.273296 -0.270419 -0.0790048 0.169463 0.407449 0.995355 0.445882 -0.569863 -0.194486 0.114718 -0.00384729 -0.172944 0.0348094 -0.323297 -0.119485 0.0338507 0.00248236 -0.198056 -0.882477 -0.320537 0.280163 0.74116 0.481579 
-2.03968 -0.383567 0.295717 0.0510195 0.48032 0.325931 0.528031 -0.242766 0.666688 1.74103 0.709895 -0.486672 0.986048 -0.0555904 -0.179343 -0.339782 -0.46574 0.35803 0.497597 0.636493 0.0744159 -1.44968 -0.199943 -0.195013 0.14206 0.858748 0.189383 0.0353654 -0.11669 0.442078 -0.0654872 0.0271236 1.38028 1.09258 1.11896 -0.0359464 0.613652 0.682105 0.25339 