-0.500399 -0.193023 -0.0533771 0.225125 0.950236 0.510457 0.799814 0.80669 1.55675 1.07928 0.830227 0.689527 0.151466 -0.0550757 -0.518932 -0.60628 -0.473279 0.0352775 0.0718303 1.21569 1.63359 -0.166502 -0.999807 -0.125761 -0.849989 -0.223827 0.594067 -0.68404 0.089774 0.0696884 0.0105541 -0.184441 0.0106351 1.54292 -1.75947 0.558868 1.35579 -1.0348 0.0388097 
-0.417341 -0.244516 0.0415811 0.439738 1.0379 0.609692 1.02482 1.15848 1.15515 0.365156 0.828748 0.562023 0.0739559 1.30971 -1.27418 0.241208 0.384833 -0.0322261 -0.500304 0.038184 2.34605 -1.39347 -0.215988 0.85201 -1.36757 -0.0944708 -0.0671737 -0.485816 -0.0168367 -0.723069 0.0296314 0.0494231 0.9854 0.778384 -0.26435 -0.192147 0.513988 -0.770424 -0.183351 
-0.0785845 -0.820828 0.0454725 0.380075 0.929944 0.271396 0.8094 2.36753 0.720045 0.922295 1.27125 -0.383494 0.0940371 -0.0574476 -0.225226 0.580988 -0.580727 0.00644754 0.00288638 0.0188373 -0.634614 -0.162524 0.753104 0.818777 -0.0468029 -0.00763413 -0.0559211 0.340854 0.712569 0.687636 0.757367 0.477773 0.369512 -0.662845 -0.0178466 -0.334398 -0.00984146 0.741761 0.305429 
-0.455989 -0.353385 0.274897 0.203787 1.03684 0.607341 1.02591 0.732256 1.06167 0.904783 1.25257 0.525073 0.0763672 -1.40335 1.80328 0.855592 0.618358 1.09106 1.19382 0.425395 -3.20157 1.36682 -0.215277 -0.859612 2.22229 0.46952 -0.33055 0.440461 0.401735 -0.262846 -0.0184775 -0.0704123 0.196383 -0.371286 0.670378 0.436812 -0.108381 0.521721 -0.275822 
-0.570534 0.0738367 0.387462 0.629568 1.46826 0.829285 0.989168 0.230038 1.54995 0.765821 0.825946 1.35953 0.425262 -0.497185 0.907736 0.0376356 0.197852 -0.0319613 -0.101287 0.228026 0.154252 0.980069 -0.183764 -0.958175 0.646656 -0.338572 -1.10651 1.47064 0.421524 -0.273027 -0.0668957 0.451201 -0.0407012 -1.87005 1.71148 -0.906189 -1.96539 1.36834 0.771649 
-0.642741 0.0982412 0.293184 0.283039 1.01668 0.555986 1.11893 0.831933 1.65806 0.770961 0.756219 1.0321 -0.149275 -0.453828 0.465929 -0.206526 -1.01608 -1.18425 -0.53869 -0.475304 0.792676 0.727786 -0.957858 -1.76351 -0.641831 0.484046 -0.529944 0.990063 0.279106 -0.187431 -0.691829 -0.433374 -0.31764 -0.223589 0.95212 0.0812577 -0.631626 0.445968 -0.438403 
-0.742683 0.306893 0.309123 0.217366 0.87507 0.572167 0.773074 0.755323 1.99402 0.0755572 -0.0874303 0.855816 0.766497 -0.392154 0.621281 0.392341 -0.470751 -0.934654 -0.521456 -0.624596 -0.444565 0.183071 0.29179 0.11894 -0.134545 -0.209376 -0.401257 0.328749 -0.391771 -1.20214 -0.888026 -0.747048 -0.0832462 0.972403 0.50861 -0.571285 -0.518418 -2.17862 -1.12377 
-0.794118 0.408153 0.451844 0.0916108 0.547618 0.306974 0.837221 0.532407 1.77324 0.978982 0.817638 0.926323 -0.285887 -0.219495 0.0445215 -0.395552 -0.736542 -0.0565809 -0.537193 0.372139 0.455959 -0.108671 0.219244 1.07569 -1.88602 -1.88244 -0.375926 0.348277 0.0924806 -0.176287 -0.493242 -0.69668 -0.576928 0.243328 0.645723 0.0180165 -0.475733 -0.117368 0.32686 
-0.835908 0.331473 0.155977 -0.0816666 0.842666 0.315753 0.929435 1.05613 1.93306 0.231429 0.469427 -0.623898 -0.523046 -0.238647 -0.0807536 -0.249463 0.214104 0.245591 -0.481665 -0.0965391 0.755059 0.60423 -0.265816 -0.749669 -0.00583512 0.611019 -0.113056 0.755637 0.432672 -0.284302 -0.673541 -1.64265 -1.75298 -1.42505 -1.98565 -0.446544 -0.0250919 -0.159008 0.193625 
-0.893794 0.370757 0.356512 0.177443 0.665483 0.076682 0.787596 1.03261 2.14271 0.786179 0.429263 0.921509 0.142847 0.0299531 1.12343 1.06177 0.322378 -0.884474 -1.8325 -2.5654 -2.29226 -2.33177 -0.796013 -1.10369 1.69741 2.11876 0.577118 1.08432 0.0825513 -0.0908988 -0.907179 -1.12781 -1.09868 -1.05851 -1.49855 -2.35009 -1.67402 -0.761553 1.09177 
-0.845119 0.889806 0.579561 0.0479994 0.398554 -0.549998 -0.205268 -0.475165 0.529827 -0.342495 -0.102274 0.707389 0.94469 1.20765 1.75495 0.377066 -0.346232 -1.51319 -1.14427 -1.2777 -2.11971 -2.44717 -2.78071 -1.48376 -0.880681 0.739773 0.755974 1.11139 -0.0319021 -0.828429 -1.73876 -0.329963 -1.41655 -2.34086 -2.75431 -1.94646 -1.56072 -0.0614195 0.91087 
-0.506356 1.24151 0.509127 0.0364253 -0.0912851 -0.465313 0.218843 -0.383654 0.669804 -1.21441 -0.339248 0.230428 0.660307 1.23928 0.592459 -1.11024 -1.53003 -1.54537 1.35915 0.793265 -0.722459 -1.05154 -1.72683 -0.97819 -1.77299 -0.992434 1.91153 0.963283 -0.498835 -1.6609 -1.99627 0.349645 -0.84868 -1.8913 -2.08653 -1.40192 -1.01132 -1.13866 -0.276515 
-0.447027 1.18546 0.143581 -0.572272 -0.374219 0.0856612 0.13618 -0.95995 -0.100423 -1.58551 -0.608984 -0.683656 0.268462 2.00133 -0.267178 -1.14385 -2.0754 -1.27656 1.6527 0.216402 -0.316531 -0.117002 0.964389 0.136689 -0.442626 -1.08684 2.5442 -0.0153212 -1.42675 -1.74077 -2.62578 2.18639 1.03275 -0.216026 0.838081 0.9155 -0.135485 -0.375074 -2.18845 
0.148399 1.11189 0.0598469 -0.804636 -0.730377 0.308438 0.306757 -0.597826 0.603808 -0.522901 -0.268638 -0.117023 -0.0809762 3.03171 -0.611952 -1.08401 -1.00807 -2.12421 1.80268 0.500533 0.441877 2.07479 2.91724 0.80254 1.33412 -1.72709 2.96072 -1.26341 -2.05402 -2.31889 -1.90145 2.71729 0.939315 -0.0191192 0.642912 2.15487 0.334455 0.00279354 -2.8229 
0.554762 0.88527 -0.282019 -0.981231 -1.43484 0.929969 0.348971 -0.668527 1.15694 0.509756 -0.193575 0.362647 -0.91403 2.96883 -1.67465 -2.01537 -1.30576 -1.38067 2.27608 0.960432 0.28932 0.900857 1.83405 0.316203 0.441425 -2.41995 3.26626 -1.72537 -1.93931 -1.21135 -0.700715 2.28955 0.314901 0.588885 1.9525 2.72469 0.600084 1.26424 -2.16424 
1.12901 0.285966 -0.734337 -1.33411 -1.42124 1.37544 0.721676 -0.408106 1.15238 0.793738 -0.10507 0.229014 -1.74093 2.45135 -2.04139 -1.89874 -0.757991 1.14517 1.50818 -0.105314 0.313263 0.315456 0.620503 0.00562786 0.125769 -0.962381 2.72649 -1.68995 -1.88122 -0.411539 0.453045 1.80221 -0.868352 0.0484659 0.61413 1.19806 -1.05213 -0.0253598 -1.48372 
1.36108 -0.122086 -1.03004 -1.28895 -0.869622 1.63573 0.29549 -0.462845 1.35206 0.954065 -0.190833 0.46107 -1.56955 1.60815 -0.92414 -0.878016 0.70605 2.01417 0.330756 -2.04636 -0.229566 -0.152308 -0.277024 -1.71786 -0.475235 0.574909 2.25753 -1.52459 -1.89309 0.097118 2.52796 0.778073 -1.29706 -0.376241 -0.880227 -0.378345 -1.58543 0.0418905 0.326062 
1.65134 -0.168668 -1.07842 -1.04912 -0.423872 1.52732 -0.184904 -0.564302 1.06506 0.592878 -0.994806 -0.144018 -1.33708 1.33843 -0.302712 -1.01292 0.900044 2.38831 -0.380834 -1.51725 -0.800002 -1.39994 -1.10879 -2.12056 -0.0816858 1.36303 1.29855 -0.603593 -1.34503 0.805326 2.45466 -0.0747798 -2.18256 -0.379216 -0.63912 -0.900899 -2.03376 0.00469302 1.53898 
1.79257 -0.269289 -1.42751 -0.925416 0.313806 1.45287 -0.378546 -0.999324 0.51145 0.15531 -1.2891 0.396756 -0.622591 0.571855 -0.00142016 -1.19051 0.468765 1.41686 -0.435466 -0.68464 -0.261001 -0.636426 -0.889249 -0.996717 0.476234 1.33081 0.814056 -0.0141177 -0.916074 0.734845 2.12723 -0.200665 -0.272622 0.0405972 -1.06519 -1.30512 -2.0095 -0.33341 2.20168 
1.82464 -0.166817 -1.54617 -0.860189 0.276462 1.31876 -0.493002 -0.741456 0.685449 -0.0480665 -1.51111 0.229324 -0.412326 0.0282952 0.285072 -0.395728 0.171991 0.585097 0.0942678 1.17704 0.849631 0.0885726 -0.581946 -0.561574 -0.308928 1.36501 0.122946 -0.0464225 -0.871991 0.489554 1.45869 -0.487085 0.458758 -0.600539 -1.8911 -1.43484 -0.531789 0.430774 1.94306 
1.7828 -0.125705 -1.58073 -0.856633 0.600505 1.49351 0.131571 -0.436071 0.569576 -0.264737 -1.58007 0.154183 0.325726 -0.36524 -0.0659761 -0.150315 0.245567 0.622165 -0.26487 1.25993 -0.514354 -1.68803 -0.969788 0.291014 0.0182788 1.07632 -0.0842847 0.344415 -0.345235 0.312026 0.62886 -0.353672 1.21693 0.973728 0.355236 -0.426571 -0.127533 0.162027 0.901114 
1.68233 -0.196902 -1.60226 -0.76162 0.581595 1.19046 0.0535486 -1.08751 -0.329103 -0.746905 -1.36059 0.243427 0.337057 -0.169541 0.249506 -0.13476 0.283457 0.294133 -0.601871 0.347303 0.400708 0.342408 0.0310907 0.39656 0.49216 -0.25079 -0.327606 0.199296 -0.0225846 0.49674 0.745359 -0.858238 0.234943 0.119812 -1.07876 -0.685138 0.0776112 0.402825 0.438304 
1.7064 0.000283743 -1.63066 -0.742725 0.74251 1.20667 0.277017 -0.172093 0.780963 -0.244115 -1.37489 0.540019 0.160575 -0.184452 0.37704 0.116181 0.479245 0.419889 -0.971642 -0.964801 0.665914 0.360012 0.0834546 -0.181649 0.443862 -0.536395 -0.272099 0.268825 0.198493 0.329499 0.214285 -1.48484 -0.0193452 0.189501 0.133468 -0.694963 0.103579 0.0608891 -0.598981 
1.6009 -0.00782059 -1.55289 -0.568447 0.786137 0.729669 -0.377682 -0.646729 -0.107086 -0.688642 -1.45482 0.591375 -0.0249085 -0.286975 0.168647 0.440723 0.197472 0.00567094 -1.53985 -0.370479 -0.159475 -0.183456 -0.930172 -0.252463 -0.426072 -0.496413 -0.317344 0.28538 0.25122 0.571813 0.0790033 -1.38865 -0.150521 1.22673 1.20248 -0.834859 0.437274 -0.438548 -0.727818 
1.59045 0.0862703 -1.45286 -0.663626 0.741063 0.478589 0.106994 -0.281564 0.674843 -0.914476 -1.5058 0.205553 -0.173838 -0.348014 0.0666126 0.270897 0.355045 -0.30916 -1.03111 0.777425 0.909979 1.11023 -1.16404 0.772061 -0.956253 -0.370677 -0.657376 0.111873 0.260579 0.415012 -0.12355 -1.21704 -0.330026 -0.0864197 0.218709 -1.76664 0.15852 -0.605337 -1.13166 
1.46439 0.0276876 -1.44229 -0.425556 0.628127 0.240908 -0.0431956 -0.0432442 0.567898 -1.52712 -1.0552 -0.158988 -0.272675 -0.816275 0.00776516 -0.0392492 0.408158 -0.178039 -0.215003 -0.0415943 0.0456655 0.446968 -1.35936 0.470043 -0.279504 -0.911774 -0.428934 0.486073 0.493096 0.744343 -0.405236 -0.433332 1.5118 0.485815 1.4982 -0.714954 -0.0285 -0.193632 -1.61818 
1.29622 0.0926656 -1.465 -0.499233 0.648259 0.373739 0.0815174 -0.254277 0.949361 -1.89335 -1.26257 -0.0139381 -0.794482 -0.371769 0.686151 0.488273 0.730841 -0.256902 0.408426 1.11602 -0.287464 0.722746 0.239026 -0.804619 0.727539 -1.64122 -0.71306 0.415662 0.664803 1.42961 -0.607389 -0.111229 0.993625 1.05027 0.123637 -0.607847 -0.102627 -0.42377 -1.33499 
1.31988 0.369692 -1.24566 -0.130526 0.496104 0.429331 0.440104 -0.238039 1.00893 -1.35703 -1.47203 0.41149 -1.39599 -0.380448 0.636549 1.06257 1.67704 -0.670559 0.0576378 1.28641 1.30317 -0.300076 0.573305 -0.601745 -0.21577 -0.748714 -0.748477 0.933368 1.02574 0.888647 -0.342501 0.0560239 0.114436 0.163288 -0.038249 0.553489 -1.26253 0.297686 -0.690564 
1.14879 0.410131 -1.0411 0.17886 0.310526 0.397145 0.639706 0.611328 0.772829 -1.48297 -1.57434 -0.183434 -1.30276 -0.884405 0.755544 1.0903 0.56548 -0.221479 -0.324173 -0.971733 0.494967 -0.774429 0.481698 -0.878447 -0.387178 0.780377 -0.733281 1.05201 1.26851 0.759956 -0.462674 0.0873034 -0.0676604 0.63269 -0.309475 0.913816 -0.830822 0.200316 0.0280279 
1.00271 0.746025 -0.81079 0.0975586 0.381697 0.273125 0.00582737 0.0887762 0.545988 -1.01249 -1.92709 0.107534 -0.850551 -0.850217 0.987884 0.889477 -0.568384 0.0242199 0.0718017 -1.37007 -0.49166 -0.0843022 0.614925 -0.503913 0.443351 0.779546 -1.12677 0.673173 0.453819 -0.265036 0.372893 0.505294 -0.775301 0.111545 -0.943087 0.0720811 -0.861501 0.291041 1.08184 
0.843136 0.901407 -0.685699 -0.0520939 0.318304 0.427213 0.0303592 0.280406 0.726576 -1.04267 -1.83546 0.164114 -0.757891 -1.00677 0.285395 -0.391553 -0.951548 0.74296 1.05745 0.00228294 -0.354045 -0.387161 -0.385577 -0.268243 0.719843 0.558095 -1.15839 0.858661 0.363819 -0.868992 0.84695 0.38737 -0.638692 -0.98827 -1.162 0.402979 0.699826 0.948768 0.822647 
0.64433 0.889769 -0.962353 -0.288518 0.746901 0.766862 -0.00036492 -0.150405 0.316875 -1.29138 -2.06616 0.671974 -0.458288 -1.09405 0.338746 -0.329182 -0.69842 1.15982 0.491121 0.571618 -0.782609 -1.34582 -0.089481 1.44549 0.651135 0.237302 -0.816627 0.36756 0.16488 -0.156877 0.33467 1.19216 -0.246229 -0.517197 -0.535244 -0.36178 1.013 1.43031 0.693067 
0.455358 1.07154 -0.812579 -0.335693 0.890811 0.654537 0.274392 -0.244479 -0.0813557 -1.10872 -1.08711 0.674657 -0.586691 -0.363799 0.284833 0.645808 0.723206 -0.274902 0.668087 -0.309463 -0.31407 -0.274154 -0.0812153 1.62869 0.932391 0.297961 -0.819225 0.317932 -0.0741999 -0.501636 0.791585 0.260137 -0.746704 -0.661945 -0.840863 -0.488102 0.711432 0.592139 0.49343 
0.502503 1.03323 -0.703385 0.00342115 0.605926 1.07743 -0.143571 -0.362936 0.155994 -1.35149 -1.22295 1.40315 -0.245287 -0.280882 0.155043 0.215645 -0.0326765 -0.05316 -0.112002 -1.50527 -0.0717601 0.30962 -0.541209 -0.488389 0.0302804 0.371031 -0.629492 0.64942 0.130657 -0.339885 0.422212 -0.492433 -0.636878 -0.107376 0.15279 -0.0481361 0.960293 0.0289004 -0.259257 
0.341457 1.1508 -0.723845 -0.349769 0.860108 0.598141 -0.394377 -0.295474 0.110235 -1.49948 -1.34019 0.698174 -0.323336 -0.692645 0.71952 -0.4442 -1.21842 0.865313 -1.37615 -0.486715 0.173295 0.456807 0.0213599 -0.338742 -0.903354 -0.623612 -0.442399 0.26542 -0.158506 0.0634623 -0.124813 -0.258632 -0.346996 -0.00965823 0.0875531 0.0314116 -0.134502 0.150011 -0.897572 
0.249919 1.39175 -0.875783 -0.490699 1.03198 0.42636 -0.36468 -0.250565 0.436452 -1.33786 -1.39853 0.69428 -0.667354 -0.461502 0.257867 -0.458875 0.12565 -0.120972 -0.258304 1.07195 0.0567233 -0.20699 0.584562 0.314055 0.139035 -1.48875 -0.508923 0.517784 -0.291686 -0.882892 0.218236 -0.753924 -0.0445923 -1.07753 0.246495 0.427899 -1.48145 -2.60535 -1.35851 
0.166723 1.28093 -0.902051 -0.299747 0.795682 0.472921 0.0695563 -0.260815 -0.0100939 -1.08101 -1.17773 0.807003 -1.34158 -0.161409 0.0820855 -0.00391 -0.0686499 -0.559987 0.290331 0.431935 -1.56241 -0.159211 0.536416 -1.63712 -2.11877 -1.06606 -0.404762 0.0260945 -0.128995 0.0737412 0.392732 0.692058 -0.00666568 0.576813 0.0981683 0.478938 -0.895042 -0.972376 -0.622404 
0.176257 1.43491 -0.873938 -0.519338 0.74923 0.559228 -0.182038 -1.29531 0.344971 -0.953999 -2.24646 -0.96801 -1.39432 -0.217705 -0.213571 0.261042 -0.017687 0.67018 1.26139 -1.07926 0.682884 0.322641 0.0394338 -1.50561 -1.26974 0.712478 -0.394174 -0.488568 -0.0329589 0.610323 0.2111 1.02382 1.58533 0.363482 0.130962 -0.164759 -0.657287 -0.58753 -0.29625 
0.0741002 1.17782 -0.795352 -0.307755 1.12469 1.06259 -0.411979 0.191276 0.189358 -1.05439 -1.95756 -0.189273 -0.842929 -0.500024 -0.830483 -0.0461834 0.959097 0.85534 1.19203 1.55355 2.02752 0.315089 -0.747584 0.763568 1.43382 0.694509 -0.321507 0.0158453 0.0841865 -0.456564 -0.532683 -0.0176981 0.00887494 0.132755 1.14575 -1.18983 -0.519744 0.286716 1.41429 
-0.0114509 1.02661 -0.888822 -0.1319 1.17032 1.11627 0.49356 0.053186 0.539863 -1.49311 -1.85123 0.156501 -0.908053 -0.321748 0.242081 -0.130924 -0.647683 -1.41437 -1.28363 1.09141 -0.51467 1.07802 -1.58058 0.816012 1.5974 1.03851 -0.402327 -0.0306927 0.151694 -0.0698865 -0.371988 -0.140777 0.280979 1.33158 0.182813 -0.850235 1.08211 0.903972 0.369634 
-0.0535642 1.30014 -0.843772 -0.570813 0.417068 0.455038 0.0605044 -0.154986 0.844892 -2.19228 -1.53517 1.06356 -0.119602 -0.175095 0.787314 0.280154 -1.06058 -1.37493 -1.39208 -1.20079 -0.316707 -0.0956085 -0.352955 0.689304 -0.391216 -0.23979 0.899469 -1.35896 0.40903 0.565824 -1.38073 -0.0277648 0.12974 0.356936 -0.263502 0.443719 1.95865 -0.592723 0.987581 
-0.0897223 1.41866 -0.77456 -0.562119 0.482305 0.457704 -0.041391 -0.161103 0.486784 -1.74855 -1.49446 -0.150621 -1.06562 1.83185 -2.33107 0.760771 1.47324 -0.51508 1.24684 -0.927966 0.97135 -1.406 2.15888 1.80922 -2.28836 0.182994 1.91995 -2.3987 1.45786 0.170724 -0.488577 -0.367304 -0.598557 1.3841 -1.58656 1.45808 2.67292 0.802288 2.48798 
0.544109 0.149471 -0.539307 0.0247728 0.156655 1.03787 -0.354537 0.489411 0.000621749 -0.642139 -0.598469 -0.73177 0.0141743 3.39821 -4.47773 1.96318 1.30997 0.69239 0.86478 0.452585 2.0951 -1.85529 2.24734 2.89127 1.31604 3.32309 1.47445 -3.11216 1.24669 0.760566 -0.278877 0.497573 0.376441 2.77527 -0.567082 1.90579 2.47973 -0.581003 1.14917 
1.0355 -0.793992 0.0057531 -0.0326297 0.822361 0.860805 0.150327 1.23245 -0.628756 -0.134825 0.00255734 0.881501 1.23204 0.64343 -2.45823 1.1577 -0.363695 0.125623 -0.524719 1.40022 2.59713 0.705635 0.316382 1.51296 1.61097 1.23903 1.09567 -2.83138 0.613806 1.04436 -0.172682 0.316672 -0.227317 1.75129 -0.683629 1.07615 2.47075 -0.259281 1.52213 
0.741518 -1.0641 -0.077759 -0.123314 0.21486 0.787323 0.25367 2.21764 0.431319 -0.416441 0.184818 0.531711 0.875681 -1.55876 0.120895 -1.01831 0.21342 -0.933426 -0.40399 -0.736092 0.155769 1.01196 -0.848486 0.418902 -1.62079 -1.43829 -0.14855 -0.449733 -0.0574598 0.847762 1.01786 -0.770469 -0.246028 0.926179 0.68382 -0.911 0.618435 0.973097 0.280389 
0.491209 -0.731629 -0.393847 0.0529252 0.353906 0.667052 -0.180385 1.33313 -0.0131061 -0.746469 0.219306 -0.390155 0.248569 -0.892553 1.76965 -1.24549 1.60039 1.29729 -0.584999 -1.70715 -1.40797 0.128398 -1.49576 -0.680247 -0.488307 -0.895053 -0.971888 1.5391 -0.676112 0.314814 -0.793794 -0.29774 -0.891601 -0.600227 1.13958 -1.48321 -0.227831 -0.759687 -0.729089 
0.421606 -0.186074 -0.567263 0.52375 0.855731 0.50842 -0.503824 1.27585 0.513491 -1.49336 -0.167608 0.148426 0.266559 -0.0724374 2.25376 -0.0211853 0.246094 -0.175698 -0.0228133 -0.378937 -0.930723 0.381119 -1.07331 -0.718064 0.736438 0.529636 -0.295817 2.03547 0.05166 1.23253 -0.516262 -0.486635 -1.40681 -3.79045 -0.687522 -1.48126 -0.671191 -0.326069 -0.570602 
0.447513 0.385898 -0.398839 0.151708 0.262266 0.652612 -0.354125 0.709509 0.221654 -1.51972 -0.152703 0.187302 0.621221 0.396223 1.36953 1.32557 0.19741 -2.01853 -0.114686 -0.0527967 -3.47202 -0.976503 -0.423496 -0.211904 0.106196 0.183065 0.24038 1.56247 -0.53717 0.127661 -0.398195 -0.000594657 -2.20832 -3.29373 1.64444 0.439214 -1.38724 0.907627 1.19032 
0.535755 0.49401 -0.0392821 0.602823 -0.152341 0.450761 -0.534224 -1.04193 -0.0714557 -1.79951 -0.277511 0.231494 0.400384 0.476181 0.156893 -0.804568 -0.0595012 -0.380523 0.0252732 -2.3843 -3.31011 1.63124 1.64577 -1.1318 0.310396 0.943451 0.499624 1.00819 -0.403037 -0.977863 -1.10237 0.289059 -1.37663 -2.94825 1.55625 1.65887 -1.19814 -0.860937 0.986426 
0.588593 0.466069 -0.713851 0.126772 0.0687667 0.660792 -1.40923 -1.50034 1.21121 -0.338424 -0.73896 0.430554 1.27904 0.442693 0.187402 -1.94498 -1.62298 0.478126 0.535586 -1.66937 -0.324267 2.88069 2.5784 -1.38504 -1.10782 1.03701 0.478368 0.0582096 -0.813496 -0.149515 -0.877483 -0.0573205 -1.65554 -2.46428 1.61991 1.46555 -0.843124 -1.43748 0.00336073 
0.665556 0.589275 -0.805607 -0.0550781 0.0811625 0.699002 -1.27512 -1.26126 1.6725 0.0521917 -0.9949 -0.637768 1.12267 0.327054 -0.0631329 -0.446277 -0.158105 -0.845569 -0.104761 0.313004 0.136584 0.351034 0.258308 0.0096931 -1.97982 -0.943228 0.333106 -0.318991 -1.23825 -0.665921 -0.630126 0.191256 -0.67218 -0.317808 1.72983 1.66153 -0.375409 -2.19231 -0.340542 
0.679446 0.43739 -0.887071 0.0619172 -0.355998 0.607803 -1.27886 -1.41245 1.42781 -0.154471 -0.734113 -1.12274 0.636719 0.116702 -0.674613 0.0407033 0.652308 -1.3585 -0.255973 0.829 -0.0872824 -0.763576 -0.420046 0.888491 -1.43588 -1.46353 0.210627 -0.283718 -0.234007 0.312818 -1.22886 -0.190451 0.646644 0.498844 0.214643 -0.0902994 -0.152879 -2.53128 -1.45355 
0.685562 0.258086 -0.786106 0.208158 -0.598681 0.574879 -0.917961 -1.32261 1.21611 -0.251476 -0.534983 -1.76437 0.121811 0.0267451 -0.36975 0.0868975 0.614708 -0.871619 -0.16705 0.497477 0.502697 -0.0925106 -0.372869 -0.208607 -0.956508 -0.864384 0.124695 -0.147214 0.358754 0.96587 -1.05581 0.193606 0.835472 -0.766605 -1.1423 -0.485291 0.762537 -0.564522 -0.349828 
0.669155 0.257022 -0.849289 0.309931 -0.793717 0.52551 -1.06742 -1.08048 1.3766 -0.424226 -0.842308 -1.8733 0.0487324 0.0928498 0.451976 0.511801 0.756626 -0.11683 0.538981 0.217848 -0.901759 -0.642374 -0.206996 0.136956 0.777581 1.02549 0.0690237 0.0942575 0.717358 0.451821 -0.720545 0.499801 0.610571 -1.07527 -1.13636 -0.0181129 0.142983 -0.484895 0.196211 
0.697535 0.48424 -0.58017 0.513627 -0.661047 0.824717 -0.829412 -1.92692 0.832906 -0.401998 -0.464235 -1.15464 0.836161 0.0893555 0.519032 1.01727 0.0445995 -0.135129 0.892393 0.26785 -1.88892 -1.30615 0.351967 0.405406 0.390435 1.10391 0.00495771 0.348955 0.571242 -0.658128 -0.620734 0.663256 -0.380127 -0.964017 -0.460055 0.608974 0.121492 -0.0780386 0.900345 
0.679951 0.51635 -0.443316 0.32714 -0.865182 0.9416 -0.95689 -2.34289 0.59262 -0.172949 -0.632548 -1.56726 0.817123 -0.0842918 0.0895959 0.367587 -1.71593 -0.750421 0.422493 -0.692636 -0.341303 0.0732881 0.999708 0.0310992 -0.872407 0.0877725 -0.235564 0.311086 0.621345 -0.382255 -0.184387 0.911636 -0.0220204 -1.5514 -0.0119637 1.63752 1.54578 -0.150972 0.465028 
0.649847 0.531118 -0.431307 -0.181906 -1.03849 1.01976 -1.14102 -2.15761 0.881804 0.314895 -0.448303 -1.83923 0.904319 -0.484543 -0.0357871 -0.0608058 -0.601605 -0.122266 0.427896 -0.294375 -0.109955 1.28671 1.77523 1.66762 -0.569738 -0.530818 -0.213664 0.353571 0.238162 -1.00645 -0.665037 0.233636 -1.1177 -1.43287 0.170995 1.21541 0.306966 -0.968085 0.0363414 
0.497457 0.501199 -0.463987 0.0827364 -0.930251 1.13918 -1.09346 -2.41934 1.37416 1.10141 0.230828 -2.01443 0.459001 -0.274134 0.459085 -0.0005987 0.248681 -0.178749 -0.0816585 -0.70541 -1.50506 0.131695 0.579826 0.385027 -0.253327 -0.046625 -0.230613 0.538649 0.35396 -0.358527 -0.0100703 0.497975 0.103554 -0.16515 0.984352 1.38635 1.33927 -0.149247 0.29617 
0.538219 0.760789 -0.428151 -0.0820753 -1.13165 0.977635 -1.45825 -3.16411 0.965966 0.729965 -0.249096 -2.03819 0.879861 0.0976661 0.869528 0.605934 0.0792011 0.108502 0.294808 0.425039 -0.105161 -0.0840329 0.0260931 0.129203 0.392433 0.894378 -0.395631 0.619006 0.961363 0.710654 -0.328425 0.0833588 0.190323 -0.656281 -0.225447 0.858261 1.55637 0.193654 -0.30869 
0.511052 0.933923 -0.220799 0.113953 -0.88056 1.27416 -0.913853 -2.49261 1.32807 1.11844 0.297561 -1.70682 1.083 -0.389745 0.498424 1.48013 0.788076 -0.27996 0.2054 0.944688 0.657975 -0.413002 0.536324 1.70217 0.473192 -0.340366 -0.249191 0.719038 1.11364 1.07984 -0.0965436 -0.509162 0.410192 0.280569 -0.891015 -1.0076 -0.625451 0.047793 1.47067 
0.387652 1.00992 0.160999 0.236126 -1.27514 1.07055 -1.05025 -2.72863 0.721251 1.11376 0.632169 -1.66723 0.652982 -0.515728 0.242051 1.10786 1.49594 -0.243124 -1.02704 0.0894617 0.463576 -1.01368 -1.3308 -0.960177 -0.341513 0.926583 -0.408418 0.321996 0.976079 1.3108 1.00636 -0.242504 0.328864 0.757547 0.393209 0.0959393 -0.617722 -0.347682 0.666702 
0.318054 1.05622 0.221025 0.718729 -1.00573 0.787312 -0.88173 -2.18672 0.720673 0.160093 -0.199822 -1.97495 1.7292 -0.295598 0.00162416 0.02204 1.12386 1.68679 -0.552407 -0.531991 0.314193 0.890561 -0.409249 -2.52281 -0.880337 1.16371 -0.565338 0.285327 0.563298 0.90746 0.796197 -0.68995 -1.40529 -0.501462 0.0521872 0.201548 -1.35002 -0.731668 0.328029 
0.268795 1.01328 0.173114 0.690268 -0.440573 0.806979 -1.29126 -2.52233 1.2636 0.817857 -0.674393 -2.35804 1.46258 -0.433025 0.20152 -0.240693 -0.172182 1.35623 0.0336383 -1.84751 -1.11144 1.07293 1.5949 -0.839898 -0.510388 -0.52349 -0.52077 0.23159 -0.0734756 0.113151 2.05667 -0.991953 -1.04025 -0.460923 0.403455 0.308154 -2.30377 -0.350071 0.0308135 
0.152912 1.15847 0.129165 0.648175 -0.335551 0.799427 -1.70091 -2.93082 1.37314 1.30483 -0.63492 -2.37556 1.37612 -0.578342 0.359179 -0.134463 -0.958426 1.188 -0.877272 -0.769114 -0.909897 -0.400433 0.811662 -0.552903 0.470425 -1.12942 -0.751821 -0.137602 0.95155 -0.771344 1.55172 -0.438288 -0.820992 -0.205737 0.25607 1.56951 -0.682624 0.0877447 -1.3065 
0.0547095 1.19352 0.123293 0.301407 0.145945 0.390585 -1.63649 -3.13207 1.02648 1.39958 -0.960876 -1.98926 0.691955 -0.828762 -0.409352 1.70513 -0.952224 0.812819 -0.66348 0.820866 0.844101 -0.763593 0.444062 -0.0675457 0.607582 -1.10165 -0.484293 -0.809913 1.44716 -1.22014 0.910449 -0.547188 -0.884593 1.33141 0.487281 1.00526 0.510318 1.2079 -1.30026 
-0.145516 0.958513 0.807357 0.261825 0.0643934 0.483606 -1.34734 -2.37125 0.916742 1.6223 -0.67007 -1.89918 0.624635 -0.234368 -1.60252 2.36134 -0.820452 0.0847914 0.0901113 -0.337143 2.62049 0.993384 0.495208 1.24101 0.924201 -0.487976 -0.131952 -1.97184 2.04162 -1.44233 0.965074 -1.01127 -0.626724 2.40228 -0.279362 -0.0671834 0.539151 2.59181 -0.233907 
-0.0435253 0.403287 1.06117 -0.0315961 0.183845 0.429267 -1.79186 -1.38827 1.63091 1.75382 -0.318414 -1.26451 0.363356 0.607499 -2.62361 1.43623 -1.15067 0.536315 -0.794101 -1.60433 2.24443 0.416152 -0.52863 0.794216 2.38998 0.807453 0.249451 -2.46225 2.39372 -0.203422 0.625881 -0.455736 -1.19861 3.94647 0.575268 -0.737952 0.946195 1.0042 -0.303066 
0.0397917 -0.336877 1.37913 -0.204864 0.326834 0.106337 -2.05964 -0.878152 1.17265 1.24058 -0.258972 -0.0246114 1.18873 0.653338 -2.18578 1.32168 0.524234 0.790273 -0.745159 -1.16219 2.45504 -0.292505 -1.45006 0.0300789 0.234488 0.107965 0.669522 -2.90828 1.06523 0.0196907 1.26462 -0.354059 -1.65798 3.20328 0.564081 -0.571956 2.02371 1.31749 0.529389 
0.157221 -0.675503 1.58762 0.17979 0.572578 0.0750219 -2.30984 0.245237 1.45895 0.709744 -0.30301 -1.0808 0.445428 0.516612 -1.85166 0.203092 1.17981 1.23147 0.285937 -0.470024 1.87479 0.271005 -0.210854 1.91803 -0.868421 -0.154499 0.59039 -2.12729 0.959948 0.238378 0.208457 -0.667411 -0.978374 1.93381 -1.29226 -0.876886 2.11318 1.84702 0.552575 
0.194488 -1.25037 1.4629 0.271929 0.934971 0.237139 -2.27342 0.36853 1.34093 1.08729 0.734076 -0.706075 1.08994 0.337939 -1.08661 0.155678 -0.176185 -0.498616 -0.215679 -0.061462 0.030694 -1.29739 0.314948 2.80185 1.90041 0.57376 0.311277 -1.28353 1.10954 0.410466 0.0562867 -0.537829 -0.412445 0.498049 -0.831616 -0.0238684 1.43878 0.225224 -0.12292 
0.251741 -1.21051 1.65262 0.107615 0.320352 -0.0301459 -2.34405 0.262543 0.680258 0.934412 1.14771 0.409724 0.848486 0.00614014 -0.12114 1.50439 -0.580808 -1.15249 -1.05958 -0.045218 -1.23654 -1.29586 0.182485 0.011883 1.12485 -0.00197656 -0.149883 -1.1014 1.01122 -0.10786 -0.439119 0.495808 0.736107 0.266141 -2.32475 -0.421946 0.416393 -0.734341 0.1252 
0.177257 -1.30775 2.06165 0.0359448 0.357577 -0.265015 -2.30049 -0.458967 0.563161 1.21674 0.740058 0.176073 1.09625 -0.5893 -0.60568 1.40056 0.0193223 -0.114802 0.935254 0.983929 0.309155 -1.559 -0.859804 -2.23937 -2.75541 -0.42235 -0.38273 -0.448604 1.18368 0.00467019 -0.798207 0.331337 0.511642 0.460737 -1.98332 -0.678488 -0.138778 -0.983868 -0.245696 
0.0339645 -1.5076 2.21028 0.114591 0.258995 0.406107 -1.9188 0.465486 -0.256389 0.314633 -0.0120829 -1.75197 0.565111 -0.648363 -0.565703 0.317153 0.588046 0.0371969 1.54155 0.686709 1.82678 -1.14171 -1.06019 -0.191937 -2.26887 -0.306847 -0.527855 -0.534481 1.0823 -0.022925 0.0235061 0.589683 -0.400517 0.194005 -1.2357 -1.01162 -1.24268 -1.77114 -0.501197 
-0.0604117 -1.58506 2.19055 0.273165 0.371808 0.456453 -2.00587 0.755708 -0.121536 0.452914 0.640494 -1.60396 0.892469 -0.296533 -0.213432 0.265024 -0.0523257 0.147966 -0.0800658 -1.48424 -0.0621265 0.0384821 -0.450127 0.582857 0.699518 -0.203517 -0.446936 -0.264739 0.346145 -0.45085 -0.514582 0.560943 -0.549402 0.863201 -0.916934 -0.828302 -0.506466 -1.24145 -1.07232 
-0.0852076 -1.61063 2.31855 0.09256 0.328311 0.364734 -2.57833 0.420914 -0.228507 -0.0106587 0.289567 -1.20348 0.432537 -0.101638 0.162052 0.215953 -1.24508 -0.756084 -0.727885 -1.37339 -0.718664 0.0122031 -0.0118911 -0.479897 0.826504 -1.02771 -0.30072 0.0227199 0.241313 -0.428193 -0.597161 -0.272112 -1.25477 0.0784738 1.30273 0.982482 1.67933 1.2737 0.752098 
-0.113943 -1.50233 2.27941 -0.231747 -0.00845597 0.110334 -2.61668 0.273452 -0.10952 0.44264 0.391816 -0.955853 0.191934 -0.208026 0.25253 0.106813 -0.571671 -0.982269 -0.309715 -0.0853907 0.160494 1.55473 1.72745 1.66879 0.77133 1.13282 -0.285568 0.323007 -0.00440878 -0.326753 -0.874992 -0.964043 0.431212 0.592132 0.374229 0.416352 0.263148 0.74467 -0.585717 
-0.17457 -1.48315 2.36422 -0.139725 -0.164434 0.21533 -2.62305 0.524752 0.714859 1.22936 1.15355 -0.598649 1.22085 -0.377488 0.339555 -0.222126 0.769014 -0.466526 -0.661474 1.9142 1.47798 0.442075 0.554686 0.837416 0.0315827 0.296962 -0.206843 0.685948 -0.925768 0.453828 0.0352831 -1.09104 0.217729 1.05824 0.403808 0.472327 0.816813 1.53826 0.564856 
-0.26038 -1.3318 2.19489 0.0787371 -0.244724 -0.204545 -1.78257 1.2556 0.162044 0.839638 0.825285 -0.931314 0.404247 -0.138949 0.808083 -1.53037 1.23391 1.03189 -1.26311 0.358974 1.19859 -1.06417 -1.11203 -0.570751 1.00594 -0.43586 0.666851 1.28682 -2.99015 1.89733 0.259507 -2.31108 0.247509 0.589382 -1.12727 -0.886781 -0.611372 1.26868 1.25589 
-0.240668 -1.08082 1.76197 0.358968 0.344456 -0.382571 -2.47248 1.32064 0.076979 0.42827 0.857824 0.190222 0.928169 1.49712 1.64653 -4.3772 1.99825 0.829534 -2.67385 -1.60334 -0.722203 -1.82959 -1.70264 -1.64956 1.43345 1.25749 1.25234 1.20955 -4.14657 2.50436 -0.0324786 -3.34006 1.12121 0.990119 -1.75766 -0.694106 -1.54593 0.756 0.48112 
0.224552 -0.514675 0.466023 0.88687 0.163533 -1.46608 -2.49444 0.770985 -0.937982 -0.385997 -0.0290831 0.192909 1.27847 2.24138 1.05899 -4.84796 2.41857 -1.07698 -3.5587 1.04555 0.0728406 -1.0966 0.214059 -1.49136 -0.134734 1.02892 1.78434 0.832137 -4.1639 2.4384 -0.58209 -2.34423 -0.185909 -0.980017 -1.15309 -0.942887 -2.04666 0.314993 -0.0393344 
0.494936 -0.554366 -0.153199 1.33727 -0.195386 -2.06036 -2.02015 1.36604 -0.580478 0.580415 0.0853776 0.0842945 1.64488 1.49835 -0.360758 -2.02778 1.55804 -1.64277 -0.709358 1.37167 -0.541446 0.410409 0.481891 -1.08227 -1.07304 -1.31024 2.01697 0.508437 -3.35552 2.36439 -1.1114 -1.9397 1.48078 -1.41219 0.273908 -0.0905764 -1.07963 -0.316883 -0.964891 
0.709901 -0.690594 -0.333071 1.51679 -0.657678 -1.80349 -1.89879 0.406872 -0.685537 -0.0413264 -0.589692 -0.649067 0.383236 1.14458 -0.271786 -0.313445 1.0298 -0.476049 0.759883 0.809069 -1.89259 1.42782 -0.328979 0.0529289 -0.236737 -2.23017 1.23902 -0.357364 -1.79488 1.25828 -1.11623 -0.265939 1.59285 -0.72585 0.570495 0.225833 -0.281002 -1.05837 -2.46669 
0.861134 -0.686269 -0.273852 1.75333 -0.43639 -1.7066 -1.67175 0.101189 0.286259 0.342209 0.112614 -0.101648 0.115715 0.58173 -0.185555 -0.732786 0.277317 0.0830054 0.328496 0.623231 -0.395153 0.284615 -0.186285 0.711997 -0.157273 -1.75454 0.905019 -0.0821207 -0.558856 0.750662 -0.812335 1.00034 1.66403 -0.824723 0.354333 -0.660744 0.0502908 -0.805567 -2.51996 
0.88653 -0.779838 -0.619676 1.62821 -0.620666 -1.65266 -1.63207 0.140286 -0.509044 -0.17696 -0.221169 -0.772675 -0.818168 0.374842 0.149407 -0.545669 0.0653007 -0.65899 0.688547 1.27493 0.828762 -0.997946 -0.525705 0.0198956 -0.700759 -0.900721 0.506974 0.190774 -0.0520712 0.0730343 -0.791328 0.707381 1.68387 -0.287609 -0.165845 0.449506 1.08311 -0.530688 -0.807645 
0.968083 -0.609802 -0.486406 1.77892 -0.768369 -1.38641 -1.11861 0.65053 -0.311634 -0.0374098 0.122744 -0.651591 -0.497312 0.269525 0.483493 0.653291 -0.170385 -1.18868 0.696723 1.4856 0.0224614 -0.492812 0.772095 0.742218 -0.461841 0.74841 0.189675 0.516616 -0.189438 0.138314 -0.958596 0.819921 2.07878 0.340091 -1.55722 0.487378 0.540931 -0.72798 -0.91155 
0.958007 -0.538092 -0.357746 1.55838 -1.21606 -1.32862 -0.986334 0.152104 -0.801947 0.376318 0.163003 -1.1352 -0.294756 -0.0562139 0.650399 0.254855 0.136826 -0.680469 0.499248 1.32823 -0.393758 -0.916959 1.16065 0.709156 -0.146871 -0.234339 -0.0451961 0.532368 0.423574 0.251375 -1.04987 0.749961 1.74517 -0.759786 -1.2978 1.09879 1.32336 -0.111407 0.141958 
0.929851 -0.285484 -0.382155 1.83346 -1.11103 -1.15526 -0.542041 0.384874 -0.860629 0.795175 0.489795 -0.767039 -0.651126 -0.345156 0.340575 -0.00107094 0.537387 -0.278338 0.390007 0.699971 -1.00273 -1.10388 0.656124 1.03333 0.328365 -0.576207 -0.369431 0.314548 0.494992 0.456569 -0.610622 0.99028 1.36674 -0.903906 -1.65373 1.46229 1.34796 0.152102 0.291168 
0.822459 -0.36705 -0.354777 1.77509 -1.35874 -1.14886 -0.685889 -0.519524 -1.4638 0.846232 0.697922 -0.877851 -0.684156 -0.563686 -0.161822 0.507232 0.529405 -0.172648 0.934652 0.383633 -0.771957 -1.11633 0.739193 1.09929 0.318608 0.591692 -0.436171 0.42519 0.245626 0.413938 -0.674297 0.139375 0.97462 -0.424888 -1.00214 0.578308 0.816871 -0.291261 -0.316276 
0.720701 -0.362987 -0.178028 2.04694 -1.20115 -0.719289 -0.380628 -0.132909 -1.53 1.3248 1.05887 -0.517345 -0.23571 -0.386774 0.318415 0.379542 0.0666768 -0.663773 -0.185344 0.521057 0.453393 -0.130141 0.0968008 0.0647891 -0.670159 0.179803 -0.594658 0.0579326 0.576833 0.124277 -0.652629 0.105345 1.11115 -0.234708 -0.619724 -0.313692 0.424706 -0.111992 -0.104559 
0.672894 -0.206971 -0.201182 1.80124 -1.6931 -1.23976 -0.464078 -0.220424 -1.53773 0.914089 0.7313 -1.40379 -0.552579 -0.434285 0.255155 0.380757 -0.347747 -0.73918 -0.779149 1.00829 0.467336 0.351387 -1.14359 -0.525686 -0.452762 -0.725383 -0.640508 0.376146 0.788595 0.46839 -0.45476 0.123183 0.927489 0.631526 -0.186431 0.29665 0.211878 0.226767 0.358697 
0.555134 -0.234203 -0.0239522 1.90531 -1.57301 -1.08952 0.0553258 0.175486 -1.31319 0.501026 0.78648 -0.872747 -0.72791 -0.688161 0.265037 0.834214 0.616793 0.0284953 0.366615 0.640974 0.356617 -0.103307 0.290687 0.224157 0.928378 0.261345 -0.597903 0.393759 0.848958 0.476104 -0.304005 -0.59782 0.564639 0.0138625 0.65174 -0.740611 -0.498253 -1.10928 -0.251662 
0.421821 -0.0732989 0.132347 2.0501 -1.6832 -1.07101 -0.189562 0.0141604 -1.59546 1.12132 0.847203 -0.675766 -0.364811 -0.569131 0.355424 0.925859 1.04247 0.314603 -0.0811559 -0.300463 -0.452107 0.443295 0.185287 -0.135162 -0.836515 0.409157 -0.540751 0.278086 0.982183 1.25386 0.493675 -0.175612 0.726178 0.387076 -0.0171582 -0.935629 -0.0237434 -0.31878 0.10493 
0.34415 -0.0558154 0.345845 2.3265 -1.42083 -1.13141 -0.0839247 -0.129068 -1.04089 0.632489 0.716317 -1.52918 -0.438282 -0.21932 0.16738 0.67735 1.21211 0.661794 -0.61699 0.269065 0.138845 0.0774946 -1.50202 -0.250352 -1.30205 -0.135089 -0.634004 0.436739 0.70022 1.28092 0.113595 -0.682442 -0.0164043 0.171067 -0.61129 0.116599 -0.4786 -0.850009 -0.0893119 
0.328654 0.0120607 0.403798 2.53997 -1.35836 -1.36496 -0.0785029 0.103566 -1.54402 0.039894 0.71739 -1.69738 -0.45023 -0.494886 0.321354 0.151944 0.825895 -0.155527 -0.901397 0.280968 0.669619 -1.19789 -0.031407 -0.499401 -0.152456 -0.523928 -0.56467 0.386922 0.354021 1.04829 0.361811 -0.81012 0.133155 0.0537245 0.306103 -0.232328 -0.0400119 -0.839763 -0.860396 
0.158172 0.105717 0.409369 2.66001 -1.50244 -1.55915 0.0323664 0.31418 -1.75951 0.608186 0.457538 -1.64901 -0.791656 -0.728312 0.432669 -0.132127 0.31701 -0.155802 -0.55001 -0.101348 -0.0723241 0.293218 1.20318 0.202398 0.324942 -0.936496 -0.736923 0.690217 -0.167763 -0.259057 0.215725 -1.26229 -0.834555 -0.427499 -1.50541 0.0682697 0.212449 0.140587 -1.00591 
0.0640578 0.228663 0.354902 2.66746 -1.4401 -1.6274 -0.130241 0.0521954 -1.36233 0.903052 0.822026 -1.44272 -1.08791 -0.741893 0.745835 -0.409414 -1.20324 0.457344 -0.918811 -1.32459 -1.22232 -0.653464 0.122582 0.789111 0.310856 -0.728223 -1.02646 0.766413 -0.148036 -0.331098 0.183859 -0.341292 -1.51625 -0.209052 -0.679813 0.328114 0.229131 0.480405 -0.381276 
-0.110998 0.477248 0.250737 2.17204 -1.27927 -1.99509 -0.556993 -0.503836 -2.14941 0.694575 0.865993 -1.4054 -1.28581 -0.994493 0.751878 -0.0949963 -0.799416 0.413081 0.0602912 -1.79559 -0.199284 -1.13187 -0.774874 0.109624 0.227056 0.459436 -0.954297 0.891922 0.0826357 -1.26718 1.24125 -0.0851479 -1.04078 -0.679545 0.822443 -0.0598682 0.266317 0.318508 -0.0303902 
-0.290189 0.603184 0.3207 2.34298 -1.23895 -1.60275 -0.926606 -0.0838136 -2.04109 0.344323 0.878621 -1.26484 -0.763634 -0.859776 0.632024 0.537148 -0.64423 1.27778 0.799123 0.0228294 0.345298 1.65754 -0.19766 -0.427354 0.053623 0.686565 -1.14931 0.745811 0.149393 -0.892128 1.65889 -0.0681768 -1.32511 0.379137 0.112538 -0.799997 0.126808 0.260321 0.461513 
-0.419872 0.792475 0.466704 1.91038 -0.6481 -1.62287 -0.554155 -0.276798 -1.14397 0.550765 0.644523 -1.36357 -0.805018 -0.934537 0.400937 0.325427 -0.501126 1.90575 -0.155462 0.137904 0.68453 1.26514 -0.260483 0.0655415 0.0700269 0.109292 -0.797509 -0.224868 0.418067 -0.0645512 2.14952 0.441767 -1.2473 1.04779 1.43692 -0.569136 0.207531 0.631933 0.471214 
-0.624242 0.804088 0.452879 2.13925 -0.29549 -1.67959 -0.873192 0.369375 -1.27257 0.155353 0.912388 -1.21015 -0.680647 -0.478705 -0.974265 0.1066 0.550524 1.72678 -0.157617 -1.5831 1.00034 0.100278 -0.538167 0.710486 0.673885 -0.105799 -0.476545 -0.538767 0.791009 -1.20986 1.39256 -0.147509 0.779713 0.629933 1.27335 0.37739 0.0723982 -0.174912 0.444435 
-0.600399 0.313044 0.512283 2.13241 0.206354 -1.70073 -1.25713 0.386929 -1.07878 0.162188 1.01226 -0.835183 -0.870254 0.134834 -1.22665 0.892042 -1.26276 0.0408566 -0.054314 0.839148 0.123429 0.292028 0.752726 0.0368514 -0.277058 0.438246 -0.5012 -1.21649 0.509742 -1.46894 0.585337 -0.481581 -1.06111 0.273245 0.86914 0.807775 1.45975 0.790559 1.08901 
-0.598128 0.199797 0.809293 1.62718 -0.279439 -1.70885 -0.511578 0.448504 -1.0916 0.694708 0.931298 -1.42772 -0.370974 -0.362385 -0.895286 0.678177 -2.69221 -0.908382 -0.534767 0.255883 -0.651354 0.961075 1.58881 1.24748 0.237354 1.45317 -0.108585 -1.62244 0.681291 -1.40099 0.480778 -0.452221 0.442278 0.245271 0.350946 1.88908 1.63781 0.967074 1.03862 
-0.741751 -0.127315 0.784062 1.04163 -0.249647 -1.956 -1.15187 -0.0504538 -0.49385 1.30255 1.65808 -0.649228 0.138815 -0.316871 -1.26815 0.15664 -0.779855 0.631407 -0.595656 -0.284483 0.189565 0.133689 1.70086 2.15927 1.39275 0.846599 -0.0853155 -0.951238 0.736657 -1.46917 -0.545988 -0.262301 1.86548 -0.23776 0.388101 1.48237 0.481266 -0.394714 1.40526 
-0.724151 -0.425026 0.874676 1.31062 0.03029 -1.99276 -0.643806 0.571722 -1.00623 1.91561 2.04927 -0.335425 0.220101 0.219408 -0.565724 0.455679 0.550178 0.145599 0.15916 2.08028 0.342806 -0.489781 0.337084 -0.598233 -0.698974 0.286629 -0.136755 -1.01898 -0.32131 -0.62841 0.249222 0.0493953 1.01874 0.080657 1.70686 1.32424 0.357829 -0.175606 -0.00408538 
-0.687153 -0.404635 0.967788 1.26352 -0.181508 -1.88484 -0.244766 0.174923 -0.784922 1.54313 1.34812 -1.19777 0.344007 0.0875474 -0.297201 -0.650323 -0.136114 -0.282775 0.670332 1.56074 -0.0883887 1.95524 0.0198726 -1.67512 -1.60058 -0.855615 0.0139275 -0.664895 -0.193312 1.00635 0.877994 0.53631 1.98895 -0.582468 -0.670976 0.1689 -0.823534 -1.31913 -0.91797 
-0.713963 -0.569502 0.620705 1.25466 -0.114599 -1.68114 0.0349523 0.509642 0.178952 1.92817 1.18166 -1.59123 -0.361843 -0.195793 -0.454256 -0.752453 0.917785 1.08183 0.618924 0.410438 -1.09491 -0.338028 -0.115346 -0.497676 -0.83336 -1.42965 0.0320778 -0.212372 -0.582776 -0.00644105 0.0699662 0.315701 0.997928 -1.06055 1.08861 -0.378866 -1.73126 -0.423582 -0.954227 
-0.772395 -0.626809 0.673399 1.63424 0.352214 -1.59739 -0.0715721 -0.558157 -0.98437 1.45849 1.09024 -1.85173 -0.633515 -0.033465 -0.0257933 -0.24559 0.127149 0.380873 -0.210945 -0.310538 -1.27888 -0.624681 -0.508833 -0.634868 1.10553 -0.332401 0.0666515 0.429994 -0.878235 -0.561856 0.257473 0.616879 0.122813 0.0474829 2.0662 0.342436 -0.329866 1.70016 -0.512861 
-0.744534 -0.579709 0.526907 1.30529 0.0705407 -1.78408 -0.108726 -0.346085 -0.193571 1.56068 0.852737 -0.724242 -0.583233 0.307912 1.12065 -0.597983 -1.7367 -0.721663 0.275552 -0.255668 1.1534 2.86774 0.562238 0.0620439 2.79816 0.789315 0.94265 2.06159 -1.79475 -3.54134 -1.00419 2.12009 1.74617 -1.61395 -1.90125 -1.65636 0.0381602 1.92383 0.462043 
-0.687989 -0.0698527 0.440143 0.930296 -0.0109322 -1.47147 -0.191135 0.207604 0.751766 1.86091 1.12219 0.34303 -0.081915 1.61605 3.20519 -2.51478 -5.29097 -1.78405 3.277 2.49735 -0.800477 -1.71223 -1.63762 0.691468 1.11834 0.901787 2.15122 2.34059 -2.2675 -4.5703 -2.55584 3.5521 2.64115 -0.741542 1.48421 -1.04476 0.404759 2.02592 -0.163109 
-0.219542 1.00851 -0.464914 -0.837576 -0.820925 -0.246223 0.981678 -0.882881 -1.22274 0.381785 1.21063 0.152798 0.0458733 3.30341 2.48847 -2.88965 -4.92764 -2.85017 4.85922 3.56279 -2.11019 -1.05192 -1.91516 0.484879 -0.456049 -0.995659 2.72163 1.83284 -2.15723 -4.55749 -2.79023 4.44406 1.7288 -1.59053 0.160834 -1.1777 -0.663566 0.554879 -1.23652 
0.405307 1.16379 -0.700034 -1.06548 -1.43257 0.810686 1.36753 -1.20232 0.121282 0.482512 1.37311 -0.0149509 -0.760365 2.95277 -0.378105 -0.803213 -1.35468 -2.11537 3.14631 -0.332282 -1.24876 1.90475 0.112212 -1.57342 -0.480083 -2.44009 2.75539 1.05093 -2.00069 -4.12986 -2.63662 4.26871 1.38275 -1.89589 -1.66449 -1.15844 -1.90521 0.526398 -1.43932 
0.755659 0.824004 -0.779391 -1.38686 -1.87716 1.23015 0.828442 -1.71853 -0.0680356 0.460719 0.395689 -0.224036 -1.62795 1.32209 -0.86571 -0.18752 -1.09441 -0.834556 1.31077 -1.83089 -0.331964 -0.994565 0.414739 -3.02752 1.06132 -0.794287 1.95675 -0.227413 -0.120323 -1.08044 -0.98965 2.67119 -0.456869 -0.18681 0.491553 -0.475431 -2.50335 1.07531 -1.07677 
0.831291 0.738064 -0.770852 -1.5094 -1.85186 1.42359 0.555654 -1.42678 -0.47457 0.778912 -0.194813 0.817358 -1.30005 0.332109 0.0319437 0.618722 -0.220474 0.732514 0.715879 -0.238569 1.00577 -1.30656 -0.726461 -1.76923 1.72113 1.10001 0.738546 -0.412313 0.530333 -0.861845 0.15196 1.29656 -1.12526 0.252239 -1.03292 -0.80327 -2.72415 1.60587 -0.646107 
0.848215 0.842361 -0.531141 -1.47696 -1.51715 1.56321 0.716395 -1.05118 -0.852264 -0.0632087 -0.520648 1.12586 -0.862247 -0.082116 0.234763 1.00397 -0.16197 1.04725 0.565589 0.423368 0.653925 -0.277222 -1.45434 -0.610442 0.794269 -0.0113932 -0.228184 0.417584 0.729574 -0.675778 0.254693 0.887882 -0.63253 0.449079 -0.190946 0.0311321 -2.00822 1.58957 -0.716041 
0.784335 0.856759 -0.370141 -1.57581 -1.33533 1.68595 0.734531 -0.993992 -0.637303 -0.268239 -0.511091 1.44018 -1.30023 -0.714908 0.615331 0.504237 -0.764571 -0.376234 0.570095 -0.552166 -0.430527 1.06757 0.769452 -0.911181 0.115567 -1.99247 -0.300199 0.35788 0.730841 -0.236053 1.12848 0.147341 -0.203353 0.324421 0.0722279 -0.915947 -0.394663 0.589382 -0.522904 
0.588134 1.14933 -0.328199 -1.78734 -1.70851 1.82768 0.466519 -1.34135 -0.203036 0.488169 -0.992659 1.21628 -2.22762 -0.421568 0.320555 0.120935 -0.181833 0.53026 -0.349418 -0.676878 -0.239084 0.361054 0.268546 0.0881447 -0.116046 -0.641408 -0.608601 0.466448 0.274611 -0.78031 0.0740466 -0.00715607 -0.289988 0.43634 1.42034 0.11592 -0.435876 -0.0636701 -1.34334 
0.623051 1.0179 -0.318889 -1.65028 -1.0759 1.51786 0.429844 -1.15653 -0.414658 -0.0769269 -0.465619 1.34891 -1.73456 -0.306468 0.107205 -0.0811763 -0.37291 0.480035 -0.577114 0.19021 0.989381 0.669896 -0.616453 0.333761 -0.193751 0.321621 -0.597857 0.556008 0.242134 -0.340425 -0.902321 -0.274524 0.528535 0.192658 1.05602 -0.544949 -0.257782 -0.753015 -1.67654 
0.465616 1.20492 -0.356932 -1.93916 -1.47406 1.55249 0.542922 -0.684931 0.206082 0.043318 -0.819999 1.06406 -1.99831 -0.581772 0.539923 0.252165 -0.314173 -1.79107 -0.0438465 1.33951 0.484378 0.929536 -0.972992 -0.427366 -0.76058 -1.44291 -0.338682 0.185363 0.299818 0.23929 0.056578 -0.426202 0.954034 1.22911 0.755386 -1.41083 0.831558 0.141131 -0.0919808 
0.40781 1.28756 -0.215703 -1.77831 -1.97086 1.49353 1.01137 -0.836778 0.151226 -0.778069 -0.687095 0.752044 -2.72121 -0.261815 0.182399 0.543016 0.722289 -0.400649 -0.0352692 1.00505 0.589579 0.251922 -1.21142 0.784002 0.352781 -0.439705 -0.634415 0.732322 0.85094 0.0517434 -1.65066 0.738884 1.30019 0.397058 0.738732 -1.45145 -1.02994 0.219085 -1.76444 
0.358137 1.29771 -0.138643 -1.64759 -1.67757 1.53219 0.97745 -0.295042 0.362836 -0.829216 -0.41419 1.34056 -2.29364 -0.482934 0.592117 1.0575 0.390057 -0.515649 1.11457 0.289045 0.0239295 -0.0281468 -0.907591 -0.944612 1.0099 -0.750471 -0.350508 0.608022 0.932117 0.59846 -1.11855 -0.134112 0.387951 -0.476708 -0.377037 -1.57934 -0.754568 0.503309 -1.33009 
0.225858 1.58304 0.206191 -1.62125 -2.23156 2.01414 1.13121 -0.823981 0.138879 -1.4322 -1.17642 1.54402 -3.2307 -0.32632 0.758193 0.891529 0.150859 -1.16236 -0.155153 -0.518389 -1.20559 -0.719174 -0.835097 -1.78767 0.225746 -1.21471 -0.483833 0.607868 0.90985 0.482741 -0.685758 0.325368 -0.176442 0.114993 0.496778 -0.33119 -0.380064 1.13799 -0.196017 
0.228932 1.67535 0.217569 -1.58736 -2.25987 1.45549 0.74242 -1.10191 -0.0667403 -1.43123 -1.34008 1.51741 -3.12304 -0.329003 0.348237 0.34279 0.314341 -0.44248 -0.641221 -0.508868 0.121429 0.632747 0.480487 0.44184 0.303758 0.503293 -0.864463 0.541377 0.77616 -0.00563984 -1.37328 -0.309298 -0.854034 -0.908695 -0.176369 -0.0676525 -0.952675 0.282279 -1.32613 
0.0957495 1.75788 0.345241 -1.49484 -2.45587 1.70879 0.900366 -0.746186 0.525568 -1.08854 -0.947792 1.78206 -2.8762 -1.12455 0.0797507 0.303097 -0.158656 -0.756676 -0.288347 -0.549615 0.0337179 0.498068 0.74992 0.519036 0.0967705 -0.434795 -0.516361 0.157885 -0.0584001 0.0878076 0.184753 -0.982474 -0.259091 0.529655 0.947642 0.856814 0.921595 0.228987 0.61222 
-0.169118 1.71736 0.340911 -1.65244 -2.64043 1.31614 0.493666 -1.08259 0.238632 -0.893897 -1.07147 1.59308 -3.41499 -0.537536 -0.100956 -0.432021 -0.185866 0.701009 -0.774764 0.185588 0.557498 0.5249 0.633785 0.796347 -0.0429684 0.252442 -0.918285 0.214308 -0.1761 0.12514 0.0892391 0.130646 0.55357 -0.12282 0.290683 -0.0227009 1.29369 0.477268 0.135134 
-0.104593 1.71048 0.177663 -1.57093 -2.11153 1.34062 0.974738 -0.377684 0.84714 -0.63468 -0.53559 1.74812 -2.69457 -0.416667 0.254435 -0.573394 0.341573 0.881711 0.4804 1.24359 -0.194366 -0.146271 -0.776775 1.21683 0.451595 0.598531 -0.66663 0.463606 -0.224469 0.496942 0.660303 -0.726056 0.11853 -0.430733 -0.150062 -0.362682 1.01594 -0.696712 0.702655 
-0.328752 1.84579 0.117385 -1.51501 -2.20623 1.53842 1.03303 -1.21532 0.154964 -1.45399 -0.441533 1.9471 -2.99487 -0.581247 0.819114 0.0873152 0.910972 0.222165 -0.270795 -0.0361788 -1.11435 -0.713736 -1.10175 0.568026 -0.768445 0.615512 -0.616782 0.809655 -0.15194 0.594375 0.799112 -0.0649784 0.639382 0.830714 -0.237392 -1.12308 0.635282 -0.598422 1.74421 
-0.319657 2.11827 0.21561 -1.20298 -2.00531 1.20952 0.951641 -1.12373 0.420847 -1.42838 -0.24162 1.14508 -2.26274 -0.618442 0.996715 0.340263 0.525617 0.235469 -0.57095 -0.442199 1.26068 -0.149688 -0.677767 -0.361584 -1.14916 1.56185 -0.978742 0.860545 0.245577 0.0293146 -0.142611 -0.283592 0.425518 -0.82195 -1.02616 -1.4158 -0.0731256 -1.13402 1.67101 
-0.556343 2.34143 0.255435 -1.30306 -2.0934 1.26613 0.83149 -0.378038 0.0692327 -1.94292 -0.628945 1.04541 -1.9109 -1.06145 0.510417 0.291082 -0.867796 -0.421173 -0.135571 0.569863 0.0540974 -0.549751 -0.732582 -0.66027 -0.549482 1.45404 -0.722357 0.211102 -0.0480175 0.376494 1.11864 -0.334928 0.689493 0.337978 -1.39407 -1.01508 0.526965 -1.14036 2.00454 
-0.696457 2.37333 0.334197 -1.55515 -2.21902 1.14204 1.1949 -1.09082 0.0935654 -1.9567 -0.583701 0.71381 -1.25307 -0.593886 -0.667467 -0.413522 0.0238419 1.32829 0.0904247 1.30632 -0.828396 -1.5651 -0.636653 1.07196 -0.176112 0.921569 -1.06127 -0.155031 -0.342055 -0.0385695 1.03189 0.121884 0.552674 1.45504 -0.435344 -0.206416 -0.306548 -2.37426 1.46945 
-0.775665 2.01378 0.0951779 -1.29425 -1.43711 1.30496 1.39843 -0.933447 -0.871096 -2.40229 -0.0740239 0.907019 -1.26816 -0.719775 -0.745093 -0.816678 0.811978 1.86369 0.314965 0.12299 1.81557 0.0109778 0.467367 0.255826 -2.20497 0.3654 -0.114214 -1.50568 -0.207292 0.352096 1.25093 -0.770999 1.04065 0.808716 -0.186266 -0.111383 0.943347 -2.56563 1.35752 
-0.958178 2.00728 0.0143925 -1.22727 -1.29648 1.28649 1.24176 0.116383 0.104841 -1.62247 -0.451399 -1.0161 -0.993592 0.4024 -1.6475 0.0952406 0.490039 0.420372 -1.20091 -0.00263691 1.86641 1.33185 0.494738 0.195323 -2.8 0.758983 0.092149 -1.83923 -0.0471157 -0.137672 1.6061 -0.918201 0.654907 1.09429 -1.21067 -0.172768 0.966514 -2.32977 2.02845 
-0.659434 1.20129 0.136262 -1.09671 -1.23233 0.736317 1.39007 0.307643 -0.0623012 -2.04838 0.0269486 -1.28966 -0.737465 0.874695 -2.08362 0.744806 -1.01231 0.381357 -1.6381 0.697834 -0.410096 -1.5008 -0.688927 1.04244 -0.497955 2.14769 0.287108 -1.61743 0.165617 -0.825977 1.26418 -1.51322 0.902512 1.75358 0.121511 0.980561 0.706026 -1.98337 1.79161 
-0.682878 0.979029 0.312539 -1.63794 -1.1111 0.512193 1.54127 -0.160165 -0.796663 -2.11942 0.0882379 -1.40696 0.494086 0.0797812 -0.839595 0.160147 -1.69412 1.3468 -0.981803 1.1334 0.38741 -1.18757 0.780089 0.754542 0.498295 1.46022 0.383697 -1.56062 0.586721 -1.20128 0.928202 -1.89687 0.569812 -0.0650195 -0.553759 0.254311 1.07865 0.159842 0.967281 
-0.651863 0.78848 0.203032 -1.78341 -0.566838 0.27075 1.88101 0.562755 -0.774684 -1.48936 0.417502 -0.899009 0.276464 -0.230376 -0.315969 0.158394 -0.739062 0.916243 -1.09884 0.0164711 0.323823 0.816769 1.02148 0.405801 0.678657 -0.951374 -0.189904 -0.605134 0.132326 -0.826467 0.846034 -0.816104 0.240977 -1.09501 -0.503902 0.847821 0.374608 1.08797 0.835404 
-0.779768 0.825267 0.378615 -1.938 -0.659727 -0.00842882 1.54131 0.0525573 -0.298866 -1.38688 0.298202 -0.874824 -0.153847 -0.398323 -0.0883392 0.0440274 0.489325 -0.164042 -0.19384 -0.830719 -1.79903 0.564698 0.322515 -0.247946 0.757425 -0.42754 0.380266 -1.232 -0.0574135 0.696786 1.1016 -1.30414 0.232048 -0.086068 0.691823 2.50556 -0.243979 0.818193 -0.2486 
-0.805318 0.747331 0.223848 -1.58616 -0.652681 0.175856 1.50871 -0.639731 -0.429083 -1.25925 0.288936 -0.305088 -0.0104879 0.868935 -1.57747 -0.246107 1.7556 0.623699 -0.781837 0.275036 -0.437181 0.0270812 2.23196 -0.72656 0.264589 0.638948 1.0058 -1.64795 -0.805273 1.22009 -0.284138 -0.667897 0.194406 -0.0545612 -0.127261 1.16203 -0.684254 -0.929047 -0.477648 
-0.506408 0.0474192 0.284612 -1.2281 -0.353831 -0.379928 1.655 -0.242046 -0.277867 0.215795 -0.0782059 -0.667506 0.294133 2.08691 -2.44576 -1.28222 1.29034 -0.232769 -0.7677 1.07511 1.72622 -0.725566 1.18776 -0.661677 -1.83794 -0.169105 1.0923 -1.57139 -0.751225 1.61123 1.03864 0.955282 -0.53422 0.135091 -0.802182 1.44077 -0.47257 -1.18387 -0.13412 
-0.121741 -0.460071 -0.280194 -1.06462 -0.772703 -0.188993 1.97403 0.507901 -0.862518 -0.40718 -0.0538742 -1.74709 -0.119349 0.964868 -0.838709 -0.90894 0.594447 0.828258 2.16518 -0.942711 0.6084 -1.01583 -0.360033 0.100062 -1.64026 -0.80932 2.2962 0.158267 -1.88426 0.385101 1.10665 0.417492 -1.70612 0.147039 0.505969 3.54826 -1.7819 -1.00026 0.321352 
-0.200737 -0.36495 -0.0717055 -0.988288 0.053792 0.634904 1.23347 0.16039 -0.886559 -0.0447341 -0.0265628 -1.95443 -0.255908 1.76777 2.69363 -1.61584 -0.728326 1.77978 1.37414 -3.20972 -1.53962 1.34144 3.41853 -1.71603 0.674943 0.563913 2.97852 0.760091 -3.07144 -0.0194411 0.724004 1.3417 -2.08529 0.213249 1.07015 1.98864 -1.66841 0.411237 0.180516 
0.45435 0.875065 -0.916264 -1.36033 0.108105 0.453718 0.556149 -0.521649 -0.0479341 2.04843 -0.942665 -1.21787 0.276924 4.03517 2.01352 -3.81544 -0.62237 0.183947 -0.223601 -1.66653 -0.33661 2.32375 2.94279 -2.32598 2.11214 1.02937 2.67121 1.01339 -2.67 0.429582 1.49489 1.32837 -3.01874 -0.834036 1.23215 1.4513 -2.37141 1.7681 1.12063 
1.13902 0.633725 -1.57826 -1.2411 0.141001 0.526009 0.493832 -0.0671683 0.521127 2.0689 -1.2312 -0.297812 0.461116 2.71641 -1.12869 -2.49097 1.3552 0.309854 0.548175 -0.567974 0.463814 0.165192 -1.53295 -1.45015 1.36854 0.822693 3.03948 0.502799 -2.95494 0.747548 0.465975 0.382939 -1.69951 -0.0608878 0.162772 0.588962 -1.99901 2.30787 1.42999 
1.34994 0.319239 -1.89866 -0.812525 0.257927 0.707882 0.299326 -0.215602 0.0564536 0.944778 -1.69377 -0.144558 0.851526 1.06721 -1.23499 -0.729721 1.71293 0.467627 0.780123 -0.459806 0.255654 -2.12886 -2.17604 -0.34212 0.556541 0.741109 1.71387 -0.891478 -1.72306 1.47468 0.736822 0.426097 -0.610415 0.375309 -1.46635 -1.68353 -0.648117 1.38872 0.247246 
1.47916 0.0253065 -1.86365 -0.548474 0.369284 0.889285 0.284549 0.100108 -0.759589 0.502973 -1.40854 0.138527 0.979497 0.160763 -0.240281 -0.159109 0.795713 0.720267 0.0706933 -0.195078 0.0165067 -1.96863 -0.648747 0.588856 0.235517 -0.51984 0.369113 -0.607382 -0.779916 0.98567 0.807765 -0.139611 -0.512976 -0.260138 -2.92818 -2.25249 -0.229646 0.208184 0.394489 
1.38479 0.202922 -1.95824 -0.491232 0.611846 0.737429 0.206392 -0.207753 -1.12752 0.476713 -1.38901 0.0399551 0.500968 -0.447368 0.303598 -0.469464 -0.275122 0.661646 -0.978489 -0.181277 -0.592996 -1.46771 -0.743853 0.0405307 -0.319847 -0.255548 0.0435925 -0.185708 -0.0999027 0.631028 0.614084 -0.2239 -0.179255 0.635202 -2.76494 -0.841597 1.25412 0.985479 0.489906 
1.30918 0.178055 -2.04605 -0.660703 0.69405 0.425277 0.197682 -0.29837 -1.64112 -0.0334573 -1.38772 -0.112611 0.811068 -0.0873512 -0.0416456 0.00603166 0.124928 0.13831 -0.390826 -0.0282663 0.798233 -1.42771 -0.440585 1.09407 0.90149 1.1238 -0.0975725 0.137023 -0.172094 -0.130488 0.504885 -0.919538 -0.151709 0.759027 -0.686874 -0.675424 -0.0107162 -0.671186 -0.790146 
1.33607 0.184873 -1.95246 -0.441503 0.676361 0.549869 0.186773 0.321235 -1.9849 0.158281 -0.822638 0.746887 1.28307 0.283816 -0.088447 0.205329 0.0852626 0.0443115 -0.346578 -0.00758607 1.56707 0.620403 -0.129877 -0.0493026 -0.462001 -0.728865 -0.0266046 -0.0396381 -0.285443 0.0203391 0.122277 -0.325753 0.551556 1.09362 -0.172344 -1.12101 0.197253 -0.344244 0.322219 
1.38547 0.136853 -1.9614 -0.627032 0.71182 0.258532 0.187152 0.743164 -1.26188 -0.128544 -1.41342 -0.475261 0.316469 0.042928 -0.0153011 -0.444538 -0.0948399 0.0328992 -0.076445 0.71972 0.606377 1.21154 -1.01127 -0.82469 -1.30465 -0.727917 -0.012486 -0.223399 -0.271951 0.309497 0.105818 -0.229194 0.643906 1.00888 0.851227 -0.24936 0.373286 -0.267053 -0.403401 
1.33123 0.179857 -2.12499 -0.480745 0.688455 0.510199 0.495898 0.722323 -1.24874 -0.570375 -1.24986 -0.276775 0.789122 -0.30454 -0.251532 -0.62308 0.366498 0.103894 0.0187975 0.81464 -0.271494 0.418977 -0.191056 0.55413 0.148246 0.224351 0.0085408 -0.1713 -0.278389 -0.242416 -0.000129379 0.0788936 0.868727 0.25958 1.24106 -0.266407 -0.31777 -1.32778 -0.665662 
1.26361 0.0149694 -2.20459 -0.479504 0.759219 0.263666 0.537994 0.559016 -1.00427 -0.267607 -1.12665 -0.359207 0.478744 -0.0283553 -0.244434 0.0168838 -0.258242 -0.032769 0.193735 0.368755 -0.27497 0.306016 0.668217 0.405236 -0.237705 -0.102028 -0.329786 -0.250253 -0.368108 0.3649 -0.237252 -0.279985 0.257146 -1.04223 -0.535418 -0.501679 -0.838036 -1.18117 -0.617905 
1.30238 0.0614854 -2.11492 -0.58614 0.667892 0.597627 0.650772 0.535857 -1.05933 -0.0917675 -1.04019 -0.463477 0.726485 -0.24881 -0.129808 0.0574053 0.166055 -0.435175 -0.419952 -0.491716 -1.07221 -1.08051 -0.457248 -1.66944 -1.52079 -0.995036 -0.0905474 0.208965 0.4006 0.591793 0.188945 -0.0223555 0.894606 -0.00171272 0.200984 0.0489698 -0.804472 -0.943656 -0.718844 
1.16051 -0.0466951 -2.17848 -0.413125 0.538542 0.0624048 0.314687 -0.158929 -1.65201 -0.598017 -1.99131 -1.55241 -0.199277 -0.123404 0.570391 0.599994 1.12167 0.297156 -0.222712 0.752114 0.270157 -0.064246 -0.602082 -1.47565 -0.859735 -0.793908 0.0112436 0.452157 0.60187 0.506484 -0.129488 -0.153382 0.527336 0.51164 -0.963035 -0.0571473 -1.27021 0.0266414 -1.37066 
1.24152 0.346221 -1.87408 -0.132886 0.8114 0.489151 0.974134 0.712803 -1.09347 -0.526289 -1.8045 -1.13813 0.187064 0.26792 0.830334 0.869099 0.572968 0.254509 0.201691 1.15285 1.72795 -0.105553 0.385701 -0.0238988 1.54721 -0.709724 -0.0859135 0.197852 0.637123 0.624257 -0.0148677 -0.820961 0.647496 -0.0865433 -0.252659 0.686188 -0.246343 1.03836 -1.40353 
1.23144 0.366639 -1.83114 -0.182009 0.660841 0.153576 0.814176 0.98986 -1.71109 -0.322491 -2.00386 -0.338954 -0.680686 -0.0205767 -0.261551 0.380742 -0.2109 -0.317625 -0.959948 0.0594331 -0.384126 -0.25044 1.49498 1.15173 2.05799 -0.95163 0.0448023 0.299389 0.645498 -0.136643 -0.221271 0.115623 1.50113 1.19357 1.45202 1.26903 0.493979 2.29077 -0.505968 
1.21529 0.219381 -1.72001 -0.219115 0.64918 0.0338651 0.99306 0.453568 -1.24003 0.546617 -1.20827 0.476017 -0.461046 -0.192478 -0.365104 0.124522 -0.771804 -0.563454 -0.0313401 0.727238 -0.194727 1.88189 1.2634 0.690152 1.10167 0.0779382 -0.12191 -0.0558789 0.626185 -0.472829 -0.7613 -1.35742 -0.124291 0.0233607 0.382728 0.434299 -0.461693 1.6783 -1.14146 
1.14732 0.188569 -1.77847 -0.495317 0.376372 0.135124 1.1266 0.856889 -0.570192 0.583954 -1.64665 0.525005 -0.619305 -0.183828 0.17959 0.583168 -0.478188 -0.746085 -0.997699 -0.213976 0.411577 0.715142 -0.928895 -1.76368 -0.118517 -0.468721 -0.403112 0.331194 0.726187 0.134537 -0.503003 -0.92145 -0.526487 0.144713 1.19891 0.491823 0.587542 1.57882 0.489464 
1.13408 0.310781 -1.48583 -0.413554 0.273889 -0.43918 0.891821 0.724791 -0.803598 -0.122827 -2.12173 0.382811 -0.776376 -0.48396 0.879319 0.993227 0.968424 -0.139251 -1.29649 -1.38523 0.378328 -0.416023 -0.622688 0.101242 0.722582 0.525475 -1.15999 0.827053 0.574109 -0.0569791 -0.515463 -0.998402 -1.32109 0.219112 0.130095 -0.442421 -0.0184744 0.507312 -0.418085 
0.96502 0.626137 -1.38201 -0.104103 0.302856 -0.478477 0.510592 1.10595 -0.816732 0.13462 -1.59439 1.09159 -0.249521 -1.76312 1.09836 0.300629 0.395524 0.0259658 -0.441297 -1.43867 -0.132243 -0.560328 0.357475 1.74453 0.70168 -0.054015 -1.67477 1.14546 0.657871 0.385602 0.190313 -0.567067 -0.817654 -0.124985 -0.364284 -1.67611 0.648179 -0.120312 -0.0824461 
0.520954 0.856711 -1.36347 -0.254275 0.282535 -0.650483 0.252324 0.633475 -1.13727 0.13241 -1.21853 0.933004 -0.805926 -2.32711 0.889037 0.0194282 -0.405682 0.40555 0.480611 0.362767 -0.541762 -0.035586 -1.54938 0.771254 -0.866373 -0.631726 -2.0544 1.03934 -0.116303 0.0882999 0.930092 1.34609 0.718221 1.00828 0.774484 -0.516437 1.07845 0.646414 0.266738 
0.161947 1.06851 -1.37093 -0.269188 0.500268 -0.256097 0.662835 0.741623 -0.83357 -0.980845 -1.19518 0.411736 -0.67718 -1.6852 0.506556 -0.478936 -0.266331 1.27428 2.38921 2.33875 1.42704 1.50557 -1.02493 -0.296552 0.0426 0.381054 -1.67212 -0.156984 -0.0760713 -0.695439 0.368188 1.43198 -0.000759229 0.612474 0.719055 -1.60846 1.55884 -0.683825 1.57966 
-0.0659252 1.10987 -1.54961 -0.362945 0.91196 0.469737 1.27302 1.58166 -0.223582 -0.606065 -1.37227 0.966185 -0.535664 -0.479514 -1.12672 -0.135844 -0.608034 0.109354 1.59138 -0.362678 1.32726 0.91284 -0.534917 1.31925 0.0698867 2.58792 -0.559 -1.0974 0.467651 -0.434311 -0.0366975 1.49568 1.0657 1.49476 0.741031 -1.61473 1.28943 -0.862865 1.80537 
-0.0188532 0.513657 -1.4213 -0.516194 0.550383 0.488807 0.49624 1.62329 -0.277767 -1.36709 -0.512206 0.466323 1.11387 0.74709 -2.19268 1.19896 -0.366587 -1.32525 -0.225201 -1.00371 0.493742 -0.601362 -1.0675 2.02671 -1.04646 1.85522 0.327001 -2.27994 1.65718 -1.77791 0.256307 0.468879 0.401615 1.59388 0.254935 -0.838586 1.89209 0.831412 0.927312 
0.166397 0.0276642 -1.07173 -0.512203 0.24865 0.36009 0.824686 1.90766 -0.582025 -1.37514 -0.322943 0.145058 0.750467 1.02866 -2.38078 2.6858 -1.98422 0.249181 -0.910703 0.866442 0.721061 -0.604892 -0.550507 1.21697 0.88867 -1.4412 0.882665 -2.72112 2.07474 -1.75807 0.149409 -0.506172 0.312683 0.0680393 0.10032 -0.942876 0.800529 -0.575573 1.35397 
0.308303 -0.661598 -0.355009 -1.32034 0.670033 0.0566873 0.86985 2.10083 -0.638342 -1.76453 0.117807 1.1632 0.128388 0.734808 -1.99433 1.99335 -2.19674 1.53439 -0.502708 1.39616 -0.408801 0.719654 -0.153231 -0.950449 0.37536 -0.179074 0.628732 -2.42321 2.06652 -1.67866 0.999627 -0.566451 1.82763 -0.427732 -0.24679 -0.318276 1.52464 -0.0934899 -1.63839 
0.394583 -0.956411 -0.27948 -1.40239 1.00743 0.119898 1.43111 1.63197 -0.142865 -1.48702 -0.815288 0.439271 0.634736 0.0269784 -1.34739 0.493871 -0.463306 1.14825 0.0957132 1.42235 -1.27406 0.297406 0.140159 0.827783 -1.00139 -0.59577 0.480915 -1.84853 1.15014 -1.46013 1.35609 -0.0302273 1.24934 0.169496 0.0579104 -0.390017 0.556695 -1.85531 -1.1078 
0.29809 -1.32562 -0.156169 -1.50876 1.23678 0.0980042 1.48778 1.24832 -0.454126 -1.66551 0.546288 0.377425 -0.274494 0.0727025 -0.848708 -0.223412 0.0678915 0.361254 0.46236 0.168753 0.624292 -0.653384 -0.350197 1.70059 -2.52873 -1.1995 0.311848 -0.811832 0.565082 0.407659 0.154866 0.445058 1.5564 -0.22402 -0.502253 0.852986 -0.503563 -2.65885 0.276232 
0.39977 -1.37373 -0.364501 -1.37575 1.18281 0.333693 1.49808 2.045 -0.532718 -1.74048 0.0651572 -1.54462 -0.184184 0.496733 0.101094 0.37604 1.05821 -0.931488 0.550547 0.526924 0.983189 -0.918253 0.969146 -1.49573 -2.08269 0.934589 -0.230235 -0.734157 0.291685 0.936541 -0.554047 0.682595 0.244748 -0.205487 -0.895107 -0.200196 1.49079 -1.18408 -0.325999 
0.446092 -1.27305 -0.00395971 -1.08119 0.769292 0.353283 1.71217 1.90061 -1.0039 -0.970586 -0.228423 -1.25657 0.377217 -0.458945 -0.277948 0.672739 1.29827 -1.1353 0.527051 0.138652 -0.891312 -0.449352 0.0930524 0.2989 1.15283 0.791031 -0.341602 -0.108658 0.305314 1.35781 0.0362052 1.08602 0.701233 1.08161 0.120676 -0.380996 -1.51086 -1.27574 0.683483 
0.225897 -1.50868 -0.0948752 -0.850999 0.613964 0.577919 1.55182 1.44765 -0.79938 -1.67532 0.219765 -0.640524 0.368599 -1.06992 -0.264346 0.0942529 0.922275 0.9824 1.02167 0.351889 0.405962 1.06151 -1.46087 -0.519463 0.600617 -0.0904248 -0.852465 -0.0742128 0.669329 0.43017 -0.218616 0.354861 0.159011 -1.24021 0.118293 1.04436 0.151596 2.10773 0.957997 
0.0664425 -1.40128 0.036733 -0.70866 1.25357 0.830186 1.85963 2.16809 -0.358333 -2.02243 -0.497591 -0.785652 0.322576 -0.971786 0.167749 0.357543 -0.670537 0.830065 -0.0110922 0.0614307 -0.707136 0.589689 1.26456 -0.0905812 1.28404 0.393768 -1.00674 -0.178494 -0.0726435 0.657518 0.529386 0.603241 0.0847244 -0.0977859 1.05116 -0.704758 0.251219 0.747561 -1.17129 
-0.120701 -1.42314 0.0500135 -1.12331 1.02248 0.568993 1.57163 0.973081 -0.438689 -0.768042 0.172687 0.366501 0.647622 -0.619789 -0.00646855 -0.205396 0.0369948 -0.2422 -0.146891 -0.244796 -0.534398 0.22311 0.549081 0.861028 0.260818 -1.36694 -0.687823 0.173445 0.136434 0.615254 0.995834 0.0875242 -0.411605 0.265563 1.09245 0.294356 -0.0271745 1.2447 -0.798307 
-0.161603 -1.40192 -0.0411591 -0.69453 1.12886 0.757377 1.74485 1.80868 -0.218976 -1.62946 -0.0518949 -0.58129 -0.611727 -0.182573 0.103498 -0.147048 1.56818 0.562061 0.140851 -0.575622 1.04624 0.745579 -0.880044 0.0597964 0.15321 -1.38831 -0.312597 -0.0892584 -0.15072 0.21702 -0.466037 -0.479998 -0.530964 -0.693518 -0.130084 0.694581 1.69661 0.261022 -0.175827 
-0.201491 -1.36938 -0.00478781 -0.489289 1.29773 0.631543 1.31144 1.66741 0.0161248 -1.40237 0.203479 0.486449 -0.301408 0.0952924 -0.126904 -0.0258572 0.279907 -0.40884 -0.543205 -0.418804 -0.360598 -0.387441 0.354701 1.41373 0.0370763 1.14481 -0.320282 0.754165 0.314131 0.807928 -0.320274 -0.623044 -0.828249 0.483439 -0.207596 -0.840564 1.36275 0.831903 0.727794 
-0.148807 -1.46215 -0.0479994 -0.582058 0.921276 0.498135 1.55359 1.56513 -0.448257 -1.37622 0.680008 -0.552442 0.184851 -0.354824 1.06219 0.630905 -0.389565 -1.00938 -1.0376 -0.460107 -0.426784 -1.00499 -0.207947 1.76844 0.805915 2.28746 1.28022 1.64558 -0.32898 1.615 -2.17718 -3.56381 -1.80922 -1.93827 -2.82733 1.36555 0.424609 1.18377 1.05074 
-0.340296 -0.841347 0.248283 -0.647849 0.791503 0.13973 1.10203 1.37973 -0.586021 -1.55358 1.11906 1.11841 1.28258 2.05396 2.66556 -0.479624 2.07564 -2.63375 -4.60184 -1.84486 -2.13609 -3.08543 1.41963 -0.840258 1.3296 0.155069 1.61854 1.36553 -0.744052 2.06769 -2.38853 -3.51669 -1.56014 -2.16063 -2.37524 2.97874 -0.0490938 -0.0183901 -0.854522 
0.52367 -0.140898 -0.234416 0.257406 -0.392743 -1.67037 0.735569 0.13794 -2.30653 -0.357475 0.244723 0.490322 0.299383 3.07198 1.04513 -1.77492 3.40525 -2.32861 -4.03938 -1.49177 -2.35603 -1.91334 4.07531 -1.82854 -0.831653 -3.35175 1.98539 1.5866 -0.324764 2.17281 -2.03909 -2.33551 -1.47039 -1.46801 -1.95332 2.77049 -1.7835 0.823608 -0.93897 
0.675054 -0.32175 -0.450741 0.729902 -0.370772 -1.76418 0.439191 -0.194076 -1.73661 1.37415 0.172012 0.465787 -1.01948 1.27901 -0.217745 -0.0193708 1.09335 -0.21584 1.23123 0.00531864 0.244509 0.684652 2.17754 -1.5396 -0.380087 -1.32415 2.42772 0.79926 -0.339962 2.48961 -2.54085 -1.9357 -1.30775 -1.75555 -1.66506 3.10246 -1.87769 -0.949973 -2.21223 
0.935144 -0.246066 -0.23869 0.699198 -0.504346 -1.09488 0.730711 0.297787 -1.88851 1.20608 -0.552706 0.191929 -0.605437 1.00348 0.19001 1.25254 0.225714 -1.22226 1.24635 -0.144181 0.0944498 -0.133857 -0.0474246 -0.6773 -0.273103 0.602726 0.880444 -0.19943 0.514616 1.07514 -1.31466 0.948655 -0.757639 -0.366265 0.797146 2.33733 -0.0814181 -0.236995 -1.40008 
0.993728 -0.225195 0.0483397 0.820434 -0.982863 -1.18158 0.368627 -0.134266 -1.81278 1.33833 -0.178888 0.251317 -0.596465 0.199162 -0.0853163 0.811647 0.474934 -1.62126 0.142539 -0.95266 -0.718411 0.28839 0.857619 1.43627 0.101148 -0.41711 0.564443 0.0123849 0.876475 0.486819 -1.05819 1.03458 0.135131 0.627172 0.442509 -0.033755 0.20162 0.748484 1.4526 
0.982923 -0.285719 0.0859087 0.890625 -1.31486 -1.03154 0.304817 -0.1843 -1.70973 1.82084 0.190868 0.271037 -0.885201 -0.0557544 -0.16683 0.0964053 0.484631 -0.256394 0.251557 0.314372 0.709957 0.67189 0.00622797 0.952525 1.13561 1.19581 -0.000414291 -0.345759 0.540556 0.691904 -0.495802 -0.0988713 -1.32948 -1.18585 0.674482 0.218048 0.984269 0.631181 0.0268834 
0.955651 -0.305175 0.0898843 1.01579 -1.11463 -1.06695 0.4996 0.335873 -1.40246 1.34108 0.314188 1.1419 0.235256 -0.199622 -0.443123 0.0205348 0.534482 0.928623 -0.282051 -0.710482 -0.810093 0.534188 -0.572114 -0.114257 0.625488 0.446521 -0.218487 -0.246752 0.36543 0.783794 -0.0578349 0.201293 -0.00162046 -0.499064 0.950423 0.0170199 0.623666 0.867802 1.20733 
0.896391 -0.502386 0.0974277 1.10616 -0.857325 -1.16793 -0.014639 -0.727507 -1.38255 1.40786 0.13153 0.761461 -0.569825 -0.310767 -0.209117 0.466368 0.658786 0.175873 0.0425538 -0.315361 -1.35474 0.489168 0.0184533 -0.112816 -0.134902 0.298378 -0.709578 0.298963 0.548659 1.17103 0.479583 -0.41891 -0.106992 -1.10451 0.945965 -1.30582 -0.506097 -0.369416 2.0239 
0.831685 -0.406075 0.27784 1.28165 -1.03144 -1.05064 0.353801 -0.570424 -1.10246 1.35262 0.255596 1.03584 0.448545 -0.991257 0.907696 0.824112 1.17363 -0.258029 -0.319797 0.577593 -0.613752 0.621401 -1.11953 -0.557083 -1.05781 2.06092 -0.971212 0.536136 0.310865 0.408765 0.197921 -0.110922 0.873586 -1.73036 0.360693 -1.3194 -0.300712 -2.15175 0.321072 
0.543234 -0.0507794 0.426959 1.58045 -0.989908 -1.32208 0.23202 -1.13982 -1.00272 0.601381 -0.157118 -0.0685639 0.858058 -1.3193 1.03899 0.0124646 -0.0622655 0.10106 -0.199476 1.40992 -0.874418 -0.0514951 -1.72771 -0.283823 -2.36183 0.0960821 -1.57698 0.765321 0.656606 0.513085 0.0758688 -0.323494 2.19402 -0.304715 0.632557 -0.314393 0.25376 -1.02388 2.08636 
0.368044 0.110483 0.286165 1.25559 -0.985448 -1.14819 0.966271 -1.15651 -1.12891 0.108961 0.108451 -0.817115 0.522429 -1.65566 0.27517 0.186597 -0.424978 0.364377 -0.144212 2.16983 0.219049 0.149751 0.714218 0.902046 -0.132551 0.524028 -1.83561 0.778263 -0.147277 -0.491957 0.277465 0.185188 1.47305 -0.375713 0.515616 -0.461156 -0.151447 -0.96221 0.924405 
-0.0336954 0.0879057 0.504197 1.40755 -0.812972 -1.39362 1.17847 -0.996948 -0.907652 1.11306 0.309818 -0.172779 1.22685 -1.76177 0.163811 -0.238422 -0.654716 0.287046 0.470321 0.435026 0.388359 0.679203 1.13199 0.0868252 1.2429 1.04703 -1.91323 0.715172 0.0577749 -1.25569 0.0609257 -0.144055 0.526513 0.502842 -0.685667 -0.0547075 1.14729 1.34358 0.0769136 
-0.244624 0.194077 0.195203 0.989686 -0.846968 -0.930649 1.15027 -0.900768 -0.714168 0.920939 0.15324 0.157632 1.25163 -1.5557 0.830455 -0.0971084 -1.40573 -0.278914 -0.0605743 -1.50972 0.425376 -0.99558 -0.782599 0.638009 1.68434 -0.432536 -1.64964 0.78684 0.149298 -0.741424 0.380014 0.0874331 -0.665041 0.168876 -0.591687 0.687867 0.92613 1.27484 -0.112968 
-0.576957 0.501299 0.469159 0.837601 -0.955941 -1.42583 0.507748 -0.716526 -1.50412 0.548773 0.640027 1.14825 0.936451 -1.00712 1.0522 0.468706 -0.426058 0.244387 -0.340694 -1.26646 -0.173666 -1.40975 -0.236914 1.15743 0.229267 -1.19116 -1.45661 0.802689 -0.184535 -0.990854 -0.0116424 0.155713 -0.850519 0.65338 -0.0530645 -0.211924 0.51589 0.132126 -0.885335 
-0.603123 0.717171 0.384084 0.816351 -0.729702 -1.09463 0.586462 -1.0197 -1.5607 0.748912 0.752421 0.337243 0.438455 -0.889167 0.409966 -0.186165 -0.0387782 0.262953 0.28884 0.446115 0.412754 0.925724 0.510237 0.0575516 -1.53574 -0.669994 -1.29636 0.787924 0.142458 -0.0916336 0.0233098 -0.480761 -1.01528 0.892898 0.17364 0.597762 0.835202 0.0919629 -1.01614 
-0.895729 0.70667 0.398878 0.821054 -0.829443 -1.29366 0.696622 -0.444518 -0.940535 0.913821 0.669657 -0.0566837 0.482421 -1.16874 0.165481 -0.248945 0.292858 -0.211497 -0.350506 -0.00338721 1.32 1.61798 1.01508 -0.0347912 -0.127187 -0.073677 -1.00767 0.621751 0.0834115 0.654643 0.135714 -0.342301 -0.14187 0.557843 0.666271 0.0574202 0.370571 -0.946191 -1.05723 
-1.01606 0.801591 0.288958 0.934066 -0.839145 -1.26322 0.577778 -0.142874 -0.579148 1.47685 0.734232 0.237236 0.395355 -0.802093 0.551771 0.315091 0.993857 -0.0729621 -0.780017 -0.622663 0.302443 -0.113217 -0.433139 0.443645 0.435363 -0.645837 0.502711 -1.04846 -1.94576 -0.212287 3.47048 -0.68352 -2.46924 2.33112 0.972593 0.45029 -0.435129 -0.42419 -1.53325 
-1.18517 0.982194 0.526966 1.22257 -0.869993 -1.6643 0.415763 -0.246049 -1.00425 0.600741 0.899218 0.284598 0.0450378 2.01284 -1.77623 -2.74374 -0.602004 5.06228 -0.633604 -3.08647 1.67697 -0.429728 -0.428251 -0.541629 -0.368574 -1.83282 1.64389 -1.48935 -1.40572 -0.862643 3.97425 -0.702733 -2.33753 1.55535 0.751672 0.65519 0.246445 -0.394908 -1.06072 
-0.357427 -0.074586 -0.793472 0.689501 1.67403 -1.56499 -0.785935 0.971926 -0.833962 1.16729 0.453587 -0.0521258 -0.859998 3.5618 -2.84159 -2.477 -2.2514 5.62784 -0.231849 -2.30231 1.6963 1.03048 1.28581 -0.108465 -0.897209 -0.674321 1.86578 -2.67164 0.213742 -0.230535 3.16797 -0.788861 -2.0751 1.37105 -0.015605 -1.61575 0.271369 0.914233 0.721715 
-0.00485334 -0.421033 -0.449904 0.31025 1.92444 -1.77708 -0.603311 0.881639 -0.377413 1.5233 0.842879 -0.419448 -0.411974 1.11934 -2.33458 3.07316 0.266248 -0.634288 -0.502684 0.489985 0.0846313 0.405821 -1.66551 0.910144 1.42306 2.72443 2.39725 -3.82175 0.0979025 -0.654067 2.7405 0.533583 -1.85485 1.04399 1.26265 -0.386855 0.357727 1.21506 0.670844 
0.000268473 -1.22699 0.42611 0.796443 1.35434 -1.80517 -0.57778 1.02519 -0.584288 -0.0316568 0.924717 1.06395 1.02512 0.462522 -3.04064 2.62822 1.29802 -1.7973 1.00599 -0.0184716 -0.355555 0.513569 -1.78514 0.592484 2.30013 1.5028 0.827457 -2.39684 2.92577 0.0436182 -0.88417 0.151939 0.482484 0.116382 1.57867 -1.23519 0.685452 0.842453 1.2001 
0.131626 -1.92273 0.593595 0.834899 1.02638 -1.30755 -0.618625 0.641451 -0.0626823 0.238358 1.14951 1.38464 0.6313 0.269889 -1.35298 1.42836 -0.202213 -0.601151 0.725497 0.115008 0.0625152 1.52587 0.0655075 0.0122033 -0.451714 -1.23922 -0.124024 -2.0375 2.32357 0.251747 -1.3702 0.349942 -0.445365 -0.885941 0.0264085 -1.68383 0.931962 1.69638 0.698885 
0.0718685 -1.89377 0.994769 0.713731 1.05112 -1.46759 -0.534429 1.06371 0.341651 0.0137053 0.930864 0.709367 0.178828 -0.670476 -0.0934518 0.946895 -0.930475 -0.117428 -0.497142 -0.537979 -0.787043 -0.48594 -0.396946 0.659568 -0.33971 -0.639526 -0.468631 -1.16541 1.28856 -0.699832 -0.97994 0.308603 0.00799777 -0.685862 -0.0549387 0.496419 0.749137 0.562755 -0.0653314 
-0.113491 -1.96641 0.971718 0.457354 0.963718 -1.54512 -0.862265 0.113611 -0.351436 -0.0487053 1.49089 1.11792 0.198266 -1.05631 -0.437908 0.554527 -0.817909 -0.768139 -0.276364 -0.103957 -0.94766 -1.59802 0.58117 0.995323 1.0991 1.1542 -0.972601 -0.120026 1.03826 -1.42175 -0.676684 -0.0373695 -0.163113 -0.0713255 0.437033 -0.16717 0.635554 -0.512091 0.0290886 
-0.303197 -2.10786 1.21761 0.381758 0.664865 -1.6013 -0.587314 0.428793 -0.618558 0.429741 1.4461 1.57131 0.981877 -0.961919 -0.0873098 0.650937 -1.14241 -0.82802 0.446476 0.33484 0.692656 1.01726 0.18265 0.196041 -0.257863 0.671674 -0.927225 -0.129608 0.401072 -1.16379 -0.135105 0.379366 -1.02013 -0.912948 -0.117555 0.0534015 0.392419 1.14932 1.07575 
-0.456766 -2.00705 1.23272 -0.00599068 0.547681 -1.3388 -0.722297 0.572216 0.267411 0.0808622 1.59223 0.915401 0.668798 -0.499916 0.242388 0.0630766 -0.878798 0.579623 0.827724 -1.17196 -0.229689 1.44906 -0.509286 -0.464904 0.227679 0.176718 -1.18186 -0.418544 0.569459 -1.2102 -0.271913 0.738769 -0.0880145 0.712507 0.924793 -0.484845 -0.317389 -0.335382 0.64321 
-0.490869 -1.98539 1.24597 0.0251339 0.948842 -1.21564 -1.10959 0.272515 0.261006 0.0619248 1.20519 1.74967 1.11133 -1.02173 -0.553235 0.225708 -0.621971 0.448295 0.624085 -0.443973 0.221556 0.112364 -0.809114 -0.614985 -0.135034 0.122517 -0.838202 0.0458952 0.336813 -0.720665 0.197595 0.790291 -0.611964 -0.208118 0.693005 -0.149332 0.245571 0.437128 0.36238 
-0.820188 -2.27819 1.32543 -0.258639 0.766349 -1.04893 -0.924621 0.716762 0.339902 -0.502479 1.2736 0.809238 0.760898 -0.906873 -0.167595 0.455673 -0.171703 -0.303146 0.317267 0.406967 -0.0407169 -0.603763 0.318133 0.798913 0.274193 0.269001 -0.55963 -0.038405 0.272875 -0.344679 0.00419818 -0.0426474 -0.882824 -0.509864 -0.131399 -0.184819 0.877388 0.291909 1.05183 
-0.815605 -2.06575 1.42969 -0.0452263 0.793822 -1.07009 -0.937923 0.242215 -0.0988869 0.288882 1.61872 1.96453 1.30437 0.0825632 0.498188 0.194683 0.119761 -0.442116 -0.682376 -0.660069 -0.880235 -0.278308 0.57192 1.79405 0.468704 1.17872 -0.719663 0.00147569 0.576976 -0.253675 -0.305775 1.28111 1.09646 0.871942 -0.613586 -0.259851 1.41484 -0.406404 0.683733 
-0.811679 -2.02918 1.40587 -0.211002 0.54222 -1.37364 -1.22192 0.126794 0.176512 -0.0930933 2.20244 1.17667 1.58084 -0.300934 0.173972 0.432536 -0.197798 -0.123905 1.53677 0.966575 1.16008 -0.153649 -0.652678 1.09899 -0.749353 0.575474 -0.322176 0.382026 0.368249 0.170276 0.384869 0.261419 0.0551661 -0.0840867 -0.485445 0.402346 0.181198 0.457099 0.742619 
-0.936259 -1.97713 1.60426 -0.126151 0.727938 -0.350877 -0.520304 1.01243 -0.18701 -0.182009 2.18764 1.37647 1.70861 -0.62314 0.0943209 0.372428 0.128976 0.980334 1.06335 0.730163 0.769427 -0.321922 -0.047297 -1.54613 0.0562998 -0.261171 -0.31189 0.172401 0.397015 0.0261583 0.433944 0.443609 0.125326 0.499817 0.756058 0.270254 -0.282856 -1.20182 -0.0931713 
-1.04085 -1.97996 1.55665 -0.159634 1.02547 -0.877127 -0.908205 0.63658 -0.0132106 -0.128818 1.40163 1.2206 1.40854 -0.222376 0.0956673 0.178827 0.236372 0.730713 -0.892604 -0.808658 -0.519549 1.07629 1.00592 -1.47174 -0.64711 -0.695034 -0.665499 -0.307524 0.382128 -0.487789 0.532321 1.36624 1.17554 0.872077 -1.34544 0.569325 -0.665425 -0.739523 -0.380071 
-1.03046 -1.92725 1.67842 -0.0313041 1.08705 -0.774484 -0.882909 0.662917 0.467483 0.539347 1.42535 0.868609 1.23733 -0.493746 -0.56387 0.216034 -0.839879 -0.236032 0.91368 0.742374 0.350112 -1.33321 0.788566 0.661695 -0.917299 -0.214394 -0.593233 -0.316631 -0.395236 -0.546644 0.810305 0.099326 -0.469394 -0.679485 1.05856 0.21858 -0.80845 -1.12646 -1.47385 
-1.22645 -2.25636 1.64554 -0.500502 0.903825 -0.451023 -0.589124 0.866827 -0.813528 0.4363 1.74411 0.500796 1.26847 -0.773202 -0.579244 -0.786234 -1.0331 0.402111 1.03941 0.22213 -0.35739 0.217407 -0.719721 0.396009 -0.662062 -1.13776 -0.592122 -0.00452572 -0.0103774 -0.317035 0.230557 0.94421 0.968187 0.769069 0.653386 0.102193 0.567191 -1.60317 -2.19153 
-1.31017 -2.21125 1.37066 -0.450398 1.28275 -0.289233 -0.792478 0.421506 0.603396 0.0202637 1.63024 0.349022 0.46095 -0.499967 0.561004 -0.231389 0.377982 0.558578 0.453666 0.470602 0.636881 2.12991 -0.653377 0.102479 -0.94403 -2.50895 -0.789127 0.122845 -0.11012 -0.211163 -0.219565 0.220716 0.761391 0.348474 -0.654024 -0.923066 -0.333345 -0.746375 -1.02526 
-1.41414 -1.97627 1.55736 -0.348325 1.17734 -0.241318 -0.389488 1.28825 0.477118 -0.0350934 1.797 -0.239978 -0.452816 -0.551208 0.772556 0.617439 0.725597 -0.708672 -0.717241 0.731987 0.803181 -1.02442 -0.475311 -0.836294 -0.206874 -0.138395 -0.594045 0.798527 -0.391649 0.290901 0.235362 -0.137604 0.0293776 -0.176376 1.42068 -0.259809 -0.31596 -0.0351351 -1.53105 
-1.51512 -1.8265 1.61841 -0.15749 0.926067 -0.630346 -0.477961 0.953794 -0.0104819 -0.323131 1.19701 0.186505 0.373253 -0.496973 0.673006 -0.3705 0.04666 -0.229317 -0.649134 -0.432789 -0.866442 -0.392012 0.318887 -0.519511 0.898897 0.605179 -0.570429 1.14102 0.271132 0.287502 -0.167099 0.0635009 1.24729 0.226258 -0.942415 -0.310314 -1.32097 0.146599 0.0549163 
-1.60082 -1.64077 1.41413 -0.330282 1.05903 -0.550391 -0.586897 0.707478 0.245076 0.192405 1.52781 0.46492 -0.0281065 -0.406091 0.988974 -0.19973 -0.305912 0.475439 0.812295 0.830356 -0.514652 -0.136344 0.075293 -0.924933 0.372236 0.202592 -0.568024 0.952753 -0.454721 0.0185348 0.0872085 -0.352842 0.249792 -1.07054 -0.223328 0.42489 -1.16559 1.15232 1.98542 
-1.67119 -1.33469 1.54276 -0.282185 1.15823 -0.251935 -0.120212 0.607543 -0.0881562 -0.270734 0.717877 0.478268 0.520534 -0.456288 0.798545 -0.328416 -0.0192035 0.351513 0.142729 0.746507 -0.51369 0.113305 0.234985 -1.0339 0.431354 1.85451 -0.671789 0.799384 -0.533196 -0.550551 0.064329 0.448252 1.22314 -0.554109 0.670437 1.01526 0.163442 0.182869 0.464021 
-1.77379 -1.24316 1.28755 -0.338903 1.22957 -0.486957 -0.265999 0.361869 0.318135 0.359593 0.992252 0.803057 1.25753 -0.721354 0.246356 -0.61991 -0.496516 -0.385219 -0.161421 0.701753 -0.200958 0.953961 1.24456 1.1491 -0.164863 0.369249 -0.554989 0.865969 -0.31047 0.22577 0.346857 0.701944 1.38091 -0.0621301 0.514739 0.0245083 -0.628364 0.726479 1.08538 
-1.93344 -1.21026 1.30082 -0.484044 0.962399 -0.331579 0.181016 0.470418 0.492475 0.622162 1.31274 0.348706 0.782661 -0.475092 0.53934 -0.148591 0.348866 0.133578 0.874634 0.9831 0.431135 0.513328 -0.200588 0.199026 0.405663 -0.511643 -0.577343 0.712265 -0.20199 0.800614 0.796523 0.225826 1.42792 -0.0534349 1.68831 0.381665 0.0960541 0.377734 0.461871 
-1.95311 -0.973787 1.23214 -0.198514 1.29173 -0.0792211 0.158883 0.646131 0.63272 0.213677 1.09514 1.12104 0.912626 -0.247552 0.854792 0.309785 1.66446 1.49878 0.490974 1.0867 0.129592 1.11222 -0.746765 -1.01506 0.597942 0.199923 -0.540463 0.975726 0.25046 0.56141 0.0446828 0.0687676 0.943995 -0.0148693 1.29714 -0.500285 -0.32589 0.0892136 0.00344216 
-2.03612 -0.784824 1.42681 0.188958 1.70347 -0.104324 0.651429 0.553655 1.16866 0.0836387 0.786939 0.817521 0.928103 -0.431905 0.967594 0.534498 0.470253 -0.0708165 -0.771972 0.199592 -0.452877 1.07302 -0.445908 -0.629341 -0.306767 0.511967 -0.486779 0.90554 -0.412282 0.985831 0.918862 0.236131 0.951222 -0.33234 0.820388 -0.487046 -0.573746 0.244782 -0.582336 
-2.11787 -0.492548 1.44705 -0.00898142 1.25225 -0.44608 0.239409 0.341063 1.28524 -0.108581 0.769077 0.880162 1.2731 -0.56933 0.544041 -0.943415 -0.226419 -0.214234 -0.146534 0.105045 -0.559841 -0.110663 0.117446 0.253245 -0.318857 -0.926471 -0.595889 0.64807 -0.404296 -0.0976993 -0.182074 -0.0240494 0.298166 -0.731021 1.33385 -0.263325 -0.756319 -0.304415 0.423187 
-2.24717 -0.513124 1.05685 0.0964462 1.59267 -0.176965 0.6904 0.177279 1.10649 0.166335 0.917905 0.567159 0.29733 -0.568131 0.0346791 -1.15584 -0.612298 -0.183345 0.740549 0.174679 -0.490377 0.558353 0.106856 -0.376668 -0.0502632 0.00920412 -0.499923 0.844793 -0.649915 0.0816752 -0.259188 0.379843 -0.409967 -0.545569 1.3248 0.34597 -0.0154824 -0.860965 -0.0306504 
-2.32852 -0.472838 0.993027 -0.257714 1.15681 -0.10142 0.308986 0.0109961 1.62701 -0.0334967 0.573854 0.840498 1.28712 -0.269617 0.761229 -0.0557807 0.345951 -0.147705 0.698583 -0.617185 -0.144781 1.73094 0.334032 -0.268391 -0.682804 0.884491 -0.496386 0.34249 -0.618303 0.283335 0.0781739 0.910841 0.444803 0.119927 0.146272 0.396833 0.273427 0.545654 -0.381638 
-2.35727 -0.133978 1.03817 0.235656 1.51495 0.147953 0.411949 0.0776046 2.15625 0.404721 0.778751 0.0313016 0.914518 -0.264878 0.496935 0.205278 1.02591 0.292915 0.578592 0.383146 0.642084 -0.383696 0.410613 0.747935 0.677837 -0.486713 -0.457082 0.516549 0.0799775 0.914408 -0.27577 0.079945 -0.277111 0.793843 0.923697 0.227671 0.274091 0.413487 0.742595 
-2.43703 -0.224442 1.07766 0.156772 1.2982 0.167052 0.470185 0.435887 1.39999 0.259938 0.960986 1.37199 0.959388 -0.497415 0.0384733 0.179424 0.987937 -0.23741 -0.579773 0.271348 1.16365 -0.602669 -0.0360418 0.640546 1.15729 0.0330237 -0.267766 0.499208 0.0628446 1.20262 -0.179915 -0.121044 0.325437 0.570535 0.646837 0.935576 0.93356 1.32178 -0.172977 
-2.5441 -0.112391 1.11257 0.63477 1.39262 -0.128491 0.524012 0.850202 1.79701 0.377086 1.11027 0.938898 0.944947 -0.184363 0.276059 -0.107991 0.728282 -0.54406 -0.750136 0.0252616 0.0894463 1.17236 0.805848 0.506255 0.848689 0.268125 -0.244912 0.223472 -0.337169 0.553539 -0.392631 -0.316986 -1.20863 0.0376875 -0.990974 0.623673 0.582271 1.39863 0.645737 
-2.51842 -0.0853173 1.03831 0.450766 1.02338 -0.189535 0.474091 0.492361 2.11249 0.837478 1.22297 2.0375 1.15183 0.0865355 0.309827 -0.697503 -0.180296 -0.311034 0.125167 -1.78322 -1.11777 -0.61766 0.847824 0.143797 0.458254 0.764302 -0.291591 0.405709 -0.360465 0.468825 -0.450861 0.304647 -1.0131 -0.650185 -0.869356 0.0850208 0.442518 -0.404853 0.188064 
-2.53426 0.0434398 0.839925 0.560931 1.23367 -0.0733188 -0.266918 0.101883 1.42873 0.984801 1.18456 1.29814 1.47931 -0.304872 0.352926 -0.445926 -0.044177 -0.0857691 1.19356 -1.29238 -0.928684 -2.24351 -0.692939 0.0911706 -1.32205 -0.0387093 -0.040878 0.273914 -0.63005 -0.225745 -0.966265 0.25172 -1.27131 -0.605987 -0.0904253 -0.0305838 -0.2767 0.228872 0.230464 
-2.6404 0.0918348 0.865232 0.432034 0.97646 0.368228 -0.101113 -0.129905 0.762546 0.337647 1.27001 1.00019 1.13283 -0.154918 0.116165 -0.271134 -0.148474 -1.03914 0.241793 0.192895 0.335402 0.501976 -0.884907 -0.50832 -0.197598 -0.482275 -0.0123802 0.225343 -0.841862 -0.601118 -0.879701 0.0156804 -0.964833 -0.461506 -0.395713 -0.662525 -0.00845693 -1.30409 -0.397523 
-2.60573 0.103462 0.736017 0.499975 0.712646 0.0367167 -0.189336 0.322324 1.73646 0.346977 0.921168 1.1429 1.15464 0.284326 -0.00174411 -0.848555 -0.831992 -1.14342 -1.16758 0.0856856 0.332231 1.75335 -0.164055 -0.0969208 -0.192863 -0.458512 0.0691537 0.157606 -0.353666 -0.138285 -0.692833 0.291996 0.785845 0.669562 0.408411 -0.342819 -0.900845 -1.16545 -1.05883 
-2.56394 0.0935258 0.532812 0.0943589 0.403575 -0.184734 -0.0706496 0.0884222 1.82583 0.217992 1.21965 0.848661 0.824531 0.271237 0.130687 -0.272324 -0.0527552 0.0711248 0.183351 0.791833 0.523551 -0.00576948 0.442714 -0.690993 -1.15674 -0.835545 0.199602 0.22076 -0.743098 -0.15757 -0.77332 -0.28753 0.638438 0.468015 1.36274 0.242116 -1.18436 -1.2571 -0.771633 
-2.53368 0.170669 0.631639 0.47777 0.743749 0.11926 0.151483 0.668195 1.73763 0.663487 0.563177 0.235262 0.586527 0.0509664 0.345867 -0.293991 0.602639 0.0629121 0.755531 0.714523 0.267381 -0.0865274 0.480788 -1.48159 -1.26763 -0.502929 0.0635111 0.200982 -0.253808 -0.0465377 -0.072072 0.503183 0.175958 -0.562402 0.0743307 0.902143 -0.263818 0.0988723 -0.188968 
-2.56607 0.267186 0.419859 0.337487 0.430594 0.166973 0.236191 0.263517 1.77824 0.56187 0.45226 -0.145956 0.485628 -0.16439 0.182974 -0.117516 -0.0146822 -0.171544 0.546878 -0.570536 -1.24983 0.0921812 0.73037 0.343699 1.26682 0.597113 -0.190807 0.0519699 -0.202604 0.167136 -0.0803265 0.0807973 -0.302489 0.281235 0.332893 0.390873 -0.402136 -0.230299 0.34353 
-2.60834 0.263743 0.588525 0.470979 0.654174 0.372813 -0.106466 -0.168166 1.79793 1.18677 0.740983 1.22878 1.00568 -0.371024 -0.261718 -0.0170786 -0.358481 -0.174868 -0.63549 -1.09213 0.0918911 0.490101 0.0289496 0.949296 0.996441 0.925257 -0.133566 0.0763332 -0.324271 -0.319388 -0.205484 0.350327 -0.147917 0.187658 0.0767187 -0.454016 1.1019 0.200803 0.206261 