-0.959077 -0.744821 0.338777 1.43431 1.17995 0.185483 1.84869 1.74554 0.819681 1.42306 0.64982 -2.14369 -1.43678 -0.426923 -0.0277434 -0.321157 -0.0843742 -0.840569 -0.322123 -0.00148374 -0.475894 0.118325 -1.12074 -1.02046 0.442661 0.677763 0.270415 -0.612652 0.480122 2.0255 0.65093 0.255928 1.24825 0.03723 -0.546479 -1.56607 -0.665842 0.362064 0.971542 
-1.00209 -0.576176 0.378686 1.5066 1.38625 0.241233 1.5456 2.01117 1.25898 1.68603 0.0283414 -1.83725 -0.650694 0.759918 -0.734037 1.10168 1.80043 1.50248 0.934126 0.499743 0.67869 0.091213 -0.218118 -0.215371 1.14323 1.13002 2.23796 -1.49949 0.155857 0.482299 -1.22463 -0.583618 -0.53959 -1.12321 -0.471347 -0.32694 -0.160503 -0.16334 -0.137458 
-0.690765 -1.22477 0.779153 2.7766 1.96606 0.838804 2.25209 2.21482 0.916651 1.23254 0.522896 -0.912387 -0.543678 3.6531 -2.24318 0.545134 0.647374 -0.860282 -0.399016 -0.694883 -1.07583 -0.711271 0.73184 0.83628 -0.655435 -0.855303 1.13629 -0.0793068 0.331116 -0.336358 0.180118 -0.474672 -1.48765 -0.496302 -1.16009 -0.49764 -0.419506 0.21327 0.797707 
0.357814 -2.04537 0.597495 1.99246 0.927281 -0.037969 0.976163 1.25355 0.480282 2.28094 0.542938 -2.49539 -1.28909 0.878688 0.613577 -0.623206 -2.19981 -1.24734 -1.52214 -2.41941 -1.36781 -1.53199 -0.370874 -0.273533 -0.90549 -0.146607 0.652927 0.037558 0.971631 0.154876 1.07123 0.0445338 0.55451 -0.196948 -0.644328 1.00624 1.7679 0.289683 0.101076 
-0.377641 -0.821349 0.532839 1.14769 1.30313 -0.226012 0.278294 1.25304 -0.757618 0.915712 0.360492 -1.8332 -0.635383 -2.71104 2.29968 0.863458 -0.46928 2.35621 0.445454 1.41026 0.798613 -0.0946122 0.442009 1.24838 0.984579 0.97389 -0.176928 0.672971 0.0285636 -1.21098 -0.262526 -0.175571 0.125841 -0.331054 -0.526022 1.93487 1.04642 0.0501759 -0.126942 
-0.683467 -0.536707 0.943032 1.64891 2.16327 0.27353 2.12105 1.80669 0.37448 2.63622 1.30892 -1.43075 -0.516435 -1.1325 0.405073 0.662336 0.772259 0.886135 1.29962 2.58166 0.906066 0.871738 2.63325 1.50934 0.948129 -0.0178759 -2.1119 1.57318 0.465068 -0.723944 1.14035 0.489477 0.62675 0.599704 0.77639 -0.0634552 0.941862 1.02518 1.15227 
-0.82334 -0.554605 0.798307 1.72631 1.76445 0.682966 2.37711 1.88131 0.191062 3.08274 1.28567 -0.806848 -0.627783 -0.331185 0.0820739 -0.190464 -0.385735 -0.764043 0.144687 -0.601671 0.0203319 1.03761 -0.522051 -0.135587 0.224382 0.449694 -0.645654 -0.0291015 -0.120349 1.1961 0.159489 1.00382 1.1671 0.316172 1.06207 0.923571 0.906916 0.632316 0.575084 
-0.826828 -0.48169 0.868995 1.36742 1.75502 0.374644 1.62752 1.8156 1.50415 2.1944 1.23067 -1.16466 -0.148149 0.203227 -0.449512 -0.839448 0.629856 -0.659724 -0.0809704 -1.07585 -0.477251 0.422923 -1.55631 -0.437665 -0.20912 0.724919 2.65164 -0.964801 -2.2275 0.726099 -2.18168 0.806582 -2.93364 0.0518856 0.768396 -2.34236 0.743861 1.80193 0.759898 
-0.765067 -0.848045 0.465905 2.19915 1.41117 0.626234 1.49743 1.54227 0.649995 1.78578 1.02314 -0.996148 -0.0471856 4.1535 -1.54336 -3.04652 1.23534 -2.26942 0.832944 -3.18379 0.0448346 -0.104452 -2.22932 1.01543 1.91374 0.486785 2.87595 -1.44247 -0.75682 -0.714948 -1.67603 -0.646862 -3.19504 0.613279 0.55806 -2.55726 -0.110836 1.62125 0.571964 
0.721883 -1.49216 -0.342056 2.28999 0.553504 0.95719 -0.968755 1.84164 1.38761 0.340995 1.85454 0.876042 0.248751 3.94234 -1.73508 -0.261908 -1.4743 -1.66965 -0.71745 -3.0469 1.31488 0.25131 -1.44696 0.311923 2.13111 -0.0217489 2.60504 -2.02418 -1.7567 0.204713 -0.894114 -0.162639 -2.7646 0.561824 -0.122808 -1.84127 -1.47156 1.97863 1.01337 
0.703972 -1.98418 0.363426 1.10912 0.525704 0.12429 -0.987364 2.45642 0.921663 0.579237 1.21787 1.2729 -0.0425731 -0.398337 -1.52205 0.493199 -0.998656 1.02878 -1.03966 -0.383558 0.721989 -0.0594497 0.0653313 -2.7421 0.435762 0.76436 2.30514 -1.18922 -2.25129 -1.35568 -0.530744 -0.432173 -2.54623 0.952733 2.06593 -0.858572 -1.26151 1.60095 1.29272 
0.553185 -2.48865 -0.143922 1.55324 1.08999 0.22986 -1.28466 2.3412 1.32018 0.384832 0.186279 1.36417 0.859773 -0.619341 -0.0660292 -3.00962 -0.123361 0.934978 0.181371 -0.238682 -0.0101742 2.27908 0.434887 -1.79148 -0.233396 1.6197 -0.698856 -0.167492 -0.51996 -1.60611 0.528513 -0.0435026 0.0909911 0.381673 1.66432 1.37466 -0.803647 0.809114 1.54262 
0.45189 -2.02624 -0.832936 1.02251 1.01277 0.251065 -1.18529 2.444 3.40603 0.928627 0.129498 1.0581 1.22827 -0.607606 1.26806 -1.2506 -0.893395 -0.288535 0.978524 0.500843 -0.203046 2.09546 1.54038 1.80124 0.514738 1.14383 -1.01773 0.570794 -1.237 0.217042 0.723355 1.26485 0.510664 -1.57275 0.283915 -0.730256 -1.88163 -0.6225 0.715595 
0.30553 -1.65621 -0.640007 0.894683 0.932318 0.914237 -0.880359 2.1939 3.60419 1.64826 1.28952 1.93526 1.76352 -0.846115 0.92996 1.21097 0.374535 0.0765657 1.35625 0.897481 -2.1601 -1.94231 -1.29655 -0.41766 -0.528636 -0.738222 -0.283688 2.44837 0.563689 -1.34131 -0.815211 0.368485 0.278019 -2.58948 -1.40958 -0.558025 0.409507 -0.934497 -0.431358 
0.114246 -1.41543 -0.349051 1.30571 1.04748 1.19966 -0.457987 0.928181 1.28402 -0.153558 -0.120825 0.533153 0.680186 0.199945 2.43892 2.06681 -0.687374 -0.842236 -0.53623 -0.142232 -3.36621 -3.84336 -2.20016 -1.31478 -1.64999 -1.68622 0.583868 1.76768 0.371859 -1.83193 -1.99639 1.91225 -0.372823 -3.67526 -3.62814 -1.13845 0.22753 -0.64956 -0.52541 
0.362564 -0.0562697 0.18459 0.389147 0.482863 0.539055 -0.999743 -0.16532 -0.592251 -0.181038 0.491935 0.232372 0.484142 1.68865 1.74631 -0.673332 -2.53205 -2.85203 0.972464 -1.37867 -2.90315 -2.53658 -0.0435962 0.690017 -0.265766 0.0790617 1.06218 0.954501 0.315069 -1.05326 -1.45497 2.01072 -0.146139 -3.67227 -3.84629 -2.62389 -1.29976 -1.56756 -0.408752 
0.732969 -0.269502 -0.615321 -0.569969 -0.461048 1.8798 -1.58426 -1.10723 -1.48646 -0.199784 0.304549 0.284348 0.762564 1.33187 -0.993978 -1.61163 -0.554776 -1.17934 2.98528 -0.0464571 -1.69292 -0.904076 -0.881221 -0.209764 -0.242547 1.17189 1.48529 0.509007 -0.100852 -1.97479 -2.18001 1.17195 -0.702582 -2.28702 -1.91059 -0.924937 0.352893 -0.177201 0.323348 
0.846676 -0.70661 -0.455223 -0.0179011 -0.14423 2.62714 -1.04113 -1.35445 -1.58134 -0.919823 0.36843 0.0079573 1.40953 0.452891 -0.975936 0.524532 0.20659 -0.179106 0.451635 0.471985 -0.249936 0.171958 -1.04627 -0.270166 0.0364112 0.315465 1.14767 -0.744137 -0.740403 -0.332745 -1.24466 2.54956 0.46479 -0.740882 0.212654 -0.501902 -0.173402 -0.630046 -0.121724 
0.88544 -0.908016 -0.404713 -0.411508 -0.56106 2.19562 -1.20346 -1.28732 -1.30138 -1.07503 0.144198 0.352971 1.02731 0.323141 -0.133179 0.534116 0.159641 -0.5494 0.122212 0.646065 0.667266 1.15312 0.287233 0.0104105 -0.528513 -1.3299 0.333131 -0.609191 0.694898 -0.19538 -0.231819 0.490507 1.47352 0.501696 1.58071 -0.370033 0.634959 -1.19842 -0.883972 
0.950192 -0.792692 -0.2408 0.105688 -0.439373 2.71253 -0.518569 -0.893156 -0.325616 -0.692516 0.379235 -0.516856 0.405034 0.0283188 0.0531165 0.482206 -0.440244 -0.139345 0.139766 1.42921 0.934026 1.76114 0.606859 1.02188 -1.48737 -1.41976 0.119683 0.0146732 0.48384 -1.14914 -1.16517 -1.6106 0.167523 0.385949 1.6213 -0.635529 0.0185616 -1.38342 -1.74354 
0.87772 -0.871981 -0.210956 -0.733487 -0.640121 2.29329 -0.0431365 -0.639485 0.617808 -0.583455 0.772012 -1.1791 -0.0465177 -0.149522 0.155024 0.166138 -1.5145 -1.06866 -2.09829 -0.430028 -0.14244 0.829935 -1.03786 0.0160876 -1.14376 -0.841504 0.153926 0.452088 0.940558 -0.655924 -0.901709 -1.35605 0.472957 0.864827 1.62685 -0.104562 -0.170276 -2.01287 -1.95228 
0.875372 -0.689856 -0.172871 -1.0142 -1.00814 1.24471 -0.87232 -0.998071 0.577448 -1.56081 0.393504 -1.68796 -0.222718 0.194646 0.631069 0.881264 -0.334809 -1.11187 -1.80479 -0.819069 0.249719 0.228754 -0.735087 -1.21755 -0.937855 -1.01079 -0.120087 0.544648 0.934581 -1.0119 -1.36774 -1.78703 0.584468 0.552922 0.484611 -0.919329 -0.780459 -0.505301 -1.03231 
0.932755 -0.457095 0.141669 -0.977154 -1.23166 1.03076 -0.713702 -0.470174 0.864863 -1.20141 0.0337427 -2.13391 -0.804855 -0.0223812 0.669317 1.18865 0.320975 -0.831456 -0.0933786 1.18406 0.897014 -0.246115 -0.0454357 -0.929665 0.52192 -0.446947 0.025582 0.663252 0.948094 0.0379025 -0.771058 -1.65353 -0.602734 -0.23003 -0.580692 -0.851952 -0.323047 0.477776 -0.417048 
0.848523 -0.249898 0.302127 -0.770778 -1.45192 1.17929 0.0883588 -0.376122 0.306325 -1.60856 -0.16915 -1.10933 -0.546106 -0.156632 0.372863 0.493149 0.375393 0.0425753 -0.223736 0.0412246 -0.572458 -0.956302 -0.269227 0.842137 1.492 0.486151 -0.256618 0.587842 0.788988 -0.130414 -0.757008 -0.321315 0.708813 0.145704 -0.579141 1.24223 0.437975 1.43283 -0.502513 
0.855253 -0.211464 0.339783 -0.693313 -1.21486 0.874166 -0.683688 -0.875791 -0.181216 -1.4342 0.551912 -0.536237 -0.408445 -0.346272 0.220429 -0.0452829 -0.478257 -0.218274 -0.307236 -0.269583 -0.702757 -0.479523 1.49591 1.44962 1.17468 -0.183788 -0.414645 0.622907 0.818615 0.429984 0.0782845 0.0550239 0.693604 -0.0436243 0.190379 1.235 1.30509 2.14303 0.719627 
0.69947 -0.104189 0.285888 -1.12099 -1.57257 0.964293 -0.134734 -0.872854 -0.219492 -0.381897 0.71959 0.155018 -0.666492 -0.439748 0.569979 0.693243 0.126107 0.0707655 0.282993 0.853626 0.506207 1.17793 1.71122 0.698004 1.05417 0.400335 -0.378904 0.746543 0.645377 0.31441 0.390303 -0.185785 0.126194 -0.312885 0.0386218 1.51947 0.932361 1.28486 -0.420277 
0.670931 0.163378 0.617555 -0.594631 -1.1832 1.07202 0.00790253 -0.527124 1.10158 -0.0295135 0.982158 0.601511 -0.0782348 -0.198602 0.909625 0.98011 0.843893 0.766073 0.0722338 0.432292 0.266013 0.514338 0.27954 -0.348002 0.344916 -0.344854 -0.50506 0.561716 0.327654 0.610417 0.629653 0.32362 0.569809 0.179578 -0.248249 1.7431 -0.0691187 0.940691 -0.19672 
0.606132 0.493292 0.677864 -0.489169 -1.17451 1.01473 0.213744 -0.692149 0.339192 -0.16095 0.511759 0.547716 -0.911125 -0.286925 0.280206 -0.219794 0.587503 0.810306 0.104477 -0.118511 -0.26534 -1.49624 0.326365 -0.774665 0.0537263 -0.651444 -0.363341 0.572994 0.315294 1.76462 0.853971 0.43746 -0.841841 0.0359745 -0.181491 0.844389 0.0601496 -0.302589 -0.616213 
0.544269 0.348271 0.531842 -0.153245 -0.761832 1.14501 -0.0921643 -0.717981 -0.533686 0.230149 0.514057 0.688323 -0.559373 -0.323845 -0.0423619 -0.52461 1.22655 0.427343 0.454345 -1.51866 -0.222739 -0.750478 0.704588 0.42343 -0.724263 -0.427032 -0.395261 0.249411 -0.298992 1.33836 0.606011 0.329321 -0.834808 -0.257713 -1.2927 1.0969 -0.843541 0.421614 -0.408361 
0.465541 0.466741 0.470802 0.426877 -0.954954 1.33244 -1.02653 -0.853216 -0.482291 0.411433 0.774511 -0.182726 -1.21915 -0.28152 0.0970823 -0.216733 0.981851 0.0378469 0.28996 -0.958783 -0.0954894 -0.10777 0.953754 -0.213131 0.433236 0.137594 -0.437104 -0.270442 -1.13846 1.17553 0.707016 -1.72924 -2.15217 -0.479883 -0.190824 1.38701 -0.58061 -0.49325 0.345378 
0.419646 0.413126 0.447348 0.581046 -0.74752 1.34774 -0.876506 -0.790066 -0.653847 1.00855 0.388499 1.1738 -0.431843 -0.304899 -0.367518 -1.13094 0.151386 0.56145 -2.5754 -1.25846 -0.443789 0.50285 0.915596 -1.10188 0.116843 0.848908 -0.341284 -0.00426048 -0.791778 0.919693 0.673143 -0.836825 -1.80693 -0.0940648 0.403211 0.481248 -0.985306 -1.57822 1.19059 
0.332097 0.227048 0.0223557 0.544335 -0.664725 -0.469118 -2.05491 -1.16886 0.0638568 1.15828 0.106805 -0.0296119 -0.542908 -0.209141 -0.103907 -0.935387 0.0953332 0.903781 -1.32051 -1.37287 -0.0401666 0.591387 -0.395297 -0.941456 -2.33852 1.33357 -0.539219 0.108066 -0.795677 0.0712006 0.9902 -0.650719 -0.259321 0.147511 0.0784086 1.16385 -1.39691 -0.872642 2.04432 
0.322333 0.346232 0.0767523 0.656871 -0.276897 0.423966 -1.99805 -0.823464 -0.0110862 0.671528 -0.181347 -1.25238 0.618273 -0.470999 0.53078 -0.0268409 -0.0716587 0.821651 1.77226 0.923727 0.640532 -0.419058 0.443001 -0.536975 -1.1781 1.68211 -1.16686 0.312284 -0.410875 -0.718246 0.30494 -0.765888 0.860929 0.564085 0.746343 0.819468 0.9743 -0.90139 0.466343 
0.135985 0.576194 0.0134583 0.496125 -0.237381 0.770473 -1.30624 -0.72626 -0.395981 1.51438 -0.216302 -1.2368 0.776069 -1.47122 0.576398 0.336391 -0.94365 -0.474842 0.376643 2.48362 0.810101 0.314618 1.35021 2.09241 1.24287 -0.761524 -1.06296 0.61723 0.485797 -0.0546427 0.273155 1.09075 1.48113 0.963842 0.306967 -0.0187948 1.05578 -0.8072 0.547717 
-0.251163 0.725281 0.21246 -0.0390161 -0.532751 0.687332 0.0209196 -0.262292 0.329664 1.77772 1.09951 0.0836009 0.0522175 -1.05964 0.403465 0.729936 0.00344976 -0.436971 -0.447392 0.98729 0.679454 0.784201 -0.470693 1.7838 0.195126 -1.00904 -1.20324 0.6739 0.33496 -0.492117 -0.145014 0.46841 1.84518 0.562221 -0.181337 0.319916 2.28685 0.902791 -1.02726 
-0.282223 0.841885 0.305838 0.503703 -0.473278 0.457433 -0.505795 -0.256445 0.457178 1.11502 0.876295 -1.00145 0.0190801 -0.261566 0.443659 0.147667 0.361162 0.27726 0.187756 -0.102864 -0.0427308 -0.550568 -0.98087 0.602808 -0.180317 -0.520658 -1.04512 0.191765 -0.210345 -0.771787 0.183094 0.906306 1.19084 0.65991 0.926479 0.176117 2.69078 0.657746 -1.38706 
-0.368257 1.01732 0.273035 0.234254 -0.392278 0.818572 -0.0664057 -0.297483 -0.273678 0.956546 1.47168 -0.0754428 -0.328032 -0.445296 -0.113465 -1.03773 -0.914707 0.69625 1.54688 0.549158 0.222333 0.343549 0.671476 1.38666 0.574303 -0.719815 -0.489507 -0.0155118 -0.385648 -0.195757 0.440312 1.24368 -0.620277 -0.269251 -0.0577272 -1.21738 0.39983 -0.00997895 -0.446871 
-0.468638 0.768725 -0.105502 -0.170687 -0.112016 1.53937 -0.0621473 -0.106284 0.829497 1.66003 1.72663 -0.367788 -0.514801 -0.442694 -0.46752 -0.710031 -0.59526 0.340172 1.32399 -0.697615 -0.333976 0.466779 -0.4518 -0.127734 0.150997 -0.0409998 0.861353 -0.778304 -1.74039 2.81463 0.346221 -0.442234 0.785985 1.16453 -0.348138 -1.1722 -0.900164 -0.0328885 -0.815442 
-0.553691 0.712074 -0.00784418 -0.202864 -0.218654 1.7446 -0.638065 -0.536335 0.233111 0.572811 1.39822 0.11355 -0.33827 1.6877 -1.06543 -1.49191 4.21951 -0.209832 -2.09526 0.464894 1.37379 -0.784828 -2.05119 -2.44108 -0.631028 -0.299403 2.44686 -3.11044 -0.979966 2.44455 1.14691 -2.22016 -1.07714 1.33455 1.04234 -1.4953 -2.19536 0.385716 0.00234703 
0.149728 0.0715488 -0.697652 2.96839 -0.22822 0.0736635 0.312881 0.849059 -0.0294694 -0.0461004 0.241997 -1.00029 -0.724373 3.96991 -4.24273 -0.715363 3.46501 1.26114 -4.04492 -0.692362 2.16405 0.803587 -1.30664 -2.45053 0.293023 0.0370212 2.28811 -3.46815 0.489885 0.744151 0.833942 -2.60412 -3.1475 1.547 1.90821 -1.50763 -2.04769 1.1951 1.37463 
0.92575 -2.06784 -0.290847 2.37581 0.440281 -1.08488 -1.20545 0.97162 1.10742 -0.517718 -0.0921839 0.451736 -0.288322 1.61074 -4.18647 2.20094 -3.34868 1.37536 -1.09486 -4.52631 0.748605 3.12107 0.278295 0.0365562 2.04326 1.99904 2.27782 -3.02214 -0.873234 0.763214 1.32951 -1.43627 -1.55067 1.75543 1.45782 -0.0584914 -2.17079 -0.478667 0.236985 
0.739056 -2.67148 0.180344 0.486153 0.490904 -0.692274 -3.37667 1.36723 3.37368 0.173817 0.268751 1.17647 0.839092 -0.686282 -0.333814 -0.555043 -2.57178 0.59442 2.28187 -1.30863 0.245134 0.978239 1.23242 -0.0988258 -0.882999 0.250291 0.808924 -2.05299 0.614312 -2.47197 1.14976 0.291079 -2.62943 0.030857 1.27785 0.73311 -0.680361 1.19896 0.659028 
0.648411 -2.28544 -0.510024 0.470621 0.747883 0.511172 -2.27468 1.13772 2.17232 0.491082 -0.148014 -0.445454 -0.0738562 -0.443886 1.07743 -1.31122 0.438757 0.229915 1.44256 1.13337 -0.712374 -1.56079 0.575393 -0.832365 -0.626412 -1.18779 -0.861227 0.227921 -0.43031 -2.08461 0.55868 1.8144 0.250231 0.848098 0.978156 1.57115 0.176842 -0.508304 -0.466541 
0.553173 -1.96401 -0.339874 0.817058 0.606428 0.316696 -2.45727 0.863773 1.66798 0.63938 -0.234548 0.548815 -0.055786 -0.553648 0.678562 -0.0721763 0.11722 0.187828 -0.0727239 1.63138 0.915592 0.213125 0.603611 0.311546 0.257571 -0.836368 -0.780076 1.33594 -0.516707 0.277559 0.570566 1.26014 2.15118 -0.884002 -1.86433 0.307605 -0.707638 -1.87687 -2.96367 
0.421115 -1.83942 -0.53697 0.562701 0.841229 0.460209 -0.949727 1.77266 2.40232 0.979975 0.0464873 -0.14451 -0.697646 -0.6791 0.945097 0.558544 -0.116441 0.568883 0.0893008 1.64223 -0.510208 -0.746884 -0.22048 0.00446317 -1.63613 -2.49833 -0.404113 1.8706 1.02976 -0.230499 -0.230535 -0.234637 0.518374 -1.7376 -2.13643 -0.118535 0.0578839 0.802246 -0.871731 
0.278543 -1.34327 -0.115726 0.735585 0.900573 0.379068 -1.12348 0.501687 0.850422 0.446904 -0.227371 -1.13952 -1.96163 -0.0275532 2.15356 1.56518 -0.392159 -0.504491 -0.221974 -0.962634 -3.31269 -2.85576 -0.748217 -0.238784 0.684713 -0.252732 -0.0292828 1.66186 -0.393598 -2.07801 -1.74278 0.106211 2.11271 -2.34321 -2.69374 -1.29352 0.0331401 0.701229 0.615227 
0.392314 -0.426538 0.0879243 0.276438 0.569752 0.304847 -1.7372 -0.549131 -0.716449 0.351159 -0.0947195 0.605135 -0.871215 0.638051 1.57094 -1.13245 -2.33036 -2.99121 0.0325046 1.08373 -2.72019 -2.58179 -1.30144 0.039187 2.45758 3.25521 0.520174 1.57924 -0.150578 -1.37715 -1.61262 0.553602 0.668246 -3.35851 -2.37062 -1.28693 -0.295347 1.43208 0.741223 
0.500875 -0.3123 -0.564774 -0.990292 -0.681299 0.401711 -0.24451 -1.40579 -1.96939 -0.639323 -0.199012 1.47247 0.570855 0.778303 0.237373 -1.78618 -1.23074 -1.73661 0.890474 1.82476 -1.31472 -0.0751536 -0.765981 -0.104043 1.011 1.16603 0.940816 1.0469 -0.650727 -1.67061 -2.07714 0.399353 1.10118 -1.92527 -0.511461 -0.427058 -0.0807631 1.23176 1.81968 
0.667563 -0.269722 -0.621379 -0.632687 -0.350998 0.927634 -0.254768 -1.47379 -0.801019 -0.292344 -0.153732 1.69753 0.0496557 0.718869 0.0139251 0.185157 0.362477 0.103319 0.44751 0.337025 0.0648639 1.93947 0.795183 -0.129548 -1.0015 -1.00307 0.917248 -0.0513837 -0.311024 -0.888245 -1.74056 -0.0612714 1.95885 -0.333557 0.626768 -0.273609 -0.289051 -0.916082 0.56202 
0.753699 -0.301954 -0.489273 -0.716045 -0.632486 0.714648 0.0263882 -1.36574 0.144392 0.00796498 -0.273583 0.450793 -0.181528 0.544654 -0.315552 1.33219 0.182579 -0.682636 -0.973326 0.702661 0.849531 0.833965 0.439597 -0.231376 -2.12422 -0.475203 0.699577 -0.253372 0.887253 -0.348761 -0.459232 -0.492376 -0.231091 0.538931 1.68819 0.770979 -0.198884 -1.83047 -0.384907 
0.854656 -0.475351 -0.0892392 -0.49206 -0.71635 0.246707 0.313885 -0.885048 0.106443 0.0609405 -0.29042 -0.503524 -0.295529 0.290412 -0.397958 1.10091 -0.776441 -0.738422 -1.05715 -0.63533 0.67046 0.125939 0.102894 -0.0997861 -1.20553 0.518334 0.368198 -0.18933 0.819496 -0.472699 -0.873559 -0.538457 0.213101 0.863537 0.721312 -0.779189 -0.323052 -2.44415 -0.642196 
0.844867 -0.561601 -0.0492073 -1.28774 -1.02723 -0.0249164 -0.49455 -0.902214 0.279255 0.0828587 -0.329999 -0.785206 0.239707 -0.0129105 0.0284923 -0.144515 -0.74224 -0.529379 0.307372 -0.427814 0.332439 0.0412282 -1.35862 -0.144047 -0.816909 -0.328942 0.200023 -0.00300493 0.848425 -0.632377 -0.853716 -0.90274 0.267751 0.548342 -0.223622 -1.46651 -0.360844 -0.749007 -0.651255 
0.83138 -0.455457 -0.144983 -1.03835 -1.00094 0.461618 -0.038062 -0.657893 0.14887 -1.07256 -0.373836 -1.33129 -0.527887 -0.0010183 0.393035 0.128774 0.0290686 -0.445965 -0.053939 0.980693 0.0778119 -0.41394 -1.82759 -0.3201 0.292165 -1.33372 -0.14635 0.139727 0.590147 -0.503974 -0.390923 -0.565233 0.201811 0.211452 -0.341439 -1.04612 -0.877202 0.339899 -0.00328567 
0.826078 -0.302747 0.00384663 -1.26113 -1.26787 -0.0627394 0.300519 -0.853113 -0.174998 -1.4384 -0.52081 -0.447921 -0.767747 -0.19684 0.18271 0.999141 0.145813 -0.0106099 -1.00605 0.688093 -0.0477144 -0.47426 0.126705 -0.883352 1.20612 0.31797 -0.181893 0.266733 0.326755 0.369332 -0.107732 -0.0185264 0.92392 0.385341 -0.0356768 -1.11286 0.108829 0.191462 -0.399714 
0.738707 -0.334472 0.254569 -0.92503 -1.01216 -0.242196 0.518728 -0.696569 -0.371205 -0.977983 -0.908239 -0.0339187 -0.261213 -0.259951 0.0104829 0.34337 0.401132 0.300295 0.0233204 0.211339 0.446177 0.357295 0.517436 0.4528 -0.0805157 0.830609 -0.359438 0.215063 0.880547 -0.263516 -0.336811 -0.811405 0.575943 0.332846 -0.048649 0.594598 0.204805 1.09069 0.0372785 
0.709593 -0.294659 0.142333 -0.958172 -1.11526 -0.0465201 0.469065 -0.546424 0.212321 -1.02075 -0.240141 -0.502126 -0.10562 -0.319982 0.142568 0.277186 -0.459566 -0.454033 0.00655951 0.0549365 0.499473 0.401646 0.564619 1.12897 0.0812011 -0.278583 -0.434582 -0.0828081 -0.100424 -0.774236 0.315657 -0.234914 0.143228 0.142089 0.284744 1.54388 1.21612 -0.199831 -0.501755 
0.599573 -0.2398 0.366706 -1.26136 -1.25705 -0.2377 0.559908 -0.352611 0.0645106 -0.521329 -0.215096 0.081755 -0.454724 -0.365159 -0.136245 -0.491549 -1.31527 0.143566 -0.318356 -0.0266506 -0.256894 -0.0195084 1.28663 0.982666 -0.17591 -1.4604 -0.215949 0.481739 0.490653 -0.681228 -0.150162 -0.0451883 0.0303295 -0.36636 0.5342 1.06037 1.4165 0.24281 -0.192346 
0.553414 -0.382751 -0.0515682 -1.93008 -1.04524 -0.269301 0.443804 -0.731375 0.188472 0.0328662 0.363753 -0.656539 -1.21079 0.00993654 0.586515 0.432961 -0.345233 0.249282 -0.0697579 -0.0159241 -1.0098 0.243215 0.672675 0.542253 0.191872 0.0329034 -0.275188 0.573159 0.845363 -0.0617495 -0.183622 -1.27382 -0.634802 -0.296598 -0.158841 0.463781 -0.382497 0.0538954 -0.164313 
0.584917 0.14588 0.540859 -1.51277 -1.13132 -0.286589 0.543382 -1.06405 0.327346 0.024668 0.12014 0.313685 -0.407953 -0.0302549 1.00376 1.71678 1.2387 -0.394907 -1.24618 -0.792572 -0.157439 -0.188749 -0.748646 -1.42803 0.222998 1.24953 -0.224778 0.795495 0.6573 0.110037 0.493632 0.235258 -0.376223 -0.73589 -0.102672 0.468871 0.716914 -0.454368 0.544062 
0.523594 0.276435 0.633682 -1.00501 -1.25897 -1.14109 -0.205184 -0.846779 -0.0200527 -0.596304 -0.502908 -0.391912 -0.225513 -0.332706 0.617661 0.51918 0.470616 0.442393 0.349254 -0.469648 -0.0089876 -0.382331 -0.128728 0.305881 -0.752781 0.635628 -0.150937 0.951905 1.53229 1.31697 0.393411 -0.727397 0.150907 -0.318546 -0.199225 -0.589418 -0.640312 -0.0389647 1.55293 
0.440982 0.551978 0.749336 -1.1582 -0.903832 -0.0423814 0.157367 -1.07564 -0.0924152 -0.0919458 0.311186 -0.446715 0.103765 -0.186106 0.437256 0.50597 0.305506 0.947033 0.349348 0.987169 -0.287095 -0.0692206 0.052073 0.679337 -0.286991 0.671466 -0.484481 0.55099 0.495148 1.24071 0.306532 -1.27152 0.113853 0.208842 -0.559881 -0.814017 -1.23233 -0.191919 1.04421 
0.434971 0.564276 0.8369 -0.773078 -0.765555 -0.896814 0.595158 -1.05285 -0.0981479 -0.56343 -0.0840492 -0.663014 0.31385 -0.364311 0.216282 0.197495 0.983942 -0.0112388 -1.91099 0.616432 0.290121 -0.319599 -0.83112 -1.7511 0.50582 0.653807 -0.607083 0.398103 0.499131 0.543467 -0.0383863 -0.411141 1.28419 0.936078 0.797898 1.28533 0.611992 1.36527 1.40371 
0.285123 0.694969 0.829748 -0.422358 -0.915386 -1.3792 0.6558 -0.878081 -0.443724 -0.789307 -0.752551 0.115008 0.629505 -0.687588 0.165184 0.216488 0.329402 -0.996145 -0.859726 0.669727 1.56888 1.03869 1.44892 0.0453522 1.90278 1.06427 -0.575909 0.130359 0.602148 1.02532 -0.295648 -0.764102 1.06022 0.910165 -0.0859413 -0.558623 -0.919768 1.40258 0.88989 
0.157139 0.673772 0.924873 -0.523398 -1.29611 -1.49828 1.13699 0.0389191 1.03271 0.624378 -0.0519292 1.36617 1.15623 -0.46446 -0.0192635 0.674558 0.217419 -0.396088 0.969305 0.751466 0.956007 0.20108 0.170644 0.673616 1.1546 0.44405 -0.837443 0.572161 0.153814 0.34607 -0.564346 0.108927 0.631993 -0.296257 -0.40191 -0.337227 -0.0741277 0.993701 0.246554 
0.091477 0.683558 1.10008 -0.255854 -1.12974 -0.701268 1.2642 -0.21488 -0.226867 -0.658396 -0.337182 1.35825 0.993438 -0.518068 0.700817 0.0045215 0.0734524 0.214681 0.984851 0.145626 -1.98274 -1.54616 -1.84988 -0.127906 -0.731469 -0.765079 -1.02643 0.439398 0.175794 0.474401 0.128592 -0.212549 -0.162931 0.672954 0.238817 0.0170787 1.4021 1.30572 0.336042 
-0.0567327 1.13438 0.928462 -0.463826 -1.18862 -0.809476 1.25202 -1.35288 -0.657023 -0.915306 -0.125499 0.628158 0.587428 -1.01354 0.684234 -0.421629 0.336296 0.579477 -1.23701 -0.961822 -0.0362724 0.0801724 -0.156285 0.98066 0.389958 -0.033764 -0.916227 0.530938 0.0491051 0.317735 0.490257 0.324768 -0.312372 0.13824 -0.674364 -1.8387 -0.0202124 -0.0464743 -0.995451 
-0.309336 1.13329 0.934016 -0.00105231 -0.830011 -1.56664 0.477381 -0.245555 -0.141945 -0.797795 0.265489 1.79827 0.988782 -0.80112 0.102764 0.064437 0.296092 0.472294 -0.595976 -0.548809 2.16673 0.703303 -0.311103 0.108785 0.658492 -0.477611 -1.01429 0.553214 -0.544317 -0.504587 0.296907 -0.16568 0.0431862 -0.54292 -0.1101 -0.58156 0.791886 -0.824145 -1.27656 
-0.3774 1.20296 0.955902 -0.238886 -0.94537 -1.22645 0.801544 0.156955 0.10786 -1.18271 -0.0546841 1.35026 0.240385 -0.44697 0.153077 -0.371143 -0.933443 -0.161724 1.02658 1.01742 -0.716992 -0.228431 -0.531077 -0.0443184 -1.3932 -1.5579 -0.885669 0.485453 0.0427064 -0.0177858 1.24127 0.593112 0.132116 1.39044 0.53054 -0.0310191 0.5384 -0.378936 -0.728033 
-0.496383 1.23485 0.78805 -0.689358 -0.920865 -0.848652 1.30236 -0.752241 -0.39377 -1.24708 0.242908 0.365121 -0.191606 -0.474032 0.631942 -0.00477034 -0.320974 1.2604 1.31276 0.719158 -0.259768 -0.0629464 0.269082 0.52932 -1.12917 -0.433095 -0.406289 0.312556 -0.57958 -0.93928 0.774437 1.24281 0.199552 0.060257 -1.01822 -0.00885317 -0.236164 -2.01858 -1.63629 
-0.574657 1.61842 0.955791 -0.472277 -0.286824 -0.30828 1.38363 -0.0300055 0.0366115 -0.970409 0.272663 0.194476 -0.0723174 -0.137367 0.319825 -0.472835 -0.174713 1.24439 0.484109 -0.76006 0.793677 -1.03771 0.515039 -0.228877 -1.03885 -0.480351 -0.44427 0.489641 -0.590652 -0.900228 0.308001 1.15028 0.183991 -0.404442 -0.347919 1.3207 0.487991 -1.57762 -2.00984 
-0.566616 1.44572 0.601599 -0.814112 -0.270753 -0.510114 0.67985 -0.202553 -1.52868 -0.831416 0.107745 -0.695789 -0.540762 -0.165038 0.109107 -0.855286 -0.741274 -0.827199 0.084866 -0.481873 -0.302956 -0.378063 1.27337 0.0494782 -0.7754 -2.0689 0.241608 -0.10861 -0.784274 -0.249501 -1.12649 0.407786 -0.371329 0.302307 0.341965 0.372822 -1.225 0.454374 -2.24931 
-0.655331 1.69115 0.617085 -1.01785 -0.728355 -0.24901 0.987662 -0.247166 -0.378492 0.0722528 0.3073 -0.589685 -1.64689 0.486687 -0.484658 -0.668387 -0.122564 -2.8086 0.00620965 0.280803 -0.383939 1.44594 -0.0836787 -1.20772 1.565 -2.31893 1.74084 -1.11668 -1.23449 0.0184457 -1.70804 0.028953 -0.360778 -0.632061 0.617892 0.788276 -1.42861 0.647705 -2.41005 
-0.401394 1.12924 0.337298 -0.900132 -1.7564 -0.505864 0.904964 -0.476343 0.0465626 -0.910782 -0.624524 0.978575 -2.30821 2.67484 -1.80038 -0.939718 0.758985 -1.54676 -0.0574667 0.0162311 -0.572964 1.12595 -0.355021 -1.72563 1.53282 -0.929943 2.39501 -1.23881 -2.22554 -0.949734 -2.56079 0.538766 -0.242848 -0.320963 2.13393 1.30675 -2.11893 2.46762 -2.66013 
0.335482 0.512214 0.244765 -0.449091 -1.54906 -0.289301 0.997322 -0.653137 0.847582 -0.231463 -0.740901 1.05087 -2.34287 2.96581 -1.39155 -2.56575 -0.997882 -0.752739 0.644162 -0.594279 -0.0639205 1.16816 1.60979 -1.28063 1.36944 -0.990371 3.2314 -1.61467 -2.61223 -0.517654 -0.942143 0.874502 0.155359 0.181235 1.22983 0.190535 -1.66322 0.69758 -0.647845 
0.699201 0.218292 -0.682357 -1.6363 -2.15869 -0.0553707 0.417456 -0.526352 1.3187 0.41003 -1.40127 2.44751 -3.0508 1.98294 -0.644957 -2.85595 -1.37149 0.239246 1.11809 0.184109 0.816111 0.375221 0.572704 -0.226545 -0.715739 0.118787 3.01226 -1.59205 -3.11679 -0.750122 0.982288 1.72355 -0.318579 0.153949 0.491553 0.441481 -1.55659 -0.855223 0.902863 
1.06524 0.0906589 -0.890418 -1.46276 -1.42862 0.492705 1.14369 -0.0877613 1.25446 0.231876 -0.874642 0.329382 -2.22984 1.37619 -1.01953 -1.9626 0.112093 2.12482 1.45397 0.183087 0.269523 -0.575795 -1.09795 -0.546103 -2.40987 2.10433 2.12175 -1.14865 -3.58261 -0.799948 2.05597 2.60318 -0.909211 0.516789 -0.0449815 -0.935054 -1.47198 -0.63107 1.78739 
1.20003 -0.448796 -1.46189 -1.54803 -1.04463 0.96158 0.562994 -0.343192 0.687828 -0.507946 -1.72994 -0.0536084 -1.40611 1.07577 -1.09472 -2.34885 0.427131 2.62784 2.05492 -1.35741 -0.111254 -0.44332 -1.67443 -1.50063 -0.0565451 2.09326 1.69901 -1.10119 -2.19183 0.309065 2.91689 1.84465 -0.901974 0.114332 -0.716318 -2.17377 -0.704006 -2.05504 2.36249 
1.45272 -0.625722 -1.82372 -1.14049 -0.0494916 1.93001 0.0347327 -0.170869 0.768149 -1.16275 -1.78559 0.300357 -0.593694 1.07334 -0.648283 -1.22259 0.24726 1.94103 0.792139 -1.34705 -0.118432 -0.318706 -1.4558 -0.277524 -0.0658042 0.821682 0.965585 -1.06193 -1.91725 0.188026 2.33151 0.828719 -1.6298 -0.427229 -0.607252 -1.80526 -0.774362 -0.120832 2.03394 
1.5866 -0.872531 -1.94683 -1.35936 -0.0274236 1.51558 -0.53753 -0.43132 0.337494 -1.7218 -1.89478 -0.0923595 -0.750874 0.31684 -0.513632 -0.437617 -0.210068 0.622911 -1.05023 -0.74569 -0.482824 -0.316923 -0.447352 0.594222 -0.10538 0.424869 0.598626 -0.697837 -1.2191 0.831792 2.32892 0.0980658 -1.35524 -0.238531 -0.573304 -1.01329 0.313134 0.252869 0.711735 
1.55386 -0.961193 -1.99615 -1.29151 0.273124 1.19529 -0.576077 -0.513807 0.419761 -1.5428 -1.41865 0.220033 -0.244558 -0.209533 -0.408765 -0.550062 0.726591 1.30613 -0.680286 -0.401774 -0.216005 -0.399748 0.262368 0.650597 0.35091 0.0550053 0.139934 -0.301854 -1.29739 0.155632 0.0577674 -1.78318 -0.850996 0.518524 -0.30233 -0.454824 -0.0282907 0.799544 0.245673 
1.48914 -1.13926 -2.16402 -0.814663 0.655218 1.03963 -0.868271 -0.587678 -0.101272 -1.51505 -1.49345 0.306636 -0.687053 -0.114038 0.0561865 -1.44873 0.38905 -0.538138 -1.13672 -0.352492 1.19007 -0.067967 -0.0914503 -0.622848 1.04443 -0.126771 -0.0913992 -0.180271 -1.02088 0.58498 0.936633 -0.980689 -0.277773 0.623932 0.0744742 0.353432 0.0722011 0.68598 -0.0162665 
1.49243 -0.923145 -2.57111 -0.997522 -0.0160834 0.400065 -0.866686 0.313067 0.343034 -1.62859 -1.79414 1.34755 -0.32096 0.0789699 0.135424 -0.934747 -0.0428834 0.00238756 -0.526058 0.0432348 1.06829 0.478696 0.146263 -0.560991 0.452294 -0.0820916 -0.21407 -0.311782 -1.21227 0.0532641 0.871865 -1.11711 0.556737 0.590254 0.431721 0.557569 -0.24414 -0.0130464 -0.496074 
1.50053 -1.04927 -2.53436 -0.8415 0.650845 0.671567 -0.836621 0.154038 0.41852 -1.4043 -1.83121 0.812132 -0.728989 -0.1933 -0.528664 -0.314001 -0.330408 1.75647 -0.236324 1.07074 -0.384127 0.58668 0.739369 0.340268 -1.07742 -0.49597 -0.228722 0.13955 -0.834283 -0.496258 0.307334 -1.62802 0.657712 1.37839 0.466802 0.534281 -1.10993 -1.35026 -1.24676 
1.40109 -1.26847 -2.69433 -1.23792 0.903869 0.234665 0.00171207 0.039146 0.980657 -1.02745 -1.58212 0.246128 -0.682165 -0.407423 0.0755111 -0.279095 -0.544472 0.429884 -1.47129 0.805304 0.822102 0.0832002 0.474357 -0.740219 -2.0849 -1.47259 -0.244976 0.203018 0.326549 0.11133 1.10011 -0.348962 -0.0557749 0.254718 0.201518 0.171026 -0.252503 -1.91346 -1.92664 
1.3284 -0.998559 -2.64368 -1.2409 0.871744 -0.357685 -0.184381 0.723603 0.506746 -1.02227 -2.2783 -1.34762 -1.84356 -0.158576 0.835704 0.785846 0.45731 -0.220323 -0.198075 -1.14283 0.728383 -0.351342 -0.544553 -0.632687 -1.22889 -1.90274 -0.336305 0.505149 1.10567 0.513348 0.344277 -1.19657 -0.138852 0.543257 -0.0813401 0.451119 0.351611 -0.466676 -0.909069 
1.32286 -0.719444 -2.37969 -0.893235 0.782137 0.0960206 -0.932508 0.543175 0.594711 -1.48788 -1.96361 -1.01441 -2.12856 -0.0760633 0.689019 1.88232 1.14397 0.053828 0.00114591 -0.984591 -0.0808265 -0.196056 0.0487815 1.15856 1.50926 0.337137 -0.371389 1.12693 1.42156 1.14883 -0.0486228 -0.983091 -0.861052 0.644734 -0.0290115 -0.123154 -0.379903 -0.25947 -1.14704 
1.2813 -0.545686 -1.89253 -0.386188 0.894477 -0.356976 -0.989739 0.661772 0.290248 -0.99212 -1.56711 0.268195 -1.5621 -0.375468 0.870337 1.27611 0.889242 0.156956 -1.01121 0.0316719 0.152522 0.302902 0.394532 0.190378 0.901125 0.471863 -0.327523 0.710324 2.26077 0.974504 -0.291947 -0.800784 -1.44026 -0.243626 -0.285649 -0.328162 0.413984 1.20626 -0.00262649 
1.16279 -0.147717 -1.86987 -0.22773 0.859215 -0.611403 -0.910273 0.644519 0.922676 -1.17185 -1.84303 -0.0374328 -1.74317 -0.394768 0.38619 1.39827 -0.00235437 -0.456001 -0.987653 -0.873926 -0.260621 -0.1683 -0.439111 -0.666835 -0.0836873 -0.34729 -0.626484 0.757581 1.47683 1.04509 -0.538976 -0.55448 -0.980889 0.425287 -0.247781 1.63694 0.859637 1.95344 0.786886 
1.11395 -0.291319 -1.33408 -0.382922 0.648552 -1.04793 -1.70498 0.474215 0.104037 -1.36536 -1.96943 0.210659 -1.80862 -0.526184 0.276429 0.866101 0.335358 -0.903096 0.325672 -1.29746 0.426432 -0.620643 1.51862 0.825675 1.41824 0.49812 -0.708658 0.778133 1.01464 -0.382444 -0.0632644 -0.26366 -0.439991 -0.0402503 -1.6083 1.31262 0.163776 0.386798 0.464853 
0.945856 0.0347012 -1.52328 0.0263749 0.37769 -0.383691 -1.97041 0.937402 0.242868 0.0735818 -1.3349 1.48276 -1.33753 -0.625301 0.791696 0.0727716 -0.451206 0.372247 0.657491 0.306073 0.199012 -1.82422 1.9721 0.864183 0.529003 0.917487 -0.877093 0.616191 1.1872 0.0634859 -0.113215 -0.70727 -0.60319 -0.439393 -1.56771 1.02709 0.401513 -0.25738 1.49823 
0.859615 0.228859 -1.30332 -0.713043 0.839079 -0.588108 -1.45928 0.608068 -1.88911 0.255017 -1.43781 0.796735 -1.07947 -0.73661 0.656242 0.855521 -0.264699 0.749791 -1.19791 0.519025 -1.03725 -1.3219 -0.320338 -0.348622 -1.74351 1.35496 -1.24114 1.13088 0.319095 -0.078908 1.06739 1.17805 1.05182 -0.342909 -1.33998 1.38968 1.40004 -1.14496 1.15569 
0.649528 0.466089 -1.18091 -0.165217 0.767166 -1.22171 -1.5513 0.206769 -1.20215 -0.201458 -1.54311 -0.318368 -0.270918 -1.1621 0.920331 0.388249 0.354472 1.11833 0.77406 1.05099 -0.677068 0.162006 -0.348785 0.787675 -1.91602 0.510353 -0.908118 0.863657 1.16536 -0.680491 1.30715 -0.0478208 0.830142 -0.99023 -0.765264 -0.762362 -0.192316 -1.88947 1.25577 
0.402749 0.833358 -1.14697 -0.444741 1.42276 -0.0467524 -0.60697 0.1293 -1.71489 -0.043543 -0.952868 -1.18561 -0.664392 -0.570894 0.651147 0.834388 -0.539234 1.07464 1.13149 0.552004 -0.3315 0.36715 -0.578959 0.127014 -0.534103 0.197117 -0.863593 0.950988 0.0790833 0.0451448 0.881238 0.264751 1.09492 -0.515551 -0.0820694 -0.948757 0.554497 -1.49896 -0.0613662 
0.415725 0.894136 -0.846943 -0.560722 1.32782 -0.430334 -1.10534 -0.0303518 -0.804081 -0.690329 -1.46117 -0.849054 -0.0974704 -0.0812353 0.519296 -0.275758 -0.305374 0.113053 -0.458525 0.361694 -0.0385377 -0.27576 -0.769004 -0.13063 0.105543 -0.593428 -0.72703 0.685742 -0.452768 -0.280364 1.3811 1.15206 0.79944 -0.653086 -0.589531 -0.232023 0.396693 -0.5299 0.133485 
0.353694 1.17498 -1.25496 -0.666545 1.4767 -0.36758 -0.315983 0.0970404 -2.01836 -0.689546 -1.0281 -1.04437 -1.10078 -0.47565 0.386841 -1.49422 0.205675 0.852753 0.268295 0.479409 -0.573349 -1.10558 0.301323 0.344369 -0.117158 -0.0382958 -0.619575 0.376993 -0.724578 -0.0946109 0.0408133 -0.418716 -0.358854 0.271869 1.20882 -0.324783 0.359936 0.759716 0.817563 
0.217857 1.14893 -1.44001 -0.40294 1.77156 -0.242757 -0.71849 -0.436591 -2.01305 -0.451372 -1.24665 -0.941751 -0.105622 -0.810459 0.0511791 -0.778778 0.19018 -0.0518874 -0.0611104 -0.824854 0.406394 1.75106 0.382634 0.558767 0.785865 1.6015 -0.860433 0.0402712 -1.6491 0.0236191 0.349115 -0.105351 0.496276 -0.103813 -0.387275 0.622369 0.837673 0.039063 0.346956 
0.0295023 1.20974 -1.56321 -0.520273 1.44373 -0.410419 -0.991259 0.37591 -0.110164 -0.383359 -0.682789 -0.188468 0.156018 -0.763136 -0.326235 -0.902854 -0.181883 -0.362305 -0.40501 0.160825 0.424279 0.616123 0.422555 0.645843 0.146504 0.46213 -0.754259 -0.399574 -0.385682 0.510641 0.631161 0.550293 0.519877 0.119498 -0.159292 0.153224 0.0166184 0.724688 1.05409 
-0.0884794 0.936298 -1.79766 -0.533019 1.575 -0.526152 -0.591081 -0.145214 -1.3433 -0.112178 -0.848221 -0.757478 0.272258 -0.275323 -0.656593 0.216366 0.406137 0.935059 0.725568 1.49554 -0.248195 -1.95987 -0.208686 -0.534555 0.0636417 -0.299799 -0.771163 -0.230366 0.159599 -0.339968 -0.0221743 0.725901 0.79169 0.737141 1.16737 0.757763 -0.23325 0.403189 -0.233525 
-0.0927822 0.780559 -1.47528 -0.213596 1.93083 0.0970164 0.223075 0.197043 -2.25134 -0.566083 -1.00442 -0.0912396 -0.0538591 -0.347007 -0.0229615 1.13226 -0.221744 0.335766 1.28405 0.860588 0.583775 0.80816 0.460031 -0.91561 0.318418 -0.758931 -0.462209 -0.418853 0.113252 0.650486 0.419022 0.504238 0.793455 -0.940002 -1.50286 -0.278916 -0.314784 0.251389 -0.373204 
-0.23781 0.922464 -1.34511 -0.692706 1.74631 0.371941 0.10618 0.257694 -0.463997 0.258001 -1.4023 -0.392615 -0.291797 -0.389599 0.0219858 -0.0542579 0.354577 -0.347272 -0.117388 -0.471851 -1.05144 0.0971579 -0.123918 0.168861 0.219693 -0.170405 0.433836 -1.12819 1.03402 2.56397 -1.26095 1.97968 0.578602 -0.285631 0.744046 -0.706302 -0.448704 -0.0929728 -0.714363 
-0.258183 0.796188 -1.4951 0.054783 1.7422 0.014811 -0.164734 -0.543515 -2.14789 -0.678721 -0.896959 0.169916 -0.163921 0.973338 -1.68574 0.366929 3.23188 -2.08719 1.12706 -0.114127 -0.98302 0.0950196 -1.29361 0.392354 -0.447017 -0.134803 2.05771 -2.90083 1.61419 3.19389 -1.46425 1.219 0.298562 1.24591 1.88408 -0.218539 1.27872 0.837276 -0.182669 
0.111026 -0.181328 -1.19724 1.71281 0.640816 1.16022 0.00968323 -0.435018 -0.362873 -0.821757 -1.15851 -0.831819 -0.374396 3.35602 -4.41484 2.39594 3.39607 -1.68723 1.59898 0.85697 2.75954 2.20937 -0.137912 1.34026 0.764494 -0.0632602 1.88585 -3.03724 1.67826 2.06371 -0.197153 2.04375 -0.396934 1.99707 0.961731 -0.40983 2.88587 0.0422735 0.0998811 
0.989641 -2.09655 -0.539469 2.58225 0.847473 1.13319 0.529581 1.38085 0.260424 -0.802928 -0.0749269 1.00337 -0.191331 1.74543 -2.91367 2.06779 -0.809828 1.81701 1.36235 -0.398169 3.7247 1.07613 0.807554 3.00763 0.480203 0.251908 1.50769 -2.56331 1.62294 1.51308 0.00249995 2.1306 0.140378 2.8305 1.83772 -0.456355 -0.18972 -0.598366 0.797724 
0.751171 -2.09003 -0.372255 1.11632 1.59267 2.11308 -0.318123 2.16426 0.808834 -0.164241 0.680644 -0.297006 -0.158682 -1.1822 0.533063 -0.0415653 -1.62132 1.69505 0.996556 -0.67596 1.1289 0.0400958 -0.402685 -1.55881 -1.49766 1.0467 0.548319 -1.35514 0.905583 -0.933277 1.26265 0.0812748 -0.0204254 1.63 0.803898 0.834285 -0.116353 0.0788236 -0.142445 
0.52519 -1.7459 -0.554229 1.38302 1.73506 1.83018 -0.0244438 2.16495 0.301615 -1.14605 -1.02137 -0.539502 0.637489 -0.954121 0.861323 -0.755107 -0.291271 -0.0545445 -1.27101 0.371691 -1.4881 -0.0992698 0.164731 -3.13986 -0.403295 -0.435638 -1.39018 0.842015 0.138034 -1.8907 0.800372 0.519978 -1.08045 -0.701513 -0.461323 1.75556 -0.782305 -2.06619 0.309405 
0.372776 -1.52422 -0.671079 0.904988 1.5583 1.22392 -0.0189944 1.11835 0.697949 -0.03822 -1.23026 -0.690281 -0.473347 -0.81998 0.741555 0.23966 -0.605297 -0.576266 -0.369144 -0.718296 -2.10038 -0.620703 2.45488 0.643064 -0.991347 -0.669482 -0.783705 1.84122 0.0918994 -0.479818 -0.917209 -2.28393 -0.452722 -2.60774 -2.10317 0.914633 -1.72238 -0.76795 0.316928 
0.197406 -1.25859 -0.45703 0.93845 1.42576 1.57188 -0.612945 0.690894 -0.378257 0.873495 -0.624638 -1.55051 0.142436 -0.174095 1.9263 0.886208 -0.276759 -1.21825 -1.52784 -0.955972 -2.10628 -2.50242 0.901737 1.11809 -0.532729 0.822195 -0.0756852 2.11726 0.12354 -1.84584 -2.0241 -2.06587 -0.326233 -2.65154 -0.619566 0.626207 0.273766 -0.736141 -1.60919 
0.288685 -0.2603 -0.316486 0.704439 0.910698 0.155116 -0.801046 -0.359825 -2.03526 0.697168 -0.543758 -1.21952 0.18229 0.712062 2.46405 -0.0626123 -1.56857 -2.23778 -2.16324 0.297228 -1.55427 -0.154699 -1.72651 -0.31631 0.0933751 -1.33513 0.276019 1.85085 0.187479 -1.88713 -2.1522 -1.61397 -0.0696234 -1.99408 -1.54712 -0.0245365 0.66348 -1.03777 0.184059 
0.447662 0.357823 -0.480168 -0.221603 0.240914 0.0586108 -0.374456 -0.401281 -0.549627 -0.564183 -0.813136 -1.42205 -0.866106 0.573004 0.87591 -0.616312 -1.94565 -1.77416 -0.45235 0.866013 -0.64373 0.585218 -0.936159 -0.33282 -0.726063 -0.600587 0.638556 1.68771 -0.980561 -2.12279 -2.74959 -2.48693 0.617275 -1.99197 -0.667449 -0.80919 -0.845055 -0.325074 -0.151366 
0.486475 0.315081 -0.560056 -0.73569 -0.0298421 -0.161392 -0.0993681 -0.815281 -1.39923 -0.0870409 -0.742328 -1.95186 -0.259618 0.209283 0.0911279 -1.36365 -0.930876 -1.58645 -0.88367 0.499134 -1.19284 -0.679645 0.772317 -0.673268 -0.499619 1.14033 0.631659 0.510069 -0.858742 -1.78351 -2.18049 -0.709724 0.91624 -0.204367 0.601028 -1.23515 -0.90355 -0.586762 -0.532262 
0.50822 0.418775 -1.02126 -0.908002 -0.600708 -0.559603 0.0284555 -1.24072 -1.29382 0.0641991 -1.21938 -1.91651 0.0349417 0.338403 -0.103929 -0.633048 -0.154949 -1.25764 -0.422885 0.316111 0.356303 0.141907 -0.517337 -0.725578 0.00678105 -0.0670791 0.21566 -0.0658392 -0.261447 -0.684133 -1.3982 -0.823989 0.373799 -0.667648 0.323059 -1.16358 -1.01518 0.211529 0.0797857 
0.59575 0.248173 -0.810288 -0.845765 -0.698197 -0.457291 0.154499 -0.571438 -1.24694 -0.524962 -1.18049 -1.91436 -0.289973 0.102644 -0.191196 0.981639 0.122661 -0.356079 -0.131194 -0.0169343 0.267954 1.0646 -2.14192 -0.516462 0.735272 -1.04817 0.133585 -0.159177 0.47618 0.40807 -0.902527 -0.807915 0.384417 -0.0657425 1.31633 -1.53714 -0.200772 1.31831 -1.20301 
0.528543 0.294662 -0.628671 -0.81188 -0.793978 -0.651465 0.0111073 -1.05865 -0.13469 -1.71695 -1.52998 -1.11375 -0.752235 -0.144751 -0.137472 1.32218 0.630687 0.00528872 -0.572336 0.179789 -0.452988 1.46574 -1.29016 0.494023 1.55283 -1.43328 0.0438252 -0.226724 1.6651 0.053023 -0.164358 -0.240352 0.918389 0.90125 0.642786 -1.49311 1.01351 1.5675 0.840715 
0.52273 0.159276 -0.282133 -0.372303 -0.701042 -0.857728 0.297352 -0.893512 0.34991 -1.60186 -0.874671 -0.252782 -1.37423 -0.0383407 -0.152485 1.43397 -0.0643026 0.131562 -0.170487 1.20183 0.965908 -0.286068 0.386044 1.71356 1.12243 2.08498 -0.209759 -0.13425 1.29422 -0.47115 -0.521403 -0.487513 0.986049 -0.390314 1.42674 -0.157437 0.839628 1.3754 0.557803 
0.495672 0.195924 -0.0560127 -0.854626 -0.730282 -0.770812 0.986258 -0.388528 -0.449408 -1.40794 -0.480231 0.0956992 0.877523 -0.156375 -0.0661853 0.554853 -1.18853 -0.726959 -0.0313668 1.09241 -0.0902962 0.277822 1.09995 0.498489 0.0750777 2.11887 -0.168431 -0.00205768 1.6352 -1.07263 -0.655728 -0.371843 1.57401 -0.132698 0.882534 1.86792 2.10391 1.07235 0.966188 
0.445325 0.117109 -0.059454 -1.25007 -1.08975 -0.879762 1.1834 -0.961965 0.650508 -0.702588 -0.566131 -0.143541 0.281675 -0.20323 0.148996 0.938221 -1.20061 -1.04027 -0.291871 0.829034 -1.15472 1.35972 1.79786 0.766426 0.142962 -0.892405 -0.240426 0.369625 1.7559 -1.32717 -1.32541 -1.09017 1.01584 -0.906663 -0.785665 1.06431 -0.511467 -0.94188 1.72077 
0.400588 0.294809 0.319287 -1.74137 -1.28409 -0.975067 1.65782 -1.20131 1.03176 0.068371 -0.00824648 0.276251 0.210506 -0.188944 0.625503 1.99261 -0.375618 -1.11421 -1.30876 0.218225 -1.16347 -1.25769 0.141971 -1.09559 -1.21916 0.0104749 -0.43836 0.69023 1.69194 0.108382 -0.529859 -0.426658 1.10778 -1.06028 0.500424 0.533468 0.12736 0.242999 0.0691887 
0.355631 0.528346 0.735605 -1.52405 -1.68252 -1.79533 1.35755 -1.78086 -0.724443 -0.595385 -1.23 -1.39386 0.311145 -0.427324 0.895787 1.51636 1.32405 0.306824 -0.237468 0.600244 -0.310411 -0.756438 -1.17819 -0.611923 0.130337 0.971406 -0.65521 0.800721 1.90423 1.03327 -0.122637 -0.796146 0.158042 -0.394318 -0.844881 0.191301 -0.300848 0.272841 1.58686 
0.220954 0.88322 0.924746 -0.752913 -1.12804 -1.14127 2.14307 -1.42368 0.203773 -0.915952 -0.377073 0.44354 0.981245 -0.754103 0.586587 0.770239 1.58632 0.947789 0.327925 -0.0144227 0.614673 0.204929 0.0766115 0.746289 1.52816 1.95263 -0.778123 1.01844 1.13239 1.74547 0.445076 -0.633866 -0.365022 0.199656 -0.661693 0.100372 0.471901 0.862092 2.05106 
0.0527031 0.914074 1.04403 -0.340785 -1.18871 -1.56604 1.34225 -1.35634 -0.503386 -0.542222 -0.770299 0.2418 1.83881 -0.692848 0.64598 0.125678 0.723887 0.317241 -0.545071 -1.07136 0.578904 -0.0708213 1.29018 1.17179 0.883536 1.56798 -0.916276 0.780594 0.940456 2.27233 0.624173 -0.604783 -0.853832 -0.0553371 0.309743 1.08306 2.23568 2.27112 1.02438 
-0.0588625 1.30788 0.976567 -0.210226 -0.966499 -1.52263 1.26705 -1.02418 0.123931 0.140609 0.342189 1.40204 2.21219 -0.565155 0.595026 0.593083 1.08098 -0.0743473 -1.07493 -1.08742 -0.697041 0.163631 1.18728 1.88872 1.17123 -0.687816 -0.733188 0.379285 0.25315 0.959067 0.651145 -0.299556 -1.07349 0.738403 -0.861843 0.947581 1.07289 0.600591 1.31401 
-0.178935 1.30533 1.28193 0.467131 -1.23352 -2.31803 0.453152 -1.84908 -0.327394 0.429259 0.386302 1.50251 1.32961 -0.36257 -0.0720346 0.239582 0.399584 0.593756 0.171046 -0.313909 0.430886 -1.00282 -0.185095 0.0951661 -0.182477 0.0563996 -0.899598 0.614982 0.890456 0.223754 0.365576 -0.192166 -0.0203925 0.310069 -0.36858 -0.413222 1.33904 0.439893 -0.211828 
-0.214065 1.26188 1.07373 0.0915827 -0.659246 -1.40308 1.00786 -0.728182 -0.972907 -0.0226094 0.404697 1.24073 2.27708 -0.730069 0.335815 0.697632 -0.821911 0.587715 0.832126 1.06098 1.11746 -0.630074 -1.67732 -0.308633 -0.6624 0.417951 -0.625645 -0.0619738 0.264229 0.200587 0.554793 -0.139896 -1.05016 0.570968 -1.16661 -1.06757 -0.560685 -1.10685 -0.961584 
-0.472795 1.52668 1.56145 -0.138334 -0.929452 -1.73606 1.3136 -1.07298 -1.01749 -0.967751 0.202486 0.837057 1.67341 -0.537873 -0.0221804 0.141767 -0.167754 0.18308 -0.349974 -1.04126 0.34852 -0.44598 -1.07196 -0.750172 -1.15894 -1.25705 -1.07148 0.199959 -0.105406 -0.764161 0.356302 0.722956 0.0565687 1.66559 0.0503261 -0.116558 -0.0353122 -0.981694 0.129588 
-0.43541 1.24856 1.13196 -0.0280029 -0.568402 -1.64798 0.156355 -0.489782 -1.46212 -0.919101 -0.0484638 0.0536699 1.32878 -0.812847 -0.0334075 -0.853045 -0.0803806 -0.0872595 0.043318 -0.988114 1.16811 0.679296 1.53503 0.271746 -0.52931 -0.263967 -0.973757 0.424451 0.364882 -0.470869 -0.500943 -0.418627 -0.587744 0.226128 -0.169094 -0.907527 -0.42809 -0.860405 -1.47096 
-0.797888 1.506 1.22363 -0.193022 -0.981065 -1.70585 0.505377 -0.261456 -0.278805 0.291252 0.372709 0.311406 1.49118 -0.86422 0.664517 0.385743 -0.389755 -0.876261 -0.169552 0.28276 -0.0436021 0.225101 0.00250172 0.251169 0.112322 -0.575961 -1.04418 0.180551 -0.696282 -0.0351608 0.179189 0.559673 -1.57733 -0.344123 -0.104524 0.714144 -0.111256 0.0229591 -0.123317 
-0.779885 1.68537 1.28732 -0.312481 -1.03579 -1.76667 0.383063 -0.525583 -1.21905 -0.927212 0.109207 0.202035 0.905869 -0.690723 0.306427 -0.160401 0.0350738 0.341101 0.6326 -1.04728 -1.64784 -0.820691 -0.703575 -0.397983 0.539392 0.103984 -1.13383 -0.0718157 -0.229661 -0.0986478 0.466592 0.924842 0.45792 0.417653 0.557315 0.588326 0.731515 -0.314919 -0.741359 
-1.0769 1.70808 1.16156 -0.161956 -0.806951 -1.26345 -0.351028 -1.41906 -1.17691 -0.300653 0.134389 0.908396 1.59278 -0.768541 -0.773635 -0.72159 0.269815 1.53029 1.29169 0.307983 0.612051 0.448215 0.68147 0.614144 -0.506419 -0.351288 -0.660752 0.231728 0.141165 0.309917 -0.0200659 0.092888 -0.970186 -0.170511 -0.272134 0.145515 0.355298 0.331531 -1.00333 
-1.08826 1.17946 1.00183 -0.107059 -0.235022 -0.863236 0.63031 -0.102901 -0.732523 -0.373944 0.488297 -0.299569 0.656273 -0.260311 0.0440857 0.363042 0.32528 -0.364705 -0.527075 -0.204699 1.407 0.472972 0.868487 0.820664 -0.160189 -1.35645 -0.552869 -0.534307 -0.568171 0.287727 0.553559 -0.600223 -1.56809 0.0241765 0.0724057 1.72366 1.83487 0.446984 -0.618839 
-1.19352 1.7382 1.30788 0.0846634 -1.00477 -1.63222 -0.521283 -0.440494 -0.663359 0.407243 0.639459 0.770496 0.567793 -0.0270274 -0.0357934 -0.105821 0.064453 -0.755168 -2.03312 -2.33145 -0.585012 -0.371812 1.33333 1.54931 1.02373 -0.423859 -0.47407 -0.284304 0.338842 0.0209396 0.0218204 0.114334 0.541443 1.47226 1.32151 1.75303 2.51595 0.0575425 -0.123685 
-1.11686 1.15722 0.961494 -0.0541708 -0.638595 -2.28548 -1.27186 -0.517296 -1.14081 0.718293 1.43785 0.806203 0.350695 -0.421703 -0.474956 0.126654 -0.304637 0.399424 0.658806 0.903213 0.612558 1.14106 1.18074 2.1441 0.21164 1.19601 -0.473593 -0.0262135 0.543986 0.752247 0.307844 -0.195371 -1.03372 -0.45567 -0.0829606 0.817566 1.37902 1.11128 -0.0460191 
-1.37104 1.42808 1.36009 -0.136593 -0.799919 -1.17149 0.21069 -0.0174591 0.579202 1.37332 1.95184 1.02319 1.51179 -0.654299 -0.00427272 0.893414 0.815887 1.18815 1.78641 0.997502 -0.0482006 0.256962 -0.380645 0.077813 0.288231 0.359837 -0.56805 -0.583001 0.213133 0.715643 1.9273 1.05741 0.785492 0.318024 -0.222111 -0.638933 -0.0758048 0.173439 0.867371 
-1.38213 1.15563 1.31896 0.55685 -0.0181227 -1.036 -0.463105 -0.556313 -0.862971 0.39339 1.48977 1.13936 0.649665 -0.395742 -0.408206 0.180495 1.14195 2.2885 0.625322 0.110203 -0.181194 -1.4272 -1.93536 -2.22863 -0.0215504 -0.126111 -0.732628 0.00234866 0.573462 0.259721 0.841899 2.05356 1.03829 0.657862 0.576323 -0.211161 -0.267695 0.607038 1.15549 
-1.53875 1.16171 1.43374 0.716612 0.400391 -0.734173 0.296876 -0.149475 -0.980721 -0.237043 0.596805 1.03093 1.4359 -0.400312 0.00745583 -0.0630185 -0.514542 -0.0115431 0.714978 0.342105 0.947169 0.439753 0.127463 -0.388106 0.420541 1.06775 -0.426893 -0.500003 -0.384965 0.601924 1.64896 0.572252 0.546809 0.172057 -0.755112 -0.716267 -1.91067 -0.287921 -0.122725 
-1.55158 1.16174 1.29566 0.179685 -0.0298371 -0.535969 -0.18807 0.100708 -0.385674 0.488598 1.25748 1.6115 1.49473 -0.218287 -0.349278 -0.741866 -0.438321 0.0118637 0.0659673 0.595235 0.411712 0.484944 1.09009 -0.0146831 -0.34025 -0.0331376 -0.800806 -0.607535 -0.864598 -0.390132 0.537779 0.636194 0.90896 0.873014 0.237513 -0.28026 -1.30165 -0.880487 -0.394491 
-1.63952 0.933976 1.14018 0.396061 0.401011 -0.688123 0.778047 0.133114 -0.454111 0.654081 0.592303 0.70388 1.43173 -0.752548 -0.927767 -1.19485 0.0519442 0.764688 0.0544465 0.830624 0.247841 -0.160107 -0.461643 -1.13867 -1.49118 -1.56438 -0.383665 -0.369242 -0.355599 -0.406092 0.023417 0.373292 0.349455 0.373058 0.516714 1.27252 1.10337 0.330877 0.382578 
-1.85392 0.5548 0.821768 0.223282 0.36749 -0.497977 0.48479 0.268706 -0.562944 0.0967254 0.567329 0.0754255 0.309339 -0.333447 -0.210206 0.223138 -0.0430389 0.025079 0.382201 -0.144447 0.0953771 0.138394 0.395892 1.3175 0.71867 0.501195 -0.424791 -0.514212 -0.588667 0.032648 0.318927 -0.364487 0.3506 0.151408 0.397013 1.09289 0.959694 -0.330007 -0.487395 
-1.78373 0.797401 1.2308 0.369108 0.408595 -0.420869 0.656859 0.194498 -0.305657 0.97123 1.40045 1.4892 1.83974 0.141547 0.148767 0.337672 -0.0175374 -0.316274 -0.507816 -0.37836 -0.0457349 0.636094 1.73706 2.27244 1.07904 0.952417 -0.412554 0.087997 0.383297 -0.146921 -0.390002 -0.237615 -1.08469 -0.254408 0.312798 0.525391 2.18956 0.860803 0.110345 
-1.81892 0.653535 0.957986 0.215271 0.195195 -0.853284 0.173115 0.231414 0.128601 1.52277 1.958 1.2393 1.06543 -0.259918 0.343079 0.331113 -0.133649 -0.563785 -0.680537 -1.25528 -0.451659 0.233927 0.214308 1.26326 0.29366 -0.3711 0.175083 0.275696 0.544274 0.309186 0.18986 -0.293155 -0.429977 0.0423082 0.438656 0.661156 0.861774 0.511908 1.31363 
-1.90021 1.02351 1.36441 0.274854 0.105873 -0.896993 -0.368931 -0.126647 -0.0529575 1.13824 2.17551 1.82805 1.57486 0.111906 0.268323 0.45034 0.377032 0.584974 0.141613 -0.176572 0.0977233 -0.108845 -0.967718 -1.25387 -0.484063 0.671488 -0.421163 -0.273179 0.0499877 0.37769 0.325427 -0.533312 -0.205628 0.149352 0.827383 1.27216 0.447382 -0.130893 0.236284 
-1.7951 0.830639 1.13906 0.500329 0.49782 -0.75432 0.0257665 0.294439 0.00726766 0.712468 1.19758 0.761178 1.60481 -0.345853 -0.757105 -0.260873 0.573675 1.02125 0.0208703 0.989826 0.650937 0.771838 1.27125 -0.732242 -0.467621 0.657541 -0.414314 -0.366999 0.294579 0.400111 0.213134 -0.220883 -0.307627 0.0527849 -0.82283 -0.553664 -0.703467 -0.094382 0.128833 
-2.0491 0.52844 1.26234 0.70597 0.638396 -0.882487 0.433575 0.323226 0.786711 2.17915 1.73329 1.3672 2.10349 -0.707809 -0.824411 -0.024919 0.0893503 -0.283866 -0.419503 -0.220489 -0.0313194 -0.91677 0.313056 0.43088 0.353778 -0.518441 -0.195744 -0.894224 -0.600968 0.453544 -0.00969641 0.544149 0.656022 0.881202 -0.491412 -0.798704 -1.38345 -0.897394 -0.157548 
-2.08056 0.29145 1.13092 0.57171 0.342602 -1.04785 -0.157346 0.267227 -0.995674 0.961127 1.46488 1.16319 1.22627 0.0649228 -0.597315 -0.614165 -0.0444792 -1.03041 0.636078 -0.143469 0.555339 -1.38948 -2.21315 -0.890773 -0.623247 -0.860021 -0.459794 -0.901379 -0.0659952 0.259389 0.192724 0.8697 0.519313 0.596569 0.431684 0.172329 0.163932 -0.776423 -0.920956 
-2.04301 0.138114 1.01963 0.677948 0.0897801 -0.437648 0.313184 0.70625 -0.732056 0.339109 1.19436 0.742876 1.46145 0.0463669 -0.540844 -0.0732641 0.211605 0.556554 1.47426 0.890448 0.84595 1.43544 -0.116714 -0.233348 -1.29994 -0.631768 -0.0942008 -0.829002 -1.18306 0.0149232 -0.104126 0.513323 0.238779 0.47109 -0.865276 -0.733009 -0.445868 -1.51705 -2.07418 
-2.08147 -0.0618584 1.10355 0.733896 0.630251 -0.0167095 0.564231 0.853468 0.568114 0.854446 1.32698 -0.171986 0.76031 -0.199523 -0.658345 -1.10615 0.0580494 0.889765 -0.0167979 0.451448 0.0866377 0.311618 1.34826 0.370853 -1.20887 -1.72185 -0.0990849 -0.607883 -0.772865 0.678286 0.477438 1.51416 1.30106 0.444256 0.598846 0.753111 -0.211762 -1.53556 -0.797147 
-2.1367 -0.292217 0.581052 0.72608 0.553017 -0.449491 0.677262 0.761523 -0.39458 1.44369 1.42504 -0.496628 0.154594 -0.188005 -0.379995 -1.05139 0.58179 0.112572 0.368007 0.788216 -0.240896 -0.710997 0.993847 -0.0111378 -0.554326 -0.364739 -0.169241 -0.346046 -0.102155 0.451213 1.09679 0.302057 0.32308 0.341063 0.854462 0.851866 0.175336 0.0751091 -0.640762 
-2.17081 -0.30973 0.686769 1.17104 0.68394 0.240616 1.20256 0.679705 -0.210287 1.66599 1.32464 -0.723915 0.500338 -0.0432148 0.133985 0.955457 0.468407 0.641754 0.37792 -0.0346925 0.376427 0.727481 -0.355368 -0.159904 1.28133 0.919484 -0.036818 -0.244064 -0.658575 -0.0608585 0.490183 0.645413 0.769382 0.639033 0.102592 0.718574 0.0843995 0.711217 -0.231939 
-2.17141 -0.203173 0.963214 1.07901 0.885562 -0.185232 0.645452 1.01944 0.396686 1.13969 1.33195 0.879747 0.88528 0.136097 0.0100558 0.0926995 -0.657306 0.574301 0.412682 0.204413 1.11396 0.824557 -0.157198 0.115097 1.38772 0.0699069 -0.117417 -0.0583396 0.649916 0.763364 0.366002 -0.0334621 -0.632942 0.484536 0.622855 -0.922918 -1.18199 -0.669751 -0.854923 
-2.13787 -0.301921 0.725461 0.687836 0.980941 0.52919 1.36546 1.45336 0.686909 1.52584 1.39931 0.764218 0.575654 -0.124841 -0.222696 -0.0140383 0.425002 -0.127792 -0.426789 -0.782129 0.284051 0.0265148 -0.732132 -1.22609 -2.09989 -1.98772 -0.0784056 0.140941 0.135232 0.190578 0.377766 -0.297885 0.14553 0.783907 0.091365 -0.348494 0.139197 -0.535517 0.257152 
-2.23691 -0.347934 0.959413 1.3997 0.81259 -0.483861 0.00496907 1.21276 0.423057 0.524168 0.588474 -1.29575 -0.626668 -0.247935 0.202986 0.101326 0.877369 -0.0439592 -0.784666 -0.0167545 -0.041555 -0.724816 -0.256965 0.0533332 -2.0457 0.242441 -0.130191 -0.157098 -0.543115 0.431909 0.514804 0.434691 0.0235576 0.401885 -0.148588 -0.146841 -0.102577 -0.904136 -0.263485 
-2.24982 -0.167646 0.767588 1.34452 0.952144 -0.0197703 1.34826 1.41899 -0.106573 1.3032 1.4363 -1.35436 0.784065 -0.0616229 -0.0155574 -0.776989 0.0787619 0.848946 0.949985 0.812404 0.262702 -0.222151 0.554346 1.11006 1.00095 1.65372 -0.385342 -0.381238 -0.576738 0.989113 0.0609737 0.0470542 -0.0468388 0.287206 0.0111711 -0.639799 -0.635162 -0.10212 0.0748006 
-2.27857 -0.356915 0.651877 1.46321 1.25432 0.180553 0.662991 1.39115 0.178084 0.972329 1.27008 -0.213901 0.670414 -0.306216 -0.780635 -0.941178 0.281423 0.133196 0.834184 -0.043805 0.430514 0.72584 -0.498664 -0.795964 1.90616 -0.156473 0.109254 -0.0946176 -0.41451 0.916817 0.453576 0.659695 1.47313 0.384257 0.352312 1.14375 0.588424 0.59353 0.569505 
-2.38376 -0.678139 0.394687 1.55857 1.0167 0.563642 1.30903 1.71472 0.682903 0.880713 0.955204 0.678382 0.68475 0.220213 -0.128087 0.172715 0.995041 -0.213045 -0.151843 1.08829 0.259795 0.643112 0.780687 -0.413099 -0.30834 -0.953605 0.0213552 -0.527785 -0.716071 0.00976313 0.237387 -0.182805 -0.0669527 -0.0714306 0.267529 -0.0646678 -0.814161 0.105176 -1.24786 