-0.13151 -0.885604 -0.103733 1.1478 1.56213 -0.291988 0.875924 1.60608 0.651197 1.38743 0.0679994 -0.05615 0.768356 2.92663 -1.33308 -2.04044 -0.54215 -1.91688 -1.00187 -0.8969 0.985504 -1.71376 -0.100072 -1.0642 1.85856 0.399278 0.312005 0.338525 -0.249802 -0.49123 -0.174596 -0.192775 -0.498446 -0.412347 -0.817178 -0.0521631 -0.236149 -0.26193 0.415509 
0.26885 -1.16263 -0.720736 0.748971 1.06464 -0.22823 0.347107 1.14075 -0.117756 0.440285 0.0170864 0.712562 1.00802 -1.07586 1.37667 0.444435 -1.76573 0.548222 1.04968 -0.673541 -2.26474 0.0832686 -1.91726 0.848747 0.204842 0.0783738 0.0565221 0.33004 0.338757 -0.378298 0.217676 0.270783 0.212415 0.390973 -0.0379639 0.57065 -0.114532 0.556295 0.250531 
-0.493264 -0.145928 0.144437 0.551123 1.81297 0.183781 0.60458 0.376952 0.715469 0.290439 0.876389 0.160649 0.823901 -2.85276 1.82496 2.58482 0.0113178 2.23776 1.38251 1.17503 -0.472903 1.66255 0.789492 0.911842 -1.18866 -0.063198 -1.17656 0.653473 0.462778 -0.950328 0.729864 1.36911 0.612871 -0.878088 0.190032 -1.34207 0.498628 -0.927179 -0.869904 
-0.652392 -0.183022 0.682039 0.743885 2.12214 0.397407 0.820824 0.883106 1.15297 0.881727 0.884995 -0.521443 0.965688 -0.598804 -0.407854 0.296966 0.413549 0.500417 0.861623 1.46429 1.12097 0.134956 0.335948 -0.191347 -1.35542 -1.23298 -2.50269 0.957503 1.20355 -0.354012 1.31791 1.31933 1.69204 0.0495768 1.30615 0.88146 1.42191 -0.936265 -0.2752 
-0.704809 -0.361355 0.313056 0.679942 2.04098 0.574871 1.19488 0.983462 0.819226 0.4741 0.703626 -1.24697 -0.0271392 -0.70238 -0.407834 -0.666625 -0.507279 -0.353571 0.459426 0.997135 0.539917 -0.125364 0.268912 0.96488 0.0269352 -0.30018 -0.725032 -0.150545 0.240937 0.0681888 0.203086 0.665734 0.430152 0.441337 0.131559 1.68132 0.896433 0.0744867 -0.643862 
-0.89655 -0.398438 0.330862 0.566154 1.94242 0.607395 1.22284 1.17458 1.05786 1.02729 1.80294 -0.489867 0.759525 -0.435579 0.191076 0.0920147 -0.303291 -0.200267 0.0694399 -0.907434 -0.542634 0.014169 1.67203 1.3741 1.43406 0.379111 -0.228231 -0.0354818 -0.547958 -0.558566 -0.805573 -0.246741 0.0398519 0.398186 0.995662 0.949018 0.344778 0.146403 -0.317039 
-0.86496 -0.256226 0.371118 0.57012 1.93446 0.609257 0.829266 0.688008 0.830711 1.41715 2.0076 0.249591 0.236317 0.372468 0.360727 -0.197644 -0.282392 -0.779465 -0.800017 -0.939894 -0.0179017 1.29564 0.869695 -0.510659 0.13996 -0.118863 -0.300183 0.366167 0.20752 0.0318971 -0.166265 -0.764413 -0.648186 -0.303126 0.0316478 -0.0256741 1.21166 0.819596 0.498327 
-0.802272 -0.202509 0.232671 0.46329 1.55937 0.250281 0.844143 1.16363 2.04829 1.51432 1.32896 -0.340618 0.678713 0.00363949 0.35408 0.24388 0.36144 -0.0243873 -1.13148 0.0839348 0.149305 0.0168862 -1.69055 0.224952 -0.44104 0.286649 -0.273162 0.240867 0.0347134 -0.281459 -0.236542 -0.422397 -0.583656 -0.375533 -0.880033 -0.952409 -0.162684 -0.222234 -0.511148 
-0.886815 -0.0638542 0.511101 0.681591 1.91192 0.102893 0.863219 0.767705 0.844271 0.449013 2.22754 -0.206051 0.435851 -0.766093 -0.000335591 0.259015 -0.109392 0.454955 0.214625 0.198998 -0.469933 -2.34196 -1.98841 0.29471 -0.425446 -0.558432 -0.0279204 0.392241 -0.0346039 0.120138 -0.0730663 -0.785137 -1.01032 -0.00757492 0.545266 -0.763802 -0.782841 -1.13425 -0.244587 
-1.06649 -0.199826 0.380818 0.418018 1.76568 0.350041 0.924472 0.907588 0.259874 0.376885 1.61471 -0.780025 0.294011 -0.0495066 0.229526 -0.292627 -0.17659 -0.0678428 0.0405592 -1.371 -0.156884 0.621134 0.795742 -1.2599 -0.963645 -0.609298 -0.35168 0.611657 0.170589 0.549422 0.162903 0.0840559 0.562324 0.11243 -1.07746 -1.04784 -0.717454 -1.12048 0.0864394 
-0.925404 0.0618541 0.361672 0.613949 1.86862 0.124275 0.310768 0.681395 1.31943 0.894007 1.04678 -1.20579 0.0159827 0.261129 0.907488 0.0182105 0.910632 -0.2119 -0.0942075 0.527046 0.618983 1.06233 0.756401 -1.24331 -0.962349 0.676196 -0.325731 0.218007 -0.411122 0.267739 0.168921 0.257742 -0.158743 -0.0564231 0.186047 2.09949 -0.382486 0.698429 0.207138 
-1.00727 0.288738 0.399067 0.712319 1.65361 0.310739 1.13702 1.24193 1.07208 0.799519 0.449596 -1.77841 0.762854 -0.418661 0.0971571 -0.354262 0.573374 0.319448 0.321913 1.17402 0.0855484 -0.407618 1.70867 0.753674 1.80797 0.887646 -0.0518811 0.566421 -0.235886 0.690079 -0.226275 -0.263496 -0.317512 -0.14018 0.344466 1.31478 -0.346654 -0.370959 0.230208 
-1.08023 0.116717 0.178995 0.795975 2.01024 0.272344 0.784077 0.726525 1.0087 1.85788 1.76548 0.680062 0.631009 -0.340973 -0.0670401 -0.386717 0.0925707 -0.0980216 -0.269735 -0.927257 -0.799636 -0.661605 0.816431 0.784401 0.494352 -0.367154 -0.451491 0.171861 0.165412 0.396481 -0.736021 -0.0223227 0.958364 -0.101946 -1.15028 -0.101618 0.195368 0.450611 0.409921 
-1.13763 0.25572 0.198882 0.734282 1.5959 0.192401 0.763416 0.807138 0.56732 1.25627 1.19729 -1.2602 0.510388 -0.227836 0.16148 0.623263 0.0082637 -1.35366 -0.349748 0.0589831 -0.2163 -0.958057 -1.81735 -0.496768 -1.26776 -0.339506 -0.362557 -0.138298 -0.13528 0.100077 -0.342072 -0.318836 -0.393452 -0.85321 0.0894553 0.123133 0.813092 0.427816 -0.525453 
-1.17497 0.206006 0.523632 0.789872 1.35304 0.117977 0.807974 0.608001 0.277478 0.817676 1.30461 -0.636296 0.397658 -0.179414 -0.131678 0.178034 0.063475 -0.376434 -0.17133 0.429837 -0.311657 0.760974 -0.658292 0.288291 0.0178857 -0.329173 -0.260801 0.0935337 0.302758 -0.0950463 -0.69876 -0.316252 -0.400538 0.675204 0.126587 -0.721606 -0.213055 -0.344326 0.365742 
-1.21713 0.188107 0.303346 0.74656 1.40527 0.118372 0.936784 0.636914 1.14931 0.874839 1.47698 -1.23804 0.284181 -0.148259 -0.0183436 -0.136073 -0.132387 0.372391 -0.0877164 -0.565475 1.09988 1.10131 0.972639 0.214298 0.832447 0.828868 0.754179 -1.51678 0.229584 0.310496 -0.974781 1.24558 -1.93652 0.0327961 -0.977684 -1.05993 -0.88814 0.551631 0.513191 
-1.24465 0.199051 0.458655 0.736945 1.51993 0.0815984 0.580185 1.20307 1.11945 1.36321 1.5145 0.233915 0.972049 1.24258 -2.09973 0.192912 0.394701 -0.997025 1.91048 -2.90249 0.35677 -1.92269 -0.588067 -1.4623 0.646295 1.01471 4.63435 -2.73988 -0.338061 -0.241387 -0.757478 1.18175 -3.49319 0.132018 -0.533429 0.499828 0.148949 1.71942 0.398149 
-0.84888 -0.932838 0.415835 0.869104 0.918348 0.981744 -0.232931 0.829093 -0.318824 0.53332 0.105287 -0.56164 0.98705 6.71357 -4.01662 -0.394751 -0.201861 -1.43709 1.73792 -3.89984 -0.92526 -1.73803 -0.367297 -0.018694 1.26482 -0.29639 4.18137 -3.26205 -0.11848 -0.91202 -0.337462 -0.0121494 -3.06677 1.75517 0.0277821 -0.22905 -0.781074 2.92127 1.03467 
0.846237 -1.94784 0.254136 0.66089 0.8229 0.867268 -0.991505 0.70017 -0.207608 1.14717 1.50461 1.55427 0.768506 4.6804 -2.70521 -0.374906 -1.69188 0.529121 -1.92414 -1.01698 1.93637 1.94918 0.328104 0.429686 2.92585 0.364633 3.82309 -2.53625 -1.17618 -0.0156536 -0.239519 -0.00340598 -1.99228 0.480288 0.9504 -0.512248 -1.3867 1.28002 0.504315 
0.601826 -2.37785 0.222022 0.297012 1.16007 0.118459 -0.642696 1.87769 1.17086 0.712523 0.518364 2.48805 1.2405 -1.29863 0.281927 -1.46752 0.191734 1.10835 -1.73939 1.3558 1.55443 2.85481 -0.228871 -1.81373 0.293222 0.970117 2.63858 -0.125767 -0.640662 0.27287 0.150255 -1.77932 -1.78395 -0.543626 0.964872 -0.249989 -1.1101 0.851539 1.3511 
0.414338 -1.79408 -0.529075 0.715865 1.34117 0.0871718 -0.444933 1.54169 1.97392 1.00981 -0.198601 1.86309 1.44055 -0.945122 2.52497 -0.636634 2.09603 -0.304038 -0.552301 -1.26039 -2.64359 -0.815289 -0.612924 -1.89682 -1.89363 1.43569 0.212431 2.05764 -2.11377 -0.352924 -0.418826 -0.935582 -0.841193 -3.03985 0.0444235 -1.696 -3.15498 -0.0855184 2.06066 
0.281236 -1.02358 -0.112977 0.98594 1.004 -0.127113 -1.15057 0.443149 0.548704 0.356875 -1.26323 0.52009 2.23441 1.59359 2.75744 -1.88422 -0.686133 -1.69186 0.438808 -2.42636 -5.51971 -2.80866 -1.77261 -2.35394 -0.410934 1.77425 1.38379 1.97699 -2.69629 0.202105 -1.18822 0.641779 -1.44839 -4.4925 -1.04256 -0.820477 -2.2995 -1.36824 0.810841 
0.893107 -0.315397 -1.53707 0.478593 0.522498 0.287877 -1.42274 -1.4522 -0.171029 -0.00496878 -2.4114 1.43879 2.66851 2.90108 0.395475 -3.64051 -1.79349 -1.3727 1.44998 -0.587433 -3.21766 -0.423091 -0.349164 -1.14107 0.201796 -0.35415 1.84055 1.44413 -1.77492 -0.727729 -1.32661 1.05731 -1.65159 -4.23084 -1.4047 -0.749764 -1.37709 -1.24532 0.0916151 
1.17169 -0.809052 -2.06838 0.380022 0.337718 0.528902 -1.3872 -1.30264 0.226154 0.151141 -2.33189 0.733718 1.99094 1.01007 -0.622749 -0.929222 -0.346432 -0.181511 1.03797 0.318422 -3.33312e-05 1.14232 0.894472 0.534208 -1.13005 -1.6496 1.96824 0.411128 -2.5124 -1.39904 -0.996243 1.40904 -0.350812 -3.47604 -0.136438 -0.16067 -0.395502 -1.29727 -1.5267 
1.18815 -0.645839 -2.0299 0.354409 0.424933 0.758372 -1.29428 -1.45347 0.702278 0.496141 -1.89973 0.265801 1.52945 -0.116368 0.21598 -0.344509 -0.202982 -0.0312591 0.516976 0.144595 -1.31692 0.255511 0.17038 0.617653 -1.80654 -1.67428 0.632349 -0.626897 -0.907638 -0.676815 -0.598395 0.427583 0.618435 -0.745028 1.03817 0.320474 0.850164 -1.9821 -2.00755 
1.11205 -0.690594 -2.24579 0.303593 0.311889 0.764805 -1.3288 -2.01789 0.422006 0.240699 -1.7415 -1.14357 0.834804 -0.119667 -0.296448 -0.50644 -0.613028 -0.657148 -0.438801 0.479447 -0.970063 0.0781833 -0.502055 0.587443 -1.3151 -1.01859 0.0424467 -0.00629584 0.042874 -0.504302 -0.441874 0.557317 1.30094 -0.544409 1.26735 0.934311 1.21987 -1.16584 -1.43591 
1.12747 -0.801639 -2.29467 0.141474 0.100279 0.563907 -1.10092 -1.98067 0.762664 0.203508 -1.33784 -1.09984 0.826623 0.170283 -0.22005 0.418844 -0.508774 -0.585004 0.262994 1.52693 0.608671 1.23583 0.950767 0.992241 0.36308 -0.233368 0.0717985 -0.0230145 0.284663 -0.913317 -0.75317 0.233151 0.805993 -0.469336 1.07012 -0.212909 1.32644 -0.759344 -1.17933 
1.14267 -0.805505 -2.01143 0.125365 0.02168 0.886344 -0.713254 -1.68914 1.36675 0.773805 -0.797751 -0.762029 0.67483 0.215203 0.267724 0.964885 -0.686014 -0.401428 0.767002 0.558511 0.359797 1.18009 0.261254 1.16319 0.370487 -0.547691 0.306622 0.453005 1.22419 -0.484765 -0.847191 -0.197003 0.642608 0.433477 1.63068 -0.69094 0.721775 -0.737485 -1.67073 
1.17222 -0.655486 -1.76575 -0.095759 -0.102284 0.912391 -0.875688 -1.78685 1.66482 0.344716 -0.232825 -0.710587 0.449345 0.258238 0.893256 1.53215 -0.17493 -0.607166 -0.53427 -0.698119 -0.0405947 0.684873 -1.75907 -0.040146 -1.28087 -1.98668 0.293899 0.776316 1.3378 -0.483883 -0.654925 -0.118063 0.688653 0.692039 1.2435 -0.0302675 0.594504 -0.689575 -1.26398 
1.20098 -0.324559 -1.1765 0.0582755 -0.279111 0.648891 -0.994504 -1.7124 1.8906 -0.233278 -0.827882 -2.09203 -0.697278 0.195275 0.88223 1.16659 0.0035773 -0.517554 -0.928264 0.329244 0.545753 0.283072 -0.285228 -0.37917 -1.22948 -1.1312 0.161754 1.03817 1.09916 -0.319048 -0.770831 -0.660265 -0.238532 -0.426896 0.191343 -1.4295 0.580041 -0.365317 -1.11045 
1.21071 -0.180441 -1.12802 -0.103422 -0.36029 0.49753 -0.742863 -1.4922 1.88173 0.175321 -0.582768 -1.98709 -0.331337 -0.0351427 0.64283 0.220221 -0.270828 -0.476505 -0.382621 0.399008 -0.514278 -0.465099 0.0739661 0.805063 0.819795 0.512046 -0.0306818 0.974958 0.895919 0.226597 -0.205247 -1.07728 -0.494054 -0.219131 -0.143723 -0.732757 0.195615 -0.11905 -0.72406 
1.16691 0.0223563 -1.04928 -0.040739 -0.517518 0.479722 -0.833562 -1.99248 1.53596 -0.198518 -0.0607009 -1.23499 -0.341919 -0.245058 0.560639 0.262905 0.334133 0.237511 -0.569797 -0.955443 -0.829453 -0.45926 -0.572721 0.636402 1.07062 0.170641 -0.204983 0.516671 -0.04404 -0.181792 -0.0556814 -0.498924 0.316122 -0.639432 -0.180005 2.08017 1.16295 1.26243 0.0437387 
1.11055 0.122484 -0.977776 -0.00104153 -0.257797 0.244079 -1.12783 -1.94316 1.53155 -0.157477 0.02531 -0.868913 -0.212004 -0.261802 0.124257 -0.283959 0.02215 0.408977 -0.309421 0.0118793 -0.317995 0.246035 2.40751 0.729661 0.716659 -0.451092 -0.357844 0.709799 0.0910891 0.381496 0.0788225 -0.428385 -0.550455 -0.813045 -1.09678 1.42375 1.30889 0.974393 -0.491565 
1.06148 0.0917231 -1.19403 -0.0422194 -0.33316 0.343514 -0.82865 -2.16614 1.72457 1.16255 0.635351 -0.485334 -0.652414 -0.268647 0.491231 -0.111974 0.22599 -0.113926 -0.0239392 0.257047 -0.229418 -0.843194 2.27492 1.09106 0.112363 -0.821882 -0.399055 0.628135 0.117286 0.345367 0.523113 -0.162824 -0.320103 -0.0805381 -1.41715 0.978653 -0.0346722 0.481665 0.202099 
1.00296 0.388261 -1.02975 0.0653378 -0.323094 0.236418 -1.0241 -2.0688 0.888072 1.12824 1.06228 -0.748396 -0.77884 -0.31034 0.807193 0.476506 0.486096 0.345893 0.0857779 -0.415407 0.215185 -1.92709 -1.23372 -0.776553 -0.138339 0.722736 -0.521271 0.362023 0.247285 0.347622 0.209327 -0.435437 0.306971 -0.640077 -1.29523 1.85573 -0.575812 -0.0103984 -0.537412 
0.94076 0.526608 -0.928564 0.110751 -0.17892 0.385256 -0.995954 -2.05072 0.253077 0.454066 -0.0894558 -0.625827 -0.151396 -0.4768 0.0478147 0.511039 0.285494 0.422943 -0.579626 0.142126 -0.603697 -0.693777 -0.0598904 -1.8526 -0.13789 0.109645 -0.487163 0.427319 0.432842 -0.0442168 0.359615 -0.330208 -0.877515 -0.258711 -1.88074 -0.382379 -1.3853 0.0999943 0.671642 
0.829829 0.416715 -0.745655 0.151527 -0.132067 -0.021458 -0.966694 -2.39736 0.358738 1.08692 -0.677593 -0.888423 -0.701676 -0.386741 -0.171862 0.217338 -0.537236 0.176665 -0.542692 -0.70165 -0.550544 -0.301808 0.791729 -1.05403 0.248283 0.17361 -0.546595 0.114906 0.602265 -0.19743 0.581599 -0.0791703 -0.245545 -0.000940814 -0.837595 0.715159 -1.24533 0.410328 1.49682 
0.795986 0.437487 -0.802898 -0.0769526 -0.105477 0.144011 -1.27863 -2.35047 0.0231786 0.89678 -1.07601 -0.363802 -0.0300104 -0.304556 0.126837 0.451954 -0.556627 0.415029 0.472566 -0.450214 0.604776 -0.302391 0.920867 0.206873 0.628666 1.88455 -0.351795 -0.000877275 1.0023 -0.258942 0.705168 -0.369259 -1.28942 -0.469632 -1.19588 2.75475 -0.428471 0.0672055 0.90009 
0.710933 0.487463 -0.493429 -0.0426323 0.0551809 0.194447 -1.14803 -2.07072 0.128395 1.60303 -0.474703 -0.230372 0.602551 -0.118385 0.175782 1.38116 0.177782 0.836884 0.0313546 -0.942674 -0.0601079 -1.11776 2.49059 0.48707 -0.178576 1.02667 -0.368568 0.361038 0.723935 -0.353541 0.846174 0.55659 -0.596257 0.958506 -1.09757 1.22179 1.06918 -0.186749 0.994298 
0.73571 0.534431 -0.0494232 -0.0266221 0.283182 0.161247 -1.65845 -2.38431 -0.830045 2.30507 -0.608803 -0.546188 0.681131 -0.224355 0.410756 0.704325 0.0613414 0.798873 0.306391 -0.306811 0.648564 -1.00101 0.54157 1.20402 -0.870606 -0.558931 -0.0364573 -1.21027 1.93849 -0.186572 0.737826 0.17715 -0.808108 2.8538 -1.38865 1.02177 0.467268 -0.491611 0.264243 
0.617289 0.710168 -0.105065 -0.0310656 0.425692 0.335527 -1.27156 -1.72034 -0.635639 1.90356 0.668826 -1.13324 0.217504 0.0604127 -1.9552 1.70458 -0.433323 0.223068 0.218802 -0.0855378 3.78716 -0.529612 -1.26561 0.128916 -0.437482 -0.672351 0.482786 -1.96053 1.60938 -0.447677 1.00251 0.377623 -1.10602 2.63736 -0.189658 -0.771416 0.690797 -0.821202 -1.19915 
0.731731 -0.50916 0.878518 -0.179733 0.37878 0.262888 -1.6928 -0.332256 -1.23397 1.57846 -0.479452 -0.998126 0.217672 0.902678 -3.2965 1.85858 -0.691792 0.637159 0.223151 -1.10275 2.79601 0.770535 -1.44541 -0.292834 -0.149918 -1.03372 0.676653 -2.88671 1.2873 -0.438567 0.907625 -0.370653 -0.059781 3.38552 0.692467 -1.56146 0.766456 -0.17404 -1.78338 
0.878513 -1.05131 0.905949 -0.270222 0.718994 0.439126 -1.7159 -0.205667 -0.0463474 1.07475 0.400327 -1.28579 -0.495784 0.892817 -2.29627 0.346659 -0.184046 1.07815 -0.732081 0.0152407 0.633889 1.34159 -0.576149 0.882187 0.211138 -1.69758 0.916552 -3.67988 1.96708 -0.897534 0.20814 -0.0336833 -1.17034 2.34993 0.473643 -0.621703 -0.763914 0.563418 -0.357652 
0.989849 -1.73529 1.07394 -0.249857 0.882629 -0.0636359 -1.68653 0.0101702 -0.208436 1.24371 0.360482 -0.774772 -0.954565 0.390733 -2.12457 1.27258 -0.584587 -0.329829 -0.266819 -0.389143 0.273412 -0.217155 0.719305 -0.71712 0.828562 0.560643 0.645505 -2.07964 1.11268 0.0264605 0.455168 0.80228 0.0635781 0.905163 1.47613 0.445808 0.615078 -0.105402 -1.21465 
0.978541 -2.18554 1.60085 -0.473689 0.550616 0.322101 -1.87262 -0.0586821 -0.211577 1.4763 -0.268414 -0.419627 -0.106827 0.0162442 -0.765118 1.42718 0.234389 -0.41982 1.85344 0.0723711 0.549827 0.396473 1.11736 -0.0709995 -0.35325 0.0843149 0.049676 -1.41844 0.749659 0.647805 0.417204 1.08184 0.460223 0.478313 -0.658387 -0.139961 -0.688875 -0.85493 -0.407652 
0.971963 -2.14193 1.85224 -0.180682 0.671285 0.77405 -1.65724 0.30702 0.0951006 1.87151 0.301247 -1.13901 -0.894913 -0.326567 0.0381847 -0.0754329 1.52709 0.934215 1.77778 0.98449 0.353185 -0.567235 -0.873504 -0.193734 -1.89048 -1.10024 -0.188692 -0.336715 0.664578 0.212006 -0.853136 0.609989 -0.984584 -0.321229 -0.969445 -0.772751 -1.31798 -0.949139 0.783466 
0.852714 -2.16224 1.56858 0.025835 0.985745 1.12572 -1.4757 0.131554 -0.644242 0.972546 -0.443429 -2.38431 -0.866103 -0.290089 0.273818 -0.365196 0.0823706 -0.780797 -1.00007 -1.32648 -0.966785 -1.54845 -2.02279 -1.67067 -0.824275 0.960808 -0.386133 0.510779 -0.626045 0.562611 -0.156071 -0.0844419 -0.697436 -0.180623 -0.455252 -0.111268 1.00768 -0.590997 0.390519 
0.857622 -1.99252 1.66367 -0.162114 0.287596 0.326858 -2.19175 -0.218397 -1.08714 0.714535 -1.267 -1.99365 -0.229307 -0.227252 0.720214 -0.912887 -0.706914 -1.14439 -1.89219 -1.87103 -0.586625 0.0228997 0.753369 1.52341 1.15245 1.62257 -0.640197 -0.254065 -1.12751 1.10416 -0.492975 -0.691453 0.747426 0.7732 1.02862 -0.995323 1.19908 0.55598 0.832654 
0.758159 -1.77391 1.08456 -0.218355 0.428463 0.276822 -2.22969 -0.187751 -0.626088 1.39346 1.00139 -1.18093 0.257003 -0.623997 -0.643245 -1.41977 1.51539 0.0919271 0.039709 2.28947 1.97827 2.75768 0.853129 3.2531 1.49379 0.149758 -0.697849 -0.763893 -1.40724 1.07768 -1.65672 -1.3836 0.333309 -0.0950849 2.69908 -0.323457 1.34776 1.99737 -0.135299 
0.638145 -2.33393 0.906219 0.333516 0.320581 0.347856 -1.26886 0.852915 1.02018 1.19215 1.80949 -0.4349 -0.124412 -0.768586 -1.84142 -1.31645 2.26666 -1.19803 -0.0327624 2.30392 0.464828 3.16038 -1.12541 0.255377 1.2859 -1.79982 -0.554736 -0.582015 -1.76395 2.42364 0.578531 0.563663 3.44117 0.212232 2.87826 -0.0723704 1.93148 2.15482 0.203281 
0.493155 -2.75661 0.382846 0.527377 -0.154432 0.265188 -1.30098 0.0630147 1.78887 0.746528 1.25004 0.161381 -0.985916 -0.168905 -0.20977 -1.37625 1.97695 0.741685 0.749104 2.1217 -1.69895 0.637348 -0.927085 -0.703429 1.13778 0.123458 0.0197662 -0.540621 -1.55813 2.83078 -0.540776 -0.429927 3.75639 -0.232792 1.20934 -2.34846 -1.34611 1.24099 -1.11307 
0.561961 -2.44334 0.172243 0.982801 0.663789 0.688281 -0.413592 -0.0694659 1.50773 0.65794 1.15366 0.753194 -0.0376977 0.790339 1.04945 -1.15259 1.81028 0.441244 -0.563124 2.51076 -0.766358 -1.73759 -1.65065 -2.03419 0.224244 0.321699 0.0499958 0.570671 -1.28442 1.89949 -0.0245335 -1.09084 1.12239 -1.80467 -1.14781 -1.27267 -2.09546 1.28365 -0.399165 
0.719007 -2.19206 -0.230479 1.12118 0.0453322 0.0147423 -0.2889 -0.353737 0.46214 -0.198932 -0.66114 0.398379 -0.762151 0.233524 1.05648 -0.657972 0.762787 -0.764956 -2.26606 -0.678728 -0.654173 -2.00011 -0.571829 -2.06501 0.424725 -0.651765 0.668772 2.269 -1.35034 0.888373 0.806136 -2.35492 0.0869246 0.0442726 -2.51279 -2.81093 -2.06065 0.32942 1.91988 
0.612489 -1.87503 -0.174266 1.22788 0.287663 -0.328961 -0.687027 -0.425393 -0.0195455 0.325649 -0.786587 1.19892 -0.486925 0.151716 2.30159 -0.986356 -0.522358 0.715768 -2.7155 -2.39326 0.826449 -1.23823 -1.67444 -0.688277 0.167245 2.23537 0.807363 2.29253 -2.11383 -0.066752 -0.130126 -3.79854 -1.79179 0.835634 -2.6241 -0.838317 -2.63036 -0.281127 0.741434 
0.743776 -0.957355 -0.754131 0.938427 0.376166 -1.20487 -1.25337 0.093091 -0.483118 -1.15791 -1.30267 0.576035 0.784606 0.905055 2.32926 -2.69387 -0.846285 0.59165 -3.02444 -1.60867 1.74714 -1.10725 -0.411437 -1.40984 -0.782483 1.64097 0.737151 2.23501 -2.09335 -0.447843 0.592023 -3.27084 -1.23704 1.51162 -1.66393 0.285617 -0.726816 0.622497 2.0475 
0.874461 -0.625515 -1.61902 0.937295 0.559237 -1.68769 -1.33527 0.520609 -0.864745 0.08452 -2.10879 0.387792 0.6489 0.887302 0.999325 -2.33295 -0.10833 0.137015 -1.83958 0.815991 1.14882 -0.734451 2.02548 -0.272683 0.5839 0.491486 1.13166 1.8769 -2.47894 -0.617155 -0.199044 -2.97085 -0.58699 1.27035 -1.4124 -0.585888 -0.844276 -0.279011 0.827937 
1.00016 -0.419639 -2.00418 0.893509 0.430678 -2.03008 -0.924366 0.714697 -1.04352 -0.0139753 -1.55216 1.18748 1.12575 0.693386 0.443596 -1.23798 -0.0275116 -0.86288 -1.11256 0.863502 -0.0867898 -0.568183 -0.272153 0.293754 0.427322 -0.536677 0.99889 0.813335 -1.98238 0.351106 -0.387198 -1.1102 1.17275 0.60248 -0.103374 1.46596 0.198693 0.0205334 -0.675892 
1.06978 -0.385233 -2.2784 0.919282 0.136358 -2.18553 -0.987115 0.472302 -1.29813 -0.077444 -1.82394 0.836219 0.279237 0.522866 0.205217 -0.810066 0.624816 -0.675589 0.295646 0.691437 -0.360156 0.605945 -0.273167 0.533981 -0.571469 -1.38796 0.659927 0.257193 -0.811906 0.689229 -1.18016 -0.445606 1.49557 -0.248997 0.00176832 -0.953713 1.04049 -0.216623 -1.3454 
1.14179 -0.306941 -2.43274 1.09266 0.0972194 -1.89384 -0.645561 0.518178 -0.579966 -0.176516 -1.0407 0.596045 0.167561 0.236127 -0.0591309 -0.0456027 1.02949 -0.802395 0.494822 1.05717 -0.235892 0.563928 -0.848109 1.07925 -0.705922 -1.25055 0.45706 -0.248161 -0.351018 1.48778 -1.03597 0.355671 0.741504 -0.978499 0.720136 -0.285983 1.7196 -0.360201 -2.04093 
1.12113 -0.414018 -2.29458 1.25315 -0.257643 -1.95961 -0.560903 0.343156 -0.866674 -0.566763 -0.798114 0.104803 -0.583954 0.118977 -0.565937 0.258658 1.52377 -0.784816 0.203303 0.263971 -0.914664 0.238727 -0.0543837 1.73588 0.116673 -1.32462 0.253413 -0.247463 -0.0156038 1.41494 -0.852935 0.940392 0.522777 -0.635935 0.440986 0.129941 1.78749 -0.89888 -1.24292 
1.15625 -0.606976 -2.28478 1.59108 -0.288389 -1.79918 -0.539044 0.0210186 -0.396936 -0.214706 0.604546 0.721049 -0.746837 0.116941 -0.30056 0.027039 1.0145 -0.397936 0.819012 -0.381747 -0.591817 -0.0491401 1.01433 1.28027 -0.409926 -0.400322 0.0429377 -0.59791 0.712085 0.960567 -1.12306 0.598454 0.0957984 -0.577107 -0.503117 0.1079 1.55312 -0.975275 -0.828253 
1.13495 -0.57202 -2.27157 1.58203 -0.458538 -1.5877 -0.714641 0.0210362 -0.903553 0.00247013 0.417345 -0.318446 -0.85935 -0.0643664 -0.310517 0.878795 -0.132188 -0.799324 0.633996 -0.135115 0.163737 -0.839627 0.19444 0.314119 -1.32627 0.225434 -0.101862 -0.608317 0.865141 0.770267 -0.775993 0.921158 0.100072 0.101474 -0.520277 1.4972 1.71049 0.0179406 0.351692 
1.11298 -0.770307 -1.8023 1.53822 -0.680924 -1.51058 -0.593377 0.108541 -1.03769 -0.111474 0.908604 -0.656225 -0.589623 -0.267659 -0.591239 1.35356 0.103837 -0.693069 0.468017 0.516074 0.726567 -0.572039 0.775057 0.977552 0.419176 0.870992 -0.312894 -0.892892 0.800135 -0.37754 -0.892108 0.202802 -0.06241 0.405621 -0.827372 2.03736 0.75564 -1.23155 0.0162938 
1.02767 -0.885597 -1.53298 1.60775 -0.800343 -1.37385 -0.506516 0.41371 -1.33989 0.435708 1.34724 0.1215 -0.255837 -0.385598 -1.00091 0.398537 -0.397556 -0.456667 -0.348091 0.0614523 0.367983 -0.144459 2.23622 0.682701 -0.197815 -0.200995 -0.189004 -0.381913 2.00911 0.0944444 -0.7864 0.0877877 0.397341 0.414112 -0.568319 1.71363 0.490277 -0.143251 0.877814 
0.96857 -1.30315 -1.57889 1.39702 -0.90986 -1.6642 -0.568485 0.3068 -1.14738 1.15225 1.56036 -0.85864 -0.727216 -0.00662703 0.033291 1.84436 0.04412 -0.412723 -0.342399 -0.00122105 -0.183765 -0.105913 1.27128 -0.331181 -0.607736 0.299655 -0.225536 -0.0903802 1.96862 0.148138 -0.278119 -0.0599348 -0.321537 0.162303 -0.271419 1.30879 -0.428521 0.16183 0.435894 
1.00259 -0.864916 -0.529635 1.61358 -1.0083 -1.5249 -0.506884 0.312826 -1.42014 1.15098 1.04257 -0.507692 -0.0473114 0.0595093 0.872853 2.73506 0.62261 0.0730809 0.267838 -0.466816 -0.153839 -0.182634 -0.670504 -1.24972 0.383642 0.783691 -0.126902 0.260434 1.55594 0.384701 0.389952 -0.0459446 -0.5503 -0.507386 -0.197715 0.908493 -0.681389 -0.432121 0.695591 
0.964307 -0.83312 -0.0950735 1.59543 -0.885872 -1.54048 -0.75651 0.22214 -1.28624 0.763871 0.389195 -0.45569 -0.184058 -0.179597 0.355954 0.633657 0.520604 0.978387 0.281643 -0.696977 -0.476163 -0.13408 -0.180779 -0.569787 0.0646825 0.628554 -0.526986 0.97057 2.01884 1.02177 0.287057 -0.00857623 -1.3182 -1.00433 -1.0905 -0.890992 -1.65313 0.0568003 0.923358 
0.923037 -0.671542 -0.179392 1.77804 -0.552079 -1.39497 -0.787674 0.0534101 -1.5219 1.04095 0.51281 -0.436817 0.388595 -0.81306 0.563546 0.478317 0.856851 0.346382 -0.276516 -1.21435 -1.15469 -1.11241 -0.375298 -0.934559 -0.326705 0.447551 -0.741287 0.525163 1.08258 0.381114 -0.101278 -0.936098 -0.599907 -0.39439 -0.467422 -0.356642 -0.168405 0.178072 0.109669 
0.6853 -0.52864 0.171374 1.87183 -0.731399 -1.66188 -1.24582 -0.405156 -2.13538 0.543283 -0.484664 -0.792295 0.126713 -0.877836 0.423656 1.09237 0.0389692 -1.1107 -1.58294 -0.064721 -0.036283 -0.424637 -0.230657 0.346283 0.141077 -0.479884 -0.65615 0.702608 0.270046 0.287026 0.403701 -0.336708 -0.0441412 -0.84158 -0.636894 1.09925 0.338597 0.350223 1.12951 
0.623633 -0.441932 0.4183 1.78216 -1.09328 -2.10462 -0.813635 0.0324865 -1.84563 0.902573 0.84721 -0.286406 0.0581953 -0.123648 0.47772 -0.0430937 -0.432374 0.238817 -0.189457 1.16407 0.0585764 0.353417 1.69226 1.38062 0.743722 1.05796 -0.697735 0.474818 0.681867 0.282144 0.13365 -1.01765 -0.101973 -0.33968 -1.21115 0.0267417 1.05002 0.861857 0.299747 
0.623366 -0.270094 0.156553 1.71904 -0.628282 -1.74407 -0.776526 -0.374649 -1.86473 1.49783 0.825456 -0.0144576 0.859487 -0.11784 0.281715 -0.0029227 0.378498 1.31219 0.167986 -0.0595844 -0.404756 -1.01298 0.274363 1.03931 0.903804 0.881444 -0.349876 0.523425 0.156258 -0.179059 0.244071 -0.49016 0.395184 1.335 0.158164 1.08579 1.53921 0.651758 0.399573 
0.563528 -0.288291 0.425149 1.89931 -0.477689 -2.02586 -0.837526 -0.188214 -2.61882 1.05123 1.83536 0.658096 0.668933 -0.378759 0.299326 0.297552 0.18762 0.119567 -0.490372 -0.651979 1.68616 -0.172851 -0.391282 0.651003 0.043332 -0.523591 -0.419716 0.848713 -0.984351 -0.0283491 1.39258 -0.15559 0.0588502 -0.0401725 -0.290399 -0.482215 0.564408 0.12899 0.619593 
0.481106 -0.107027 0.325489 1.77264 -0.582099 -1.96175 -1.03918 0.538289 -1.99612 1.26816 1.44731 0.0341896 0.498871 -0.483601 0.974994 -1.55461 -0.406854 0.678088 -0.381547 0.141144 0.354631 0.663459 -0.834876 -0.295038 -0.758278 -0.0543456 -0.895112 0.919342 -0.808553 -0.924886 0.21696 -0.928511 0.0603455 0.751836 -0.409741 -2.29906 0.0769051 -1.07691 -1.14778 
0.388257 0.236403 -0.405039 1.75501 -0.164845 -2.19455 -0.780515 0.00280604 -2.11132 0.569433 1.56478 -0.127829 0.632725 -0.896802 1.06153 -1.57581 -1.50327 0.200296 -0.800357 0.735453 -0.70256 -0.317701 -2.32614 -0.550543 -1.37765 -1.00072 -1.10191 1.08071 -0.955312 -0.312559 1.05926 -0.273232 0.263335 1.09373 0.834321 -1.51508 -0.496134 -0.819406 -0.231936 
0.175731 0.463983 -0.516135 1.26334 -0.497374 -2.31902 -0.742634 0.156128 -2.23816 -0.0612288 0.935703 -1.39658 -0.1916 -1.0852 0.623818 0.0432099 -0.0295871 0.838586 0.00403616 0.202171 1.0752 0.316151 -0.951821 -0.361276 -0.260041 -0.251472 -1.04932 0.0987787 -0.399905 -0.368001 1.75166 -0.676281 0.294536 -0.151988 1.12045 -0.39553 -0.765796 -0.352847 -0.138088 
0.0235606 0.573143 -0.373305 1.73631 0.224626 -2.18961 -0.698907 0.584498 -1.86915 0.021167 1.23172 -0.395029 0.460235 -0.597422 -0.910661 0.946737 0.987226 2.30019 -0.138855 -0.352197 0.506493 1.63544 1.86854 -0.461894 0.931882 0.819759 -0.493168 -0.980376 0.268916 -0.472713 2.10143 -0.229598 0.179865 0.271741 2.49042 -0.0203692 -1.47472 -0.279091 -0.0197922 
-0.0353789 -0.0205531 0.0029955 1.58314 0.58993 -2.37842 -0.884462 0.429483 -0.988142 0.99351 0.507724 -0.422845 0.376493 0.379605 -2.06425 0.390219 -0.636811 2.15888 -0.320737 0.0342964 -0.718215 2.62055 0.939599 -1.58739 -0.0952181 0.227901 0.232029 -1.58369 0.373854 0.735449 2.86912 0.695042 -0.971499 -0.175353 2.92341 -0.154984 -2.25998 0.406585 -0.608907 
0.120085 -0.528811 -0.154381 1.51545 1.24446 -2.33091 -0.68496 0.193848 0.133419 0.547925 -0.257973 -0.490629 0.619154 0.920168 -1.41941 -0.346603 0.0811212 1.78808 1.11076 -0.885166 -0.733054 1.81293 -2.04057 -2.5238 -0.445699 -1.62712 0.30332 -1.65155 0.721599 -0.800905 1.04394 0.38644 -0.531419 -0.970433 1.84365 0.8039 -0.353234 0.378849 -0.706088 
0.231351 -0.777377 -0.17555 1.60129 1.43273 -1.87515 -1.2411 0.0307881 0.397465 -0.173568 -1.86532 -0.883337 -0.747032 0.0442318 -0.365889 0.762349 -0.500823 -0.663977 0.862568 -0.708326 -0.546078 -0.448173 0.0267278 1.1198 0.547365 -1.16455 0.196144 -1.01959 0.732122 0.338427 0.63568 0.410193 0.121297 -0.667723 0.98158 -0.266771 0.682305 0.969769 0.347008 
0.111011 -0.721777 0.265283 1.33987 0.916547 -1.9394 -0.970324 -0.103473 -0.208292 0.555836 0.806105 0.0827767 -0.184583 -0.648308 -0.0788555 1.51589 0.417159 -0.873266 -0.53583 1.04666 -0.136145 -0.659302 1.73583 3.42377 1.62301 2.09155 -0.472749 -0.675096 0.141275 -0.374309 -0.224069 -0.456581 -1.11212 -0.619762 -0.418385 0.0790961 0.725419 -0.119647 -0.0499001 
0.00421906 -0.816719 0.650602 1.73131 1.00489 -2.11331 -0.819123 -0.0442779 -0.105532 0.805742 1.37217 0.809941 0.700302 -0.720873 -0.624382 -0.531693 -0.0242815 0.35719 -1.4956 -0.709044 -0.260522 -0.052595 0.0791325 -0.162887 -0.706958 1.10093 -0.652309 -0.515226 0.355887 -0.525558 -0.0177364 -0.534426 0.443548 -0.170554 -0.122835 2.14617 3.11545 1.98883 2.09264 
-0.13897 -1.05309 -0.0131062 1.32293 1.07618 -2.60972 -1.25598 -0.245973 -0.24781 0.593532 0.660189 -0.649718 0.577891 -0.282954 -0.675675 -0.944295 -1.15944 0.859653 -0.205688 -0.472661 -0.0841541 0.507797 0.824011 0.689479 0.804865 0.695359 -0.138206 -0.745562 -0.659452 0.135176 0.562529 -0.683702 -0.401104 -0.633683 -0.371278 0.31396 0.0585387 -0.238269 1.20752 
-0.107875 -1.17549 0.149639 1.33647 1.40442 -2.20281 -1.0095 -0.0911559 0.283048 1.2668 2.03032 1.65144 1.18239 0.518619 -0.469796 -0.509698 0.230724 0.453686 0.546045 0.201829 -0.564248 -0.392505 0.305552 0.239091 0.401794 0.508382 0.210452 -0.566207 -1.20037 -0.841062 0.582674 0.477162 -0.549446 -0.698928 -1.14814 -0.943858 -0.369619 0.0156512 0.131151 
0.00132597 -1.30167 -0.279631 1.39089 1.28188 -2.36073 -1.17451 -0.553145 -0.546994 0.759918 0.893472 -0.227869 0.930717 0.575102 -0.154031 -0.956411 -0.0358588 -0.0201543 0.873951 -0.224443 -0.825773 -1.87095 -1.93257 -1.17871 -0.798425 -0.518108 0.598735 0.538031 -1.42858 -0.946315 -0.172186 1.8591 1.47781 0.199498 -1.19648 -0.480388 -0.500019 0.247599 -0.263097 
0.0502052 -1.25506 -0.35786 1.31568 1.3839 -1.80617 -1.09984 -0.54012 -1.14556 0.161108 0.926145 0.823713 0.825567 0.324123 1.26838 -1.75354 -1.57715 -0.686754 2.04813 1.6961 0.826939 -1.02777 -0.863896 -0.900536 -0.110714 -0.855658 1.57142 1.9657 -1.93774 -3.81648 -2.35616 2.68206 1.95089 -0.963707 -2.44431 -1.32265 -0.717835 -0.61361 -0.913947 
0.0803807 -0.619953 -1.21713 0.856993 0.943096 -1.43538 -0.490775 -0.106053 -1.33147 0.261625 0.0517082 -0.339602 0.340531 1.64692 3.05783 -2.11569 -5.43171 -3.31608 2.86713 2.72796 -0.429741 -1.02393 0.374317 0.229615 0.0326529 -0.69509 2.03081 1.59054 -2.01878 -4.80521 -3.60884 3.49681 2.29186 -0.76033 -0.7081 -0.52259 -2.00564 0.563143 -2.33101 
0.545766 0.384394 -1.49072 -0.501427 -0.210243 -0.512035 -0.000223505 -0.774367 -1.92711 0.366578 1.15049 0.861242 0.346387 2.54933 1.08221 -1.4473 -5.31009 -4.42939 2.82841 1.24387 -1.81701 0.18463 0.255451 -1.74928 0.789022 -2.24287 2.39985 1.54857 -0.970814 -4.38241 -3.31576 3.37328 2.00259 -0.604291 0.55631 -0.0525873 -2.26506 0.506892 -1.99699 
0.860081 -0.0378753 -1.98944 -0.919626 -1.18258 -0.158679 0.0106863 -1.09244 -1.18977 0.399535 -1.5907 0.485397 -1.20869 1.74984 -0.769125 0.579666 -0.84844 -1.38364 1.83725 -0.158263 -0.356666 1.67501 -0.424787 -3.22203 0.576625 -1.95904 2.2276 0.661352 0.386791 -3.85628 -2.62702 3.30339 1.7387 -1.12821 0.926924 0.518837 -1.69957 1.56763 -0.549158 
1.07373 -0.0243899 -1.1696 -0.792732 -0.881754 0.318364 -0.063887 -0.968994 -0.64687 0.117861 -1.88121 1.46511 -1.00661 0.603173 -0.10178 2.06799 -0.214622 0.708295 1.77857 0.988026 0.346782 0.904413 0.372458 -0.49634 1.12197 1.51501 0.991193 -1.02278 0.593427 -2.04019 -1.14192 1.65926 0.236179 -0.33428 1.32629 -0.745348 -2.50802 0.0508424 -1.74415 
1.027 -0.0894865 -0.86546 -0.999929 -0.855318 0.645296 0.40903 -0.905675 -0.498203 0.603948 -2.05117 1.65703 -0.159945 -0.350589 -0.733838 0.369287 -2.06862 -0.22731 0.478422 0.466817 -0.0773256 -0.114012 -0.44811 -0.0912467 -0.526998 -0.358705 0.379058 -0.359414 1.64883 -0.242237 0.863315 1.63579 1.28776 0.586166 1.51969 0.678654 0.829108 0.693329 -0.612165 
0.940344 -0.414288 -0.961966 -1.49024 -1.00118 0.536906 0.124386 -1.01217 -0.733307 -0.144112 -1.95955 0.919976 -1.25323 -0.0719381 -0.422992 0.557585 -0.120846 0.529962 0.504392 0.666628 0.420584 0.885123 0.44518 1.59018 -0.283899 -2.3267 -0.174913 -0.312724 0.943914 -1.44905 -0.388039 0.283575 0.642481 0.130359 0.0835345 0.0609158 0.529175 -0.691459 -1.13548 
0.981348 -0.313015 -0.556253 -1.04901 -0.613196 0.875532 0.677836 -0.678897 0.178626 0.849694 -0.543361 1.36499 -1.76712 0.0962844 0.277914 1.13645 0.000350521 -0.312459 -0.0799484 0.361834 0.249777 0.206384 0.532387 0.788988 -0.334308 -1.14923 -0.195299 0.0424967 1.10971 -1.0074 -0.717357 -0.516007 -0.142056 0.14025 -0.256187 -1.39398 0.526241 -1.71289 -2.41263 
0.94766 -0.262681 -0.340495 -1.49898 -1.16127 0.504025 0.270346 -0.877999 -0.574984 0.1512 -1.20753 0.575454 -2.04637 -0.211275 0.49087 1.21154 -1.31328 -1.53765 -1.22024 -0.842244 -0.235223 -1.19422 -2.08811 -0.896316 -1.83088 -0.880421 -0.209784 0.787894 2.03295 0.412141 0.0577742 0.259716 0.539294 0.408475 0.512827 0.0471062 1.00014 -0.976886 -1.49802 
0.891823 -0.0474315 0.105723 -1.49507 -1.35824 0.329199 0.338497 -0.80768 -0.733005 -0.344404 -1.38114 -0.537633 -2.37442 -0.400037 0.889113 2.09934 0.603773 0.406138 0.445172 0.33473 0.285668 0.393301 -0.464504 0.530726 -0.877267 -0.841052 -0.433518 0.536669 1.72005 -0.890186 -0.729154 0.202715 -0.798385 -1.18988 -1.81374 -2.7288 -0.604096 -0.590862 -0.552166 
0.7987 0.216048 0.800396 -1.30684 -0.978267 0.707595 0.405381 -0.724369 -0.27387 -0.12009 -0.699142 -0.334352 -2.62646 -0.409736 0.305706 1.52718 0.0474519 0.5132 1.50603 -0.173522 -1.31549 -0.955503 -1.13949 0.0974239 1.09302 0.148554 -0.488352 0.990706 1.86855 0.349381 0.208494 0.338618 -0.0140162 0.22839 -0.165234 -1.91035 -0.212733 0.138796 0.379641 
0.739809 0.119049 0.937967 -1.48812 -1.12412 1.01045 0.268684 -1.52215 -1.46228 -0.999336 -1.2815 0.603864 -2.27036 -0.29873 0.576977 0.875284 -0.0897636 -0.0983035 0.0300115 -0.346445 0.0147324 -0.59491 -1.79145 -0.812772 1.03483 1.34891 -0.649972 0.716339 0.950585 0.043118 -0.118084 -0.000510484 -0.533144 0.706684 0.722885 -0.547249 0.322484 1.73383 1.57454 
0.681638 0.527717 1.28098 -1.34557 -1.03611 0.724227 0.265872 -0.717634 -0.727677 -1.14558 -1.45811 0.74656 -1.69255 -0.518211 0.755808 -0.0108441 0.0268082 -0.669395 -1.50346 -0.502714 2.24015 1.80342 0.501772 0.327355 1.02193 1.94905 -0.665794 0.679044 0.129058 0.179822 0.268095 -0.306811 -0.0507762 -0.289358 -1.07395 -1.29049 0.505691 2.36511 1.88292 
0.553641 0.526432 0.940543 -1.48805 -1.45462 0.33659 0.0661907 -0.308855 -0.0839357 -0.721425 -0.964955 1.67135 -0.921546 -0.651653 0.429542 -0.664036 0.360311 0.490823 -0.454319 0.287674 -0.390093 -0.680565 0.27138 1.4795 1.85481 1.15898 -0.70433 1.02037 -0.00462101 0.239444 -0.0926845 -0.900607 0.518963 1.09797 1.24132 -0.0175135 1.10869 0.964196 0.958106 
0.453453 0.760478 0.931201 -1.23448 -0.81267 0.522774 0.381942 -0.930384 -1.24692 -0.998614 -0.0547157 2.68117 -0.889936 -0.486817 0.754019 0.00972784 0.329348 0.54929 0.251622 1.17325 -0.804783 -0.342847 -0.510604 1.13572 0.148541 -0.671577 -0.791656 0.773254 -0.648805 -0.241317 -0.310274 -0.548834 0.327043 0.172858 -0.169624 0.263022 0.955558 0.2252 -0.160622 
0.377357 0.932857 0.954215 -1.38727 -1.20327 0.453008 0.53919 -0.746439 -0.345185 -1.01892 0.114142 1.82953 -1.38447 -0.477204 0.715898 -0.360442 -0.694459 -0.920097 -0.307279 0.137192 0.618012 0.473769 0.0528318 -0.218663 -1.59121 -1.36992 -0.986773 1.26218 -0.00761632 -0.0207048 0.16695 0.0810188 0.56315 -0.833041 -1.24273 -0.482266 0.0197368 -0.0400772 -0.826411 
0.280195 1.1465 0.745191 -1.47452 -1.26287 0.38753 0.437361 -0.596565 -0.884333 -0.975867 -0.253247 1.02806 -1.83565 -0.91872 1.11238 -0.0156025 -0.346728 -0.300486 -0.135437 -0.446152 -0.280188 -1.13209 -0.0499701 -1.11076 -0.210489 -0.42516 -0.525127 0.873811 -0.576297 0.0491671 -0.647839 -0.492645 0.186013 0.508342 0.289135 -0.168595 -0.341743 -1.81957 -1.32206 
0.0650802 1.53108 0.954224 -1.51155 -1.35764 0.395142 0.359494 -0.899602 -1.20936 -1.0546 -0.925928 1.61392 -1.67704 -0.273711 0.577821 -0.548848 0.777404 0.0111829 -0.376013 0.107146 0.0477782 -0.138429 -0.241024 -0.233756 -0.65448 -0.386256 -1.17475 0.875742 -0.019146 0.825922 0.323873 0.238899 -0.49372 0.326665 -0.556142 0.356373 -1.15129 -1.59896 -0.652496 
0.171012 1.45862 0.457547 -1.22457 -1.26843 0.221337 0.48067 -0.571913 -0.989422 -1.12014 -0.466017 0.350201 -2.10132 -0.753378 0.184189 -0.00858841 1.54498 0.772259 0.471649 -0.179619 0.708856 0.468528 0.485006 -0.410772 -1.76448 -0.440192 -0.903388 0.62233 -0.358918 1.4965 1.08439 0.219133 0.573019 0.0158756 -0.37071 -0.785853 -0.0186241 -1.7474 0.733554 
-0.195135 1.63252 0.958017 -1.00607 -0.999837 0.610634 0.287223 -0.51653 -0.850775 -0.786217 -1.30568 -0.219579 -1.98 -1.01358 0.345069 -0.0151098 1.3837 1.54119 0.684679 0.632588 -0.0247502 -0.305999 -0.67996 0.208057 -1.50265 1.36497 -0.939512 0.0267836 -0.572299 1.3818 1.43232 1.09129 1.25634 0.800532 -0.402195 0.149252 0.12853 -1.902 -0.817356 
-0.171135 1.64617 0.457821 -0.772783 -0.543508 0.532753 0.735756 -0.586584 -1.22252 -1.51389 -0.26201 -1.2107 -1.1563 -0.585142 -0.139481 -0.89435 0.45143 1.27449 1.05248 1.79405 0.338299 -0.950164 -0.295859 0.57941 -0.582368 -0.644497 -1.45794 0.264652 0.00914891 0.776591 0.892709 0.790336 0.996631 0.911779 0.454742 1.15403 0.287113 -1.13763 -0.356447 
-0.402378 1.56073 0.483996 -0.864639 -0.402247 1.08767 1.01043 -0.334365 -1.57597 -0.961655 -0.751366 -0.822361 -2.4242 -1.06008 0.0503954 0.0358687 -0.256281 -0.261167 0.420034 0.649401 1.2171 0.837043 2.06195 0.17001 0.093813 -1.83645 -0.341493 -0.0786504 -1.18671 0.595788 0.743452 -0.822432 0.885539 1.07459 -0.544055 -0.0810665 1.33415 0.306824 0.772256 
-0.527921 1.676 0.485595 -0.866955 -0.679104 0.725004 0.997618 0.0720458 -0.582422 -0.349221 -0.0938933 -1.1095 -2.42455 0.0946237 0.0287181 -0.984649 0.416385 -0.206542 -2.19538 -0.65427 1.06655 0.300886 0.211579 1.18141 0.946128 1.67471 -0.0928629 -0.998781 -1.26762 0.76503 0.862572 -0.825563 -1.44742 0.574076 0.453706 0.777238 0.166466 2.04065 0.525933 
-0.395586 1.57897 -0.0387349 -0.734876 -0.511763 0.102248 0.746857 0.242641 -1.34545 -0.848681 0.370833 0.166206 -1.26505 0.922124 -1.51797 -2.0434 1.3671 1.49837 -1.56729 -2.49598 -0.465518 -0.307223 -1.12727 0.0487262 2.39765 2.53893 0.565479 -1.13825 -1.31316 1.00571 0.808997 -2.09297 -2.03973 0.779042 1.34258 -1.19231 -0.0101926 2.28966 2.90542 
-0.260575 0.866429 -0.608265 -0.420692 0.0253751 0.0224019 -0.00825321 -0.181598 -0.816458 -0.997208 -0.0401881 1.39027 -0.667921 0.70096 -1.70195 -1.09523 1.04001 1.36762 -0.718184 -1.95051 -0.0474496 1.27936 -1.6151 -1.19597 1.85091 2.19356 0.678893 -1.39701 -1.67863 1.17766 1.6931 -1.5156 -2.26251 0.661889 -0.594119 -1.94285 -0.210813 1.04957 3.24431 
-0.197877 0.670922 -0.621116 -0.397502 0.130291 -0.218018 -0.0391651 0.215663 -0.36746 -1.77393 -0.749624 2.09676 0.25281 0.0342828 -0.536825 -0.617079 0.336199 0.918913 -0.541623 -0.393976 1.33172 -0.401218 -1.16726 -0.328236 -1.12241 1.78021 0.632815 -1.55681 -1.29331 1.25225 1.70287 0.0980359 -0.49959 0.725401 0.090616 -2.10986 -1.29431 -0.168915 1.89154 
-0.272781 0.581975 -0.932715 -0.317623 0.453198 -0.218362 -0.16692 0.539172 -1.1223 -1.66792 -0.342083 0.225243 0.564169 0.190108 -0.588481 -0.953127 0.770386 1.06354 0.858085 1.31722 0.996543 -1.17862 -0.877703 -0.514441 -2.07097 0.325794 0.412992 -0.94892 -0.569084 0.831187 0.62633 -0.276087 0.625181 1.15269 0.580316 -0.860082 -0.132017 -1.40801 1.00827 
-0.161019 0.358822 -1.12684 -0.14989 0.627168 0.171479 0.491861 0.754711 -1.26717 -2.28007 -1.22717 -0.0558301 0.479406 0.545072 -0.857221 -0.280752 0.869614 -0.0173835 0.160133 1.20048 0.175075 1.08066 0.158156 0.152787 -0.618221 -0.435996 0.129111 -1.05401 -0.840126 0.258291 0.870401 -0.171609 0.235139 0.734066 0.369496 0.244958 0.304161 -2.53132 0.0535643 
-0.124157 0.12604 -1.07574 -0.0369773 0.433994 -0.143139 0.317054 0.632842 -0.296094 -1.58531 -0.190214 -0.414866 0.264111 -0.0133021 -0.960537 -0.375286 -0.387168 0.18478 -1.09397 -1.01 -0.0361398 1.60892 1.18047 0.915022 -1.04817 -0.251768 -0.0782762 -0.776143 -0.70107 -0.18652 0.622404 0.721084 0.441468 0.0491101 0.901591 -0.265226 -0.437074 -0.711149 -1.00147 
-0.188209 -0.152409 -1.32086 -0.287635 0.704485 -0.317996 0.0849078 0.733865 -0.0374168 -1.61641 -0.356263 -1.14357 0.306712 -0.662344 -0.282052 -0.826753 -1.12508 0.913335 0.848068 -0.629143 -0.10867 -0.0215535 -0.461065 -0.731104 -0.267248 -0.893648 -0.687397 -0.0652554 -0.25021 -0.0375789 0.593929 0.0461045 -0.712635 0.106697 1.07197 0.286215 0.614883 0.125969 -0.576955 
-0.355708 -0.022055 -1.51329 -0.420378 0.859154 0.241847 0.063604 0.572672 -0.311899 -1.85465 -0.872147 -0.68957 -0.352339 -0.967715 0.869526 -0.0159762 0.345559 0.67071 1.1615 0.104003 0.177707 -0.348476 -0.828725 -0.104092 1.18999 -0.51308 -0.596184 1.5174 0.443152 -0.795057 -0.529103 -0.693942 -0.84752 -0.453468 -0.401733 -0.753869 -0.187073 0.977608 0.360644 
-0.515912 0.315837 -1.32105 -0.18145 1.01381 0.208121 0.12695 0.828962 -0.302966 -2.09471 -0.446717 0.0988874 -0.0466372 -0.189331 2.5248 1.53698 -0.00415813 -1.65354 -1.81189 -0.449518 -0.480884 -0.459537 -0.421948 0.482945 1.45418 1.37623 0.713388 1.70857 1.51996 -0.99407 -2.64049 0.243605 0.296006 -0.685486 0.17183 0.57035 0.646085 1.67867 -0.534797 
-0.438324 1.33212 -0.675766 -0.430616 0.0587819 -0.570895 -0.117448 0.310697 -0.66229 -2.10175 -0.408829 0.827935 0.600462 1.97304 1.65512 2.43683 -1.76055 -4.41094 -0.818727 0.281134 -1.07009 0.545191 1.51779 0.95623 0.85727 -0.195679 1.79757 0.797907 1.91643 -1.1178 -3.98692 0.217817 0.0831054 -0.58788 0.559969 0.427804 0.417857 2.03987 0.22636 
0.0823328 1.20454 0.00188965 -0.776403 -1.10306 -0.157417 0.240384 0.247534 0.11418 -1.23933 0.463065 0.994942 -0.180555 2.73204 -1.34301 1.51372 -1.58849 -3.99981 2.11872 0.562126 -0.284104 1.11493 0.941785 0.0677864 1.03633 -1.07231 2.55248 0.054532 1.87735 -1.97096 -3.95015 1.19422 0.408296 -0.996498 1.16475 1.40931 0.203901 1.348 -0.417282 
0.398905 0.616183 0.149213 -0.968289 -1.8618 0.386243 0.109238 0.155411 0.190096 -1.57375 -0.337144 1.91041 -0.139502 1.64015 -1.56949 0.551781 -1.05711 -1.19017 2.48631 0.247743 -0.228222 0.824897 0.167265 -0.688055 0.784188 -0.356732 2.5224 -1.60422 0.844278 -1.91017 -2.70002 2.02683 0.337206 -1.18677 1.90694 1.2841 -0.0811125 -0.580477 -1.5393 
0.575763 0.36739 0.307966 -1.13718 -1.6822 0.965236 0.340359 0.122547 0.745001 -1.15154 -0.178258 1.81491 -0.425815 0.838503 -1.01733 -0.166257 -1.14189 0.174995 0.709206 -0.12425 -1.26256 1.13224 0.59462 -0.17601 -1.76145 -0.972898 1.54502 -1.19458 0.674909 -1.74049 -0.791493 1.81522 -0.435126 -1.05036 0.609991 0.611817 -0.996797 -1.06083 -1.32861 
0.639922 0.0745552 0.0679533 -1.35729 -1.78915 0.708703 0.0592838 -0.530366 1.05571 -1.24307 -0.495439 0.0800723 -0.810741 0.54443 -0.186798 0.526614 -1.42964 0.0771377 0.0467163 -0.798509 -1.14039 -0.110389 0.571027 -0.629451 -2.09877 -1.40816 0.753174 -0.20449 1.07024 -1.12659 0.676872 1.57637 -0.190099 -1.12775 0.38894 1.10025 -0.281741 -1.75438 -1.53644 
0.724186 0.270276 0.600467 -1.62197 -1.65628 0.98939 0.0186473 -0.496995 0.661332 -0.83427 -0.764298 -0.366631 -1.39796 0.223235 0.721008 1.87268 -0.463383 0.798348 1.49095 -0.112864 -0.207068 -0.678961 0.723528 -0.19717 -0.404253 -1.06849 0.504497 0.0191274 0.532159 -0.323712 0.513914 0.88689 -0.785363 -1.87959 -1.25503 -0.0732646 0.228453 -1.28849 -1.07231 
0.687211 0.463312 1.08657 -1.5204 -1.41889 1.38317 0.0139186 -0.643885 0.537691 -0.839118 -0.673695 -0.33727 -1.54807 0.164681 0.220217 0.325006 0.977181 0.664662 1.19256 -0.200587 -1.31052 -1.37908 -0.646045 0.930049 0.504799 -0.0157366 0.265543 0.710321 1.30245 -0.14787 0.611991 0.969084 0.00717425 -0.643081 -1.61173 -0.209325 -0.0215875 -0.143728 -0.712297 
0.753038 0.391002 0.784212 -1.30551 -1.34985 1.52949 -0.0620744 -1.20878 -0.391525 -1.20874 0.120786 0.162459 -1.40748 0.147035 0.331632 0.202635 0.263412 0.0828071 -0.137127 0.128274 -0.629968 -1.23204 -0.960073 0.167557 0.215108 0.123579 -0.0827285 0.310518 0.44512 0.151408 0.153951 -0.0464713 -0.00295125 -0.393298 -0.922805 -0.949714 0.237966 0.55075 0.369572 
0.710506 0.643669 1.20431 -1.44157 -1.39026 1.32454 0.065743 -0.986689 -0.402832 -1.39207 -0.507893 -0.109784 -1.46127 -0.288267 0.242881 0.388343 -0.747433 -0.434328 -1.25405 0.203036 0.799501 0.28222 -0.46947 -0.616887 0.1583 0.510195 -0.0128942 -0.0326119 0.142888 0.404069 0.0863773 -0.365519 0.642805 -0.170766 -0.858401 -1.05442 0.500974 2.16456 1.31628 
0.639271 0.523858 1.00212 -1.56319 -1.56812 0.967939 0.0198825 -0.776561 -0.175269 -1.48286 -0.453403 0.330801 -1.0534 -0.171594 -0.374508 0.0305842 0.329121 0.0515132 -0.368998 0.700791 0.409393 0.21128 -0.279751 0.492941 2.42841 1.63042 -0.303501 0.294294 0.46935 -0.330165 -0.154234 -0.588841 0.18642 0.558021 -0.0945391 -0.460388 -0.0598726 1.38525 0.925644 
0.633475 0.44609 1.22923 -1.34085 -1.37657 1.1615 0.348318 -0.765979 -0.240769 -1.55836 -0.0351461 2.42202 -0.332735 -0.148378 0.196293 0.363498 0.285713 0.226768 0.436692 0.0418227 -0.0688692 -0.400286 -0.0651298 0.536714 1.52888 0.724089 -0.380502 0.219275 0.208649 -0.208122 0.0197737 0.17957 0.790522 0.702572 1.17881 0.517095 0.627488 1.61996 0.686419 
0.56955 0.63178 1.20663 -1.47693 -1.47075 1.16769 0.036863 -0.815152 -0.480397 -1.52715 0.0606367 1.92608 -0.551449 -0.37424 0.703059 0.307104 -0.615605 -0.0118287 0.622526 0.317363 0.509905 1.17543 0.905592 0.334636 -0.4532 -0.714416 -0.186673 0.572361 0.653488 -0.0895219 -0.108898 0.069645 0.754421 0.227095 0.554065 -0.183978 0.204728 0.597466 -0.412464 
0.492638 0.825241 1.40332 -1.55465 -1.39312 1.44493 0.476354 -0.490773 0.657832 -1.05093 0.288266 1.95371 -0.825275 -0.122603 0.652913 0.680868 -0.401905 -0.369911 -0.336358 0.93012 0.367579 1.04871 -0.141325 -0.267447 -0.80845 -1.27009 -0.481277 0.927943 -0.164093 0.183465 -0.324842 -0.682029 -0.296027 0.229198 0.149142 0.15005 -0.129668 -1.04185 -1.02705 
0.507945 0.984092 1.58234 -1.61958 -1.65827 1.01935 0.411868 -0.617112 0.321397 -1.61476 -0.183915 1.08792 -1.42815 -0.314495 0.670483 -0.561559 0.891383 -0.438145 -1.56975 -0.690073 -0.20845 -1.00553 -0.715497 -0.506983 -0.838098 -0.649254 -0.575095 0.996092 0.128973 0.995064 0.396891 -0.894814 0.763994 0.770118 0.490703 0.295303 -0.473398 -0.937691 -0.282051 
0.370613 1.18696 1.10882 -1.26675 -1.61321 0.741224 0.198347 -0.605042 -0.109654 -1.46487 -0.182246 1.08469 -1.27277 -0.699167 0.821119 -0.469755 1.84302 0.945435 -0.907409 0.0540766 0.639879 -0.475164 0.50386 -0.358841 -0.355025 0.897597 -0.539265 0.880853 -0.328383 0.783564 0.449218 -2.05725 0.0305413 0.141125 -1.2196 -0.644005 -0.524047 -1.61114 0.256667 
0.264799 1.42643 1.33737 -1.01488 -1.21778 0.613883 0.433788 -0.271439 -0.040933 -1.33566 -0.51468 0.72183 -0.806242 -0.456467 0.63362 0.0461107 0.24605 1.08802 -1.29402 0.735395 0.394952 -0.442074 -0.0370883 -0.186193 -1.15182 0.993497 -0.90005 0.559432 -0.428041 0.721153 0.752538 -1.22138 0.758904 0.222998 0.596496 0.548406 -0.0494329 -0.726413 0.977802 
0.203885 1.52894 1.14212 -1.1937 -1.10465 0.161671 0.494869 -0.392161 -0.446706 -1.49323 -0.350148 -0.110958 -0.584562 -0.583396 0.00902157 -0.204012 -0.795202 0.135421 -0.791478 0.923604 -0.346516 1.17373 0.159153 0.292455 -0.549176 0.40608 -1.17833 0.293414 0.0846247 0.076515 1.08978 0.02621 1.64069 0.463178 0.619794 1.14206 0.162654 -0.0734124 1.15227 
0.0581055 1.43412 1.23574 -1.28846 -1.16403 0.260614 0.806167 -0.460562 0.856366 -1.25248 -0.231058 0.153605 -0.524141 -1.22071 -0.195744 0.0945502 -0.123837 0.472018 1.33382 1.37104 0.211891 1.16817 1.40487 0.399896 1.04896 0.542306 -1.44916 -0.144872 -0.132045 -0.223744 0.0962738 -0.279039 0.619353 -0.37054 0.970129 1.02393 0.974319 0.602366 0.300702 
-0.203478 1.42704 1.20155 -1.24378 -0.890196 0.765382 1.04759 -0.278531 0.446349 -0.702028 0.0348265 0.984669 -0.208283 -1.47782 -0.217434 0.000468712 0.486287 0.0129607 0.405874 -0.124559 -0.134803 -0.0336254 1.06839 0.993158 1.27562 -0.00325001 -1.88441 -0.307909 -0.115235 0.0328631 0.152398 0.577345 0.574775 -0.175644 1.42527 1.19209 0.796705 0.4769 -0.180017 
-0.430213 1.32061 1.24442 -1.13543 -1.16875 0.446489 0.756088 -0.534901 0.83134 -0.652524 0.713559 1.48521 -0.525026 -1.4577 -0.253079 -0.271389 0.183373 -0.243891 -0.52594 -0.629059 -0.438832 0.509789 0.0223023 0.651155 -0.476488 -0.779047 -1.79817 0.00146075 -0.528567 0.221304 0.106757 0.114708 0.511192 0.602994 -0.84882 0.744785 0.60488 0.890761 0.135787 
-0.68546 1.29445 1.06357 -1.19159 -1.01754 0.53168 0.79417 -0.517706 0.83645 -0.696633 0.656822 0.492121 -0.745505 -1.07829 0.224801 -0.833933 -0.156177 0.150316 -0.242739 0.78515 0.924132 -0.975807 -0.172246 -0.195439 -0.195266 0.186669 -1.26274 0.331321 -0.356256 -0.031909 -0.506075 -0.557455 0.00750353 0.549142 0.0265955 -0.664559 -0.0537371 -0.691339 0.276981 
-0.792732 1.44379 0.802989 -1.19627 -1.10788 0.340307 1.07266 -0.0351122 0.0865558 -0.757703 0.536936 1.28545 -0.394612 -0.339173 0.746853 -0.28834 -0.21684 -0.463594 -0.247673 0.644891 1.15787 -0.484705 -0.799288 -0.723226 -0.384671 1.15032 -0.887646 0.25781 -0.866516 0.0554843 0.0496468 0.151257 0.893017 1.23889 -0.796141 -1.56006 -1.04243 -0.940356 1.10367 
-0.815256 1.69704 0.916458 -1.27263 -1.24979 0.423276 1.05422 0.108812 0.466832 -1.1582 -0.0176792 0.0951663 0.051116 -0.186685 0.160575 -0.536403 0.248194 -0.0681856 0.456809 0.364205 0.695167 0.0286276 -1.66785 -1.18233 -0.97148 1.28447 -0.574738 0.406521 0.0124757 1.00308 0.684584 -0.194532 0.471403 1.16186 -0.93408 -0.719203 -0.417361 0.405402 1.67235 
-0.874514 1.53259 0.522058 -1.1225 -1.15134 0.549117 1.21958 0.340537 0.109086 -1.71294 -0.570656 0.277554 0.494752 -0.482091 -0.142191 0.314384 1.66947 1.4479 -0.0201595 -0.0352328 0.360883 -0.625484 -0.04257 0.170942 0.869403 1.07742 -0.514329 0.261004 0.0992746 0.644405 0.171171 -0.216933 0.604364 1.19015 0.0913344 -0.769965 -0.870188 -0.795409 1.16734 
-0.990052 1.6238 1.09447 -0.725705 -0.569406 0.417316 1.04014 0.303221 -0.01033 -1.18968 0.151316 1.00385 0.797338 -0.548919 0.229511 0.700337 0.689428 0.322987 -0.755859 0.415652 0.860516 0.0729619 0.765732 0.0320334 -0.0173906 0.271381 -0.513492 -0.138355 -0.0562985 0.938673 0.541635 0.390494 1.38307 1.52851 0.452346 0.594356 0.0119373 0.00123708 0.282976 
-1.07035 1.65829 0.908271 -0.901841 -1.00804 0.211887 1.38723 0.805835 0.165484 -1.285 -0.532698 0.262981 0.683731 -0.252326 -0.0566113 -0.397595 -0.309322 -0.666707 0.567639 1.8119 1.63643 1.1537 0.760133 -0.15628 -0.880651 -0.698171 -0.762881 -0.336787 -0.0859415 0.910561 1.03986 -0.0107915 0.364597 1.12467 0.488455 1.27328 0.174834 -0.845101 -0.321015 
-1.0925 1.59636 0.888421 -0.837534 -0.898623 0.676031 1.77054 1.1892 0.871669 -0.764924 0.0116317 0.0905223 0.316028 -0.539136 -0.720917 -0.83064 0.630355 1.16612 0.744094 0.0572861 0.609696 0.497922 0.757832 0.197755 -1.03246 -0.695714 -0.653104 -0.466201 -1.00405 -0.203886 -0.0374415 0.4805 1.18802 0.899244 0.532346 -0.217073 -0.986218 -0.965678 -0.527945 
-1.26311 1.27531 0.468618 -0.700846 -0.462187 0.550056 1.41044 1.13514 0.54652 -0.861554 -0.338409 -0.808401 0.20412 -0.680064 -0.625626 -1.19122 0.0289207 0.625096 0.105276 -0.284921 -0.460436 -0.530943 -1.00588 -1.14725 -0.317169 -0.00147061 -0.75061 -0.679329 -0.745948 0.0922312 0.69664 0.583364 1.03697 0.924426 0.84701 0.672995 -0.240831 -0.891194 0.204252 
-1.32963 1.26438 0.254255 -0.83676 -0.611081 0.726553 1.65583 0.938309 0.466728 -1.34391 -1.06287 -0.236155 0.316374 -0.531518 -0.275596 -0.34816 -0.485576 -0.16469 0.0721748 1.27634 0.599163 0.496682 0.0530876 -0.516908 -0.0739551 0.970222 -0.689783 -0.500326 -0.664613 0.276813 0.618379 -0.225565 -0.618784 -0.304286 -0.345418 0.22213 -0.588924 -0.611632 0.00856073 
-1.45347 1.13067 0.289233 -0.871351 -0.551721 0.585673 1.92499 1.45874 0.926609 -0.838661 -0.818284 -0.881863 0.876234 -0.304336 -0.106932 0.141635 0.380892 0.265136 -0.416356 -0.500941 0.0655922 0.116404 1.28154 0.368399 -0.446176 0.0156216 -0.468574 0.036878 0.304459 -0.133149 0.0631465 0.515854 0.753935 0.173452 -0.303238 -0.426223 -0.625943 0.958342 1.30255 
-1.44846 1.21001 0.339084 -0.718813 -0.495398 0.542194 1.45405 0.97262 0.556312 -0.622805 -0.707606 -0.697144 0.328537 -0.139204 0.335189 0.838053 0.306742 0.266002 0.650011 -0.305018 -0.370467 -0.861376 -0.547129 -0.310836 1.23724 0.765522 -0.417053 -0.181336 0.292902 0.596941 0.604207 -0.34059 0.298235 0.742442 0.549971 1.14664 0.117422 -0.705588 0.880518 
-1.5203 1.31293 0.749736 -0.778089 -0.435625 0.881478 1.80218 1.25663 0.269242 -1.15691 -1.10376 0.409786 1.40683 -0.293329 -0.15525 0.329898 0.488577 0.604958 -0.0550261 0.888932 0.905743 0.527177 0.0916788 -0.214432 -0.43247 1.15862 -0.395467 -0.209707 -0.0329157 0.93583 0.563067 0.176107 -0.565047 -0.65326 0.359503 0.622401 0.511558 0.692037 -0.340761 
-1.56382 1.12978 0.525468 -0.565017 -0.21747 0.520535 1.81245 1.46244 0.959697 -0.577978 -0.902146 -1.14386 1.1309 -0.427851 -0.639206 -0.884118 1.04932 0.545639 -0.401308 -0.412057 -0.479854 1.27987 1.29799 0.985313 -0.400757 -1.21613 -0.559213 -0.605022 -0.0145247 0.498212 0.50249 -0.0162838 0.346986 0.344461 1.00433 0.688549 0.338989 -0.317784 -0.194055 
-1.67802 0.973684 0.281234 -0.437617 -0.186019 0.703895 1.63622 0.995217 1.24763 -0.426459 -0.166549 -0.00391759 0.567439 -0.50592 -0.731692 -0.346747 0.239133 0.120609 0.0356068 -0.438537 -0.453848 0.653336 0.737707 0.661008 0.0297277 -1.41404 -0.414454 -0.526046 -0.292878 1.04441 0.980456 -0.548576 -0.375317 0.53378 1.10155 1.81349 1.22873 -0.731918 -0.744866 
-1.74612 0.741034 0.346845 -0.494262 -0.17079 0.539687 1.63583 1.21512 1.45946 -0.165969 -0.270856 -1.10938 0.154681 -0.166128 -0.131278 0.425073 0.46265 0.859062 -0.35993 -0.06215 1.17885 0.015534 0.866897 0.636285 -0.510199 0.227881 -0.556733 -0.227265 0.0654716 0.648646 0.856121 0.48405 0.673503 0.326748 0.685548 0.847216 1.38123 0.849083 -0.522523 
-1.75333 0.906284 0.51896 -0.292452 0.213229 0.544944 1.6113 1.6331 1.26016 0.0589782 0.441419 -0.531563 0.726344 -0.289812 0.401785 0.456981 0.704578 1.10743 0.642256 1.3069 0.882624 0.150462 0.280044 1.16199 0.999478 0.721614 -0.504382 -0.179789 0.340318 0.0796481 0.500872 -0.34228 -0.251017 0.871388 0.0639202 1.3938 1.0761 -0.220376 0.737761 
-1.86037 0.958938 0.601783 -0.268558 0.347037 0.832 2.16269 1.69241 1.57506 -0.0140815 0.833023 -0.0652707 0.654923 -0.55537 -0.128622 0.121786 -0.335938 -0.135794 -0.113807 -0.252944 -0.0392108 0.0536589 0.799738 0.783748 0.226993 0.756434 -0.303812 -0.178001 0.252533 0.545086 0.966517 0.32778 0.442188 0.147947 -0.00323573 0.0668813 0.301224 0.703906 1.36181 
-1.9512 0.840307 0.593081 -0.413142 0.137491 0.496817 1.50947 1.61059 1.30181 0.506244 1.18849 -0.291702 1.25066 -0.147275 -0.659049 -0.0495784 0.0904352 0.277468 -0.182177 -0.734637 -0.687218 -0.160631 -0.188685 -0.765285 -0.148429 1.09296 -0.631086 -1.1571 -0.331913 0.377393 0.625507 0.407215 -0.0856082 -0.402141 -0.136895 0.522153 -0.237397 0.174004 0.0407895 
-1.92975 0.609068 0.583464 -0.247306 0.468608 0.753087 1.86672 1.31856 1.45301 -0.128605 0.118847 -0.21627 1.41189 -0.345797 -1.5724 -0.642843 0.890168 1.03615 0.684589 0.149586 -0.483352 -0.221778 -0.167894 -1.09837 -0.0262268 -0.699405 -0.367171 -0.807417 -0.797297 -0.25181 0.0459046 -0.760896 -0.796391 0.134865 -0.348154 0.428992 -0.230324 -0.211826 0.909272 
-2.08308 0.00159993 0.254733 -0.125654 0.62129 0.808192 1.56989 1.34728 1.13305 0.403538 0.160111 -0.315474 0.768496 -0.379656 -0.52634 -1.21079 -0.439649 -0.200654 -0.874958 -0.278575 0.865549 -0.257143 0.709931 0.460007 -0.124284 0.119537 -0.0245231 -1.00984 -0.0993833 0.240084 0.681309 0.504392 -0.211914 0.328343 -0.713757 0.608227 -0.454348 -0.349821 -0.348944 
-2.07229 0.330226 -0.0612585 -0.402522 0.361903 0.362229 1.75457 1.78659 1.25723 0.267618 0.560526 -0.342131 1.4959 0.304747 0.0885137 0.491186 -0.533093 -0.0565056 0.0216219 -0.414625 0.91421 -0.628044 0.901924 0.497235 -0.415831 0.237914 -0.369886 -1.13841 -0.274718 0.613597 0.521443 -0.623198 -1.88228 -0.175798 -1.71696 0.299412 0.481611 0.146531 0.665692 
-2.01012 0.0518366 0.528122 -0.311978 0.583408 0.821046 1.4029 1.84169 0.653929 0.908883 0.636909 -0.74487 0.934338 -0.151125 -1.14712 0.780598 1.33303 0.953152 0.00972253 -2.12466 -1.09269 -1.7782 -0.342518 0.17492 0.291337 0.768893 0.0906459 0.0264334 0.788482 0.52479 0.257929 -0.320183 -0.340293 0.169735 -0.463591 0.46773 0.620845 -1.34755 0.420119 
-2.14287 -0.280867 0.36825 0.0323997 0.806073 0.369725 0.898358 1.19291 -0.100522 0.0656604 0.733274 -0.0352809 2.02882 -0.182485 -0.0443222 0.767633 1.29896 0.434581 -0.464565 -0.0147476 -0.690367 0.0738547 -0.334688 0.321569 -1.25061 0.323794 -0.114769 -0.801715 0.954076 0.945704 0.609768 0.739871 -0.841842 -1.06541 -1.05277 -0.248952 -0.3906 -0.648905 -0.0657611 
-2.09058 0.0309775 0.950637 0.111601 0.77999 0.61498 1.39708 1.46614 0.711009 0.711376 0.947995 -2.04337 1.15955 -0.0178946 -0.0298592 0.741286 0.0372084 -0.0751557 1.02466 1.05326 -0.295557 0.527754 0.0589292 -0.691863 -1.10042 -0.853624 -0.230287 -0.323764 -0.0650214 0.872127 0.455028 -0.881239 -1.20662 -0.760672 0.219038 -0.407837 0.242455 0.545104 1.0668 
-2.17151 -0.293986 0.776553 0.0359324 0.759286 0.834228 1.323 1.03141 0.303304 0.0918734 0.0883583 -1.17742 1.44004 -0.150341 -0.42788 -0.864702 -0.0343665 0.223549 -0.760284 -1.52359 -0.300148 0.178647 -0.137525 -0.00247893 1.90678 1.09828 -0.084299 -0.225671 0.156171 0.302572 0.124622 -0.152444 -0.205328 0.326893 0.754179 0.696266 0.488095 0.0892281 -0.98734 
-2.16092 -0.195168 0.49261 0.0913063 0.875818 0.275757 0.783126 1.30215 0.848143 0.625931 0.953397 -0.0546504 1.9202 -0.107918 -0.297698 -0.486966 0.409591 0.263817 -1.23384 -1.30987 0.724522 0.357148 0.779619 1.33535 1.19715 -0.45722 -0.247307 -0.692171 -0.269821 1.26819 0.896312 0.0301305 -1.15671 -0.194117 0.464452 -0.84579 -1.33529 0.0641482 -0.333626 
-2.22849 -0.450455 0.522291 0.163434 0.874339 0.281774 0.795181 1.42298 0.576799 0.527704 1.35578 0.0724955 1.12531 -0.20662 -0.587569 0.442285 1.86765 1.06159 0.805549 0.049145 0.0490957 0.363872 -0.854614 -1.76205 -1.84083 -1.53939 0.0522087 -0.0828006 0.00443756 0.596665 0.538039 -0.485232 -0.830916 -0.0985013 -0.038541 0.391238 -0.104537 -0.0100098 -0.607851 
-2.24898 -0.50678 0.73962 0.704205 1.37176 0.641598 0.803057 1.32752 1.12677 0.132914 -0.701057 -1.96764 0.85732 0.175676 0.180815 0.500241 0.459483 0.512262 0.560875 0.252466 -0.850778 -0.409038 -0.303192 -1.47451 -1.2222 -0.348734 -0.141111 -0.238891 0.353371 0.329671 0.0273059 0.0622646 -0.412668 -0.805462 -0.0244427 -0.742173 0.147616 0.574271 -1.0903 
-2.19618 -0.350817 0.800564 0.307544 1.10801 0.537443 0.89706 0.960456 0.264985 0.348098 -0.0274332 -1.19643 0.885582 0.00024675 0.240518 0.125311 -1.38194 -1.01121 -0.715501 -0.571164 -1.09807 -0.399101 -0.0145131 1.95589 2.53279 0.0915622 -0.0693291 -0.0573409 0.359699 0.483639 0.00981365 -0.265528 0.453685 -0.207291 0.615659 0.0681261 -0.125088 -1.12291 -0.355273 
-2.2719 -0.375188 0.815642 0.235293 0.878066 0.32254 0.572976 0.730924 0.822551 0.117384 1.15173 0.672833 0.921983 -0.280261 -0.260156 0.077407 0.247302 -0.486729 -0.927649 0.334511 0.582531 1.13024 0.396029 1.30821 -0.168573 -0.121177 0.0699179 0.257523 0.0153662 -0.49584 -0.505338 -0.566638 -0.115455 -0.672836 -0.82432 0.326392 2.4076 2.16383 0.261632 