-1.07839 -0.509216 0.817736 0.842782 1.20441 0.676245 0.0400857 1.30888 0.234452 1.39943 1.35008 -0.258883 0.114459 -0.413553 -0.157809 -0.465249 0.383152 0.0910887 0.150094 -1.82573 -0.866577 0.603916 0.502002 -0.160768 0.0131272 1.73529 -0.367211 -0.0961587 -0.536271 -0.508425 -0.082564 0.526234 0.760676 0.0804937 -0.782846 0.263767 0.2626 1.01429 -0.407474 
-1.13873 -0.54108 0.700453 0.511609 0.946267 0.802779 0.12154 0.743425 0.886107 1.81138 1.02539 -0.44779 1.4009 -0.269563 -0.185366 -0.299792 -0.49543 -0.769153 1.00712 2.48132 1.1335 0.754576 -0.415112 0.0962466 -0.451395 -0.0325417 -0.417104 0.0626787 -0.112189 0.538702 0.238063 0.382099 -0.599721 0.0823704 0.374543 0.20323 0.164242 1.03503 0.697758 
-1.20312 -0.608488 0.672899 0.633459 0.837671 1.19575 1.19782 2.06294 0.886211 1.11523 1.40246 -0.701756 0.108044 -0.151103 0.248485 0.306941 0.399095 0.244363 0.377076 1.08974 0.992203 -0.138847 -0.215776 0.390158 1.19571 -0.898473 -0.182568 0.382196 0.165408 -0.0632573 0.0464871 0.493549 0.725507 -0.716517 -0.485523 -0.998885 -1.11556 -0.743525 0.0258269 
-1.21741 -0.395617 0.834392 0.664322 1.06147 0.999435 0.633788 1.40276 0.765902 1.65545 1.25097 0.74815 0.740805 0.0233311 0.735213 0.541622 0.405241 0.836546 -0.327928 -1.5608 -2.17251 -1.36926 -0.956273 -1.56362 -0.416667 0.0361984 0.896091 -0.611804 0.345795 0.0560927 -0.597687 -0.291339 0.370704 0.174426 0.353956 -0.947513 0.00219329 -0.316075 -2.30136 
-1.21399 -0.188463 0.914667 0.78866 1.23447 1.03115 0.480617 0.60081 -0.297138 0.482769 0.476657 -1.11008 0.153519 1.36934 -1.12709 0.194904 -0.316307 -1.07832 -0.76853 -0.612715 -0.732376 0.57807 -1.08477 -0.375612 -1.56462 -1.98347 2.16903 -0.403212 0.527901 -0.493047 -0.486732 -0.731483 -1.78009 -0.997083 1.21239 0.881613 -0.187119 -1.27064 -1.44334 
-0.70504 -1.02612 0.916854 0.527495 0.547725 0.609059 0.356355 0.906024 1.26515 0.940299 1.02528 -0.802344 -0.738338 2.92314 -1.31406 0.222718 -1.11834 -1.51525 -0.663917 -0.650635 0.724482 2.88619 2.17793 1.32718 -1.06693 -1.85424 0.798361 0.0848357 0.689926 -0.321872 -0.327649 -1.29004 -0.00750734 -0.613019 -0.202965 -0.819435 -0.104183 -1.25053 -1.86402 
-0.0976008 -0.924428 1.00991 0.327232 0.512954 0.694378 0.185594 1.08068 2.19645 1.86729 1.25444 -2.16539 -1.22807 -0.283788 1.24961 0.802983 -0.148699 0.622208 -0.985234 0.616978 -0.155755 -0.838023 -0.0391677 0.249124 0.104503 -0.356189 0.428099 0.184356 0.202709 -1.06767 -0.558303 -0.513942 1.12944 0.672572 1.83638 0.728833 0.828342 0.0925576 -0.605803 
-0.835304 -0.31592 1.27871 0.458503 0.842603 0.10764 0.649314 0.795827 0.54082 0.898032 1.16774 -0.692117 -0.98907 -2.34029 1.57959 0.0728796 -0.427576 0.736401 -0.031185 2.07606 0.261555 -0.585883 -1.16694 -0.217321 1.1752 1.07471 -0.951577 0.745743 -0.115862 -0.294281 0.771446 0.226232 1.18897 0.587138 0.127448 0.0443607 0.445389 1.05734 1.45335 
-1.0273 -0.0280888 1.0363 0.145372 0.862133 0.681832 1.15535 1.25022 1.68998 1.09926 1.12202 -0.989854 -0.39864 -1.00651 -0.177319 -0.966585 -0.276319 0.459569 1.29979 0.882859 1.01724 0.992881 0.106327 0.353012 1.13039 2.12991 -2.25206 0.794103 -0.279966 0.388404 0.520515 -0.879227 1.0706 0.159867 -0.60506 -1.07077 0.0266801 0.73529 0.816913 
-1.24652 -0.410652 0.827501 0.33786 1.06014 0.777111 1.0656 1.47195 1.39849 0.949396 1.37144 0.438832 0.63692 -0.715641 -0.437806 -0.473027 0.991992 -0.00573475 -1.1622 -0.724178 -0.0229533 -0.178873 -0.303564 0.264332 -0.316383 -0.0901428 -0.591345 0.213406 -0.704645 0.256054 -0.20032 0.0944919 -0.0210366 0.065462 0.151725 0.0204625 0.184139 -0.263618 0.969229 
-1.32545 -0.269761 0.811869 0.538045 0.858414 0.089735 0.826215 1.22905 1.53519 0.886838 1.27345 -1.29839 -0.448538 0.205289 0.484601 -0.045708 0.648916 -0.737517 -1.16494 -0.895507 -0.916268 -0.807545 -0.0721212 -0.0972414 -1.43804 -0.956479 0.942665 -2.04398 1.02391 1.86998 -1.61348 1.44781 -2.11039 0.383028 0.160501 -0.161025 -1.0417 0.95202 0.400146 
-1.18666 -0.131997 0.799408 0.591681 0.708451 0.183609 0.656996 0.851941 0.700491 0.885921 1.30979 -0.985722 -0.0669635 1.99711 -2.49895 1.95232 1.71971 -2.24955 3.14308 -1.90013 0.586885 0.375228 0.0875141 -1.63378 1.42828 0.557936 1.49169 -1.9324 1.18996 1.70038 -1.6285 1.91199 -2.40745 -0.140015 0.412563 0.35039 -1.10877 -0.0280544 -0.7891 
-0.569038 -1.67412 1.70181 1.22524 -0.212276 1.70375 -0.0483881 1.61668 1.85918 0.926095 0.306309 0.12895 -0.00920898 1.82157 -3.26101 1.76437 1.81697 -1.53878 3.779 -2.10012 0.717694 1.32035 0.561267 -1.36113 1.40547 -0.0503339 0.223925 -0.610565 -0.31324 -0.120507 -0.44031 1.77536 -1.11679 0.195317 0.210542 0.610765 -0.201477 0.394103 -0.374924 
-0.498485 -1.96623 1.60299 1.31824 -0.0242529 2.12348 -0.310369 1.32726 1.84111 1.23006 0.503318 0.41892 -0.0868098 -1.69146 1.62212 -2.40043 -1.89288 1.63581 -0.7154 0.517816 -0.296603 -0.11605 0.760667 1.3783 -0.967887 -1.05119 -0.085296 -0.294629 0.136717 0.10955 -0.2379 1.29212 -1.91661 -0.0205237 -0.174576 -0.136866 -0.132921 0.182037 -0.0143347 
-1.24652 -0.753792 0.591793 0.450341 0.564584 1.3406 0.198575 1.41206 1.75867 1.39855 1.11421 -0.827816 -0.784589 -1.93574 2.83821 -1.56389 -1.65671 1.20824 -2.01049 -0.281969 -0.742071 -1.54466 -0.744003 1.19654 -1.19271 0.00419214 -1.38106 1.59752 -0.938072 -0.393031 1.45203 -0.793121 0.670885 -0.13868 -0.141478 0.429171 1.02344 -1.17036 0.31542 
-1.27093 -0.359914 0.877338 0.638924 0.549295 1.0967 -0.434386 0.824025 0.506205 0.7342 1.20411 -0.761536 -0.0654951 -0.18194 0.674243 1.05167 1.32474 0.39826 -0.360524 0.334426 0.0999752 -0.0667106 -0.162888 -0.00977724 -0.398609 1.41393 2.24559 1.16001 -1.83808 -2.01249 -0.683171 -2.36173 -1.04067 -0.0408034 -1.81695 -0.251313 0.407919 1.15589 1.00979 
-1.33719 -0.36816 1.06791 0.977684 0.752971 1.15929 0.360473 1.47329 1.70079 1.27667 1.10411 -1.21817 0.300918 4.98616 -1.17058 -1.08216 -1.25855 -2.16181 -1.20514 -1.00521 0.68813 -0.741544 0.403455 -0.644084 2.54268 1.21953 4.06522 -0.929394 0.543226 -0.627573 -0.75858 -1.31535 -1.02117 -0.0642261 -1.41401 0.523574 -0.151197 2.53696 2.51793 
0.647442 -1.01494 0.373024 0.120748 -0.479672 0.482596 -0.893877 1.27952 -0.134762 0.976777 0.820203 1.7746 0.873261 5.70282 -2.00925 -0.265242 -2.2328 -1.45734 -1.42777 -1.59723 -0.188062 -1.71363 0.89084 -0.179043 3.36132 1.67981 3.52641 -1.99596 -0.294498 -0.0472796 0.138021 -1.47091 0.0974717 1.90222 0.177038 -0.576981 -0.665709 2.35846 0.973978 
0.859777 -1.49628 0.938951 0.0652041 0.0589907 0.431109 -0.373626 1.34144 0.219892 1.83289 0.994255 2.13248 1.58714 -0.196803 -1.69717 0.661069 1.19152 2.35728 -0.795339 1.14069 2.09052 0.958659 -1.19307 -0.226878 0.211585 -0.0402115 3.44691 -1.82507 -1.47954 -0.1936 -0.00289293 -1.78689 -1.9385 0.512911 -1.00624 -1.65083 -0.900772 2.68257 0.464573 
0.550993 -1.96702 0.669675 0.594174 0.64026 0.0784827 -0.357993 2.67511 0.693336 0.191927 0.682159 1.99137 0.861056 -1.02141 -0.612914 -1.86402 1.9537 1.45564 -1.00374 -0.812216 0.94134 0.445224 -3.16121 -1.00357 -0.228581 -1.13213 -0.870133 -0.456265 -0.364772 1.06115 1.84492 -0.563517 0.477118 1.23708 1.57618 -1.06481 -0.279695 0.0967451 0.348059 
0.442769 -1.83673 0.0753995 0.847106 0.750179 -0.0797904 -0.743598 1.96668 0.604355 -0.218527 0.398501 1.9113 0.750654 -0.982919 1.04208 -1.18346 0.347919 0.226529 0.0326132 -0.530655 -0.281521 1.01499 -0.269219 -0.132305 -0.098427 0.443421 -1.24992 1.19386 -1.22546 1.08993 0.402723 -0.638819 -1.63278 -1.16584 -0.504538 -3.38091 -1.72483 -1.07829 0.397569 
0.14895 -1.37389 0.118819 0.726175 0.746987 0.0986286 -0.597363 2.48061 1.57011 0.00161157 0.599849 1.89968 1.21394 -0.673935 2.32918 0.101005 -0.372543 -0.889791 0.138291 -1.21509 -2.63539 -1.08378 -1.49478 -1.27159 -1.0304 1.59673 0.57017 2.00244 -1.76606 -0.253662 -1.18395 -0.166417 -2.04092 -3.54593 -1.26309 -1.40341 -2.1032 -0.762338 2.22527 
0.160841 -0.517552 0.114717 0.687518 0.326077 -0.00549281 -1.30044 0.194265 -0.332324 -1.19754 -0.355201 0.892336 1.97416 1.75866 1.83618 -1.35879 -0.714066 -1.8808 -0.253664 -2.00682 -4.88228 -2.60586 -1.65998 -2.64449 -0.791604 2.28744 1.01383 1.50573 -1.05892 -0.512471 -0.87711 0.849434 -1.46701 -3.01095 -0.95244 -0.778992 -2.01414 -1.66829 1.77675 
0.812665 -0.332814 -0.512597 0.428365 -0.148354 -0.0279194 -1.52145 -0.798008 -0.681726 -1.08371 -0.962917 1.11831 2.95884 2.05201 -0.164728 -1.62396 -0.368703 -0.335141 1.02636 -0.604995 -1.74851 -0.117087 0.426604 -1.38714 -0.917548 0.577987 1.69285 0.826874 -1.05208 -0.448536 -1.06704 0.77928 -1.61566 -3.83561 -1.02345 -0.308984 -1.79823 -1.7107 1.90225 
0.938594 -0.605182 -0.638537 0.529485 0.165721 0.523869 -1.5743 -0.983633 -0.433728 -0.940061 -1.177 -0.0143455 2.42862 0.541309 -0.647294 -0.154308 0.065483 0.390109 1.32262 0.000917119 -0.703819 1.31584 1.2399 0.272021 -1.20587 0.0428922 1.75754 -0.21451 -0.76101 -0.246123 -0.288289 1.09213 -0.0652659 -1.52553 1.544 1.32883 -0.533218 -0.805858 0.982463 
1.00315 -0.692659 -0.590588 0.446057 0.0361568 0.653251 -1.51425 -1.2756 0.454993 -0.302844 -0.806954 -0.0752329 3.00937 0.335786 -0.142937 0.530424 0.0134812 -0.065895 0.469348 0.537061 -0.469903 2.05033 1.41173 0.69183 -0.0233025 0.611852 0.40048 -0.719362 0.0442544 -0.426712 -0.198823 0.679309 0.567715 -0.494238 1.81016 1.5801 0.140068 -1.55525 -0.429876 
1.04918 -0.68052 -0.401915 0.526131 0.133395 0.767807 -1.31841 -1.30442 1.33763 -0.0486218 -0.773635 -0.0312807 2.90865 0.00404687 -0.385882 0.221503 -0.682437 -0.665961 -0.390032 0.722364 -0.0111502 0.951556 0.944905 -0.0746801 -0.610082 -0.604285 0.179018 0.0118545 0.643965 -0.691367 -0.600522 0.311697 0.915977 0.0500041 2.04517 1.74056 0.499313 -1.05697 -1.01718 
0.984778 -0.905041 -0.495905 0.161048 -0.28151 0.456826 -1.17241 -1.28886 1.27695 0.288177 -0.855306 -0.675995 2.57136 -0.0911036 0.160574 0.401214 -1.01401 -0.772027 -0.0382127 0.621542 0.548344 0.512098 0.994341 -0.0182014 -1.21079 -1.90147 0.0663992 0.325777 1.04146 -0.801566 -0.42564 -0.049751 0.560756 0.483085 1.46722 1.04429 0.406599 -1.62067 -2.19554 
0.993824 -0.584647 -0.22466 0.106928 -0.234708 0.75166 -1.02333 -0.942626 1.77987 0.574214 -0.788703 -1.22973 1.4914 0.0877365 0.85465 1.2831 -0.477802 0.0727401 0.328123 -0.00778177 0.720947 0.885298 0.501065 0.625389 -1.28226 -2.14645 -0.172749 0.287808 0.315837 -1.37169 -0.848364 -0.522108 0.278935 0.576323 0.627834 0.23095 0.30836 -1.42859 -2.09206 
0.998941 -0.417642 0.086548 -0.0411399 -0.247913 0.628397 -1.16924 -0.811363 2.04166 0.59357 -0.4911 -1.94555 0.969183 -0.141798 0.253629 0.057449 -0.972526 -0.412682 -0.668029 -0.259231 0.297378 0.270961 -0.669891 0.438664 -0.45725 -0.720951 -0.242072 0.768193 0.801897 -0.700114 -0.479085 0.422034 0.187456 0.478815 0.155141 -0.162921 0.365037 -1.69651 -3.02521 
0.918757 -0.436282 -0.205355 -0.295487 -0.431936 0.412783 -1.1368 -0.749066 2.01377 0.126051 -0.534536 -1.67842 0.965316 -0.414757 0.249903 -0.123811 -0.535401 -0.740743 0.253521 0.255745 -0.0173743 -0.695673 -0.719729 -0.129784 -0.698645 -1.63303 -0.0713261 0.857524 0.909882 -0.734077 -0.831198 -0.632785 -0.264711 0.166949 -0.652997 -0.567913 0.642904 -0.677026 -1.77169 
0.817765 -0.271379 0.0225695 -0.26664 -0.601139 0.76174 -1.04384 -0.828798 1.44033 0.113335 -0.571925 -2.63443 -0.245422 0.0465953 0.979299 1.25749 -0.0899002 -0.748007 -0.189185 -0.058006 -0.0484514 -1.0959 -0.107222 0.425339 -0.333158 -1.50422 -0.1717 0.745777 0.542227 -0.494601 -0.652918 -0.0252525 0.176023 -0.554198 -1.48095 -0.563704 0.656069 0.434329 -1.13349 
0.916927 0.121431 0.365332 -0.340682 -0.788617 0.319275 -1.15693 -0.787333 1.06662 0.0399877 -0.288222 -2.00366 -0.152048 0.183279 0.822437 0.908799 -0.179946 -0.170492 -0.282011 -0.0220727 -0.785006 -1.16871 -0.0515796 1.01124 1.20601 0.199191 -0.173275 0.79299 1.35356 0.227936 -0.400558 0.585767 1.60212 -0.0619393 -1.06964 1.12144 1.47825 1.08191 -1.81229 
0.869068 0.197849 0.433044 -0.348279 -0.683203 0.620667 -1.0473 -1.36081 0.430274 0.0630797 0.0196675 -1.42823 -0.0769051 -0.280211 0.160889 0.696983 0.421745 0.189881 0.994174 2.07427 -0.0363018 -0.252105 1.65958 1.54616 1.59674 -0.771294 -0.243578 0.617143 0.824639 0.08231 -0.399516 -0.348356 0.901719 0.0115868 -0.890603 0.376316 1.61144 2.8014 0.1432 
0.788054 0.217481 0.678484 -0.178802 -0.699318 0.832144 -0.188005 -0.817455 0.848549 1.09093 0.618607 -0.408701 -0.716137 -0.512343 0.0650453 0.283268 0.300732 -0.386176 -0.187218 1.16285 0.807441 0.04547 0.576477 1.13685 2.06549 -0.0499982 -0.416798 0.39534 0.492302 0.315953 -0.23273 -0.0756798 0.194804 -0.76871 -0.835896 0.996538 0.567225 1.08716 -0.207605 
0.649957 0.239834 0.556106 -0.235375 -0.867827 0.528167 -0.501141 -0.825333 0.469328 0.417003 0.685283 0.633109 -0.096498 -0.28403 0.407847 0.0160424 0.0376666 -0.513177 -1.09145 -1.81712 -1.0788 -0.80245 -0.279447 -0.782497 -0.32703 0.485506 -0.53521 0.360284 0.69569 0.774898 0.0177935 -0.537821 0.180687 0.116751 -0.330517 0.517971 -0.0320044 0.150021 0.463166 
0.657696 0.45284 0.678764 -0.172368 -0.944333 0.276297 -1.0241 -1.54641 0.154956 0.894031 0.153131 -0.727835 -0.331485 -0.212662 0.453312 0.722927 0.82384 0.41342 -0.540457 -0.923351 -0.631695 -0.465556 0.14375 -1.16764 -1.89011 0.595934 -0.352161 0.371189 -0.120655 0.591975 0.5223 -0.238489 -1.27101 -0.664424 -0.315353 -0.357022 -0.753401 -0.555395 1.74026 
0.547343 0.500839 0.881179 0.0892422 -0.672231 0.25466 -0.922663 -1.25458 0.0668284 0.49245 -0.00716363 -1.24124 0.371514 -0.192455 0.126182 -0.186554 0.82179 1.24634 0.77209 0.242035 0.115729 0.401401 -0.206864 -0.204728 -0.321344 1.64396 -0.295757 0.477468 -0.4128 0.436123 0.515207 0.444361 -0.575928 -0.494323 0.0483773 0.444379 -0.842063 -1.0703 1.1222 
0.562938 0.529312 0.585957 0.151421 -0.35267 0.675366 -0.905061 -1.47462 0.501554 0.743844 0.028141 -1.04131 0.927667 -0.187245 0.233446 -1.31455 -0.190264 0.30982 1.15256 0.217097 -0.0833981 0.521147 0.475 0.0628702 0.640465 0.767174 -0.564735 0.602322 -0.0114181 0.641189 1.04026 0.796877 -0.987332 -0.0701148 0.729675 0.142058 -0.0812661 0.757925 1.33889 
0.454609 0.637819 0.270093 0.0034277 -0.525899 0.848688 -0.815188 -1.31627 0.516892 0.78107 0.0255444 -0.597752 0.968794 -0.572637 0.740002 0.1735 0.108994 0.211571 0.32087 -1.46254 -0.2124 0.509512 0.408739 0.108623 1.20659 -0.0121719 -0.615527 0.531832 -0.757588 0.0557881 0.729063 0.682349 -0.583884 0.161157 1.24424 0.459497 0.623936 0.849205 0.727117 
0.320388 0.952038 0.658584 0.186723 -0.253056 0.84322 -1.57668 -1.62279 0.941565 0.989822 0.0878114 0.165457 0.936629 -0.646804 0.531439 0.225937 0.27261 0.712653 -0.215823 -0.933296 0.323881 1.03576 0.164596 0.775984 0.351373 0.106048 -0.902506 0.225568 0.120724 0.000801741 0.0420872 -0.228072 0.43346 0.332757 0.315244 0.28669 0.308643 0.533114 -0.608191 
0.183227 0.942895 0.366813 0.104949 -0.188013 0.74153 -1.24132 -1.10494 1.41161 0.869932 0.478498 -0.241897 1.067 -0.651036 -0.415242 0.00392043 -0.10634 -0.150335 -0.626023 2.018 0.703045 -0.118889 -0.0074293 0.312215 -0.583866 -0.770323 -0.206956 -0.752417 1.43842 -0.273487 1.60186 -0.527764 -1.73449 1.37225 -0.36078 -0.56867 -0.106536 -0.15012 -1.29579 
0.0473607 0.723094 0.653294 0.134874 -0.325534 0.525868 -0.63386 -1.15729 0.838604 0.967979 0.267461 -0.409221 0.373272 0.36746 -1.61212 1.85085 -0.667491 1.53107 -0.498133 -1.22114 1.68216 -1.49384 -0.942752 -0.905593 -0.52649 -1.74114 0.359253 -2.16642 1.66216 -0.185331 1.58286 -0.417712 -0.513799 1.95214 0.16794 -0.252593 0.176862 -0.835307 -1.13731 
0.306129 0.0387958 1.21013 -0.174011 0.539043 0.489711 -1.80098 0.0169019 0.120619 0.246172 -0.0595194 -0.759488 -0.229213 1.14042 -2.69747 2.39538 -0.160773 2.36747 0.0621866 -2.64659 2.14838 0.324582 -0.334884 -0.0660935 -0.391374 -0.668248 1.0196 -2.69883 1.77757 0.107698 1.06126 -0.995598 -0.785277 2.01498 -0.250129 -0.602159 -0.93475 -0.156383 -0.490671 
0.470742 -0.793253 1.74681 0.0609953 0.799242 0.561168 -1.85471 0.277079 1.11883 0.735407 0.224169 -0.792375 -0.113029 1.01846 -2.26571 0.714803 0.825071 -0.0437722 -0.853986 0.253205 1.26087 1.17468 0.118417 -0.322065 0.344059 1.10436 1.23607 -3.43983 1.27036 -0.687524 0.861527 0.212266 -1.73181 2.038 0.68849 0.179168 -0.195515 0.377262 -0.103369 
0.6821 -1.23399 1.53147 0.151106 0.517237 0.0555461 -1.67675 0.856339 1.13537 0.305317 -0.253658 -0.41091 0.622605 0.539392 -2.24522 -0.560835 -0.834182 -1.15965 0.233317 0.495509 0.828214 0.534627 0.587931 -0.181483 0.832103 0.511708 0.695907 -2.86494 0.946175 -0.177193 -0.341728 0.18077 0.407845 0.777425 0.18242 -0.348527 -0.38966 0.474569 0.948379 
0.66048 -2.05448 1.48203 -0.285429 0.24682 0.684158 -1.61809 0.826483 1.58054 1.0967 0.112878 0.0417904 0.291402 -0.072012 -1.85083 0.65245 -1.08039 -0.432037 1.10653 0.27024 -0.121981 -0.950807 -0.593015 -0.18291 0.2103 0.0432138 0.402202 -1.57969 0.959994 -0.11919 -1.13573 0.0507508 -0.926113 0.250649 -1.79646 -0.315461 -0.266388 1.2601 0.867245 
0.634163 -2.27275 1.82416 -0.294965 0.310805 0.625986 -1.54463 0.768782 0.313588 -0.0933734 -0.365791 -0.195418 0.673376 0.00830171 -0.0243232 1.94801 0.662928 -0.42715 -0.158132 -1.63949 -0.457267 -2.79511 -1.01693 -0.160058 0.639559 0.535266 -0.172579 -0.917729 0.541743 -0.33077 -0.564015 0.285543 -0.215999 -0.299729 -1.74073 0.48457 -0.0879749 0.643954 -0.497955 
0.643764 -2.06291 2.36999 -0.0259356 0.0427115 0.606563 -2.3718 0.514168 -0.834818 0.425203 0.0142119 0.684381 0.713618 -0.160659 0.532581 0.131841 0.602489 -0.354803 -0.711067 -0.526588 -0.309428 -1.23971 1.26718 0.0779104 0.541857 -0.689021 -0.2734 -0.0648857 0.565952 -0.00798091 -0.14617 -0.744411 -0.293456 0.0556104 -1.94877 -1.09302 0.270151 0.000743387 -0.310713 
0.551764 -1.96703 1.87765 -0.0599333 0.141099 0.265056 -1.78211 0.55557 -0.75782 0.705048 -0.324219 0.349962 0.171394 -0.377855 -0.0683207 -1.12882 -0.673004 0.224971 -0.851348 1.28632 0.543881 0.343415 -0.484259 0.529863 -0.638506 -0.948903 -0.534542 -0.289194 0.215821 0.255389 0.424638 -0.211736 -0.386833 -0.352329 -0.339044 0.884538 0.223955 0.992144 -0.377955 
0.476932 -2.09616 1.84424 -0.307127 0.148697 0.173749 -1.76836 0.87297 -0.538323 0.0965012 0.322123 0.0553376 0.0154537 -0.563439 -0.947573 0.182656 -0.230855 0.951315 0.428197 0.0567003 -0.198662 0.808916 -0.0414949 0.230647 0.616897 0.192008 -0.653957 -0.842996 -1.12017 -0.540942 0.392953 -0.331867 1.65995 0.453616 1.44461 0.649285 -0.0183509 -0.623551 -1.38282 
0.312789 -2.49626 1.95448 -0.162176 0.592472 0.487907 -1.74904 0.41661 -0.0591074 0.661282 -0.192638 0.970005 0.334488 -0.50837 -1.14253 -0.482424 -0.109506 0.327207 0.404611 0.802239 0.122955 1.46505 1.38556 -0.542555 -0.0894576 -0.794091 -0.0987943 -0.781883 -0.749607 -0.353235 0.445421 0.647435 0.925866 0.597591 0.185879 -0.851042 1.34082 0.315515 -0.0209011 
0.259365 -2.73536 1.61549 -0.360257 0.303297 0.384514 -1.38947 0.949605 0.727327 0.9711 -0.00195165 -0.0274198 -0.565844 0.430944 -0.175452 -1.25976 -0.279607 -0.325722 0.460912 1.11426 1.07539 -0.580702 -1.12603 1.55866 -0.248272 -0.246292 -0.238716 -0.635437 -0.537528 0.360533 0.077072 -0.352761 0.0343647 0.125112 0.51496 -0.131901 0.137334 0.608884 -0.0810605 
0.46037 -2.58994 1.36857 -0.28415 0.436595 0.727522 -1.22541 1.13171 -0.561099 -0.0804224 0.721552 0.729232 0.166716 0.185906 0.229957 -0.288983 0.633527 -0.217019 -0.879849 -0.745637 0.0649805 -0.823702 -1.56145 0.73627 0.800662 0.665212 0.222395 0.263817 -1.35095 0.918859 -0.534319 -0.390331 -0.19878 -0.100294 0.400742 -1.15324 0.103236 0.0312557 0.475283 
0.31169 -2.60035 1.47562 -0.112663 0.19911 -0.0629034 -1.72856 0.987377 0.0153715 -0.0508146 0.427598 0.775464 -0.0455348 -0.127369 0.555179 -0.684141 1.61282 -0.419567 -0.987398 -1.34909 -1.21606 1.07866 -0.458201 -1.41015 0.284955 0.807252 0.960059 2.23951 -1.99356 1.23928 -0.707951 -1.66037 -1.46174 -1.30532 -1.50114 -2.06462 -1.61082 0.603224 2.16642 
0.390912 -2.27147 1.04713 0.359789 0.236093 0.224994 -1.84441 0.310739 0.370689 -0.392355 -0.113805 1.019 0.79425 1.11918 2.98899 -2.5812 1.16408 -0.771222 -1.37907 -1.06786 -1.96236 -1.06602 -1.2795 -2.86027 -0.0960668 1.99268 1.12312 2.00905 -3.17671 1.37722 -1.57659 -3.00339 -0.858416 -0.909212 1.01847 -0.54545 -2.68698 0.37086 0.634884 
0.726813 -0.908974 0.282545 0.34966 -0.16861 -0.76613 -2.21711 -0.333876 -0.905959 -0.891283 -1.26233 0.68613 1.47686 1.65383 2.33257 -3.89148 0.384707 -1.78409 -3.10351 0.28973 -0.103873 0.194808 -0.287937 -2.14062 0.148299 -0.048394 1.4146 2.18221 -3.6303 1.75894 -1.24941 -2.23964 0.369261 -0.843338 0.00613776 -0.314616 -2.64682 -0.246985 -0.217482 
1.01388 -0.950377 -0.747975 0.506679 -0.613263 -1.36187 -1.70324 0.235321 0.538779 -0.594715 -1.37964 1.17281 0.775868 0.803018 0.14761 -2.64824 1.38668 -0.974641 -1.67002 1.54308 0.738467 1.06858 0.85166 -0.637266 -0.192164 -2.29071 1.47253 1.94705 -3.05143 0.992625 -1.14466 -2.56266 1.33092 -0.214582 -0.352895 0.658115 -1.12268 -0.418911 -0.76231 
1.01903 -0.820414 -0.941331 0.902074 -0.633059 -1.61845 -1.49458 0.155366 0.0171162 -0.360269 -1.64222 0.501183 -0.234217 0.347025 0.466094 -0.503547 1.05542 0.184798 -0.386212 1.38754 -0.203407 -0.642988 1.20141 0.663799 -0.637295 -0.9252 0.853901 0.387448 -1.88743 0.946427 -0.59053 -0.912488 2.66622 0.519054 1.30351 1.3783 0.548185 -0.781875 -1.77129 
1.12883 -0.682162 -0.98643 0.925024 -0.52638 -1.55634 -1.05286 0.0931798 -0.0170308 0.161377 -0.992795 0.544968 0.0955965 0.357936 0.409785 -0.0689586 -0.0135104 0.1507 0.431272 1.80329 0.0237673 0.562748 1.05488 1.37569 -0.720681 0.0660365 0.28828 0.23419 -0.515109 0.512434 -0.331057 -0.570115 1.82019 -0.0277036 0.409416 1.14481 0.969711 -1.16573 -0.388838 
1.13823 -0.583963 -0.980107 0.887796 -0.56239 -1.39402 -0.651348 0.165511 0.503126 0.301527 -0.835851 -0.209621 -0.166217 0.0459995 -0.128943 -0.235543 -0.311247 -0.645676 -0.385514 0.901309 0.168564 1.15184 0.383167 0.633486 -0.723791 0.414693 0.368897 0.313422 0.240671 0.40845 -0.516949 -0.228042 1.39736 0.269043 0.846791 0.61312 1.18033 -0.546895 0.127522 
1.12677 -0.749605 -1.10175 0.790245 -0.834401 -1.75045 -0.628013 0.200389 0.977985 0.390898 -0.623817 -0.168931 0.426793 0.144541 0.0412282 0.419275 0.60698 -0.871684 -0.736383 -0.0429727 0.373994 0.495196 -0.203453 0.200836 0.0822318 0.0637171 0.16626 0.293068 0.106518 0.621687 -0.992072 -0.0246115 0.3051 0.306224 0.270751 -0.389291 0.704213 -1.55291 -0.773387 
1.17448 -0.555413 -0.794554 1.12464 -0.977881 -1.76792 -0.664507 0.41043 0.930768 0.153535 -0.721838 -0.121553 -0.0999675 0.181363 0.550705 0.392487 1.21377 -0.740114 0.357898 -0.506292 0.283401 -0.817073 -0.913975 0.3118 -1.08942 -1.40202 0.242671 0.0667431 0.124896 0.543935 -0.952424 -0.0730103 0.389113 0.406172 -0.862632 -0.500639 0.93882 -0.272173 -0.490758 
1.17733 -0.433661 -0.928502 1.27268 -1.18733 -1.56362 -0.856082 0.384578 0.271756 -0.214342 -0.444412 -1.24662 -0.613425 0.186562 0.0552884 -0.235841 0.182852 -0.458629 0.642747 0.543004 0.223678 -1.58332 -0.480895 1.05549 -0.399876 -0.7006 0.144785 0.325987 0.260088 0.808233 -0.967765 0.470472 0.644079 -0.274446 -1.46053 -0.743794 1.29364 -0.618122 -1.22588 
1.22706 -0.518932 -0.910007 1.18984 -1.19696 -1.43513 -0.40586 0.554584 -0.437536 -0.173001 -0.104167 -0.513166 -0.610691 0.0168427 -0.081635 -0.0141827 -0.040882 -0.611665 0.28982 1.32503 -0.677951 -1.02167 -0.105662 1.41495 0.367801 -0.146381 0.0240215 -0.0280299 0.0233889 0.344836 -0.556557 0.397794 0.578086 -0.571177 -1.55803 0.220406 1.93088 -0.577205 -1.2632 
1.16393 -0.474418 -0.94211 1.24732 -1.47918 -1.41168 -0.234693 -0.0756723 -0.611258 -0.299401 0.385093 -0.874423 -0.705775 -0.152314 -0.0949678 0.272959 0.318419 -0.317776 -0.0941676 0.193241 -1.05081 -0.377827 0.790805 1.51611 -0.273967 -0.894072 -0.197281 -0.0800646 0.237703 0.249481 -0.575946 0.144681 1.03773 -1.22368 -1.20688 0.106682 1.40641 0.279489 0.262792 
1.1479 -0.567211 -0.791682 1.3099 -1.34906 -1.47995 -0.309451 -0.155612 -0.764233 0.318851 0.784952 -0.779504 -1.26746 -0.283051 -0.0328223 0.360221 0.403953 -0.191868 -0.0865074 -0.0142333 -1.10042 -0.498634 0.258757 0.461306 -0.0412443 0.443863 -0.369313 0.107176 0.957919 0.138233 -0.529499 0.0791344 0.9052 -1.07377 0.225974 0.832183 0.788488 -0.129608 -0.075578 
1.03396 -0.48764 -0.78369 1.402 -1.5714 -1.45257 -0.234521 -0.819122 -1.04234 -0.149943 0.652603 -0.90921 -0.352559 -0.347458 0.249589 1.11122 -0.116583 -0.420768 0.208069 0.951891 -0.509012 0.656378 0.362693 -0.459094 0.122802 0.771991 -0.581457 -0.153356 1.07417 0.414935 0.0105936 0.100047 1.38348 -0.484128 0.421018 0.838794 0.754009 0.762822 0.380773 
0.992889 -0.421125 -0.2882 1.25391 -1.55013 -1.3699 0.138858 -0.502615 -0.197322 0.535197 0.51006 -0.65107 -0.666548 -0.504744 -0.18696 1.19154 0.198915 0.209038 0.228936 1.75721 0.400186 1.02205 0.903855 0.55 0.932209 -8.99518e-05 -0.500173 0.180715 1.84038 0.478283 -0.626978 0.230217 1.37128 -0.129173 0.916465 0.068402 0.254923 -0.18124 1.12685 
0.8178 -0.587811 -0.243306 1.47369 -1.473 -1.33182 0.587335 -0.556646 -0.159468 0.414662 0.972382 0.0245581 -0.334477 -0.329979 0.0107131 1.54496 0.811262 -0.454172 0.111921 0.775828 0.326245 0.489037 -0.262382 0.808711 -0.33426 0.59688 -0.51372 -0.00238785 1.96427 0.46398 -0.828416 -0.0651062 0.533372 0.825365 0.68295 -0.091742 -0.973159 0.521664 0.443572 
0.844669 -0.409789 0.414573 1.57343 -1.76709 -1.30912 0.505501 -0.289705 0.224998 0.349281 0.9823 -0.977398 -0.197821 -0.191085 0.18413 1.64324 0.475035 -1.36583 -0.31179 -1.07686 0.808595 -0.169796 -1.02437 -1.82858 -0.322855 0.52173 -0.383695 -0.0177429 1.48412 0.52547 -0.628695 0.284268 -0.752954 -0.000481727 -0.672443 -0.222718 -0.813786 -0.320434 0.122791 
0.723574 -0.478651 0.504621 1.65714 -2.12346 -1.48816 0.0946093 -0.020393 -0.306414 -0.261622 -0.109562 -0.290422 0.0775198 -0.189319 -0.0356092 0.597711 -0.0481928 -0.42317 0.281799 -1.70336 -0.321403 -1.33839 -0.0387357 -1.87599 -0.0397404 -0.472993 -0.180965 0.0197713 1.74861 0.535379 -0.714363 0.217066 -2.21044 -0.231088 -0.220183 -0.0254047 -1.09538 -1.79675 -0.0866621 
0.75113 -0.424583 0.682112 1.54512 -1.9693 -1.16128 -0.27783 -0.510944 -0.931674 0.307292 -0.127585 -1.01069 -0.536727 -0.0529713 -0.155116 0.880668 0.302395 0.368623 0.613841 -1.67251 -1.13994 -0.111774 0.995328 0.387964 -1.7751 -0.657554 -0.336791 -0.0809981 1.11041 0.213068 -0.488493 0.413804 -1.87661 -0.256999 -1.76097 0.0998617 -0.81872 -0.909357 -0.631526 
0.683038 -0.560859 0.90217 1.77072 -1.94917 -1.17018 -0.674409 -0.790335 -0.403227 0.36185 0.114727 -2.05034 -0.400709 -0.266298 -0.0801896 1.00627 0.35849 -0.257998 0.288619 -0.62872 -0.047713 -0.877538 0.182426 0.80217 -1.02197 -0.338436 -0.317798 -0.183912 0.767642 0.23078 -0.0331376 -0.217123 -1.60588 -0.149139 0.266129 1.72677 1.26784 -0.854334 -1.20843 
0.627665 -0.464525 1.13737 1.6814 -2.09298 -1.00995 -0.562687 -0.548716 -1.69015 0.407628 0.3408 -2.02127 -0.774058 -0.37686 -0.108578 0.229241 0.0335716 -0.412644 -0.904059 -0.321165 0.928063 0.440736 1.39173 1.30459 0.77764 -0.869204 -0.59396 0.141463 0.348745 0.828774 0.00518393 0.181619 0.288949 -0.110589 -0.281795 0.298873 0.92491 0.509603 0.256872 
0.516594 -0.616815 1.00041 1.77549 -2.14638 -1.63 -0.816607 -0.173998 -0.0226418 1.24042 0.87919 -1.27036 -1.03871 -0.538471 0.284084 -0.500175 0.844166 0.267598 -0.0349207 1.00355 -0.107963 0.518619 0.235683 0.435718 1.61724 0.628577 -0.745803 0.459348 0.328859 0.355285 -0.407633 -0.273623 0.147956 0.0858286 -1.29329 0.696401 0.768991 1.45837 -0.482798 
0.398397 -0.298981 0.900466 2.01424 -1.96672 -1.02441 -0.0904165 -0.626876 -1.24227 0.542238 0.593231 -0.405913 -0.281403 -0.634063 0.769298 0.248192 0.482843 -0.155381 0.536772 0.519755 -0.797396 -2.06952 -0.425465 -0.273415 0.925548 0.242191 -0.716137 0.375399 -0.484999 0.0132669 0.263474 -0.894534 0.433802 -0.541804 0.20676 0.413157 0.752285 1.3257 0.433927 
0.250165 -0.177562 1.10735 1.9621 -2.22126 -1.35151 -0.568744 -0.714318 -1.81105 0.949556 0.713722 -0.34322 -0.837733 -0.432174 0.255995 -0.195513 -0.823446 0.103409 -1.17934 -0.447656 -0.676349 -0.26419 0.340014 0.573302 -0.0689773 -0.118896 -0.543799 1.21695 -0.449763 -0.430696 0.308613 -0.156267 1.80604 -0.397855 -2.21363 -1.391 0.423182 0.427129 1.31225 
0.21045 -0.149282 0.803542 1.67216 -1.91854 -1.6253 -0.291287 -1.08605 -1.47078 0.743988 0.926742 -0.468293 -0.353006 -0.102604 0.980148 -0.893091 -1.10557 0.589548 -0.743977 1.75141 0.222937 -0.714688 -1.48661 0.846109 -0.426587 1.35656 -0.653068 0.787004 -0.714439 -1.02512 0.846706 -1.63474 -0.79622 0.161931 -1.0485 -2.19294 0.713262 -0.899159 -0.109786 
0.190335 0.380631 0.689914 1.50584 -1.94191 -1.72931 0.250423 -0.57066 -2.42881 -0.0241952 1.208 -0.761411 0.204467 -0.452844 0.875591 -0.830898 -0.660801 1.08367 -1.04462 -0.533959 0.91796 -1.05727 -3.3579 0.383982 -0.980826 -0.0456005 -0.346807 1.02638 -1.14426 -0.343812 2.19357 -1.60525 -0.148675 0.914432 -0.0787689 -2.90708 0.757247 0.0160207 0.550213 
0.0144677 0.34993 0.414678 1.39591 -1.40423 -2.15715 -0.53219 -0.476488 -2.38455 -1.43401 1.14868 -1.43793 -0.36928 -0.366612 0.495444 -0.752882 0.608766 2.4821 -1.43975 -1.92361 1.11569 0.610655 -2.51601 0.16949 0.445479 -0.702692 -0.64629 1.09827 -1.68598 0.343516 2.41055 -0.709278 -1.60493 1.56672 1.19028 -2.51769 -1.43622 0.0396491 1.20942 
0.0278746 0.665402 0.336896 1.74341 -0.762624 -2.46363 -0.635068 0.171452 -1.90141 -1.66041 1.30354 -0.311923 -0.307835 -0.422972 0.703312 -1.59592 1.16016 2.29159 0.0830651 -1.45853 1.37159 2.54645 -0.107778 -2.27649 1.02731 1.51686 -0.68457 -0.13213 -0.737222 0.600724 3.17372 0.349738 -1.95116 1.13886 2.74138 -0.306602 -1.29831 0.988273 0.455287 
-0.169902 0.75196 -0.325691 1.85665 -0.315534 -2.11115 -1.20195 0.437167 -0.18452 -1.52044 -0.197219 -0.409543 0.793928 -0.561176 -0.684723 -0.306369 0.26337 1.96101 1.92278 -0.50166 0.550114 2.82582 2.09922 -1.87915 0.708755 1.23886 0.107708 -0.785375 -0.156997 0.445375 2.4447 1.08141 -1.33861 0.394965 2.76067 1.03917 -1.03178 -0.246164 -0.318549 
-0.21022 0.284444 0.189037 1.8412 0.168877 -1.47493 -0.860989 0.534433 0.540015 -0.326538 0.191796 0.399515 0.645512 0.570838 -1.83135 1.37302 -0.513174 1.13146 1.39803 -0.201057 -0.790257 0.914239 1.54669 0.920187 -1.31458 -1.94021 0.0732659 -1.3854 0.0908025 -1.35912 1.92731 1.26844 -0.101426 -0.620352 3.05102 2.49779 -1.14083 -0.418747 0.17949 
0.0320612 -0.275811 0.298081 1.64014 0.221499 -1.39134 -1.28844 -0.098367 0.605197 -0.542139 0.340715 -1.71126 -0.652563 0.662282 -1.30561 0.44066 -2.23169 0.738076 -0.186565 0.388526 -1.44894 0.999385 1.351 0.37827 -1.19756 -1.04467 0.353396 -1.86726 0.864106 -0.866022 1.18485 0.672203 0.0122449 -0.581522 0.356999 2.22185 0.0598106 -0.203224 -0.77623 
0.0272904 -0.446753 0.384416 0.929167 0.518852 -1.56709 -0.673997 -0.442646 1.4033 0.525819 0.410372 -0.785768 -0.124942 -0.0894066 -0.851432 -0.124067 -0.740482 0.528763 -0.475132 0.23001 -0.0519576 -0.471196 1.52303 -0.829253 1.07745 0.949359 0.165943 -1.6105 -0.163184 -0.894917 1.15418 0.921273 -0.118872 -1.12473 -1.23079 0.0649084 0.0892825 0.120747 0.128465 
-0.0226387 -0.750809 0.233985 1.33164 0.471943 -1.63137 -1.17498 -0.138984 0.197825 0.420931 -0.152314 -0.632978 0.0822454 -0.435351 -1.0082 -0.672474 0.936152 0.879233 1.44921 -0.523467 -0.185183 -2.54971 -1.2555 -0.248261 1.33875 1.17559 -0.166085 -0.790038 -0.186583 -0.489992 0.739135 0.0548915 0.214923 -0.871277 -0.525682 0.519265 0.603801 1.5751 0.371107 
-0.161891 -1.01018 0.0683431 1.29924 0.93595 -0.821055 -0.910033 -0.57257 -0.800013 -0.299208 0.259727 0.552491 0.780644 -0.134447 -0.283311 -0.141476 0.0318148 0.507802 0.555964 0.0522864 -1.21267 -0.193906 -0.801021 1.64141 0.762039 -0.517572 0.100934 -0.889162 -0.690555 0.162513 -0.120556 0.392729 -0.370984 -0.423137 -1.38543 -0.686405 0.689325 1.76093 0.578719 
-0.0948475 -0.905332 0.16189 1.33571 0.712419 -1.34305 -1.14395 -0.957682 0.0300455 -0.111619 0.810645 0.131476 -0.290313 0.574022 -0.268994 -0.319511 -0.699126 -1.04557 -0.907541 0.0733904 -0.426133 0.805244 0.315 1.17381 0.717752 -0.486373 0.0409883 -0.362545 -0.265668 -0.46107 0.516749 0.0605726 -0.680427 -1.22489 -0.0719597 -0.322311 1.1787 0.84294 -0.211303 
0.041309 -1.15663 -0.085554 1.00748 0.437772 -1.28266 -0.869216 -0.864015 -0.104474 -0.113554 0.947123 1.27288 0.431638 0.191731 -0.237092 -0.238061 -0.698565 0.217595 -0.467382 -0.889163 -0.567462 0.0984213 0.362573 -0.0670459 0.222483 0.227199 0.190065 0.455488 -0.307648 -0.786853 0.200777 0.025921 -0.390669 -0.308261 0.918154 0.719697 1.02606 -0.272707 -0.644301 
-0.0402583 -1.03378 0.0454165 1.04417 0.814897 -1.57911 -1.54961 -1.34387 0.114853 0.104649 0.766792 0.35909 -0.100653 -0.314341 0.924166 -0.120539 -0.43979 1.32885 0.948855 -0.548074 -0.0177138 0.342292 0.683389 0.198184 -1.03602 -0.340895 -0.462659 0.817421 0.166278 -0.848842 0.372788 0.827729 0.528945 0.713591 0.835737 0.959565 0.327226 -0.592498 0.993686 
-0.100831 -0.630016 -0.148029 0.820673 1.06867 -0.793016 -1.11667 -0.881677 0.19105 0.309171 1.05957 0.248326 0.192451 -0.818236 1.41239 0.481145 -0.530192 0.306368 1.60243 1.56398 1.6133 0.945646 0.966573 0.512522 -0.914184 0.976555 0.847943 2.80028 -0.302356 -3.24217 -1.67758 1.93243 1.31688 0.319736 -0.148513 0.12782 -0.129052 -0.574992 -0.850062 
-0.378282 -0.231763 0.259397 0.820778 0.959588 -0.75456 -0.817385 -0.268183 0.931707 0.709614 1.06448 -0.544244 0.654685 1.4672 3.10066 -0.311882 -4.25769 -3.67383 1.69309 2.2078 0.489377 -0.533884 -0.501146 -0.357643 0.36476 -0.741508 1.14015 2.88526 -1.12306 -4.15764 -2.68755 2.88136 3.12583 0.0880814 0.0292975 -0.519249 -0.89716 -0.341883 -1.36285 
0.449584 1.12435 -0.298421 -0.911326 -0.679285 0.0779893 -0.0858024 -0.559411 -0.270488 -0.0303974 0.844467 0.6175 -0.349153 2.36783 2.73455 -2.09655 -5.4941 -4.06452 2.33393 2.3569 -1.47935 -0.914009 -1.67658 -1.69034 0.515137 -2.6948 1.47446 2.24977 -0.758627 -3.52222 -3.0447 2.38052 2.60928 -0.520683 0.447582 -1.13731 -0.940211 0.00774638 -1.25108 
0.522239 1.31609 -0.710997 -1.41163 -0.974147 0.444826 0.282639 -1.26565 0.14172 -0.386394 0.0640058 -0.0254495 -1.36143 0.536269 0.13303 -0.778222 -0.84567 -0.584056 1.56009 1.0674 -1.2429 1.09065 -1.06112 -0.877255 -0.35553 -0.83814 1.91776 1.6599 -1.55955 -3.90702 -3.40357 2.58285 2.10436 -1.3894 0.168559 -2.03621 -0.947775 0.0243663 -2.1924 
0.638109 1.20469 -0.663082 -1.2624 -0.958005 0.880843 0.416086 -1.39837 0.671656 -0.730331 0.32315 0.270009 -0.963704 0.237504 -0.348546 -0.148033 -0.166957 -0.695502 1.19524 0.287165 -0.54062 1.12048 -1.12518 0.445416 -0.486499 -0.0520368 0.233962 -0.403579 -0.721737 -1.26175 -1.17491 1.66797 0.995191 -0.679008 1.57363 -1.44307 -0.597638 -1.4073 -0.723338 
0.594622 1.12477 -0.786105 -1.48801 -1.30586 1.06073 0.422615 -1.63384 1.10964 -1.12755 0.322152 -0.50325 -1.38256 -0.216991 -0.712402 -0.258708 -0.981525 -1.05756 0.72111 0.190218 0.258566 0.87979 -0.922755 0.0965412 -1.28765 -0.0871303 0.0362432 -0.802488 0.550394 -0.29007 -0.548308 0.94227 1.04988 0.0443581 1.1343 -0.659796 0.202337 0.0843019 -0.124155 
0.533812 0.808115 -0.789042 -1.66846 -1.46188 1.25379 0.511093 -1.23083 1.43161 -1.34122 0.375701 -1.00491 -1.01133 -0.186662 -0.804088 0.944794 -0.251957 -0.0693596 0.0960471 1.03882 0.610829 0.298412 0.221372 -0.16552 0.585126 -0.130277 -0.0983615 -0.730435 0.535353 -0.725895 -0.989335 -0.684211 -0.327898 -0.122705 -0.0344424 -1.01669 -0.697738 -0.848038 -0.854762 
0.502115 0.676474 -0.359092 -1.59879 -1.33983 1.11338 0.911244 -1.23016 1.36725 -1.00216 0.220268 0.0851817 -1.46276 0.0850831 -0.336687 1.03379 -0.0690426 -0.324398 -1.64847 -0.586439 -0.431904 -0.928174 -0.473176 -1.00997 0.297539 -1.0011 -0.509133 -0.187117 1.15281 -0.590426 -0.324575 -0.648712 0.393263 0.421643 -0.975496 -0.953298 -0.963699 -0.915455 -1.09917 
0.546943 0.623483 -0.321139 -1.70521 -1.61713 0.412513 0.245848 -1.52614 0.62938 -1.66279 -0.223826 -0.702614 -1.74889 -0.50294 0.535789 0.720307 -0.602271 -0.382448 -0.974986 -0.533598 0.0093956 -1.52822 -1.5299 -1.10052 -1.65396 -1.26101 -0.476919 0.299436 1.44713 -0.513537 -0.0241282 -1.47694 0.286559 0.206189 -1.19819 -0.395733 -0.839986 -0.50071 -1.14496 
0.286659 0.984004 -0.0352235 -1.85136 -1.52269 0.617208 0.670509 -1.22965 0.0465468 -2.00377 -0.432622 -1.5542 -2.39652 -0.730948 0.767601 1.05555 -0.673749 0.292984 -0.360237 0.95828 0.738035 -0.581216 -0.0665156 -0.0920515 -0.882056 -0.446956 -0.703091 0.992313 2.06101 -0.598672 0.219425 -0.475873 -0.134069 -0.155402 -1.19628 -1.33493 -0.772518 -0.474115 -0.86556 
0.242851 1.06178 0.156766 -1.9867 -1.47881 0.231354 0.69712 -1.03719 0.126945 -1.72266 -0.282415 -1.57398 -2.06815 -0.449994 0.890842 2.2539 -0.263909 0.69182 0.331813 0.37966 -0.230401 0.0212299 -0.304859 0.0879484 1.1005 0.159388 -0.593273 0.987567 2.04505 0.0350374 0.594427 -0.64419 1.3621 0.80069 -0.481198 0.148823 -0.00186066 0.241154 -0.467909 
0.0917851 1.49182 0.993287 -1.96698 -1.19471 0.79067 0.853389 -1.38988 0.0646564 -2.21702 -0.385135 -0.452994 -2.25805 -0.0728876 0.65221 1.89566 0.726021 0.541103 -0.512534 0.757973 0.434775 -0.02804 0.27772 0.101222 1.16385 -0.161596 -0.556713 0.809502 1.2792 -0.220694 0.153481 -0.479241 1.00386 0.250623 -0.519899 -0.0762085 0.274804 0.91914 0.188142 
0.194573 1.43498 1.02067 -1.70167 -1.22249 -0.0278437 1.05548 -0.751529 0.102483 -1.561 -0.227105 -0.409742 -2.17198 -0.304206 0.273075 -0.406619 -0.0544578 -0.474719 -0.979579 0.8888 0.601309 -0.679072 0.205764 0.288026 -0.0269939 0.0455317 -0.386641 0.455977 1.01842 0.472193 0.377376 -0.280151 0.959822 0.949356 0.472309 0.635979 0.89758 1.71851 0.665272 
-0.0464157 1.65115 0.799366 -1.99783 -1.42143 0.292148 1.27243 -0.992583 -0.522332 -2.10166 -0.21974 -0.473602 -2.20553 -0.45041 0.00366584 -0.424269 -0.0401674 -0.010721 0.136341 0.455435 0.954764 0.615847 0.605229 1.10043 0.843112 0.958134 -0.418063 0.164949 -0.198336 0.248219 -0.433024 -0.353023 0.639315 0.971935 -0.310793 0.467574 0.661152 0.480845 0.260791 
-0.000463254 1.44234 0.818643 -1.72674 -1.22858 0.0454543 1.27351 -0.117293 0.634373 -1.18857 0.417048 0.435377 -1.43055 -0.261752 -0.0354297 0.124135 0.415699 -0.128834 0.503984 -0.0760202 0.821146 0.283748 0.44497 0.60017 0.588682 0.249468 -0.728476 0.528414 0.236806 0.0358414 -0.325924 0.803193 -0.0924709 0.172607 0.0755029 0.0555343 0.894711 1.06469 0.475358 
-0.168113 1.63646 0.849311 -1.83839 -1.48369 0.553834 1.24395 -0.447917 -0.277393 -1.83237 0.129604 0.118368 -1.99906 -0.536988 0.756307 0.769015 0.0936048 -0.442974 0.965234 -0.557375 -0.697589 -0.526203 -0.522663 0.0974175 0.400355 -0.39708 -0.186636 -0.544094 0.273695 0.641418 0.185286 -0.69654 -0.241016 0.773539 0.43279 0.687993 0.607202 1.08755 0.864219 
-0.229155 1.87427 1.16489 -1.69767 -1.44022 0.543494 1.02174 -0.590707 0.179472 -1.54198 0.470115 0.839968 -1.71215 0.00999542 -0.745873 0.273783 0.515417 0.390438 -1.44816 -0.211599 0.312083 0.254447 0.509702 0.216499 0.681478 0.793754 -0.689125 0.267882 0.85515 -0.0223568 0.0789823 0.154357 0.0969365 -0.238193 -0.42785 -0.190639 -0.428978 0.561767 -0.154548 
-0.184171 1.22101 0.968015 -1.6386 -1.29902 -0.184799 1.15257 -0.244501 -0.0577719 -1.52142 0.252847 0.802667 -1.38172 -0.396983 -0.370739 0.467032 -0.124516 0.555835 -0.748723 0.692191 0.355888 -0.0160785 0.265778 -0.654521 0.255829 0.177081 -0.184584 -0.217732 -0.0719036 0.699098 0.361984 -0.82662 -0.67271 0.0523019 -0.669398 -0.0974154 -0.00132021 -0.439025 0.781204 
-0.403422 1.67043 1.37239 -1.75687 -1.1769 0.163268 1.34959 -0.357926 0.165345 -1.38801 0.0800574 1.10076 -1.56032 -0.258965 0.433577 -0.374022 0.499297 0.118407 0.326544 -0.615631 -0.230292 -1.09998 -0.63804 -0.206611 -1.19396 0.146534 -0.482612 -0.322301 0.00404402 1.13457 0.7171 -0.537011 -0.66184 -0.110234 -0.70738 -0.279099 -0.0315953 -0.484931 0.890499 
-0.304785 1.47088 0.789072 -1.44534 -1.24371 -0.0140376 0.873784 -0.404664 -1.00844 -1.94908 0.126747 -0.379038 -1.25295 -0.256611 -0.0918315 -0.457797 1.77037 0.449898 0.0221527 -1.50583 -0.511047 -0.877134 -0.644642 0.624269 -0.821919 0.898727 -1.00708 0.930879 0.25673 0.53317 0.157251 0.693817 -0.768105 -0.520303 -1.17993 0.0563555 1.13089 -0.0759103 0.00518515 
-0.523121 1.62392 1.15495 -1.04917 -0.963958 0.178054 0.657885 -0.706292 -0.592779 -1.81992 0.443604 0.289226 -0.863737 -1.10669 0.904768 0.747487 0.274932 0.10397 0.625834 -0.330841 -0.522676 -0.386487 0.721739 1.71759 1.1055 -0.168472 -0.702255 0.0774738 -0.426963 1.40841 0.673816 -0.222144 -0.440392 0.619307 -0.919087 0.199855 0.342881 -1.09089 1.48797 
-0.754942 1.98655 1.12543 -1.34287 -1.19526 0.310087 0.727098 -0.760826 -1.34262 -1.50167 1.1346 0.727152 -1.36198 -0.695186 0.203769 -0.154236 0.272371 0.495272 -0.319219 0.968997 1.41943 -0.281863 0.926214 -0.158039 -0.451781 0.91792 -1.38939 0.603283 0.42122 0.465136 0.709289 0.47611 0.127361 0.510418 0.0964144 0.178372 0.205375 -0.385328 0.461026 
-0.813311 1.74416 1.07699 -0.947745 -0.729441 0.0179137 1.11413 0.239433 -0.836558 -1.24093 0.346128 -0.154031 -0.152662 -0.778013 -0.0372034 -0.136921 0.400693 0.890835 0.0295739 0.503687 1.27232 0.502384 -0.46979 -1.43366 -1.55528 0.711755 -1.18872 0.050313 -0.0694935 0.0461628 -0.298799 0.302961 0.632163 1.15913 0.240643 0.720465 -0.331113 -0.607458 0.212566 
-1.07733 1.97086 1.05543 -1.18951 -0.772646 0.328675 0.967507 0.0862836 -0.90877 -1.82106 0.285383 -0.814055 -0.806533 -0.917072 -0.130864 0.057471 -0.203974 -0.911014 0.738438 -0.165157 0.275927 0.57883 0.0732341 -0.269315 -0.25739 -0.682716 -0.524518 -0.946087 -0.823373 0.991266 1.12661 0.160437 0.934739 1.57613 -0.172175 0.573643 -0.774807 -1.45915 1.04064 
-1.18976 1.67563 1.09631 -1.03911 -1.16363 0.399738 1.04429 0.418613 -0.336652 -1.21086 0.183076 -0.403875 -0.649885 0.0675239 -1.32179 -1.04651 1.03747 0.6879 0.195231 0.678369 1.03095 -0.723682 1.26678 0.418058 -0.148447 0.550224 -0.123991 -0.757816 -1.11222 0.6393 1.0884 -0.151399 -0.0888524 1.28289 -0.519568 -0.276079 0.759787 -0.0998538 -0.714916 
-1.07102 1.23053 0.567494 -0.778436 -0.446531 0.43215 1.28894 0.77159 -1.5343 -1.0229 0.527407 -0.955505 -0.373026 0.750368 -0.957574 -1.65726 1.13202 2.43629 -0.939001 0.0677401 1.59984 -1.23626 -0.447933 1.28828 0.140971 -0.232113 0.548473 -1.31302 -1.81889 1.62609 1.58293 -1.71941 -1.10169 1.27767 -0.453039 -0.36142 0.712478 1.85602 1.00585 
-0.918003 1.14076 0.327754 -0.589763 -0.00613298 -0.0779904 1.08249 1.48528 -1.40508 -1.51618 0.937931 -0.257364 -0.806953 0.678758 -0.564515 -1.57189 1.32077 1.52933 -2.53469 -2.04182 0.837221 0.149778 -1.75916 0.538187 2.31598 0.668619 0.939416 -1.22274 -1.75633 1.80628 2.53548 -1.72549 0.00170805 1.00695 -0.546375 -0.611023 1.11307 2.08339 1.58103 
-0.827109 0.91738 -0.161834 -0.2527 0.279696 -0.86324 0.348621 1.32703 -1.40512 -2.17205 0.840223 1.35507 0.149855 0.526687 -0.798991 -0.870961 1.48736 1.11378 -1.40875 -0.0519583 -0.126345 0.545176 -0.388624 0.199073 2.29208 2.16415 0.776385 -0.647987 -0.488857 1.08864 1.49429 -2.16887 -0.0727927 0.621664 1.2423 -0.350359 0.972274 1.594 0.716819 
-0.733204 0.695338 -0.079518 0.00339835 0.522496 -0.796429 1.06516 1.39479 -0.934251 -1.78334 1.05091 2.02943 0.844881 0.376954 -0.36609 0.87064 0.258524 0.563875 -0.417872 1.96447 0.0746007 1.4047 1.28203 0.762496 -0.454412 0.191834 0.434632 -1.28484 -0.197214 0.830245 0.918191 -1.09652 -0.371862 0.264809 1.14932 0.151773 0.176439 0.289146 0.70686 
-0.700517 0.716162 0.231108 -0.15688 0.546836 -1.07393 1.26662 1.37125 -0.191619 -1.36407 1.28523 0.909198 0.312818 0.0650368 -1.04682 0.590095 -0.282574 0.173325 -0.0810336 -0.399216 0.517934 0.892567 0.603896 0.046488 -1.95424 -1.31604 0.733243 -1.60124 -0.169965 0.0232621 0.0533228 -1.22457 0.995892 0.92557 1.73746 1.48116 -0.753689 -2.3143 -0.172582 
-0.727865 0.11012 0.184522 -0.119776 0.603923 -0.834518 0.886762 1.7362 -0.16326 -1.41177 1.07396 0.0912687 -0.130431 0.620186 -1.93442 -1.11223 -0.223318 -0.486918 -1.24659 -0.705979 1.28026 0.771414 0.766339 -1.7501 -2.24791 -0.434195 1.04185 -1.67607 -1.01397 0.140848 0.421147 -0.452756 0.26251 0.958386 2.75338 0.787397 -1.20468 -1.41583 -0.684562 
-0.47937 -0.369747 -0.287019 -0.256072 0.314307 -1.70927 0.945922 2.22369 0.474689 -0.887966 0.249533 -1.32115 0.00320047 1.35109 -1.36121 -2.04827 0.488201 0.418303 -0.530606 0.740996 0.88477 2.55897 0.487845 -1.63202 0.301103 0.438851 0.442052 -1.81788 -2.02794 -0.208713 0.276104 0.582577 -1.42569 0.363388 0.966545 0.0536249 -2.46543 -0.964956 0.938978 
-0.222589 -0.652446 -0.763686 0.069 0.801841 -1.10298 1.23725 2.32352 2.04759 -1.11489 0.107853 0.397107 0.219002 -0.0183894 -0.677405 -1.80751 -0.0776843 0.875597 2.04722 -1.06246 -0.744962 0.436874 -0.686406 -1.50693 1.12127 1.57011 0.181388 0.286566 -0.837484 -0.0948957 -0.106148 0.630021 -0.847227 -0.96736 -0.530834 1.04693 -0.0736847 -0.373389 0.970178 
-0.506463 -0.746577 -1.12461 -0.296323 0.729676 -0.6568 0.459875 1.71851 0.851937 -1.34676 -0.642861 -0.199269 1.20661 -1.10319 1.77363 0.844493 -0.624244 -0.564482 1.39596 -1.78637 -2.28947 -3.23054 0.961769 1.54596 -0.736941 0.735755 2.24715 1.71257 -0.0459708 -2.01 -1.56709 2.52206 -0.590602 -2.98918 -0.45313 0.981349 -0.488343 1.27208 -0.435596 
-0.671385 0.353351 -0.382758 -0.192457 0.532429 -0.384224 0.415414 0.782989 -0.744001 -0.513012 1.01456 -0.329876 0.792563 3.07092 3.1391 1.74465 -2.83396 -3.06596 1.39902 0.337863 -3.60719 -1.01089 2.04559 0.871124 0.364369 -2.1386 1.90013 1.83028 -0.563224 -2.6387 -1.88907 2.39349 -0.606996 -4.01333 -1.61276 1.07695 -1.48408 0.52479 -1.25386 
0.667379 1.02948 -0.330084 -1.45211 -0.729229 0.0635208 0.623367 -0.705345 -0.0217619 -0.0474012 -0.13384 0.169516 -0.389642 3.68458 0.857221 -1.65294 -3.1986 -2.07642 1.87491 1.04128 -3.55572 1.20068 0.529238 -3.50193 1.34994 -2.31885 3.12657 1.51658 -0.607256 -2.20666 -0.984491 2.06132 0.215043 -3.41077 -0.921287 2.34058 -0.545237 1.29866 -1.58002 
0.741011 0.8422 -1.14933 -1.49582 -0.455933 0.57995 0.905187 -1.60636 0.29322 -0.189489 -1.0535 1.01953 -0.939754 1.17557 -0.959057 -2.61656 -0.362713 1.69078 1.41873 -0.0554161 -1.35957 -0.150866 1.18786 -1.58236 1.15231 0.151081 3.40548 -0.404498 -2.38208 -2.69864 -0.57481 1.50203 0.792461 -2.42208 0.752264 1.69997 -3.51532 1.90939 -1.0182 
1.10443 0.493766 -1.53941 -1.60772 0.0737714 0.793942 0.604437 -1.62252 -0.152352 0.699969 -1.07069 1.32228 -0.257442 0.94058 -1.43791 -1.77726 -0.711112 1.27448 0.179933 -0.0370702 0.030282 -0.261411 1.82086 -1.14705 0.879919 1.02796 0.97183 -1.20517 -2.39744 0.248519 2.43052 0.52885 0.624148 -0.538838 0.417545 1.36594 -1.8901 1.52678 0.766028 
1.08671 0.0363685 -1.97302 -1.79243 0.149108 0.675586 0.894766 -1.59185 0.067112 0.965247 -1.73381 1.90127 -0.14561 0.14549 -0.772255 -0.835775 0.724389 1.71242 -0.691382 0.849237 0.579584 0.669921 0.701648 -0.9119 0.630753 0.770389 1.03443 -1.19585 -0.894508 0.317376 2.20296 -0.782215 -0.873299 -0.00791411 -0.658244 1.06611 -1.86362 -0.0832894 0.662405 
1.14104 0.0634309 -1.93051 -1.32335 0.887065 0.443098 1.00513 -1.23978 0.426261 1.13445 -1.61242 1.95611 0.342264 0.465479 -0.280007 0.491293 1.17259 1.81031 -1.24098 -1.04089 -0.0362758 -0.570114 -0.344808 -1.3121 -0.976995 -0.234978 0.164599 -0.396535 -0.158106 0.722757 2.1088 -1.21863 -0.441743 0.741723 -0.56524 1.1877 -1.65476 -0.478421 -0.0828134 
1.24771 -0.11629 -1.75437 -1.32667 1.00895 0.0431169 0.418722 -1.62196 -0.425731 0.726288 -2.51139 0.935438 -0.304842 0.0796169 0.203007 0.611281 0.324613 1.24061 -0.964966 -1.38776 0.507264 -1.38469 0.942073 -1.27036 -1.18924 -0.901441 0.108197 0.20849 0.552612 1.10204 1.76807 -1.28753 -1.41469 0.757621 -0.865257 0.221211 -1.41186 -1.38207 -0.810344 
1.15205 0.183239 -1.65674 -1.20078 1.476 -0.047935 0.368191 -0.905528 -0.770416 1.72364 -2.3654 0.779103 -0.320072 -0.316948 0.580225 0.308665 0.426117 0.665964 -0.509355 -0.713806 1.1463 -0.521302 0.655828 -0.548117 -0.636719 -0.798176 -0.0120337 0.10691 0.509365 0.236275 0.950954 -0.794077 -0.986828 0.691097 -1.65826 0.117337 -1.8959 -1.44739 -0.807961 
1.10456 0.216307 -1.61964 -1.16302 1.32463 -0.214452 0.0943979 -0.859326 -0.876398 1.13128 -2.83874 0.308173 -0.889225 -0.0943199 -0.0487668 0.126339 0.0193189 0.0923371 -0.112263 0.16789 0.505779 -0.702291 -0.774286 -1.2316 -0.500759 -0.128758 -0.367868 0.281577 -0.0692435 -0.400756 0.632331 -0.79337 -0.965696 0.956452 -0.314611 1.40665 0.0202659 0.224202 -0.158539 
1.09544 0.161023 -1.60578 -1.20177 1.51892 -0.102026 0.452841 -0.572267 -1.37747 1.2083 -3.09553 0.287114 -0.399119 -0.180862 -0.174977 -0.40507 -1.00545 0.221159 -0.56691 -0.479652 0.253585 0.121185 1.2898 0.586623 0.898714 0.573229 -0.116683 0.131624 -0.0693108 -0.392385 0.256234 -0.508419 -0.160275 0.437482 -0.441316 -0.0778805 -0.32008 -0.00930266 0.217392 
1.01431 0.122895 -1.81285 -1.57876 1.42881 -0.501514 -0.121314 -0.695123 -0.771922 1.94425 -2.49738 1.20862 -0.438352 -0.062462 0.238522 -0.222841 -0.586521 0.26854 -0.575305 -0.354584 0.137536 0.143104 0.672886 0.818876 0.49008 0.369946 0.0297014 0.360101 -0.0993878 -0.548102 0.255355 -0.448797 -0.581844 0.460946 -0.0226594 0.415834 0.425024 0.633785 0.531865 
1.05121 0.300866 -1.71526 -1.44796 1.64562 -0.39339 0.295141 -0.485858 -1.25405 1.62427 -2.6173 0.780978 -0.101702 0.222822 0.693071 0.265214 0.212564 0.138487 -0.0393297 -0.233997 0.423937 -0.154776 -0.710415 -0.0114866 -0.158432 0.0578902 0.0511551 0.189785 -0.309892 -0.144499 0.122772 -0.417841 -0.627202 -0.0503593 1.13779 1.36725 0.901432 1.15565 0.548829 
1.08098 0.519148 -1.69808 -1.50154 1.49367 -0.518232 -0.22308 -0.416725 -0.905892 1.47001 -2.5085 1.05723 -0.376501 0.133549 0.0348146 -0.220442 0.378586 -0.0944068 0.0112926 -0.415762 -0.205408 1.28017 1.21842 0.387885 0.859604 0.282207 0.204181 0.250542 0.058475 0.762317 -0.23875 -0.144148 -0.176356 0.662731 -0.196783 -0.476613 0.598123 -0.0948464 0.743764 
1.08318 0.325798 -1.82364 -1.30355 1.59974 -0.384169 0.109065 -0.62934 -0.148155 2.3913 -2.39306 1.64251 0.129482 0.0560251 -0.332422 -0.177521 0.893773 -0.470207 -0.151344 0.0272021 0.547752 -0.0974157 0.0591972 0.816119 0.04786 0.835973 0.0138972 0.277528 -0.319064 0.834639 -0.220785 -0.593247 -0.682918 0.242979 -0.482937 -0.201985 -0.418135 0.166615 0.279149 
1.08282 0.336922 -1.78674 -1.14862 1.26908 -0.59235 -0.203687 -0.0553284 -0.990298 1.49105 -2.03189 1.1111 0.272713 -0.113046 0.364615 -0.236063 0.83257 -0.212175 -0.814572 -0.424228 0.565172 -1.8916 -1.49094 -0.930612 -0.664856 0.0355569 0.118633 -0.268397 -0.201078 1.80507 -0.603728 -0.683619 1.01007 0.55385 -0.504637 -0.734088 0.360002 0.049843 0.394161 
1.01929 0.536769 -1.93919 -0.975397 1.49785 -0.798137 -0.0809392 -0.256265 -1.78284 1.41476 -2.94582 0.987246 0.174474 0.106675 -0.0526834 -0.108914 1.72386 -0.3722 -0.775212 1.24901 0.265208 -0.541267 -1.06545 -0.32719 0.0105281 -0.3756 0.101181 0.0858937 0.0796568 1.9882 -1.35089 -1.03476 0.411107 1.27713 -1.5084 -2.34808 -0.305132 0.867956 -0.240958 
1.10434 0.312497 -1.84387 -0.459742 1.09111 -0.986149 0.38244 0.116666 -1.45822 0.788327 -2.22905 1.12782 0.00732784 0.252052 -0.240578 0.354288 2.05047 -1.67568 -0.590972 0.951752 1.30221 -0.00722922 -1.74086 0.537704 1.67859 -0.3627 0.252638 -0.0607538 0.395321 2.03595 -1.42328 -0.373351 1.13186 0.155203 -1.02948 -2.06011 -0.535585 1.03236 -1.72121 
1.09733 0.406352 -1.7835 -0.154331 0.700051 -1.09753 0.367305 0.61088 -1.78932 0.277388 -2.63329 2.66364 -0.0811737 0.23796 -0.0340227 0.682148 1.22838 -1.61695 0.271887 0.179441 -0.0334052 -0.756323 -1.76927 -0.371254 1.19518 -1.78698 0.307839 -0.705913 0.933969 1.98965 -1.69996 -0.502806 1.04096 -0.357195 0.634921 -1.82591 1.38644 0.111273 -2.38075 
1.1769 0.298597 -1.53754 0.0286036 0.321231 -0.843395 0.472448 0.0884851 -2.11195 -0.367327 -2.45217 2.32324 -1.32349 0.167527 -0.773271 0.995372 0.834665 -0.700604 -0.0889388 0.363077 -1.81739 0.799185 -0.770924 1.31209 -1.54847 -2.61769 -0.303001 -0.357605 1.07915 1.32741 -1.05585 -0.0899805 1.25413 -0.776696 -0.151329 -0.645857 1.60331 0.098496 -1.66317 
1.14251 -0.0245557 -1.33325 0.174668 0.365911 -1.13967 0.542493 -0.613193 -1.09901 -0.235793 -1.8644 1.12921 -2.03908 -0.647701 -0.479281 0.876775 0.696959 0.141916 -0.388672 1.40184 -1.09334 0.561195 0.884676 2.50856 -1.07998 -0.303641 -1.0209 0.0785094 0.758118 0.310256 -0.727471 -0.743861 0.879928 -1.91962 0.992153 0.00737498 2.86233 -1.88017 -1.46605 
0.905171 0.0335285 -1.14178 0.301869 0.387722 -1.03912 1.12947 -0.65022 -1.62729 0.184935 -0.978194 1.25495 -1.53455 -1.55195 0.886697 0.10081 -0.383511 -0.314948 -0.919791 0.750465 -0.975535 0.441251 0.787083 2.49444 -0.646898 0.771486 -1.24743 0.115029 1.45881 0.656916 0.660158 -0.202106 0.802018 -1.58433 0.706032 1.42922 3.39169 -1.10314 1.10697 
0.519265 0.480921 -1.29402 0.0106419 0.215157 -1.60755 0.89737 -1.27293 -0.717982 0.253664 -0.398748 0.491821 -1.43855 -1.04427 0.645189 1.2294 0.256619 0.784143 0.118939 -0.385685 -1.21079 0.320036 1.09208 1.99979 -0.208023 1.64786 -1.34255 0.973298 0.941459 1.10703 0.220282 1.31494 1.00693 -0.450937 0.196442 2.06224 1.86572 0.736655 1.30292 
0.479279 0.402771 -0.583996 0.396919 0.759603 -0.974742 0.957342 -1.46766 -1.35099 0.870672 0.195962 1.05422 -0.272457 -0.269162 0.512608 1.25965 1.98946 0.625519 2.71943 0.521832 0.323691 -0.199776 2.06255 -0.00922104 1.50731 0.815705 -1.18829 1.22193 0.602054 0.447565 0.785745 1.64791 -0.386206 -0.121049 0.778981 1.13866 0.845975 0.233634 1.25286 
0.394688 0.775375 -0.722342 0.807013 0.511609 -0.21063 1.1462 -1.06173 -0.890833 1.56393 -0.408524 1.99779 -0.80463 -0.567411 1.11142 -0.358176 0.39354 0.317641 2.1349 -0.0834197 1.03987 0.652777 0.484019 -0.866557 0.481033 -0.122745 -0.956536 1.08147 0.885241 0.768931 1.3579 1.62652 -0.235311 1.0011 -0.186263 0.072877 0.449428 0.490139 1.40379 
0.238761 1.03501 -0.755658 0.547384 0.909655 0.122657 0.925422 -0.776374 -0.787191 1.1651 -0.31905 1.53908 -0.346966 -1.02787 1.04215 0.0197748 -0.873533 1.27684 -0.494765 -0.80232 1.14128 -0.0392095 -1.95607 0.616713 -0.934765 0.896557 -1.3712 0.89404 -0.699171 -0.390126 0.846706 1.88548 -0.632103 1.60915 0.161727 -0.67399 0.307007 -0.1349 0.531066 
-0.0248283 1.36854 -0.720347 0.444663 1.11778 -0.460723 0.780814 -0.302462 -0.924946 0.288065 -0.0494311 1.07398 -0.109681 -1.29259 0.173987 -0.646227 -0.957469 0.869441 0.442998 -0.693052 1.31153 -0.454884 -1.4074 1.28523 -0.638377 0.752874 -1.48041 0.558164 -0.971566 -1.58637 1.05507 0.678003 -1.43118 1.36392 -0.226389 -1.77269 0.306899 -1.36077 1.32557 
-0.283664 1.13845 -1.05967 0.151063 1.3221 0.353093 0.610724 0.0970219 -1.18047 0.242315 0.434004 0.910168 0.239518 -0.980409 -0.239426 -1.41682 -1.42415 0.201797 1.42557 -0.97299 0.852614 -0.250152 -0.482331 -0.198187 -0.654079 0.718716 -1.65398 0.0919118 -0.874215 -1.3882 0.229347 0.25163 -0.693067 1.0829 -0.344935 -1.72744 0.0230707 -1.47345 0.4779 
-0.425895 1.23878 -1.37842 -0.140535 1.21274 0.273203 0.336267 0.263298 -1.14132 -0.0393957 -0.170567 0.429443 0.451018 -0.951331 -0.0413007 -0.610491 -1.05299 -0.546186 -0.0937982 -0.159624 0.27269 0.0166966 -0.968591 -1.243 -1.08204 -0.188668 -1.40722 -0.304084 -0.896634 -1.09592 0.0731786 1.99303 0.366827 1.01762 -0.0190573 -1.15207 -0.709149 -1.13528 -0.156592 
-0.673427 1.12045 -1.34727 -0.283918 1.06138 0.308463 0.543457 0.274031 -1.16628 -0.398073 -0.302851 -0.160181 0.115246 -0.928501 -0.196965 0.127785 -0.1627 -0.0970565 1.29904 1.44517 0.636438 0.221082 -1.10029 -0.730369 -0.671452 -0.94125 -1.26148 -0.278598 -0.258518 -1.01249 -0.561086 1.2729 1.02608 0.784157 0.868452 -0.0968469 -0.866456 -2.02209 -0.898745 
-0.806784 1.13296 -1.3268 -0.215194 1.1656 0.942291 1.01338 0.684146 -0.950532 -0.764536 -0.605323 -0.232379 -0.241369 -0.759713 -0.358464 0.241259 -0.412945 -0.236555 1.83609 1.45586 0.876018 1.06844 0.841038 0.105887 -1.27905 -0.9541 -1.26586 -0.298495 0.0679746 -0.559886 -0.325258 0.607813 0.635553 0.0624178 0.381371 -0.298673 -0.0847237 -0.600905 -0.157916 
-0.988701 0.92353 -1.24351 -0.459857 0.947907 1.25275 1.22553 0.855481 -0.24332 0.126106 -0.244793 -1.42655 -0.586841 -0.788495 -0.231394 -0.0263987 -0.647266 -0.355707 -0.463979 -0.637087 -0.5399 0.25256 0.694434 0.629679 -0.0300672 0.717074 -1.04097 -0.361647 0.0460321 -0.359031 -0.126151 0.829381 0.808436 0.474405 0.790751 -0.0520783 0.18284 0.483851 0.754654 
-1.13325 1.00773 -1.34602 -0.485969 0.995462 0.707973 0.724643 0.316437 -0.732541 -0.334702 -0.238588 -0.256045 0.318091 -0.651953 -0.160649 -0.171502 -0.105917 0.062387 -0.698793 -0.431681 -0.178875 -0.0808522 -0.90686 0.14816 1.84425 1.86147 -0.99341 -0.36683 0.0387203 -0.595483 -0.018454 0.865084 0.0317765 -0.666696 0.481384 0.960624 0.828064 0.542721 1.3981 
-1.26208 0.838201 -1.3294 -0.511534 0.976581 0.898105 1.03207 0.729785 -0.313415 -0.474555 -0.161822 0.414673 0.836504 -0.558597 -0.295166 0.0856164 -0.214291 0.332232 1.64998 0.690454 -0.426483 0.346641 0.636172 0.479809 0.664011 0.98813 -1.01215 -0.348629 0.288106 0.0109567 0.195592 0.0968083 -0.687243 -0.716762 -1.06598 -0.815696 0.378486 0.763046 1.10134 
-1.37034 0.846516 -1.31378 -0.581508 1.15245 1.55689 1.05168 0.0247576 -0.433259 0.0576377 0.0398263 0.410874 1.08217 -0.720579 -0.339755 0.590193 0.123288 0.213638 0.836803 -0.413714 -0.860495 -1.26256 -0.211923 0.365276 -0.953022 -0.524226 -0.835868 -0.168312 0.943586 0.389101 0.13933 1.02715 0.638878 -0.0456671 0.479441 -0.568082 0.238791 -0.436491 -0.202625 
-1.56215 0.651839 -1.06531 -0.470447 1.07718 1.33033 0.846944 0.147166 -1.40457 -0.627998 0.0490966 -0.527303 0.458923 -0.574604 0.0538907 1.2779 0.779717 -0.134932 -0.242914 0.12178 0.365452 0.25012 -1.41352 -0.151581 -1.17354 -1.26774 -0.737319 -0.198045 0.319157 -0.0235804 0.0457087 0.698166 0.0345801 -0.825286 -1.43107 -0.811836 0.59109 -0.590231 -0.436518 
-1.61365 0.882209 -0.733708 -0.274748 1.0873 1.43585 1.11495 0.26395 -0.217376 -0.869078 -0.0538441 -0.750506 0.143315 -0.278825 0.0557511 -0.126744 -0.155972 -0.147334 0.121507 0.470585 -0.337085 -0.539192 -0.901538 0.430031 0.263968 -0.0454029 -0.77047 -0.0988865 1.0174 0.53344 -0.0784529 0.448004 0.361869 0.326992 -0.29876 -1.36093 -0.299807 0.394016 0.00861189 
-1.69048 0.688581 -1.13064 -0.542383 1.00613 1.39603 1.072 -0.0845854 -1.87069 -1.22523 0.298176 -0.258414 0.4428 -0.469808 -0.195396 0.19202 -0.00509758 0.0275046 0.859983 0.344197 0.116789 -0.630338 -0.457102 -0.234267 1.63383 1.25005 -0.571761 0.189603 0.815147 0.484354 -0.228149 -0.284417 0.286706 0.473154 0.616069 -0.147814 -0.176729 0.918941 0.764848 
-1.81623 0.777279 -0.652572 -0.285621 1.09939 1.87996 1.28138 0.336452 -0.762256 -1.1803 -0.196242 0.881351 1.10511 -0.495804 0.217324 1.30513 0.859451 -0.169552 -0.503518 -0.0985602 1.03241 1.30748 0.703706 -0.652702 0.809304 0.96541 -0.931489 -0.541577 0.107921 -0.252436 -0.831975 0.309737 0.630141 -0.0701703 -0.272921 -0.693477 0.254151 0.710003 1.23877 
-1.90316 0.816465 -0.538062 -0.203352 0.924509 1.14145 1.03306 0.601698 -0.741196 -0.789434 -0.0908097 0.553068 1.18972 -0.793215 -0.582288 -0.033054 -0.359273 -1.18928 -0.431521 0.457116 -0.213541 0.282559 -0.493151 0.58286 -0.804544 0.257591 -0.827555 -0.379171 0.538772 0.305495 -0.256928 -0.0328803 0.728998 1.37294 2.44824 1.03095 0.574446 0.137828 0.832485 
-2.14453 0.454104 -0.674851 -0.439838 0.532871 1.66227 1.50018 0.187518 -0.518344 -1.51473 0.142901 0.0871066 1.31772 -0.62611 -0.76162 -0.525119 -0.415197 -0.187603 0.464623 1.02344 0.974645 1.76097 0.723873 1.42594 -0.648173 0.0384633 -0.754873 -0.409405 0.678535 0.214496 -0.474283 -0.636951 0.472828 1.1672 1.98069 1.17865 0.892678 -1.49287 -0.363063 
-2.1665 0.39213 -0.786429 -0.380203 0.83431 1.38297 1.51455 1.24926 0.780142 -0.340655 0.745171 -0.0855926 1.23691 -0.230021 -0.00545537 1.01452 0.671639 0.527998 -0.431375 0.147558 1.92065 2.19892 2.12439 0.612295 -0.938558 -0.736138 -0.837033 -0.582855 0.369265 0.161801 0.0345753 0.279924 0.369019 0.319381 1.06068 -0.208368 0.262548 0.265004 0.708433 
-2.25389 0.456319 -0.2158 -0.17682 0.782951 1.44466 1.5754 1.46924 1.38141 -0.164659 0.499391 -0.840478 0.780165 -0.508673 -0.0753854 1.0608 0.651191 0.238328 -0.076828 -0.548528 -0.5035 -0.434499 -1.00521 -1.06622 0.957813 0.811591 -0.394585 -0.230671 1.01477 0.832178 0.668167 -0.383819 -0.472065 0.887063 1.36855 1.94677 0.662294 -0.255552 -0.00803514 
-2.38418 0.354898 -0.306117 -0.12546 0.946647 1.34703 1.26689 0.905954 0.404478 -1.00461 0.112496 0.873651 1.86772 -0.304062 -0.325434 0.451599 0.535951 0.409267 -0.0862294 -0.723985 -0.621927 -0.485947 0.566018 0.277415 0.640323 0.697807 -0.536211 -0.2114 1.26349 0.579207 0.172609 -0.443367 -0.540432 -0.327531 -0.0865424 0.340151 -0.291203 -1.48981 -0.590395 
-2.39203 0.278035 -0.0153943 0.0312825 0.976572 1.40391 1.24636 1.04654 0.961291 0.182534 0.658532 -0.197128 1.32508 -0.217692 -0.227811 0.763846 0.18976 0.00553747 -0.522003 -0.113356 0.0315595 0.320706 1.48023 0.691779 -2.69735 -1.57202 -0.656567 -0.48956 0.391607 0.0711334 0.325937 -0.0245269 -0.195091 0.0269049 -0.350496 0.285032 0.81482 0.650028 0.714786 
-2.48875 0.231683 0.0377564 -0.05747 0.948288 1.08298 1.22109 0.921322 0.681351 -0.0690791 0.515826 -1.80387 0.699173 -0.585706 -0.377499 0.11628 -0.431364 0.0491398 0.0587288 0.493772 0.666693 0.0407776 -0.166994 0.814515 0.118927 0.160124 -0.502363 -0.60063 0.371548 -0.0919621 -0.14484 -0.36415 -0.0901504 0.150274 0.00198598 0.906792 1.24306 -0.485991 -0.516394 
-2.63966 0.0703809 0.0309418 -0.152111 0.998947 1.43744 1.48217 1.48767 0.996291 0.0580046 1.13419 -0.0725488 1.46411 -0.462718 -0.634739 -0.224879 -0.321552 -0.205855 0.0312294 0.0143163 0.193058 -0.323357 -0.223858 0.967912 2.13002 0.903349 -0.415504 -0.237729 0.491055 -0.1804 0.0991784 0.187945 0.620539 0.201794 0.045691 0.115189 0.928772 -0.121992 -0.946316 
-2.68857 -0.121079 -0.0726601 -0.19642 0.849409 1.10242 1.2345 1.04495 0.401718 -0.230202 1.08188 0.321678 1.39925 0.0232216 0.0364665 0.594948 0.171396 0.0919802 0.2036 0.295538 -0.366969 0.0114399 0.33182 0.428493 -0.261199 -1.36188 -0.432948 -0.390402 0.181206 -0.326462 -0.0319448 0.0321406 -0.53329 -0.445213 -0.494705 0.0592149 0.662453 1.83866 0.776855 
-2.65058 0.0962444 0.297211 -0.091553 1.04169 1.5452 1.62603 1.23589 1.00594 0.254482 1.38237 -0.326183 0.454194 -0.123449 0.0743029 0.489481 -0.150107 0.163503 0.018569 -0.667273 -0.836557 -0.302855 0.3115 -0.0779904 0.0172474 0.0315459 -0.134982 -0.0654457 0.515918 0.187973 0.0173538 -0.810432 -0.43696 -0.333793 -0.528181 -0.0505589 -0.56943 0.065677 0.454233 
-2.75651 -0.0738719 0.145151 -0.265982 0.926166 1.11537 0.931763 0.478379 0.139801 -0.0468015 1.03158 0.345088 1.44121 -0.204849 -0.129915 0.152119 0.10253 -0.0653517 -1.30314 -0.828085 -0.114099 -0.67968 -0.395547 -1.17181 0.338077 1.89674 -0.170632 -0.109323 0.856944 0.575135 -0.0434271 0.131414 0.445313 0.104544 0.377507 0.485453 0.255837 -1.05818 -0.599148 