-1.33904 -0.308822 0.561304 0.969806 1.21661 0.747535 0.402882 0.976675 0.77623 0.0887989 -0.346341 0.520986 0.935732 -0.26466 -0.0449111 -0.502465 0.862312 0.191332 0.604742 0.453338 0.77786 1.08853 0.699485 -1.61275 0.743287 -0.149617 -0.0410707 0.270034 -0.290469 0.199778 -0.0422217 0.50009 0.239361 0.440117 -0.84202 -0.348917 -0.427311 0.834791 0.118958 
-1.28216 -0.0856646 0.0812388 0.833862 1.08108 1.01453 0.315676 0.907184 2.18764 0.982282 0.322097 0.254999 -0.293846 0.186114 0.594625 -1.01723 -0.692421 -0.596543 0.648306 0.266595 -0.182779 0.478996 1.69254 1.22929 -0.779444 -0.704659 -0.17442 0.231441 -0.35251 0.122106 0.0561928 0.100003 1.60135 0.701849 0.0554117 0.698749 -0.650121 0.781411 0.0364499 
-1.25285 0.00545117 0.115882 0.712844 0.949445 1.04156 0.534775 0.871171 1.14702 1.31854 0.455966 -0.190156 0.403078 -0.0179003 0.403527 -0.045863 -0.678592 -0.105198 -0.472551 1.68814 0.215805 -1.02718 0.15687 0.787928 0.220494 0.205437 0.0368059 0.636827 -0.180908 -0.122748 0.385771 0.668301 0.687763 0.0278544 1.12723 0.383519 0.676638 -1.01422 -0.715063 
-1.30167 0.126094 0.0673743 0.581969 1.0337 0.791832 1.12621 1.03747 1.3735 1.1047 0.838804 0.457438 -0.148993 -0.126934 0.39287 0.737824 0.507294 1.18419 0.255677 0.652103 0.221089 0.919297 -1.23057 -0.383772 -0.459952 -0.190756 1.07201 -0.777919 0.466155 -0.00742471 -0.394742 0.367126 0.571934 -0.136102 -1.19016 0.444367 0.838959 -0.665479 0.466033 
-1.32885 0.211493 0.450192 0.89563 1.47884 1.15459 0.850708 1.00459 1.86421 0.440523 0.214481 -0.609398 0.252991 1.75193 -1.61074 0.780474 0.667188 -0.494852 0.967515 -0.924475 -0.409894 -0.465144 0.381229 0.261946 -1.032 0.394132 0.305284 -0.371794 1.0489 -0.350905 0.428907 -0.460058 0.496441 0.199266 -0.0138386 -0.455104 0.720257 -0.502525 -0.805936 
-0.404235 -0.742702 0.420634 0.823363 0.81203 1.23302 0.689491 0.797612 1.00153 1.3889 1.01515 -0.484449 0.13633 0.62048 -0.970057 0.910021 -1.03611 -0.530903 -0.884092 0.0105202 0.0601886 -0.944326 0.643345 1.28421 -0.151615 -0.819682 -0.248084 0.0752988 1.37526 -0.0762501 0.559467 -0.45436 -0.6 -0.146756 0.395032 -0.467981 -0.162276 -0.856298 0.552107 
-1.01762 -0.313609 0.861006 0.512689 1.24104 0.742157 0.860352 1.04281 1.11525 0.913725 1.05232 -0.746932 -0.36529 -2.15367 1.72713 1.37881 -0.78227 1.34681 -1.58819 0.11957 0.200703 0.950124 -0.984562 -0.472593 -0.0136349 0.314387 -0.186808 0.178414 0.345157 -0.960366 -0.468181 -0.403502 0.339284 -0.0470243 -0.115018 1.02868 0.528012 -0.144425 -0.520243 
-1.53028 0.179105 1.03972 0.533467 1.41417 0.495992 0.751195 0.918966 1.74296 0.688266 0.716195 -0.495918 0.362288 -0.923082 1.24641 -0.365027 -0.410797 -0.180898 0.332484 0.441757 -0.128015 0.79309 0.625783 -0.625803 -0.0205743 0.170863 -1.34095 1.43275 0.1629 -0.870308 0.146543 -0.522726 0.342409 -0.158613 0.0836268 -0.706952 -0.713221 -0.826779 0.130069 
-1.5061 0.350316 0.705344 0.358954 1.1598 0.890588 1.07587 0.969707 1.73315 1.37426 0.654222 -0.764742 -0.246176 -0.0162086 0.495079 -1.11943 -0.528976 -1.1232 0.874668 0.336889 -0.426702 -0.853578 0.0822551 -0.431674 -0.995781 -0.140067 -0.772848 0.768014 -0.575845 -0.435671 -0.234977 0.487139 0.549903 -0.711195 0.245025 1.28428 0.0762201 -0.119561 0.342142 
-1.54891 0.439977 0.548892 0.336414 0.911425 0.894378 0.916647 0.669163 1.0654 0.756883 0.443712 -1.40471 0.249935 -0.327668 -0.0554049 -0.533293 -0.245715 -0.17604 0.325468 0.292422 -0.881241 -0.495223 0.96313 0.715415 -0.121108 0.271891 -0.229591 0.0924948 -0.993058 -0.466919 -0.686489 0.641892 0.601344 -0.0693732 -1.09849 0.126842 -0.227833 -1.367 -0.623849 
-1.6861 0.315881 0.474925 0.265729 1.08074 1.03578 1.22009 0.45101 1.33751 2.07805 1.12401 -0.874403 -0.0518537 -0.355613 -0.352011 -0.432707 -0.174608 0.0791959 -0.0065511 0.466141 0.327197 -0.524398 0.0585909 0.138494 -0.676474 -0.639892 -0.215873 0.19183 -0.0612395 0.197588 0.020028 0.0772426 0.1755 -0.583591 -0.993816 -0.771127 -0.398436 -0.936695 -0.842535 
-1.74339 0.246427 0.363161 0.269253 0.946533 0.886509 1.1438 0.865348 0.646806 0.808436 0.540179 -2.02178 -0.234504 -0.0219587 0.352572 0.441418 0.543142 0.207142 -0.224188 -0.0593612 0.0528576 -0.752191 -1.94573 -1.22338 -1.02317 -1.32865 -0.267363 0.0468621 -0.33322 -0.055382 0.103752 -0.299541 -0.490478 -0.27913 0.29843 1.53437 0.583813 0.592317 0.375242 
-1.70771 0.500305 0.677549 0.461655 1.17308 0.927581 1.19637 0.484903 0.739705 0.684353 0.339223 -1.80822 -1.04903 -0.0773194 0.424288 -0.0853916 0.0909616 0.079309 -0.40387 -1.12446 -0.724022 0.88888 1.8432 0.59016 1.40824 1.12454 -0.0682425 0.245653 0.576844 1.29849 -0.419051 -0.331184 -1.23389 -0.921849 -1.31108 0.127988 -0.418536 -0.446612 0.863882 
-1.79368 0.469323 0.331735 0.299435 0.981692 0.695469 0.611613 0.439658 1.34006 2.14682 0.928912 -0.734167 0.59456 -0.0888183 0.0280913 0.466656 1.41268 -0.844183 -0.229206 -1.59398 -1.36071 -0.890964 2.08801 0.69011 0.480208 2.4318 -0.0160043 0.373109 0.177555 0.597436 -0.15993 -0.225872 -0.482072 -0.373573 -0.242426 1.13489 -0.117304 0.384266 0.746802 
-1.76396 0.510661 0.891385 0.976306 0.795147 0.817065 0.440036 -0.317433 0.032729 2.19925 0.792633 -1.3685 0.753204 0.0510579 0.154099 0.367735 0.808794 -0.322047 0.0934965 0.477392 0.193328 -1.19904 -0.441193 -0.744187 -0.931746 -0.169586 0.120081 -0.469305 -0.750709 -0.180062 -1.0659 0.343901 -1.29013 -0.351072 -0.12281 0.745916 0.167134 0.249062 -0.158606 
-1.77746 0.547276 0.501623 0.592735 0.837319 0.733723 0.84414 0.556649 0.390717 1.83799 0.454207 -1.58446 0.460232 0.282728 -0.756548 -1.63901 -1.68415 -0.777164 0.692629 -0.134632 0.861906 0.730009 -1.17264 -0.48604 -0.169602 -2.62288 2.2998 -1.33701 0.113242 0.16706 -1.42528 0.650895 -1.6934 0.278281 -0.348594 -1.54621 0.237955 1.48599 0.321854 
-1.62772 0.100096 0.169722 0.355832 0.447192 1.13153 0.380385 0.195072 0.600998 1.363 0.484971 -1.52247 -1.20744 3.6694 -2.22863 -0.186178 -0.557355 -1.84617 0.786849 -2.74576 0.199949 0.756451 -1.51111 1.03742 2.76003 0.586659 2.3316 -2.55195 0.167516 -0.40014 -0.555452 0.00318599 -1.66147 2.27409 0.494603 -2.73868 -0.276619 3.06488 0.0507522 
0.113402 -0.652987 0.42542 0.38528 0.0111802 1.09162 -0.462053 0.677557 0.979789 0.757682 1.13236 0.938197 0.888879 3.48916 -3.20273 1.90562 1.08116 -0.0674374 -0.691923 -2.091 2.36034 -0.120827 -2.27155 0.13144 3.93513 2.6968 2.23112 -2.5848 0.0520237 0.548072 0.139278 0.268314 -1.62301 1.59293 1.13853 -3.85044 -0.356664 3.11641 0.0824114 
0.169771 -1.62272 1.02286 0.748966 0.416709 0.807692 -0.613226 1.59401 0.4999 -0.265634 0.576873 2.07381 0.792071 -0.0600676 -1.78162 0.271799 1.38275 2.05873 -0.426079 0.571611 2.05678 0.655943 -3.324 -1.49279 1.06872 -0.472662 1.97143 -1.63419 0.35544 0.472775 0.892693 -1.15887 -2.37935 1.98096 1.33555 -0.896778 -0.00724259 2.2128 1.08186 
0.0720456 -1.61345 0.552686 0.88896 0.931768 0.890345 -0.184546 1.89692 1.48979 -1.62984 0.173238 1.91561 0.528931 -0.29998 0.667179 -1.34451 -0.369191 1.42647 -0.885538 -1.09547 0.446403 1.77898 1.13175 -0.146904 -1.21509 -1.31774 -0.349309 -0.399867 -0.900733 0.396695 1.90927 -0.875167 -0.351678 1.41073 1.41086 -1.06505 -0.903195 0.895409 0.522103 
0.00411719 -1.26953 0.432033 0.610481 1.05447 0.394596 -1.13158 1.86072 1.89341 0.559741 0.488662 0.964645 -0.196983 -0.505443 1.16088 -1.67925 -0.78539 0.847212 -0.766087 -1.04415 -0.0583124 1.09615 1.97367 0.349354 0.0349286 1.1432 -0.808144 1.32918 -1.79353 0.137279 1.34677 -0.081702 -0.536389 -0.27788 2.90015 0.884697 -1.34565 -0.876923 0.903603 
-0.200058 -0.995408 -0.186859 0.59792 1.31042 0.532318 -0.678398 1.86505 2.3461 -0.197384 0.406149 1.94851 1.37189 -1.00787 1.39437 -1.46205 0.57577 0.623535 0.77096 0.375704 -0.841456 1.83079 -0.0427578 -1.55357 0.144148 2.47117 -0.205566 2.55684 -0.82193 -1.4266 -1.18806 -0.747299 -2.44057 -3.34893 -0.536802 1.73129 -1.05466 -2.04871 1.91085 
-0.528294 -0.52623 -0.211014 0.818367 1.33307 0.745171 -0.947596 1.36556 3.32768 0.538215 -0.509788 1.09733 1.63456 0.172493 2.80515 0.395292 -1.36386 -2.65445 -0.252424 -2.22427 -4.68981 -1.7735 0.174487 -1.68348 -2.54362 1.28516 1.03376 1.88181 -1.54853 -1.32172 -2.22206 0.663204 -1.02881 -4.0775 -0.915272 -0.102631 -1.89677 -0.6718 3.11065 
-0.120925 0.504702 -0.00472778 0.0948456 0.122726 0.411098 -1.73563 -0.906703 0.944822 -0.0622612 -0.676364 -0.374447 2.32052 2.68001 1.52448 -0.960563 -2.56702 -4.0042 0.126102 -1.75454 -4.93938 -2.98023 -0.103488 -0.840746 -0.96341 1.47585 1.38216 1.26029 -0.633874 -1.0554 -2.30173 1.12968 -1.58309 -3.99735 -1.23 0.613623 -2.13877 -2.65864 -0.0983321 
0.849972 0.286865 -0.63126 -0.125719 -0.458386 0.798456 -1.78059 -1.55383 0.977045 0.472898 -1.04698 0.21811 2.72515 2.06332 -0.850462 -1.38455 -0.226206 -0.847451 1.783 0.103547 -0.977407 0.231476 0.575367 -1.0155 -0.713428 -1.39994 1.78796 0.575473 -0.484452 -1.61843 -2.31898 1.02119 -1.1015 -3.66451 -1.87931 0.261212 -0.442794 -2.23571 -0.125484 
0.937837 0.0437568 -0.613341 0.00877153 -0.25667 1.22824 -1.68158 -1.48229 1.12089 0.361923 -1.32663 -1.02528 1.27028 0.212352 -0.632165 0.205467 0.128805 0.476046 1.25713 0.278411 -0.256062 0.628285 0.412443 0.276938 -1.77472 -1.625 1.23035 -0.826857 -0.800408 -0.54677 -0.730904 1.77075 0.587705 -0.863209 0.402133 0.611533 -0.0388429 -1.54066 -1.38514 
0.949756 -0.0569741 -0.533464 -0.081666 -0.24576 1.37316 -1.64305 -1.70269 1.46529 0.779603 -0.860924 -1.40235 1.50736 -0.0731126 -0.432667 0.134315 -0.597665 -0.264134 0.618187 0.681228 -0.247321 0.262362 0.171872 0.960254 -1.1719 -0.343635 0.0882324 -0.388963 0.329989 -0.201801 -0.242973 0.866215 1.24028 0.477826 0.901869 0.43467 0.82103 -1.79504 -2.83664 
0.889723 -0.193062 -0.547157 -0.213459 -0.375138 1.50838 -1.35174 -1.62598 1.32125 0.49516 -0.698417 -2.09498 1.00638 -0.0699701 0.0283431 0.315756 -0.433017 -0.84515 -0.0843647 1.37981 0.932185 0.488903 0.113524 0.750364 -0.422729 -1.95583 0.059559 0.089069 0.514381 -0.41427 -0.603538 0.0884889 0.862433 0.18631 0.623668 0.170153 1.17142 -0.464437 -1.57924 
0.90327 -0.0464831 -0.386669 -0.243545 -0.624127 1.32942 -0.979717 -1.14861 1.84387 0.870767 -0.368524 -1.78758 0.0432959 0.169104 0.570421 0.675873 -0.0266084 -0.65364 -0.501633 0.471257 0.510235 0.50781 0.0231594 0.508182 0.607068 -1.64563 -0.0617703 0.297699 0.515443 -0.479852 -0.868463 0.0254504 1.47187 0.624416 0.254757 -0.653414 0.341752 -0.188442 -1.50328 
0.9671 0.108228 -0.24037 -0.226371 -0.667839 1.27227 -1.12214 -1.32151 1.71471 0.521165 -0.36273 -1.53935 -0.226761 -0.0303356 0.43306 0.496094 -0.29005 -0.475758 0.115307 0.588384 -0.0482776 -0.178896 -0.948851 -0.326457 0.196532 0.0627165 0.00267389 0.575967 0.999878 -0.11837 -0.703334 -0.479382 0.56992 0.766428 0.409671 -0.350471 0.479798 0.0748221 -1.20406 
0.877318 0.181119 -0.159754 -0.353021 -0.837258 1.37773 -0.694203 -1.17455 1.69709 0.195885 -0.572921 -1.60704 0.0819021 -0.165146 0.322662 0.895142 -0.151923 -0.415992 -0.153026 0.289715 0.574968 -0.00456989 -0.479476 0.0895212 -0.510248 0.131262 0.0114435 0.604761 0.619613 -0.593042 -0.582745 -0.684531 -0.447323 -0.556762 -1.06623 -1.26796 -0.0887163 0.5067 -0.417444 
0.871303 0.276606 0.163834 -0.285217 -0.854237 1.19688 -0.979211 -0.97875 1.70508 0.184734 -0.297954 -2.00455 -0.137127 0.0484816 0.50469 0.479004 -0.603526 -0.410376 -1.04857 -1.18894 -0.742078 -1.15884 -0.655333 0.20842 0.430188 -0.581417 -0.0937985 0.471764 0.465776 -0.520917 -0.167441 -0.263518 -0.0483368 -0.65754 -0.572746 0.21651 0.5093 0.537733 0.0117945 
0.892201 0.447147 0.0595685 -0.577399 -1.02114 0.889472 -1.25718 -1.61092 0.779371 -0.267351 -0.431206 -1.21301 -0.359006 0.0130226 0.40877 -0.161125 -0.633003 0.161824 -0.208472 -0.356248 -1.50817 -0.717618 0.732505 0.545323 1.17504 -0.10665 -0.138511 0.363304 0.350577 -0.234728 0.0775122 -0.143235 -0.0263848 -0.23601 -0.993352 0.527834 1.511 1.21935 -0.626482 
0.867815 0.491177 0.0987611 -0.5204 -0.782167 1.09592 -1.14466 -1.86832 1.13447 0.722226 0.0617669 -0.929995 -0.224602 -0.272945 0.0584868 0.0744834 0.249714 0.528951 0.85043 1.15179 0.406374 -0.0879905 1.29786 1.68753 1.07093 -0.201876 -0.208071 0.532013 0.147016 -0.626738 -0.124574 -0.0965138 -0.210152 -1.27693 -1.73266 0.735637 0.741637 1.41062 -0.416117 
0.740553 0.473808 0.0991713 -0.489028 -0.784851 1.27668 -0.702695 -1.36789 0.704106 0.677799 0.667622 -0.233587 -0.517371 -0.350026 0.416126 0.395609 -0.311332 -0.350762 0.0737776 0.0731339 -0.302983 -1.4514 0.17 0.382026 0.560759 -0.41037 -0.364139 0.522988 0.774105 0.78336 0.702101 0.366022 -0.0334308 -0.0486539 -0.616398 0.933029 0.480991 0.905759 0.506925 
0.676232 0.709695 0.281033 -0.637677 -0.939386 1.12508 -1.10513 -2.04494 -0.0134085 0.854113 0.31582 -0.416677 -0.538178 -0.316559 0.752408 1.14272 0.930117 0.540056 -0.356964 -1.19837 -0.47651 -0.688647 -0.148398 -1.08832 0.0454259 0.853204 -0.481597 0.458081 0.291258 0.86373 0.381849 0.300826 0.226365 0.591585 -0.758689 -0.145188 0.449642 0.858994 1.10743 
0.56631 0.872724 0.613369 -0.151258 -0.543592 1.10727 -1.27017 -1.64716 0.156296 0.580099 -0.0297708 -0.191096 0.109701 -0.429513 0.294079 0.0649189 1.61223 0.932444 0.331146 0.228007 1.14035 0.497278 -0.369489 0.177712 0.498215 1.8218 -0.476009 0.656919 0.225447 0.261271 -0.136036 -0.628778 -1.19223 -0.677763 -1.23111 -0.225185 -1.02839 -0.0436766 0.484506 
0.443468 0.86274 0.316387 -0.0498816 -0.522605 1.2729 -0.991654 -1.36771 0.371767 0.596991 0.437664 0.039499 0.809947 -0.453938 0.266256 -0.785326 -0.536759 -0.746435 -0.500585 -0.399208 -0.485359 -0.854755 -0.151175 -0.212732 -0.0940001 -0.230253 -0.519613 0.686337 0.0787104 1.0456 0.12591 -0.00962731 0.0848773 0.640734 0.25573 0.0662342 -0.0059236 0.645461 1.16303 
0.320891 1.01084 0.270977 -0.351163 -0.877802 0.871642 -1.45613 -1.93167 -0.522194 0.480397 -0.160578 -0.275991 -0.0697891 -0.411531 0.77022 0.0625232 -0.0373579 -0.740223 -0.347842 -0.11624 -0.233317 -0.186058 0.434509 -0.191516 0.298761 -0.339997 -0.34291 0.373681 -0.48995 -0.133414 -0.205412 -0.38724 -0.355141 -0.258648 -0.659851 -0.137943 -0.231947 -0.274147 0.565636 
0.22002 1.27121 0.350676 -0.0667344 -0.854036 1.10769 -1.04252 -1.50311 0.219352 0.919607 0.320585 0.313446 0.54876 -0.10122 0.313018 0.0216127 0.335566 0.434487 -0.0289375 -0.077966 0.117566 0.0239158 -0.039249 -0.0856282 -0.237354 0.955895 -0.442078 0.371939 0.185574 -0.0471345 -0.0936133 -0.235122 -1.01888 -0.150982 -0.700617 0.162374 -0.842601 -1.04056 -0.144616 
0.258214 1.17405 0.28709 -0.231323 -0.683766 0.853452 -1.48873 -1.85949 -0.50942 0.461401 -0.209138 -0.491859 0.633729 -0.30407 -0.193648 0.232386 -0.0338644 0.598398 0.0249074 -1.24931 0.018135 -0.695631 -0.249209 -0.875636 -1.57048 0.166631 -0.331338 0.172242 0.32998 0.590649 0.887217 0.271323 1.16231 0.522275 0.569082 -0.744406 -0.181255 -0.576999 0.325583 
0.0522473 1.16262 0.460431 -0.0823067 -0.58668 1.11432 -1.63432 -1.48976 -0.333953 0.749215 -0.23918 -1.12042 0.664724 -0.435217 -0.0462376 0.499598 0.553966 0.91621 0.393794 1.63183 0.621562 0.678167 -0.909917 -0.148912 -0.46559 -0.534102 -0.20834 -0.715815 0.840449 -0.383954 2.02752 -0.359026 -0.507124 0.0547456 -1.42524 -0.913301 -0.465665 -1.44731 -1.49046 
0.0224947 1.14453 0.515562 -0.0314293 -0.274247 1.03015 -0.705079 -1.48917 0.0180641 -0.185407 -0.298649 -0.916252 0.228044 -0.0333692 -0.917221 1.08879 -0.544741 2.48749 -0.516113 0.568718 0.0582925 -1.08993 -0.91126 0.283033 -0.2003 -2.04351 0.324608 -1.56748 1.25354 0.389185 1.8253 -0.721426 -0.162721 1.59353 0.718954 -0.0814193 0.621892 -0.140994 -1.83336 
0.0247236 0.665857 0.950667 -0.285138 0.525697 0.871535 -1.35819 -1.45265 -1.19746 0.101439 -0.0491838 -1.30244 -0.864615 0.960028 -2.38583 1.46893 0.0320818 1.86196 -1.37717 -1.85146 1.63602 0.21086 0.790209 0.925506 0.29761 -1.77681 0.917991 -2.21509 1.02164 -0.38845 1.47834 -0.558001 0.582818 1.42217 0.786117 -0.261741 0.0221019 0.211674 -0.799413 
0.509646 -0.140062 1.17469 -0.0228294 0.558322 0.390403 -1.58433 -0.518717 0.177911 0.393693 0.307083 -0.643356 -1.10276 1.51821 -2.51949 0.516331 -0.0406372 -0.237275 -0.245316 0.209517 1.95639 2.06273 0.565952 -0.261554 0.465032 1.04133 0.884022 -2.99777 0.763197 -0.669768 1.35402 -0.047572 -0.771924 2.2631 0.677431 0.393511 0.145465 0.437774 -0.689098 
0.801066 -0.69044 1.18657 -0.303193 0.419242 0.753591 -1.25355 -0.292674 0.419286 0.518834 -0.211583 -0.876577 -0.097498 0.469852 -2.26505 -0.268825 -1.04124 0.199059 1.30894 0.81644 1.57064 0.626373 -0.315735 -0.748718 0.24454 0.914264 0.745346 -2.33326 1.15855 -0.158243 -0.268824 -0.726741 -1.51081 1.1044 0.716374 0.0954547 0.410635 0.99557 0.525105 
0.74284 -1.35987 1.06177 -0.407648 0.647047 0.988995 -1.18995 0.413056 0.664647 0.175331 -0.170554 -0.418948 -0.430231 -0.312689 -1.10054 1.30334 -0.197958 -0.171166 -0.745275 -2.23349 -0.39213 -1.17692 -0.464374 0.772182 0.761516 -0.366988 0.164345 -1.44815 1.20434 -0.604126 -0.37585 0.0634695 -1.22004 0.190501 -0.383843 1.00532 -0.428987 0.423043 1.47651 
0.628828 -1.28554 1.77213 -0.378913 0.34236 0.405159 -2.31519 -0.522026 -0.512659 0.193293 0.294935 -0.179839 -0.378778 -0.204329 0.0181084 2.16026 0.130965 -0.770361 -1.22636 -2.45124 -1.30178 -1.11293 1.55564 0.202291 0.279535 0.964331 -0.0984201 -1.00492 1.2394 -0.677249 0.0802738 0.0721982 -1.41698 0.610901 -1.04857 0.878787 0.104205 0.369959 0.308021 
0.626743 -1.35486 2.02804 -0.362803 0.302135 0.418773 -2.35554 -0.354423 -0.216953 1.30636 -0.0328049 -0.162566 0.279568 0.153088 -0.458827 0.643028 -0.822466 0.293944 0.839704 0.335096 1.25688 -0.138783 1.54597 -0.647338 -0.302572 0.766552 -0.200846 -0.330094 1.19656 -0.303712 -0.320653 -0.0762139 -0.536325 -0.350864 -1.30491 0.834914 -0.241418 0.215067 0.176314 
0.697907 -1.53639 2.06433 -0.683542 0.473529 0.787426 -2.15059 0.224137 -0.627883 1.31735 -0.117101 -0.455293 0.183786 -0.120986 -0.530605 -0.281017 -0.588694 0.283051 1.11924 1.73156 0.803278 -0.522532 -0.528928 -0.512575 -0.0106398 -0.731477 -0.221824 -0.44224 0.309086 -0.153955 0.141051 0.988553 0.526028 0.77114 0.037981 1.18845 -0.624965 -0.130039 0.622999 
0.553825 -1.64422 1.9097 -0.581745 0.428432 0.92991 -1.52428 0.123399 -0.634078 0.93427 -0.357637 -0.171299 -0.27305 -0.512342 -0.227644 -0.154562 0.59033 -0.0786827 0.499205 0.367128 -0.165 0.178392 -0.0769599 -0.145817 0.148033 0.0316991 -0.305653 -0.816824 -0.283987 -0.500818 -0.0891408 0.783995 0.378657 -0.0616523 -0.644043 0.0171415 0.391873 0.347818 -0.800426 
0.422229 -1.66322 2.00217 -0.47032 0.438016 1.01272 -1.9707 0.12915 -0.493579 1.27116 -0.204609 -0.319056 0.199302 -0.373894 -0.73696 -0.159928 -0.165955 -0.418071 -0.0581353 -1.22658 -0.891839 -0.288589 0.532528 0.999584 0.442417 -0.271986 -0.356556 -0.645257 -0.128026 0.48534 -0.267842 1.01068 0.505539 0.704569 -0.302085 -0.582997 -0.353565 -0.861183 -0.0230296 
0.349877 -2.04428 1.84516 -0.645735 0.241105 0.89826 -2.10522 -0.401567 -0.867156 1.32756 0.29603 0.233897 -0.483608 -0.0648936 -0.773769 -0.0419749 0.140564 -0.328265 0.869758 0.307672 1.16252 -0.562968 -0.670269 -0.305655 -1.19966 -0.0511656 -0.158457 -0.426052 -0.0535492 0.708547 -0.415113 0.613456 0.0345639 1.18098 0.0858313 -1.16812 -0.299023 -0.302995 0.876923 
0.378373 -2.08303 1.99003 -0.421956 0.29086 1.40884 -1.8192 0.819491 -0.942516 0.797159 -0.395545 -1.41413 0.153131 0.117159 0.0756015 0.0801043 1.23309 -0.212977 0.887634 1.27101 2.56465 0.387884 -2.0118 -1.38239 -0.809167 1.39164 -0.230279 0.0740331 -0.318122 0.91652 -0.112704 -0.0521208 0.417687 0.538742 0.390561 -2.26945 1.08147 1.19867 0.195421 
0.400342 -2.00844 1.88726 -0.196913 0.145519 1.30262 -1.49382 1.11824 -0.568043 -0.113781 -0.591649 -0.504401 0.544296 -0.30804 0.888197 -0.452464 1.23986 0.15739 -0.944163 0.249543 -0.400051 1.04237 -2.18687 1.66084 2.67541 0.308205 -0.277724 0.732667 -0.83584 1.85239 0.565709 0.135997 0.832398 1.10533 1.19416 -1.48625 1.28561 0.662755 1.01722 
0.208543 -1.61127 1.79552 0.0293473 0.360947 0.968718 -1.69545 0.585454 -0.128507 -0.770422 0.686011 1.03122 0.374487 -0.566853 1.06057 -1.38587 1.55713 1.07444 -0.706561 -0.158725 -0.999065 1.0939 0.134519 2.99458 1.62736 -0.0944003 0.192854 1.79942 -1.84897 1.72125 0.437037 -1.45701 0.751255 -1.10976 0.690054 -1.80141 -1.20151 1.58096 1.22875 
0.0964216 -1.4442 1.27806 0.370685 0.625816 0.972039 -1.56498 0.529839 0.286504 -0.00747813 1.35295 0.983406 0.465939 0.619687 1.90283 -2.44098 1.3528 0.508271 -1.03819 0.754135 -1.17416 -0.189392 -0.0847 -3.17984 -0.730606 1.25678 0.443989 1.80928 -2.66862 1.40554 0.404041 -1.68714 -0.446093 -1.06989 0.589543 0.668831 -0.500336 0.667181 0.590456 
0.519366 -0.595202 0.717562 0.522049 0.587987 0.485245 -1.33081 -0.106525 -0.283545 -0.822192 -1.36478 0.364694 1.30199 1.28481 1.74576 -2.79206 0.559954 -0.458987 -1.58832 -0.440183 -0.518617 -0.366292 0.684405 -3.63083 -0.803735 0.851459 0.83556 1.44733 -3.09365 1.18592 0.00677022 -1.21349 -0.267233 -0.505686 0.188517 1.98461 -2.25169 -0.539653 0.545492 
0.751842 -0.512404 0.0441173 0.572774 0.420187 0.234949 -1.7705 0.225662 -0.00770495 0.49533 -0.989662 0.25007 1.09171 0.731787 0.341999 -2.40302 0.433445 -0.497343 -0.613443 -1.11365 0.4562 0.416774 2.54978 0.338703 0.0734847 -0.556634 1.2307 1.45865 -2.5765 0.269973 -0.968085 -2.22954 -0.578769 -0.328246 0.25349 0.733909 -2.93684 -0.149771 -0.299362 
0.888267 -0.416451 -0.343538 0.677766 0.365201 0.197589 -1.85783 0.165975 0.0382965 1.02568 -1.13876 0.43282 0.879534 0.705957 0.516628 -1.24151 -0.153486 -1.01351 -1.44319 -0.336305 0.0521722 0.674719 0.215939 -0.072893 0.624987 -1.2207 0.952715 0.724677 -1.9166 0.352629 -1.04024 -1.769 -0.104499 0.615637 1.48862 1.07271 0.580853 0.0447841 -1.65421 
1.10736 -0.239972 -0.500949 0.513355 -0.0334916 -0.435233 -1.92643 0.259149 0.517066 0.660342 -1.02998 0.82207 0.174903 0.809231 0.781778 -0.596408 0.0975354 -1.08495 -1.79261 0.971946 0.415263 1.43231 -1.22557 0.386225 -0.0135205 -1.52751 0.811387 0.46972 -1.2797 0.426802 -1.27591 -1.64012 0.300244 0.115937 1.0569 -0.520086 0.109663 0.41931 -1.91442 
1.29729 -0.0017785 -0.601998 0.710358 -0.120434 -0.633682 -1.38921 0.414257 1.15908 0.151267 -0.881988 0.421455 -0.26568 0.606408 0.211632 -0.759826 0.7962 -0.927402 -0.787844 0.73633 0.110991 0.635845 -0.884459 0.204608 -0.105491 -1.19281 0.746022 0.260243 -0.711015 0.504727 -1.44668 -1.56232 0.272528 -0.152155 0.310691 -0.927504 1.14046 -0.216473 -2.39177 
1.4113 -0.131155 -0.832011 0.802038 -0.448651 -0.80329 -1.57028 0.327431 1.01125 0.0318904 -0.890733 0.726677 -0.721149 0.397381 -0.378481 -0.513738 0.662565 -1.11582 -0.33276 -0.609019 -0.632108 -1.05253 0.0473299 1.04323 -0.247069 -1.4902 0.535877 -0.069472 -0.383392 0.999469 -1.05791 -1.06246 1.39583 -0.118298 -0.331763 -0.440396 1.56919 -1.14534 -1.33201 
1.49294 -0.209529 -0.823729 0.950058 -0.619874 -0.791939 -1.67533 0.0429416 0.324991 0.1947 -0.200079 0.196711 -1.38312 0.260214 -0.319825 0.163101 0.709177 -0.681789 -0.658675 1.13008 -0.279844 -1.05744 0.315638 1.76461 -1.29479 -0.48351 0.24026 -0.50071 -0.398324 0.515614 -1.44719 -0.81733 0.774646 -0.244537 -1.43723 0.771036 1.82965 -1.24609 -0.46023 
1.53588 -0.307439 -0.753038 1.05882 -0.753943 -1.1118 -1.02617 0.164506 0.173309 0.268793 0.257971 -0.455304 -1.08917 -0.00903619 -0.398695 -0.106385 0.113936 -1.08573 -0.780858 1.644 0.284317 -0.747972 0.899462 1.25389 -1.27682 0.917347 0.0339887 -0.334199 -0.0994975 0.759472 -0.949699 0.0147614 1.75053 0.57361 -1.02913 1.26206 2.37684 -0.560031 0.35066 
1.47802 -0.428122 -0.864482 0.988661 -1.10586 -1.15678 -0.885869 0.21376 -0.269492 0.85258 0.618145 -0.968858 -0.708298 -0.205592 -0.199041 -0.314931 0.434669 -0.762734 0.675102 1.21108 1.09174 -0.234019 1.24547 1.2214 0.612665 0.937044 -0.209301 -0.525419 -0.107944 0.391746 -0.835187 0.117025 2.2509 0.335149 -0.440789 1.01315 1.46398 -0.455043 1.36915 
1.41913 -0.418929 -0.886443 1.21499 -1.09544 -0.805416 -0.443382 0.812973 -0.016838 1.17617 1.05517 0.105437 -0.399687 -0.329957 -0.416812 -0.0586808 0.47597 -0.184536 0.936166 1.36687 0.189569 0.190383 0.350239 0.582872 0.723517 0.825351 -0.189171 -0.0961099 0.234284 0.504413 -0.90405 0.33918 0.727881 -0.138262 -0.662344 0.591675 1.10415 -0.184362 0.720638 
1.29684 -0.656435 -0.884041 1.15997 -1.18872 -0.730038 -0.22871 0.328527 -0.125755 1.11443 1.00216 -0.306837 -0.101961 -0.100834 0.0495251 0.686175 0.324958 -0.612326 -0.218091 -0.238685 -1.28889 -0.599929 -0.523077 0.162334 -0.833855 -0.0152061 -0.109246 0.0843758 0.767696 0.579263 -0.290975 0.713366 0.298631 0.310677 -0.65908 -0.557691 0.223423 0.641618 0.507285 
1.35665 -0.397075 -0.575079 1.33094 -1.36966 -0.910808 -0.552707 0.0531219 -0.494853 0.808299 1.16707 -0.655417 -0.419089 0.15284 0.547284 1.26584 0.39641 -0.257612 0.0290184 -0.969002 0.249628 -1.02026 -1.06581 -0.307937 0.0687432 -0.173567 -0.0942754 0.0443599 0.992073 0.423618 -0.222073 0.23709 -0.365122 -0.640583 -1.0122 -0.130176 -0.285092 -0.0530198 0.186974 
1.36579 -0.367557 -0.315145 1.30211 -1.30427 -0.72151 -0.686686 0.478824 -0.934451 0.355216 0.80975 -0.243043 -0.239252 -0.0520609 0.0188707 0.872609 0.312959 0.275026 0.536456 -0.251848 0.379722 -0.670412 0.34237 -0.527602 0.773817 0.261553 0.0269024 0.367842 1.27742 0.913752 -0.305536 -0.155124 -0.638322 -0.163761 -1.60177 -0.791523 -0.530756 -0.000846355 0.680955 
1.31945 -0.391665 -0.180886 1.4425 -1.24696 -0.668343 -0.668317 0.280379 -1.02832 1.06448 0.83251 0.0525594 -0.232462 -0.109683 0.0229318 0.740117 0.979843 -0.206694 -0.24331 0.112805 -0.482924 -0.985487 0.0576929 -0.366612 -0.064766 1.04518 -0.203063 -0.008861 0.640753 0.299732 0.0443543 0.538058 -0.262462 -0.00610212 -0.922009 -0.430635 -0.719479 0.0737322 1.0957 
1.29873 -0.359969 0.0201848 1.6581 -1.39705 -0.838528 -0.628212 0.195762 -1.71579 0.406122 0.579368 -0.301228 0.530729 -0.276841 -0.0330369 0.135616 0.138337 -0.206907 0.190648 -0.101281 -0.389543 -0.487432 -0.898979 -0.384544 -0.678334 1.13503 -0.338883 0.101421 0.337338 0.0242291 -0.288297 0.197472 0.0676488 -0.0780615 0.153908 0.738877 0.384906 0.753262 0.773768 
1.16578 -0.414101 -0.114123 1.49004 -1.33983 -0.585301 -0.712046 0.0525583 -1.41783 0.425555 0.590525 -0.566205 0.604409 -0.438959 0.133984 -0.207376 -0.943563 -0.231379 0.507871 -0.0240975 0.371103 1.1697 0.848865 0.84485 0.994009 -0.0560877 -0.353783 0.147349 -0.106033 -0.23004 -0.290187 -0.0182899 -0.496988 -1.15439 -1.05307 -0.780758 0.276866 -0.178425 1.15412 
1.06107 -0.292807 -0.0654364 1.30909 -1.50086 -0.609241 -0.635094 0.41792 -0.801611 1.02752 1.13291 0.607925 0.480894 -0.295909 0.261201 -0.297687 -0.485087 -0.234043 -0.219108 -0.565747 -1.24791 -0.833897 -0.0956658 0.726762 0.464428 0.335496 -0.434187 0.312982 -0.241242 -0.373036 0.225321 0.243696 0.166119 -0.0374343 0.378285 0.591575 0.891532 0.441279 0.483665 
1.00224 -0.278694 -0.239868 1.30908 -1.44484 -0.691163 -0.97751 -0.683053 -2.07991 0.365879 1.06765 -0.140898 0.846082 -0.263875 0.351128 -0.166583 0.381405 0.574874 -0.180534 0.244603 -0.425337 -0.705608 -0.126595 0.271211 -0.447559 0.677975 -0.426031 0.779902 0.0123603 -0.189019 -0.453532 -0.446091 0.288244 -0.264939 -0.1817 -0.851044 0.268974 -0.194818 -0.114055 
0.914119 -0.109158 -0.132934 1.44573 -1.24403 -0.697319 -0.5137 0.168925 -1.36276 0.945539 1.31525 0.200005 0.977519 -0.39373 0.948248 0.321152 0.20013 -0.455468 -0.390339 0.949711 0.871204 0.599485 -0.986915 -0.39448 -0.698448 -0.47018 -0.370031 0.917949 -0.143541 0.471758 0.056123 -0.469739 0.527106 -0.610613 -0.302625 -1.46483 -0.367209 -1.16872 -0.0887142 
0.788011 0.225281 -0.0906758 1.37927 -1.64889 -0.875964 -0.5195 -0.165048 -1.61433 -0.33645 0.819238 -0.77804 0.487982 -0.335163 1.07247 -0.054267 0.32903 -0.488847 -0.461029 0.459064 -0.441349 0.320359 -1.72389 -0.739861 -0.981413 -0.780583 -0.524052 0.920839 -0.279493 0.503347 0.366133 -0.177394 0.264291 0.370877 0.09332 -1.20115 -0.663842 -0.983417 -0.824958 
0.730237 0.461458 -0.150532 1.56317 -1.46302 -0.91471 -0.289923 -0.0895427 -1.11677 -0.288197 0.843349 -0.695664 0.388345 -0.454495 0.479838 -0.755055 0.557892 1.01323 0.145803 -0.597808 -0.346675 -0.490848 -0.533683 -0.447621 -0.503157 -0.564335 -0.570038 1.13019 0.131165 0.403692 0.541883 -0.645903 -0.209948 0.39364 1.17208 -2.191 -0.411205 -0.613604 -0.469801 
0.542304 0.477977 -0.419619 1.58061 -1.19597 -0.813596 -0.800269 -0.367509 -2.00652 -0.711967 0.536437 -1.23676 0.0597901 -0.587463 0.680372 0.263911 0.278871 1.31405 -0.419778 -0.741905 0.998143 1.13388 -1.03511 0.215821 0.233556 0.195611 -0.778376 0.88241 -0.28295 -0.144528 1.42085 -0.351529 -1.1712 0.197525 0.32548 -0.292465 -0.165102 -0.0321192 0.0975847 
0.41564 0.821731 -0.0267709 1.66223 -0.875536 -1.11308 -0.639484 0.503557 -0.230772 -1.02528 0.989853 -0.481291 0.525882 -0.805198 0.888632 0.315734 -0.775827 1.14949 -0.626827 -0.971619 0.625486 0.889073 0.149937 0.233417 0.468763 0.697537 -1.10428 0.532749 0.0293875 -0.383591 1.16775 0.177573 0.404446 0.40212 -0.619926 -0.471583 0.828113 -0.104418 0.393189 
0.114899 0.94997 -0.272833 1.29307 -0.682103 -1.10742 -1.25949 0.00513589 -1.31312 -0.594547 0.694327 -0.807488 0.570978 -1.19951 0.145665 -0.213764 -0.85693 0.463532 0.657315 1.2814 -0.42933 -1.91492 0.42727 0.820398 -0.356658 0.311756 -0.924791 0.0728146 0.870566 -0.880129 0.992758 -0.588011 0.906494 0.35946 1.66651 1.1258 1.01339 0.0640033 -0.199959 
-0.216059 0.89516 -0.11523 1.34497 -0.668508 -0.8149 -0.0231277 0.252199 -1.74331 -0.707881 1.52757 -0.80616 0.749882 -0.691378 -0.776094 1.05263 -0.550214 0.361809 -0.175359 2.18308 -0.11714 1.1819 1.2407 1.03607 -0.385218 -0.940954 -0.752579 -0.721464 0.609362 -0.923368 0.766548 -0.346575 0.582774 -1.09765 0.150578 1.13631 0.0515695 0.881935 0.122655 
-0.253537 0.528921 0.201341 1.08823 -0.520577 -1.19311 -0.212681 -0.0615382 -0.389342 0.309387 1.3716 -1.15845 -0.137582 -0.0184447 -1.2653 1.1728 -0.534247 0.703544 -1.13161 -0.503223 -1.12771 2.09498 0.976508 -0.76182 1.44378 -0.14682 -0.456036 -1.47017 1.05613 -0.331302 1.29934 -0.243241 2.05177 -0.385153 0.953004 0.800123 0.601268 1.5863 -0.460322 
-0.23585 0.211676 0.41233 1.14599 -0.354118 -1.34144 -0.258742 -0.4123 -0.101198 0.00555454 1.04146 0.51392 0.632502 -0.0468048 -1.50502 0.606535 0.0509227 1.616 -0.158603 0.561273 -0.429967 -0.000923107 -0.257516 -0.285436 2.33658 0.367981 -0.310236 -1.41519 0.555447 -0.481947 1.57901 -0.155123 -0.00031731 -1.3681 1.59654 0.567705 -0.544067 0.875099 -1.01521 
-0.288022 -0.283162 0.477322 1.10374 0.201971 -1.27108 0.0598905 -0.313273 -0.396109 0.133005 1.19375 0.977323 0.128274 -0.48385 -0.930524 -0.298255 -0.191975 1.69984 0.917322 0.500961 -0.812686 -0.111289 -0.284102 0.0705115 -0.365046 -1.12851 -0.37284 -0.914991 -0.0499191 -0.25957 1.53604 0.093156 0.00682482 -1.19511 0.737934 -0.642663 -1.71295 -0.401887 -0.60402 
-0.496766 -0.292219 0.286333 1.07246 0.405933 -0.92339 -0.0149638 -0.890441 -0.194792 -0.189998 1.09393 0.181388 -0.215683 -0.556777 0.0851674 -0.680669 -0.442157 0.721997 0.281495 -0.553975 -1.26522 0.913626 -0.56436 -1.87745 -2.82466 -1.12284 -0.182096 -0.524151 -0.170871 -0.178437 0.898148 0.0573628 0.218498 -0.549649 0.0925257 1.02114 -0.350492 -0.393118 -1.11046 
-0.586721 -0.242188 0.181427 0.938511 0.524615 -1.14616 -0.199953 -1.05912 0.316614 -0.264632 -0.0142782 -1.60241 -0.715689 0.188871 0.116984 0.0345751 -0.07704 -0.332513 -0.84304 -0.21035 0.0324126 0.218935 1.54379 -0.518115 -0.112282 -0.267379 -0.170915 -0.225652 -0.487436 -0.029026 0.0457348 -0.100083 -1.01041 -0.72115 0.666178 0.707847 -1.19433 -1.42539 -0.955469 
-0.409148 -0.234176 0.308205 1.04106 0.256877 -1.31689 -0.110762 -0.868644 -0.0285928 0.93249 0.765514 0.0797903 -0.422811 0.279887 -0.435643 -0.0791037 0.398213 -0.651777 -0.421036 -0.800236 0.241852 -0.0904293 1.4321 0.367481 1.08077 -0.0768696 0.188336 0.043736 -0.393436 0.13088 0.192992 -0.268353 -0.555181 -0.0536445 0.733136 0.260791 -0.860139 1.5778 1.6031 
-0.451948 -0.480603 0.152795 1.08131 0.232747 -1.34511 -0.577361 -0.913425 0.239431 0.777314 0.230363 -0.613991 -0.780995 0.115468 -0.0495563 -0.647039 0.273977 0.626813 0.474975 -0.534568 -0.109623 0.687783 -1.23537 -0.571116 2.05321 2.30621 0.102265 -0.0916849 -0.351726 0.0156714 -0.0914132 0.128578 -0.195059 -0.256585 0.491842 1.46907 0.141237 2.1512 1.29918 
-0.35956 -0.265474 0.0272513 1.13833 0.536944 -1.10277 -0.361341 -0.930871 0.506456 0.0510108 0.4028 1.95667 1.28592 -0.114801 0.292991 -0.467996 -0.374825 0.5133 0.592034 0.537323 -0.606721 0.696167 0.387996 -0.196015 1.5637 1.73101 -0.238439 -0.0395802 -0.585376 -0.162247 0.0107023 0.373496 -0.82165 -0.380451 0.84789 1.07792 0.0697593 0.986511 1.49808 
-0.521661 -0.328141 -0.0486143 0.940765 0.462038 -1.07702 -0.316223 -1.26972 0.781076 1.06639 0.110373 0.815648 0.499543 -0.501604 -0.0122648 -0.266217 -0.518605 -0.609902 0.0286406 -0.567004 -0.430819 0.362075 2.56609 0.652594 -0.837775 -0.400313 -0.360285 0.772495 -0.266883 -0.339848 0.0105573 0.447906 0.571082 0.0570805 0.369535 1.06571 0.452366 0.879612 1.0984 
-0.629674 -0.276767 -0.0845115 0.945075 0.263808 -1.09442 -0.627405 -1.18311 0.785265 1.91065 0.831935 1.19223 0.979836 -0.468468 0.904966 0.053854 -0.137339 -0.49661 0.0126353 0.225203 0.686458 -0.24299 0.927457 0.759183 -0.479424 -0.331016 0.675087 1.83822 -1.15476 -3.19755 -2.18439 2.63707 0.925546 -0.825294 -1.12291 1.51693 -0.0771805 -1.88167 -1.92201 
-0.774608 0.152615 -0.0181767 0.887264 0.239579 -1.07605 -0.204091 -0.861008 0.583871 1.74446 0.608479 0.378616 0.245041 1.59345 2.86348 -1.53933 -4.29838 -2.71344 3.54908 1.80396 -0.740167 -1.77052 -0.686116 -0.756108 -1.46596 -2.0228 1.66565 1.24839 -1.10424 -3.65526 -2.54779 3.70898 0.756623 -0.380803 -0.0267743 0.261624 -0.895449 -0.985316 -1.56287 
0.185652 1.25464 -0.761893 -0.633633 -0.950275 0.536915 0.238421 -1.61835 -0.613671 1.42521 0.349515 -0.146138 -0.534087 3.16294 1.03125 -1.78023 -5.36915 -3.37971 5.02082 0.78566 -1.2274 0.201826 -0.617987 -1.89287 -0.724511 -1.63752 1.9123 1.1546 -1.04714 -3.83321 -2.32365 4.62848 0.803459 0.00708324 -0.735502 0.00507549 -3.16439 -0.125764 -2.36495 
0.853863 0.701115 -0.802581 -1.08393 -1.27254 1.23378 0.175602 -1.58448 0.73661 1.30815 -0.609523 -0.282338 -0.982065 1.50008 -1.07276 -0.0975582 -1.47617 -0.821809 2.73313 -0.730412 0.749036 0.845316 0.674621 -3.2341 1.31667 -0.960973 2.22594 0.122857 -0.831439 -4.21863 -2.19135 4.74647 0.369648 -0.444872 -0.301587 -0.773987 -2.25263 0.35652 -2.22002 
0.9526 0.674442 -0.798724 -1.17787 -1.3182 1.79208 -0.105652 -1.17262 0.0453121 1.92097 -1.73638 1.05781 -1.25755 0.438026 -0.841077 0.481362 -0.985998 0.0457744 1.42163 -0.292743 0.595643 -0.58578 -0.368187 -0.949462 1.16697 -1.16281 1.16008 -0.987253 0.0657252 -1.71376 -0.783861 1.78758 -0.426107 0.456708 0.813141 -0.213112 -2.38407 1.64735 -2.09781 
1.07057 0.245205 -0.582211 -1.4485 -1.25238 1.88432 0.0404695 -1.22949 0.269726 1.05197 -1.21706 0.784834 -1.85578 0.376437 -0.459195 0.204651 -1.10565 -0.37036 -0.309088 0.158253 -0.102845 0.161196 -0.959089 0.226288 0.709591 -1.68467 0.415881 -0.240394 0.526314 -0.85063 -0.191822 0.852896 -0.351699 0.480245 -0.890837 -1.14174 -1.28866 1.41722 -1.66224 
1.1374 0.423393 -0.701291 -1.5863 -1.48419 1.64474 -0.0254811 -1.23083 0.166087 1.2387 -1.5831 1.7071 -2.51976 0.234454 0.467732 0.347524 -0.295607 -0.337043 -0.266955 -0.179824 0.0839095 -0.533181 -1.07807 -0.679265 0.576931 -0.931512 0.196565 -0.366713 0.548175 -1.13357 -0.228909 -0.062692 -0.120548 -0.63697 -0.352441 -1.92354 0.564415 -0.0605003 -1.72154 
1.1818 0.491406 -0.421302 -1.56001 -1.40346 1.7564 -0.0407562 -1.17723 -0.155776 0.283905 -1.64975 1.31293 -2.55731 -0.0587855 -0.11011 0.658494 -0.602177 0.0226578 0.220326 -0.321438 -0.8012 -0.608584 -1.46528 0.477945 -0.778808 -0.484702 -0.0508665 0.425375 0.795214 -0.272932 -0.0279516 0.0382836 -0.200414 -0.388774 -0.311952 -1.26429 -0.32503 0.634586 -1.30916 
1.0967 0.35961 -0.402225 -1.81019 -1.47437 1.74146 -0.174312 -1.70218 -0.318736 0.191438 -1.26698 0.996543 -2.88867 -0.317119 0.191736 0.902759 -0.115756 0.295135 0.315326 -0.0902555 -0.63615 0.136298 -0.521516 0.263718 0.206701 -0.715887 -0.262198 0.205498 1.10142 -0.45092 -0.16723 -0.212071 0.278456 -0.595589 -0.0763819 -2.21749 0.193626 -0.705174 -0.718988 
1.00727 0.589549 -0.013714 -1.6056 -1.27176 1.89693 -0.079222 -1.55094 -0.0545897 -0.082839 -1.47226 1.50276 -3.09832 -0.36579 0.428481 1.07165 -0.0773058 -0.276505 -0.511956 0.692299 -0.0441907 0.505541 -1.32685 -0.240523 -0.0814029 -0.415681 -0.502501 0.251991 0.780459 -0.25764 -0.334414 0.314956 1.07775 0.044506 -0.045462 -1.29003 0.555719 -0.365535 -0.254152 
0.896955 0.584756 0.0803971 -1.84168 -1.59837 1.50059 0.16081 -1.7257 0.0729403 -0.756007 -1.41577 0.923158 -3.2062 -0.496239 0.19876 0.324402 -0.272572 -0.803384 0.108788 1.53093 0.698063 -0.200772 -1.11028 0.429568 -0.650184 0.403874 -0.384238 0.208357 0.566808 -0.260632 -0.349583 -0.368499 1.41246 0.923172 0.868557 -0.777155 1.03168 -0.301705 -0.0947878 
0.739934 0.69146 0.136922 -1.70867 -1.63144 1.94223 0.656261 -1.13536 -0.218581 -0.87412 -1.18744 0.909719 -2.80575 -0.256231 -0.105675 -0.179303 -0.315528 -0.254827 0.00788529 1.19637 1.35157 0.570096 0.336711 1.53303 -0.283764 0.305386 -0.538673 0.356615 0.363148 -0.72484 -0.68145 0.218329 1.33147 0.565691 0.286251 -0.822352 0.19857 -0.147043 0.461877 
0.753967 0.523353 0.007248 -1.9605 -1.71268 1.49938 0.736574 -0.923521 0.515403 -0.50391 -0.41692 0.664888 -2.98694 -0.375641 0.35404 0.248785 -0.819543 -0.232948 0.184099 0.249337 0.102606 0.550064 0.0635924 -0.185922 0.474782 0.190435 -0.403282 0.215608 0.209704 0.10908 -0.210939 -0.682854 1.02561 1.12225 0.209815 -0.682787 1.74092 -0.153758 0.773683 
0.53508 0.876672 0.253964 -2.01223 -1.73596 2.02225 0.779915 -1.07204 0.208122 -0.81896 -1.3009 1.34449 -2.67206 -0.396602 0.439729 0.512027 0.479627 -0.0655314 -0.938875 0.174515 0.237992 -0.316148 -1.20879 0.652377 0.100123 0.683595 -0.473756 0.420901 0.390093 -0.303642 -0.200731 -0.753992 0.531419 0.19416 0.999588 -0.160399 0.786438 -0.0652806 0.751969 
0.538254 0.754532 0.241242 -1.78785 -1.74231 1.0617 0.824508 -0.780108 0.260643 -1.36622 0.012074 0.757352 -2.48613 -0.391212 0.298487 0.366629 0.36192 -0.0718765 -1.2117 0.460102 0.171435 0.689016 -0.282111 1.16967 -0.549864 0.771061 -0.714315 0.906436 0.827274 0.017396 -0.153167 -0.0622163 -0.272938 -0.67145 -0.157006 -0.415479 -0.15662 -0.388746 0.223027 
0.322159 1.03208 0.42336 -1.88273 -1.76843 1.45879 1.00419 -0.967996 0.744141 -1.01308 -0.537171 0.843097 -2.10614 -0.759449 0.966012 0.788499 -0.453641 -0.166915 0.850759 -0.541665 -1.19091 0.112538 0.671138 -0.855903 -0.572087 -0.391613 -0.384176 0.647841 0.417369 0.725807 0.0738219 -1.5222 -0.0282326 -0.37979 0.117171 -0.552807 1.4959 -1.02421 0.41778 
0.134551 1.26804 0.598066 -1.95729 -1.81729 1.44906 0.570541 -1.482 0.343138 -0.872981 -0.534921 0.235659 -2.78574 -0.23071 0.706094 0.291529 0.731213 0.184837 -0.859183 -0.499727 -0.710941 -0.550628 -0.427346 0.707269 -0.701788 -0.232568 -0.743 1.07855 0.867431 0.547226 0.127704 0.159989 -0.185456 -0.673083 -0.0342158 0.359531 -0.042942 -0.367591 0.210024 
0.192394 1.40615 0.559392 -1.61786 -1.68607 1.05785 0.770242 -1.38595 0.304912 -1.31192 -0.0726572 0.202903 -2.28735 -0.44301 0.706734 0.574956 1.27776 0.361867 -0.637103 0.291605 0.235677 -0.162985 -0.239177 0.795494 0.126079 0.667136 -0.652445 1.09408 0.536559 0.610596 0.21655 -0.467533 -0.548434 -0.2082 -0.814169 -0.0297568 0.533755 -0.577461 0.374481 
-0.105206 1.64245 0.860018 -1.4921 -1.65573 1.1505 0.714374 -1.33995 0.208875 -1.03614 -0.0133183 0.351838 -2.29718 -0.825241 0.990748 0.553413 0.188367 0.145311 0.220615 -0.23616 0.414655 -0.472701 0.372273 -0.0416355 -0.00172164 0.716255 -0.495821 0.664939 0.124988 0.772769 0.00716538 -0.773888 0.22373 0.525867 -0.240735 -0.48667 1.2344 0.350271 1.80173 
-0.245396 1.93293 0.811773 -1.55198 -1.62138 1.1547 0.662122 -1.13803 -0.0730099 -1.03418 -0.0927503 0.202318 -1.76223 -0.359541 0.32437 -0.374991 -0.113884 -0.350338 -0.417518 0.00600927 0.508542 -0.145065 -0.387537 0.752224 0.308707 1.6231 -0.749351 0.819961 0.423264 0.462281 -0.136038 0.593933 -0.100698 0.0746199 -0.255614 0.397696 0.531249 0.21048 0.206609 
-0.301718 1.81175 0.699929 -1.537 -1.81276 0.953165 0.721865 -1.03649 0.0887087 -1.30628 0.480285 0.634872 -1.09697 -0.387492 0.280843 0.113984 0.507792 -0.351692 0.58237 0.0995452 -0.310057 0.146092 0.107437 0.704114 0.26499 -0.445055 -0.565959 0.405789 -0.342629 -0.0154872 -0.188581 0.122923 -0.335096 -0.451697 -0.774435 -0.247497 0.176163 0.147509 1.11746 
-0.456389 2.07887 0.868925 -1.36901 -1.77902 1.41834 0.714266 -1.31882 0.0358819 -0.947404 0.369722 0.44541 -2.10163 -0.556486 0.304714 -0.157852 0.0903355 0.0640011 0.580837 -0.456354 -1.14997 -0.828701 0.0600499 -0.536787 -0.122703 -0.198989 -0.496357 -0.114267 -0.489941 0.24475 0.453004 0.188009 -0.225658 -0.677376 -1.43421 -0.597222 1.03829 -0.241189 0.830655 
-0.600266 1.9705 0.63631 -1.50705 -1.78445 1.21609 0.508625 -1.71416 -0.569285 -1.25367 0.139786 0.523754 -1.25319 -0.415926 -0.458526 -0.877683 -0.139321 1.04165 -0.33066 -0.403413 -0.651262 -1.94283 -0.872462 0.596707 -0.555906 1.50615 -0.671362 0.333654 -0.421389 0.266251 1.11812 0.578178 0.17775 -0.378289 -1.27941 0.351731 -0.0641959 -1.34422 0.0622138 
-0.682114 1.82818 0.485501 -1.42324 -1.31339 1.26105 0.5263 -1.70147 -1.49862 -1.56721 0.762692 -0.0614989 -0.988483 -0.53007 0.212466 -0.498418 0.310525 1.63805 0.200753 0.692426 0.612594 -0.774951 0.362153 0.44962 -1.52159 0.28742 -0.641388 -0.277481 -0.732404 0.0777913 1.26598 -0.777749 0.243927 0.167313 -1.6511 -0.046868 0.477842 -0.899151 1.68821 
-0.885129 2.07976 0.421386 -1.39638 -1.05204 1.30379 0.843808 -1.34914 -1.18499 -0.983228 0.437578 -0.865443 -1.04731 -0.622137 0.0276474 -0.265982 0.256286 0.885409 -0.729204 0.72806 0.887248 -0.124447 0.795981 -0.00146663 -0.542308 0.6404 -0.590846 -0.817433 -0.523902 -0.114957 1.79364 0.355985 1.50262 1.7557 0.327642 1.00918 1.09869 -0.67188 0.61287 
-1.01468 1.8383 0.373842 -1.33246 -0.917647 0.920023 0.878495 -1.17397 -1.60256 -0.983943 0.768592 -0.555984 -0.51983 -0.426221 -1.48098 -0.318502 -0.483914 1.09194 0.279082 1.31691 1.87486 1.17587 0.882576 0.927249 0.702232 0.498009 -0.477853 -0.458333 -0.193564 -0.469155 0.832194 0.423838 2.02758 1.67069 1.18342 1.00492 0.0373766 0.485992 0.912899 
-1.11619 1.28058 0.286394 -1.57692 -0.563914 1.4276 1.47712 -0.237403 -0.265956 -0.337524 1.04444 -0.222869 -0.684652 -0.151344 -0.739084 -0.0332601 -0.963238 0.38156 1.30119 1.98392 1.4797 1.59283 0.443424 0.0421762 1.14362 0.524794 -0.498383 -0.959026 -0.469547 -0.64875 0.584856 -0.603934 1.38748 1.72649 1.77628 1.13383 0.360835 0.598412 0.511707 
-1.10332 1.4371 0.365577 -1.68869 -0.747286 1.51504 1.83023 -0.295997 -0.355499 -0.654898 0.802732 0.489858 -0.137238 -0.380475 -0.00718787 -0.413237 -0.49358 -0.201347 -1.10289 0.538317 0.571194 1.03202 0.518102 -0.479317 0.0370153 0.159373 -0.592708 -0.516895 -0.202815 -0.851872 0.180261 0.578756 2.08766 2.00426 1.87778 0.951679 -0.364854 0.231378 0.292839 
-1.32355 1.27201 0.109313 -1.761 -0.654296 0.914303 1.73873 0.103124 0.539913 0.0453679 0.741127 -0.188063 -0.574092 -0.807959 -0.063199 -0.280479 -0.320238 -0.106633 -0.518814 0.808476 1.36007 0.741671 0.72937 -0.507862 -0.854711 -0.144447 -0.450075 -0.0502099 -0.361966 -0.0843423 -0.0790987 -0.119815 0.547085 1.07007 0.0861881 0.346676 -0.327081 -0.172465 0.751394 
-1.53216 1.39849 0.247478 -1.80923 -0.795301 1.27101 2.22081 0.511209 0.221945 -0.119667 0.48095 -0.290051 -0.252851 -0.348063 -0.0711232 -0.14991 0.366308 0.0816083 0.936552 0.19209 0.944408 -0.932283 -0.102223 0.0611869 -0.243609 0.801395 -0.544835 -0.464328 -0.766961 0.398691 0.163396 0.196279 0.233612 1.26052 -0.149746 0.774053 0.419744 0.340466 0.757436 
-1.51411 1.22914 0.0492226 -1.62989 -0.618108 1.34122 1.83506 0.664436 -0.19957 -0.0190367 0.787569 -0.409646 0.014411 -0.073891 -0.657537 -0.917341 0.920604 0.355898 0.781755 -0.497635 0.425488 -0.936225 0.221197 1.02996 1.27747 1.11286 -0.323205 -0.325336 -0.462752 0.664302 0.398695 0.453529 -0.179929 0.423984 -0.249955 -0.0810862 0.229145 0.848816 0.791218 
-1.58068 1.04104 -0.153566 -1.47494 -0.636419 1.62656 1.98787 0.76554 -0.520639 0.0491361 1.15427 0.87808 0.567519 -0.175215 -0.433993 -0.571179 0.634175 0.525708 -0.324245 -0.434752 -0.344603 0.612732 -0.0170687 0.220952 1.29009 0.209781 0.00704145 -0.761401 -0.520983 0.8115 0.720804 -0.369129 -0.524536 0.327905 -0.154293 -0.0192881 0.167085 0.682925 1.18841 
-1.61512 0.991609 -0.198029 -1.4006 -0.383268 1.18689 1.63213 0.4632 0.276436 -0.0220394 0.937393 0.770021 0.162497 0.0849151 -0.524051 0.104996 0.301616 0.74157 -1.28668 -0.206265 0.0381302 0.735999 -0.263173 -0.825951 -0.434524 0.401059 -0.105178 -0.667787 -0.454689 0.435228 0.674447 0.15187 0.812136 0.236315 0.624075 0.124527 -0.208768 0.555993 -0.107436 
-1.54692 0.755196 -0.100407 -1.36755 -0.30502 1.02853 1.89402 0.79072 0.0523427 -0.131325 0.626658 0.482069 0.857999 0.00467978 -0.60237 -0.137276 0.0212315 0.501218 0.526875 1.51992 0.678397 0.157947 0.155019 -0.49013 -0.602893 -0.336086 0.378923 -0.594755 -0.953381 0.481068 1.14746 -1.147 -1.26198 -0.170947 1.04589 -0.979033 0.35114 0.834777 -0.465242 
-1.62294 0.663753 -0.252506 -1.39597 -0.159382 1.42494 2.36235 0.867146 0.394654 0.0990451 0.627085 0.220182 -0.095779 0.527772 -0.399017 -1.59496 0.422844 1.00513 -0.274658 -1.48467 -0.281611 0.560842 -0.979533 1.26168 1.46378 -0.98026 0.395244 -0.245148 -0.647781 1.0296 0.684068 -1.17485 -2.47741 -0.279734 0.0321808 -1.08311 -0.878119 -0.369241 0.501358 
-1.28372 0.53643 -0.8025 -1.21572 0.144275 0.897062 1.18987 0.62675 0.487525 -0.828331 1.44992 1.82043 0.120178 0.634413 0.22165 -0.873776 1.52954 0.540349 -2.12604 -4.83763 -1.07608 -0.125573 -1.52794 -0.621738 0.154862 0.980368 1.88322 0.869928 -1.72385 -0.155509 -0.412014 -0.353428 -3.07734 -3.14847 1.54906 0.103765 -2.20143 -1.38706 -1.11765 
-1.30448 0.777943 -0.634194 -0.838489 0.0820083 0.439951 0.0575088 0.233188 0.289823 -0.993399 0.231614 0.362657 0.625958 2.5187 1.74812 -1.10241 -0.657321 -1.63147 -0.208945 -2.63603 -4.18236 1.36363 1.09151 -4.03954 -3.16064 -0.424731 2.90717 0.145881 -2.11579 0.451931 -0.165517 -1.02423 -3.34666 -2.901 1.1246 -0.868725 -2.66235 -1.80131 0.801361 
0.0109766 1.4695 -1.28576 -1.45981 -0.585823 0.795886 -0.0639419 -1.84481 1.55427 -0.0319738 -1.15717 -1.06627 -0.204087 4.0687 0.00423705 -2.4378 -0.848972 -0.79159 0.731436 0.356468 -3.03713 1.52058 0.423237 -2.73641 -2.36 0.0436466 2.99717 -0.328716 -2.38539 0.43444 -0.865106 -0.582757 -1.71565 -2.75371 1.0959 0.259669 -3.47882 -2.17326 0.549626 
0.79326 0.775503 -1.71075 -1.15283 -0.2724 0.772304 0.232307 -1.56088 1.48005 -0.678911 -1.53224 -1.79254 0.650368 2.33002 -2.25848 -2.63167 1.31154 0.315667 -0.586104 0.337884 0.27793 -0.00441324 -0.784482 -0.346513 0.499141 1.13011 3.13931 -0.759893 -2.64584 -0.362262 -0.125244 0.183663 0.443248 -1.84592 0.946016 -0.587003 -1.63467 -0.656479 0.308275 
1.20792 0.25322 -2.44845 -0.982234 -0.444937 0.520834 0.101984 -1.67777 1.54476 -0.588335 -1.37454 -0.609252 0.629122 1.00999 -1.18349 -1.70443 0.303044 0.601632 -0.485629 0.23496 0.419451 -0.348328 -1.17548 0.672069 1.55953 0.356239 1.50698 -1.67026 -1.67836 0.737873 1.28481 -0.112125 0.886872 0.670971 -0.157457 -1.67168 0.225734 1.18271 1.08925 
1.3063 0.135907 -2.46148 -1.04491 -0.00359675 0.543573 0.349097 -1.31012 1.19997 -1.51721 -1.0905 -0.366702 0.907482 0.107725 -0.33303 0.00559288 -0.200231 1.64005 0.430209 0.847311 0.671967 -0.199759 -1.32478 0.624358 0.95702 0.258308 0.525431 -0.667689 -0.907718 -0.0170709 1.15747 -0.855119 -0.131866 -0.0118882 -1.02043 -1.71276 0.118166 1.02789 -1.3673 
1.2535 0.0698522 -2.43945 -1.05879 0.288366 0.714318 0.511109 -1.27762 1.38156 -1.53429 -0.963678 0.266106 0.813333 -0.160268 0.147274 0.28603 -0.328979 1.16031 -0.679311 -0.413292 -0.437474 -0.932284 -0.985189 -0.529649 -0.293328 -2.07723 0.0519906 0.138982 0.654249 0.195118 1.79916 -0.427231 0.403592 0.296376 -1.06961 -0.959731 0.280846 0.283922 -1.94428 
1.21303 0.210199 -2.32789 -1.16866 0.51511 0.225551 0.156415 -1.56629 0.460491 -2.21829 -1.42638 -0.63371 -0.646959 -0.0239784 0.548214 1.02378 0.493937 1.09835 -1.01404 -0.308961 -0.25304 -1.1422 0.106225 -0.277128 -0.603642 -2.70961 -0.241587 0.32152 0.793165 0.199553 1.39553 -0.675458 0.0887259 -0.00995922 -1.17487 -0.127977 -1.0003 0.0443332 -1.92913 
1.23084 0.359228 -1.9781 -0.880897 0.779359 0.241979 0.368234 -1.42469 0.476937 -1.44839 -1.13616 -0.284417 -1.21187 -0.230961 0.351083 0.961042 0.629365 0.96388 -0.241634 0.53021 0.422185 -0.540974 0.807233 -0.736047 0.352739 -0.354897 -0.169396 0.561838 0.885554 0.457497 1.14326 -1.35015 -0.0043665 0.356339 -1.5731 0.178606 -0.709139 -0.693839 -1.49546 
1.08313 0.393824 -1.89441 -0.941129 0.945952 0.109305 0.414157 -1.31391 0.0288577 -1.62691 -1.89582 -0.310447 -0.919239 -0.250454 0.32295 0.368074 0.195015 0.641969 -0.82319 0.301281 0.756962 -0.827793 0.0993816 -0.621999 -0.24266 0.8264 -0.224987 0.312945 0.641933 0.150998 0.924855 -0.386523 1.16176 0.889818 -0.221601 0.786972 -0.146047 0.576897 -0.677788 
1.09084 0.527762 -1.80806 -0.812575 1.0662 -0.142373 0.516685 -0.974271 -0.180341 -1.36742 -1.5318 -0.505133 -0.604757 -0.133412 0.133972 0.049034 -0.402121 0.44409 -0.286915 1.02291 0.837917 0.256791 0.159497 0.545832 0.360111 -0.493336 -0.2415 0.110224 -0.014743 -0.411076 0.47473 -0.860345 1.17395 1.00144 -0.269098 0.658041 0.988685 0.372892 0.541714 
1.00378 0.46098 -1.86611 -1.09168 1.14428 -0.0278165 0.907114 -0.8156 0.224838 -1.5026 -1.53577 0.0195517 -1.29458 -0.140634 -0.15238 -0.387084 -0.814477 0.0810491 -0.348846 1.26815 0.661355 0.484363 0.706043 1.86037 0.705203 -0.131037 0.00701537 0.114344 -0.0283181 0.248488 0.118052 -0.278469 1.22772 1.26017 0.0735134 -0.280036 1.18324 0.496096 0.187517 
1.00775 0.441304 -1.97352 -1.11428 1.10214 -0.308046 1.12672 -0.580407 0.194675 -0.849012 -0.321122 0.140155 -0.710388 0.144394 0.0429903 -0.0893175 0.776223 -0.263825 -0.0948886 0.618488 0.947136 -0.17286 -0.527693 0.937484 0.253599 0.740371 0.0326571 0.19966 -0.207805 0.16354 -0.221942 -0.0460242 0.82698 0.284552 0.769935 -0.500696 1.47017 1.13652 -0.323792 
1.06835 0.479329 -1.89928 -0.810323 1.02595 -0.0764108 1.207 -0.252675 0.0828059 -1.8738 -0.922286 0.252237 -0.751501 0.193101 0.461694 0.0655243 1.06061 -0.41815 0.282721 -0.163119 -0.259188 0.468256 -1.3503 -0.015822 0.694291 -0.269122 0.199407 -0.0194898 -0.365967 0.848351 -0.728971 -0.174068 0.571282 0.363616 0.424267 -0.201531 1.50655 0.605353 1.0341 
1.09756 0.684266 -1.9379 -0.728674 0.91478 -0.182557 1.05347 -0.731112 0.557018 -1.81337 -0.324511 0.775473 -0.918813 0.177857 -0.0736449 -0.4801 0.501511 -0.844819 -0.145131 0.144307 -0.4329 0.694308 0.257714 0.952867 0.494165 0.578238 0.152603 0.00289717 -0.116414 1.15343 -0.760479 -0.218128 0.102001 -0.294092 0.258976 -1.82519 -0.313352 0.96168 -0.113634 
1.15026 0.435108 -2.10607 -0.629656 0.647735 -0.148168 1.28051 -0.506144 0.622988 -1.67866 -0.298849 0.704713 -0.329124 0.053426 -0.457619 -0.243864 0.676692 -0.738439 -0.582577 0.297805 -0.158845 -0.152987 -0.951019 -0.385024 0.490675 0.134972 0.213069 -0.141445 0.379942 0.857097 -0.665536 -0.356189 0.0912992 -0.884554 -0.0182277 -0.850643 0.117522 0.582125 0.156241 
1.115 0.434062 -2.03973 -0.483796 0.584147 -0.455983 1.20026 -0.822458 0.43062 -2.48982 -0.566807 1.22476 -0.826417 0.166498 -0.146199 1.07961 0.789398 -0.167295 -0.342223 -0.0239444 -0.822084 -0.724811 -1.33979 -0.811257 0.225099 -0.370791 0.0522169 -0.317481 0.600135 0.696697 -0.422647 -0.326965 0.992076 -0.234047 -0.512344 -1.00752 -1.09589 0.333464 0.140186 
1.22629 0.351966 -1.61991 -0.343466 0.572584 -0.310787 1.2737 -0.989845 0.0467269 -2.63544 -0.816954 0.911359 -0.613235 0.0306868 -0.0353111 1.18844 0.372591 0.0959254 0.134912 1.0282 -0.174078 -0.493858 -0.327332 -1.00101 -0.07651 0.0521522 -0.262818 0.0335256 0.940738 0.774238 -0.55417 -0.86374 0.0528233 -0.45063 -0.347586 -1.54197 -1.82927 -0.468991 -0.802583 
1.12066 0.410406 -1.50522 -0.350384 0.626739 -0.398636 1.69574 -0.922814 0.0360534 -2.71654 -1.2077 1.15585 -0.795676 -0.592077 0.197788 0.398731 0.376691 -0.675355 -0.834424 0.092809 0.182166 0.283479 -0.607206 -1.49807 -0.795519 -0.635402 -0.0594225 0.057346 0.856207 0.988442 -0.045199 -0.1336 0.624343 0.345549 0.706525 0.893092 -0.728102 -0.0676232 0.0157636 
0.909301 0.453355 -1.43625 -0.208552 0.27017 -0.700318 1.32263 -0.879457 0.263703 -3.06397 -1.77949 0.18553 -1.09433 -0.127194 0.123852 0.157429 1.11618 -0.164079 -0.319973 -0.194386 0.662705 1.36738 1.42683 0.0780124 -0.00144583 -0.0225158 -0.618605 0.784406 0.308749 0.543704 0.0929406 0.108508 0.332895 1.13062 0.974786 1.81922 -0.352782 0.090108 -0.240969 
1.04453 0.472133 -1.42877 0.0555844 0.553027 -0.550997 1.60756 -0.528151 1.10575 -1.67839 -1.15037 1.15551 -0.820519 -0.409125 1.01865 0.0892082 0.442123 0.817408 0.978166 0.350917 1.41926 0.924664 2.86537 1.04759 0.911094 0.340077 -0.822899 1.03953 -0.186547 0.2755 -0.0680325 0.221532 -1.1032 1.21773 0.600563 2.38607 0.79077 0.19614 1.46504 
0.6871 0.995096 -1.39011 -0.0496534 0.635493 -0.254218 1.49478 -0.0372368 0.98511 -0.98854 -1.09476 1.01893 -0.84925 -1.20453 1.48836 -0.445675 -0.701382 0.0611798 0.617209 -1.28403 1.0622 -0.626032 1.54052 0.911193 0.247119 1.88659 -1.24147 1.01871 -0.142297 -0.13896 1.18923 1.7718 0.110813 1.24037 -0.959219 2.1145 1.24549 1.07265 2.28509 
0.41023 1.26585 -1.62026 -0.204663 0.580077 -0.271304 0.999194 0.102844 0.607204 -0.558265 -0.553902 1.38228 0.57584 -1.5998 0.561268 -0.308109 -0.651671 0.99286 1.42445 -0.204437 0.33773 -2.12892 -0.237772 0.514092 0.410028 2.56198 -1.69476 0.94087 0.139419 -0.12187 0.833514 2.35165 -1.18086 -0.0652011 -1.63971 1.17918 1.12694 -0.449838 1.2722 
-0.151989 1.29148 -1.52048 -0.291679 1.0793 0.397625 1.4018 0.165179 -0.695788 -1.15069 -0.75525 1.39453 1.0499 -1.53777 -0.0292003 0.668253 0.517578 1.2078 2.57289 -0.298327 -1.15579 -1.42705 -0.0831094 0.501234 -0.794039 -0.266605 -1.46307 0.536464 0.106666 -0.723635 0.374695 1.03166 -0.661582 -0.175655 -2.23913 -0.342495 1.05244 -1.1195 0.313564 
-0.396719 1.24547 -1.31686 -0.018107 1.12003 0.909987 0.861396 -0.578271 -0.52152 -0.608887 -0.222711 0.657799 0.369288 -0.767639 0.270533 0.479361 -0.438628 -0.422064 -0.0269995 -0.682892 -0.587885 -0.671851 -0.208565 0.804549 -1.7786 -2.15541 -1.15494 -0.012627 0.34394 -0.54745 0.637453 1.15548 -0.554959 -0.415002 -2.23519 -0.947141 0.855172 -1.07884 -0.704887 
-0.559935 1.43189 -1.301 -0.455616 0.890185 0.380329 1.08042 -0.179976 -1.23038 -1.29177 -0.227789 -0.22948 -0.562742 -0.331159 0.00919186 -0.125166 -1.34247 -0.237164 -1.00728 -0.446293 0.566377 -1.36881 -1.1197 0.569051 -0.524647 -0.615929 -0.542916 -0.535431 0.266268 -0.879813 -0.0354587 1.28791 -0.308973 0.311326 -0.252631 -0.145235 0.845655 -1.38331 -1.06081 
-0.578527 1.24569 -1.36595 -0.513343 1.01362 0.440767 0.65296 -0.240594 -1.60442 -1.40696 0.152363 0.179449 -0.0973123 -0.111106 -1.10157 -0.0579951 -0.886938 0.368732 1.77246 0.267511 1.028 0.348962 0.0090181 0.253756 0.0863461 0.822358 0.0459818 -0.848328 0.636023 -1.54958 -0.0816311 -0.423609 0.141869 1.39535 0.599519 -2.56938 0.951759 -0.198903 -0.743599 
-0.627733 0.836237 -1.32026 -0.783877 1.05481 1.19261 1.21275 0.430788 -0.961891 -1.27596 -0.0567377 -0.149604 0.0413668 0.405184 -1.32563 1.12598 -0.992033 0.113572 0.428363 0.63434 1.4103 2.10886 -2.11268 0.622835 0.285615 -0.315605 0.470374 -2.14278 1.22598 -1.54426 0.975448 -0.165867 -0.697642 0.988086 1.60733 -0.558938 0.562754 0.7236 0.0437561 
-0.378838 0.529841 -0.859192 -0.880126 1.06411 0.6334 0.960413 0.596325 0.0486076 -2.92104 0.56224 0.441386 -0.340341 0.87175 -2.22296 1.98334 -1.43955 1.11623 -2.00134 -1.2031 0.37139 1.64819 -0.726146 0.448386 0.806504 -0.75729 0.477768 -2.43717 1.9393 -2.17001 1.23061 0.311298 1.51951 2.00825 2.39525 -0.262912 -0.355069 -0.562163 -0.997253 
-0.186318 -0.360983 -0.432589 -1.3147 1.5538 0.265113 0.643011 0.653116 0.328729 -1.79026 0.240256 0.588237 -0.530467 0.367424 -2.45559 1.91721 -2.27709 1.75966 -0.00921696 1.39761 1.43514 0.871113 1.76591 -1.0762 -0.970355 -0.936994 0.463713 -1.89697 2.07629 -2.00148 0.645209 -0.571368 0.634949 1.21498 0.32478 -0.47404 -0.0769107 0.181827 0.0995419 
-0.198712 -0.792177 -0.000906464 -1.71794 1.85092 0.624301 1.63225 1.44794 0.727885 -1.6384 -0.127307 -0.444181 -1.04595 -0.121883 -0.720242 1.27453 -1.57569 -0.13379 1.22176 2.05111 1.34961 -1.25084 0.115233 -0.55156 -0.578392 0.89297 -0.0549792 -1.82042 1.58368 -1.90692 0.197771 0.310375 0.258043 1.1372 -0.869038 1.90167 -0.905612 -0.581682 0.758907 
-0.259701 -0.752071 0.140168 -1.89542 1.49363 0.823513 1.62683 1.45414 -0.66137 -1.69786 -0.109803 0.0607828 0.126207 -0.456742 -0.368869 0.568687 -0.595707 -1.45809 0.427108 -1.05407 0.175619 -1.96288 0.595414 -0.0702799 0.261665 1.90727 -0.477199 -1.01211 1.2241 -0.871717 -0.0603957 1.53403 2.31073 1.63606 -0.0884537 0.999983 0.511384 -0.941218 0.490404 
-0.445583 -0.99477 0.25826 -1.93945 1.19837 0.816356 1.13366 1.55445 -0.822388 -1.19976 -0.165935 -0.204126 0.365801 -0.650539 -0.850269 0.647861 0.262316 0.042512 0.857951 1.03983 0.968252 1.13274 1.11799 1.18903 -0.571436 -0.262552 -0.692753 -0.0759811 0.386045 -0.659075 -0.604539 0.377885 -0.202877 -0.359822 -2.0078 0.859693 0.362067 -0.521671 0.202667 
-0.606978 -1.21291 0.43451 -1.80243 1.51233 1.21419 2.12786 2.02955 0.223736 -0.882407 0.666451 -0.460316 -0.0773275 -0.664422 0.250579 0.0403827 -0.39734 0.538794 0.0824671 0.780693 -0.686821 -0.549338 0.462296 0.519764 -0.896724 -1.64106 -0.814541 -0.187054 0.24456 -0.394584 0.0195051 0.132723 0.311063 -0.049102 0.277782 0.839321 0.462796 0.234688 0.0631611 
-0.800053 -0.865061 0.282713 -2.08825 1.43907 0.849525 1.51098 1.15077 -1.2606 -0.857106 0.177246 -1.02242 -0.863941 -0.667665 0.559671 -0.260513 -0.856935 -0.0122056 -0.681324 -0.62533 -1.03902 -0.794016 -0.0857707 -0.612731 0.864406 0.352182 -0.62115 -0.114443 0.120495 -0.22778 0.466715 0.060199 1.59953 0.129147 0.761533 -0.0783706 0.248772 0.782962 -0.387887 
-0.963128 -0.91739 0.325281 -2.11969 1.50656 0.895242 1.83395 1.41752 -0.406969 -0.934949 0.27681 0.330426 0.176767 -0.340897 -0.428535 0.152541 0.053994 0.172028 -0.00433328 1.35836 0.868709 1.49148 -0.57819 -0.212915 1.86241 1.15977 -0.510582 0.346923 0.357839 -0.451605 0.282197 -0.341856 0.385767 -0.107542 -0.525876 0.481119 -0.669195 -0.073677 0.0198993 
-0.986906 -1.09966 0.356995 -2.07162 1.5157 0.842678 2.16408 1.6673 -0.0932734 -1.26472 0.0463206 0.680136 -0.00864985 -0.158767 -0.0219061 0.825382 0.176419 0.442248 0.213436 1.13982 0.885415 0.130292 0.66985 -0.23611 -0.94979 -0.317311 -0.228505 -0.259365 0.0167623 0.616497 0.580219 -0.0875195 0.548401 0.895125 0.625814 -0.171153 -0.00264561 1.03575 0.892567 
-1.05562 -0.933856 0.698492 -2.05818 1.70406 0.98879 2.38272 1.94393 -0.310507 -0.442636 0.130875 -0.53635 -0.0675324 -0.0291678 0.0257591 -0.122179 0.874476 0.711512 -0.118146 -0.626194 0.398917 -0.718628 0.346216 0.203238 -0.58656 -0.0203137 -0.228039 -0.604578 -0.343053 0.224086 0.439986 -0.502847 0.305569 0.558596 0.543112 0.911644 1.11328 -0.00638154 0.340925 
-1.01225 -1.09056 0.309225 -1.75425 1.83366 0.783362 1.86976 1.90591 -0.66467 -1.00576 0.184682 0.14522 -0.0318541 -0.210543 -0.9164 -1.35889 0.160924 0.227902 -0.899962 -0.73267 -0.0948039 0.539397 0.452857 1.63135 0.946975 0.758523 0.229539 0.0701469 0.384756 0.595433 -0.567987 -1.38616 -1.45278 -0.740195 -1.55871 0.843473 1.69419 0.087754 -0.568255 
-1.17494 -1.43017 0.101278 -2.00236 1.80569 0.569045 2.03757 1.89047 0.107804 -0.10679 1.19335 0.32983 0.489056 0.400169 0.0826403 0.729229 0.0222619 -1.57519 -1.76799 -1.32011 -1.44928 -1.23341 0.691202 1.92334 0.699247 -0.689277 1.43788 1.2735 -0.821484 3.01187 -2.35718 -4.26646 -3.7592 -3.03774 -2.23096 -0.271585 0.148184 0.894972 0.961609 
-0.815162 -1.05094 0.639717 -1.74925 1.12873 -0.0365574 1.24416 1.05118 -1.64105 -0.498055 1.4361 0.785066 -0.553057 2.53651 2.89157 0.0756264 4.37593 -3.81418 -4.89784 -4.30065 -4.21221 -3.32998 -0.81048 -1.45113 0.156142 0.468326 2.16559 1.38296 -0.992294 3.10593 -3.27805 -3.89863 -2.91771 -2.91328 -0.236292 1.21169 -0.600219 0.146294 -0.148281 
0.128983 0.116298 0.141388 -0.401543 0.0992276 -1.69378 -0.010924 -0.598748 -2.51798 -0.681897 0.261185 0.473475 0.829612 3.10314 2.06234 -2.28017 4.65628 -3.41236 -3.53027 -2.58692 -2.68132 0.930902 0.80689 -2.68534 -0.514733 0.511273 2.72041 1.20134 -0.706634 4.003 -3.6148 -3.04344 -3.89571 -2.64 -1.17152 0.786227 -1.66807 -0.844014 -0.870746 
0.782328 0.0506936 -0.366802 -0.0456742 -0.397992 -1.66892 0.0138028 -0.5324 -0.914739 0.0930731 -0.294702 0.315774 -0.180531 1.86444 -1.02834 -1.17891 1.65395 -1.6858 0.76099 -0.915388 0.468967 1.86091 1.77628 -0.655258 -1.18671 -1.5608 2.29485 0.564307 -0.838408 3.95146 -3.1134 -2.08427 -2.27851 -1.57674 0.825106 2.38968 -1.53217 -0.604512 0.756395 
1.08471 -0.440067 -0.375863 0.201543 -0.655174 -1.3478 -0.443305 -0.318696 -1.06002 0.608227 -0.155975 -0.609756 -0.340381 0.609307 -1.18735 0.970386 1.29597 -1.32464 0.696051 -0.464591 0.445204 0.0905358 2.16498 0.750044 -0.221968 0.455825 1.18764 -0.841963 -0.0322996 1.80519 -1.73409 0.638502 -0.0760797 0.326148 1.76231 1.733 0.519862 0.537648 -1.06272 
1.08777 -0.590974 0.0708313 0.426198 -0.990844 -1.35288 -0.203369 -0.266406 -0.849554 1.66348 0.197491 0.113963 0.150719 0.0566638 -0.278229 1.13238 1.06516 -0.952321 0.102525 0.811723 -0.00784022 0.329566 0.374017 1.3034 1.8514 0.22534 0.404113 -0.806357 0.865566 1.52828 -1.12127 0.178396 -1.28943 -0.841726 -0.536769 0.442406 0.207879 -0.304545 -0.0733732 
1.10383 -0.594037 0.133742 0.588811 -1.08148 -1.30539 -0.0511699 -0.32071 -0.806784 0.887224 0.694287 1.08274 -0.180713 0.0441346 -0.063979 0.390147 1.006 -0.380951 -0.457396 -1.26308 -1.63948 -0.767847 -1.62933 -0.494678 -0.146683 -0.539015 -0.0929833 -0.0916013 0.757238 1.41008 -0.544828 1.00498 0.684399 -0.919593 -0.0781177 -0.206979 0.264993 1.50912 1.53371 
1.1004 -0.63001 0.250677 0.791783 -1.16157 -1.56859 -0.801736 -1.23366 -1.45967 0.497921 -0.11576 -0.0190642 -0.258624 -0.207469 0.135707 0.0583871 1.05876 0.123886 1.25869 0.102472 -1.29681 -0.434774 -0.650812 -0.976129 0.00526149 1.72565 -0.40101 0.361119 0.320629 1.45466 -0.281585 0.701885 -0.286184 -1.00981 0.220859 -1.79025 0.0703188 0.491904 1.12322 
0.986106 -0.52595 0.166194 0.973735 -1.02638 -0.729959 0.00237171 -1.08525 -1.15487 0.427249 0.0694951 1.08853 1.09584 -0.693291 0.623765 0.116408 1.18507 -0.0469089 1.40699 0.878201 0.206954 1.03557 -0.628276 0.576861 0.755248 1.97042 -0.710638 1.10538 0.268589 1.34097 -0.34077 0.424962 0.0953975 -0.75576 -0.215109 -0.455994 -0.0891915 -0.864029 1.38871 
0.730976 -0.300104 0.308906 1.22301 -1.18287 -0.924798 -0.377865 -1.10861 -0.651013 0.0541954 0.264368 0.671947 1.20014 -0.942631 1.57866 0.366616 0.961049 -0.641807 -0.685183 0.0233756 0.224384 0.158688 0.0624764 0.857494 -1.06038 0.0418054 -1.33937 1.52406 0.540868 1.25732 0.19275 0.570106 1.06927 0.233153 -0.603165 0.16314 1.37539 -0.786039 0.920076 
0.487497 0.316211 0.335585 1.32284 -1.31379 -1.05069 0.0181528 -0.949884 -1.03607 0.481604 0.631217 0.120715 1.11888 -1.47402 1.74011 0.735287 0.708726 0.340841 -0.636363 0.551118 0.122358 -1.7957 0.814534 1.14837 -1.71468 -0.796144 -1.67097 1.28432 0.48847 -0.132881 0.60219 -0.690741 0.190028 0.306653 -0.747791 0.89162 0.852743 -2.51227 -1.01158 
-0.0429432 0.628664 0.642089 1.47963 -1.03072 -1.22302 -0.110142 -1.0336 -2.06976 0.650836 1.01431 -0.893661 0.599385 -1.76118 0.4133 0.402965 -1.16144 1.55878 -0.256517 0.22913 0.20911 -1.09922 1.03518 0.209734 -2.01708 -1.31253 -1.77616 0.996867 0.811211 -0.115169 1.11645 -0.0811351 0.901549 0.83223 -1.46513 1.11303 0.635675 -0.961908 -1.00971 
-0.435201 0.533212 0.521125 0.893964 -0.616838 -1.1738 0.13216 -0.823557 -1.90688 1.23734 0.773782 -1.72118 0.1337 -1.39997 -0.19408 0.540065 -0.882436 1.35868 0.522554 0.653721 1.05612 -0.0396096 0.560126 -0.354421 0.539464 -0.472221 -1.71932 0.3131 0.334335 -0.406392 0.955118 0.158251 0.49254 0.256228 -1.77175 0.3965 0.32123 -1.11086 -0.743053 
-0.778499 0.519836 0.88854 1.15301 -0.423276 -0.986964 0.206563 -0.406204 -2.10696 1.06403 0.791818 -0.399799 0.239766 -1.02084 0.071995 0.12507 0.549032 -0.104759 0.467813 0.428271 0.15291 -1.11855 -0.556965 0.188337 0.65911 0.38169 -0.823863 -0.110057 -1.69107 -0.88086 1.69596 -0.638073 -0.460019 1.39749 0.702947 -0.302521 0.320818 0.818056 -0.694825 
-0.974332 0.56712 0.583202 1.09205 -0.664015 -0.962976 0.341237 -0.730476 -2.79291 0.845039 0.902501 -1.118 0.409761 0.0666874 0.0229266 -3.18607 -0.444706 1.22267 -1.39273 -1.27127 0.923588 0.908671 -0.956454 0.751973 0.46928 -0.397577 -0.347083 -0.275864 -1.94412 -0.371634 1.53277 -1.64054 -1.2348 0.775683 1.31978 -1.20496 1.69787 2.70369 0.568608 
-0.754184 0.527422 -0.520449 0.986851 0.123326 -1.63388 -0.395713 0.142791 -1.39814 0.383667 1.28526 0.0299415 -0.0642862 0.458935 -0.500365 -3.16763 -1.10908 2.43779 -2.69941 -2.08282 0.945411 2.75703 -0.968403 1.94288 2.66325 0.347715 0.201572 -0.578006 -2.27982 -1.62987 2.88633 -1.67789 -0.551795 -0.135857 2.35937 -0.824842 0.558475 2.05761 2.16392 
-0.746795 0.293986 -0.817595 0.682363 0.426133 -2.2123 -0.648472 -0.168571 -0.62995 0.156058 2.16656 1.31623 0.66053 0.259065 -0.920012 -0.38258 -2.01074 3.17007 -0.889603 0.530883 -1.11733 2.02655 -0.0933446 -0.0552191 2.06036 3.14627 0.607691 -1.60564 -0.550824 -1.703 2.56369 -2.32104 -2.42707 0.207927 2.93469 -0.736159 0.20562 2.4521 0.84308 
-0.630199 0.029167 -0.683909 0.246665 1.54103 -2.04885 -0.13765 -0.51557 0.190142 0.325664 1.25638 1.91335 2.26982 0.523874 -1.9909 2.30852 -1.45653 1.46397 -0.456355 -1.16751 -0.651857 0.895827 0.0295552 -1.69036 0.350422 0.729105 0.41953 -2.16805 1.6548 -1.62392 1.60429 -1.16372 -0.93133 -0.586615 0.823466 0.766557 -0.438987 2.60726 1.9936 
-0.485613 -0.77875 0.214541 0.14532 1.08068 -2.42753 -1.20122 -0.551571 0.0687699 0.186674 1.0796 1.63738 1.19522 0.419319 -2.44372 2.97993 -0.435746 -0.728201 -0.694442 -1.77926 0.28466 -1.00716 1.03453 -0.503796 1.14367 -0.613166 0.448372 -2.00823 2.6361 -1.19533 1.53396 0.587985 -0.149744 0.462053 0.815647 0.674186 -2.04826 0.451434 0.51936 
-0.423186 -1.28648 0.646522 0.0837857 1.21498 -2.37385 -0.982438 -0.34455 -0.608248 1.08094 0.937225 2.95925 1.80528 0.201174 -1.1249 1.82664 -0.344329 0.870867 1.25126 0.965254 1.30562 0.113812 0.796069 -0.894684 0.208489 -0.0620366 0.146331 -2.16316 3.12121 -0.218158 0.0562176 0.914122 -0.935875 0.889155 -0.244846 -0.935749 -0.827678 -0.344769 -1.34313 
-0.391621 -1.38692 1.03259 0.0159483 1.46991 -1.85553 -0.735787 0.223427 0.152267 0.770001 0.507512 1.82885 1.14095 -0.18294 -0.912432 1.91545 0.106894 0.814372 1.93227 0.5248 0.974503 0.693983 -2.22309 -0.544568 -1.56168 -1.07723 0.0427886 -1.02553 1.88513 0.0477373 0.678228 1.21117 0.700153 1.78384 -0.150516 -0.0433207 -0.0832113 0.366606 -0.146513 
-0.528202 -1.78067 1.50403 0.119807 1.57894 -1.48789 -0.727279 0.234565 -0.0683217 -0.512756 0.59169 1.53342 0.995266 -0.132315 -0.466433 1.13166 0.416021 0.161813 0.389978 -0.0299729 1.22172 -0.309326 -0.868113 0.783578 0.24634 -0.11373 -0.177695 -0.59937 1.18124 0.751766 0.843041 2.2302 0.568389 2.03537 0.487862 -1.07408 0.0718439 -1.0284 -1.03 
-0.470408 -1.64185 1.54187 0.165279 1.54198 -1.68059 -0.745474 0.948788 -0.0971256 0.153336 1.0214 2.0549 1.04821 -0.104919 -0.0177958 -0.0602146 1.02534 0.469103 1.0929 0.234122 1.90936 -0.0932097 0.861468 0.628671 0.304884 -0.216817 -0.280911 -0.55697 0.668481 0.793494 0.455898 0.661003 0.3443 2.12034 0.451302 -0.727389 0.128477 0.43551 -0.345284 
-0.592795 -1.79493 1.48378 0.492482 1.78846 -0.988899 -0.610888 1.36672 -0.147692 0.117728 1.00534 1.81297 0.825778 -0.322536 -0.398019 -0.0799846 0.779075 0.532549 0.504093 0.488963 1.78258 0.864495 -0.059763 -0.628176 0.293032 -0.313633 -0.362658 -0.112955 -0.314043 0.606255 0.173073 0.165059 0.743354 1.28619 0.423907 1.92273 0.683444 0.113933 0.604282 
-0.647748 -1.86008 1.51285 0.447685 1.77988 -1.45305 -0.507423 2.00594 0.576945 0.119548 0.621768 2.32361 0.806647 -0.48219 -0.157853 -0.427832 -0.112302 -0.205113 -0.872357 0.758982 -0.0874187 0.614208 1.5262 0.225415 -0.160076 0.991376 -0.583898 -0.462625 -0.224418 0.517466 0.42137 0.511232 0.118688 0.690111 0.144563 1.27451 0.586525 0.342986 1.24071 
-0.852851 -1.88432 1.30022 0.448159 1.6964 -1.39592 -0.243932 1.31763 0.329474 1.22753 1.15806 1.6677 1.55571 -0.622515 -0.320076 -0.26761 0.000214371 0.109272 0.186578 -0.331943 -0.805555 -0.69194 1.63645 1.36024 0.132817 1.89376 -0.47931 -0.157052 -0.220057 -0.470471 -0.342212 -0.658487 0.361579 -0.0288189 0.669243 1.57684 1.21827 0.51614 1.08476 
-0.980506 -2.0365 1.40047 0.444604 1.82844 -1.37188 -0.661269 1.53202 0.0265445 1.30885 1.50881 2.44595 2.20834 -0.293649 -0.0862042 0.0870724 -0.596631 -0.315003 -0.0255399 -0.276863 0.0453975 0.212812 0.428722 1.302 0.798378 0.391349 -0.573208 -0.269726 -0.069681 -0.689525 0.0773408 0.635141 -0.433679 -0.678134 -0.61365 -0.173475 0.182925 -0.736178 0.130522 
-1.01522 -1.93528 1.34542 0.226307 1.55517 -1.41254 -0.371483 1.34711 0.490856 1.54597 2.00741 2.39812 1.83896 -0.305239 -0.0987725 0.162506 -1.03913 0.00904281 0.672371 -0.25035 -0.156839 -0.0812696 -1.87133 -1.13629 -1.03107 -1.71887 -0.288991 -0.467427 0.47827 -0.968142 0.338019 0.753841 -0.416216 -0.0553365 0.220002 -0.608289 0.468219 -0.0154777 -0.102632 
-1.14888 -2.0942 1.47918 0.0605568 1.83217 -1.06676 -0.776164 1.44186 -0.0434324 -0.0312053 0.780381 1.50491 0.920678 -0.174274 -0.639338 0.666525 -0.861992 0.829989 1.04569 -0.282056 -0.125006 0.0538424 -1.20759 -0.718877 -0.812354 -0.511573 -0.150698 -0.182475 0.273377 -0.453384 0.109771 0.443144 0.373239 -0.678305 0.719478 -1.08193 -0.110694 -0.450622 -1.61268 
-1.11575 -2.28297 1.64805 -0.0928108 1.92612 -0.935311 -0.501514 1.27578 0.527174 0.684521 1.54909 1.65691 1.45005 0.0610584 -0.184723 0.270001 0.355937 0.15862 -0.0741688 0.748074 -0.805798 0.970951 0.499892 0.990588 0.483185 -0.312722 -0.50178 -0.473172 0.906469 -0.90462 -0.105008 1.3411 0.820465 -0.15788 0.566936 -0.00387926 -0.216749 -1.13003 -0.905986 
-1.12748 -2.198 1.60565 0.187864 1.9028 -1.1058 -0.414415 0.967794 0.714389 0.338556 1.42823 1.94735 0.679796 -0.637917 -0.0951167 0.758108 -0.500942 -0.989153 0.77201 1.37837 -0.0999524 0.645564 1.18489 0.439651 -0.569135 -0.625504 -0.234142 -0.150387 0.57014 -0.680184 -0.0995204 0.691193 0.320581 -0.0620749 0.286507 0.281712 1.5359 -0.21563 -0.530321 
-1.45649 -2.33871 1.99137 -0.279588 1.48334 -0.584252 0.161135 1.21927 1.02901 1.54822 1.84043 1.13791 0.976318 -0.440241 -0.0489929 0.627567 -1.38078 -0.309434 1.00924 -0.32083 0.716638 -0.62134 -0.165289 0.936714 -0.74274 -0.348854 -0.378065 0.183779 0.00529998 -0.0135495 -0.722824 1.00887 0.841084 0.692532 -0.113185 -0.356838 -0.0695589 -1.1913 -0.682985 
-1.36581 -2.229 1.89097 -0.321414 1.76407 -0.645375 -0.562956 1.39436 0.21953 0.228676 2.04121 1.26975 0.412015 0.0258825 0.379794 -0.745708 0.480312 -0.110137 0.594499 -0.254459 1.08041 -0.794514 -1.64918 -0.533569 -0.887535 -0.229307 -0.0333156 1.31401 -0.761829 -0.654014 -0.69302 0.301218 -0.102925 0.0920614 -1.11797 -0.491229 -1.19039 -1.28236 0.758319 
-1.45331 -2.13968 1.66658 -0.106692 1.43376 -0.315028 0.0442795 1.86104 0.397912 0.368351 1.50201 0.328014 0.797533 0.385972 2.087 -1.81734 0.395359 -0.744503 -0.603785 0.181234 -0.587317 -0.780941 -0.467128 -2.44172 -0.825664 1.31839 2.47041 3.18869 -3.78172 -0.26197 -1.53822 -2.24222 -1.05266 -0.823496 -1.38889 -1.89178 -2.93125 -1.64739 0.578226 
-1.17607 -1.11414 1.09008 -0.179656 1.43073 -0.928578 -0.471814 1.04954 -0.400889 -0.0988507 0.468052 0.516375 1.38538 3.97059 4.56642 -5.17657 -0.875161 -2.22993 -3.64323 -1.1563 -2.24885 -0.945699 -0.735457 -3.16312 -1.12875 0.970886 2.98142 2.54591 -4.40343 -0.106282 -2.77897 -1.10929 0.198713 -1.11064 -0.344153 -0.53201 -3.48035 -1.87726 -0.329947 
0.5936 0.305268 -0.626746 -0.430636 0.435957 -1.99946 -0.503113 0.533301 -0.352125 -0.15266 -0.537954 -0.702267 1.51221 4.43726 1.86207 -5.07924 -0.555681 -3.48361 -0.906341 0.0828962 -0.988131 0.343892 -0.21631 -1.94627 -1.47266 -1.72634 3.56499 2.27928 -4.22158 -0.346015 -2.22483 -1.03637 -0.1191 -1.60613 -0.789979 -1.27773 -3.53879 -1.00091 -1.79196 
1.11262 -0.119948 -1.16001 -0.386498 -0.127867 -1.35126 -0.427618 0.467614 -0.136385 -0.24552 -0.784504 -0.828115 0.0921593 1.7968 -1.03098 -1.43502 0.353705 -1.15495 2.23214 0.995057 -0.0289356 -0.0474566 -0.880948 -1.29845 -0.0943145 -3.22939 3.36902 0.763164 -3.75704 -0.264256 -2.47777 0.213822 0.152628 -1.08249 -0.604913 -1.38052 -2.31878 -1.24458 -2.58414 
1.51428 -0.252518 -1.25778 -0.304147 -0.0809876 -0.975262 -0.0234549 0.518806 -0.395501 -0.778579 -1.37131 -0.787449 -0.89994 1.01307 -0.678586 -0.804372 0.157388 -0.286167 1.19311 0.119552 -0.547423 -1.1062 -1.52869 -0.979342 -0.0493809 -1.53487 1.34035 -0.989599 -1.27324 0.538803 -0.740484 2.5045 0.641585 -0.218405 -0.342019 -0.806275 -1.01868 0.0382096 -2.8935 
1.62725 -0.488689 -1.51086 -0.331967 -0.256191 -0.806073 -0.365923 0.146395 -1.01269 -1.3385 -1.41137 -0.872244 -1.05854 0.371362 -0.504608 -0.556199 0.457727 0.028785 1.16555 -0.138166 -0.281815 -0.386932 -0.145622 0.0096208 0.146212 -0.423396 0.709479 -0.391014 -0.518789 0.598816 0.13726 1.92102 1.11488 0.197505 -0.0727986 -1.06213 -0.676561 0.157421 -0.93752 
1.69645 -0.527929 -1.49838 -0.139529 -0.0684286 -0.442775 -0.0847929 0.354715 -0.705947 -0.874278 -1.35824 -0.652876 -1.22321 0.134422 0.071584 -0.00453498 0.744447 0.49566 1.41217 1.37082 0.826205 1.00763 0.182018 0.121229 0.247548 0.357884 0.210987 -0.366745 -0.363035 0.51129 0.292116 1.48459 0.565886 -0.105291 0.0574376 -0.581854 -0.194352 0.369511 0.0984297 
1.68666 -0.455002 -1.50636 -0.0622539 -0.0347912 -0.159891 0.293124 0.637781 -0.226016 -1.19795 -1.32608 -0.645087 -0.800197 -0.0303777 -0.0647462 -0.00862395 0.312259 0.416351 0.847021 0.893737 0.131398 0.45081 -0.600177 -0.260649 0.312182 0.557668 0.0906282 -0.00259843 0.0988616 0.55201 0.318365 1.27637 1.00211 0.507377 0.934727 0.258778 -0.176875 0.609022 0.366794 
1.67047 -0.567376 -1.4957 -0.0282321 0.117495 -0.0571353 0.346495 0.43507 -0.357328 -1.29774 -1.52005 -0.366667 -0.816148 0.0118358 -0.076035 0.163556 0.0868788 -0.0105817 0.317618 -0.0313941 -0.108195 0.150545 0.123892 -0.350255 0.504718 0.116073 -0.0645244 0.109087 0.0728424 0.0723199 -0.0916665 0.727235 -0.227508 0.0464243 1.09433 0.24101 -0.483049 0.253621 0.392315 
1.68256 -0.500504 -1.42719 -0.0335685 -0.0398416 -0.0183139 0.282759 0.576399 -0.113621 -1.09931 -1.54588 -0.18297 -0.72187 -0.0743837 0.233554 0.12687 -0.203536 -0.555213 0.136999 -1.20008 -0.0667655 0.906447 0.883857 -0.353839 0.00401836 -0.0514076 -0.275722 0.319023 0.0773547 0.0743581 -0.28437 0.358287 -1.64326 -0.185842 1.10305 0.983746 -0.785832 -0.385189 0.350724 
1.6217 -0.4468 -1.43282 -0.105997 -0.131178 0.00117424 -0.221797 0.398196 0.349747 -0.651114 -1.74217 -0.362008 -0.862499 -0.458292 0.570518 -0.0382386 0.0249149 -0.421516 0.165342 -2.16986 -0.1564 1.21759 1.08902 -0.645427 -0.972317 0.337543 -0.915177 0.896623 0.386053 0.460557 -0.114398 -0.174046 -1.77787 -0.57281 1.43522 0.859645 -0.950556 -0.318328 1.15509 
1.43488 -0.199163 -1.43767 -0.0275956 -0.22871 0.0530619 -0.748501 0.4865 0.838236 -0.304748 -1.95668 -1.07033 -0.478674 -1.40664 1.15697 0.482212 0.897097 0.381761 -0.376988 -1.18134 -0.746337 0.876018 0.173793 -0.849225 -0.389581 1.52316 -1.59603 0.870833 0.285601 0.53336 0.199498 -0.802066 -1.59269 -1.14369 -0.581941 0.0113548 0.00816038 0.242944 1.85739 
0.882691 0.169142 -1.21207 0.21967 0.0392728 -0.177472 -0.78114 -0.0406952 1.03288 -0.516493 -2.28484 -0.716957 0.263312 -2.12427 0.779991 0.489902 0.778318 0.725716 -1.25823 0.0362905 -1.4659 -1.95125 -1.09266 0.649354 1.27542 2.02315 -1.8513 1.01373 0.312301 0.455268 0.883945 0.172388 0.23999 -0.0915024 -0.359427 1.30309 0.993431 -0.405905 1.47655 
0.324072 0.21455 -1.2135 0.254533 0.0955979 -0.531851 -0.726554 -0.378065 -0.702882 -1.08333 -1.52964 0.0959287 1.01935 -1.58892 0.415227 0.0112925 -0.211502 0.963957 0.607483 1.50071 0.615465 -1.33212 1.43865 2.09357 -0.103435 0.355479 -1.74208 1.22158 0.634683 -0.0639331 0.352619 -0.926962 0.194858 -0.623804 -1.53093 0.481485 0.704557 -0.0295159 0.779703 
0.0492406 0.387177 -1.20055 0.138985 0.47015 0.0977375 -0.0600843 0.326022 -0.0211571 0.530182 -0.923269 -0.810472 0.519861 -0.694583 1.11463 0.508812 -0.874846 -0.188512 -0.00427621 0.222679 0.580513 0.0338532 1.6772 0.231313 -1.30662 -1.02655 -1.05682 0.743096 -0.228702 -0.143225 0.43069 -0.608299 0.368606 -0.0786955 -1.60669 0.9202 0.974901 -1.01401 -0.110093 
-0.0460239 0.80778 -0.980935 -0.0692962 0.0109564 -0.538671 -0.615626 -0.0320249 -0.68229 0.135353 -1.37311 -1.09686 0.247064 -0.12126 0.737123 -0.3656 -0.00447079 -0.307953 -1.43722 -1.00919 -0.728184 -0.679764 -0.305244 -0.872554 -1.13571 -0.485147 0.166788 0.621325 -0.514056 0.108343 -0.16636 0.58749 0.282756 0.0340766 2.43054 1.08828 -0.574072 -0.415175 -1.09557 
-0.0238189 0.777893 -1.35646 0.134187 0.33208 -0.569693 -0.537246 -0.10213 -0.561979 0.319385 -1.48104 -1.84712 0.150619 0.964059 -0.151182 -1.3103 1.03783 -0.0640108 0.798512 0.153938 -0.533383 2.99014 -0.333508 -0.960396 0.802225 -0.350497 1.29816 -0.174914 -0.343103 -0.396992 -1.40027 -0.381631 -1.28869 -0.120789 2.09236 -1.66532 -1.64932 0.4566 -1.06986 
0.443216 0.721965 -1.55656 0.307957 -0.0179937 -0.175395 -0.537515 -0.344938 1.66406 -0.0958237 -1.98772 -0.362927 -0.0219393 2.22118 -1.00889 -0.167986 -0.593776 -1.82219 0.915315 -0.717486 0.5558 3.28192 -1.79607 -1.21023 1.70096 -0.859354 1.68797 -1.10697 -0.426113 -0.488349 -0.860203 0.611267 -0.412996 0.6014 2.46852 -1.48215 -0.636995 0.682728 -1.16244 
1.11673 0.231961 -1.42458 -0.0866175 -0.483334 -0.152568 -0.875149 0.22929 2.01392 -0.966399 -2.25731 -0.292063 -0.497195 1.76653 -1.56649 0.646629 -1.7737 -1.24433 0.0280142 -0.708547 1.38467 0.0812286 -1.53865 0.152094 0.0404755 -1.11119 1.57404 -1.0533 0.297756 -0.999722 -1.28609 1.25876 -0.84329 0.763184 2.46959 -1.11535 0.229522 2.33049 -0.83058 
1.34821 -0.123093 -1.26277 -0.345343 -0.574919 -0.167329 -0.871151 0.47682 1.72192 -1.19599 -1.88245 -0.32496 -0.857232 0.325075 -0.625518 0.638697 -0.91242 -0.134215 0.790563 -0.41305 0.524805 -0.209218 0.382821 1.49284 1.16349 -0.182277 0.882863 -0.717304 1.14714 -0.973787 -0.388581 0.289118 -0.343573 0.844509 0.0902878 -1.03336 0.325924 1.02038 -0.612099 
1.27491 -0.108313 -1.13431 -0.424219 -0.543688 0.207045 -1.06772 0.542375 1.84328 -0.681053 -1.28447 0.771929 -0.64097 -0.338522 0.453309 1.15516 0.306573 0.653654 0.361009 0.246856 -0.188788 0.023626 0.227977 0.251887 1.21651 0.346107 -0.098569 0.0558897 1.15978 -0.182246 0.254701 -0.390237 -0.44117 -0.181151 -1.40088 -0.374125 0.218666 0.344464 -0.303389 
1.16259 0.115372 -0.743042 -0.23613 -0.282846 -0.00574746 -0.748681 0.367761 1.73447 -1.0223 -1.71261 0.787477 -0.60766 -0.484917 0.711801 1.1829 0.637665 0.522418 -1.32416 -0.179269 -0.78275 -1.54595 -0.868732 -1.22389 -0.735823 -0.192057 -0.618443 0.998795 1.03638 0.577911 0.636455 -0.138441 0.149854 -0.256191 -0.786136 0.716654 -0.473286 0.884752 1.40245 
1.01345 0.26882 -0.602264 -0.193646 -0.310319 -0.40826 -1.14868 0.0819431 0.62102 -1.29816 -2.06958 0.100641 -0.792026 -0.662418 1.09571 0.473053 0.56377 0.315461 -0.552643 -0.0481205 -0.175522 -1.01199 0.650779 -0.854084 -0.125932 1.43874 -0.903838 1.12099 1.19618 1.25876 1.12276 -0.247059 -0.315161 -1.06326 -1.38563 -0.0852739 -1.33292 -0.149485 1.17033 
0.809159 0.698452 -0.526363 -0.0326423 -0.142052 -0.265374 -0.767032 0.266549 0.932282 -0.543735 -2.25843 0.673409 0.455307 -0.97776 1.02677 0.695739 1.2583 1.18671 0.985009 -0.244393 -0.725545 -0.190199 0.744201 -0.460557 0.557425 1.68309 -1.06363 1.29033 0.552629 0.236365 0.686483 -0.278097 0.060508 -0.312194 -1.75263 -0.124173 -0.927523 0.391026 1.15653 
0.496637 0.81492 -0.286651 0.264418 0.220197 0.0409943 -1.26073 -0.344648 0.465346 -0.752238 -2.36075 0.610913 0.452843 -1.05879 0.905566 0.397073 -0.20793 0.72978 0.171346 0.127271 -0.26817 -1.18194 -0.823975 -0.319982 0.610723 0.0348316 -1.08765 1.01281 0.480292 0.268736 1.06128 -0.00299266 -0.325727 0.143292 0.385053 1.50993 0.28718 0.516288 1.20299 
0.250368 1.17953 -0.343441 -0.112017 0.184073 -0.19123 -0.701652 0.11053 -0.00360933 -1.12857 -2.45864 1.23238 0.473155 -0.782308 0.543984 0.0610266 -0.853699 0.428856 -0.992694 -0.193412 0.927483 0.662731 1.12702 0.81576 0.0810597 -0.150708 -1.11643 0.588422 0.361552 -0.114166 0.381052 -0.4702 -0.482133 0.16494 -0.351842 0.460881 0.144383 0.271252 -0.0361099 
0.0810909 1.10203 -0.253026 -0.0516597 0.411715 -0.421502 -1.34844 0.206651 0.980687 0.0697264 -1.82604 0.68596 0.332569 -0.747834 0.00683751 0.173614 0.0357315 -0.149311 -0.813534 -0.774417 0.500793 0.735299 1.38273 0.495409 -0.27289 -0.0708547 -1.04289 0.409096 0.0180979 -0.999031 -0.140753 -1.2091 0.42455 1.2028 0.123352 0.234264 0.434296 -0.67695 -0.38014 
-0.147318 1.17849 -0.259797 -0.10208 0.116967 -0.571131 -1.06673 0.409409 0.568821 -0.122221 -2.13122 0.984042 0.412326 -0.905344 0.0902294 -0.028571 -0.651457 -0.642414 -0.652974 0.759813 0.776259 -0.516633 -0.851779 -0.275343 -0.906639 -0.320774 -0.862326 0.161336 -0.0682415 0.0364849 -0.0541342 -0.614174 0.0564764 1.08159 1.0289 0.0354905 0.569065 -0.642993 -0.1278 
-0.3982 1.14572 -0.259208 -0.293607 0.124035 -0.727382 -0.981086 0.66849 0.568203 -0.53516 -1.99736 -0.141393 0.0856918 -0.647681 0.243024 -0.276462 0.0190103 0.0675611 -0.0241818 0.848171 1.03114 0.540343 -1.35618 0.214678 -0.511026 -0.0812264 -0.958597 0.362752 0.0461111 0.286058 -0.49397 -0.175787 1.37616 0.466706 -0.0857614 -0.0425575 0.767913 -0.535373 0.113629 
-0.493114 1.30414 -0.376111 -0.0982709 0.146871 -0.587129 -0.657198 1.02203 0.987876 -1.09081 -1.98545 0.518136 0.343777 -0.645927 0.472091 0.104926 1.08215 -0.10863 0.410622 1.08027 -0.115897 0.401891 0.780691 1.23577 0.254769 0.474285 -0.833305 0.503748 0.183791 0.369146 0.343862 0.346476 1.09224 -0.0197864 0.0341853 0.266613 1.76311 -1.59642 0.196081 
-0.743088 1.39426 -0.20608 0.0998909 0.0751264 -0.542929 -0.460747 0.602551 0.878336 0.0370767 -1.19086 0.0923615 0.430683 -0.700882 0.538024 0.568577 0.536851 0.456316 0.491102 0.611903 -1.06035 -0.505468 1.67189 1.99866 -1.44272 0.339101 -0.790212 0.540374 0.152203 0.6727 0.572601 1.09984 1.43233 -0.39066 -0.947221 0.223526 1.33029 -0.711508 -0.0941513 
-0.866474 1.58805 -0.116994 0.0953492 0.350672 -0.365572 -0.360456 0.397371 0.584176 0.12404 -0.685294 -0.798997 0.588133 -0.632916 0.365775 0.137687 -0.0690211 0.980578 1.07943 0.834986 -0.439016 -1.59118 -0.518884 0.432671 -1.12275 -0.583774 -0.856381 0.450108 -0.0288349 0.0846546 0.698581 1.06284 1.29224 -1.10299 -1.29841 0.721597 2.03458 -0.776116 0.678849 
-1.08123 1.58576 -0.138397 0.0714321 0.513438 -0.0501464 -0.0575067 0.345463 -0.379515 -0.32777 -0.904034 -0.932439 -0.0119799 -0.685015 0.159812 -0.60967 -0.409546 0.607335 0.948693 1.11585 -0.504259 -1.12188 -0.786951 0.55645 0.495461 0.529843 0.0718145 -0.823902 -0.983739 0.820976 -0.429685 0.056214 2.2722 0.451222 0.846661 -1.24096 0.931647 0.712127 -1.68425 
-1.23161 1.66907 -0.381345 -0.0579272 0.622025 0.0669403 0.176868 0.101687 -0.30447 -0.434101 -0.318373 -0.345337 0.974483 0.748735 -1.64432 -1.67522 1.30552 -1.6338 -1.0067 2.20439 1.07743 2.63951 -1.05151 0.733894 2.00152 -1.5384 0.850534 -1.43387 -1.24215 1.39148 -1.47946 -0.0330119 2.19327 0.389725 1.09318 -1.90393 0.613396 0.85415 -0.647699 
-0.703552 0.698952 -0.876151 0.546803 -0.217705 -0.519102 0.999484 0.985466 1.69099 -1.07668 -0.422291 0.897217 -1.1653 2.06072 -2.38461 -1.33283 2.50545 -2.85799 -0.997147 1.81789 1.0555 2.47771 -1.61288 0.209448 0.557569 -1.33999 2.21747 -1.70451 -1.31894 1.75262 -2.06426 -0.743292 0.908207 0.21328 1.22969 -1.25943 0.537093 0.538507 -0.876655 
-0.174198 0.385132 -0.96698 0.857273 -0.656717 -0.397609 1.04934 0.72872 1.63874 -1.5878 -0.175994 0.165067 -0.0311325 2.83852 -1.00032 -0.387616 1.3344 -1.50674 -0.0063654 -0.990643 -0.776286 -1.1134 -0.541997 -0.064059 -1.33578 0.438447 2.84789 -1.91922 -0.876844 1.80659 -2.35027 -1.13658 0.654268 0.263198 0.529951 -1.04667 0.137429 -0.336894 -1.54338 
0.756837 0.157615 -1.04185 1.03276 -0.892012 -0.526885 0.531177 0.528858 0.809015 -1.45819 -0.456894 -0.322213 -0.846985 2.54649 -0.593119 -0.0371914 0.215767 -0.717775 -0.550041 -0.944026 -0.683605 -1.82444 0.285552 -0.0427754 -0.965911 -0.603873 2.34237 -0.907208 -0.0791399 0.89959 -1.5309 -0.17398 -1.41861 -0.506899 -1.75475 0.868239 0.0976762 -2.00499 0.952493 
1.13489 0.0622396 -0.976992 0.933201 -0.978106 -0.656035 0.603291 0.32694 0.197389 -1.37259 -0.196824 -0.716439 -0.488758 0.950804 -0.407457 0.267689 0.0205217 -0.822194 -0.233534 -0.90993 0.0566097 -1.08317 1.6104 0.180684 -1.11927 0.776864 1.52224 -0.84165 -0.0429035 0.312185 -0.910105 -0.124984 -1.37629 -0.396211 -2.27608 1.92748 -0.227086 -1.8705 -0.455222 
1.23921 -0.065679 -0.916409 1.03712 -1.26011 -0.639397 0.101402 0.56497 -0.0491738 -0.287677 -0.333127 -1.34383 -0.276743 -0.0840372 -0.71296 -0.0259491 0.254288 -0.666499 0.376682 -0.899908 0.120823 -1.02242 2.10806 -0.249464 -1.32412 0.0373551 0.333346 -0.205739 0.410591 0.437987 -0.228533 0.2709 -0.538084 -0.742498 -1.94901 1.81579 -0.358482 -1.15492 0.314894 
1.08112 -0.324942 -0.982009 1.02325 -1.27656 -0.487228 0.178301 0.401039 -0.613003 0.156776 -0.351401 -1.92522 -0.469031 -0.411857 0.087872 0.379847 0.639041 0.475062 0.597816 0.187896 -1.11024 -1.35572 0.643478 -0.638347 -0.292769 -0.368601 -0.329971 0.0983358 0.32813 0.795179 -0.248164 0.245683 -1.09656 -0.783658 -0.768115 1.4322 -0.810004 0.300931 0.0846558 
1.01559 -0.0232536 -0.741139 1.2682 -1.04792 -0.368644 0.195724 -0.089194 -1.12178 0.185621 -0.739345 -1.61033 -0.559224 -0.450187 0.865089 0.544259 0.943348 0.289495 -0.046647 -0.569613 -1.23279 0.0565346 -0.334088 -0.776649 1.69837 0.0794822 -0.524275 0.168235 0.441638 0.755244 -0.202185 0.784397 -0.139668 -1.26725 -1.33959 1.00296 0.41654 1.50926 1.01228 
0.837641 0.134422 -0.733695 1.36587 -1.14738 -0.513583 -0.0890079 -0.325627 -0.574568 -0.0748196 -0.847112 -0.372536 -0.417944 -0.43673 0.172693 0.316344 0.498437 -0.782099 0.463835 -0.376671 -0.687198 -0.322997 0.593473 1.15641 2.14959 1.65958 -0.424481 0.319498 0.758314 0.704869 -0.532513 0.0219892 -0.408806 -1.33128 -1.68209 -0.0467186 0.3466 2.3269 0.94002 
0.77909 0.064674 -0.594083 1.44774 -1.39809 -0.159658 0.0205249 -0.4931 -1.38193 0.622861 0.015802 0.354608 0.668144 -0.236943 -0.369869 0.648198 0.118244 -1.09919 0.072889 0.0206104 -0.655406 -2.16247 0.257794 1.20666 1.16167 1.12004 -0.306479 0.274161 1.04073 1.04298 -0.923223 -0.128163 -0.260477 -0.132486 -0.880797 -0.0986953 0.676566 1.97841 1.30848 
0.704647 -0.068708 -0.439203 1.40605 -1.63938 -0.484829 -0.0745468 -0.710726 -2.28186 0.120373 -0.0594481 0.689799 0.40777 -0.0594864 0.252195 1.31868 1.07248 -0.622136 -0.641511 0.0262 0.498233 -0.783441 -0.734795 -0.310983 0.282865 0.00631452 -0.236881 0.0487491 1.22736 0.695775 -0.559738 0.211877 -0.563831 -0.507096 -1.97167 -0.347546 1.03315 -0.225023 0.576927 
0.738035 0.195251 -0.00170906 1.83769 -1.6767 -0.460254 0.0376544 -0.195734 -2.00431 0.102328 -0.178582 0.614032 0.664762 -0.146671 0.445074 1.27931 0.92965 0.248067 0.211235 -0.777105 -0.0645499 -0.304672 -0.710452 0.0876949 -1.43275 -0.380106 -0.603988 0.404275 1.34543 0.879369 -0.0574585 -0.126632 -0.142633 0.217679 -0.393744 -0.380002 -0.349666 -1.52347 -0.177999 
0.618422 0.165339 0.135679 1.74365 -1.52874 -0.392296 -0.440912 -0.746289 -2.52759 -0.382607 0.00414686 -0.618231 0.116724 -0.918067 0.374539 0.79385 0.251976 0.535328 0.465914 -0.218944 -0.190856 0.284534 0.241533 -0.135581 -2.1471 -0.221936 -1.00257 0.870985 1.06187 0.949169 0.393506 -0.202898 0.358772 1.07421 0.463631 -0.300924 -0.399199 -2.27211 1.07799 
0.252153 0.391459 0.357493 1.92689 -1.43755 -0.25031 -0.0622468 -0.306016 -1.78651 0.285795 -0.259466 -1.34665 0.491464 -1.47574 0.905671 0.388846 0.499956 0.351354 -0.490406 1.25547 1.58602 0.87522 0.316123 -0.596619 -1.35004 1.75427 -1.45806 0.966485 0.402534 0.0756517 0.840028 -0.18705 0.454543 0.295538 -0.107603 0.0154985 1.01924 -2.25259 0.127953 
-0.15639 0.646473 0.314946 1.92375 -1.37189 -0.62323 0.163064 0.194584 -1.84508 -0.145356 -0.375069 -1.85069 1.41458 -1.44128 1.12436 -0.15894 -0.138234 0.743561 -0.723564 0.825489 0.608594 -0.42652 -0.239988 1.41243 -0.611742 0.393577 -1.53926 1.20066 0.126237 -0.170481 1.19522 -0.525212 1.52161 1.09117 1.03642 0.641799 0.00662788 -1.03748 1.11537 
-0.504802 0.989908 0.293391 1.87306 -1.10526 -0.588733 0.33646 0.0566359 -2.1281 0.122052 0.661345 -1.90457 0.776374 -1.01497 0.956495 -0.186924 -0.756987 1.46802 -0.226493 0.779298 -0.0405163 0.409797 0.468983 0.598617 0.0821087 -0.332795 -1.40503 0.904101 0.0573717 -0.817213 0.95685 -0.89411 0.852088 1.13178 0.879462 0.608211 1.29232 0.14595 0.893947 
-0.69248 1.15487 0.238412 1.64312 -0.715532 -0.732496 0.53972 0.173238 -1.52873 0.202118 0.0191372 -1.77469 1.15875 -0.832269 0.277762 0.252942 -1.09303 0.713096 -0.494327 0.313149 0.99448 1.51576 0.98307 0.20821 0.795834 0.747629 -1.16976 0.53359 -0.215861 -1.08444 0.623269 -0.599594 0.628618 0.0307592 0.615156 1.48844 2.12414 0.575531 0.243554 
-0.946233 1.1342 0.412279 1.46926 -0.786599 -0.821475 0.490578 0.647568 -0.941666 0.840219 0.802924 -1.17648 1.32485 -0.877938 -0.129153 -0.147261 -0.876831 -0.518975 -0.591423 0.060238 0.0829442 0.349758 1.37535 2.06926 0.629065 0.650759 -0.795651 -0.0882237 -0.313134 -1.19133 0.305003 -1.28218 0.774875 0.114466 0.637997 1.34299 0.457866 0.492492 1.24143 
-1.15757 1.08087 0.179498 1.31856 -0.947995 -1.01 0.573099 0.224929 -1.25961 1.20314 1.36498 -1.19896 1.63512 -0.455373 -0.415045 -0.739565 -0.701797 -0.248349 -1.2506 0.722144 -0.833402 -0.727714 0.679295 0.361882 -0.186547 0.833409 -0.88085 -0.0108039 0.156507 -0.773145 -0.928255 -1.0947 0.134976 -0.164407 -0.129187 0.868887 1.30475 0.4511 1.2649 
-1.1924 0.906835 0.0902176 1.20886 -0.898007 -1.40287 0.839948 0.157172 -1.52021 1.33934 1.04394 -1.34593 1.93719 -0.547547 0.111973 0.39662 -0.288051 -0.892918 -0.898891 0.118584 -0.317155 -0.518668 -0.306134 -0.432969 -0.0705641 0.959983 -0.664259 -0.315701 -0.247119 -0.452196 0.0892553 0.0514375 0.82293 -0.37788 -0.520068 -0.0526679 0.3609 -0.791379 0.328332 
-1.45149 1.13623 0.362219 1.20982 -1.34773 -1.42925 0.634332 0.0399317 -1.6737 0.991706 1.09166 -1.26245 2.34168 -0.619692 -0.0751249 0.356396 0.0203921 0.384794 1.31683 0.377468 0.296604 0.0712349 -0.763033 0.0861321 -0.779434 -0.408137 -0.674344 -0.428092 0.444329 -0.324823 0.560572 -0.111544 0.895071 -0.256078 -0.551609 -1.08362 -1.01236 -1.23388 -1.05258 
-1.52369 0.861821 0.255068 1.21318 -0.726199 -0.800638 1.02477 0.335259 -1.47021 0.798448 1.10653 -2.05706 1.62527 -0.543835 -0.776496 0.303787 -0.20148 1.74656 0.743784 1.07758 -0.0469956 -0.177154 -1.06742 -0.847903 -1.43836 -2.28262 -0.513819 -0.420277 1.74653 -1.05957 1.02024 -0.260731 0.0303851 0.0697544 0.205704 -0.0305383 -0.588065 0.641198 -0.46168 
-1.74348 0.714963 0.503697 1.13281 -0.56678 -1.09121 1.15339 0.0147535 -1.81911 0.231329 0.549839 -2.57559 0.634337 -0.211978 -0.577274 2.38471 -1.61675 1.16832 -1.67455 -0.338635 -0.198903 0.177585 0.706981 -0.832832 1.57118 -0.166555 1.25204 -2.62845 1.33561 -2.88274 2.41152 0.56499 0.295414 0.18827 1.95174 1.46579 -0.63845 -0.15003 -1.63326 
-1.64375 0.547428 1.32105 0.617407 -0.203909 -1.57748 0.86773 0.220216 -1.33654 1.31754 0.57446 -0.620587 1.4932 2.56913 -3.30146 1.79336 -4.14128 1.92365 0.0198938 -0.684025 0.312688 2.60391 2.88341 0.0377705 1.25929 0.224982 1.3488 -3.07983 1.94402 -2.53143 2.36247 0.0421931 -0.139209 0.723552 1.40684 0.35893 -0.790366 0.544202 -1.07661 
-0.42266 -1.06082 1.30696 -0.388316 0.293385 -1.08688 0.831459 0.202355 0.223388 2.31977 0.581128 -1.42407 0.793739 2.39381 -4.20092 0.665884 -2.19681 2.42726 1.72823 0.150475 1.22333 1.56948 -0.275772 -0.168559 -0.898445 -1.18649 1.6668 -3.48411 1.33723 -1.93212 1.28517 -0.156426 0.486224 1.28012 1.42917 1.10377 -0.527908 1.79161 0.187777 
-0.41376 -1.71087 1.6234 -0.19098 0.881527 -0.785589 0.944188 0.946531 -0.107845 1.12799 0.472236 -1.44045 0.601862 0.127189 -2.10389 0.306329 1.23052 0.0326105 -0.235954 1.33297 1.50065 -0.82899 -1.52034 -0.708735 0.943973 0.0223811 1.5828 -3.21661 0.122255 -0.0827876 0.702456 0.827988 -0.961313 0.864955 0.842105 0.0410221 0.119924 -0.0273272 -1.29097 
-0.366999 -2.19416 1.44956 0.0595654 0.307655 -1.20051 1.47244 1.09273 -0.434832 1.23281 0.129364 -0.560635 0.802318 0.166616 -0.789461 -0.470202 2.07188 -1.35771 -0.607376 -1.43898 0.00152933 -0.526842 0.30925 0.313192 0.869931 -0.437886 0.183268 -1.35018 -0.0383007 1.77075 -0.114792 0.351591 -0.152727 1.32585 -0.59969 -1.49061 0.892553 2.02462 -0.741293 
-0.337672 -2.13909 1.42101 0.565295 0.273882 -1.07045 0.261847 0.950059 -0.528361 1.36029 0.681747 -0.644663 0.267802 0.16895 0.00892578 -0.362256 1.43671 -0.206663 0.70982 -1.53923 0.3775 0.0731932 -0.362392 1.82608 1.54519 -0.950996 -0.0867828 -0.409064 -0.4724 1.29772 -0.501482 0.123213 -0.669799 0.8484 0.285772 -0.897177 -0.240492 1.7093 -1.27738 
-0.289702 -2.19409 1.29513 0.583023 0.214895 -0.878122 0.742238 1.31867 -0.38329 0.980802 1.31785 0.852094 0.0862829 -0.307389 0.154457 -0.266008 -0.117213 0.595239 0.771088 0.540651 1.19986 0.875536 -1.44955 -0.62231 1.23234 -1.16929 -0.442102 0.339694 -0.277283 1.27935 0.567339 0.773773 -1.2717 0.936265 0.138125 -1.09248 0.963032 1.0594 -0.758092 
-0.507164 -2.06095 1.30934 0.519172 0.539826 -0.719814 0.524573 1.66249 0.154396 0.324368 0.285907 0.482237 -0.610736 -0.88459 0.517625 -0.0681836 0.490274 1.0706 0.337402 -0.164712 0.948438 0.0913317 -1.02225 -0.620004 -0.240326 0.00111695 -0.67908 0.597783 0.146137 0.294352 0.188939 0.365698 -0.38973 1.06277 0.936398 -1.15942 0.957339 0.370673 -0.484746 
-0.75824 -1.92112 1.27135 0.759571 0.693476 -0.727424 0.668227 1.88236 -0.317479 0.252998 0.923499 0.63351 0.0790324 -0.791655 0.772469 0.499115 0.560404 -0.307106 -0.278063 -1.06412 0.305383 0.284723 -0.0188357 1.82122 -0.77252 0.565398 -1.01513 0.986439 0.366599 0.496695 0.835008 -0.451005 -0.570385 0.480203 0.352887 -0.204339 -0.307349 -0.142219 -0.520613 
-0.927553 -1.65127 1.5376 0.721426 0.402135 -0.852854 0.0211884 1.84577 0.372351 0.320091 1.47125 -0.222579 -0.197917 -0.758152 1.01223 0.646779 0.257726 0.200647 -0.953522 -0.600555 -0.268945 0.341079 0.748753 0.226717 0.0708434 -0.650404 -1.05476 0.829008 -0.0325462 0.181001 0.259873 -0.248812 -0.0843596 0.252861 0.544713 -0.139019 1.00411 0.48129 0.608099 
-1.16127 -1.38283 1.56521 0.85088 0.782912 -1.17186 0.386146 1.72589 -0.055188 0.802205 1.07705 0.699223 -0.413232 -0.915197 0.513158 -0.546024 -0.287963 0.703179 -0.0634646 0.949373 0.0518636 0.386964 -0.172935 -0.563421 1.36806 0.213992 -1.06498 0.991799 0.437282 0.248812 0.528934 0.0607404 -0.142804 0.0877365 0.452406 0.86102 0.724355 0.359795 0.337026 
-1.41195 -1.3807 1.30153 0.612715 0.716361 -0.886961 0.479037 1.87908 0.670741 0.204697 1.11351 1.02832 -0.0466961 -0.965233 0.525939 0.0425847 0.116864 0.604854 1.03239 0.407583 0.392136 0.215468 0.310618 0.678875 0.375629 1.08668 -1.06759 0.755058 -0.0438915 -0.201013 0.665223 -0.280038 0.630919 -0.158055 0.26606 0.724005 0.070104 0.664188 0.854108 
-1.67159 -1.1054 1.59064 0.890556 1.05316 -0.700763 0.585347 1.96049 0.108283 1.03549 1.52319 1.0434 0.387648 -0.812413 0.657749 0.481336 -0.0150606 0.309711 -0.320469 -0.106758 -0.277071 -0.0628577 1.06089 0.645334 -0.548111 0.876787 -0.985822 0.523972 -0.164006 -0.0557734 0.652674 1.24236 1.34301 -0.0626914 0.385821 -0.206447 -0.0901013 -1.12135 -0.21155 
-1.84309 -1.03256 1.52188 0.604035 0.854583 -1.03955 0.432693 1.71779 0.61525 0.978976 1.53795 0.528536 0.597931 -0.630085 0.286482 -0.295506 -0.2011 0.388941 0.65121 1.38813 -0.48217 0.258023 -0.586747 -0.798656 -1.74647 -1.34477 -0.886909 0.704854 0.470022 -0.140096 0.783929 0.886796 0.772538 -0.787011 -1.1171 1.2835 0.51002 -1.34367 -0.312871 
-2.00827 -0.956431 1.46587 0.813685 1.22682 -0.405394 1.25266 1.67787 0.305233 0.621707 1.01324 -0.551254 -0.621526 -0.622874 0.435276 0.259335 -0.196199 0.883814 1.52119 1.13892 -0.839651 -1.33833 0.527042 -0.00958234 -1.09551 -1.26312 -0.818035 0.408156 -0.231267 -0.908134 0.0842988 0.656478 -0.0493701 -1.03314 0.443688 -0.513753 -0.605956 -0.275565 -0.533672 
-2.17604 -0.803772 1.64361 0.52896 1.24961 -0.343111 0.981032 1.2237 -0.443678 1.36831 1.53859 -0.471377 -0.350462 -0.693773 0.346273 -0.0628214 -1.16713 -0.260038 0.236716 -1.45605 -0.983426 0.287649 -0.0738507 0.0294309 1.41337 0.678952 -0.934252 0.100915 -0.281769 -0.381537 0.344094 1.59683 0.941651 -0.619792 -0.461162 0.0558415 -0.676055 -0.0609972 -1.72319 
-2.37795 -0.775386 1.44447 0.382721 1.11018 -0.301114 0.562167 1.09872 0.525491 0.57776 1.03913 0.741047 -0.124173 -0.889009 -0.279146 -0.696805 -0.378765 -0.359583 0.643805 0.11959 -0.0400461 0.75533 -0.475024 -0.847894 1.02568 -0.908333 -0.682145 0.337949 -0.283502 -1.0137 -0.2768 1.02524 -0.866656 -0.898113 0.0458015 1.5702 1.04201 0.393846 0.250811 
-2.64686 -0.958234 1.34055 0.386966 1.08845 -0.0511565 1.04275 1.20263 0.144511 1.03509 0.996782 0.466715 -1.03474 -0.41023 0.17757 -0.377364 -0.360127 -0.16054 1.15201 0.294241 -0.290778 -0.238285 2.02048 1.27608 -0.925123 -0.351803 -0.871748 -0.0539911 -0.661944 -0.616605 -0.455261 1.02765 0.238593 -0.476066 0.83824 -0.340758 -0.893163 0.317324 0.268495 