-0.815118 -0.123608 0.290428 -0.33209 0.791771 0.658342 2.18284 1.17884 0.281829 1.47482 0.863868 -0.217386 -0.691312 -0.42796 -0.133553 0.04263 -0.171086 0.191969 0.900411 -0.268029 0.320084 -0.269198 1.07101 0.304816 0.405206 -0.0497514 0.129399 -0.406512 -0.213408 0.928473 -0.582114 -0.656978 -0.0972703 -0.856276 -0.134075 0.679934 -0.578349 -1.63002 -0.628268 
-0.966638 -0.046446 0.222064 -0.491388 0.878564 0.559005 1.287 0.738893 1.03805 2.17138 0.369438 -0.550112 -0.527998 0.200825 -0.72814 -0.583504 1.15295 -0.722822 -1.05021 -0.751154 -0.860504 0.411212 0.895506 -0.8986 -1.43579 0.211189 1.49686 -0.967561 -0.4157 0.663663 -0.246429 0.529379 0.590362 -0.0268363 -1.12875 0.585744 0.336927 0.112365 0.216784 
-0.727478 -0.469533 -0.0331438 0.33689 0.321838 0.194221 1.73807 0.646744 0.640486 2.08683 0.383868 -1.19397 -0.531025 2.82039 -1.38471 -0.698342 1.15349 -0.570534 -0.214145 1.10944 -0.362388 -1.12674 -0.313715 0.155002 -0.256784 0.319291 0.449586 0.371288 -0.00921295 -0.264386 0.360706 -0.4859 -0.973202 -0.787137 -0.386793 -0.113486 -0.910026 -0.0965964 -0.0606954 
0.42947 -0.704823 -0.16612 0.177896 0.508802 0.470183 1.93186 0.518206 0.047901 1.96169 0.461111 -0.72212 -0.29432 0.518646 1.30978 0.569901 -1.54867 1.26325 0.399643 -0.635736 -0.205561 -0.891123 -1.04922 -0.361441 1.29193 -0.30271 0.0672896 0.228525 0.353935 0.39944 0.279169 0.360416 0.493071 -0.341715 -0.444714 -0.29722 0.29769 -0.249288 -0.562065 
-0.481087 0.154357 0.292227 -0.522721 1.1583 0.38092 1.3609 0.524102 -0.143018 1.37733 0.195324 -0.309101 -0.719623 -2.71162 1.74243 1.25839 -0.563448 0.987547 0.677935 -0.406684 -0.103907 0.575321 -0.0793865 0.250699 -0.100641 -1.0632 -0.495441 0.773078 0.419335 -0.293719 1.09851 1.0833 -0.273661 0.0223076 0.520657 -0.342964 0.608958 0.970524 0.314542 
-0.937649 0.124961 0.546616 -0.124272 1.16391 0.781802 1.68883 0.459117 0.550483 1.91123 0.604708 -0.787572 -0.999215 -1.3088 -0.0979574 0.0934546 1.10939 0.393971 1.01598 0.245793 0.22943 1.53155 0.596523 1.19646 0.056801 0.699453 -2.03488 1.04227 0.67437 0.0401712 0.411669 0.20111 -0.550281 -0.0699882 0.933136 0.452261 0.926187 0.12642 0.483656 
-1.1475 0.108326 0.349534 0.121613 1.42297 0.844283 1.49998 0.673411 1.19819 1.78617 0.852079 -0.267111 -0.227854 -0.537712 -0.108405 -0.192165 0.619989 -0.369975 -0.423906 -0.377482 0.00349759 0.57436 0.662771 1.02186 0.268721 1.68 -0.91296 0.0188711 -0.044783 0.601364 0.169822 0.990618 0.329877 0.288773 0.430822 0.132913 1.19414 0.408062 1.04323 
-1.21891 0.0739581 0.443224 0.243154 0.926071 0.598821 1.4629 0.467176 1.05222 2.36508 1.16673 -0.600965 0.158245 -0.148318 0.126854 -0.163245 -0.219502 -0.142474 0.277606 0.224393 0.153241 -1.00203 -0.429212 0.445668 0.505213 0.645472 -0.422666 0.0729475 -0.327683 0.123253 -0.328058 -0.172685 -0.611154 0.137537 0.0654477 -0.323298 0.732517 1.0387 1.37036 
-1.23426 0.16928 0.262413 0.0140518 1.33477 0.976201 1.62653 0.775087 0.317415 1.49799 1.10146 0.0808824 0.227268 -0.136191 0.222117 -0.324511 -0.440074 -0.132149 0.185753 -0.493437 0.175531 -0.495932 -1.08985 -0.0164198 1.17538 0.0905922 -0.243553 0.0557211 -0.0660914 0.40542 -0.595932 -0.484635 -0.355795 0.262719 -0.349874 0.51765 0.508627 0.672255 0.312043 
-1.29961 0.180246 0.26537 0.0107922 0.844669 0.689507 1.16906 0.582788 0.615304 1.62798 1.16539 0.20436 0.23666 -0.239463 -0.0401604 0.0597945 0.818424 -0.765122 -0.926509 -0.731388 0.194347 0.567704 1.09779 0.250969 0.426329 -0.251981 0.53569 -0.747817 0.473497 -0.00980481 -0.476527 1.19274 -1.09295 0.690654 -0.422171 -0.923954 -0.947826 0.821503 -0.743507 
-1.36654 0.150753 0.300782 0.493754 0.837016 0.567609 1.19334 0.902462 0.813317 2.24746 1.24521 0.375044 0.0731096 0.993208 -1.39572 1.07342 0.422402 -0.594708 1.37397 -1.06411 0.74828 -0.0276573 -0.119814 -1.29576 -0.0350788 -1.0706 2.37231 -1.56261 0.538916 0.757284 -0.603129 -1.02964 -2.32683 0.241231 -0.0143312 -0.138352 -0.258825 1.42637 -0.317305 
-0.816173 -0.483373 0.874039 0.266423 0.459007 1.31357 0.541022 1.05647 0.589067 1.55005 0.469894 0.183648 -0.473257 4.03038 -2.4114 0.792458 0.303004 -0.153368 -0.440017 -2.58462 0.124307 -0.587771 -1.28391 -0.612841 1.56 -0.173445 2.25902 -2.53103 0.58372 0.0919226 0.111013 -1.19508 -0.706557 1.1007 -0.964312 -1.08532 0.329874 1.12888 -0.468893 
0.633954 -0.99621 0.751371 0.681828 0.741657 0.377396 -0.32517 0.986049 0.295855 1.37849 0.920256 1.44284 -0.0277306 2.61674 -2.57475 -0.150397 -0.289012 0.757188 -2.95834 0.0572239 0.72766 -1.16526 -1.30009 1.74585 1.6053 0.447924 2.47666 -2.43492 0.0407395 -0.566351 -0.387811 -0.815302 -0.651426 1.84027 -0.522422 -1.35114 0.545248 1.11876 -1.00326 
0.47821 -1.70807 0.794147 0.119532 0.96259 -0.00708184 0.569671 1.51727 -0.43486 0.670081 1.42474 1.28236 -0.152251 -0.0727671 -1.40833 -0.727153 -1.14713 -0.439203 -0.64428 1.6563 2.34748 -0.0595877 -0.48233 1.35999 -0.00391809 -1.14456 1.57834 -1.12177 -0.985861 -0.0962685 -0.199884 -2.40958 -0.498291 0.461685 -0.907103 -1.82434 0.379513 0.619289 0.135544 
0.584934 -1.66583 0.346977 0.0494115 0.458282 0.095492 0.639956 2.45953 0.241615 1.05421 1.66574 1.44339 -0.787856 -0.0941524 0.814615 -1.40597 0.142945 -1.0653 -0.225173 -0.767297 -0.11216 0.0429733 -1.08267 -1.22729 -0.747847 -0.284095 -0.138781 0.89726 -0.631534 0.325455 -0.51273 -1.8512 -0.489223 -0.288631 -0.802 -2.81501 -0.780104 -1.33547 0.739939 
0.418509 -1.31982 0.00782831 0.217045 0.267383 -0.100855 0.115452 1.45302 -0.399153 -0.0621453 0.766396 0.775248 -0.328211 -0.147645 2.81493 -0.269503 1.62731 -0.342453 -1.804 -2.35345 -2.7423 -0.93294 -3.19116 -2.44083 -1.87276 2.09483 0.579343 2.61996 -1.70638 0.511785 -1.46477 -1.04515 -1.87606 -1.71139 -0.30701 -1.81759 -2.82653 -0.165289 2.01063 
0.498514 -0.325661 0.200072 0.986782 0.238547 -0.706991 -0.743173 0.750961 -0.578564 -1.1108 0.348942 0.168613 0.651234 1.0209 3.29393 -1.28856 0.613927 -1.15742 -1.16177 -1.90629 -2.19843 -0.424384 -1.2913 -2.67609 0.50791 2.88781 0.832655 1.87221 -1.30799 0.921864 -0.849183 -0.880641 -2.4868 -2.39584 -0.0531147 -1.7868 -3.39381 0.0137829 3.32009 
0.915776 0.248292 -0.712432 0.581041 -0.488415 -0.615054 -1.0058 0.0844661 -0.773323 -0.93614 -0.67805 1.12508 1.64923 1.47905 0.120814 -1.79572 -0.261482 -0.948478 0.633665 -1.19053 -0.489913 0.86499 0.857307 -2.24497 1.8833 2.21277 1.22686 1.19563 -0.74427 0.72854 -0.567976 -0.476803 -2.21503 -1.39435 1.04551 -0.778419 -2.56423 0.257388 2.83628 
1.22462 -0.267582 -0.805534 0.855468 -0.379818 -0.415244 -1.44525 0.450548 0.178061 -0.524748 -0.861583 1.45704 2.17039 0.940224 -1.41935 0.113824 0.464819 0.292136 0.523185 -1.25039 0.314743 1.7128 0.27125 -0.865511 -0.156645 0.790256 1.17751 -0.100266 -1.30512 -0.553072 -0.593528 0.96085 -1.53926 -1.06978 1.10783 0.592366 -1.92179 0.665507 0.731755 
1.37274 -0.426568 -0.643665 0.860671 -0.290733 -0.3729 -1.74294 0.287111 0.726844 -0.748334 -1.1401 1.02141 2.20265 0.403242 -0.278776 -0.26497 -0.562923 0.0445214 0.620726 -1.00308 -0.956738 0.500366 -0.0913827 -0.410544 -0.961193 -1.27315 0.628659 -0.909859 -0.288952 -0.0644581 0.138989 0.915789 -1.40534 -0.828287 1.47428 1.12405 -0.896936 -1.15277 -0.107548 
1.41337 -0.399662 -0.949889 0.553598 -0.34501 -0.129305 -2.03755 -0.141718 0.614906 -0.583361 -1.07677 0.804328 1.32297 0.0653063 -0.00841362 -0.569318 -0.563649 -0.0873096 0.671874 -0.75237 -1.43622 0.104976 1.1874 -0.376476 -1.46448 -0.942743 0.129421 -0.120741 -0.00259883 -0.732607 -0.0103765 0.566458 -0.844672 -1.23145 0.458061 0.570497 -0.66618 -1.78519 -1.43939 
1.39269 -0.429987 -0.959256 0.558389 -0.342641 -0.0640009 -2.18842 -0.604917 0.816929 0.0620256 -1.3368 0.0252507 1.57953 -0.195217 0.0886993 0.261816 -0.528085 -0.0657837 0.114363 -0.20064 -0.707597 0.0627837 0.828815 -0.513173 -1.5445 -0.612357 -0.210709 0.135043 0.0752495 -0.621102 0.105725 1.20418 0.0326618 -0.770322 -0.571532 0.0958066 -0.188786 -1.26754 -1.18469 
1.30319 -0.356866 -0.797856 0.271438 -0.382758 -0.0706644 -2.15992 -0.578224 0.667988 -0.0166712 -1.34764 -0.246441 0.924151 -0.40062 0.219519 0.689137 -0.361779 0.241785 0.902909 0.798981 0.392794 -0.812967 -1.06843 0.111206 -0.317178 -0.611334 -0.435854 0.0434634 0.240961 -0.576178 0.408797 1.01904 0.740664 -0.765284 -0.792445 -0.512329 -0.991998 -1.35693 -0.68095 
1.17991 -0.324936 -0.566799 0.370327 -0.178078 0.348606 -1.72537 -0.353476 0.101967 -0.660525 -1.26889 -0.18797 1.18141 -0.499752 -0.021231 0.119771 -0.330631 0.679008 1.21665 1.25626 -0.329041 -1.04351 -1.50218 -0.859928 -0.362184 -0.28625 -0.349679 0.346001 0.610273 -0.718306 0.0764208 0.548456 0.742298 0.244294 -0.426197 -0.171113 -0.0600271 -0.525215 -1.50961 
1.04089 -0.366384 -0.725743 0.100999 0.0693998 0.482775 -1.42907 -0.778063 -0.249166 -1.03397 -1.80666 -0.490375 0.746728 -0.156689 0.322461 0.275834 -0.707993 -0.131666 -0.191524 0.258965 -0.0700153 0.284408 0.839634 -0.198886 -0.426189 -1.36554 -0.336493 0.389812 0.611032 -0.358861 -0.143864 -0.287537 0.361011 -0.0557428 0.00173643 -0.234445 -0.0547305 0.113854 -0.581304 
1.08897 -0.170896 -0.406879 -0.0136251 -0.259162 0.269938 -1.57857 -0.391376 0.349415 -0.0864834 -1.36923 -0.475582 0.271256 -0.0364938 0.631926 0.8464 -0.205377 -0.902326 -1.60603 -0.741701 0.247814 1.04328 1.19087 0.779553 0.512688 -0.482696 -0.165022 0.594968 0.563625 -0.38654 -0.348057 -0.850165 -0.3958 -0.24567 0.671405 1.12741 0.0938607 0.369298 -0.580659 
1.00999 -0.0650746 -0.244805 0.00142969 -0.518607 -0.230843 -1.8683 -0.617262 0.663824 -0.221251 -1.37611 -0.13728 0.435937 -0.105642 0.610009 0.615449 0.130882 -0.400731 -0.938678 -0.822974 -0.266952 0.542139 0.623391 0.323456 0.933983 0.597434 -0.110475 0.712125 0.562082 0.0931838 -0.420514 -0.787626 -0.810154 -0.32341 1.10776 2.02919 0.930172 0.195042 -0.55624 
1.02353 0.119984 -0.0558813 0.0770624 -0.517231 -0.144116 -2.0654 -0.552398 0.822896 0.340615 -1.18616 0.165012 0.693764 -0.138701 0.484298 0.0424464 0.34064 0.260255 0.558173 -0.412822 -0.68946 0.321993 1.44707 0.498499 -0.248626 -0.253635 -0.201749 0.588903 0.0927847 -0.253804 -0.219473 -0.384805 -0.948639 -0.950402 -0.0823165 1.45504 0.228054 -0.121688 0.613597 
0.928037 0.165981 -0.216197 0.210799 -0.341895 0.0270168 -2.11493 -1.04243 0.944235 0.765563 -1.09806 -0.30372 0.280656 -0.215358 0.312948 -0.46793 -0.510885 0.062968 0.421223 -0.528911 -1.01895 -0.646141 1.2665 -0.0137995 -1.11293 0.188444 -0.240327 0.515064 0.0292499 0.0740551 0.307478 0.488907 -0.0730518 -0.537122 -0.776655 1.93867 -0.257973 -0.288947 -0.0232163 
0.903291 0.269497 -0.314428 -0.195365 -0.47029 0.0522688 -2.38001 -1.18356 0.254242 1.20472 -1.18608 -0.591247 0.83861 -0.243924 0.322847 0.00470915 -0.233783 0.199607 0.0748031 0.308776 -0.0399541 -1.28323 1.07293 -0.859196 -0.164271 0.210882 -0.514893 0.382253 0.0449864 0.192825 0.482119 0.227563 0.392144 -0.509215 -2.19605 0.829247 -0.36801 -0.790188 -1.37745 
0.793525 0.320204 -0.208821 0.0951573 -0.205075 0.0678991 -1.93896 -1.06154 -0.183151 1.49813 -1.55668 -0.412594 0.440735 -0.605871 0.285891 0.539944 0.794111 0.661241 -0.132363 1.08784 0.327116 -2.06748 -0.191944 -0.498666 -0.00105211 -1.99334 -0.624924 0.159055 0.696141 -0.210858 0.787655 -0.354925 1.21057 0.0747041 -2.25524 -0.626673 -0.654125 0.616518 -0.878782 
0.587988 0.406133 -0.00591146 0.27058 -0.0298182 0.000157369 -1.7478 -0.973179 -1.56094 1.07778 -1.44908 -0.588738 -0.497758 -0.753074 -0.0740809 1.0959 -0.0824467 0.987081 -0.552914 1.41652 0.134376 -1.50347 -1.89527 -0.0478933 1.01785 -1.36691 -0.372536 -0.501755 1.52713 -0.177464 1.03983 -1.30467 1.56266 1.00288 -0.552083 -1.59112 0.610437 0.512215 -1.75431 
0.404694 0.285536 0.412497 0.0651423 0.449726 -0.172992 -1.11426 -0.971653 -1.50369 0.213723 -1.5751 0.285234 -0.470347 0.0120488 -1.07356 1.87335 -1.06075 0.907148 -1.59629 1.13925 1.01711 1.3835 -1.88697 1.33572 0.708746 -0.301932 -0.259215 -0.992881 1.56479 -0.58567 1.0627 -1.27212 1.263 1.36939 0.21181 -1.12924 2.12255 1.04761 -1.17202 
0.581334 -0.104175 1.05282 -0.312963 0.572405 -0.709091 -1.08548 -0.331426 -0.349576 -0.200994 -0.716758 -0.10185 -0.685827 0.340275 -1.48389 1.37688 -0.790366 0.61593 -1.13288 0.383501 1.70337 1.7626 0.418136 2.97053 0.438695 -0.170685 -0.202815 -1.63992 1.60902 -1.02904 0.778665 -1.62359 1.51887 0.186795 1.72993 -1.32827 2.39663 1.47949 -0.744238 
0.561989 -0.420042 1.1919 -0.365417 0.860393 -0.67422 -0.894534 0.0991404 0.0401453 0.501344 0.044248 0.587835 -0.569313 -0.334752 -1.49926 0.669305 -0.470445 0.26593 -0.552291 1.02542 -0.771753 0.749901 0.150527 1.96494 1.35189 -0.679026 -0.0912829 -1.61107 1.24125 -0.66623 0.7548 -1.00846 0.425328 0.32177 1.65017 0.296465 2.11218 0.00361257 0.240275 
0.401454 -0.817063 1.43412 -0.56251 0.75285 -0.949702 -0.489819 -0.808042 0.306114 -0.0952228 0.356969 0.823928 -1.12991 -0.484812 -1.04368 0.584822 -0.202075 0.521026 -0.20575 0.222718 -1.27627 0.272337 -0.0377367 -0.0621886 -0.442387 0.470791 -0.326644 -1.22312 0.441516 -0.0848837 0.45614 0.256368 1.01656 -0.1189 0.558023 0.81221 1.82311 0.788407 0.196679 
0.307155 -0.916127 1.52566 -0.463118 1.20863 -0.759273 -0.768966 -0.692892 0.277007 0.479184 0.0180752 0.289169 -0.232783 -0.18576 -0.419835 0.02909 0.341283 0.418955 0.879079 0.423388 0.605483 -0.0633372 0.901828 0.544695 -0.257879 0.922404 -0.194155 -1.20381 0.154654 0.0704193 0.211033 -0.288102 0.807546 -0.228405 0.00262644 -0.746869 0.864525 0.306054 0.727163 
0.295995 -1.01627 1.45521 -0.352776 1.03395 -0.547792 -0.246732 -0.42363 0.248586 0.521082 0.660084 0.651174 -0.486775 0.175943 -0.845134 -0.339571 0.303533 -0.207149 -0.184375 0.928216 0.962549 -0.271468 -0.941206 1.2497 0.861721 0.462862 -0.0859 -0.718277 0.11154 0.0255292 -0.0393731 -0.0708832 0.297238 0.807323 0.622512 1.23025 1.25144 0.105942 0.873139 
0.382366 -1.31773 1.33934 -0.274744 1.0779 -0.834732 -0.230234 -0.0852482 0.0369456 -0.156911 0.703717 0.880451 0.0983647 0.0498222 -0.70744 0.148055 -0.306486 -0.484108 -0.983187 0.00028364 0.475424 0.82952 0.695183 1.17646 0.397317 0.201194 0.0664927 -0.414953 -0.0563104 -0.0247566 -0.00562548 -0.196641 0.449913 1.15875 0.244978 -0.715988 1.26956 0.00834872 0.0207532 
0.308209 -1.35235 1.54324 -0.509554 0.721039 -0.981826 -0.251429 -0.12053 0.974103 0.996965 1.30599 0.925537 -0.333273 -0.0684415 0.193605 0.251571 -0.343408 0.193078 -0.0853211 -0.286961 0.591558 0.571545 0.00249696 0.496461 -0.858789 -0.448401 0.163103 -0.165902 -0.58522 -0.464892 -0.733742 0.10955 1.06406 1.29338 0.419729 -0.780166 0.787888 -0.679414 -0.146125 
0.335507 -1.22501 1.48561 -0.452412 1.21042 -0.865728 -0.403152 0.290457 0.536216 -0.151731 0.980661 0.297625 -0.189143 0.212008 0.446531 -1.07155 -0.386975 -0.632085 1.11666 1.51622 1.25996 -0.313694 -1.71751 -0.0946563 -1.35636 -0.403878 0.0118536 0.77493 -0.476117 -0.185429 -0.525211 0.000786513 0.835505 0.291596 -0.0130866 0.367975 -0.152726 -1.43504 -0.90538 
0.401435 -1.13926 0.945078 -0.711872 0.310791 -0.47327 0.63166 0.673051 0.697009 -0.166653 1.2622 0.00315857 -0.590554 0.0886597 1.02112 -1.00272 0.0649396 -0.993625 0.0755814 1.47774 -0.205087 -0.590076 0.471072 -0.711996 -1.15716 -0.742238 -0.139316 0.837595 -0.878084 -0.153196 -0.296861 0.793322 1.11542 0.847091 -1.94093 -1.14691 -1.05628 -0.953355 -0.750083 
0.367121 -0.738486 0.926168 -0.399035 0.562362 -0.824496 0.457401 0.168112 0.0167323 0.171861 0.60191 -0.488812 -0.676135 -0.433274 0.866484 -0.314568 0.156373 0.177182 -0.0828533 0.073479 -0.125507 -2.08496 0.217356 -1.3671 0.0141534 -0.584685 0.350482 1.45193 -1.70096 0.44253 -1.95747 -1.09465 0.312397 -0.318429 -1.51391 -0.152277 -0.886112 0.350026 0.606312 
0.172344 -0.726331 0.772819 -0.606762 0.432859 -0.503158 0.669828 0.600459 -1.13351 -0.0154688 0.527995 0.0160443 -0.970584 0.472499 1.25544 -1.68326 0.58909 -1.97487 -1.52771 -1.03247 -0.229853 -1.28138 -0.675331 -0.515061 1.63799 1.51864 1.21537 0.778925 -1.91654 1.54863 -1.91117 -1.77847 -1.67053 -0.342586 -2.06212 -0.0958725 -2.2068 0.891522 1.34125 
0.590461 -0.140456 -0.0161597 -0.0490916 -0.731139 -1.50296 -0.15211 0.030284 -1.10903 -0.283564 0.330014 0.632212 0.371776 2.37604 0.354512 -2.71196 2.14017 -3.07561 -2.26966 -2.45416 -0.341961 -0.463314 -0.348126 -1.68151 1.22408 2.31739 1.30987 -0.201248 -1.60393 2.07579 -2.16448 -0.85007 -1.20949 0.802171 -1.34837 -0.688812 -1.27754 0.98668 0.977233 
1.3465 -0.557038 -0.748293 0.620791 -1.58468 -1.51467 -0.772281 0.392543 -1.54182 -0.248548 -0.376801 0.854605 0.619601 1.62123 -1.57179 -0.849452 2.49027 -1.30697 0.39763 -0.691172 1.30382 -0.385692 -0.227971 -1.25187 -0.266663 -0.259589 1.63576 -0.321238 -1.44262 2.24602 -2.25678 -1.0482 -1.6177 -0.39555 -0.46684 0.122034 -0.612409 0.300427 1.0278 
1.38759 -0.88786 -0.489363 1.37655 -1.58531 -1.31716 -0.561749 0.851286 -1.44927 -0.434994 -0.341666 0.453464 0.212453 0.23828 -0.859056 0.434069 1.19199 -0.345945 0.878699 0.148766 -0.196823 -0.115423 0.501262 0.831953 -0.812615 -0.992544 1.06459 -1.31917 -0.591195 1.70074 -1.10079 0.845887 -0.432799 -0.402034 -0.458836 0.932096 -0.248332 -0.895839 -0.377107 
1.45285 -0.965265 -0.499345 1.31186 -1.80671 -1.11293 -0.690021 0.275364 -1.64503 0.0955599 0.0821773 0.303289 -0.0373244 0.0806717 -0.497957 -0.0834823 0.0321656 -0.364807 0.705388 0.0744339 -1.85134 -0.183163 1.43652 0.904468 -0.995098 -0.243652 -0.013923 -0.571545 0.260946 1.08362 -0.306453 1.42176 1.0364 -0.825356 -0.53946 0.412197 0.331898 -1.66498 -1.23144 
1.41521 -1.12425 -0.531606 1.41138 -1.81975 -0.99322 -0.523021 -0.30027 -1.61189 0.544654 0.156659 -0.222382 0.0639499 -0.259238 -0.0380789 -0.0209129 0.414037 -0.123476 0.982585 1.32831 -0.920704 -0.552971 0.0299231 -0.37907 -1.52494 -0.62237 -0.388351 0.288003 -0.0660591 0.54642 -0.726073 0.453636 0.975205 -1.02024 -0.337592 0.607717 0.113656 -1.08643 -0.561471 
1.31068 -0.982801 -0.506385 1.56275 -1.88241 -0.664559 0.0830209 -0.294374 -2.13197 0.119377 -0.115932 -0.734133 -0.442939 -0.699757 0.948972 -0.0199175 0.776137 -0.739777 -0.118854 1.31544 0.471399 -0.236004 -0.650599 -0.752596 -0.533239 -0.499487 -0.659305 0.50662 0.429587 0.718496 -1.11917 -1.10796 0.606375 -0.0633447 -0.630405 -0.107969 0.0295588 -1.36689 -0.312914 
1.05301 -0.672058 -0.538086 1.86716 -2.30084 -1.03927 0.242483 0.000314013 -1.82085 0.106035 -0.244121 -0.583047 -0.258239 -0.792681 0.83198 0.700463 0.649794 -1.57612 -2.45222 -0.464076 0.82924 -0.227704 -0.176454 0.414951 -0.395681 0.202657 -1.00476 1.16337 0.704008 0.635088 -0.144753 -0.897519 0.817663 0.722987 -0.621072 -0.00689928 0.601013 -1.47982 -0.169947 
0.90207 -0.586289 -0.107556 1.94704 -2.91362 -1.75802 -0.193622 0.229927 -2.33365 0.00295523 0.116786 -1.00093 -0.288444 -0.904004 0.875004 1.13296 0.163836 0.515114 -1.0737 -0.150087 0.495948 -0.533149 0.635751 1.57666 -1.54534 0.265805 -1.6426 1.42448 1.00253 -0.0731974 0.64069 -1.22774 0.069367 -0.432423 0.0485708 0.728247 0.398815 -1.38967 -0.291993 
0.588792 -0.255072 0.104079 1.97649 -1.95648 -1.51393 0.149723 0.316246 -2.2904 0.541532 0.618924 -1.63439 -0.0608736 -1.83 1.40153 0.884135 -0.761602 2.54035 0.824864 0.562998 -1.41768 0.285296 1.11942 0.130227 -1.5568 -0.595147 -1.6981 1.02253 1.27399 -0.208761 1.04556 -1.08681 -0.607939 -0.432565 0.193562 1.20276 1.58736 -0.515968 -0.267023 
-0.0246831 0.0812659 0.394613 1.53276 -1.23712 -1.38045 0.131226 -0.650509 -2.08542 0.767118 0.195016 -2.06009 -0.675577 -1.80734 0.72807 0.880454 -0.476951 1.06196 -0.368098 -0.71625 -1.08457 0.769747 0.925451 0.607822 0.814904 -0.625803 -1.33693 0.847548 -0.402607 -0.731178 2.01357 -0.249131 -0.188074 0.379405 0.746822 0.438882 1.38981 0.185275 -0.526309 
-0.32664 0.0919915 0.604177 1.72326 -1.25243 -1.67186 -0.274602 -0.355941 -1.61731 1.17389 0.956291 -1.07505 -0.468819 -0.304388 -0.0729083 -1.51916 -0.327285 0.501962 -1.16367 -0.830967 1.92238 0.63436 -0.553464 1.78178 1.8072 -0.102238 0.061087 0.0888343 -1.66799 -1.24864 2.12112 0.864461 0.0889711 0.595077 1.17831 -1.29737 -0.619278 1.23672 -0.621093 
-0.189396 0.0471553 -0.455392 1.36421 -0.901415 -1.8955 -0.360281 0.557207 -1.53106 0.394506 1.16936 -0.823593 -0.728075 1.9062 -0.589441 -3.51435 -1.38035 2.14314 1.49557 0.84311 1.87969 0.682624 -2.62163 -1.46685 0.906159 -0.194916 1.1203 -0.624476 -1.76265 -1.37756 1.56212 0.470858 0.831612 2.32931 0.937769 -1.53021 0.902823 1.64597 0.271548 
0.612832 -0.187929 -1.36838 0.95889 0.1628 -0.993216 0.214289 0.825083 -1.02062 -0.604108 0.167966 -0.453447 -0.584236 2.09528 -0.907245 -1.26427 -1.72145 1.857 1.77288 2.0162 1.20791 0.52104 -1.44608 -0.541453 0.486278 0.443037 0.934672 -1.1093 -1.16893 -1.02014 1.41216 -0.187769 -0.107577 1.2845 1.18879 -1.25917 -0.391254 1.35012 -0.613234 
0.844522 -0.384004 -1.16198 0.406841 0.325599 -1.09237 0.815612 1.31825 -1.07608 -0.584666 0.883146 -0.488521 -0.410386 -0.411832 -1.15113 1.6688 -0.137637 -0.0111625 -1.75359 -0.996359 -0.156249 0.782683 0.975225 0.922325 0.973524 -0.615577 1.00446 -1.95573 0.0247648 -1.09465 1.49992 0.830541 0.523388 0.818615 0.932615 -1.02412 -0.759108 1.73451 -0.551729 
0.39445 -0.735148 -0.424736 0.897648 0.16098 -1.77307 -0.374077 0.733271 -0.336181 0.0620718 0.675979 0.214131 -0.985239 -0.489433 -2.16091 1.30434 0.0928216 0.407817 -0.690073 -1.27023 -0.111798 0.627996 0.105909 -0.510434 1.93105 -1.1735 -0.0578686 -1.9164 1.33329 -0.836585 0.221748 -1.20364 -0.313379 -0.221702 0.633106 0.0802931 0.705517 2.2591 -0.234919 
0.58738 -1.41176 -0.423394 0.475994 0.599373 -1.39483 0.0668562 1.25422 -0.527306 -0.509213 0.613761 0.832492 -1.19016 0.320673 -1.85533 0.438284 -1.10777 0.341258 0.157963 0.549812 -0.148446 -0.00342036 -0.876471 0.0458718 2.17755 0.297353 -0.346118 -1.97949 1.3727 -0.310692 0.0305427 0.131908 -0.103889 -0.968405 0.743175 0.268901 -0.393042 1.97573 -0.490491 
0.541954 -1.61748 -0.173417 0.287498 0.390974 -1.69486 -0.0569514 0.646338 -0.341161 -0.530035 0.708439 1.70336 -0.766455 -0.0621887 -0.944498 0.865011 -0.557301 -0.367141 0.852982 1.12224 -1.19835 0.287157 0.238579 -0.0365579 0.823666 0.522721 0.0489719 -1.37367 0.480822 -0.563515 0.259704 0.594383 1.14797 1.22099 0.24042 -0.930061 -0.315885 2.01459 1.11778 
0.543645 -1.86065 0.0680154 0.177304 0.363399 -1.00464 0.719215 0.510909 -0.277447 -0.343608 0.601495 1.3978 -0.818375 -0.24116 -0.299897 0.3222 0.267861 0.0462909 0.613896 1.08627 1.78636 0.29787 -0.34115 -0.486443 0.631523 1.14458 -0.331621 -0.688107 0.743941 -0.373627 -0.375177 0.82111 0.630617 0.173538 0.536704 -0.562559 -0.550715 0.813612 0.962526 
0.408823 -1.75962 0.0125894 0.455689 0.426945 -1.41199 0.574345 1.76901 -0.0819062 -0.758373 0.45207 2.13755 0.027511 -0.466275 -0.135458 0.31111 -0.000634716 -0.206306 0.217412 -0.223454 1.42585 0.373086 -0.977388 -0.727904 0.305594 0.717189 -0.368002 -0.596882 0.347146 -0.634125 -0.42365 0.797911 1.64336 0.616774 0.245058 0.130399 0.0400347 -0.939994 0.0979942 
0.298069 -1.92453 0.247782 0.193579 0.233218 -0.89974 0.583489 1.4082 0.0477725 -1.00429 0.214113 1.60957 -0.314566 -0.345419 -0.636977 0.227121 -1.21263 -0.693109 0.425951 1.25582 -0.96203 0.00230592 0.505185 0.536773 -1.95504 -1.02961 -0.455569 -0.135367 0.238422 0.545798 -0.48125 -0.197555 0.214719 0.581518 -0.486601 -0.163637 0.288861 -0.10597 0.453326 
0.223614 -2.06216 0.145101 -0.213788 -0.0234431 -1.21348 1.30494 1.17344 -0.0818646 -0.4116 0.750887 0.806619 -0.654581 -0.260189 -0.0775586 0.0664658 0.808013 -0.527699 -0.488311 0.529524 -0.648994 -0.976219 0.758328 1.12143 -0.46256 -0.139857 -0.196187 -0.342938 0.205951 -1.01911 -0.426625 0.423874 1.17356 -0.241349 0.36998 0.388287 0.804103 -0.452012 -0.436324 
0.155433 -1.96085 0.289904 0.66739 -0.108368 -1.11163 0.888733 1.00833 -0.810363 -0.485498 0.830157 1.29714 -0.392603 0.0333038 0.0983984 0.0991622 -0.303836 0.0417877 0.121395 0.416729 0.63088 0.4521 -0.00515138 0.567398 1.31407 0.449318 -0.121808 -0.254805 0.300011 -0.1174 -0.204803 -0.0877165 1.70227 0.513188 -0.214193 0.293274 0.53888 -0.127524 -0.326113 
0.227578 -2.01475 0.205619 -0.369066 0.00956634 -1.15168 1.54412 1.57373 0.312651 -0.411617 1.06632 1.70659 -0.332628 0.0668898 -0.322789 0.408398 -0.98546 0.212142 0.362038 1.89652 1.33384 0.709402 -0.382086 -0.383066 0.275446 -0.297031 -0.424263 -0.0698615 0.558408 -0.57914 0.0156752 0.271291 -0.0591674 0.2891 -0.26962 0.082732 -0.0304892 0.509099 -0.311191 
0.176173 -2.11387 0.524409 0.126446 0.0366965 -0.941814 1.99454 1.8481 -0.190191 -0.741654 0.62988 1.48834 -0.577345 -0.709757 -0.208673 0.78388 -0.55928 -0.0236165 0.225043 -0.500988 -0.24777 -0.787348 0.107082 -0.614338 -0.610731 -0.866788 -0.799816 0.0537096 0.678116 -1.78675 0.535778 0.769115 -0.0295609 0.419049 0.150808 1.13106 0.368552 -0.179154 -0.461238 
-0.139616 -2.11347 0.651382 -0.668875 -0.000445637 -1.04336 1.24586 1.4247 -0.379843 -0.335367 0.740559 1.29304 -0.904177 -1.34327 0.406328 0.663742 -1.67091 0.593289 0.639893 -1.93858 -0.775755 -0.525588 1.84987 0.886504 -0.534775 -0.315684 -1.29901 0.900108 0.761547 0.0593889 0.435927 0.646809 -1.00205 -0.73005 -0.560102 0.868121 -0.0488828 -0.924483 0.357154 
-0.507459 -1.91992 0.902578 -0.802331 0.43247 -0.647271 0.854371 1.36899 -0.653118 0.518875 1.11846 1.12663 -0.774751 -1.36405 1.61974 0.420053 0.644358 0.677907 0.615846 -0.927017 -0.741425 0.0934687 1.01812 0.542028 -0.691094 1.31898 -1.59588 1.29403 -0.0193649 0.0403044 0.705696 0.288575 -2.18378 -1.93679 -0.0765812 0.982306 0.0929778 -1.08048 0.682085 
-0.833631 -1.34207 0.892443 -0.287661 0.450988 -0.75961 0.698107 0.967045 -0.29985 0.359961 1.04223 0.824654 0.0081866 -1.20478 1.62257 -0.693381 1.72765 0.46934 -0.270696 -1.17356 -1.83833 0.428666 -0.575898 -0.763152 -0.98525 1.19068 -1.48747 1.30188 0.00304489 0.854149 0.327909 0.0013341 -1.37417 -1.66976 -0.426907 0.511148 0.0356723 -1.04374 0.962251 
-1.12192 -1.14718 0.517185 0.191816 0.746714 -0.761479 0.162227 0.22556 -0.279154 0.131018 0.711949 0.4575 0.0505111 -1.01082 0.421484 -0.414292 0.620912 -0.18712 -0.624865 -1.03132 -1.51311 -0.622905 -0.358012 -0.497715 -0.777544 -0.079426 -1.20274 1.24172 -0.240982 0.638381 0.369252 0.215539 -0.118741 -0.781102 0.271188 0.0142123 -0.933 -0.625708 0.986017 
-1.35121 -1.14091 0.664076 0.0802878 0.333427 -1.0328 0.0892683 0.0269412 -0.848125 0.120165 0.779743 0.297272 -0.0288241 -0.715243 0.324286 0.313663 -0.782791 0.0840259 0.543724 1.0044 0.780396 -0.0962305 0.588555 -0.528576 0.101324 0.0797974 -1.10083 0.402667 -0.146863 0.148935 0.59502 0.214285 -0.473356 -0.963636 0.268368 0.418369 -0.593085 -0.495417 0.0732081 
-1.49185 -0.992272 0.698389 -0.234457 0.807507 -0.510104 0.745578 0.719324 -0.365529 0.534444 0.43272 0.529872 0.121597 -0.746409 0.209372 0.18325 -0.40286 1.08222 0.896242 0.356778 0.209391 0.951859 0.897239 -0.325185 0.0758557 0.162142 -0.840451 0.398734 -0.0708945 -0.460693 0.233924 0.0334709 0.624913 0.329149 0.176784 0.867581 0.0273118 0.0147195 -0.136318 
-1.73671 -1.04069 0.771904 -0.131019 1.05081 -0.623185 0.293347 0.163721 -0.0153151 0.733351 0.610871 0.352264 0.0981652 -0.626047 0.300403 -0.424702 0.0955654 0.2645 -0.510428 -0.113749 -0.343359 0.312115 0.535942 0.561358 -0.0894803 -0.269721 -0.618305 0.414348 0.255163 -0.0786258 0.946752 0.772736 0.787735 0.210388 0.979046 0.853882 -0.177347 0.704136 0.183034 
-1.81723 -0.84873 0.464164 -0.163752 0.987011 -0.731924 0.674099 0.510533 -0.0937818 0.902118 0.744877 0.472036 -0.0446046 -0.240015 0.439806 0.220771 0.282991 0.345283 0.110457 0.765921 0.0677323 0.254502 0.209411 0.0756923 0.90028 0.0634808 0.0264778 -0.260625 -0.447554 -0.0609457 -0.0493222 1.23495 0.451269 -0.413055 0.999934 -0.173526 0.674559 0.992889 -0.850138 
-1.86927 -0.830804 0.900844 0.0457329 1.28345 -0.566298 0.737034 0.211939 0.205905 0.879136 0.659511 0.969858 0.158174 0.669627 -0.709878 -0.281329 -0.18918 -0.344713 2.12573 0.756936 -0.218996 0.920034 -0.767886 0.364139 1.4695 -0.849035 2.44017 -0.77735 -1.16013 -0.958326 -0.275262 2.11707 1.85002 0.558708 -0.0661005 -0.692519 0.29813 0.452189 -0.566219 
-1.49543 -1.18596 0.310606 -0.254157 0.765789 0.229589 1.11252 0.379492 0.711117 0.383798 0.950024 1.47807 -0.604102 4.13934 -1.65973 -2.05242 -1.70919 -0.767493 2.66635 1.87069 0.67841 -0.338485 -1.11754 0.330616 -0.276545 -0.812798 2.73155 -1.43611 -0.0669228 -0.417765 -0.33557 2.91269 2.00653 0.912533 -0.633771 -0.285781 0.648346 0.818619 -0.172786 
0.185654 -1.62006 -0.24919 -0.904698 0.784136 0.637892 1.82771 0.641943 -0.0929298 0.123214 0.846469 0.784366 -0.376722 3.69515 -1.54327 0.176564 -0.434299 -0.168783 1.69869 2.10272 1.44157 -1.70486 0.389687 0.525204 -0.333234 0.611659 2.56124 -2.00354 -0.78702 -0.163355 -0.869966 1.54883 1.28153 2.04034 -0.787968 0.0375642 1.66195 0.137187 -0.906248 
0.337618 -1.9198 0.414673 -0.483252 0.66029 0.99941 2.33909 1.28661 -0.786048 0.652087 1.24256 1.2539 -0.171936 -0.0466224 -1.48339 0.810153 1.4635 -0.554896 -0.637755 -0.0442511 2.06277 -0.636719 1.16062 1.95675 0.459685 -0.37897 2.14806 -1.25029 -0.586037 0.519904 -0.498096 0.504495 1.09721 2.07444 -0.854333 0.508926 0.84408 -0.763875 -0.0653596 
0.149694 -2.3254 0.211355 -0.0600118 0.424661 0.358918 1.79693 1.93743 -0.653319 0.915379 1.91575 1.10129 -0.617093 -0.262455 -0.418441 -1.10135 1.20323 -0.590721 -1.04519 -0.538983 1.34553 0.647726 0.267525 0.634106 -0.743948 -0.70925 -0.310438 -0.519243 -0.217609 1.61877 -0.758808 -0.901237 -0.344077 2.18761 -0.061482 -0.279601 0.652238 0.293591 -0.318075 
0.19385 -2.11834 -0.200256 0.214173 0.27725 0.537544 2.01858 2.13369 -0.219966 0.837363 1.59419 0.749441 -0.636533 -0.448003 0.668288 -1.15295 0.937204 -0.599237 -0.559694 -0.446045 0.87671 0.558438 -1.53077 -1.06204 -0.0577823 -0.047458 -0.594948 0.823682 -1.05774 1.44539 -0.386165 -2.1467 -2.18486 0.713187 0.44188 -1.6497 -0.631201 -0.987209 -0.953235 
-0.0867546 -2.00679 -0.432605 0.486896 0.0360188 0.114983 1.53085 2.49141 -0.165544 -0.121345 1.34707 1.06509 -0.632401 -0.686658 1.70963 -0.56856 0.940015 0.00064176 -1.79218 -2.57469 -0.391383 -0.104553 -2.42275 -1.50958 -0.645614 -0.543658 0.270809 3.20303 -0.586375 0.225679 -1.14378 -2.01746 -3.13959 -1.53666 0.287479 -2.7934 -2.49599 -0.312858 1.40471 
-0.161806 -1.30417 -0.51542 0.762672 0.283195 -0.259637 0.505885 1.89488 -0.313641 -0.805488 0.782684 0.31209 -0.988711 0.881888 4.35477 0.227629 -0.60519 -1.13762 -2.10751 -4.02826 -2.95202 -0.20589 -2.11456 -2.38545 -0.38856 1.86275 0.862077 2.85279 -0.886795 0.101181 -1.22547 -1.96319 -4.08828 -2.53215 0.00116021 -2.78157 -3.2862 0.515294 2.46619 
0.341075 0.0661701 -0.299808 0.16111 -0.706758 -0.823741 -0.833103 0.651723 -0.348092 -1.55477 0.0603235 0.803154 0.649128 2.06506 2.76409 -0.83132 -0.792877 -1.86114 -0.803562 -3.25164 -3.02437 0.103612 -1.20718 -3.02781 1.35761 3.74016 1.32252 2.47877 -0.40617 0.637307 -0.750731 -0.801147 -3.94987 -2.63178 0.153798 -1.4129 -3.19568 -0.261162 2.15515 
0.857015 0.0118046 -0.978421 0.330692 -0.935498 -0.61304 -1.40325 0.00996114 -0.224753 -1.62232 -0.852599 1.24178 1.56739 1.23204 -0.467677 -0.868287 1.54846 -0.0042882 1.04185 -1.60082 -0.597885 0.393396 0.267855 -2.02709 0.0145256 0.929023 1.42811 1.57131 -0.398019 0.240141 -1.09524 0.103414 -2.86846 -2.35964 0.976112 -0.527596 -1.76521 0.181308 2.44295 
0.943806 -0.155805 -0.783608 1.05387 -0.704057 -0.348767 -1.77546 0.283806 -0.00506026 -1.36927 -1.03198 0.816293 1.29675 0.217544 -0.300284 0.203538 1.14637 0.197757 0.928954 -0.836273 -0.159103 1.09913 0.513921 0.588258 -1.11276 -0.573899 0.692186 -0.36838 -0.704799 0.984283 -0.307909 1.08345 -1.35882 -1.00286 0.929692 0.94712 -1.21463 -0.788902 0.755341 
0.953006 -0.130511 -0.859177 0.995945 -0.799896 -0.188742 -1.89787 -0.083635 0.737212 -1.26961 -0.525846 0.485635 1.19468 -0.125033 -0.110806 -0.244102 -0.0899432 -0.467337 0.373981 -0.335634 -0.758661 0.752032 0.960274 0.346919 -1.12671 0.0412939 0.062487 -0.267534 0.278946 0.920563 0.0201932 0.9543 -0.998905 -0.292566 1.03046 1.73803 -0.00978944 -1.00258 -0.0339487 
0.86868 -0.207951 -0.916221 1.01961 -1.00594 -0.173588 -1.97688 -0.184624 0.652499 -0.713254 -0.836176 0.0506317 1.3417 -0.116442 -0.120028 0.238051 0.217526 -0.172747 0.316814 -0.587248 -0.241011 0.170707 1.74467 -0.606648 -0.298291 0.517181 -0.120003 -0.00372111 -0.089407 -0.326162 -0.100813 0.826481 -0.261635 -0.393565 0.270426 0.528684 0.0791926 -0.950265 -0.721128 
0.882172 -0.187045 -0.720516 1.13566 -0.908002 -0.0392244 -2.24664 -0.228439 0.884943 -0.0805694 -0.847437 0.285303 1.5627 -0.0653819 0.104268 0.103821 -0.397508 0.309185 0.703484 -0.0371699 0.222549 -0.420537 -0.277319 -0.24258 -0.211174 -0.992181 -0.134424 -0.014772 0.313139 -0.328039 0.334921 0.71097 0.419366 0.625158 -0.444663 -0.0764009 -0.752034 -0.00990878 0.0868733 
0.82335 -0.157746 -0.853082 0.811334 -0.797041 0.1495 -2.00352 -0.0396178 0.281703 -0.898218 -0.960227 -0.0902501 0.685019 -0.097011 0.0961578 0.257551 -0.707765 0.674148 0.608556 1.18497 1.07663 -0.722064 -1.85007 -0.435483 0.275687 -0.416684 -0.141609 0.0464069 0.165363 -0.229282 0.826153 0.857923 0.960105 0.718014 -0.348516 -0.545671 -1.14741 -0.194319 -0.407567 
0.821043 -0.1407 -0.570883 0.751833 -0.459041 0.241252 -1.55755 0.450526 0.249705 -1.33426 -1.07615 0.476664 1.29673 -0.159548 -0.0321829 0.158347 0.05392 0.935775 0.415382 1.40552 0.738102 -0.0121162 -0.439486 -1.34487 -0.0693663 0.449305 -0.150985 0.284578 0.265854 -0.799764 0.504356 0.155747 0.686971 0.759231 -0.228203 -0.838145 -0.990608 -0.167765 -0.185548 
0.730984 -0.172476 -0.759265 0.858476 -0.175988 0.343263 -1.18526 0.427705 0.269096 -1.19338 -1.68237 -0.13436 1.00696 -0.142897 0.349485 0.163358 -0.482969 0.0837198 -0.414257 -0.205873 -0.0604786 0.437949 0.752201 -0.935701 -0.519086 0.162702 -0.156329 0.417794 0.520476 -0.576058 0.124558 -1.52233 -0.123178 0.197091 0.284636 -0.212058 -0.723397 0.547378 0.901146 
0.736994 0.0262003 -0.474246 0.4952 -0.39845 0.0626021 -1.68298 0.418588 0.63181 -0.819636 -1.57629 0.125657 1.4241 -0.0888962 0.686765 0.664777 -0.912459 -0.752792 -2.43063 -1.58101 -0.478884 0.361155 0.15734 0.342237 0.826243 0.710737 -0.250622 0.595694 0.407367 -0.312175 0.0120974 -1.3403 -0.466809 -0.187894 0.444591 1.34482 -0.0577123 -0.58748 0.0518387 
0.673909 0.154931 -0.380513 0.358836 -0.665634 -0.740507 -2.11601 0.134186 0.583852 -1.08298 -1.4891 0.432711 1.50639 -0.256175 0.584124 0.481092 0.0162878 -0.0709642 -1.36131 -0.459334 -0.198693 0.108571 0.994078 0.851213 -0.311371 -0.107793 -0.313206 0.758084 0.71364 -0.249537 -0.159397 -1.96773 -1.17874 -0.99478 0.558622 1.50031 0.0139352 -0.310244 -0.30003 
0.596363 0.304762 -0.198842 0.52105 -0.439606 -0.541167 -1.95684 0.30024 0.725047 -0.140644 -1.10686 -0.0836008 1.36783 -0.410149 0.501542 0.463479 0.538793 0.505963 -0.171083 -0.098802 -0.866776 0.326148 1.79153 -0.327904 -1.26893 -1.11368 -0.559144 0.619123 0.186808 -0.45492 -0.110879 -1.83232 -0.84869 -1.40829 0.315746 1.9066 0.0719935 -1.66599 -1.31905 
0.456368 0.394193 -0.115019 0.680321 -0.327301 -0.81 -2.17874 -0.401836 0.867907 0.13791 -1.65945 -0.430001 0.767226 -0.635743 0.38623 -0.18505 -0.694941 -0.102425 -1.0621 -0.750109 -1.70377 0.278877 1.48414 -0.756804 -2.0276 -1.62112 -0.566063 0.660537 0.068451 -0.164686 0.450167 0.00157178 -0.072644 -1.14491 -0.349231 1.40309 -0.476762 -1.59362 -1.54891 
0.266139 0.489148 -0.29823 0.144483 -0.501456 -1.01063 -2.401 -0.759058 0.967645 0.871363 -1.50992 -1.46405 0.284168 -0.492822 0.533768 -0.354399 -0.786458 0.169882 0.162377 -0.00466247 -0.681035 -0.759684 0.0306723 -0.334557 -0.968824 -0.914332 -0.635942 0.599426 0.157213 -0.00803308 0.747726 0.0279092 0.73053 -0.851081 -0.813241 0.390237 -1.31248 -0.922477 -1.00702 
0.197532 0.64879 -0.309689 0.251974 -0.210034 -0.729807 -2.18633 -0.821737 0.199675 0.162237 -1.83341 -1.08792 0.163399 -0.378856 0.553231 0.434343 0.6799 1.22867 1.08808 1.79128 0.551604 -1.28528 -0.98157 -1.05832 0.728583 0.298225 -0.74079 0.545126 0.593303 -0.605006 0.81088 -0.361989 1.43187 -0.573513 -0.557298 -0.720696 -0.0134088 -0.233412 -0.956342 
0.0642292 0.753008 -0.0491288 0.545807 0.312259 -0.514899 -1.35682 -0.408331 -0.161542 0.207838 -2.07658 -0.963621 0.503544 -0.689266 0.320528 1.29256 -0.115067 1.05196 -0.64979 2.04535 -0.09738 0.0692671 -0.975514 0.311175 0.633604 -0.342618 -0.420789 -0.394281 1.77612 -0.0232103 1.5682 -0.543274 1.7417 -0.814176 -1.22902 -1.29114 1.88511 1.43527 -0.289178 
-0.159426 0.80191 0.422276 0.203502 0.487443 -1.01418 -0.993366 -0.876745 0.258442 -0.497172 -1.657 -0.652307 -0.0522924 -0.292049 -1.17234 2.37227 -0.717479 1.13949 -1.81419 0.69096 -1.65408 -0.234447 -0.706494 3.65347 1.27019 -0.687052 -0.288702 -1.68953 2.29922 -0.743255 1.00744 -1.60528 2.02848 0.0713418 -0.0364163 0.0179312 2.61635 1.70016 -0.367785 
-0.0943206 0.195695 1.29031 0.156488 1.06731 -1.32196 -0.957033 -1.43656 -0.369135 -0.268763 -0.0866833 -0.0935917 0.0540169 0.229364 -2.97115 2.34036 -0.991754 0.467412 -1.47468 0.845592 0.187275 -0.116601 0.993017 3.29254 1.73568 -0.148493 -0.0957703 -2.3099 1.88599 -1.35222 0.438686 -1.56566 0.917579 -1.14896 0.234602 0.114127 3.56968 1.85858 -1.52411 
-0.0575317 -0.611433 1.74376 -0.341003 0.800419 -1.66884 -0.503021 -0.753791 0.154201 0.181098 0.137068 0.535376 -0.136193 0.140344 -2.4513 0.607903 -1.29364 -0.481023 -0.258122 0.616787 0.100804 0.521714 0.849329 1.26513 1.32067 -1.30869 -0.148273 -2.76233 1.40631 -1.10014 0.651714 -0.303677 0.903029 -0.132472 -0.5912 0.552605 2.14828 0.881455 -0.201809 
-0.036891 -0.970255 1.63706 -0.558824 0.756428 -1.43052 -0.600684 -1.36767 0.0864329 0.311866 0.607332 0.810888 -0.817537 -0.464939 -1.36209 -0.117926 -0.645027 0.513506 1.06405 0.441419 -0.371819 -0.615672 -0.278897 -0.334415 -0.511524 -0.126647 -0.323206 -1.78128 0.603114 -1.70697 -0.313236 -0.0646417 0.480834 -0.00309851 0.0715 0.480584 1.10896 0.154586 -0.546379 
-0.30244 -1.25905 1.68214 -0.689329 1.14371 -1.1839 -0.249374 -0.980375 -0.38773 -0.00493725 -0.0368118 0.189531 -0.205262 -0.655365 -0.343227 0.34576 -1.24427 0.00133356 0.162232 0.0685346 -0.111145 -0.435814 -0.229043 0.259523 -1.1132 0.585185 -0.490895 -0.771812 0.310352 -0.856936 0.391356 0.919864 0.267583 -0.55751 -0.127584 0.197709 0.904453 0.0579141 -0.153615 
-0.376916 -1.13301 1.83633 -1.2462 0.762827 -1.35039 -0.565412 -1.43128 -0.297761 0.159708 0.755716 0.0544477 -0.403344 -0.317955 0.15085 0.609127 -0.630607 0.0733195 0.136372 -0.0600108 -0.385048 0.455782 0.53063 1.57699 0.583784 -0.0857833 -0.772862 -0.274342 0.596364 -1.02941 -0.243023 0.528767 0.106032 0.230594 0.333569 0.550998 0.872798 -0.391619 0.483886 
-0.47393 -1.18667 2.02958 -1.0295 1.19746 -1.11538 -0.289382 -1.21523 0.0100151 0.359126 0.826417 0.591142 -0.246588 -0.577956 -0.0877628 0.59724 -0.287488 -0.374743 0.523229 0.0826405 0.415475 0.845265 0.94107 0.939396 0.556694 0.0319108 -0.587666 -0.0898482 0.708691 -0.526436 0.137285 -0.446832 -0.64848 -0.125721 0.517143 0.914118 1.67676 0.372306 0.686668 
-0.678276 -1.17419 2.17708 -1.39223 0.521852 -1.10822 -0.521878 -1.16566 0.441565 0.802679 1.27299 0.437573 -0.364768 -0.619525 -0.292473 0.511312 -0.154245 0.128927 -0.735499 -0.864103 0.209594 0.180311 0.6545 0.730796 -0.0717822 0.966742 -0.519787 -0.194581 0.53063 -0.332861 0.0330029 0.51265 0.0934977 1.18503 0.31015 0.706328 0.547216 1.16124 0.47038 
-0.796053 -1.32527 2.32199 -1.10013 1.28779 -1.43823 -0.800295 -1.07832 0.166169 0.807364 1.23051 0.545384 0.426643 -0.251093 -0.218128 0.241923 -0.209911 0.419143 0.141011 0.0506711 1.17403 -0.464727 -0.0266657 -0.189536 1.05879 0.567611 -0.581657 -0.364603 0.0911435 -0.245584 -0.0794083 -0.136406 -0.706371 0.0279216 -0.211194 0.0141793 -0.18493 -0.741107 0.0234829 
-0.816368 -1.2774 2.31792 -1.49437 0.803077 -1.03762 -0.497067 -0.425806 0.0320137 0.788043 1.17772 1.16334 0.0374935 -0.308356 -0.280087 -0.366386 -0.213551 -0.25468 0.545116 -0.142514 -0.178165 -0.443426 -0.641885 -0.990747 -0.973554 -0.94873 -0.250652 -0.345379 0.0475062 0.0610366 0.690622 1.22126 0.360029 1.0698 -0.869178 -0.603833 -1.01021 -0.367301 0.432054 
-0.962748 -1.45798 2.12057 -1.20433 1.12579 -1.18623 -0.88862 -1.18384 -0.224701 0.374666 0.700511 -0.115759 -0.200537 -0.148026 -0.324279 -0.165928 0.297436 0.620669 1.45626 0.462486 0.26031 -0.610739 -0.765918 -1.20868 -1.58128 -0.0179589 0.0535823 0.197426 -0.282714 -0.639248 -0.73092 1.36465 0.676303 1.65952 -0.441232 -0.556494 -0.6333 0.43382 -0.318823 
-0.902979 -1.43114 2.22929 -1.30944 1.21686 -0.376617 -0.231082 -0.257192 -0.505592 0.271061 0.529474 0.0874694 0.0422127 0.395234 0.589036 -0.0792548 -0.738823 -0.85724 1.24096 1.10641 2.40658 -0.103696 -0.0890213 0.11238 1.5716 0.521329 0.365469 1.02568 -0.953883 0.658461 -0.468991 -0.371049 1.30561 0.760461 -0.98055 -0.760663 -0.300769 -1.1163 -0.517141 
-0.778002 -1.17708 2.08071 -1.60572 0.567441 -0.621878 -0.245532 0.326593 -0.317624 0.317657 0.769057 0.959953 0.170304 0.733126 1.93229 -1.33993 0.677243 -1.33612 -1.95561 1.39826 0.757497 -0.602227 -0.230996 0.788958 0.0111575 -0.667496 1.94417 2.10731 -2.60143 1.55195 -2.51666 -0.665117 1.79576 0.885803 -0.997608 -0.460545 -1.03384 0.806275 0.540472 
-0.549456 -0.511006 1.48013 -0.909621 0.343516 -1.24716 0.582925 0.222256 -1.03573 0.117575 0.965124 0.0983106 -0.394038 2.71175 2.71545 -4.02915 3.0403 -2.95768 -2.12751 1.45287 -1.22 -1.13033 -0.516875 -1.54319 -0.452599 0.169399 2.27288 1.83405 -3.25046 2.62425 -2.87395 -1.66773 0.101657 -0.478146 -0.157689 -1.34564 -0.410363 -0.146924 0.0490688 
0.56384 0.115749 -0.181498 0.131127 -1.37253 -1.56958 0.600456 -0.430257 -1.31092 -0.0300923 -0.0606895 0.654319 0.30222 2.89896 0.943604 -3.79373 3.21657 -3.01963 -0.251098 -1.25332 -1.4075 0.405169 -1.52808 -1.35984 -0.225405 0.718802 2.15666 1.48305 -3.17577 3.45424 -1.91 -0.983774 0.328375 -1.89114 0.066261 -0.905202 -0.28786 -1.34994 -0.600851 
0.885897 -0.061374 -0.649623 0.926964 -1.6372 -1.35257 -0.155928 -0.651818 -0.682375 -0.917319 0.234861 -0.0522829 0.110867 0.73467 -0.390077 -0.986522 2.08602 0.0610238 0.821384 -0.984824 -1.33264 1.20976 -0.668357 1.14127 -1.44432 -0.96378 1.84956 0.445701 -2.73449 2.70581 -2.16682 -0.272297 -0.936624 -1.54208 0.690246 -0.256274 -0.698866 -0.885389 0.471207 
0.918134 -0.0692976 -0.731821 1.32804 -1.32687 -1.19357 0.0188446 -1.25753 -0.251923 -0.480778 0.566121 -0.328085 -0.335177 0.0568947 -0.24525 -0.524876 0.798347 -0.265761 -0.118215 -0.0814382 -0.675106 0.444638 1.18832 0.39104 -1.02174 -0.118203 0.439482 -0.312536 -0.590233 1.96656 -0.564779 1.27693 0.0812891 -0.678065 0.420321 -0.507133 0.874457 -2.24823 -0.546034 
0.901643 -0.177499 -0.940209 1.39531 -1.80649 -1.39833 -0.208485 -1.06801 -0.294404 -0.106331 0.454605 -0.746309 0.0475304 -0.0313381 -0.100819 0.0551076 0.831146 -0.921464 0.849202 1.10074 0.41344 -0.693205 0.00176209 0.0599367 -1.70903 0.240728 -0.0132584 -0.250441 0.208172 1.15501 -0.783074 1.03468 1.19374 -0.915566 -0.417518 0.347739 0.609348 -1.14757 -0.090041 
0.889809 -0.11669 -0.69609 1.81494 -1.92746 -0.805072 0.658611 -0.99318 -0.861852 -0.476097 0.606212 -1.49113 -0.154836 -0.0767914 -0.148253 0.854667 0.913698 -0.925104 1.46982 1.78275 -0.56389 -0.962482 -0.74112 0.444515 -0.592115 -0.0115034 0.0441051 -0.277803 0.625988 0.64515 -1.48112 -0.402361 0.441966 0.0310567 0.0273432 0.116313 0.21442 -0.814012 0.0285489 
0.850614 -0.247465 -0.454619 1.92891 -2.40948 -0.731242 0.830694 -1.41467 -1.14049 -0.606462 0.703364 -1.14715 0.0566322 0.103076 -0.335599 0.934688 0.123768 -1.32601 -1.38977 -0.470807 -0.37779 0.724589 0.143921 0.230915 0.561722 -0.216124 -0.0945239 -0.0306455 0.951433 1.27227 -0.852285 0.332018 0.24453 -0.64107 0.0863455 0.782151 0.602694 -1.35986 -1.68238 
0.928623 -0.275812 -0.165478 1.9016 -2.79416 -1.42162 0.378026 -1.2235 -0.22836 -0.374815 0.739074 -1.10458 -0.28465 -0.0729224 0.0994857 0.64922 0.972466 -0.370522 -1.04342 -1.4342 -0.305492 1.06671 1.75431 0.381863 -1.31867 -2.19018 -0.172248 0.0473335 0.434505 1.11881 -0.759958 -0.532296 -0.703657 -1.39881 -0.732488 0.861921 0.202415 0.238795 -0.924089 
0.801518 -0.199536 -0.0846209 2.49577 -2.64768 -1.19231 -0.014086 -1.59979 -0.206956 0.589133 0.918128 -2.04381 -1.41337 -0.37695 0.409137 -0.247368 1.53452 0.170132 0.678115 -0.531942 -1.51191 -1.6313 0.973202 0.043378 -0.236463 -0.998859 -0.264126 0.798321 0.799046 1.19915 0.201486 -0.760537 -0.38322 -0.148108 -0.193437 1.01224 0.519289 -0.159898 0.726 
0.727665 -0.080524 -0.299929 2.78647 -2.67673 -1.10992 0.0616386 -2.16285 -1.66101 0.289991 0.77018 -1.26272 -0.945863 -0.347721 1.15193 0.613948 0.805122 0.669948 0.0312335 0.888117 0.0998929 -1.3079 -0.441338 0.32948 1.08628 3.12232 -0.834966 1.1283 0.643136 0.668254 0.955822 -0.0422831 0.230916 0.0806616 -0.922352 1.77609 0.853425 0.36969 1.88659 
0.61516 0.349236 0.265532 2.96795 -2.20148 -1.17099 0.501163 -1.53147 -1.35598 0.292713 1.10447 -1.29929 0.723283 -0.955577 1.35983 1.26425 -0.545296 1.2711 -0.744565 0.861094 1.61435 0.490182 1.33498 1.12882 0.744807 3.44117 -1.4894 1.13388 0.811572 -0.899105 0.98851 -0.577645 0.228245 -0.032775 -1.06772 1.20482 1.12355 1.83868 2.51291 
0.237684 0.567184 0.416107 2.49458 -1.8351 -1.43684 0.561062 -1.14771 -1.23309 1.20064 1.39024 -0.751219 1.40726 -2.03023 0.625789 0.669008 -2.14337 0.820765 -0.802604 -0.562771 -0.150194 -0.0126819 2.00522 1.21529 1.47675 0.134982 -1.76516 0.89101 0.506693 -2.4764 0.769939 -0.956672 -0.11014 1.40976 0.933252 0.889016 0.724972 1.05509 1.35657 
-0.411608 0.647625 0.646664 1.77185 -1.65608 -1.52396 0.166721 -1.61949 -1.36908 1.65881 1.77144 -0.288298 0.831834 -1.86288 0.0369641 -0.4629 -3.13518 -0.111232 -0.525877 -1.018 0.277748 0.659642 -0.182557 -0.13379 0.722207 -1.68853 -1.93861 0.266597 0.247477 -1.9209 0.944759 -0.691104 -0.149532 1.83301 1.29503 1.71034 0.907605 1.30593 -0.927495 
-0.705492 0.58536 0.16039 0.737309 -1.90274 -1.66559 -0.0399756 -0.968189 -0.65656 1.08007 1.32521 -0.255144 0.277829 -1.06531 -0.208349 -0.277128 -0.712214 0.603725 -0.118159 0.34973 2.61221 1.60916 0.217288 0.0316352 0.341116 -1.3544 -0.679486 0.100132 -1.76784 -1.51684 1.47631 0.0166782 -0.086919 2.17989 0.4446 -0.949068 0.181537 1.18263 -1.43555 
-0.9564 0.54906 0.495469 1.38551 -1.25344 -1.5697 0.366671 0.0194948 0.040188 1.80995 1.79618 -0.052287 -0.0707526 0.77872 0.119385 -2.32873 0.879609 2.34031 0.537062 0.894187 2.65135 -0.11311 -1.05983 0.379288 0.923205 -0.191973 0.627787 -0.3652 -2.53308 -0.647694 1.88833 0.333781 0.53357 4.18132 0.638806 -1.4641 -1.34153 0.176277 -0.36578 
-0.329195 0.642759 -1.1451 1.25163 -0.357821 -1.41721 0.478828 0.695265 -0.757739 0.363366 1.53858 0.378094 0.16441 2.06945 -0.365146 -3.72332 -0.252702 2.24902 0.546878 0.410749 3.01185 -0.822862 -2.1307 -1.88683 -0.103302 0.865894 1.05958 -0.101122 -1.12153 0.947687 1.88179 0.45832 1.49145 2.90297 -0.748045 -1.60462 -0.320263 1.18923 0.345404 
0.064613 0.375878 -1.59466 1.25916 0.231434 -1.31691 0.602357 1.90833 -0.683452 0.365553 0.779979 -0.119555 0.534013 0.915183 -0.27869 0.558046 0.524562 0.502523 0.0556405 1.23141 1.25139 -0.812804 -1.03667 -0.825898 0.731432 0.628875 1.38199 -1.21865 -0.938093 -0.967761 2.00986 -0.56873 -0.0119947 0.869738 0.315153 -2.36783 -0.389556 2.38699 -0.518888 
0.115265 0.51072 -0.8264 1.56506 -0.0217509 -1.38493 1.19512 1.48349 -1.47256 -0.337601 1.09803 0.880464 0.608264 0.139492 -1.54694 2.24241 -1.1875 0.787671 -1.30651 -0.42778 -1.8469 1.20958 -0.96016 1.34464 3.43326 -1.55362 0.587155 -2.08084 1.81098 -1.37397 1.51216 -0.764 -0.337048 0.64187 1.31259 -1.00944 -0.455331 1.89312 0.494531 
0.121617 -0.359703 -0.328288 0.603904 0.755068 -1.89608 0.34697 0.759549 0.37538 -0.283423 1.51714 2.22659 -0.503827 0.0240474 -2.98569 2.30362 -2.56797 1.78083 -1.07239 -1.71169 -0.393265 2.43095 -0.284368 0.192995 1.90774 0.00207349 -0.173166 -1.95736 2.85313 -1.45224 1.24046 -0.506894 -1.58881 -0.828115 1.87776 -0.768606 0.236595 1.62939 -0.319204 
0.114605 -0.90954 0.47442 0.128727 1.15516 -1.859 0.187833 1.24349 0.657434 -0.527355 1.21031 2.18557 0.626583 -0.414832 -1.52376 2.26551 -0.972134 1.08441 0.628298 -1.83644 0.725657 1.10635 -0.0471036 -1.02321 -1.16297 1.12573 -0.503714 -2.14964 2.35458 -2.31731 0.97505 -0.611497 -2.3556 -2.03262 1.22469 0.972647 0.246082 0.602567 -0.146205 
-0.0982627 -1.08425 0.95109 0.0705 1.47389 -1.60674 -0.733375 1.21909 1.34368 -0.311948 0.969526 1.43619 0.277337 -0.82742 -0.386593 1.41676 -0.876261 -0.310485 0.256444 -1.64531 -2.34987 -0.921325 1.54575 0.141527 -1.07367 -0.204862 -0.752599 -1.01741 1.83002 -1.36312 0.492853 0.180854 -0.406051 -0.37882 1.03352 1.40411 0.100081 0.0942082 2.27317 
-0.311362 -1.09293 1.27626 -0.350432 0.956449 -1.73658 -0.780583 -0.219734 -0.152558 0.526519 1.29467 1.4561 0.504414 -0.78612 -0.0726942 0.626231 -1.05516 -0.343958 -0.400941 1.25782 -1.24191 0.167274 1.87064 1.15636 1.286 1.81962 -0.836381 -0.260393 1.1737 -0.875816 0.16203 0.257906 -0.779247 -1.66171 0.694182 1.52714 -0.739546 -0.951034 0.315708 
-0.5036 -1.11826 1.30815 -0.509883 1.25317 -1.77941 -0.00161565 0.448538 1.4884 0.962693 1.60452 2.317 1.52958 -0.507369 -0.022519 0.438239 -0.427409 0.550188 0.0723696 0.534836 0.106178 1.77599 0.438075 -1.16643 -0.26529 0.603122 -0.579619 -0.661986 0.90868 -1.07371 0.363862 -0.137003 -1.02241 -1.24851 -0.591745 2.29469 0.354828 1.20413 0.479961 
-0.577464 -1.10306 1.52755 -0.575628 1.32387 -1.69679 -0.472228 -0.147481 1.40302 0.827689 0.669352 1.27829 0.930784 -0.138506 -0.966292 0.810121 -0.542367 0.889166 0.209772 -2.71484 -0.445401 -0.900219 1.11322 -0.671848 0.389484 -1.20763 -0.217854 -0.938827 0.940454 -0.822632 0.158403 1.07025 -0.737839 1.18213 0.292767 1.5521 -0.0138236 0.483074 0.586065 
-0.585456 -1.57752 1.76868 -0.800123 1.84356 -1.67794 -1.59639 0.175953 0.696914 1.72265 1.24756 2.58602 0.726639 0.160642 -1.45068 1.0483 -0.797284 -0.315976 1.32607 -1.5863 1.47941 -1.41691 1.57827 1.14248 0.932224 0.146931 0.32883 -0.610259 0.102606 0.0412239 -0.713656 2.76659 -2.51899 1.89331 -0.00476536 -0.383399 -1.04863 -1.14261 -0.856447 
-0.509895 -1.79283 2.12209 -1.0101 1.12155 -1.09424 -1.40608 0.783296 0.158395 1.90366 1.29682 1.91768 1.04745 0.665076 0.00843649 -0.647088 0.600471 -1.97496 3.42227 -0.875026 2.98861 0.891961 -1.61861 -0.779365 -1.99641 0.080661 0.141873 -0.426825 -0.731833 0.340856 -0.975326 2.73563 -1.90978 1.91068 0.594413 -1.24725 0.664968 -0.255741 0.577701 
-0.265923 -1.57292 1.40933 -0.44374 0.550006 -0.134431 -2.11369 2.05026 1.47719 0.626237 0.832251 1.22686 0.798311 0.0672745 0.780525 -2.2034 1.30033 -1.16589 2.26521 -1.13535 1.08719 2.14841 -3.20916 -0.23021 -1.29868 0.592238 -0.441607 0.525337 -1.4593 0.931793 -1.64269 2.12867 -0.136672 0.205817 0.639583 -1.2755 0.0953899 -0.954585 0.789967 
-0.488964 -1.4208 0.887114 -0.257735 0.360179 -0.0701139 -2.07585 1.46887 2.04059 -0.273582 1.17948 1.03467 1.46643 -1.36924 0.814821 -1.65716 0.780098 -0.517076 -0.630196 0.680313 -2.71764 -0.104703 -0.0490794 0.906044 0.652478 0.934712 -0.997597 1.23735 -1.54807 1.52138 -0.635915 1.15124 0.53313 -0.449429 1.12596 -1.72703 -0.766139 -1.3995 -0.0465569 
-0.962526 -1.18457 0.481689 0.0142765 0.215408 -0.410013 -1.72014 0.357103 1.38339 0.59637 1.33143 1.67535 1.4498 -1.6596 1.15948 -0.241072 0.955755 0.197777 -0.760129 1.8952 -1.69853 -0.760662 0.953181 -0.831374 -0.667562 -0.665362 -1.61374 1.34773 -0.63232 0.77563 0.357586 -0.390246 1.55891 -1.99593 -0.760831 0.686957 0.00351453 -0.231595 -0.118522 
-1.3306 -0.868441 0.756205 0.299669 0.495794 -0.40402 -0.970815 0.412845 1.3715 0.377619 0.735955 0.582342 1.03163 -1.20734 1.29831 0.659262 0.368575 1.05279 0.105578 1.54142 0.0239097 -0.836997 0.938245 -0.906084 -0.985156 -1.10148 -1.39262 1.2491 -0.0617044 0.84002 0.308224 -0.887913 1.8711 -1.70353 -1.93281 1.7765 0.0878992 -0.0280563 -0.860805 
-1.57826 -0.56614 0.857337 0.239452 0.913428 -0.355316 -0.822294 0.377923 0.647351 1.23742 0.847369 1.00629 0.718916 -0.563748 0.798964 0.144551 0.288535 0.263214 -0.419777 0.771453 -0.601472 -1.62797 1.35553 0.947722 0.619575 -0.467274 -1.20647 0.948071 0.459667 0.635695 0.595541 -0.108184 1.06633 -0.630455 -0.778143 1.07787 -0.259903 -0.963678 -0.502674 
-1.62486 -0.487641 0.84226 0.479557 0.674452 -0.585148 -0.523889 0.0426862 -0.0582289 1.30223 1.25775 1.00838 0.731306 -0.718646 0.18798 0.0678045 0.572298 -0.156894 -0.258801 -0.0216898 -0.878998 -0.126076 0.460234 0.542726 -0.371492 0.434849 -0.765436 0.533301 -0.0511767 0.474869 0.109298 -0.502413 0.845928 -0.826308 -1.42778 1.28012 0.101568 0.247493 -0.305845 
-1.9499 -0.476097 0.900212 0.579894 0.815749 -0.464184 -0.83986 -0.165741 0.5348 1.55365 1.14942 0.756006 1.03105 -0.65771 0.0367848 -0.224442 0.413518 -0.103329 -0.252534 0.434181 -0.517336 -0.137147 0.306466 -0.812522 -0.282149 0.0567599 0.0493643 1.39979 0.29276 0.288211 -0.506255 -0.159113 0.653336 -1.98243 -3.2342 -2.14179 -1.00003 -0.382336 0.276305 
-1.96606 -0.46955 0.720708 0.730161 0.612008 -0.691203 -0.274481 -0.274872 -0.180489 1.51396 0.824453 0.819062 0.786751 0.798786 2.0068 0.395606 -0.147426 -0.614961 0.0385186 0.952851 -1.79655 -3.86926 -3.2566 -1.9269 -0.17203 -0.0878597 0.598602 2.2635 -0.135077 -2.44152 -1.20519 0.489611 0.848985 -1.06917 -3.33823 -2.61212 -1.92136 -0.698479 0.132629 
-1.56358 0.479496 1.12752 0.513114 0.416764 -0.439589 -0.286701 -1.28305 -2.86056 -0.65583 0.111472 0.641837 0.988309 1.61523 3.51267 0.0120182 -4.0422 -1.72648 0.886438 0.775809 -0.928489 -3.98663 -3.71561 -1.8424 -0.703563 0.103276 1.93802 2.92449 -0.960233 -3.72632 -2.7325 0.657476 2.1248 -1.05136 -2.50992 -2.48522 -1.36286 -0.0625218 -1.65699 
-1.17193 1.20266 0.732196 -1.5403 -0.518111 -0.285989 0.174996 -0.849477 -3.67878 -1.00743 -0.167642 0.342165 0.873777 2.29838 2.57938 -1.91149 -5.38914 -3.52667 0.816416 2.07536 0.374712 0.768129 0.0127887 0.0422913 0.0758353 -2.08078 2.8582 2.49665 -1.50018 -3.68066 -3.28665 2.65769 1.17268 -1.75352 0.815998 -1.86326 -1.02461 -0.261176 -2.77579 
-0.428213 1.70757 0.056778 -2.51945 -1.89747 -0.0658075 0.92384 -1.04291 -2.18888 -0.643656 0.141989 0.696815 -0.407418 2.95188 0.402478 -2.38083 -1.42657 -3.25395 2.60221 0.89549 -1.43882 4.99169 1.28214 0.424313 0.329509 -3.72773 3.0973 0.482861 -2.44068 -3.30627 -2.59231 2.70265 1.24117 -0.321031 3.67817 0.17078 -0.478063 -0.383626 -3.1094 
0.289856 1.39478 -0.602608 -2.33083 -2.65296 0.889409 0.694563 -1.74313 0.696999 -0.13269 0.0701555 0.570255 -1.64006 2.65067 -1.82274 -1.94299 0.476325 -0.402761 2.73143 -0.306443 -0.813155 3.77058 0.203858 -0.706547 -0.62116 -1.97777 3.21741 -1.41075 -2.48966 -0.50512 -1.01231 2.58 0.236914 -0.52536 4.08569 0.516118 -0.984859 0.287551 -1.70088 
0.883118 0.840739 -1.03169 -2.23331 -2.15688 1.1676 0.739512 -1.54541 1.11598 -0.501645 -0.233806 0.276151 -1.73321 2.18904 -2.61586 -1.55103 0.673366 1.71611 0.784141 -0.55779 0.725248 0.0501558 -0.615559 -1.78757 0.0639459 1.50198 2.72344 -2.61594 -1.88014 0.875991 1.08453 1.85075 -0.534858 0.167471 2.48636 -0.204457 -1.35515 -0.217924 -0.200651 
1.3706 0.150518 -1.47054 -1.9332 -1.51863 1.2487 0.363038 -1.28385 0.739005 -0.547498 -0.892188 0.61712 -0.603459 1.70116 -2.2809 -1.02603 0.821381 2.03882 -0.30529 -0.455742 1.03249 -0.703289 -0.476101 -1.16743 0.307603 1.70413 1.82082 -2.4121 -1.52109 0.613134 2.00848 0.0615087 -0.83084 0.717844 -0.190694 -0.91121 -1.02018 0.0774004 1.15415 
1.72017 -0.24412 -1.60424 -1.75194 -0.810269 1.03786 0.46775 -0.894041 0.497203 -0.821687 -0.859668 0.489293 -0.559365 0.720908 -1.16808 -0.850817 0.234004 1.31849 -0.713927 -0.626214 0.235175 -0.287961 -0.577502 0.37559 0.0355698 -0.0127188 1.07038 -1.4624 -1.04263 1.17956 1.73397 -0.562836 -0.780923 0.825202 -0.211069 -0.388559 -0.40227 0.897588 1.06104 
1.71802 -0.404769 -1.94452 -1.78416 -0.645832 0.935535 -0.00855835 -1.13095 0.484479 -0.936445 -0.680827 0.644621 -0.595182 0.00999496 -0.0134959 -0.620021 0.927112 0.580264 -0.446581 -0.657122 0.0724919 0.440329 -0.0360053 0.607708 0.939114 -0.33603 0.317757 -0.340683 -0.940273 0.969125 1.17591 -0.796403 -0.381834 0.517379 -0.035696 -1.02264 0.591782 0.477667 -0.610165 
1.71249 -0.249958 -1.94836 -1.21074 -0.423062 0.8447 0.0780523 -0.842847 0.881396 -0.84267 -0.522362 1.13339 -0.770584 -0.212027 0.633039 -0.63354 1.202 0.45588 -0.345486 0.0821083 0.455318 0.241517 -0.760737 0.435738 0.623801 -0.793782 -0.295199 0.337996 -0.810638 0.663235 0.628918 -0.492507 -0.29169 0.292979 0.350963 -1.95134 0.325509 0.374065 -0.0929568 
1.59945 -0.10293 -2.29624 -1.08743 -0.340442 0.787756 0.0346635 -0.840418 0.694311 -1.44991 -0.43683 1.07354 -1.11717 -0.480276 0.54292 -0.659557 0.0546568 0.366148 -0.212687 0.241486 0.315841 -0.00940255 -2.51223 -0.163637 -0.424652 0.20253 -0.344782 0.721272 -0.335736 0.516716 0.185224 -0.228598 -0.129752 0.544615 0.551019 -1.36997 -0.039434 0.162742 -0.44053 
1.45992 0.00899537 -2.31472 -1.16318 -0.176696 0.756532 0.214612 -0.639516 0.871169 -2.54632 -0.60358 0.846825 -0.616176 -0.337461 0.497532 0.104143 -0.437808 -0.18107 0.033712 -0.26696 0.271848 0.4364 -1.03003 -0.495015 -0.404918 0.208014 -0.44585 0.631514 -0.0892274 -0.183813 0.191439 -0.177025 -0.2615 -0.174403 0.883333 -1.17893 -0.650615 -1.48306 -0.472962 
1.41821 0.134423 -2.23292 -1.31851 -0.454024 0.810193 -0.126541 -0.664591 1.07506 -2.14636 -0.69785 0.800445 -0.959036 -0.230662 0.446871 0.519559 -0.330725 -0.0819301 -0.0311795 -0.614097 -0.556847 1.0976 0.970353 -0.738611 -1.65846 -0.830499 -0.603211 0.690762 0.199735 -0.22098 0.277483 0.549186 0.023382 0.170286 0.848135 -0.565367 -1.1483 -1.96 -0.409998 
1.33204 0.22224 -2.01767 -1.33367 -0.225066 0.749841 -0.149889 -0.981776 1.83179 -1.88345 -0.996772 -0.281711 -1.16309 -0.624852 0.585185 0.21232 0.106548 0.59553 0.678635 0.300347 -0.048723 0.608338 0.287565 -1.09366 -2.34529 -0.754054 -0.660006 0.69971 0.446584 0.262773 -0.278416 0.574819 -0.148045 -0.428125 0.899845 1.26356 -1.35163 -2.0629 -1.20864 
1.09343 0.413489 -2.10873 -1.24159 -0.0567755 1.12213 0.0444886 -0.689179 1.6066 -1.94747 -1.28369 -0.796797 -1.45405 -0.822379 0.64988 0.18684 0.717822 -0.345054 0.777278 0.403176 -0.0257994 0.0109831 0.670056 -1.13051 -1.23567 -0.754744 -0.840091 0.812156 0.692724 0.800739 -0.270781 0.158488 0.0542774 -1.08646 0.214531 0.871129 -1.52284 -1.48891 -1.56928 
0.908587 0.532093 -1.90782 -0.910892 -0.446512 1.10605 0.0813616 -0.992033 1.83944 -1.42465 -1.6026 -1.12173 -1.65857 -0.715864 0.687932 0.882895 1.07941 -1.01096 -0.480727 -0.22293 -1.42039 -0.345851 0.841555 -1.01161 0.253995 -1.30046 -0.944662 1.03592 0.758736 0.625996 -0.241384 0.27702 0.411376 -1.0079 -0.516073 0.70985 -0.882996 -0.495065 -0.951238 
0.723184 0.741451 -1.60726 -0.614224 -0.716236 0.91364 -0.0909306 -1.57131 1.3013 -1.37212 -1.82501 -0.620239 -2.32002 -0.685383 0.97419 1.01265 0.208648 -0.0258755 -0.423297 0.183158 -1.33753 -0.650503 0.248938 -0.0922524 0.534477 -0.495565 -0.911546 1.16786 1.14334 0.544463 -0.925881 -0.115565 0.240056 -1.19342 -0.625174 0.992649 -0.166975 0.574472 -0.303631 
0.553567 0.996281 -1.33335 -0.776204 -0.458009 0.923346 0.183762 -1.82237 1.26696 -1.252 -1.64509 -0.753765 -1.9781 -0.738997 1.14309 0.924134 -0.274013 -0.39607 0.317785 0.565108 -0.192744 -0.428366 0.445892 0.776422 0.540779 0.892825 -0.991735 0.980379 1.45029 0.109456 -0.216787 -0.756702 0.422352 -0.460979 -1.27968 0.501619 0.467682 -0.188245 0.0323907 
0.341385 1.28602 -1.08259 -0.752628 -0.971239 1.06359 0.235153 -1.68594 0.923638 -1.06564 -1.39616 -0.247975 -1.69697 -0.897575 0.562774 1.27925 -0.0492213 -0.307822 -0.583841 0.418819 0.710647 -0.931775 0.398754 0.732415 -0.806521 0.525168 -1.04665 1.0688 1.23918 -0.0676163 0.44782 -0.0155221 0.413979 -0.304271 -1.23885 1.22162 0.554498 -0.524907 1.27228 
0.0925585 1.26468 -0.608871 -0.78742 -0.654965 0.668573 0.424173 -1.37221 0.447806 -0.977552 -1.24012 -1.30092 -1.60465 -0.931679 0.532555 1.0343 0.170493 1.06836 -0.348999 0.0249359 -0.223132 -1.1035 1.13987 -0.0165192 -1.28372 0.750137 -0.996122 0.644098 0.862111 0.0704495 0.689786 -0.654188 -0.757865 -0.214369 -0.646957 1.75862 0.744668 -0.772692 1.2816 
-0.136659 1.54004 -0.495933 -0.639529 -0.262973 0.914237 0.244893 -1.81957 -0.0461212 -0.287576 -1.39755 -1.12078 -1.17079 -0.69239 0.446753 0.0835397 0.150724 1.34637 -0.288315 -1.49882 -1.00547 0.130664 1.88666 0.28978 -0.282993 1.12992 -0.734974 0.381527 0.894506 0.0257137 1.02783 -0.265212 -0.216173 -0.16195 -1.00295 1.21927 0.571342 -0.700579 1.08891 
-0.265961 1.47787 -0.557143 -0.685506 0.236167 0.546457 -0.458454 -1.99494 0.56042 0.30798 -1.07532 -1.49081 -0.820638 -0.241117 0.0651457 0.379665 -0.135421 0.481864 -0.0109851 -0.33295 -0.00110488 -0.137124 0.442835 0.799655 0.295066 0.654223 -0.64737 0.483482 0.438583 0.482277 0.613853 0.515384 -0.411184 -1.0471 -0.507249 1.16281 0.0929771 0.500942 0.981353 
-0.269769 1.57162 -0.277595 -0.699517 0.0595089 0.91661 0.0450419 -1.81439 -0.168361 0.0168281 -0.956097 -0.916192 -0.709728 -0.340465 0.310858 0.610222 0.562328 -0.422758 0.956154 0.912889 -0.410644 -0.759291 -0.377511 -0.166429 0.974919 0.134487 -0.285286 0.0129406 0.638002 0.203249 0.0531636 -0.416515 0.36244 0.0799755 -0.022236 -0.273632 0.762115 -0.287348 0.121661 
-0.448694 1.62639 -0.209086 -0.350704 -0.036391 0.982965 0.0713028 -2.24579 -0.107467 0.054933 -1.15805 -0.822285 -0.712423 -0.213329 -0.0455505 0.62911 0.434127 -0.406948 -0.548222 0.849542 0.102625 0.107297 -0.805204 0.246605 -0.705727 -0.508459 -0.20684 0.134295 0.774468 0.505117 0.0838837 0.21612 0.622807 0.126734 -0.501689 -0.75239 0.125074 -0.0541567 0.465635 
-0.388998 1.55053 0.081089 -0.437252 -0.20265 0.677826 0.5377 -1.74435 -0.076241 -0.52685 -0.814722 -1.39457 -1.03801 0.0113318 -0.100926 0.614122 0.184641 0.544174 -0.682361 -0.025235 0.575126 0.137528 -0.608625 0.33405 -1.05941 0.45886 -0.258214 0.077784 0.638647 0.288915 -0.112197 -0.30652 0.355469 0.225481 -0.341347 -0.648085 0.153018 -0.912936 0.0204162 
-0.455706 1.57894 0.141165 -0.2296 0.327077 0.683967 0.0516607 -1.88036 0.0111659 -0.355163 -0.969226 -1.54202 -0.383992 -0.19787 0.166849 0.380683 -0.00821062 0.231564 0.133846 -0.342884 0.194821 -0.5311 -0.0450341 -0.0404429 -0.579947 0.522481 -0.0571833 -0.130874 0.523592 0.105547 0.232657 -1.29971 -0.150972 0.774891 -0.517391 -0.511552 0.572107 -1.41866 0.155728 
-0.500506 1.63052 0.3 -0.425264 -0.0448097 0.745211 0.332032 -1.61668 -0.544002 -0.553969 -0.829096 -1.78711 -0.666386 -0.101396 -0.105044 0.213923 -0.0310195 -0.197565 -1.03977 -0.189858 0.462112 -0.778676 -0.0637277 0.450142 -0.933614 -0.268769 -0.272996 0.0644108 0.432995 0.109632 0.22304 -1.1047 -0.682205 0.282353 -0.781535 -0.13778 -0.0160646 -0.882391 0.349636 
-0.519025 1.52954 0.266251 -0.230517 0.202645 0.224535 -0.0643906 -1.58558 -0.673722 -0.394984 -0.717415 -2.17591 -0.549548 -0.236943 -0.0665256 0.304251 0.167898 0.100488 -1.59921 -0.629294 0.179204 -0.436161 -0.140336 0.0133983 -0.663004 -0.0800734 -0.321987 0.110661 0.360818 -0.266561 -0.460564 -0.649068 0.513563 0.611088 -1.67635 -0.968376 0.62564 -0.17205 -0.424967 
-0.631531 1.59945 0.475907 -0.313633 0.0268111 0.0346559 -0.0413684 -1.49877 -0.928501 -0.645848 -0.814256 -2.23632 -0.703836 -0.411678 0.277908 0.356995 -0.367927 -0.505129 0.174353 0.921823 0.354562 -1.29333 -1.20381 0.407884 0.684222 -0.296748 -0.285647 -0.33579 0.328938 0.374089 0.0911452 -1.00316 0.472655 1.0385 -0.606496 -0.547226 -0.0325634 -0.491004 0.0854401 
-0.73733 1.66238 0.471835 -0.422058 -0.124094 0.310104 0.470598 -1.35805 -1.80997 -1.20953 -0.488531 -1.70576 -0.734098 -0.21808 -0.460841 0.216308 0.3845 0.0319197 0.26755 1.30296 1.21299 -0.314995 -0.578495 -0.0631989 -0.032511 0.178706 -0.398679 0.391197 0.33435 -0.523071 -0.901001 -0.56676 0.609027 1.25166 0.055294 -0.96573 0.00470798 0.835331 0.313999 
-0.753133 1.38072 0.602336 -0.0794472 0.0533295 0.16206 0.716827 -0.734562 -1.20674 -1.03547 -0.840977 -2.25528 -0.565602 -0.223907 0.334959 0.172114 -0.411928 -0.864237 -0.931391 -0.0538074 1.32466 1.35923 -0.0602795 -0.406278 0.475417 0.692785 0.350161 0.248594 -0.343046 -1.45077 -1.77452 0.512612 1.32855 0.687123 0.616697 -0.88951 0.827781 1.91209 -0.106373 
-0.861843 1.82237 0.573398 -0.638495 -0.687047 -0.100679 0.434223 -0.524018 -0.619895 -1.24701 -0.701403 -1.3781 -0.246856 0.778724 0.850044 -0.757252 -2.54196 -2.72349 0.396638 0.590485 -0.293931 1.074 -0.586293 1.20003 2.69822 -0.329663 1.29208 -0.158621 -0.734029 -1.63467 -2.10117 0.895162 0.543552 0.0519926 2.51825 0.0116005 0.852851 1.36466 -1.17369 
-0.376834 1.78583 0.181008 -1.50106 -1.7326 0.347409 1.05777 -0.912451 -0.266809 -1.43039 -0.182285 -0.410739 -0.772498 2.28922 -0.584448 -1.33068 -2.01862 -2.32178 2.09929 0.828512 -1.26082 1.74745 0.0695344 1.57769 1.4246 -2.23255 1.87607 -0.2709 -1.53276 -1.98524 -2.09832 1.91495 0.483759 -0.960391 2.77742 0.199482 1.08405 1.91594 -0.732801 
0.268946 1.54482 -0.170557 -1.764 -2.20874 0.848966 0.914565 -1.30639 0.910654 -1.19627 0.162201 -0.402698 -1.74562 2.21947 -1.27564 -1.66302 -0.409169 -0.458217 2.11403 0.0990048 -1.00542 2.35264 0.840336 0.290265 -0.027125 -0.636413 2.35894 -0.937148 -2.17074 -0.966373 -0.738949 2.70043 0.117051 -1.17498 2.38367 -0.0717695 0.537131 0.947875 -0.605592 
0.719115 1.17936 -0.749937 -1.71594 -2.02848 1.30367 1.11089 -1.53515 1.7945 -0.855872 -0.0172208 -0.426022 -1.18765 1.48034 -0.886113 -2.09739 0.580475 1.1977 1.44564 -0.661634 -0.327486 1.19307 -0.168901 -0.841736 -0.107543 1.432 2.04222 -1.4196 -2.39897 0.114968 0.709021 1.52281 -1.04656 -0.518868 1.86359 -0.179423 -0.114079 0.00541085 0.280139 
0.995699 1.12372 -1.34589 -1.41894 -1.41539 1.5052 0.522225 -1.50526 1.95501 -1.30756 -0.286945 -0.47286 -0.756525 1.04415 -0.951618 -2.12557 0.57678 1.52588 -0.119698 -1.59044 0.300589 -0.054222 -1.07996 -0.452496 0.0259484 0.988391 1.33629 -1.18879 -2.07329 0.508393 1.46573 0.345653 -1.13364 0.262441 0.681657 -0.908162 -0.682552 0.193238 1.43059 
1.22799 0.727085 -1.94112 -1.37296 -1.01927 1.25725 0.174607 -1.34136 1.74497 -1.58626 -0.25517 -0.405088 -0.499718 0.655587 -0.979141 -1.17675 0.171359 1.01536 -1.00129 -0.9539 0.674699 -0.353872 -1.02019 -0.104561 0.369081 0.41696 0.745468 -0.744047 -1.42879 -0.138234 1.69175 -1.28667 -1.065 0.96231 -0.187105 -1.64778 -0.29806 0.822934 0.325781 
1.31049 0.658346 -2.00324 -1.30535 -0.741989 1.06304 -0.0412761 -1.07757 1.64268 -1.99733 -0.336109 -0.217765 -0.45654 0.147975 -0.216077 -0.130477 -0.785166 1.0293 -1.58525 0.0727262 0.989011 -0.179152 -1.07276 0.036509 1.11635 -0.577023 0.405599 -0.856441 -0.612445 -0.262222 1.82031 -0.913948 -0.116888 1.02456 -0.318767 -0.782921 -0.946052 1.04894 -0.39798 
1.28924 0.624843 -2.00981 -1.80058 -0.336694 0.552953 0.212334 -0.717171 1.58587 -2.31175 -0.22779 0.359957 -0.874547 -0.00638302 -0.364836 0.210245 -0.563862 1.73441 -0.212896 0.787382 0.698723 -0.0420541 -0.00572602 -1.20517 1.08933 -0.947361 0.0694636 -0.336804 0.0298136 -0.308254 1.42229 -0.422245 0.411437 1.22597 0.410562 -0.490736 -0.910475 0.471506 -0.176557 
1.29463 0.485311 -1.88022 -1.60775 0.404389 0.974775 0.414979 -0.634868 1.60382 -1.99774 -0.982449 0.52884 -1.08279 -0.0357278 -0.312881 0.178523 0.324307 1.11801 1.0185 0.513695 0.655618 0.68366 0.427525 -1.29717 -0.465597 0.334741 -0.134293 -0.235048 0.029626 -0.313461 1.45182 0.0750833 0.744685 1.7918 0.751183 0.445228 -0.085916 -0.086547 -0.014954 
1.25872 0.476533 -1.90464 -1.60045 0.404231 1.01745 0.508309 -0.301416 2.18347 -2.01775 -0.924049 0.0454528 -0.63038 -0.20686 -0.00452362 -0.162496 0.0952701 0.457604 0.300984 0.273966 1.7078 0.967094 0.579947 1.08178 -1.21913 0.915359 -0.0842048 -0.234617 0.324286 0.69265 0.781483 0.619439 0.204835 1.88622 -0.21628 0.881903 -0.955004 -0.885869 0.137678 
1.17863 0.483743 -1.96692 -1.53721 0.710912 1.11719 0.570559 0.438696 2.44999 -1.60016 -0.387917 -0.299888 -0.444443 -0.0975019 -0.0558024 0.334688 0.701143 0.0593335 -0.213651 -0.221712 1.87804 -0.953055 0.715632 -0.0249081 -0.78222 -0.168136 -0.272462 0.0197367 0.350302 0.755424 0.0744423 0.0132225 -0.101007 1.6394 -0.301349 -0.114827 -0.397445 -1.23511 0.179678 
1.19734 0.450563 -1.71161 -1.18711 0.448781 0.928847 0.373603 0.878578 1.34565 -1.52797 -0.929994 -0.485121 -0.727616 -0.2271 0.0347781 0.716802 1.0234 -0.350479 -0.294349 -0.417852 0.49352 -1.34151 -0.735413 -1.63484 -0.517169 -0.694103 -0.398934 0.26628 0.637205 0.876275 0.0972256 -0.174736 -0.514506 1.43023 -0.343073 -0.0720186 -0.572327 -0.165861 -0.216524 
1.05253 0.500879 -1.5589 -0.941533 0.485898 0.992362 0.320987 0.753109 1.27149 -2.09641 -1.2674 -0.649586 -0.898757 -0.538489 0.472745 0.672827 0.596983 0.0822774 -0.0272022 -0.51147 0.0416256 0.527122 -0.815323 -0.769362 0.541483 -0.126151 -0.368075 0.181394 0.966705 1.13147 -0.0970041 -0.439267 -0.875222 0.561174 -0.96524 0.14712 -1.43852 -0.599649 -0.453625 
0.915697 0.676121 -1.32833 -0.832696 0.508424 0.92394 0.0692047 0.910474 1.80596 -2.07852 -1.33987 -0.112375 -0.796348 -0.359596 0.249026 0.811209 0.653686 0.198092 -0.294816 -0.829403 0.255943 0.147451 0.921234 -0.354119 -0.33031 0.0912955 -0.65134 0.480515 1.00941 0.676783 -0.349021 0.135014 -1.23129 -0.116307 0.216508 0.389658 -0.73486 -0.378198 0.624463 
0.860236 0.619972 -1.09776 -0.555041 0.62172 0.867328 -0.169604 0.918993 1.39882 -1.46692 -1.45197 -0.871768 -0.819865 -0.500708 0.280212 0.922636 0.404905 -0.616133 0.194201 -1.24323 -0.204403 -0.262194 1.31714 -0.249082 -1.07922 0.926168 -0.614782 0.596145 0.970482 0.589092 -0.305206 0.134847 -1.02903 -0.115278 -0.134269 1.73943 0.392116 -0.880432 0.749791 
0.652923 0.810055 -0.804495 -0.586966 0.108668 1.01842 -0.663736 0.788557 1.57403 -1.18 -1.46745 -0.845625 -0.150663 -0.6212 0.685289 0.722769 0.217984 -0.665627 0.461596 -0.637044 -0.417335 -0.315594 1.33918 0.890058 -0.909901 0.871801 -0.675983 0.796415 0.865588 0.669236 -0.388563 0.806824 -0.686357 -1.43548 -0.153054 1.5475 0.484358 -0.882839 0.284865 
0.537276 0.946677 -0.68638 -0.415071 0.189409 1.08184 -0.547543 0.663954 1.12006 -0.553424 -0.961461 -1.48947 -0.21109 -0.577854 0.968215 0.445646 0.585776 0.0224238 0.857382 0.265132 -1.73467 0.0708583 0.693207 0.912245 -0.164361 -0.568041 -0.909217 0.783486 0.892364 0.39769 -0.926933 0.413032 -0.597633 -1.08545 -0.256402 1.29937 0.720913 -0.267219 2.09299 
0.351614 1.2714 -0.549034 -0.238897 0.128941 1.41059 -0.513329 -0.290058 1.63419 -0.705456 -0.964906 -0.954561 -0.519393 -0.829941 0.54286 0.687809 0.36946 -0.742992 0.0714751 -0.214605 -1.05041 -0.00333572 0.347888 0.099373 0.527396 1.83908 -0.983949 0.624148 0.79858 0.552278 -0.117655 0.263581 0.225749 -0.877109 -0.776358 0.874249 1.17672 -0.91794 0.789719 
0.11005 1.2056 -0.29467 -0.189395 -0.293791 1.12122 -0.678087 0.0131266 1.11516 -0.313539 -0.899972 -1.12634 1.05437 -0.992667 0.0100221 0.816785 0.231225 -0.20607 -0.521096 0.0566569 0.547452 -1.03173 0.439978 0.705856 -1.12831 1.58309 -1.09503 0.536348 0.886225 0.274274 0.0981946 0.152032 0.322905 -0.354462 -1.01534 -0.111262 -0.300265 -0.696454 2.19835 
-0.156893 1.27675 -0.0847577 -0.091435 -0.00108476 1.18398 -0.485013 0.0580736 0.727375 -0.402993 -0.574346 -1.72131 0.572277 -0.918025 0.297667 0.713071 0.0347148 0.886069 0.117932 0.674855 0.566951 -1.25258 -0.498709 -0.518401 -1.51028 1.0089 -0.946717 0.2387 0.767687 0.0563887 0.431952 -0.129127 -0.400476 0.303099 -2.12379 1.0962 0.493854 -0.858329 2.02391 
-0.361173 1.34784 0.111253 -0.15312 0.294567 1.18147 -0.287732 0.373448 0.014645 -0.648944 -1.17368 -2.15375 1.75623 -0.518377 0.363662 0.396847 -0.150602 0.854344 0.340297 -0.627329 -0.145492 -1.59269 0.98238 -0.0295959 -0.0809832 1.03791 -0.743587 0.377868 0.709107 0.119909 0.977332 0.182382 0.403364 -0.252748 -1.6098 0.534252 1.06664 -0.671082 0.11385 
-0.428493 1.4504 0.143248 -0.160013 0.566405 1.34404 -0.857262 -0.0270132 -0.671415 0.268049 -0.582835 -1.77335 1.29382 -0.268531 0.294295 0.408024 0.140234 0.587725 0.111439 -0.0999391 -0.913449 -0.737263 1.18892 1.98467 0.562884 -0.873302 -0.561781 0.488311 0.5728 0.345795 0.73098 0.257201 -0.0746087 -0.460434 -1.59151 0.735363 0.623311 0.664157 0.180094 
-0.507976 1.48848 0.345547 -0.0571411 0.686681 1.23879 -0.351124 -0.191754 -0.633923 0.162447 -0.0892503 -1.76641 1.18025 -0.377754 0.401522 0.508929 0.660984 0.246556 -0.0124121 0.521065 -0.48066 -0.374569 -0.0301472 0.88441 1.0012 -0.816111 -0.408931 0.386366 0.720212 0.34462 0.40352 -0.429303 0.457189 -1.02542 -1.08157 0.368387 1.28381 0.96859 -1.10748 
-0.629853 1.64206 0.434314 0.230609 0.734106 1.34577 -0.556972 -0.321642 -1.0019 0.251047 -0.0953937 -1.08689 0.756678 -0.38343 0.310995 0.730615 0.368404 0.0175117 -0.687485 0.751563 -0.473472 -0.600419 -0.714811 -0.218867 0.783145 -0.580309 -0.40908 0.419096 0.533697 0.415856 -0.109199 -1.19426 1.00231 -0.865758 -0.284164 -0.896518 0.684253 0.619275 -1.27315 
-0.712171 1.63706 0.761341 0.167937 0.703723 0.937496 0.0841548 -0.48189 -1.16248 -0.319806 -0.200435 -1.22875 0.803195 -0.274445 0.255103 0.335079 -0.046565 -0.417402 -1.57086 0.907436 -0.691268 0.0213644 -1.14377 0.0544581 -0.14376 -0.853077 -0.305218 0.236045 0.435067 0.160806 -0.332587 -1.16084 1.15661 -0.217383 -0.304865 -1.13666 -0.364823 0.828293 -0.963267 
-0.779609 1.76405 0.627566 0.220896 0.465071 0.647938 -0.0304094 -0.74794 -0.98514 -0.522698 -0.0582753 -1.18176 0.194437 -0.102855 0.0585256 -0.0424077 -0.132724 -0.526492 -0.851792 0.896838 0.174594 0.221656 -0.771988 -0.289202 0.366649 -0.685653 -0.344323 -0.0345122 0.584716 0.227665 -0.272337 -1.58869 1.4328 0.068516 0.59875 -0.973503 -0.479707 -0.772748 -1.49772 
-0.776219 1.6655 0.742207 0.109475 0.362931 0.562443 0.604511 -0.366864 -0.970063 -0.840913 -0.349783 -0.975311 0.354618 -0.274309 -0.309935 0.589523 0.381528 -0.000378629 -0.53177 1.13458 0.777357 0.715481 -0.13045 -0.720981 -0.945833 -1.10832 -0.277559 -0.0515958 0.240589 0.290153 -0.426575 -1.06048 0.918383 0.636239 0.616632 -0.33092 -0.267219 -0.771346 -1.99067 
-0.929298 1.61714 0.963977 0.4534 0.470345 0.416539 0.629179 -0.256076 -0.359636 -0.607859 -0.441901 -1.82399 -0.541089 -0.339248 -0.140152 0.423406 0.56048 -0.124753 -0.555332 0.412055 0.675947 0.537266 0.334979 -0.084247 -1.45428 -1.91718 -0.236834 -0.338948 0.443544 0.487331 -0.177586 -1.07927 0.183829 0.466009 0.75094 0.378912 -0.326019 -0.773348 -0.995464 
-0.958344 1.59939 0.985155 0.443231 0.286394 0.320467 0.840961 0.0615999 -0.500856 -0.6098 -0.387924 -1.96451 -0.930041 -0.102737 -0.222385 0.112074 0.33903 -0.273983 -0.900095 -0.872536 -0.156036 0.209258 0.618269 0.266432 -0.144598 -0.199536 -0.187558 -0.258015 0.418344 0.712613 0.0637276 -0.886689 -0.224773 0.0843333 0.631021 0.835286 0.296534 -0.966308 -1.41187 
-0.993287 1.5119 1.03176 0.661858 0.295648 0.0198034 0.113327 -0.347755 -0.178095 -0.184242 -0.289768 -1.91944 -0.659642 0.0409174 -0.26523 0.238384 0.494614 0.21566 -0.622962 -0.732325 -0.568559 0.239422 0.747442 0.488355 0.0939552 0.0674838 0.000725488 0.0232658 0.244193 0.0210236 -0.333385 -0.785318 -0.0349217 0.175562 -0.216114 0.0497155 0.103872 -0.338733 -0.410658 
-0.950578 1.47375 1.124 0.739719 0.433772 0.0481331 0.407223 -0.287982 -0.292861 -0.0984055 -0.115378 -1.89717 -0.867315 0.105179 0.258175 0.274618 -0.310923 -0.236206 -0.144721 0.822832 0.386265 -0.478448 -0.559355 -0.128054 -0.337935 -0.347362 0.501212 0.0850406 -0.0131847 -0.754048 -0.997855 -0.695291 0.351718 -0.0101033 0.127853 -0.208725 0.104295 0.679877 0.576374 
-0.953422 1.63534 1.191 0.50257 0.145799 -0.0378556 0.590342 -0.100395 -0.59968 -0.560857 -0.351679 -2.14683 -0.878555 0.761023 0.397909 -0.25826 -1.61746 -1.73163 -0.303315 1.23364 0.548786 -0.0839474 -1.02525 -0.349393 0.848248 0.66996 1.03973 0.120371 -0.572312 -1.9717 -3.19812 1.07261 1.13383 -0.829618 1.56085 -1.18696 1.1194 2.07366 -0.952 
-0.583121 1.6637 0.983425 -0.158815 -0.699731 -0.0807162 1.12482 0.0609829 -0.368465 -0.79161 -0.297385 -1.31508 -0.395569 1.55701 -0.0700815 -1.17772 -2.62009 -4.61022 1.54626 0.793102 -1.50953 2.40311 -0.992971 1.6671 3.22963 -0.903939 1.71008 -0.136229 -1.66551 -3.05246 -3.37312 2.41606 0.688349 -0.986326 2.28003 -1.49947 0.20515 1.96772 -1.4863 
-0.188369 1.60258 0.533097 -0.963256 -2.88118 0.663544 1.04995 -1.03826 1.50589 -1.23213 0.560438 0.0603596 -1.47533 1.97201 -0.612277 -2.37172 -2.91845 -3.37969 3.47381 -0.252576 -1.88306 2.89651 -0.934247 0.627458 1.89526 -2.6165 2.32723 -1.05815 -2.3729 -2.98497 -2.29248 3.40671 0.568211 -0.862432 2.39813 -0.0503529 -0.697062 2.91156 -1.32142 
0.389224 1.37291 -0.346255 -1.79345 -2.91729 1.48593 0.972039 -1.11041 2.16983 -1.42298 0.050637 -0.0184902 -2.15499 2.16189 -1.59026 -2.5697 -1.81561 1.13463 2.92863 0.0167444 0.34208 0.555259 0.921508 -2.63341 0.834041 -0.828062 2.46171 -1.65404 -2.3619 -1.72432 -0.528495 3.32659 -0.34516 -0.682206 1.0636 0.433248 -1.21965 2.60012 -2.37196 
0.878817 0.846384 -0.907971 -1.9739 -2.12932 1.98547 1.05489 -0.818523 1.99088 -0.602451 -0.860847 0.632751 -2.02058 1.96172 -1.98268 -1.35832 0.354783 2.57417 0.895596 -0.239264 0.95829 -1.58576 1.49286 -2.31455 1.7328 -0.48248 2.08524 -1.91956 -2.26488 -1.1709 2.20063 1.33512 -0.248817 0.859504 -0.674334 1.25347 -2.0596 1.51619 -0.812158 
1.35643 0.429966 -1.10576 -1.57608 -1.21854 1.89526 0.827054 -0.505426 0.77712 -0.405047 -1.19764 1.16723 -2.46564 1.17044 -1.42116 -1.00708 0.0737533 2.19083 -1.18144 -0.371281 0.80909 -1.39017 0.705754 -0.21218 1.27792 -0.241274 1.40642 -1.58436 -1.50525 0.186912 2.96123 -0.140539 -0.511482 0.788947 -1.33991 0.834338 -2.15328 1.20496 -0.324463 
1.45078 0.17066 -1.46986 -1.91554 -0.682721 1.46244 0.832591 -0.306819 0.769708 -0.119385 -0.968404 1.50805 -2.16747 0.286247 -0.50299 -1.01852 -0.0803366 1.90258 -1.09142 -0.489609 0.0978735 -0.0708746 -0.411673 -0.660253 -0.0561573 0.0477397 0.790275 -1.02746 -0.880837 0.73189 2.43096 -1.27457 -0.723541 0.523388 -1.45268 0.146518 -1.26801 -0.0939581 0.13008 
1.48674 0.191185 -1.67409 -1.6049 0.0384567 1.41264 0.535459 -0.438365 0.712982 -0.681308 -1.54832 1.13214 -2.41631 0.0932594 -0.191051 -0.383385 1.00997 1.48327 -0.507582 -0.659806 -0.110506 -0.405696 -0.520717 -1.5416 -1.41808 0.397993 0.0278507 -0.500153 -0.643 0.944654 1.71994 -1.07439 -0.86703 0.545998 -0.694762 -0.6316 -1.07198 -1.00278 0.685518 
1.48469 0.0803264 -1.68084 -1.32746 0.298459 1.2419 0.441322 -0.370034 0.411927 -0.469745 -1.79729 0.543555 -1.88037 -0.240474 -0.282171 0.00374877 1.48 0.695273 -0.334017 -0.74597 0.631154 -0.789256 -0.417089 -0.823157 -1.35519 0.831723 -0.115026 -0.0499429 -0.145071 1.7793 1.28902 -0.0261324 -0.974283 0.616527 -0.646655 -0.823128 -1.15575 -1.07965 0.604226 
1.35395 0.0574898 -1.66725 -0.750877 0.501313 1.27001 0.0937287 -0.0379041 0.0188148 -0.961249 -1.98738 0.210561 -1.83475 -0.275725 0.112018 0.155174 1.62912 0.462316 0.462398 -0.728625 0.934503 -0.395042 -0.557582 -0.0573487 -0.100774 0.375692 -0.259157 0.185878 -0.00424421 1.55988 0.644402 -0.464572 -0.582431 0.943597 -0.374327 0.292722 0.194306 -0.179121 1.32321 
1.33429 0.134219 -1.58881 -0.389061 0.608082 1.45677 0.00974961 0.220076 0.0634907 -0.845156 -1.82084 0.478012 -1.6084 -0.172231 0.573008 -0.00950238 0.833258 0.274578 -0.288468 -0.0840139 0.633249 0.324736 0.792612 1.08627 1.0959 0.877519 -0.349954 0.44657 0.151595 1.02519 0.0834251 -0.556787 -0.291377 0.842502 -0.311197 -0.442558 0.157648 0.61376 0.42782 
1.25525 0.330761 -1.66787 -0.262782 0.687447 1.14782 0.0396636 0.363866 0.301631 -0.41916 -1.39042 0.961651 -1.22209 -0.282024 0.587699 0.0852443 -0.109856 -0.341594 -1.2063 0.313434 0.193774 0.00846142 -0.0248792 0.269897 0.950501 0.16845 -0.28659 0.543026 0.132652 0.164042 -0.411837 -0.581759 0.0725801 1.27082 -0.083489 0.463681 0.0534595 1.46258 0.946429 
1.18075 0.414482 -1.53612 -0.434584 0.388911 0.922582 0.188444 0.347092 0.0689307 -0.858579 -1.66682 1.12988 -1.47713 -0.284297 0.277993 0.219998 -0.592773 -0.903515 -0.488319 0.187515 1.07176 -0.430186 -0.19435 -1.01742 0.94107 0.341445 -0.46185 0.519839 0.393942 -0.146403 -0.654973 -1.06194 -0.0842017 0.929493 -0.061979 0.593843 -0.258038 0.799599 0.615221 
1.10057 0.463639 -1.53937 -0.581543 0.098658 0.935926 0.144615 1.03979 -0.0776274 -0.547743 -1.93489 1.60708 -0.973372 -0.454472 0.226935 0.537999 -0.11066 -0.655369 -0.202747 -0.43337 1.05164 -0.0873552 0.792728 -0.630683 0.159159 0.619542 -0.609272 0.588878 0.826324 -0.244718 -1.02953 -1.10366 -0.478598 0.640604 -0.0315988 0.359279 -0.413724 0.313755 1.0742 
0.941072 0.523062 -1.2287 -0.480563 -0.0366527 0.838876 -0.0702163 1.01043 -0.00966135 -0.316411 -2.00145 1.24172 -1.03961 -0.687698 0.644925 1.08626 0.226264 -0.660397 -0.975663 -0.869523 -0.215348 0.3888 0.65659 0.441904 -0.510963 1.04377 -0.973609 0.864883 1.18177 -0.117829 -0.377029 -0.667952 -0.513158 0.230438 0.218981 1.0293 -0.10577 -0.176518 1.67354 
0.744392 0.771135 -0.923475 -0.436888 -0.330213 0.505269 -0.369472 0.911029 0.261373 -0.0980858 -1.68755 1.26162 -0.247844 -1.09953 1.12888 1.32974 -0.0674232 0.0791197 -0.687532 -0.297891 -0.747518 0.355336 0.542474 0.479912 -0.414802 1.54555 -1.3404 0.925142 1.68438 0.147077 0.266645 -0.319518 -0.805088 -1.10602 -0.655868 0.700181 1.87932 -1.00637 2.08204 
0.379186 1.06086 -0.475819 -0.502077 0.0209128 0.537557 -0.249535 0.548969 0.299991 0.0557014 -1.73349 0.961877 0.0265721 -1.45223 0.805403 1.57544 -0.0109721 1.05845 0.544172 -0.277781 -1.28009 -1.20091 0.249806 2.14526 -0.905395 1.65286 -1.27246 0.751298 1.44895 0.38718 0.74728 0.569271 -0.645251 -0.774375 -0.16266 0.797468 1.33743 -1.32488 3.39269 
0.00633488 1.155 -0.0323561 -0.426462 0.371534 0.756845 -0.537013 0.116608 -0.79382 0.0751489 -0.515983 0.646988 0.891194 -0.931876 0.0487831 0.96005 0.63926 1.04645 1.42633 -0.621621 -0.301362 -0.558531 0.490674 1.35985 -1.44706 2.85653 -0.732622 0.324971 1.09472 0.823255 0.337526 0.7966 0.824458 -0.606076 -1.97513 1.49884 2.20412 -2.51689 2.85736 
-0.0989556 1.08467 0.0690621 -0.123748 0.714768 1.18512 -0.618442 0.366434 -0.191827 0.392614 -0.98808 -0.0223966 1.98278 0.28319 -0.296407 0.154793 1.23037 -0.553108 0.493948 1.45282 0.457829 -1.23997 1.69715 0.889883 -2.62374 2.05264 -0.660881 0.228272 0.743062 0.363977 0.403475 0.94736 0.272842 -0.803366 -2.52156 1.05156 1.88764 -2.77595 2.16194 
0.135116 1.01453 0.0594617 0.286318 0.013235 0.985875 0.308944 0.408708 -1.88327 1.2319 -0.025573 -1.14027 2.30164 -0.122562 0.308547 0.214683 -0.101879 -0.441284 -0.189696 1.01052 -0.786555 -2.55698 0.873524 1.23879 -2.44442 -0.0559266 -0.732024 -0.198169 -0.15736 -0.000570352 -0.0598478 0.385709 0.591577 -0.039244 -0.633497 0.6276 -0.0595467 -1.89961 0.324744 
-0.172847 1.23208 0.194576 -0.164757 0.430024 1.10727 -0.0315072 -0.119436 -2.4363 0.989686 -0.308356 -1.68729 1.96172 -1.45127 -0.0151104 -0.402417 -1.23432 0.456963 0.0031461 -0.60967 -0.516841 0.455477 -0.885318 -0.9769 -0.0419953 -1.64262 -0.75394 -0.240393 -0.351535 -0.69806 -0.270923 -0.429587 0.485745 -0.293029 -0.874587 0.80986 1.32995 -1.21711 -1.06157 
-0.602465 1.00792 -0.162225 -0.395435 0.319337 0.994591 -0.0529642 0.0914595 -1.48579 0.633782 -0.548058 -1.16571 1.20338 -1.08053 -0.68629 -0.769037 -0.937829 0.0256425 -0.386724 -0.318203 0.385816 1.47483 0.175769 0.590653 0.733295 -1.33795 -1.22371 0.0388646 -0.0261073 -1.31189 0.211939 0.133082 0.0776443 -0.513671 -0.0564672 -0.99612 -0.039948 0.559827 -0.847003 
-0.725243 0.906074 -0.233383 -0.678752 0.452413 0.94098 -0.222722 0.127643 -1.14484 1.11261 0.0196959 -1.18365 1.0703 -0.502254 0.0753658 0.362127 -0.716903 -0.141715 0.16131 0.720388 -0.180996 -0.527566 -0.41837 0.916914 0.816284 0.527941 -1.10242 -0.453069 -0.272751 -0.464436 0.0364352 0.0291907 -0.163003 -0.153548 0.599855 -0.423354 1.15547 1.15331 -0.671051 
-0.866012 1.04437 0.0462459 -0.784428 0.231642 1.07431 0.364057 -0.0158239 -1.95045 0.35297 -0.0429804 -0.605431 1.57871 -0.679233 -0.0250234 0.339135 0.245045 0.0239523 0.414384 0.085964 -0.59874 -0.736623 -0.733209 0.998141 0.871098 0.45223 -0.719954 -0.264152 0.118094 -0.376882 -0.0362984 -0.15989 -0.37901 -0.00709319 0.89941 0.358717 1.11146 0.658032 0.486635 
-1.07719 0.894751 -0.0378482 -0.52347 0.473691 1.1343 -0.177242 -0.240808 -1.79285 0.617855 0.568846 -0.585967 1.39423 -0.64655 -0.490374 -0.174628 0.154134 0.0812163 -0.382616 -1.26047 0.165276 1.63561 0.879877 0.611184 0.0953645 0.092732 -0.736831 -0.085452 0.320353 0.353453 0.166574 0.180246 -0.191701 -0.0382477 0.2177 -0.354905 0.487423 1.16821 0.950451 
-1.20163 0.811598 -0.0472789 -0.680584 0.290587 0.909859 -0.378982 0.0933765 -0.517987 0.954358 0.296211 -0.537126 1.65857 -0.49653 -0.109704 0.167863 0.276709 0.222629 -0.187826 -0.359102 0.54107 1.00302 0.26495 -0.330751 0.754134 0.771969 -0.594749 -0.213763 0.51083 0.864894 0.543028 0.569865 -0.21721 0.414973 1.54785 1.01575 1.04616 0.379209 -0.118067 
-1.33788 0.843129 0.0613234 -0.350274 0.625653 1.05729 -0.392408 0.103334 -0.915166 0.801381 0.396955 -0.0681058 1.93523 -0.302245 0.154398 0.982513 1.12709 0.735188 1.12219 0.950978 0.387325 0.273004 0.437669 0.826848 0.426292 -0.258906 -0.544708 0.0609863 0.475426 1.03933 0.517726 -0.18124 0.924344 1.20788 0.956367 -0.0242621 0.1568 0.90457 0.6631 
-1.36528 0.885659 0.510241 -0.0262368 0.779699 1.4209 0.173081 0.341399 -0.28054 1.25525 0.75242 -0.242989 1.49972 -0.372328 0.204656 0.584096 1.26355 0.555477 -0.0615903 1.67649 1.07919 0.175338 -0.30242 0.542129 0.502349 0.0783235 -0.443418 -0.0884304 0.445718 0.97931 0.539431 0.649626 1.56272 0.741545 0.316706 -0.063678 1.01405 1.39507 0.00328583 
-1.53653 0.941108 0.394681 0.381285 0.996556 1.03694 0.584539 0.7839 -0.763374 0.599361 0.698678 0.277933 2.00531 -0.404808 -0.293797 -0.277482 0.324037 0.0757725 -0.277594 1.27619 0.605011 0.115628 -0.526493 0.566889 1.51626 0.250638 -0.375584 -0.164513 0.400214 1.27828 0.70067 0.429157 2.20094 0.87801 0.807552 -0.750497 -0.127097 0.555728 -0.299271 
-1.58015 0.746431 0.358847 0.173739 0.835063 1.3036 0.915598 0.725514 -0.181114 0.900966 1.06758 0.79496 1.68678 -0.226363 -0.463386 0.0490542 0.631534 0.499544 0.615893 1.46023 0.0968972 0.819295 -0.68125 -0.722316 0.266206 -0.480284 -0.317469 -0.55271 0.155783 0.673615 -0.0614956 -0.122753 1.32709 0.750855 -0.936705 -0.731734 -0.0718282 0.0883034 -0.259933 
-1.66227 0.721174 0.427007 0.755244 1.33067 1.32071 1.43484 0.850352 -0.0468238 0.139913 0.314328 0.462824 1.69616 -0.101049 -0.573797 0.524517 0.673146 -0.174412 0.105187 0.615163 0.399862 -1.27446 -0.432731 -0.670846 -1.40149 -0.60141 -0.191035 -0.771548 0.328195 0.405355 -0.202694 0.0779534 0.601043 1.0067 -0.103279 0.398412 -0.221698 -0.957422 -0.355024 
-1.6433 0.473955 0.658683 0.571241 0.725861 1.35812 1.271 0.981374 -1.30081 0.610396 0.711154 -0.158216 1.2954 -0.0775221 -0.747441 0.470332 -0.0327071 -0.811911 -0.524026 -0.603593 1.25248 -0.949178 1.19447 0.411652 -1.6141 0.00577735 -0.273333 -0.755511 0.0866614 0.807511 0.237273 -0.596698 0.264022 0.944874 0.0419604 0.376265 -0.636414 -0.54146 -0.30358 
-1.71366 0.366063 0.696357 0.753371 0.802133 1.09279 1.07649 1.63925 -0.881243 0.955081 0.545256 -0.635442 1.717 -0.334302 -0.611878 -0.386671 0.522868 0.528008 -0.901645 -0.23883 0.86626 1.32389 0.917101 -0.211816 0.635404 0.193843 -0.222091 -0.8661 0.496676 0.743729 -0.454503 -0.448297 0.0534559 0.994354 0.281527 1.48237 0.72618 -0.891047 -0.900765 
-1.82295 0.183357 0.445856 0.883716 1.07869 0.960686 1.12627 1.52882 -0.141724 1.23708 0.603795 0.278622 1.44391 -0.275973 -0.611685 0.315195 1.13401 0.118392 -0.0770289 0.679839 0.0802731 1.29438 0.731019 0.585043 0.359045 -1.19041 -0.21958 -0.518253 0.0441149 1.29894 0.360334 -0.491078 -0.2592 1.21531 1.03778 0.860263 0.285189 -0.00382994 0.358982 
-1.86418 0.075557 0.878423 1.41163 0.885531 1.06552 1.46976 1.69531 0.25196 1.45532 0.870264 -0.387196 0.925739 -0.0151822 -0.201672 0.457308 1.4029 0.0118598 0.244259 -0.130504 0.764008 -0.0450216 0.197863 0.600275 -0.649505 0.260726 -0.166577 -0.511558 0.178872 1.00664 0.319505 0.614664 0.224904 0.175479 0.694207 0.919951 0.629026 0.0132827 -0.132231 
-1.84321 0.0879694 0.707879 1.69412 1.09202 1.07763 1.04497 2.01234 -0.183189 1.37502 0.937068 -0.161385 1.63783 0.0111589 -0.191363 -0.031689 0.357705 0.359675 0.875592 -0.359256 0.149844 -0.439681 0.461711 0.277653 -0.349211 1.00581 -0.227632 -0.384925 0.477004 1.10443 0.119384 0.221405 -0.527031 0.459615 0.231966 1.00654 1.38685 -1.26445 -0.516838 
-1.87128 -0.0149246 0.86532 1.63066 1.12764 1.46586 1.25451 1.79486 -0.135626 1.77255 1.02849 -0.622277 1.62549 -0.347164 -0.402761 0.297145 0.234025 0.163292 0.0364935 -0.620528 -0.151295 0.329033 1.10768 1.30766 -1.12783 -0.945788 -0.283141 0.00695728 -0.288179 0.501366 0.574271 -0.211771 0.508561 -0.437957 0.0756098 -0.23421 0.0601717 -0.199943 -0.140113 
-2.02929 -0.103113 0.879788 1.84316 1.20495 1.10132 0.676707 1.92362 0.103396 2.1312 1.65416 -0.927809 1.01265 -0.462178 0.201574 -0.422583 0.383694 0.504021 -1.16521 1.08409 -0.745731 0.530655 -0.772719 -0.199549 0.0608054 -1.20067 -0.429207 -0.202506 0.00845199 0.15673 0.214902 0.187032 0.126024 -1.0411 0.684584 0.179698 -0.0604074 -0.670376 -0.979633 
-2.11481 0.0815868 0.632287 1.86439 1.46469 0.950121 1.88453 1.33452 0.327784 1.25094 0.927782 -0.577555 0.827271 -0.337187 0.0844414 -0.282843 -0.00439817 0.156442 0.198999 0.800194 -1.25674 0.513784 -0.879414 -1.39586 0.181426 -0.341469 -0.345565 0.0306527 -0.100555 0.0315175 -0.0111159 0.0934794 -0.280849 -0.532658 -0.298901 -0.246152 0.0587648 -0.0569451 -0.0465151 
-2.21038 -0.0623436 0.725378 1.85731 1.31338 1.19795 1.14047 1.1438 0.552009 1.5371 0.904349 -0.800774 0.797734 -0.08856 -0.154199 0.264692 -0.340004 -0.526402 1.27752 -1.48428 0.0223283 -0.902055 0.446152 0.275713 -0.1492 1.1276 -0.31417 -0.108086 -0.0996852 -0.286022 0.172578 0.401287 0.202892 -0.928043 0.0892021 -0.868117 -0.779393 0.165644 -0.0508114 
-2.17172 0.00879136 0.785937 1.68864 1.12396 1.53089 1.01042 1.35435 -0.465309 1.5576 1.08495 -0.676144 1.60971 -0.1634 -0.25467 0.126325 -0.423447 0.099227 0.318607 -0.51098 0.000942902 -0.406029 -0.2575 0.315995 0.0415174 0.262809 -0.161265 -0.015165 0.491635 -0.608115 -0.390366 0.3098 -0.94652 0.0730079 -0.0917902 0.0147164 0.370916 0.238458 0.364427 
-2.30467 -0.182952 0.801179 1.63435 1.38417 1.34827 0.836354 1.15026 0.193937 1.3656 1.08337 -0.769214 0.993066 -0.167768 0.129712 0.512872 -0.566139 -0.070036 -0.880377 0.135414 0.0698097 0.786356 -0.432838 0.230986 0.473987 -0.665943 -0.165111 -0.0995414 -0.0497654 -0.857162 -0.154971 -0.690084 -0.326278 0.417913 -0.11662 0.255872 0.665922 0.345762 0.10373 
-2.26819 0.0711046 1.07922 1.38495 1.08342 1.143 1.08486 1.40386 0.222353 1.26696 1.21785 -0.34946 1.17451 -0.0990734 0.0978436 -0.203987 -0.852521 -0.339356 -1.23803 0.0460508 0.555617 0.259675 0.585012 0.597591 0.433357 -0.140377 -0.205382 -0.0129508 -0.0345417 -0.361436 0.243246 -0.597684 0.164104 0.492237 1.4543 0.658393 0.641682 0.510411 -0.471159 
-2.36683 -0.135804 0.691136 1.16863 1.16647 0.799846 0.85846 1.5035 0.419694 1.76662 1.41519 -0.470257 0.914676 -0.159036 -0.150726 -0.566485 0.0263063 0.432673 0.0826212 0.098522 0.586829 1.00676 1.28479 0.649167 0.231183 0.0403202 -0.089806 0.298979 0.116045 0.455472 0.171359 0.183395 0.523376 0.31205 -0.216462 0.321049 0.40363 0.761053 0.949727 
-2.3603 -3.81802e-05 0.765225 1.41647 1.37354 1.18739 1.13769 1.77661 1.10331 2.1435 1.57765 -0.188469 1.21879 -0.0431039 0.370386 0.388248 1.52577 0.59318 1.46873 0.6999 -0.141604 -0.529294 -0.172582 -0.0457715 0.622388 1.36363 -0.196559 -0.115074 -0.0907578 0.251872 -0.0121295 -0.332648 -0.0464077 -0.364269 0.153167 0.554287 -0.304139 -0.0657933 -0.588332 