-1.73735 -0.237729 1.01516 0.61933 0.887085 0.99593 1.74543 0.25544 0.775807 0.853209 0.316839 0.293011 0.299744 0.805706 -0.630823 -0.807725 1.49074 -0.500849 -0.414437 -0.245303 0.187421 1.11236 1.92084 0.470055 -2.06064 -0.641033 3.19452 -1.94062 -1.58276 0.801329 -0.483093 0.311116 -0.459705 1.47915 -0.286934 -0.339726 -0.585777 -0.812074 0.518416 
-1.40781 -0.614843 0.905726 1.28475 1.16177 0.833525 1.37597 0.708395 1.24899 1.20024 0.42166 -0.23593 0.502265 4.89102 -3.62944 -2.53515 1.89703 0.330857 -0.0136113 -0.972029 2.52995 -0.843719 -1.31442 -0.743361 -0.234074 0.38444 2.2986 -0.863586 -1.12819 -0.213659 -0.446746 -0.161811 -0.728456 0.268093 -0.470356 -0.12279 0.138781 -1.36559 -1.32249 
0.173895 -2.21792 -0.207636 1.34766 1.04372 0.989169 1.15653 1.63424 0.0991568 0.136474 -0.188187 0.0788982 0.60664 2.72545 -0.663881 -0.897749 -1.79611 -0.18102 0.215565 -0.716815 0.178414 -1.70342 -2.07743 -0.2968 0.386967 -0.940515 1.10996 -0.338599 -0.163321 0.134045 0.376263 -0.00797673 -0.167408 1.15726 -0.141892 -0.597501 -0.162373 -0.250402 0.094019 
-0.34786 -0.977912 0.472285 0.600082 1.07084 0.955211 0.940438 0.809628 -0.124816 0.0662445 0.224094 0.114842 -0.261034 -3.18633 3.12619 2.29453 -1.71212 0.243081 0.00891285 0.755489 -0.943872 0.657481 0.566502 0.534509 -0.0699034 -0.261532 0.349557 0.0338504 0.215763 -1.04878 0.471067 0.521319 -0.122371 0.348761 0.249197 -1.57041 -0.0239645 -0.00328197 -0.73725 
-1.09011 -0.514258 0.897848 0.695126 1.1579 0.995033 1.60575 1.12575 0.639875 0.448332 0.186608 0.0141111 0.39177 -2.18922 0.722127 1.23266 0.313163 0.899617 0.447829 0.560126 0.298127 1.99919 0.11762 0.263562 -0.387427 0.0631712 -2.58405 1.64536 1.47323 -0.887108 0.180934 0.153144 0.281721 -0.750817 1.12016 -0.0818145 0.991001 0.725804 -0.790154 
-1.21989 -0.585187 1.06586 0.722421 1.50255 1.20707 1.27225 0.9759 1.50394 0.132628 0.41234 -0.238757 -0.213634 -0.78526 -0.638474 -0.0505373 0.457142 0.0328086 0.18976 -0.375179 -0.0885956 0.711726 -0.672055 0.72005 0.96492 -0.679471 -1.61842 0.408638 0.392844 -0.121166 -0.151217 -0.120105 -0.0003473 0.505476 0.90273 0.777308 -0.012732 -0.117411 0.478158 
-1.41024 -0.863472 0.872828 0.872552 1.17038 1.10226 1.37551 1.08192 1.22458 0.0828765 0.689149 0.890577 -0.160677 -0.298573 -0.0988621 -0.628906 -0.488112 -1.13055 -0.594059 -0.554657 0.393481 -0.897961 0.846985 -0.282548 0.246791 0.521966 -0.490398 0.00328165 0.273286 0.155064 0.526069 0.137095 -1.03721 -0.161249 0.020985 0.0947854 -0.538132 -0.571686 -0.338602 
-1.3487 -0.640149 0.762025 0.538194 0.952379 0.874989 0.934163 1.19398 0.7833 0.597872 0.224587 -0.0154859 0.204344 0.0308106 0.650635 0.472776 -0.242589 0.769713 -0.0113443 -0.997247 -0.134778 -0.697221 0.786482 -1.40567 -1.6635 0.281814 -0.0848724 -0.301447 -0.0591445 0.463014 -0.501169 -0.0813478 0.00148934 0.0162672 -1.08125 1.04976 0.436744 1.41392 0.914405 
-1.40957 -0.509732 1.10009 0.782261 1.53926 1.09677 0.771456 1.013 0.666731 0.515033 -0.27188 -0.623715 0.0633247 0.167259 -0.348377 0.546448 1.13689 0.365634 0.49675 0.562567 -0.37324 -0.446008 0.456994 0.833862 1.49338 0.5881 0.894386 -0.688547 0.449126 -0.216667 0.0726399 -0.876787 -0.571499 0.424494 -1.31821 -0.607385 0.0476111 -0.0112635 0.228311 
-1.2944 -0.831173 1.0248 0.975692 1.12583 1.15427 1.26744 0.995503 0.429166 0.849845 0.805487 1.34166 0.67574 1.34262 -1.68146 0.216422 -0.0670232 -0.659066 -1.08999 0.24371 0.715251 -0.938803 -1.54671 1.46325 1.65324 0.0026861 1.12643 -1.36935 1.09748 0.381789 0.535926 -0.481108 -0.318572 -0.0639741 -0.833111 -0.272904 1.00252 0.938822 -1.11237 
-0.89322 -1.42769 1.20376 0.759142 1.21712 0.486723 0.913128 1.40589 -0.0870249 -0.328734 0.742356 0.878833 0.0618693 1.56273 -1.7088 1.12707 -0.602644 0.451928 -1.09865 -0.979988 0.283362 -0.592139 -0.800577 0.435316 -0.336731 -1.91682 1.38739 -1.83372 0.467849 -0.782364 -0.701831 -1.81217 0.153092 0.179482 -1.57578 -0.219348 1.44743 1.18264 -0.595811 
-0.69152 -1.76404 1.56748 0.747645 1.34102 0.539377 0.673761 1.15375 -0.04347 0.414106 1.11199 1.03417 -0.876143 0.788374 -1.07579 0.501201 -1.04026 -0.412031 -1.19201 -0.034336 -0.471021 -1.01467 1.26984 0.370433 -0.197131 -0.709838 1.24558 -1.95485 0.4605 -1.74884 0.694813 -1.09201 0.291569 0.939493 0.273656 -0.358653 0.481031 -0.369526 -0.70262 
-0.594748 -2.01537 1.44472 0.363665 1.01446 -0.1805 0.887713 1.15429 -0.9023 0.367749 1.00418 0.698322 -0.515107 0.350347 -1.23106 -0.420608 -1.86743 0.608077 -0.274353 1.37338 1.00387 0.918053 0.350182 0.172189 -0.113557 1.08115 0.645854 -0.963522 0.266524 -1.39668 0.463328 0.183525 0.0295155 0.109846 0.742815 0.806444 -0.778686 -0.241632 -0.353656 
-0.565238 -2.43639 1.36406 0.0356945 1.63173 0.386478 1.49429 1.70345 0.708553 0.607669 1.23732 0.929676 -0.00650235 0.203158 -0.369574 -0.0892294 -0.933242 1.11882 1.42904 0.0794896 0.619686 1.91881 -0.268938 -1.36127 -0.0960753 0.294067 0.223887 -0.500108 0.296704 -0.787255 0.302017 -0.508705 -0.181674 0.0427501 0.655895 0.195618 -0.320625 -0.917679 0.612486 
-0.526327 -2.21795 1.40105 0.00913132 1.55218 0.621302 0.9307 1.49526 0.661264 0.222741 0.0737251 0.609729 -0.281208 -0.00721519 0.484328 0.878399 0.753248 -0.14743 -0.362379 -1.60888 -0.947285 -0.121038 -0.110153 -0.581832 -1.00998 -0.334376 0.115143 -0.418895 -0.0382715 -0.901549 0.454165 0.0295229 -0.314962 0.147837 1.36013 0.0783359 -0.117239 -0.971277 0.150628 
-0.579516 -2.17334 1.78686 0.32641 1.55704 0.184242 0.522683 1.1931 0.617947 0.549493 0.843509 0.0098128 -0.280209 -0.0271246 -0.254727 0.0384614 -0.342097 -0.426013 -1.3864 -0.492114 -0.418884 -0.25384 0.362875 1.20968 -1.0933 -0.103041 0.209972 0.0053088 -0.133085 0.139484 -0.296279 -0.49263 -0.230975 -0.669802 -0.540813 0.193686 -0.389407 -1.21531 -0.743951 
-0.548431 -2.35791 1.41893 -0.11923 1.34276 -0.154869 0.630194 1.27199 0.462965 0.423244 0.91338 -0.385912 -0.368061 0.328963 -0.469111 -1.07311 -0.560665 -0.304845 -0.254063 1.30787 0.0259981 -0.556859 0.347775 0.0849174 -0.479119 -0.551031 0.133871 -0.0153264 -0.236659 0.0807388 -0.169983 -0.33173 0.325659 -0.779275 -0.97212 0.310947 0.990908 -0.475147 -0.221409 
-0.46164 -2.4302 1.26888 0.114424 1.40621 0.0427153 1.30384 1.21153 0.17392 0.741739 0.908758 -0.427188 -0.728914 0.231936 0.238836 -0.390421 0.451846 0.16645 0.973051 0.930814 -0.652638 -0.955631 0.0208116 0.0447596 0.513282 -0.1536 0.197866 -0.0156762 -0.108075 -0.0149568 -0.0973018 0.453149 1.36616 -0.26797 -1.34341 -0.437677 -0.0502013 0.213108 -0.392617 
-0.468697 -2.22872 1.23006 0.0561689 1.41988 0.391367 1.18477 0.921719 -0.304438 0.436688 0.950979 0.079753 -0.495752 -0.0258169 0.452691 0.916369 0.535477 0.156183 0.831411 0.51356 -0.39583 -1.11021 -0.896606 -0.151445 0.744433 0.0883791 0.268508 -0.0769662 -0.305605 0.871975 0.0811824 0.097785 0.522043 -0.160663 -1.33219 0.184478 -0.975795 0.0727227 -0.479233 
-0.48323 -2.1844 1.70998 0.321821 1.47837 0.509566 1.60767 1.00078 -0.718837 0.253486 0.81127 0.248728 -0.661153 0.17976 -0.347654 -0.0662116 0.773596 -0.0427674 -0.844253 -0.231139 0.430069 -0.697612 0.20534 -1.28569 -0.420392 -0.413277 0.998672 1.21618 0.329036 -0.554509 -1.23759 -0.336723 -1.00865 -0.438772 -1.47971 -0.0546643 -0.2198 1.1121 0.586111 
-0.409474 -2.41935 1.19749 0.35467 1.39581 -0.0809454 1.04109 1.15967 -0.862605 0.551042 0.0725578 -0.303831 -0.83319 1.55949 1.388 -0.409491 -1.32147 -2.04478 -1.25106 -1.84802 -0.208402 -0.724851 0.824872 -0.130271 0.625039 0.626656 1.71014 1.74479 -0.399281 -0.747414 -1.63356 -2.61526 -2.37185 -0.570341 -1.69716 -0.896898 -1.76335 -0.332474 1.92165 
0.118373 -1.42857 1.51192 -0.181247 0.486027 -0.190752 0.492359 0.891861 -1.29909 0.706636 0.72836 0.816045 -0.158615 2.44716 2.98526 -0.532641 -1.8316 -2.45002 -2.45144 -2.9149 -1.21486 -1.40545 -1.32619 -0.954499 0.0156115 2.73534 2.23201 1.84618 -2.42765 -0.381617 -2.11741 -2.95975 -2.81323 -0.410936 -0.291139 -1.13019 -1.18444 -0.326657 2.40696 
0.541077 -0.792534 0.940057 -0.343572 0.207477 -1.45404 -0.715336 0.503956 -1.99478 -0.172134 -0.577838 -0.290835 1.37258 1.86935 1.40246 -3.26883 0.779266 -1.1863 -2.47945 -1.88456 -0.357629 0.35467 -2.23633 -1.37539 -1.02267 2.27937 2.55754 2.19517 -2.02236 0.935307 -2.11191 -1.13639 -1.83885 -0.291106 0.637156 -1.90639 0.270542 0.317842 2.15758 
0.841783 -0.66486 -0.0645673 0.119423 -0.0911082 -1.57955 -0.644905 0.701868 -1.00393 -0.514253 -0.211822 -0.115362 1.67886 1.48189 0.331323 -2.53037 3.14634 -0.772675 1.02243 0.477167 0.813277 2.17937 -1.05212 1.29493 0.378339 -0.12939 1.73011 0.783289 -2.83039 2.29314 -1.31515 -1.71013 -1.16037 -0.200624 0.95386 -2.12016 -0.789281 -0.371966 0.440465 
1.11217 -0.612915 -0.280432 0.862737 -0.16961 -0.88013 -0.433374 0.950103 -0.219917 -0.745433 0.320514 0.0520889 1.26444 0.788269 -0.21438 -1.02093 2.45011 -0.820641 0.32624 0.348469 0.08022 0.809579 -0.408273 0.371112 0.56939 -1.73959 0.787955 -0.0696652 -2.60007 2.54831 -0.661281 -0.977104 0.0163097 -0.303862 0.875022 -0.36858 0.843418 0.529151 -1.05296 
1.14021 -0.782815 -0.557393 1.05935 -0.491394 -1.39583 -0.440281 0.749753 -0.339875 -0.735457 0.0504728 0.401338 0.270127 -0.272006 -0.429134 -1.40973 0.44284 -0.236548 -2.25039 -0.449563 -1.23237 -1.11229 0.589362 -0.22763 0.275146 -1.12784 0.332964 -0.12606 -1.38323 1.9589 0.270466 -0.84265 0.598276 -0.761843 0.245206 -0.039931 0.125757 -0.223401 -1.98785 
0.993807 -0.847976 -0.960686 1.03469 -0.287401 -2.14054 -0.70831 0.284875 -1.11436 -0.421073 0.170572 0.301151 0.349842 -0.277528 0.0315503 -1.07175 0.307967 1.23315 -1.38449 0.452512 -1.12782 -0.518728 0.354891 -0.214382 -0.840204 -0.642582 -0.0597987 -0.169346 -1.17758 0.676665 -0.0181443 -1.89836 0.0408667 -0.949175 -0.609613 0.0967416 -0.240148 -0.557271 -1.6733 
1.01968 -0.766664 -1.07471 1.17971 0.101627 -2.17093 -0.173135 0.141324 -0.75298 -0.539319 -0.0903483 -0.364098 -0.252525 0.179221 0.181047 -0.370738 0.507204 0.20867 -0.140404 0.509801 -0.07232 0.349599 -0.472498 -0.0799033 -0.956026 -0.875843 -0.0381781 0.0243815 -0.909067 0.759476 0.349093 -0.726289 0.51034 -0.24356 -0.162158 0.0965038 0.126957 -0.692016 -0.320161 
1.05282 -0.750303 -1.14007 1.23127 -0.189865 -2.21837 -0.406737 0.249887 -0.823312 -0.6774 0.12234 -0.569634 -0.36122 0.217966 0.0124204 -0.301061 0.758844 -0.700668 0.473115 0.231611 0.791487 0.307514 -0.238324 0.372635 -0.0061719 0.267115 0.276325 -0.0190412 -0.471672 0.787587 -0.419602 0.557257 0.614945 0.238794 0.212937 0.404167 0.0421979 -0.957527 -0.206847 
1.09392 -0.760944 -1.22051 1.47256 -0.240634 -1.90489 -0.0387344 0.575633 -0.496061 -0.667586 0.172995 -0.370916 -0.0403956 0.244488 -0.20254 -0.338018 0.599246 -0.849121 0.84916 0.313331 0.397947 -0.0985179 0.972304 0.130613 -0.216456 0.636725 0.143849 0.0143685 0.228352 1.25237 -1.35224 0.478795 0.260182 0.932429 -0.229436 0.846036 0.258671 -1.46151 0.410291 
1.13749 -0.861801 -1.30367 1.46306 -0.603925 -1.74157 -0.223229 0.47039 -0.895656 -0.143625 0.21905 -0.767722 0.149451 0.00217646 0.016455 0.655079 1.00298 -1.36288 0.136604 0.120077 0.486052 -0.601647 1.28854 -0.047262 -1.78532 0.236358 0.0142475 -0.235858 0.561197 1.08053 -1.5977 0.669551 1.27853 0.947228 -1.04796 -0.240279 0.545834 -0.842537 -0.258823 
1.08333 -0.753023 -0.905364 1.85882 -0.90317 -1.82746 0.0286424 0.844002 -0.976407 0.0391243 0.147237 -1.996 0.146891 -0.223492 -0.14582 1.19736 0.920274 -1.58895 0.00133696 1.39164 0.899901 -1.20443 -1.27525 0.559115 -0.814794 -0.938385 -0.0817693 -0.0260065 1.02672 0.673063 -1.71546 0.546159 1.28546 0.361441 -1.42022 -0.126322 0.710762 -0.51219 -0.143944 
1.03819 -0.94237 -0.727111 1.81768 -1.3758 -1.73995 0.608267 0.963599 -1.86481 -0.838941 0.610786 -1.51004 -0.612128 -0.128722 -0.0484478 0.911018 -0.0580116 -1.25489 0.558144 1.5941 0.00788961 -1.1601 -1.44953 0.946252 1.15981 -0.399787 -0.14711 0.370716 1.23491 0.814122 -1.3408 -0.020802 1.73154 0.864485 -0.273253 -0.656716 -0.235041 -0.708951 0.12062 
1.02129 -0.780495 -0.46684 1.83915 -1.51348 -1.51377 0.9818 0.852591 -1.90962 -0.751502 0.805518 -0.942275 -0.17965 -0.00345609 0.711914 0.684809 0.223592 -0.457137 -0.0222239 0.915338 0.284395 0.85629 0.453572 -0.860168 -0.0523825 1.0933 -0.206634 -0.0616372 0.444445 0.0452032 -0.424971 0.0892716 0.585136 -0.446201 -0.195417 -0.560878 -0.445279 0.831293 0.22793 
1.02539 -0.555214 -0.397637 1.90575 -1.60028 -1.75154 1.15354 1.12241 -1.16288 -0.588838 0.0253378 -1.5589 0.26733 -0.189693 -0.0372609 -0.228926 0.117653 0.606249 -0.440093 -0.81058 -0.622317 0.907894 0.747239 -1.51406 -0.135225 0.683828 -0.325439 0.272567 0.306176 -0.418998 -0.167769 -0.321174 -0.389585 -1.01485 0.470842 0.402485 -1.0596 0.382096 0.896719 
0.935279 -0.801866 -0.577857 1.88669 -1.22365 -1.75956 0.489919 0.518796 -1.16583 -0.340805 -0.230136 -1.06648 0.369068 -0.497515 -0.293786 -0.212638 -0.818503 0.20095 -0.377802 -1.42713 -1.67921 -0.287348 0.044137 -0.487088 0.525251 -0.00451777 -0.322843 0.115805 0.161099 -0.598341 0.199909 -0.0843125 -0.58586 -0.620213 0.820086 1.58748 -0.78799 -0.682556 0.949932 
0.818373 -0.716469 -0.500801 1.59512 -1.50648 -1.96242 0.291156 0.214417 -1.38835 -0.562639 -0.303242 -1.08234 0.260056 -0.307289 0.219059 0.480842 -0.96545 -0.301405 0.339041 0.0379583 -0.230916 0.0914818 1.22655 0.511416 -0.699532 0.468986 -0.535697 -0.266173 0.460733 -0.683475 0.461999 0.465751 -0.934928 -0.606926 0.114178 1.76593 1.26916 0.422402 0.218284 
0.803042 -0.683465 -0.346711 1.51983 -1.37281 -1.56867 0.507949 0.397644 -1.0841 0.332007 0.128759 -1.70396 0.744253 -0.326542 -0.100275 0.919457 -0.149338 0.50381 0.971056 0.190629 0.844211 0.416711 2.15194 2.09457 -0.00287803 0.276952 -0.362918 0.487198 0.9135 -0.868117 0.15398 0.595623 -1.21752 0.195728 -0.185431 0.485368 0.876313 -0.373489 0.937203 
0.678566 -0.772202 -0.0582087 1.54051 -1.2662 -1.4173 0.40093 0.67737 -1.04288 0.616227 1.14566 -1.08616 0.480131 -0.251274 0.522641 0.913368 -0.262747 0.536167 0.418142 -1.64999 0.497442 -0.33138 -0.625599 0.597626 0.244376 0.668512 -0.593533 0.644873 1.1896 -0.194878 0.18037 1.30609 -0.936284 0.411488 -0.446294 0.527468 0.698155 -0.161241 -0.303963 
0.692823 -0.39952 0.0929461 1.42183 -1.11688 -1.33345 -0.48836 0.672202 -1.34528 -0.00804445 0.54701 -1.48289 1.2806 -0.586388 1.07968 0.89392 -0.12955 -0.228779 0.682897 -1.42893 -0.281587 -0.978116 -1.49854 -1.21158 -0.19159 -0.632929 -0.588744 0.338115 1.34004 -0.935269 1.27285 1.1397 -0.647529 0.0635843 -0.523296 -1.08651 -0.468687 1.54023 -0.918692 
0.436613 -0.184502 0.372073 1.49347 -1.38023 -1.03369 -0.462535 0.528689 -1.82851 -0.2012 0.318268 -1.26164 -0.0347235 -0.654296 -0.00569491 1.12842 -1.06014 1.40584 1.0258 0.795422 -0.412264 -0.324928 -0.731443 -1.19513 1.65093 -1.76418 -0.456666 -0.0360719 1.4223 -1.16269 1.41627 0.616598 -0.675395 -0.634685 -1.35918 -0.198522 -1.97782 0.575585 -1.86418 
0.424175 -0.403679 0.636274 1.01875 -0.440339 -0.757647 -0.0151498 0.452526 -1.60123 -0.405977 -0.269062 0.0175633 -0.147993 -0.116229 -1.12685 1.27275 -1.51402 2.38964 0.100762 0.537326 -0.591508 -0.708395 1.24761 -1.30073 0.902106 -1.60044 -0.182883 -0.667068 1.69859 -1.24362 1.41126 -0.0353808 0.834263 0.239293 -0.456056 0.319581 -0.152023 0.701471 -1.75666 
0.379482 -0.800028 0.984979 0.916728 -0.227876 -0.976345 -0.144422 0.211633 -2.39543 0.48313 -0.57051 -0.442304 -1.33105 0.372377 -0.992744 1.45772 -0.697545 0.747371 -1.06509 0.319163 0.738576 -0.248507 1.12588 0.999411 -0.785804 -0.3398 0.121355 -1.49198 1.38681 -1.66911 2.24905 -0.191613 -0.0767555 0.102605 1.16999 1.20939 -0.0279438 0.867048 -0.537011 
0.559117 -0.946077 1.33835 0.754392 -0.0822619 -1.35373 0.171864 0.858089 -1.7952 0.211784 0.42582 -0.698391 -0.426082 0.301808 -1.1152 0.840039 -0.84363 1.04194 -0.337252 -0.633396 0.730236 2.13901 0.255215 1.26245 0.16639 0.964036 0.157389 -1.23396 0.641129 -0.52081 1.60522 -0.570482 0.825473 1.07293 1.23996 1.10733 0.863336 -0.133994 -0.378544 
0.486683 -1.4092 1.38929 0.59648 0.272667 -1.1645 -0.529828 0.612664 -0.653289 0.624759 0.305472 -0.292164 -0.556007 -0.131428 -0.860333 -0.477023 -0.0409279 1.7018 0.350376 0.78374 0.731774 1.76537 0.249813 0.0931658 0.624801 -0.105919 -0.0723521 -0.816662 -0.315225 -0.585877 1.08513 -0.513754 0.724937 0.671456 1.51096 -0.474347 0.72865 0.667054 0.914304 
0.496011 -1.41627 1.10773 0.741257 0.737421 -1.15649 0.638054 1.25996 -0.356067 0.35046 0.496747 -0.13129 -0.51526 -0.413883 -0.108761 -1.31128 0.0134095 0.613635 -0.305854 1.6027 0.189156 -0.288155 -0.849724 -0.340759 0.656469 0.145908 -0.478304 -1.07351 -0.31502 -0.155253 1.12943 0.124707 -0.0656112 -0.19474 2.00477 0.637095 0.823368 0.78405 0.0388964 
0.312542 -1.46956 0.756493 0.604135 0.566063 -1.33505 0.428497 0.719733 -0.879416 0.162144 0.0776398 0.303742 -0.441779 -0.604438 -0.75085 0.00609502 -0.182087 0.0213685 -0.187597 -0.865001 -1.00111 0.694105 0.540137 0.9487 0.341755 0.162499 -0.271537 -0.407257 -0.650009 -0.201192 0.32703 0.363536 1.31389 0.391588 0.100355 -0.489324 -0.0468714 0.504109 0.0693545 
0.246963 -1.82676 1.11001 0.674114 0.74437 -1.26076 0.11347 0.720368 0.21435 0.6479 1.15671 0.178358 -0.387631 -0.00426273 -0.497994 0.33177 -0.301201 -0.114821 0.77009 0.149259 0.346158 0.400481 0.23656 0.278457 -0.0337415 -0.0526777 -0.307976 -0.577381 -0.509501 -0.905065 0.210363 1.23574 -0.0617165 -0.427849 1.32318 1.07603 0.341775 -0.57781 -0.0105798 
0.299426 -1.74217 0.915775 0.491419 0.507145 -0.90257 0.51341 0.9121 -0.547107 0.293571 0.276141 0.271847 -0.487953 0.1303 -0.112379 -0.772283 -1.09821 0.299427 1.75276 0.788916 0.411866 0.925318 0.796569 -0.517885 -1.04786 -0.165453 -0.0572376 -0.0433828 0.3395 -1.12507 0.111647 1.30452 -0.559342 0.118791 0.471563 0.629614 0.39263 0.0220581 -0.064156 
0.286743 -1.8891 0.737056 0.256465 0.8858 -0.27752 0.582771 0.948433 0.972265 1.08557 0.80693 -0.775958 -0.524895 -0.0845867 0.439805 0.190994 -1.28932 0.284988 0.881878 -0.88664 -0.185217 0.169349 0.544071 0.216884 0.0644046 -0.0147433 0.218396 1.08221 -0.308362 -0.879937 -0.889094 0.748231 0.698055 -0.0371505 -1.35318 -1.17183 0.0158787 0.749405 0.43684 
0.254733 -1.5034 1.00719 0.000651987 0.641592 -0.407434 -0.0241782 0.815776 -0.40223 0.593164 0.432249 0.329223 -0.503487 0.204393 1.7511 0.311465 -0.146655 -1.65626 -0.80295 0.144662 -0.464932 -2.60443 -2.25989 0.5352 1.97187 0.700872 0.848248 1.69128 -1.54955 -0.940534 -0.924224 -0.543709 -0.674134 -0.883083 -1.37906 -1.82257 -0.534478 -0.402836 1.5684 
0.35565 -0.935273 0.886549 0.202879 0.0813699 -0.726683 0.664921 0.700143 -1.1322 -0.148202 1.1822 1.0164 0.0375886 1.38712 2.11713 -2.53619 -0.0409922 -1.69543 -1.56279 -0.00328818 -1.02877 -1.88037 -2.81798 -0.897866 -0.555604 1.91175 1.51002 1.70733 -2.51471 -1.00259 -2.32195 -1.75596 -0.515433 0.304051 -1.32814 -2.44038 -1.13114 0.350127 1.38541 
0.788575 -0.349973 -0.216103 -0.0125077 -0.18178 -1.28247 -0.030935 0.261162 -1.91953 -0.945808 -0.179155 -0.177347 1.03705 2.11503 0.830039 -4.12196 -1.27115 -1.88693 -1.4081 -0.823692 0.880115 0.956182 -0.78359 -1.97324 -1.53826 0.975947 1.80709 1.19745 -2.77498 -0.184642 -1.95868 -1.31923 0.972818 0.843766 -0.267303 -2.59953 -1.23038 -1.34305 1.13555 
1.17564 -0.483703 -1.10121 -0.280939 -0.834622 -1.51502 0.165161 1.1826 -0.349257 -0.574652 -0.1696 -0.383972 0.822256 1.38879 -0.304679 -1.66945 -0.223463 -1.29346 -0.0970116 1.302 2.18463 1.53956 -0.423743 -0.666077 -1.09039 -0.535589 1.73426 0.442198 -2.86581 -0.0504934 -1.44741 -0.36418 0.322517 1.19486 -0.241343 -1.92915 -2.46253 -1.1958 1.16343 
1.32307 -0.517168 -1.02156 -0.0954803 -0.810745 -1.33597 0.746692 1.45235 -0.663503 -1.17547 -0.63097 -1.17034 0.600818 0.548964 -0.15618 -0.221577 1.19586 -0.321832 0.953795 1.25822 0.757574 -1.26499 -1.62308 -1.15407 0.0731244 0.433762 1.21475 -0.400574 -1.39758 0.319517 -1.27271 0.355811 1.31893 1.79662 0.427955 -0.567721 -1.27781 -0.245746 -0.531303 
1.37999 -0.569921 -1.20868 0.179118 -0.993661 -0.979574 0.916477 1.59849 -1.36753 -1.46018 -0.957403 -0.318664 1.16899 0.476918 -0.292002 -0.445017 0.669904 -0.648726 0.551496 0.456655 0.27888 -1.02348 -0.287075 -0.958047 0.792126 -0.093942 0.518376 -0.35843 -0.371745 0.890933 -0.388613 0.606186 0.856352 0.305402 -1.39869 -1.33533 -1.28669 0.523477 -0.15765 
1.49911 -0.67745 -1.23675 0.163348 -1.12788 -1.02601 1.01633 1.60816 -1.48592 -1.3304 -1.28381 -0.451046 0.521314 0.246682 -0.376965 -0.33547 0.0563174 -0.271333 -0.183279 -0.114276 -0.340538 -0.470217 -0.0439099 -0.481326 0.573391 -0.613682 0.151226 -0.338991 -0.543962 0.448215 -0.410987 0.610116 0.123052 0.333839 -0.512797 -0.0411142 0.0758146 0.842888 -0.535357 
1.46553 -0.776533 -1.37106 0.203189 -1.12828 -1.08143 0.843024 1.41778 -1.74129 -1.48213 -1.28202 0.201676 0.669681 -0.245439 -0.211837 -0.373489 -0.0419905 0.0214196 0.22398 -0.287201 0.177183 0.38011 0.23222 1.05141 0.246696 -0.540467 -0.0320707 -0.306002 -0.336484 0.174773 -0.0679131 -0.0908211 -0.31462 -0.442123 -0.236842 -0.0134368 0.091906 0.0965629 -0.980637 
1.39119 -0.794018 -1.41746 0.149806 -1.12091 -0.899604 0.83896 1.70873 -1.17013 -1.20135 -0.553125 -0.227861 0.0811422 -0.29686 -0.0771419 -0.168043 0.186026 0.167514 0.0740116 -0.297893 -0.268293 0.166956 0.0235306 0.595106 -0.45122 -0.556526 -0.18462 -0.133217 -0.0364775 0.309024 0.077127 0.322813 -0.754903 -0.225474 0.194159 0.111574 0.430318 0.333567 -0.462754 
1.33739 -0.819652 -1.45273 0.276886 -1.05064 -1.03908 0.659231 1.27632 -1.59836 -1.4672 -0.8655 -0.209948 0.216538 -0.0391475 0.0182162 0.325445 0.473636 0.0960746 0.188855 -0.710062 -0.488695 -0.152173 -0.0968809 -0.50825 0.166569 -0.00658061 -0.174363 0.135567 0.249482 0.142823 -0.0611427 0.583154 -0.25528 0.134709 1.05823 0.720478 0.396906 -0.164017 -0.167422 
1.36436 -0.785138 -1.26123 0.333542 -1.07783 -0.792888 0.407483 1.44753 -1.28599 -1.25226 -0.896275 -0.0775584 0.0722019 0.0280345 0.288733 0.554141 0.0112661 -0.261002 0.667433 -0.035419 0.451078 1.12593 0.870284 -0.0943401 0.253341 0.364846 -0.101762 0.336077 0.51975 0.578175 0.313265 0.448012 -0.291378 -0.361761 0.197987 -0.220151 -0.302875 0.68558 -0.14505 
1.33697 -0.663258 -1.18625 0.28372 -1.18026 -0.664133 0.633166 1.52569 -0.677763 -0.989216 -0.923672 0.0192809 0.507608 -0.118118 0.495659 0.470974 0.33753 0.381736 0.38201 0.328778 -0.00985176 0.384829 -0.18099 0.121128 0.679045 -0.158178 -0.398607 0.333287 0.519723 0.353344 -0.0296509 0.218359 -0.71555 0.183919 0.475825 -0.0667449 0.364087 1.27059 -0.505364 
1.30648 -0.515907 -1.03484 0.465205 -0.896591 -0.577914 0.600275 1.44648 -0.966373 -1.34918 -0.806095 0.538881 -0.0591869 -0.641437 0.220936 0.242238 0.482874 0.215567 -0.386444 -0.909548 -0.200759 -0.550843 -0.957066 0.553466 1.3108 -0.963166 -0.699071 0.357462 0.314628 0.70739 0.232357 -0.0764848 -0.929603 -0.73982 0.208891 0.191039 0.626498 1.57044 -0.38298 
1.07337 -0.543834 -1.07013 0.470991 -1.07939 -0.879857 0.0818123 1.42092 -1.11691 -1.51053 -0.535825 1.21035 -0.273987 -0.956981 0.0504549 0.0140299 0.655838 -0.0273811 -0.473181 -1.5582 -1.00752 -0.138734 0.415314 0.670947 1.25337 -0.292878 -0.875262 0.583351 0.103634 -0.043619 0.870332 -0.0550365 -0.971301 -0.339279 0.225793 -0.911594 0.330302 1.03374 -0.322347 
0.918846 -0.489446 -1.02873 0.718651 -0.91322 -0.842251 -0.340873 0.903404 -1.07133 -1.12 -0.337363 1.67771 -0.299376 -0.7044 0.665722 -0.0775655 -0.548477 1.11226 0.322345 -0.375286 -0.266934 0.817769 -0.182094 -0.137207 -0.0375631 0.585068 -1.06337 0.697875 -0.406366 -0.676384 0.190182 -0.30942 -0.911702 -0.128011 1.10823 -0.139986 -0.685516 -0.0537178 0.728638 
0.785029 -0.181867 -1.10818 0.263668 -0.544837 -0.698323 -0.148489 1.2802 -0.446211 -1.60805 -0.623511 1.17498 0.19496 -0.677905 1.00886 -0.623638 -1.61368 0.317382 0.0879921 0.352567 0.829766 1.49324 -0.593328 -1.54357 -1.31578 1.17941 -0.679008 0.707509 -0.286167 -0.404156 0.847994 0.924814 0.338172 -0.588988 0.482801 0.35713 -0.72345 -0.902343 0.404303 
0.640917 0.0596326 -1.33003 0.103783 -0.763105 -0.792066 -0.133786 1.35851 0.147127 -1.4424 -1.39333 0.479709 0.649636 -0.33987 0.408112 -0.349557 -0.025506 0.181481 0.850353 0.830614 -0.543448 -0.234088 0.623308 -0.783544 -1.06714 -0.0888002 -0.436172 0.461549 -0.565139 -0.724029 0.424288 0.42136 -0.481061 -0.281768 0.890212 0.359681 -0.815889 -2.12442 0.543607 
0.639983 0.039625 -1.27735 0.256434 -0.46045 -0.220856 0.34587 0.989257 -0.628493 -1.26513 -1.1562 0.203126 0.119609 0.00677887 -0.305824 -0.227019 0.588655 0.329835 0.449231 -0.985921 -1.21853 -0.407433 1.03772 0.505529 -1.28991 -0.515523 -0.0117329 -0.0203984 -0.503206 -0.665622 -0.206346 0.62819 -0.239762 -0.873906 -0.261841 0.833594 -0.434678 -1.1789 0.413081 
0.632141 -0.108187 -1.44013 0.331526 -0.606968 -0.539416 -0.731034 0.700797 -0.175726 -0.872851 -1.03849 -0.694771 0.229613 0.320944 -0.43165 -0.407074 -0.917161 -0.49653 -0.0520625 -1.14331 -0.657942 -0.0999828 0.41141 0.229189 -0.377235 0.595631 0.304881 -0.629722 0.304525 -0.391333 -0.664204 0.661656 -0.585858 -0.542356 -0.155166 -0.0463088 0.551706 -1.08822 -1.02464 
0.754706 -0.196808 -1.47425 -0.0919468 -0.703981 -0.249167 -0.345955 0.636107 -0.702025 -1.03808 -0.991622 -0.141204 0.597088 0.460808 -0.636313 0.696684 -1.14456 -1.34352 0.3913 0.213302 0.472147 0.204836 -1.09905 0.19165 -0.0430849 -0.707629 0.370466 -0.714794 -0.0509357 -0.187419 -0.198564 0.0227323 -0.480352 0.588557 1.05392 0.977824 1.30658 -0.243281 -1.27252 
0.801845 -0.456223 -1.10493 -0.103856 -1.26014 -0.319235 -0.607636 0.961612 -0.00207138 -1.47181 -0.899759 -0.735165 -0.345579 0.247423 -0.63874 0.337079 0.648791 0.193356 0.0861259 0.510894 1.46357 1.38755 0.802967 1.42579 0.0820038 -2.11705 0.752159 -0.537001 0.404405 -0.934874 -0.489278 -0.0993854 0.247237 0.369087 -0.442855 -0.885718 0.786711 -0.0843588 -1.66009 
0.840528 -0.546167 -1.3124 0.158803 -0.613851 -0.200028 -0.0437251 1.43555 0.430731 -0.59691 -0.00317898 -0.0678192 -1.11653 0.694073 -0.16604 -0.075382 -0.177772 0.59675 -0.511378 0.121182 0.0322888 -0.762002 -0.00788344 0.803705 -0.0569553 -1.28015 0.677001 -0.259607 0.895261 0.33275 0.0567985 -0.00490667 0.250439 0.107193 0.48668 -0.685073 0.382535 0.164713 -1.73183 
1.06325 -0.547818 -1.14193 -0.169347 -0.97491 -0.60498 -0.539595 0.983456 -0.612454 -1.47406 -0.339623 -0.788174 -1.38321 0.79197 0.254577 1.02944 -0.183689 -0.10688 -0.0869492 -0.172155 -1.31854 -0.799093 -1.65996 -0.943254 0.12387 0.0429534 0.438239 -0.0442676 0.585144 0.991249 1.03016 -0.470753 0.0817253 -0.767114 -0.765446 0.283688 0.812714 1.26314 -0.587257 
1.14041 -0.408398 -0.816792 0.0910481 -0.668929 -0.247893 -0.151959 0.723502 -0.20973 -1.50261 -0.645832 0.0436461 -1.08546 -0.0215654 0.106517 0.971082 1.5714 0.974959 -0.0774515 -0.00664714 -1.08712 -0.192749 0.357615 0.224643 1.61194 0.583295 0.288147 0.406158 1.08823 0.37709 0.084155 -1.47111 -1.18186 -1.27815 -1.53125 -1.57646 -0.75816 0.432443 1.01759 
1.04333 -0.490786 -0.674445 0.434391 -0.506761 -0.647522 -0.54837 0.397138 -0.761214 -1.27643 -0.178173 0.676808 -0.915697 -0.350097 0.364949 0.630038 0.711312 0.235098 -1.76456 -1.39249 -0.43761 -1.0995 -0.307386 -0.0215381 0.410835 1.19127 -0.408201 0.648851 1.02428 0.873136 0.519086 -0.634707 -0.564011 -0.325036 0.345165 0.312615 0.424619 1.95792 2.38217 
0.991348 -0.210443 -0.513721 0.365719 -0.55861 -1.23601 -0.993525 0.490056 -1.0938 -1.66864 -0.653879 0.416128 -0.126867 -0.60658 0.878886 0.591313 -0.344319 -0.183091 -0.718325 -0.736939 0.638976 0.606797 0.0281487 0.311286 0.796389 2.29291 -1.02492 0.907106 1.30821 0.194122 0.53048 -1.35375 -1.13444 -0.289441 0.2619 0.0966737 0.145163 0.775081 1.09611 
0.793438 -0.0125803 -0.390044 0.305179 -0.598698 -1.04925 -0.995998 0.748589 -0.261597 -1.25897 0.0429316 1.39998 0.932711 -1.22571 1.00979 1.36341 -0.441686 0.574154 0.0611895 -0.109143 0.0383122 1.41092 0.424164 0.202891 0.544705 0.137435 -1.40157 1.34941 0.821472 -0.117818 0.368473 -0.0825349 0.650565 -0.879071 0.583171 0.263018 -0.82671 -0.404141 1.02103 
0.498076 0.339147 0.142892 0.199255 -0.284308 -1.20085 -1.06389 0.515174 0.0579088 -1.43462 -0.507405 0.910375 -0.0194822 -1.54799 1.16266 0.66318 0.174091 0.745142 0.619517 1.60741 -1.84745 0.100588 0.295836 -1.36305 -1.28919 -1.05455 -1.30212 1.19119 0.457196 -0.198484 0.250818 0.524646 2.01533 -0.441372 1.579 0.366988 -0.862393 -0.950775 -0.593018 
0.173473 0.620369 -0.0709968 0.37431 -0.241699 -0.701165 -0.0348431 -0.250809 -0.172481 -1.09513 -0.888757 0.226156 0.0773063 -0.776054 0.79322 -0.661963 0.157714 -0.19163 0.606404 2.79326 -0.646113 0.523792 0.0293289 -1.29993 -1.70889 -0.841227 -1.32082 0.966664 0.216885 0.422129 0.690834 0.118025 0.601523 -1.00593 0.690054 -0.45968 -1.48719 -1.51354 -1.5771 
0.181564 0.770639 -0.176882 0.262119 -0.380376 -0.860107 0.609873 0.168451 0.490214 -1.41652 -1.39563 -0.645203 -0.702584 -0.482493 0.301868 -0.326569 0.41704 0.30879 -0.465173 -0.802111 0.46488 0.738527 -0.872074 -0.526737 -0.566196 -0.833374 -1.09946 0.919846 -0.656064 0.2627 -0.128585 0.535582 0.509731 -0.871812 1.27929 0.36625 -1.55114 -1.44316 -0.70401 
-0.0276388 0.783925 -0.229085 0.536393 -0.0957395 -0.961013 -0.521635 0.00605802 0.433959 -1.56997 -1.24464 -0.290047 -0.599452 -0.914283 0.600728 -0.326737 0.208613 -0.00476523 0.0749944 -2.10995 -0.552403 1.04155 0.423245 -0.670994 -0.0600456 0.00387987 -0.714574 0.563837 -0.709609 -0.00130829 0.157112 0.221193 -0.720827 0.0933443 1.38315 -0.537353 -0.933246 0.226338 -0.735374 
-0.189286 1.09716 -0.335051 0.344458 -0.386066 -0.817206 -0.662833 -0.127361 1.34238 -1.183 -1.85084 -0.701023 -0.703075 -0.616429 0.555371 -0.743422 -0.422982 -0.0692486 0.749739 -0.149868 -0.338862 0.954809 0.199083 -0.660205 0.847759 -0.0417128 -1.04301 0.245761 -0.526896 0.238502 0.853149 1.04037 -1.1201 -0.00893471 0.450604 0.466324 0.659353 1.77871 -0.347299 
-0.281401 1.08572 -0.588129 0.377084 -0.132617 -0.539937 -0.616475 -0.173739 1.21579 -1.45904 -1.69241 0.479851 -0.63677 -0.689319 -0.223011 -0.46586 0.123593 1.30637 1.24356 0.627374 0.538059 -0.497546 0.153985 1.50476 2.24826 -0.412002 -1.06572 0.259808 -0.478093 -0.42932 0.316503 1.72654 1.07367 0.343447 0.510593 0.301143 -0.881136 -0.130128 -0.642121 
-0.471702 0.974503 -0.560288 0.394269 0.242369 -0.119357 -0.290607 0.169263 0.946454 -1.09673 -0.808021 1.34274 -1.03948 -1.02207 -0.156478 0.0249169 -0.186485 0.552 1.43492 1.58261 0.808109 -0.336875 0.172391 -0.46062 -1.00401 -0.721164 -0.754794 0.148762 0.42857 0.250017 0.531315 1.79206 0.0249405 0.474015 -0.86554 -0.36408 0.781227 0.65533 1.08809 
-0.694624 0.999337 -0.576774 0.308259 0.13097 0.265166 0.329776 0.269601 0.950155 -1.3627 -2.00277 -0.434582 -1.22289 -0.471406 0.454495 1.12385 0.224849 -0.495842 1.0238 -0.5883 0.110374 -0.580569 -0.611141 -0.516358 -1.4398 1.73106 1.17277 -2.66423 2.20987 0.610472 -0.116138 1.87844 -0.0946189 1.54541 -3.22863 1.5039 3.12692 0.0301945 0.134817 
-0.668455 1.22129 -0.0191631 0.482819 -0.000829137 0.455321 -0.648914 0.233531 0.4832 -1.42888 -1.15675 0.031925 0.355108 2.82327 -3.85282 3.33744 1.04319 -0.729404 0.941463 -1.70242 1.31066 -3.65369 1.69728 4.42525 1.04467 0.893164 1.81337 -3.05545 2.76133 -0.794674 -0.217831 1.83767 -0.799055 1.77455 -2.41755 0.696683 1.7294 -0.934087 0.766765 
0.403777 -1.10267 1.03147 0.709906 -0.225189 0.793698 -0.698034 0.985968 -2.00518 -0.432465 1.05083 0.514422 -0.505092 3.25696 -5.05359 3.07573 -1.34949 0.163268 1.30113 -0.467637 2.32285 -2.41036 1.47532 2.70781 0.296108 -0.798649 1.55914 -3.19236 1.80335 0.198006 -0.164418 0.790519 -1.46309 1.70739 -2.20305 0.114053 2.53191 0.757479 1.01266 
0.600432 -1.5355 1.46292 -0.0309688 0.074749 1.18544 -0.934711 1.49981 -1.46388 -0.620028 0.714367 0.300054 -0.293603 -0.428367 -0.952684 -0.592262 -0.768088 0.478331 0.061723 -0.235954 1.03041 0.927136 -1.55886 -1.21557 -0.11075 0.335132 1.36598 -3.29231 0.759898 -0.202349 -0.54082 -1.09364 -0.508576 1.84709 -0.398591 0.714665 1.47523 1.58607 -0.0201344 
0.223942 -1.62322 0.7453 0.418561 0.00276767 0.82916 -0.844606 1.55008 -1.2458 -1.28288 0.220684 0.412482 -0.238023 -1.15887 0.097415 -1.91472 1.06007 -0.988682 -2.67618 -0.202282 0.209926 1.90775 -0.588742 -0.838851 1.65551 0.784199 -0.601233 0.307669 -0.797723 -0.151268 0.319894 -0.131893 -0.289677 0.551141 1.51836 -1.62166 -2.53359 0.997002 1.51075 
0.133433 -1.48343 0.53922 0.377134 -0.406809 -0.313621 -1.06105 1.61816 0.0907108 -0.939923 0.143595 1.80466 0.336186 -0.496393 1.42373 -0.611504 0.550692 0.00959518 -0.222833 -0.143069 -0.276132 0.932838 -0.464787 -2.0019 1.33886 1.4925 -0.539235 1.80434 -1.53607 -0.443345 -0.918882 -1.17643 -1.01092 -1.46916 0.220728 -0.278535 -1.93493 0.230998 0.322968 
0.0173668 -0.847911 0.449852 0.631779 0.00402255 0.705136 -0.935361 1.40436 -0.481783 -1.53498 -1.15085 1.62907 0.963878 0.329377 2.62997 -0.41001 -1.68931 -0.413606 1.19663 -1.1352 -2.22822 -1.64706 0.238145 -1.61904 -1.36822 -0.3858 0.0978257 2.37354 -0.663098 -2.36805 -0.614749 0.825057 -1.6091 -2.67171 0.436987 1.51941 -1.51098 -1.3716 -0.697404 
0.251471 -0.050355 0.340907 -0.266668 -0.610234 0.357926 -1.74801 0.411899 -1.2374 -0.807629 -0.964342 0.558955 0.0209426 0.645816 2.16177 -0.387874 -3.89389 -0.947815 1.26961 -1.98934 -3.39248 -0.405623 2.35379 0.0819203 -3.01991 -2.3219 0.29121 2.21867 -0.705918 -2.61641 -0.384405 2.28051 -0.866995 -3.43489 -0.487276 2.1119 -1.69932 -2.43503 -0.82909 
0.259799 0.329853 0.262209 -0.855492 -0.45777 1.41759 -2.13559 -0.434432 -0.803167 -0.245735 -1.08767 -1.11898 -0.915195 0.117204 0.722049 -0.654379 -2.0041 -0.173139 1.68726 -0.0110178 -2.48774 1.03515 2.38889 -0.539905 -1.61896 -0.602054 0.408393 1.49045 -0.601354 -2.68072 -1.70298 0.698119 -0.71633 -3.05098 1.78624 3.43031 0.242249 -2.64589 -1.25572 
0.286103 0.342328 0.0247892 -1.03091 -0.697357 1.30446 -1.75941 -0.935361 -0.390414 0.500816 -1.32929 -0.914823 -0.468974 -0.0191699 0.0924075 -0.517764 0.109803 -1.65091 -0.383058 1.04334 -0.796613 2.59576 1.91551 0.222616 -0.22625 0.820687 -0.0336456 0.557727 -0.233324 -1.21623 -1.52705 1.04191 0.526001 -1.87614 1.60535 1.5326 0.971357 -1.11912 -0.782096 
0.240822 0.37919 0.0119503 -0.810958 -1.25961 1.20376 -1.5134 -0.862921 1.30936 0.80384 -0.927615 -1.32597 -0.255934 -0.169801 0.125977 0.307482 0.285045 -2.15713 -0.366768 0.715953 -0.0890681 0.932039 -0.483458 1.76954 0.248006 -0.329253 -0.0650778 0.213125 -0.147559 -0.66624 -1.77227 0.0936476 1.39782 -1.38547 0.63654 0.567336 0.594555 0.93863 0.103292 
0.207913 0.409971 0.172362 -0.919328 -1.74403 1.09976 -1.33395 -0.979448 0.372951 0.238496 -0.104168 -0.690447 -0.738543 -0.0817268 0.236108 0.301076 -1.05334 -1.05354 0.506633 0.820154 -1.10682 -1.8226 -1.21246 0.52893 1.38266 -0.68662 -0.271408 0.218237 0.382498 0.135054 -1.58535 -0.356743 0.914241 -0.102339 0.781322 -0.82222 1.0131 0.0645611 0.1401 
0.197253 0.506888 0.156435 -1.21144 -1.77254 1.48858 -1.02533 -1.45994 -0.161095 0.142862 -0.556662 -0.069537 -0.814156 -0.248145 0.210244 0.280562 -0.0987069 -0.262109 -0.0781533 0.504915 -0.05346 0.0195609 -0.544376 -0.486938 -0.16514 0.507609 -0.160699 -0.0246144 0.314308 -0.41932 -0.423148 -0.000501761 0.023378 -0.0354981 -1.36567 -1.06697 0.65909 0.0559428 -0.137654 
0.0989243 0.523564 0.306958 -0.954569 -1.87419 1.05683 -1.03532 -1.00419 0.39636 -0.0571374 -0.432645 -0.841859 -0.332161 -0.166103 -0.266002 0.183442 0.457975 0.407683 -0.501896 -0.783157 1.05602 0.128089 -0.120249 0.304498 -1.31038 0.53076 -0.23309 0.402099 -0.121999 0.0374628 0.353289 0.513926 0.329016 -0.341224 0.315069 1.17015 0.577322 -0.295833 0.179397 
0.120516 0.360783 0.244212 -1.0337 -1.57875 1.20815 -1.50073 -0.881914 -0.049677 0.0791656 -0.340232 -1.26264 -0.389076 -0.110921 0.403164 -0.458445 0.147434 0.80099 0.732216 -0.0617542 -0.416902 0.357394 1.99832 1.21662 -0.194637 -0.281967 -0.0124499 0.32285 0.0801058 0.717653 0.648517 -0.270464 -0.883895 0.033074 0.670419 0.872519 1.24531 -1.31957 -0.21283 
0.0438793 0.742358 0.0852954 -0.895637 -1.49018 1.46808 -1.07721 -1.22638 0.693729 1.03772 0.411785 -1.0201 -0.563537 0.146075 0.759935 -0.0544897 0.549864 0.581679 0.165878 -0.385524 -1.01272 0.686827 1.20345 1.27273 -0.306766 -0.777078 -0.0160962 0.550521 0.0448174 0.536949 0.966889 0.536194 -0.928732 -0.739097 -0.743977 1.11836 0.651711 -0.725295 0.277578 
0.166498 0.774125 0.217287 -0.820795 -1.30081 1.30199 -1.73718 -1.42781 0.514838 0.739346 0.542832 -1.54287 -1.02036 0.0852905 0.434 0.533822 0.6056 0.674166 -0.0500458 -1.16651 -0.599482 -1.28569 -0.608881 -0.392552 -0.692613 0.625749 -0.457154 0.798061 0.144348 1.28761 0.328186 -0.535425 -0.786448 -0.383958 0.344671 0.47174 0.0600921 -0.0499005 0.984105 
0.0659662 0.977966 0.341982 -0.661412 -1.1675 1.4409 -1.78298 -1.54777 -0.341325 0.706812 0.148293 -1.65129 -0.0617313 -0.849443 0.450413 0.280975 1.26165 -0.0811001 -0.836337 -0.653659 0.483707 -0.273388 -0.619476 -1.19932 0.249048 1.97101 -0.167964 0.0535791 0.273354 0.349199 0.528308 -1.59249 -0.956174 -0.185642 -0.798143 -0.922116 -0.484172 0.135413 0.787302 
-0.178863 1.01868 0.352081 -0.335566 -1.34342 0.834115 -2.13477 -1.16071 0.300687 0.402643 -0.276121 -1.31755 0.56804 -0.344284 -0.346012 -0.111481 -0.117304 0.131773 -1.95467 -0.0982214 0.342633 0.290636 -0.543386 -0.224601 0.862501 0.331375 -0.662405 0.426381 0.137175 0.365902 0.587709 -0.927289 -1.03745 -0.0576698 -0.206424 0.561732 -0.730231 0.179143 0.92929 
-0.0808148 0.788233 0.287583 -0.703768 -1.10716 0.346233 -1.84678 -1.35732 -0.0980922 0.41172 0.000435857 -0.867984 0.202302 -0.169316 0.199601 -0.0653811 -0.749802 0.977677 -0.328744 -0.719078 -0.564933 0.00761593 1.31555 0.269961 -0.0254507 -0.843035 -0.370983 -0.422726 0.672989 -0.383933 1.13017 -2.1592 -0.743587 0.330164 -0.794235 0.594259 -0.454932 0.958642 -1.05966 
-0.256863 1.12647 0.319906 -0.619916 -0.873955 0.650731 -2.57166 -1.46333 0.31441 1.12412 -0.0834692 -1.3419 -0.116522 -0.226671 -0.284065 1.14055 -0.428163 1.59253 -0.765366 -0.884004 0.108386 -1.28087 1.27998 -0.355452 0.318493 -1.59667 -0.143149 -1.41541 1.59058 -1.99688 2.08002 -1.32199 -0.134772 0.492896 -1.49017 1.34447 -0.700864 1.3428 -1.74873 
-0.181362 0.632279 0.836758 -0.865059 -0.340321 -0.0818649 -2.38278 -1.29414 -1.12924 1.11375 -0.237513 -0.579494 -1.09099 -0.0515457 -2.32622 2.48754 -2.07003 2.19598 -1.33454 0.545909 1.23928 -1.85558 0.355532 -1.16206 1.67827 -1.25141 -0.379672 -2.14208 1.52759 -1.77423 2.60681 -0.182848 0.686255 1.32214 -0.538435 1.18294 -0.378462 0.150885 -2.28655 
-0.288567 -0.143074 1.51843 -1.40938 0.184735 -0.0963705 -2.24839 -0.785743 -1.18278 1.32061 -0.876768 0.183415 -1.13094 -0.357636 -2.93806 1.18597 -2.07772 2.38494 0.539939 1.8019 1.70398 0.605903 0.1899 -0.127575 -0.129603 -1.14492 0.13742 -2.82187 1.75331 -2.07271 2.3825 -1.50034 1.83667 1.19204 -0.181168 0.75109 0.848981 1.03083 -1.32158 
-0.333391 -0.970905 1.40783 -1.65747 0.809762 0.221624 -1.30475 -0.364081 -0.630349 1.21966 -0.318566 -0.698583 -2.01939 0.261809 -1.92074 0.181666 -0.856717 1.43922 -0.553874 1.90078 0.394546 1.62093 0.576415 2.23642 -0.408617 -0.329046 -0.348445 -2.42848 1.48707 -2.20862 1.43285 -0.796552 1.38997 0.991128 1.29838 1.46381 1.68388 0.693241 0.373803 
-0.19709 -1.19151 1.60535 -1.73464 0.877421 -0.405933 -1.11094 -0.567088 0.139224 1.63789 0.6698 -0.189459 -1.40034 -0.178686 -0.715834 1.07903 -1.04068 -0.198796 -1.54 0.051163 -0.345881 0.982955 1.62984 2.26127 0.984626 1.60449 -0.45366 -1.67281 0.706972 -1.04203 0.98125 -0.0547458 1.68521 0.0507988 0.542326 -0.266517 2.20789 0.0689749 -0.580677 
-0.415075 -1.3623 1.92735 -2.05311 0.710229 -0.640636 -1.27879 -0.547692 0.174305 2.11301 1.24511 0.195807 -0.727037 -0.959808 -0.593932 0.898993 -0.616705 0.0578534 0.490142 0.344633 -0.326915 -0.963888 -0.912041 0.562139 0.496905 -0.359897 -0.512306 -0.614403 0.781923 -0.475218 0.643568 0.752707 0.319557 -0.436585 0.485821 0.595161 1.24355 -0.725244 0.0660159 
-0.585836 -1.51643 2.03808 -1.96806 0.902016 -0.130354 -0.908624 -0.740395 -0.634874 1.1412 1.06362 0.26131 -1.69466 -0.609428 -0.203209 0.11542 0.366495 1.18061 2.49546 0.379428 -0.255349 -0.395551 -0.892122 -0.686265 -1.87181 -1.51528 -0.918512 -0.3816 0.792982 0.0462632 0.236653 1.51062 -0.98655 -0.714869 -0.370655 0.0130682 0.658994 -0.749141 0.0711104 
-0.666085 -1.47417 1.98233 -1.91036 1.27784 0.758868 -1.05556 -0.682118 -0.138912 1.62721 0.779394 -1.50796 -1.95458 -0.452488 0.0258562 0.312248 0.677842 0.303057 1.42198 -1.64973 -0.65622 0.495707 0.924678 0.271168 -1.41344 0.45524 -0.561743 0.139195 0.282751 0.870941 0.174333 0.842415 -0.51208 -0.200126 -0.135069 -0.757128 0.260884 -0.31834 0.692023 
-0.775153 -1.50339 2.18795 -1.7062 1.0452 0.667494 -1.90478 -1.09261 -0.225344 1.64893 1.2571 -1.02553 -1.33058 -0.254652 0.420269 0.321188 0.857489 -0.914787 -1.42677 -1.054 -0.0213768 0.217723 -0.0546293 1.01445 1.48439 2.35775 -0.494233 0.230516 0.141109 1.01979 -0.618163 -0.58043 -0.959904 -0.0422655 0.319756 1.31695 1.15084 0.327902 1.24983 
-0.777631 -1.24605 2.13651 -1.57976 0.83202 -0.0399282 -1.69372 -0.689429 0.0451929 1.5994 1.48463 -0.158991 -0.0538006 -0.307854 0.328877 -0.0906802 0.756025 -1.24649 -2.14925 0.380043 0.596135 -0.112975 0.712124 1.1862 1.81975 1.05844 -0.181689 0.284262 -0.48417 1.29108 -0.725505 -1.23127 0.515508 0.960454 -0.109419 0.146573 2.24817 2.3171 1.94241 
-0.907613 -1.3251 2.14358 -1.41442 0.438958 -0.536231 -1.68118 -0.764433 -0.309411 2.04042 2.08059 0.628468 -0.479278 -0.025431 0.0154903 -1.04892 0.958916 -0.192432 -0.122004 1.74499 1.33738 -0.363938 0.233565 1.83522 1.36508 -0.0107014 0.672847 1.42126 -1.17847 0.66155 -0.975573 -2.03685 1.75246 1.83789 -0.644877 -2.15161 -1.04105 1.70828 1.87866 
-0.79907 -1.23865 1.6302 -1.21036 0.735565 -0.10744 -0.649887 0.0414552 -0.242388 1.72919 2.75497 1.08145 -0.0660693 1.34086 1.82099 -1.69113 0.172705 -0.242305 -0.416356 1.95473 1.92402 -0.693178 -3.39591 -2.50993 0.281964 1.2119 2.08782 1.52708 -3.05288 0.563517 -1.57887 -2.70791 2.74504 3.22716 -0.823088 -2.16677 -2.29613 0.623744 1.2257 
-0.391954 -0.333164 1.32767 -1.34582 0.318383 -0.768718 -0.511306 0.285169 -0.863983 0.185408 0.35927 0.883732 0.495975 3.2327 2.29391 -3.57863 -0.168418 -2.21691 -3.29063 1.90884 3.08934 -0.661856 -2.93622 -4.75141 -0.595415 1.49534 3.03843 1.0788 -3.67812 1.85117 -1.36011 -1.39439 3.69367 3.85925 -0.65133 -3.50694 -3.46052 -0.418713 2.73256 
0.460281 0.0111676 -0.0956356 -1.27227 -0.340022 -1.95088 0.492405 1.72416 -0.77156 0.125555 -0.509619 0.53867 1.13812 3.32713 -0.187413 -3.88565 2.43346 -1.83324 -1.33831 2.95973 3.37015 -0.120928 -0.976123 -1.88365 -0.792665 2.08592 3.16983 0.813282 -3.60895 1.63029 -1.9764 -1.89723 1.47277 1.52319 -1.79391 -3.35583 -4.79101 -1.60104 2.11821 
0.904517 -0.436413 -0.546172 -0.412258 -0.571643 -1.51794 1.2625 2.12044 -0.9545 -0.34633 -0.930848 0.161537 2.17719 1.63721 -1.06061 -1.89314 2.46313 -0.799016 0.901257 0.0542604 -1.00107 -1.56045 -1.24758 -1.3303 -1.36744 1.06324 2.55503 -0.320535 -3.38258 2.49131 -1.23997 0.111906 1.9298 1.03333 -0.553648 -1.23536 -1.7398 -1.63166 0.74202 
1.09243 -0.568239 -1.00893 -0.327357 -0.729849 -1.44488 0.52023 1.1846 -2.02943 -0.554632 -1.41876 -0.706331 1.9933 0.598065 -0.288604 -1.24245 1.07536 -0.0589822 1.48493 -0.389283 -1.95415 -0.572787 -0.566329 -0.326659 -1.20781 -1.18328 1.32401 -1.05713 -2.05095 1.85232 -0.642682 2.11129 0.23388 -1.1914 -0.421073 -1.40971 -0.638481 -1.40513 -0.0377811 
1.12818 -0.594842 -1.14579 0.001695 -0.603556 -0.684805 1.02379 1.06307 -1.41144 -0.653969 -1.14897 -0.938262 1.2178 0.396379 -0.525875 -1.21327 0.144662 -0.181827 1.76905 0.262474 -0.636032 1.03013 -0.51205 0.517359 -0.354787 -1.09892 0.309179 -0.506935 -1.71693 0.163229 -0.367635 1.10315 -0.783941 -1.7593 0.74209 -0.685463 -0.275323 -0.16368 -1.59072 
1.23681 -0.856053 -1.59448 -0.269485 -0.821175 -0.452512 0.673177 0.843349 -1.18652 -0.832587 -1.05577 -1.03024 1.10205 -0.123873 -0.468424 -1.35685 -0.84929 -0.502173 -0.0871314 -0.646569 -0.462316 1.47604 -0.291153 -0.0255049 1.01034 -0.721024 -0.0837248 -0.582928 -0.687545 0.491194 -0.201503 0.968248 -0.277219 0.18863 2.38777 -0.324224 0.517152 0.64895 -1.29561 
1.06804 -0.851328 -1.80055 -0.320718 -0.849815 -0.732772 0.630465 0.816205 -0.206935 -0.811125 -1.15975 -0.0204811 0.631793 -0.525929 -0.345717 0.176778 0.543855 -0.125833 -0.541524 -0.624941 0.892816 1.90137 0.104542 0.135977 1.15541 -0.450287 -0.433527 -0.185394 -0.675952 0.198054 -0.264771 0.202921 -0.407167 0.200698 2.24986 -0.105472 0.344882 0.830119 -0.232 
1.01863 -1.04563 -1.50991 -0.0588834 -0.885419 -0.755153 0.292852 1.33271 0.362907 -0.773355 -0.955366 0.0194903 0.734719 -0.543188 0.196142 0.33796 1.12446 0.0979752 0.348634 0.111414 0.735661 1.2855 0.156131 0.460263 0.0127967 0.451639 -0.948124 0.353458 -0.36702 -0.36382 -0.0687782 0.551395 -0.666123 0.150228 2.20383 -0.109515 -0.413788 0.557996 -0.109435 
0.84307 -0.745423 -1.63828 0.112023 -0.805816 -0.536504 0.692636 1.22018 0.843062 -0.723681 -0.836075 -0.010046 0.992966 -0.931869 0.885794 -0.726652 -1.06096 0.0206949 1.24288 -0.254342 -0.688733 0.803433 -0.2446 -0.663826 -0.466499 0.328382 -1.2313 0.843869 0.263393 -0.0921505 0.814412 1.72864 -0.70731 -0.491514 1.78841 0.349121 0.357244 0.0901805 0.550899 
0.640862 -0.563653 -1.86087 -0.462282 -0.878796 -0.0576847 0.13523 0.96283 1.02198 -0.905054 -1.40563 -0.406032 0.996336 -1.34974 1.08326 0.0692596 -1.2585 1.14452 1.83867 -1.04543 -1.41227 0.907311 0.275107 -0.00982008 0.101536 0.221026 -1.51553 1.49128 0.71562 -0.651361 1.00515 0.666849 -0.936495 -1.80412 0.136645 0.739136 0.751563 -0.632898 -1.38203 
0.301038 -0.155769 -1.60555 -0.366953 -0.255658 0.494889 0.0596268 0.457215 1.58637 -0.571174 -0.836054 0.0811041 1.16787 -1.39781 1.36963 1.82044 0.138404 1.51285 -0.395794 -0.98424 -1.78924 -0.646379 1.16166 1.61458 -0.307267 -1.98158 -1.36461 1.38797 0.735433 -1.50119 0.683755 0.0182332 -1.07822 -1.40581 0.028898 0.0595056 -0.868295 -0.86325 -1.63925 
0.0799335 0.182156 -0.983937 -0.406805 -0.150499 -0.278648 -0.461008 -0.00493956 0.50536 -0.26773 -0.2872 -0.68672 -0.60785 -0.748039 1.01641 1.05461 -0.862368 -0.10139 -1.81029 -0.381487 -0.519076 -0.883054 -0.204626 -1.09471 -1.15823 -2.18374 -1.35991 1.04126 0.967123 -0.871199 1.0158 -0.13063 -0.0777843 -0.758545 0.324396 -0.132718 -0.517674 -0.714333 -1.1638 
-0.00446062 0.397427 -1.09781 -0.694369 -0.308081 -0.51886 -0.1744 0.179509 0.877827 -0.681013 -1.58299 -0.973597 -0.599607 -0.692742 0.207358 -0.344822 -1.37095 0.0369423 0.236279 0.886803 0.746162 1.03483 -1.33062 -2.27425 -0.566519 0.590967 -0.794226 0.860554 1.11748 -1.02518 0.0226126 -0.472354 -0.102039 -0.745723 -0.841587 -0.681673 -1.39922 -1.12134 -1.22485 
-0.203828 0.294177 -1.15082 -0.928804 -0.136018 -0.145352 0.0671153 0.404745 1.35208 -0.993326 -1.84625 -1.20322 -0.134138 -0.473278 0.288153 0.64929 -0.587299 0.135702 1.21944 0.251816 -0.506401 -0.16554 -0.648136 -0.683459 -0.215449 0.719676 -0.353105 0.796691 0.267764 -0.683373 -0.105152 0.434297 0.236879 -0.248987 0.468509 -1.33296 -2.05462 -0.371326 0.493756 
-0.201949 0.553506 -0.785456 -0.916545 -0.245835 0.16547 -0.0278574 -0.0913106 0.751133 -1.03339 -2.04677 -1.17077 -0.0219348 0.149258 1.00093 0.758677 0.40325 -0.197582 0.317273 -0.566083 -1.08994 -0.468765 -0.333419 -0.335504 0.114021 0.0129377 0.11872 0.662668 0.180444 -0.303305 -0.107912 0.749209 -0.988615 -0.447569 0.318746 -0.453328 -0.242126 -0.401975 1.15202 
-0.156595 0.838931 -0.78574 -0.771997 -0.234963 0.0333381 -0.277841 -0.183106 0.979493 -1.1736 -2.07046 -1.10071 -0.127313 0.654808 0.71808 -0.368004 0.155522 -0.300554 -0.268395 -1.55966 -0.109904 0.547028 0.0798097 0.373415 -0.274694 0.676305 0.898209 0.818199 -0.041924 -0.289206 -0.484705 0.55894 -1.46038 0.187917 0.229664 -0.327866 1.00405 -0.542155 1.02163 
0.0440173 0.944024 -0.963519 -0.854519 -0.394582 0.0159104 -0.969881 -0.146717 1.20228 -0.987681 -1.78289 -1.42183 0.520706 1.23005 0.239782 -0.81499 -0.815146 -0.542208 0.393608 -1.36869 1.34575 0.740461 -0.0786267 1.60662 -0.776335 1.22615 1.21732 0.252027 -0.404455 0.476542 -0.736195 0.815691 -1.23944 0.232349 0.590283 -0.87077 1.1909 -0.545043 0.425541 
0.315501 0.968632 -1.17929 -1.08135 -0.500586 0.254812 -1.10511 0.552327 1.5875 -1.21453 -0.95751 -1.80805 0.859445 1.21485 -0.330918 -0.238702 0.512335 -0.822977 1.30335 -0.0815079 0.426686 0.169122 -1.16812 1.13478 -0.391168 -0.154482 1.32098 -0.424762 0.126074 0.293827 -0.272686 0.759386 -1.0143 -0.194594 -0.0559561 -1.1994 1.04048 0.542468 1.3109 
0.51014 0.762521 -1.07925 -0.655977 -0.795998 0.747272 -1.02364 0.089399 1.34697 -1.62441 -0.994804 -1.77883 0.392303 0.798897 -0.872928 1.01373 1.22536 0.125932 0.570282 0.0267202 -1.61488 -0.820785 -1.41903 -0.289284 1.44618 0.361018 1.10898 -0.921712 0.556265 0.593898 -0.285501 0.191922 0.00865309 0.013026 -0.15695 -0.854734 0.299174 1.82738 0.599059 
0.61811 0.491569 -0.691245 -0.610001 -0.443065 0.575307 -1.09383 -0.320718 0.92945 -1.98848 -1.1499 -0.493849 1.14742 0.488333 -1.05142 1.09056 0.321001 0.387147 -1.05573 0.0989373 -0.410892 -0.373917 0.0997847 -0.758017 2.63916 0.885097 0.651199 -0.830508 0.810442 0.731909 -0.177171 -0.679913 0.607911 -0.762033 0.126846 0.658322 0.178416 2.6941 -0.380462 
0.690665 0.188129 -0.554173 -0.530638 -0.612142 0.15643 -0.968969 -0.129531 1.0513 -1.56778 -1.50992 0.62049 1.10359 0.200848 -0.371909 0.224017 -0.197424 -0.396463 -1.42312 0.787066 0.567022 0.965761 2.23543 0.512829 1.86634 -0.809045 0.280764 -0.389564 1.13012 0.114763 0.304027 -1.87329 -0.250619 -0.56168 0.0367786 1.69081 0.0694397 1.50384 -0.81974 
0.685623 0.287714 -0.583909 -0.683011 -0.638199 -0.221442 -0.625643 -0.00835894 1.72016 -0.763956 -0.790035 1.20253 0.490314 -0.0578051 0.471334 0.63253 -0.163276 0.0765669 -1.30342 -0.426055 -0.362014 0.407887 2.00272 0.843291 -0.788542 -1.8617 -0.104494 -0.0990342 0.664564 -0.274828 0.0358138 -1.30055 0.0751417 -0.155297 0.400951 2.66062 0.0878717 0.740143 -1.58697 
0.6565 0.444095 -0.249901 -0.590583 -0.578496 -0.573232 -1.22978 -0.321907 1.38961 -0.470515 -0.922528 -0.0979552 -0.403769 -0.362313 0.229822 0.792259 -0.194198 0.450919 -0.213108 -0.681279 -0.782226 -0.482958 1.07511 -0.404168 -0.953709 -1.09076 -0.379922 0.704991 0.256393 -0.676126 0.506576 -0.972164 -0.175789 -0.310479 0.522433 1.50207 0.161799 -0.783658 -1.73167 
0.531754 0.411983 -0.202636 -0.754787 -0.4235 -0.340015 -1.03982 -0.429031 1.33606 -0.173959 -1.06152 0.33385 -0.394339 -0.526886 0.598705 -0.235939 -0.794202 0.696212 0.0816939 0.19838 -0.0661551 0.22464 -0.135327 -0.64083 -0.170391 -0.212208 -0.596158 0.530551 0.57111 -0.235194 0.755719 -0.173451 -0.428708 -0.465974 -0.726855 0.924899 -0.58476 -0.800834 -0.128686 
0.437937 0.769518 -0.364298 -0.89192 -0.245162 -0.526577 -1.11535 -0.353545 1.57933 -0.542457 -1.35696 -0.254144 -0.578799 -0.554649 0.577235 0.0821354 -0.141538 0.70202 -0.000457441 0.117498 0.140663 -0.424231 0.0733355 -0.340612 -0.026319 0.94569 -0.942864 0.753079 -0.0447111 -0.379238 0.710793 0.163354 0.417679 -0.263122 0.0429672 0.277313 -0.808767 0.406379 0.00549561 
0.302278 0.725699 -0.163697 -0.806415 -0.0873562 -0.339404 -0.973996 -0.348308 0.999589 -0.131792 -1.28926 0.308706 0.365889 -0.92283 0.543831 0.175394 0.255355 0.388176 0.129867 0.362606 -0.297023 -0.183043 0.477117 -0.388173 0.673085 0.228597 -1.13016 0.845199 0.085544 0.439123 0.854662 0.321768 0.312836 0.110035 -0.43752 -0.690222 -1.00056 -0.739551 0.164399 
0.0637273 1.06502 -0.280402 -0.791698 -0.0608076 -0.452922 -0.902229 -0.510612 1.43844 -0.279479 -1.61744 0.356875 -0.397781 -1.18287 0.704176 0.055073 0.756631 0.601893 0.411973 0.30416 0.00826186 -0.126361 -0.936746 -0.931739 -0.878441 -0.738094 -1.57772 0.484803 0.613542 1.40158 0.786507 1.13468 0.633105 -0.445166 -0.872551 -0.334034 -1.32335 -1.12996 -0.338507 
-0.174154 1.10863 -0.137804 -0.514405 0.200361 -0.107636 -0.795999 -0.339517 0.904667 -0.641996 -1.92398 -0.491509 -0.23391 -1.50241 0.194259 0.763419 1.71686 0.811741 1.30773 0.48466 -0.315984 -0.903713 -0.896846 -1.29374 -2.05736 -0.62614 -1.53118 0.416461 0.338628 1.05104 0.626158 0.694808 0.0995865 0.273903 -0.234234 -0.64333 -0.785722 -1.74713 -1.54213 
-0.538318 1.16989 0.0869685 -0.132307 0.328402 0.280894 -0.615764 -0.67798 0.71314 -0.767864 -2.5014 -1.51566 -0.907152 -1.17086 -0.069118 0.466367 0.721299 0.353353 0.470404 -0.165889 0.365548 -0.173686 0.131746 -0.0680234 -1.26385 -1.10775 -1.1561 -0.107404 0.360241 1.05728 0.0901946 -0.339885 -0.243924 0.978122 0.465095 0.0888559 0.0507466 -0.732422 0.273382 
-0.645867 1.06989 0.0863642 -0.235913 0.367873 0.15688 -0.900467 -0.136616 0.771367 -0.567887 -1.96403 -1.64228 -1.13229 -0.274976 -0.348965 -0.209166 -0.230118 -0.674308 -1.73138 -0.802881 1.65623 1.46557 1.00389 1.35529 1.16135 0.964873 -0.787926 -0.450781 0.258952 0.0322027 -0.13123 -0.418905 -0.970101 -0.0468275 0.806477 1.64762 1.40744 -0.563918 0.0137672 
-0.657854 0.97855 -0.0145223 -0.217826 -0.00110984 -0.688626 -1.10302 0.226134 1.90916 -0.216818 -1.56149 -0.46052 -0.131429 -0.040773 -0.603252 -0.0658917 -0.679989 -0.553785 -0.993789 -1.11735 -0.431894 1.15629 1.91696 1.85097 0.574802 1.13409 -0.0710885 -1.39904 -0.392184 -0.286458 0.0242322 -1.29086 -0.540346 -0.347531 -0.0297331 1.39284 2.42658 -0.0577495 0.467021 
-0.673336 0.739884 0.0539425 -0.493552 0.0966514 -0.399243 -1.5767 -0.366956 1.71658 0.482478 -0.68285 -1.12066 -0.219882 0.164843 -1.75298 -0.378912 -0.177904 0.711091 0.107382 0.0907437 -2.13525 -1.51358 0.727455 1.72075 -1.22871 -0.393137 0.105537 -1.15662 0.486727 -0.460358 -0.0111845 -1.3883 -0.0509097 -0.386921 -0.441563 0.900927 2.01994 0.686386 0.825146 
-0.604494 0.0215949 -0.197844 -0.283367 0.339421 -0.627573 -1.05327 -0.929619 0.689306 0.183059 -0.369966 -1.57933 -0.452599 0.202046 -1.13322 0.812175 0.0267569 0.536527 -0.753191 1.05563 -0.101181 -1.71186 -0.798365 0.709121 0.271801 -0.13143 -0.139131 -1.33817 0.909254 0.314654 1.04121 0.0620544 0.367605 -1.05057 -1.79118 0.294156 1.44311 -0.553442 -0.707752 
-0.605352 0.120884 0.444817 -0.480791 0.352755 -0.820518 -0.94712 -0.417624 0.335929 0.0479484 -0.187835 -0.874637 -0.329666 -0.37953 -0.2572 1.76668 0.617488 0.877476 -0.0236856 0.403698 0.691407 -0.70536 -0.364684 0.107455 0.552534 -0.448713 -0.376738 -1.1097 0.659485 0.411034 0.88816 0.716817 0.902174 0.119558 -2.0162 -1.01946 -0.403714 -0.697847 -1.01198 
-0.765131 -0.11971 0.653173 -0.0445935 0.760423 -0.63998 -0.815456 -0.549683 0.124856 -0.0143082 -0.289201 -1.07797 -0.818658 -0.781845 -0.532515 0.196389 0.54873 0.818501 1.66335 0.149204 0.263174 -0.784415 -0.475158 -1.22419 -1.12534 -1.07649 -0.640736 0.239209 0.873203 -0.602152 0.429647 0.552472 0.34529 0.661241 -0.511228 -0.820929 -0.884664 0.093694 0.959248 
-0.924141 -0.170551 0.538835 -0.268324 0.745234 0.112611 -0.86224 -0.270342 -0.29263 -0.209833 -1.02391 -1.89943 -1.20279 -0.60593 0.625039 -0.433646 -1.47066 -0.222082 0.726402 0.0610892 0.213967 0.0639258 -0.661542 -1.23276 -0.433886 1.61274 1.30124 0.698157 -0.480335 -2.35807 -1.21448 1.48333 1.9757 -0.601004 -0.484581 -0.0203027 0.101173 1.53715 0.0823348 
-1.01477 0.220073 0.443466 -0.604741 0.649629 -0.231984 -0.783527 -0.429134 0.184242 -0.374015 -1.13118 -1.47382 0.480358 2.78046 1.59225 -0.918297 -3.87786 -2.67183 0.214328 2.48224 -1.09005 0.175823 0.446226 1.34973 3.01686 1.18534 2.10804 0.431941 -0.775612 -4.13275 -3.24536 1.75498 2.18555 -1.4504 0.548768 -0.641435 -1.94874 1.75526 -1.77453 
0.157429 0.696655 0.0954877 -1.74946 -0.550373 0.233604 0.624626 -0.858249 -0.142503 0.0362523 -0.0878372 0.843442 -0.248996 3.84428 0.0333563 -0.736551 -4.36088 -4.73011 1.49415 2.84923 -2.20651 0.601058 -0.141099 -1.24266 2.59331 -3.73823 3.12765 0.176264 -0.444861 -3.0494 -2.84898 1.08771 2.38305 -0.787532 0.59613 -0.26176 -0.291458 2.90261 -0.481105 
0.484997 0.237209 0.0877343 -2.27068 -1.64146 0.606313 0.923874 -1.6236 0.679205 -0.449113 -1.97997 0.883787 -2.54271 2.02465 -1.31931 0.250246 -0.426081 -1.67554 1.16399 0.69053 0.00719164 0.547534 -0.775927 -1.72236 0.551757 -1.75447 2.94884 -0.321824 -0.0941891 -3.25163 -2.84842 2.22357 2.53122 -1.92082 0.699961 -0.679824 -0.587722 1.72867 -2.61697 
0.941886 -0.023819 0.215469 -1.90996 -1.36413 0.886855 1.0348 -0.850039 0.309055 -0.386006 -1.26691 1.3441 -1.66974 0.686047 -0.511315 0.600889 -0.22823 0.383595 1.31788 0.520446 -0.431619 0.250267 -0.70936 0.494116 -0.466545 0.599043 1.04124 -1.13865 0.222557 -0.536062 -1.28312 1.61238 0.415808 -0.232258 0.101909 -1.79512 -1.08757 -0.269079 -1.36343 
0.743244 -0.0426645 0.376753 -2.35548 -1.45932 1.34582 1.23184 -1.85379 0.889701 -0.834969 -1.63299 0.458223 -2.06248 -0.425565 -0.39007 0.0949762 -0.333898 -0.282521 0.876575 -0.132031 -0.328014 -0.433292 -1.46379 0.339606 -0.878674 0.123646 0.307656 -0.600833 0.152884 -0.682655 -0.164779 1.0602 -0.0974218 0.331319 -0.077616 -0.74401 0.79095 -0.420237 0.349687 
0.763153 -0.237578 0.260598 -2.03518 -1.50415 1.37902 0.950682 -1.02394 -0.0347668 -1.18443 -1.02631 0.543676 -1.57349 -0.214195 -0.387271 -0.361445 -0.738454 -0.635219 0.0257136 -0.64398 0.884222 -0.357286 -0.221053 0.506617 -0.0460267 -0.168494 -0.375745 -0.166472 -0.314942 -1.07114 0.00795531 1.00268 -0.0514985 -0.230007 0.660334 0.0911771 0.886709 -0.783081 -0.82148 
0.647602 -0.254897 0.201851 -2.63549 -1.76992 1.36109 0.840077 -1.3691 0.607514 -0.95379 -1.2774 0.415153 -2.2022 -0.152708 0.146315 -0.565785 -1.18058 0.294468 0.394405 0.0695251 0.0102816 1.23578 1.57372 0.782627 -0.0795509 -1.10234 -0.0611384 0.0611913 -0.427534 -0.525546 -0.133555 0.638479 -0.213631 1.48385 -0.548392 0.180239 1.12314 -0.566229 -0.854148 
0.691681 -0.158844 -0.0128111 -2.48435 -1.36512 1.60094 0.98768 -1.01405 0.974908 -0.321764 -0.480682 0.470114 -2.4675 0.119351 0.486735 -0.280301 -0.00669734 0.43124 0.785564 0.366014 1.15006 -0.329952 0.441924 0.915603 -0.645856 -0.849511 -0.0421368 0.582649 -0.184541 -0.780872 0.0970918 -0.184097 0.543031 0.21564 0.7205 0.721908 0.770648 -0.0651759 -1.08632 
0.683078 0.00946806 0.066068 -2.63552 -1.56474 1.80225 1.05524 -0.739985 0.347493 -0.710058 -0.640216 -0.173508 -2.89199 0.0870627 0.739284 0.292951 0.0753988 -0.14651 -0.621408 0.658041 0.283571 -0.359138 -0.678123 0.192347 0.00307151 -0.195032 -0.0931739 0.44654 0.0295397 0.586359 0.766881 0.74862 0.660867 0.685137 -0.946151 -0.257686 0.833817 0.168113 -0.715678 
0.714465 0.243236 0.127757 -2.45298 -1.43937 1.25353 1.37833 -0.855691 0.691219 -0.690538 -0.341468 0.471703 -2.62866 -0.263421 0.19367 0.332484 0.829403 0.738731 0.164736 0.518145 -0.211894 -0.847513 -0.766551 0.139521 0.855907 -0.00187604 -0.241129 0.650358 0.345433 0.3795 0.218025 0.638278 -0.0190475 -0.799759 -1.31907 -1.97124 0.0621686 0.28471 0.356503 
0.568085 0.114024 0.225694 -2.31567 -1.21084 1.89545 1.36183 -0.850802 -0.332233 -1.12719 -0.537373 0.603802 -2.89713 -0.458482 0.248392 0.238821 0.455623 0.478996 1.43243 -0.677423 -1.3832 -1.27794 -1.78097 -0.116299 0.350186 0.633783 -0.127949 0.540508 0.33437 1.3259 0.34868 -0.592656 -0.309931 -0.63774 -0.925784 -1.18721 0.471917 0.625875 1.17201 
0.522792 0.377632 0.24223 -2.27613 -1.21109 2.05723 0.966471 -1.60287 -0.337551 -1.66241 -0.414758 0.78902 -2.12037 0.0659153 0.628398 0.182492 1.0361 -0.206882 -0.907434 -0.924083 -0.665392 -0.304851 -0.715923 0.456421 -0.0836241 1.42191 -0.699882 0.557723 0.512772 0.0665408 -0.813389 0.505479 -0.659161 -0.699031 -0.670379 -1.27921 0.824089 0.936747 0.313769 
0.582556 0.455639 0.313012 -1.91674 -1.31429 1.38772 0.801743 -1.208 -0.571898 -1.51663 -0.216342 0.526535 -1.75225 -0.617864 0.599629 0.547005 -0.365894 -1.72032 -0.789031 -0.192608 0.421804 0.440353 0.183899 1.15908 0.803915 -0.246453 -0.21046 0.575867 0.165357 0.519963 -0.44211 -1.00845 -0.773662 -0.859022 -0.247833 -0.455573 0.832732 0.279644 1.2029 
0.268465 0.703559 0.505272 -2.4136 -2.0465 1.61587 0.845947 -1.3694 0.0270915 -1.55978 0.390056 1.51904 -2.32306 -0.390209 0.246976 0.0758894 -0.307021 -0.467913 -0.360096 -0.0981091 -0.515572 -0.0119557 0.144801 0.597326 0.430659 0.035293 -0.56875 0.687718 0.718948 0.430364 -1.10802 -1.21687 -0.158617 0.245194 1.05626 0.36831 0.126468 0.38727 -0.527973 
0.417721 0.589263 0.34894 -2.03168 -1.54398 1.18677 0.738006 -1.4838 -0.574047 -1.43539 0.201702 0.917048 -1.72737 -0.256983 0.444369 0.551838 0.968636 0.0294294 -0.741571 -0.0122483 -0.0873935 0.850101 0.271242 -1.00145 -0.324691 -0.379072 -0.870243 0.729123 0.604808 -0.0555101 -0.60887 0.671424 -0.00426569 -0.349689 1.96949 0.475632 -0.0016668 1.17574 -0.807867 
0.156003 0.944821 0.770643 -2.04047 -2.03565 1.20111 0.833806 -1.41258 0.72401 -1.40939 -0.292662 1.2225 -2.63286 -0.947916 0.859443 0.849665 0.22465 -0.461336 1.21296 0.0983707 0.0335927 2.42795 0.444024 -0.602272 1.01698 -0.997609 -0.326251 0.397323 -0.029633 1.37555 0.455226 -0.367982 -0.0285603 -0.374831 0.551704 0.815126 -1.3014 -0.10117 -0.0346035 
0.0336499 1.05687 0.757887 -1.9432 -1.77049 1.86747 0.792339 -1.46125 1.40239 -1.19051 -0.206183 1.84087 -2.53678 -0.245236 0.161838 -0.58949 0.966873 0.664996 0.282463 -0.0197754 -0.429089 -0.181498 0.740471 -0.652612 0.204003 0.347211 -0.759673 0.858778 0.0779077 0.444087 -0.0804179 0.51193 0.12685 -0.085336 1.54905 0.966784 -1.14326 0.15239 -0.215582 
0.0481581 1.03202 0.485807 -1.66803 -1.71741 1.36029 0.817141 -1.6414 0.584375 -1.0024 -0.735207 1.40685 -2.35604 -0.220305 0.44244 -0.72405 0.397443 0.338437 -0.561415 0.0761315 -0.152786 -0.530145 0.756599 -0.851136 -0.82624 0.74798 -0.483062 0.543278 -0.695028 1.13639 1.26405 0.346716 -0.370161 -0.171451 -0.0325223 1.41791 -0.160697 0.0689654 1.85918 
-0.0643945 1.29708 0.408182 -1.78862 -1.61019 1.55368 0.833307 -1.53995 0.98003 -0.774691 -0.785412 1.08813 -1.93625 -0.497941 0.664406 -0.458364 0.631409 1.26358 0.160542 -0.466202 0.191714 0.130056 1.0221 0.445886 -0.115728 1.89968 -0.332443 0.593659 -0.823535 0.843575 1.24028 -0.491586 -0.41795 0.558013 -0.118337 2.20836 0.178678 -1.28124 2.45742 
-0.159026 1.39327 0.264183 -1.42393 -1.10967 1.45114 0.532206 -1.53294 0.697388 -0.441392 -0.421429 1.30039 -0.825251 -0.291428 0.459758 -0.518904 0.787954 1.55388 -0.0537099 -0.625616 0.916494 0.372938 1.99058 1.07501 -0.743832 2.21877 -0.639136 0.421309 -0.146648 1.42216 1.32433 -0.20275 -0.725937 0.193896 0.504887 1.71225 0.237695 -0.239087 2.23452 
-0.190397 1.54673 0.157374 -1.48463 -0.862046 1.52444 0.452576 -1.03773 1.29 0.315937 -0.0384789 0.410353 -0.147727 -0.485061 -0.0220391 0.243059 1.36983 0.756985 -0.41109 -0.492567 0.072297 0.480845 1.10711 -0.147128 -0.174352 0.798859 -0.574054 0.269984 -0.249238 1.28368 0.94498 -0.462168 -0.434458 0.834289 0.31872 1.1639 -0.107507 -1.00824 2.1849 
-0.361147 1.3802 0.380699 -0.89731 -0.746944 1.2216 0.231428 -1.48936 1.09487 0.166101 -0.515945 1.1406 -0.183621 -0.59157 -0.0455233 0.147846 1.01802 -0.112155 -0.524283 0.0541933 0.226362 0.00851669 -0.544418 -1.21425 -0.490935 0.420067 -0.639898 0.409552 0.293732 1.19071 0.864991 0.368258 0.218339 0.617033 0.572077 1.07698 -0.276037 -1.05547 0.222201 
-0.434388 1.52086 0.22799 -1.09261 -0.919675 1.23146 0.480362 -0.910446 1.30446 0.0202803 -0.867714 -0.0373952 0.187946 -0.499113 0.646682 0.210221 0.305053 0.562689 0.881286 0.788649 0.772407 0.212866 0.230776 -0.205942 -1.11843 -0.521711 -0.691764 0.435741 0.998515 2.06617 0.577065 -0.18589 0.195548 -0.693472 -1.65641 -0.553802 0.159569 0.761085 -0.0471681 
-0.568792 1.73178 0.481385 -0.778073 -0.478188 1.7164 0.700568 -1.06541 1.27503 0.294365 -0.650955 0.122095 -0.608642 -0.472302 0.709648 1.37543 1.89131 0.992491 0.295017 0.211601 -1.18013 -2.06136 -0.149062 1.41388 1.42929 -0.467047 -0.422241 0.640436 0.592424 1.44942 0.659508 -0.276421 -0.189059 0.378072 -0.384921 -0.625514 -0.367115 -0.174615 0.778936 
-0.631493 1.90678 0.890399 -0.366471 -0.443046 1.39768 0.602738 -1.5473 -0.359615 -0.0591727 0.112533 1.26145 -0.192923 -0.150606 0.326036 0.696532 1.73462 0.443443 -1.22482 -1.03396 -0.255641 -0.69863 -1.01358 -0.262688 0.907532 1.46877 -0.425893 0.596244 0.452616 1.3337 0.961689 -0.67793 -0.919775 -0.481241 -0.717498 -0.844393 0.140027 1.69441 0.466037 
-0.639437 1.90852 0.81651 -0.111886 -0.267104 1.03079 0.074452 -1.2 0.71604 -0.257858 -0.825036 0.946361 0.574088 -0.183029 0.196447 -0.680937 -0.0148085 0.474733 -1.14535 -1.42796 0.517617 1.16571 -0.90639 -1.23905 0.655389 1.0376 0.709683 -0.462079 -0.189982 0.969631 0.666818 -1.93251 -1.63006 0.455104 -1.04053 -1.13929 -0.233741 0.275822 1.63355 
-0.714883 2.01285 0.561478 -0.369613 -0.216829 0.756611 -0.260146 -1.26178 0.593237 -0.552777 -0.733774 1.85637 0.641542 1.24022 -1.01544 -0.977627 -0.371475 0.573844 -1.20908 -1.12631 0.878122 -0.595159 -0.409211 -0.0367163 -0.565191 0.506626 1.50676 -0.395631 -2.47075 -0.17654 1.80039 -1.97704 -1.75758 2.04566 0.483049 -0.355225 -0.274721 -1.3942 1.3589 
-0.163343 1.35374 0.344562 -0.251488 0.00704772 0.354003 -0.607158 -0.718622 0.240955 -0.479575 -0.843533 0.431072 0.979676 2.49744 -0.785675 -3.06282 -0.238222 2.27225 -1.34476 -0.901756 2.28767 -0.581718 0.460265 0.887645 -2.3642 0.607317 2.65669 -1.56682 -3.12486 -0.286074 1.7172 -1.7564 0.36644 1.93079 -1.64961 0.0515767 0.88895 -1.43916 1.44302 
0.25543 1.58336 -0.915693 -0.458233 0.878748 0.00377907 -0.806817 -0.0146083 0.129051 -0.299014 -0.115843 -0.29526 1.12846 2.84119 -1.33944 -3.75919 -0.0360053 2.0462 -1.00252 1.6192 1.76952 -1.4493 0.469816 1.16179 -1.19884 1.23952 3.11265 -2.14733 -2.81192 0.0670673 1.98287 -1.26727 0.304578 1.69597 -2.05183 -0.17188 0.764682 -2.83027 0.562253 
0.942102 0.622291 -1.46832 -0.26274 0.993298 -0.207015 0.361083 0.247041 -0.926775 -0.22059 -0.03685 -0.660569 1.97723 2.28461 -2.44436 -1.1989 0.328694 0.753163 -0.249459 1.31244 0.0377124 -1.95847 -0.678008 0.0797589 -1.10842 0.079009 1.99323 -1.23782 -2.83312 -0.452723 2.47148 -1.41891 1.616 0.349831 -1.79667 0.828272 0.284426 -0.70893 -0.678484 
1.14208 0.249392 -1.49431 -0.329951 1.23963 -0.135168 -0.0229159 0.0101832 -1.45158 -0.667726 -0.0541468 -1.30466 1.18865 0.220733 -0.519453 -0.534711 -0.606461 1.72478 -0.783092 0.534241 -1.29151 -0.77641 0.558272 -0.803742 0.331687 -2.04615 1.38393 -1.57131 -0.720857 -0.216792 1.96162 -0.837738 2.26962 -1.08399 -1.36608 0.710785 -0.209933 0.360435 -1.02672 
1.01743 0.337979 -1.72675 -0.492247 1.82409 -0.645048 0.677343 -0.450319 -1.54884 0.0867676 -0.583448 -0.360079 0.320893 -0.158929 0.0827207 0.111834 -0.638481 2.23982 -0.802589 1.70959 -1.52742 0.263443 1.55975 -0.348956 1.55469 -1.30467 0.0316526 -0.487742 0.0591001 -0.238326 2.75841 -0.649069 0.872667 -2.17737 -1.01971 0.495559 -0.0272423 0.443705 -1.68099 
1.06816 0.293447 -1.44106 -0.571709 2.31952 -0.584128 0.999643 -0.815343 -1.2304 0.187299 -0.287622 0.108242 0.131219 -0.172993 -0.208639 0.631773 0.266308 2.48402 -0.0308124 0.63138 -1.69869 -0.49171 0.0553752 0.766345 0.216852 0.0332222 -0.18737 0.236879 -0.0452776 -0.500173 1.90468 -1.00044 2.00778 -2.21536 0.305542 1.49904 -0.64812 1.47575 -1.74259 
0.937987 0.223155 -1.42284 -0.387834 3.02209 -0.661449 1.05198 -1.3689 -1.94004 0.119113 -0.0490335 -0.16404 0.344102 -0.129884 0.281606 -0.173238 -0.0708917 0.666282 -0.454827 0.964485 -1.51492 0.101771 0.303868 -0.476216 0.261433 -0.78239 0.0700375 0.104981 0.46361 -0.291403 0.587218 -0.272694 1.19973 -1.52829 0.576119 0.615682 0.25317 0.818515 -0.973351 
1.00566 0.445955 -1.52523 -0.596309 2.63838 -0.838178 1.57445 -1.63408 -1.14032 0.355534 -0.608717 0.344832 -0.504358 0.279716 0.374119 0.0794144 -0.681302 -1.58819 -0.30802 0.968874 -0.400745 1.1904 0.707902 -0.447952 0.792035 -1.19466 -0.222583 0.329955 -0.0120895 0.479616 -0.175857 -0.657753 1.10923 -0.785409 0.856601 0.429659 0.327209 0.960679 -1.2632 
1.0365 0.42611 -1.38521 -0.645976 2.25059 -0.833218 1.62942 -1.58231 -0.967157 0.508297 -0.350669 0.555173 -0.624477 -0.213037 0.223039 0.16222 0.743084 -0.93481 -0.370038 0.515505 0.434977 0.942609 0.227691 0.888551 0.922062 -0.727822 -0.0588409 0.572146 -0.30853 0.0383113 -1.01599 -0.990239 1.03117 0.715387 1.78027 0.329239 -0.0811362 1.27573 -0.966693 
0.910475 0.566526 -1.44768 -0.309482 2.18288 -1.04471 1.87945 -1.39346 -0.368387 0.482111 0.0098365 1.18232 -1.09586 -0.371029 0.495645 -0.540488 0.731225 0.0377253 -0.936519 0.40738 1.38043 0.992378 -0.30143 0.342175 0.778414 0.0412337 -0.165933 0.0760485 -0.193065 0.272479 -0.451042 -0.632749 0.406087 0.671641 0.360361 -0.306975 0.125932 0.711699 0.518008 
0.879209 0.695334 -1.64643 -0.363686 2.26545 -1.35724 1.86944 -0.828041 -0.154862 0.34552 -0.108298 1.262 -0.594797 -0.042835 -0.101177 -0.447995 -0.362969 0.246386 -0.423266 0.0300765 0.484669 -0.509832 -0.613713 -0.731598 -0.0443682 1.36091 -0.103758 -0.055202 -0.624112 0.519288 -0.440304 0.318599 0.313752 1.52442 0.0782393 -0.428192 -0.132353 1.2745 0.938746 
0.882195 0.510301 -1.66431 -0.44583 2.29866 -1.28107 1.89274 -1.12584 -0.774278 0.14856 -0.487091 1.14075 -0.000250513 0.210696 -0.571652 -0.399701 -0.00309454 -0.709765 1.34403 0.0154971 0.709536 -0.907309 -0.235586 -0.512937 0.79052 1.09812 0.115526 -0.0558167 -0.44255 0.0128105 -0.979749 -0.0343082 0.905978 1.05221 -0.459124 -0.206898 7.83058e-05 1.59519 0.953673 
0.950593 0.382558 -1.83977 -0.362346 1.91879 -0.603081 1.87398 -0.438255 -0.883078 0.218751 -0.454675 1.97983 0.288553 0.219457 0.0242432 -0.216547 0.376935 -1.74155 0.385331 1.17981 0.957258 -0.0673851 0.352351 0.728866 2.00718 -0.203593 0.456114 -0.503477 0.150453 0.714355 -1.82286 0.950146 -0.335046 0.734904 -0.633839 -0.0685953 0.46096 0.614261 0.494112 
0.957024 0.522468 -1.76936 -0.299091 1.45298 -1.06423 2.59694 -0.601469 -0.821375 0.343309 0.0215199 2.96524 -0.168322 0.489278 -0.180161 0.635455 1.00628 -2.07188 -0.139361 -0.45481 0.296929 0.11476 0.146499 1.09498 -0.0325017 -0.493787 0.29575 0.0676294 -0.0659656 2.02032 -2.46666 0.0378278 1.06747 0.720244 1.67922 -0.268974 0.756207 1.15653 -0.895398 
1.13149 0.283263 -1.53409 0.02518 0.913345 -0.680321 1.59589 -0.272634 -0.782469 0.300928 0.306004 1.94907 -0.113914 0.234099 0.0849268 0.123734 2.46775 -2.02245 -0.332214 0.244688 0.0290887 2.12562 -0.691038 0.227785 -0.583133 -0.864047 0.309715 -0.0824479 0.410542 2.18394 -2.3474 -0.463153 0.26929 0.897599 1.12654 -0.867178 0.310067 -0.93637 0.236171 
1.03761 0.567726 -1.71036 0.647591 0.471442 -1.24956 2.7392 -0.581362 0.909899 -0.032528 0.185134 2.43363 -0.869856 -0.014262 0.0630786 -0.00483568 2.06911 -1.51015 -0.439874 0.8186 0.932811 1.26232 -1.23033 -0.704392 -1.114 0.787744 0.0928137 0.048447 -0.0049228 2.66186 -1.52313 -0.0385298 -0.816387 0.187926 1.02939 -0.76808 0.423722 -1.91391 -0.459914 
1.11444 0.316607 -1.53708 0.819344 0.179582 -0.92599 2.08302 0.238454 0.248728 -0.369827 -0.172192 0.934596 0.518739 -0.0923773 -0.00467571 -0.123872 1.28155 -0.301847 0.28895 -1.32366 0.22673 -0.868286 -0.269356 0.307005 -1.764 0.320417 -0.369254 0.275483 -0.218838 2.31963 -0.915787 -0.876004 0.39195 -0.493598 0.241292 -0.915823 0.956951 -0.942233 -0.653352 
0.989853 0.564124 -1.77074 1.14043 0.322069 -1.08674 1.939 -0.45388 0.213326 -0.177765 0.403291 0.827925 -0.614673 -0.554036 0.359445 -0.320068 1.19761 0.112581 -0.660474 -0.291806 -1.61228 -0.97629 0.0859043 1.91575 -0.039703 -1.56414 -0.364171 0.168088 0.110167 1.33589 -0.30468 0.230099 -1.53505 0.181668 -1.11351 -0.0178437 1.03038 -1.85934 0.902014 
0.885206 0.511561 -1.69203 1.28007 0.230646 -1.2953 1.90289 -0.633179 -0.535427 -0.320786 1.15359 0.897278 -0.748271 -0.468111 0.265294 0.298464 0.598045 -0.163248 0.00685798 -0.71034 0.0205002 -0.515441 0.243487 0.997521 -0.516101 0.774738 -0.971214 0.789586 -0.0102308 1.42907 0.190543 -1.08398 -1.20643 -1.04971 -0.175435 0.619025 0.623161 -0.676689 -0.534265 
0.794395 0.707737 -1.62751 1.37177 0.239729 -1.08203 1.50735 -0.43844 -0.197113 -0.042549 1.09687 0.357287 0.00747399 -0.939242 0.838126 0.311871 0.813369 0.177971 -0.702389 -1.3055 0.169626 0.748713 0.681536 -1.12791 -0.787849 0.93104 -0.806592 0.383747 0.843125 0.963821 0.336486 0.0117628 -1.63961 -0.347566 -0.932627 0.940033 0.357795 -0.909889 -0.24633 
0.504545 0.96754 -1.54234 1.59379 0.313335 -1.6881 1.1136 -0.536721 0.0792728 0.0539797 0.383806 0.179463 0.000124681 -0.772207 0.320446 0.988903 0.756906 0.676491 0.0133593 -1.46261 -0.499566 -0.645357 0.923815 -0.54638 -0.597872 -1.06137 -1.18546 1.01683 0.667048 0.474379 0.604087 0.537367 -1.19745 -0.966281 -0.139125 0.696127 -1.31222 -0.611043 0.263375 
0.479395 0.881424 -1.15144 1.66388 0.563525 -1.07368 0.62365 -0.705546 -0.712905 0.464709 0.727468 -0.187729 -0.853438 -0.883248 0.702035 0.708176 -0.148563 0.743596 1.38604 -0.279863 -1.49779 -0.931539 0.181946 -0.539877 0.0409252 -0.604349 -1.06291 0.658575 0.975191 -0.582175 1.10134 1.02234 -1.65316 -0.0838575 -0.49245 -0.746215 -1.54079 0.867307 0.477438 
0.145894 1.34931 -1.2016 1.53947 0.669587 -0.910396 0.94064 -1.34615 -0.668593 0.155541 0.0188794 0.215484 -0.491645 -0.861972 0.679617 0.498965 -1.58191 1.00382 1.28243 -0.728344 0.382401 0.0270658 -1.85697 -1.41142 1.66669 1.64564 -1.15093 0.838953 0.564109 -1.32192 1.04167 2.13414 -0.626493 0.00912931 0.338949 -0.0898099 -0.773812 0.188762 -0.478752 
0.129109 1.25097 -0.911558 1.06117 1.04563 -0.35404 0.181186 -0.493488 -0.683409 -0.548728 -0.237521 1.32705 0.472152 -0.886182 0.569961 0.155589 -1.71953 0.84567 1.3131 -0.546756 1.50823 1.33793 -0.297459 -0.444774 0.194486 0.0380504 -1.19691 0.266845 0.260547 -1.56605 0.593411 1.99399 -0.0312509 0.75618 0.564082 0.346828 -0.748859 -0.0258122 0.44575 
-0.213909 1.65906 -1.12725 0.884111 1.07521 -0.173572 0.607299 -0.52244 0.423918 -0.00506393 -0.280568 0.39118 -0.464536 -0.978111 -0.270116 -0.0960673 -0.630426 -0.0985418 1.23981 0.692745 0.653262 0.656792 2.28535 0.458433 -1.69482 -1.09949 -1.13957 0.0140116 -0.0842356 -0.869072 1.08534 1.5218 -0.727651 0.791951 1.42141 1.42573 0.256732 0.039888 0.985844 
-0.266833 1.10262 -0.958526 0.822496 0.994588 0.341708 0.592695 -0.134276 -0.143251 0.703098 0.0848942 -0.215727 -0.419558 -0.865792 -0.541623 -0.27614 0.489981 0.810234 0.613137 -0.414291 -0.423479 0.402562 2.06976 0.767687 -0.141924 1.15798 -1.08127 -0.240529 -0.319287 0.0512326 1.03426 1.45889 0.160382 -0.553234 0.00614986 1.32834 0.913326 0.0370305 0.300641 
-0.565697 1.36266 -1.26103 1.0741 1.46369 0.170942 0.353559 -0.748209 0.757914 1.12887 0.254771 0.260884 0.46716 -0.684285 -0.085286 -0.381338 0.698569 1.67649 0.607018 -0.473682 -1.41458 -0.660571 -0.634364 0.697573 1.74387 1.47103 -0.815865 -0.765825 -0.0182717 -0.0045732 0.617032 1.43848 -0.656975 0.197528 -1.2525 -0.542678 0.77727 0.273719 1.92795 
-0.547269 1.05506 -1.14302 1.09229 1.80203 0.682793 0.303266 -0.898497 -0.67138 0.358254 0.571959 1.36926 0.764997 -0.388775 -0.605699 0.255735 -0.500527 0.131086 1.20792 -0.452835 0.692475 -1.95759 -2.74939 0.215689 0.481683 1.17167 -0.159742 -1.21867 0.783524 -0.168537 -0.434706 3.13456 -2.77349 1.04212 -0.973449 -2.16092 1.21615 -0.513216 1.95593 
-0.729968 1.03131 -1.1384 0.885124 1.5237 0.848818 0.0766567 -0.367692 -0.822008 -0.372596 0.410056 0.697807 1.40992 0.437925 -1.74473 1.57822 -0.940314 -2.33999 3.35489 -3.20609 2.84265 -0.550538 -2.06102 0.842652 -2.37064 0.892289 1.72584 -3.07226 2.27509 -0.835965 -1.81783 2.34515 -2.57088 2.43539 -1.65265 -1.93829 1.73053 0.384234 0.513962 
-0.38656 0.102604 -0.382851 0.735053 0.666919 2.56398 -1.62814 0.650189 -1.11028 -0.766765 1.15891 -0.788233 1.48209 3.03983 -4.01874 3.20564 -0.682334 -2.90506 1.75757 -2.95768 2.64765 -0.0906207 0.33133 1.97719 -0.00618813 -0.543452 1.85884 -3.60407 2.30065 0.358267 -1.782 0.538653 -2.10367 2.21715 -1.33878 -1.32591 1.84701 0.285324 -0.603325 
0.453563 -1.16117 0.406304 0.626587 0.115293 1.83476 -1.70548 1.07505 -0.887948 -0.189343 1.77815 0.690974 0.967336 2.41749 -3.68145 1.92196 1.4414 -0.379303 -2.66961 0.416452 0.197972 -1.11084 0.405762 1.49802 2.72465 -1.60848 1.93123 -3.35922 1.68531 1.08821 -0.868973 -0.384854 -1.26637 2.34574 0.145808 0.439914 1.33961 0.686768 -2.3285 
0.552327 -1.90595 0.543023 1.28905 0.480084 1.06861 -1.38267 0.762048 -2.00355 -0.542808 2.19709 1.68885 0.179262 -0.0731697 -1.03831 -0.639673 2.21268 1.57893 -2.23797 1.28072 0.569445 0.258967 0.213003 -0.28032 0.85326 -2.24861 0.860148 -1.73479 0.292083 0.740627 0.608013 -1.89 1.73424 1.34941 -0.250452 0.509441 0.38095 2.11383 -1.6282 
0.413358 -1.72841 0.0972757 1.47568 0.87555 0.5813 -0.940636 1.38873 -0.670397 -0.0707978 1.59193 1.46588 -0.852541 -1.09667 1.07334 -1.47118 -0.401162 1.30686 0.28937 1.89411 1.65181 0.790804 0.225177 -1.0175 -0.124837 -0.340927 -1.06351 -0.185853 -0.548033 1.3801 1.77898 -0.12503 1.6406 0.983336 0.154365 -0.67151 -0.672938 0.867728 -0.220576 
0.109778 -1.32171 -0.166856 1.13809 1.10876 1.23166 -0.249223 1.66376 -1.35471 -0.417606 1.50332 1.57409 -0.0997365 -1.56193 0.765333 -0.185014 -0.270748 1.13537 2.08553 0.905405 0.777956 -0.0800745 -1.05311 -0.576342 0.216071 1.99297 -1.56687 1.0696 -0.705607 -0.124031 1.00783 0.261268 2.05897 1.38304 1.55846 0.564334 -1.77045 -1.18831 0.175636 
-0.212084 -1.31213 0.00742758 1.37462 1.42128 1.75105 -0.401334 1.81569 -0.727785 -0.644634 1.20189 1.66121 0.753602 -1.31189 0.546363 0.407265 0.222173 0.23076 0.0457803 0.847986 0.244125 1.1186 0.474139 -1.2317 -1.3311 0.562043 -1.11827 1.89168 0.53973 -0.681353 -0.544565 -0.240281 -0.471274 -0.762106 -0.791196 0.500973 -1.10247 -0.872282 1.72 
-0.417376 -1.02483 0.0288204 1.22562 1.21698 1.25818 0.255574 1.80069 -0.440057 -0.156256 0.662071 0.362153 0.350613 -0.157314 2.09372 1.01177 -0.6941 -1.9665 -2.38345 -1.52575 -1.82592 -0.906413 1.6735 -0.825309 -1.28385 0.0864547 -0.0273667 2.18465 0.185905 -1.03335 -1.18698 -1.56799 -1.65666 -1.78591 0.821784 0.826784 -1.45882 -1.68294 0.742876 
-0.285366 -0.171472 0.494521 1.11158 0.466806 0.416061 -1.32298 0.827988 -1.45527 0.272593 0.640447 0.492236 0.819808 1.26895 2.75436 -0.117689 -1.68336 -2.04213 -2.01957 -3.0436 -2.69711 -0.117134 0.552095 -0.622096 -0.732352 0.341624 0.717734 2.51949 -0.294724 -1.97438 -1.81792 -2.19908 -1.22739 -2.16713 1.14429 2.12113 -1.68396 -2.67768 0.991009 
0.0700116 0.476078 -0.0285717 0.58409 0.225922 0.127139 -1.57819 0.339685 -0.527497 0.147724 0.240537 -0.305183 0.622925 1.2593 1.71181 -1.45188 -2.094 -0.807609 -0.386929 -0.0993995 -1.15024 2.30536 0.965032 -1.31415 -2.00136 1.11579 1.22558 1.83447 -0.588617 -1.45088 -1.84677 -1.9982 -2.25297 -2.31592 1.95347 1.77989 -1.24294 -2.20491 1.2505 
0.198229 0.760927 -0.206055 0.31294 0.0728239 0.200066 -1.38749 0.20738 0.421754 0.802391 -0.257567 -1.32936 1.71743 0.613396 0.0184431 -0.768613 -0.36657 -0.775999 -0.497244 0.0555423 -0.483231 2.51338 1.66137 -0.957791 -1.97219 1.17286 1.00623 0.834697 -1.09671 -0.958669 -0.845861 -0.666581 -0.0291721 -1.23276 3.64465 1.36863 -0.538277 -2.79532 -0.294101 
0.299699 0.485082 -0.399759 0.446364 -0.152773 -0.150685 -1.54959 0.0814541 1.51823 1.05832 -0.412125 -2.10025 1.56665 0.285993 -0.446226 -0.205809 0.738118 -0.483259 -0.44908 0.0665628 -0.543624 2.17522 0.736154 0.628343 -1.42833 -1.4599 0.534144 0.2084 -0.475145 -0.518109 -0.760118 -0.16375 1.63683 -1.58104 2.65597 1.77204 0.404632 -1.73901 -0.740682 
0.299213 0.516546 -0.305927 0.597867 -0.164289 -0.0507625 -1.35228 -0.083662 2.19325 1.20702 0.181833 -2.62975 0.534613 0.206479 0.302948 0.054584 -0.368094 -0.384035 0.295925 2.12558 -1.68859 0.748671 0.542314 1.46836 -0.16012 -2.05434 0.325216 0.00577914 -0.0113608 0.031749 -0.842285 -0.895025 1.73457 -1.07967 0.945036 1.1803 1.69326 -1.12855 -1.5276 
0.369426 0.649228 -0.374102 0.308056 -0.341896 0.0160407 -0.277051 -0.831636 2.13289 1.35695 0.60563 -2.24709 -0.0963102 0.212842 0.462152 0.195897 -0.697447 -0.802152 -0.675278 2.24445 -0.940142 -1.02184 0.730431 1.51724 0.0458006 -0.368456 0.12819 0.228877 0.273116 -0.0381793 -0.24855 0.247285 1.42389 -2.10749 -0.468481 0.426083 1.79378 -0.0983436 -1.72675 
0.371441 0.767506 -0.212147 0.333548 -0.555632 -0.428369 -0.00830436 -0.590128 1.37215 1.60853 1.23325 -2.58929 0.233378 -0.0103981 0.049315 0.367395 0.310161 0.00458809 0.0215758 -0.227441 -1.20572 -1.33742 -0.0152096 0.804778 0.042903 -0.0136538 0.0946499 0.407453 0.496276 -0.753663 -0.402879 -0.106648 0.985257 -2.26879 -2.33516 0.0629875 0.658765 0.0956106 0.125338 
0.353897 0.675067 -0.197646 0.429247 -0.343063 0.0290014 -0.418507 -1.48239 1.05589 1.35069 1.16651 -2.20928 -0.110964 -0.0682984 0.159327 0.564884 -0.369363 0.187218 0.546034 -0.929209 -2.17552 -1.86754 -0.655613 -0.684227 0.0752011 0.52905 -0.10696 0.321268 0.544863 -0.123463 -0.489164 -0.927206 -0.035759 -1.38763 -2.64055 -0.87927 0.193974 0.586865 1.35441 
0.333151 0.853335 0.059514 0.194754 -0.468471 -0.121464 -0.571473 -1.76776 -0.134748 1.25207 0.768933 -2.5221 0.657078 -0.154856 0.442234 0.467151 -0.48835 -0.751181 -1.18655 0.185851 -0.700682 -1.92835 -1.08369 -0.561493 0.681467 1.65317 -0.0884096 -0.0139262 0.690387 -0.265156 -0.0570842 -0.537249 -0.870597 -1.45241 -1.16974 -0.262588 -0.0383461 1.31514 1.33072 
0.281582 0.915165 0.0268999 0.244929 -0.709755 -0.635161 -0.311605 -1.85876 -0.500326 0.760134 0.786698 -1.59063 1.22071 -0.0684503 -0.173108 0.490597 -0.00862062 -0.274513 -1.2188 -0.221801 0.180216 0.414511 0.32488 0.632742 1.54365 1.08196 -0.536004 0.641913 0.66003 -0.334119 -0.316517 -0.711203 -0.157404 -0.685092 -0.962652 0.148103 0.363121 0.830368 1.08175 
0.294802 0.757886 0.295363 0.19398 -0.604624 -0.803698 -0.70954 -1.66555 0.208938 1.43179 1.21136 -1.11923 1.52737 -0.669673 0.532711 0.542241 0.0131234 0.268025 0.294222 -0.389095 -0.241588 0.730551 1.26453 1.01939 0.341977 -0.341739 -0.460447 0.0453219 0.500815 -0.310596 0.240737 -0.0298251 0.785111 0.732729 -0.801294 0.0524073 0.828607 2.02335 0.417416 
0.00688894 1.2046 0.287645 0.252474 -0.583511 -0.469389 -0.550204 -1.98571 0.0996462 1.45371 1.49534 -1.28078 0.941058 -0.639977 0.248647 0.277075 -0.433437 0.641655 1.18652 1.27107 0.823264 -1.41344 -0.263241 0.415771 0.945042 -0.569911 -0.817968 0.571159 0.43533 -0.179738 0.714604 0.877326 0.216574 0.0861905 0.0313979 0.750013 0.899953 0.0701972 -0.0256049 
0.0317823 0.892421 0.428278 0.0306715 -0.297675 -0.137818 0.0494996 -1.21398 -0.929718 1.2899 1.5044 -0.260847 1.06342 -0.588127 0.335567 0.126012 -0.270663 0.822178 0.818535 0.682831 0.35779 -0.703213 -0.333923 0.119645 -0.252189 0.320706 -0.973026 0.895243 0.31619 -0.779498 0.613196 1.39685 0.745591 0.203923 -0.503662 0.111696 0.235341 0.320288 -0.420147 
-0.235748 1.38653 0.347736 0.151443 -0.189254 -0.00975526 -0.144653 -1.78702 -0.463063 1.27317 1.5845 -1.51137 1.19647 -0.856086 1.10821 0.210299 -0.669803 0.293813 0.581992 -0.27432 -0.545493 0.781335 0.398732 -0.12 -0.548087 0.0741324 -1.1307 0.480258 0.180435 -0.421075 0.461493 0.876627 0.468435 0.879074 0.117291 -0.0702875 -0.166261 0.142141 0.0583939 
-0.31619 1.49568 0.529001 -0.22307 -0.15896 0.18924 -0.120128 -1.50604 -0.288564 1.51001 1.42857 -0.76058 1.11967 -1.15022 0.39567 0.15526 -0.327178 -0.118189 0.293339 -0.0543958 0.846527 0.836412 0.242728 -0.333429 0.430341 -0.240665 -1.08325 0.391235 0.0837085 -0.143835 0.648223 0.967015 -0.738988 -0.42975 0.296415 -0.43988 -0.606381 0.0710763 0.049766 
-0.699348 1.60124 0.421926 0.0287888 -0.249801 0.155521 -0.182122 -1.32281 0.222755 1.40797 1.36171 -1.12115 0.998459 -0.809343 -0.511182 -0.0758774 0.462888 0.6951 0.643972 -0.701794 -0.0463573 -0.42737 -0.950307 -0.652214 0.638955 -0.00447295 -1.1786 0.165124 -0.11564 -0.526383 0.839346 1.53108 -0.0176555 0.208865 1.23321 0.760719 -0.0905553 0.44526 -0.233862 
-0.645788 1.21588 0.491766 -0.0434459 0.173837 0.551037 -0.546636 -1.52692 -0.627584 0.992391 0.986296 -0.180605 1.11243 -0.661727 -0.13952 -0.323489 -0.419154 1.39873 1.64461 0.0368636 -0.561974 0.67213 0.701213 0.2157 0.120107 -0.0309604 -1.20017 -0.334628 -0.150666 0.441917 0.924819 1.40883 -0.000642887 0.237872 0.61692 0.106779 -0.660425 -0.161382 -0.294957 
-0.970917 1.52411 0.265323 -0.129055 0.423305 1.07815 -0.16475 -1.62382 0.775352 1.7935 1.517 -1.01311 0.969827 -1.03575 0.0139195 -0.145528 0.156146 0.715864 1.13967 0.70687 0.370719 1.17635 1.07967 -0.188572 -0.833597 -0.340667 -1.03493 -0.0192769 0.371102 0.401367 0.401866 -0.0399001 -1.15617 -0.191614 0.314514 1.05571 0.664035 1.10751 0.152659 
-1.06439 1.22241 0.420953 0.0188191 0.516676 1.19066 -0.126639 -1.32121 0.333899 1.58488 0.863245 -0.94003 0.833645 -0.929458 0.117672 0.894231 0.981009 -0.785729 -1.6896 -1.56737 0.296929 -0.295858 0.610181 0.624002 1.24373 0.224429 -0.995734 0.0595542 0.722805 0.965123 0.242848 -0.344668 -0.346262 0.545284 1.49189 1.71997 1.0526 0.824669 0.256319 
-1.34773 1.58722 0.695754 0.248802 0.0399043 0.13204 -1.11141 -1.4582 0.542979 2.12924 1.95341 0.11696 1.14748 -0.495209 0.0830765 1.25023 1.20064 -0.3455 -1.56935 -1.16109 0.37552 0.651011 1.05915 1.52129 1.85004 0.658869 -1.10715 -0.202377 0.537846 1.28508 0.273884 -0.294383 -0.342093 1.38128 0.313754 0.598653 0.340404 1.29805 0.322407 
-1.2705 1.26666 1.023 0.480706 0.34619 0.311949 -0.82915 -1.11289 0.86937 2.16615 1.91744 0.741523 1.3622 -0.7727 -0.415556 -0.0703381 0.826944 1.20345 1.32339 1.11869 1.59659 0.671194 0.131884 -0.194926 0.354133 0.173295 -1.18165 0.0729662 0.731372 1.4123 0.149964 -0.625384 -0.297605 0.431029 -0.0978025 -0.281189 0.901609 1.30834 -0.25277 
-1.66293 1.35957 0.661189 0.567713 0.618562 0.874633 -0.443935 -0.586486 1.09482 2.20342 1.82599 0.437867 1.28383 -1.32142 0.0341391 -0.132521 0.786691 0.574134 0.785337 0.77153 0.213921 -0.782908 -1.41305 -0.380151 -0.239543 -0.953245 -0.948604 -0.50481 0.34256 0.994628 1.12513 0.788368 0.0303869 0.149654 0.205296 -0.499774 -0.0103225 0.473463 -0.248545 
-1.8014 1.28423 0.958459 0.784217 0.620482 0.752976 -0.370297 -0.992365 0.242033 1.39547 1.66249 0.522435 0.588621 -0.685837 -0.338268 0.597747 0.571447 0.513166 -0.322922 -1.07238 -1.39329 -0.42953 -0.758065 0.178998 0.230955 -0.462588 -1.11421 0.0717688 -0.331916 0.386475 0.685003 0.375255 -0.112046 -0.103639 0.230868 0.3218 -0.614785 -1.13842 0.10104 
-1.94397 1.17405 0.948693 0.788872 0.863367 0.694512 -1.09314 -1.33914 0.754045 1.79093 1.95601 0.646734 0.90656 -0.391579 0.0812713 -0.364057 -0.245834 0.470902 -0.306309 -0.914498 -0.358234 1.05609 1.81026 -0.402725 -1.15511 1.0846 -0.669021 -0.471076 0.214013 -0.2254 0.285591 0.00356993 0.22109 0.365168 0.754576 0.0817231 -0.27911 0.767354 0.745094 
-1.96677 1.32749 0.782299 0.692685 0.844847 0.582166 -0.924625 -1.18269 1.10599 2.38749 1.39199 -0.529433 1.46105 -0.343088 -0.364699 -0.265497 -0.893373 -0.0775829 0.332798 1.37212 1.89235 1.34817 0.856221 -0.535966 0.715095 1.36892 -0.693919 -0.549936 -0.188046 0.0217404 0.920861 0.563386 0.0482516 0.352622 1.01352 0.120608 -0.142345 0.198004 0.586933 
-2.09028 0.974131 0.820046 0.449592 0.822459 0.881904 -0.273376 -0.306748 1.85486 2.26123 1.59378 1.29596 2.00864 -0.675604 -0.903126 0.085902 0.272391 0.934022 1.0228 0.98455 0.840073 0.181693 -1.66366 0.219285 1.40188 -0.368579 -0.544143 -0.428725 0.26672 -0.166112 -0.247796 -0.165383 0.686523 1.5818 0.58984 -0.36408 -0.795372 -0.0073854 0.476142 
-2.24379 0.833962 0.823053 0.799426 1.2932 1.15629 -0.337763 -0.721981 1.26088 1.47976 1.54975 0.744477 1.15972 -0.493946 -0.274421 0.677767 0.655048 -0.300713 -0.53618 -0.453867 0.27635 -0.632563 -1.31338 -0.47604 -0.720595 -0.786213 -0.657872 -0.238973 0.736138 0.0882885 -0.755059 -0.431955 0.574131 0.89571 -0.043963 -0.444803 0.553082 1.90616 0.473674 
-2.2959 0.823435 1.14613 0.702736 0.673634 0.582258 -0.550899 -0.152307 1.34944 1.54506 1.2728 0.639322 1.36998 -0.336189 0.550071 1.03904 -0.151997 -2.08634 -1.56266 -0.215655 0.387075 -0.247235 1.10596 0.479639 0.942878 0.94832 -0.503276 -0.0332346 0.817417 0.927353 -0.375084 -0.599276 0.00556329 0.123009 -0.607137 -0.786671 0.0156451 0.349393 0.165777 
-2.38739 1.13286 1.32329 0.743796 0.280762 0.281328 -0.472137 -0.507385 1.06794 2.08663 1.88677 1.60089 1.92207 -0.280292 0.231531 0.570571 0.648481 -0.271809 -0.214875 0.467191 -0.109621 -0.127076 0.329825 0.493059 1.1533 0.995467 -0.36404 0.00723446 0.749051 0.242239 -0.617691 -1.10283 0.486214 0.837036 -0.175606 0.0279281 0.338255 0.387406 0.267521 
-2.41752 0.948637 1.42053 0.953368 0.538789 0.462695 -0.274932 -0.20756 1.25394 1.72749 1.61906 1.68713 2.17041 -0.224098 -0.53195 0.105507 0.489472 1.14363 0.176009 0.867716 0.759551 0.0194464 -1.07481 -0.053289 -0.463487 -0.616639 -0.459188 -0.105356 0.224477 0.473535 0.262946 0.0610406 1.16575 0.546626 -0.0688556 0.378566 0.245212 0.377153 0.696143 
-2.48693 0.841738 1.3735 0.933591 0.830488 0.380844 0.0445172 -0.0904268 1.09125 1.50092 1.85686 1.17811 1.42037 -0.4262 -0.383149 -0.222434 0.0151364 0.672838 0.297292 1.0879 0.857702 0.0308548 0.13809 -0.184763 -0.686501 -0.148033 -0.575609 -0.848993 -0.0637672 0.541207 0.786686 0.851147 1.6013 1.61273 0.838128 -0.974452 -0.319355 -0.102859 -0.67112 
-2.59651 0.738652 1.31264 0.961683 0.860819 0.630187 0.374039 0.262723 1.28651 1.80507 1.49863 1.0615 2.04722 -0.661288 -0.740755 -0.194983 0.269567 0.0565604 0.903703 1.26618 1.4516 1.00217 -0.142647 -0.354743 0.340724 -0.181132 -0.56614 -0.921361 -0.0362205 0.296031 0.220412 1.17043 0.814224 0.846752 -0.0545903 -0.121659 -0.540826 -0.890007 -1.60351 
-2.75832 0.43675 1.27884 1.03925 0.854457 0.888213 0.800621 0.702512 1.91149 1.42498 1.6194 1.48682 1.27044 -0.444637 -0.998654 0.17478 0.398188 -0.336709 1.18542 5.09768e-05 0.302257 -0.109495 -0.293275 -0.504273 -0.403052 -1.77166 -0.546061 -0.714385 -0.0956774 0.0626236 0.342584 1.44088 0.98357 0.794963 0.143802 -0.548798 -1.12076 -0.79725 -0.145964 
-2.78274 0.193031 1.39624 1.11655 0.694585 1.29545 0.369289 0.431239 1.20526 1.64675 1.15822 0.693689 0.612584 -0.178694 -0.329019 0.0570612 -0.185362 0.465987 0.920386 0.0468172 -0.362709 -0.836293 -0.544601 -1.07012 -1.31635 0.0152731 -0.4876 -0.799881 -0.180883 -0.254238 -0.267384 0.876205 0.755478 -0.0381091 0.309771 -0.766778 -0.701017 -0.70077 -0.90056 
-2.84001 0.256282 1.3057 0.970856 1.07644 1.40493 0.823974 0.509759 1.24086 1.12922 0.889404 0.288293 1.27916 -0.305513 -0.20001 -0.442061 -0.760777 -0.0714769 -0.0740825 1.00984 -0.356639 0.479921 -0.665497 -0.388015 -0.454076 0.69781 -0.204755 -0.483501 0.055695 0.043382 -0.0300389 0.25394 -0.412463 -0.706651 0.122568 0.143002 -0.146725 -0.843761 -0.651553 
-2.91428 0.0829124 1.18248 0.828005 0.656629 1.2548 0.971348 0.241784 1.60199 1.28488 0.897851 0.279467 1.1726 -0.136832 -0.392679 0.0348304 0.242436 -0.512014 -0.594485 -0.58901 -0.609148 0.975997 0.719088 0.881118 0.283599 -0.789499 -0.308263 -0.478642 -0.454882 -0.0667054 0.494828 0.106446 0.320406 0.337578 0.498751 -0.626784 0.269156 -0.149037 -0.042624 
-2.90524 0.0411005 1.32183 1.06613 0.825425 1.07261 0.465241 0.183119 2.03987 1.52452 1.50284 0.545044 0.637836 -0.169065 -0.514363 -0.241204 0.66262 0.82633 0.213811 -0.578119 0.817833 0.123418 -0.118893 0.726691 0.274597 -0.739322 -0.20306 -0.542056 -0.0964091 0.864984 0.188274 -0.123576 0.159296 -0.0283156 0.378955 0.789685 0.434928 -0.226387 -0.547834 
-2.99218 -0.198624 1.06554 1.08405 1.05289 1.3755 0.619159 0.690406 1.70962 1.22193 1.40496 0.52803 0.571805 -0.17609 -0.417295 -0.173863 0.973149 0.799105 0.443874 0.80663 0.568206 -0.520303 0.260935 -0.332109 -0.558081 0.140076 -0.157234 -0.38885 0.180165 0.67709 0.250536 0.187066 0.309224 0.960958 -0.460448 -0.443379 0.169006 0.887308 0.101511 
-2.9859 -0.187504 1.23736 1.44098 1.20852 1.32225 0.945186 0.496121 1.62549 1.66928 1.28096 0.0362215 0.747354 -0.0734403 -0.0646414 0.522066 0.288022 -0.444236 0.0276789 0.994979 0.498858 -0.702267 -0.43704 -0.515086 0.818782 0.871246 -0.409622 -0.592038 -0.511223 -0.622393 -0.0752786 0.269256 0.704754 1.15204 -0.691066 -0.650334 -0.161875 0.491821 0.0282479 
-3.03249 -0.234926 1.31656 1.19677 0.834656 1.39188 1.21229 0.965733 1.14768 0.984992 1.05711 1.27157 1.2719 -0.454238 -0.468031 -0.59494 -1.85486 -0.914162 -0.098641 0.135851 1.01071 -0.342776 -1.07466 0.123889 1.16572 -0.0963091 -0.311352 -0.165988 0.170962 0.289054 -0.516705 -0.515959 0.519037 0.284066 -0.0233661 -1.14313 -0.738669 4.56159e-05 -0.867324 
-3.17591 -0.443776 0.949894 0.733841 0.763006 1.26784 1.02204 1.04953 1.35507 1.08366 1.37304 1.09533 0.665938 -0.405885 -0.178384 -0.255177 0.115464 -0.344381 -0.673568 -0.299299 -0.111102 0.66211 -0.990533 -0.424976 -0.815156 -1.90511 -0.195269 -0.0986631 0.0482257 -0.370453 -0.485039 -0.181408 0.554146 0.771023 -1.57692 -1.57401 -0.433759 -0.0323637 -0.331159 