-0.46693 -0.978731 0.694711 -0.43898 0.666627 1.89339 2.1889 1.36069 -0.334721 0.890273 0.689747 -1.3961 0.831547 0.698861 -0.983313 -0.472863 0.658083 -0.764164 -0.167117 -1.14982 -0.866723 -1.79043 -0.609351 0.20333 0.380806 -1.6608 0.855955 -0.513644 -0.487831 -0.266162 -0.439513 -0.189104 -1.18914 -1.40527 -1.28777 0.235306 0.413264 0.171631 -0.948574 
-0.20168 -1.39468 0.368256 0.028448 0.756459 1.79842 1.39093 0.717405 -0.254845 1.1741 0.480137 -1.36849 0.156037 2.00495 -0.342243 -0.712242 0.0239829 0.189288 0.552381 -1.32034 -1.23596 -0.192551 1.42093 1.66154 1.04619 -1.09656 0.0167575 0.646337 0.213154 -0.182208 -0.134466 0.0193523 -1.15507 -0.891533 -1.1594 0.575766 0.727151 0.737027 -1.06802 
0.238468 -1.13222 0.336896 -0.417304 0.782171 2.23681 1.13261 0.346765 -0.494489 1.72718 1.43725 -0.495885 -0.0827398 -0.678082 2.01386 0.823452 -0.943126 0.548115 0.187895 -0.274281 -0.362259 0.244045 1.31717 0.757033 0.583165 0.189114 -0.158626 0.475647 0.385014 0.493215 0.237766 0.279819 -1.3102 -0.409846 0.318442 0.0653654 0.503716 1.41452 1.21363 
-0.472548 -0.455299 0.780679 -0.459562 1.08912 1.91412 1.16032 0.409013 -0.0646362 1.95005 0.824491 -0.861042 0.307487 -2.275 1.10167 1.34405 0.703242 0.182819 -0.178478 -0.295797 0.667094 0.616079 -1.33876 -0.996557 0.806522 2.78896 -0.819805 1.17976 0.50494 -0.457511 0.401121 0.757865 -0.00642439 0.408077 0.966279 0.87519 1.5524 1.13039 1.05847 
-0.613464 -0.61596 1.01043 -0.037643 0.893801 2.1236 0.885021 0.869597 -0.00605551 0.942483 1.00001 0.201032 2.2238 -0.688363 -0.136037 0.00460147 0.245483 0.082106 0.834112 0.272131 0.914295 1.04303 -0.242312 1.2943 0.896829 1.28811 -1.39024 0.231356 0.166652 -0.709774 0.386873 -0.891062 -0.0918417 -0.0277823 0.979632 -0.53114 -0.743174 1.00594 1.31861 
-0.747157 -0.513142 0.782402 -0.321151 1.13981 2.43355 1.36102 1.13146 0.766043 1.80963 1.40831 -0.0875197 1.36993 -0.0373599 -0.730267 -1.06956 -1.77896 0.42489 -1.03503 0.187906 -0.71237 0.688793 0.68972 0.013157 0.510208 -0.950979 0.108369 -0.962164 -0.0511615 -0.276895 0.22162 -0.622538 0.302462 1.16149 1.5841 -0.41857 0.687754 1.25677 0.25238 
-0.651195 -0.949433 0.473402 -0.966154 1.1519 1.47525 1.01924 0.278483 0.540666 1.34973 1.0128 0.646595 1.4302 0.861057 -1.38832 -0.086525 -0.672435 0.26449 -1.68357 0.1081 0.670239 1.06758 -0.268743 -0.386018 0.748944 -0.928727 0.304426 -1.60785 -0.184884 -0.952067 1.1732 -0.359817 1.51319 0.174458 1.08751 0.123583 0.0382426 0.641305 -1.22989 
-0.457983 -1.15185 0.738419 -0.666501 1.30086 1.38 1.43224 1.65684 1.61641 1.65368 1.24319 0.560556 0.594764 0.535164 -1.81967 0.768817 0.340114 1.42528 0.54175 1.69112 0.944248 0.759872 -0.536195 0.0364718 0.328195 -0.745171 0.700593 -1.85759 0.718738 -0.131265 0.888579 -1.50667 -0.0395723 0.510243 0.343174 -0.402584 -0.268423 1.40214 -0.169004 
-0.480603 -1.78822 0.858422 -0.77787 2.01531 1.81202 2.33999 1.02512 1.14436 1.03663 1.03599 0.937761 0.807187 0.293687 -1.5583 1.26443 0.463741 1.13596 -0.364532 -0.151285 0.0218074 -0.611089 -0.222716 0.0302372 1.08753 0.703755 0.513115 -1.52683 0.833618 0.469941 0.849265 -0.698132 0.211426 0.250733 0.957041 -0.601211 -0.72591 0.211249 -0.7369 
-0.375257 -1.8694 1.37202 -0.413063 1.9892 1.15056 1.29872 1.65859 1.12113 1.52478 1.2636 1.49584 1.17282 0.308696 -0.601586 0.59707 0.35223 -0.0869558 -1.49369 -1.42359 -0.607841 0.514888 -0.198744 -0.997049 -0.0539429 -0.267331 0.148782 -1.18136 0.364775 0.493251 1.10597 -0.260634 0.122777 -0.554276 0.46362 -0.809223 -0.758707 0.425944 0.143524 
-0.392415 -2.06201 1.1573 -0.5832 1.96371 0.877108 1.2022 0.518418 1.55168 0.921808 0.598528 0.904771 0.580275 -0.053978 -0.314221 -0.665734 0.263539 0.607989 0.00572335 0.309078 -0.788603 1.22814 -0.767208 -1.03417 -0.531636 -0.495329 0.238424 0.0557021 0.383832 0.581536 -0.288552 -0.941479 -0.355882 0.0291671 0.728099 -0.769669 0.760893 0.441218 -0.0401879 
-0.419034 -2.00989 1.03753 -0.265135 2.35809 1.15243 1.52859 1.00591 2.1002 1.07592 0.809591 1.05764 0.756909 0.0796607 0.693981 0.032809 0.507363 -0.372561 0.211834 0.988833 0.640609 0.4547 -0.742693 2.00202 0.62987 0.220994 0.116482 -0.454009 -0.594836 1.0102 0.000801833 -0.329176 0.375577 0.142016 0.80474 -0.814302 -0.693906 -0.365358 -0.98771 
-0.387565 -1.73485 1.17317 -0.306772 1.73929 1.00776 1.96862 1.01986 1.91076 0.487362 1.49779 1.45184 0.758152 0.240124 -0.402994 -0.305833 1.2385 -0.610303 -0.457458 0.161664 0.976022 -0.156387 -0.228942 0.115904 0.0494891 -0.864984 0.0929409 -0.0539296 0.0131594 0.521695 0.0863185 -0.113718 0.189872 1.18103 0.258628 0.36006 0.246007 0.684833 -0.41736 
-0.355797 -2.19156 0.88355 0.396619 1.98982 0.86493 1.64209 1.77821 1.96942 0.943362 0.868184 1.11239 0.034584 0.0674491 -0.775722 -0.00948091 0.262546 0.505369 -0.371465 -0.747982 0.970698 -0.110902 1.1861 -1.67773 0.265635 -0.790375 0.203145 -0.27003 0.473601 -0.0363091 -0.346734 -0.171989 0.248807 0.38896 0.39432 0.86874 0.67742 -0.241939 -0.912851 
-0.387159 -2.08941 1.16783 -0.159368 2.04609 0.773979 1.36411 1.78786 1.81644 1.18629 0.756937 1.68994 0.0976728 0.0897309 -0.021994 1.08261 -1.30488 0.0588547 0.218828 0.152146 -0.450184 0.681058 1.29589 0.778714 -0.369734 -0.391518 0.890387 -0.891084 -0.467265 -0.0159697 0.00255416 -0.0920848 -0.366333 -0.136423 -0.465617 0.357306 -1.08756 0.0552125 0.246491 
-0.347284 -2.19651 1.42595 -0.282046 2.02645 0.999949 1.74808 1.39882 2.50994 1.7068 1.2222 0.81152 -0.29527 1.40202 -0.635731 -0.753334 -0.298444 -0.504915 0.241164 0.300288 -1.16486 -0.510693 -0.746069 0.239052 -0.196073 1.14159 1.17804 0.056249 0.0320536 -1.96252 -1.1068 -2.00723 -0.208071 -0.28849 -1.55384 -0.877959 0.119125 0.407127 0.458286 
0.0988525 -2.37903 0.789406 -0.307617 1.74159 0.922952 1.58703 0.831353 1.40164 0.749857 0.870419 1.53638 1.03866 1.85674 0.115258 -1.02836 -1.64834 -1.81127 -2.94556 -0.403921 0.0476277 -2.75321 -2.37007 -0.622159 0.900941 1.03644 0.99433 0.281919 -0.243398 -0.667684 -0.625966 -0.921896 0.027162 -0.0447704 -0.30299 -0.649204 0.201265 0.190002 0.607026 
0.304184 -2.13779 0.909587 -1.14172 0.931514 -0.842044 1.41515 1.42142 0.297528 0.316097 0.95183 1.58853 0.558554 0.239812 1.08744 0.356844 -0.714189 -0.487743 -1.49647 -0.260861 1.0963 0.105874 -0.0477007 0.0260911 0.442452 -0.290404 1.06357 2.09421 0.0274937 -0.636303 -1.17314 -2.38584 -2.44179 -2.26052 -3.91362 -2.78986 -1.71318 0.621492 2.45234 
0.161976 -1.86937 0.967799 -0.674973 1.44748 -0.0136949 1.36702 1.70078 1.48109 0.723793 0.888982 1.92447 0.792622 -0.100087 3.21505 1.07514 0.682735 -0.0459714 -0.294468 -2.61305 -3.15271 -2.46446 -1.04774 -1.64358 -0.0885279 2.37374 0.974173 2.86484 -0.534577 0.292331 -1.66691 -1.83904 -3.67642 -2.00546 -3.02045 -1.11113 -2.25432 -1.25458 -0.0469796 
0.243629 -0.641242 1.44825 -0.772865 0.90471 -1.02772 -0.661528 -1.14032 -1.68341 -0.297599 0.226197 1.5262 2.52091 1.3686 3.46691 -1.22981 1.14035 -2.14969 -1.00225 -4.2845 -3.85184 -4.13298 -1.3123 -3.00722 -2.09109 0.234648 0.719124 2.2838 -1.06177 2.10324 -0.730686 0.246622 -3.3989 -2.52969 -0.529036 -0.206995 -2.01659 -1.23362 0.332639 
0.635825 -0.255997 0.350397 -0.06495 0.147778 -0.641567 -2.02898 -1.42552 -1.83734 -0.0453613 -0.444446 0.163428 0.981817 1.28556 0.416386 -2.81078 2.45746 -1.11215 0.623365 -1.58875 -0.321237 1.75833 0.796041 -1.02327 -1.53261 -1.90306 0.90794 2.29813 -1.63214 1.55484 -1.22408 -1.56739 -3.34269 -2.97237 -1.6403 -0.591418 -1.52849 -1.42497 0.597742 
0.687265 -0.442845 0.0378949 0.531304 0.232791 -0.639956 -1.92969 -1.41559 -0.279348 0.172126 -0.222955 0.238903 0.938091 0.129981 0.18729 -1.43915 1.17795 0.211963 -1.12817 0.152273 -0.22877 1.94557 0.58937 0.985633 0.21893 0.603664 0.66957 1.16062 -2.57241 1.77334 0.32048 -0.680584 -0.0426871 -0.0508618 1.69374 0.947562 -0.738346 -1.09766 -0.967982 
0.658985 -0.163866 -0.372003 0.56489 0.277042 -1.34811 -1.92289 -1.62612 -0.283181 0.302923 0.00179823 0.361909 1.4769 -0.182258 1.43103 -1.39679 0.188318 1.61496 -1.55152 1.54171 0.244332 0.498424 0.36753 0.0462519 0.0898181 0.570103 -0.0182821 0.528816 -1.67297 0.759575 0.592292 -1.29605 0.683865 -0.349755 1.48802 -0.199545 0.255671 0.00875359 0.27523 
0.596811 0.226188 -0.663257 0.639589 1.21096 -1.61099 -0.726867 -1.23415 0.114772 0.390055 -0.195407 0.327861 1.40535 -0.167306 0.656586 -1.29663 -0.0515239 0.720324 -0.634388 0.700109 -0.257746 0.036962 -0.831941 -0.648565 -0.210314 -0.212595 0.0360815 0.904169 -1.28906 0.818581 0.329383 -1.19064 0.74461 0.0668859 0.138649 -0.658121 0.0672575 0.162107 0.374226 
0.573971 0.145947 -1.02292 0.546773 0.713901 -1.74616 -1.38438 -1.85012 -0.258971 -0.183966 -0.280343 0.196274 1.29536 0.235081 0.00904977 -0.710782 1.02654 -1.09808 -0.0681378 -0.614132 -0.159873 -0.314552 -1.17223 0.0417345 0.119969 -0.0417516 0.220288 -0.0625103 -0.963624 0.862582 -0.29705 -0.660448 0.52263 0.647066 -0.0789959 -1.48605 -0.129877 0.197852 -0.423572 
0.658213 0.235643 -1.02034 1.18963 0.547557 -1.65526 -1.22573 -1.37911 -0.142793 -0.29679 -0.169871 0.442395 1.36543 0.525588 -0.751956 -0.278402 1.33233 -1.19327 -0.266464 -0.0473251 1.1373 -0.143205 -0.987642 0.47594 0.466992 -0.365399 0.408376 -0.705291 -0.617398 1.72508 -1.61325 0.0591119 -0.774235 0.679704 -0.700321 -1.54626 0.30741 -0.0217838 -0.925127 
0.741079 -0.197587 -1.16314 1.25797 -0.00709868 -1.91434 -1.43584 -0.947584 -0.379183 -0.762346 -0.061276 0.605177 0.987157 0.435096 -1.12539 -0.297703 1.5469 -1.45456 0.14282 -0.338517 1.08415 -0.619896 -0.721169 0.363733 -0.151412 -1.23177 0.538968 -0.82593 -0.0194705 2.07474 -1.58344 0.471478 0.269264 1.36505 -0.687853 -0.330931 0.814722 -0.0318663 -0.639058 
0.792393 -0.281108 -1.17024 2.01392 -0.331541 -1.56773 -1.50703 -0.519493 -0.645124 -0.718589 -0.000816964 0.326725 0.339064 0.361143 -0.556007 0.248337 1.76515 -1.31228 0.900206 0.386458 0.726192 -0.774624 0.584016 0.60019 -0.511661 -0.51142 0.432967 -1.19954 -0.0773266 1.8269 -1.8566 1.08068 0.190307 0.777945 -1.70416 0.484029 0.488878 -0.774284 -0.681613 
0.84835 -0.45023 -1.03917 2.19728 -0.800107 -1.35361 -1.1449 -0.377029 -1.00554 -0.417208 0.213171 0.183919 0.557913 0.275859 -0.775997 0.172964 1.17914 -1.4826 1.31685 0.579907 -0.025241 -1.65264 1.31653 0.281634 -0.867168 0.295942 0.349893 -0.845677 0.565419 1.40306 -1.4302 2.19505 0.99402 -0.00145305 -1.85481 0.918671 0.294291 -1.42386 -0.305046 
0.868633 -0.635793 -1.08407 2.64439 -1.2276 -0.746706 -1.0634 -0.555736 -1.97531 0.0569824 0.131645 -0.396099 0.579066 0.212057 -0.783322 0.678682 0.325674 -0.95113 2.07024 0.849875 -0.735386 -1.69872 0.544141 -0.212066 -1.35905 0.0977905 0.344103 -1.01769 1.34144 0.266735 -0.93008 1.87747 1.85202 -0.617356 -1.30362 -0.372201 0.239806 -1.1162 0.888085 
0.901374 -0.808313 -0.69936 2.37796 -1.3746 -0.0618872 -0.488165 -0.986729 -2.37267 -0.0955016 0.125583 -0.95615 0.633662 0.287739 -0.836553 2.02389 -0.791343 0.00941301 1.22305 1.71858 -0.828002 -0.0859838 -1.77075 0.0344609 -0.599943 0.945003 0.177524 -0.46217 1.29892 -0.134057 -1.06662 0.987956 0.906227 -0.42458 -0.161967 0.789502 -0.312373 -0.819306 -0.429016 
0.949195 -1.01857 -0.0695628 2.23637 -1.2209 0.0157171 0.279029 -1.24023 -2.04965 -0.981557 0.153938 -0.892244 1.3571 0.0753132 0.0531441 1.4486 -0.538552 -0.737796 -0.736292 0.277776 0.146329 1.48188 0.425679 -0.201817 0.281405 -0.683335 -0.0362869 0.137289 1.41849 -0.53444 -1.06994 0.213796 0.108313 -0.508419 0.2525 0.0833625 -0.523554 0.366146 0.0127555 
0.904641 -0.778404 0.0266083 2.10317 -1.82 -0.523598 -0.283011 -0.884427 -1.1902 0.156596 0.0425641 -0.704675 0.0619112 -0.354921 1.05854 0.299049 -0.0215958 -1.70359 -0.938654 -1.57869 0.124049 0.421614 1.87497 -0.727525 1.07739 -0.917921 -0.26537 0.7756 1.01167 0.136335 -0.729344 -0.646757 -0.460506 -0.595449 1.16142 1.13706 -0.536729 0.349073 -0.0254644 
0.795915 -0.52231 0.0798423 2.23402 -2.25068 -0.572424 -0.981188 -1.15591 -1.7171 0.122155 -0.163396 0.0344416 0.590891 -0.52237 1.18272 0.208651 0.730915 -0.418208 -0.145999 -0.842049 -0.969549 0.0653023 0.97018 -0.508664 0.173645 0.657416 -0.461143 0.925355 0.554109 -0.0645228 -0.683489 -0.821947 -1.3534 -0.646681 0.513194 2.66475 -0.509296 -0.4648 -1.55059 
0.690432 -0.224549 0.130674 2.49741 -2.07204 -0.616512 -0.961773 -1.68322 -1.14327 0.728646 -0.177221 -0.544608 0.601551 -0.416775 0.415188 0.609462 -0.0870702 0.620041 -0.181148 -0.0909273 -1.01748 0.261512 1.39355 0.0533102 -1.68999 -1.22297 -0.455647 0.692691 0.860767 -0.0687501 0.567943 -0.429383 -0.544827 -0.930145 0.0267247 0.758037 -0.0824483 -0.00775456 -0.484267 
0.620128 -0.324469 0.384937 2.19717 -1.8745 -0.687298 -1.06706 -1.99341 -1.51289 0.942984 -0.132702 -1.38635 -0.428179 -0.240213 -0.0785462 1.20166 -0.845916 1.31202 -0.441589 0.173393 -0.312347 -0.0306231 -0.038931 0.39874 -0.186685 -1.31958 -0.512567 0.660029 0.81323 -0.475804 1.34724 -0.558547 0.851888 0.0861005 0.0298584 0.565077 0.377572 -0.440003 -0.709166 
0.57889 -0.255725 0.732789 2.06063 -1.27716 -0.894102 -0.839013 -1.95131 -1.17324 0.707736 0.00743653 -0.690199 -0.497601 -0.440194 0.637102 0.723062 -0.63799 1.50512 -0.581552 1.15131 1.12827 -0.222656 -0.69884 0.44491 1.10992 0.248926 -0.565655 0.303261 0.724334 -1.09368 1.61022 -0.569945 1.2794 0.0837353 -1.38338 -0.833976 0.350495 -0.496097 -0.605082 
0.43582 -0.0236941 0.747008 1.86998 -0.962782 -1.05233 -0.1724 -1.09817 -1.69679 0.534306 0.0725348 -0.432075 -0.227149 -0.70479 0.564157 -0.0145996 -0.805171 1.22867 -0.336564 1.41623 0.419898 -1.81432 -0.981336 0.0636853 -0.466966 0.489875 -0.763143 1.02573 0.638497 -1.1262 1.30433 -0.821841 1.4069 0.436428 -0.903922 -1.27888 1.01429 0.958845 0.568965 
0.298304 0.0112147 0.724881 1.64533 -0.532713 -1.10608 0.264758 -1.62809 -2.63303 0.133062 0.0427555 -1.07354 -0.0968412 -0.832291 0.996061 0.323538 -1.06183 0.552245 -0.538106 0.596147 -0.537382 -0.983185 -0.866796 0.895047 0.145037 0.549479 -1.09764 0.264229 0.546473 -1.35816 0.978455 -0.925462 0.790705 0.311247 -1.01439 -1.58666 0.16924 -1.3261 0.006807 
0.108841 0.443582 0.908696 1.3194 -0.627623 -1.39022 0.284055 -1.54798 -2.49034 0.0269361 0.478403 -0.296276 0.223019 -1.12238 -0.140544 0.910616 -1.24229 0.313782 -0.923577 -0.431583 -0.000559333 0.46123 -0.961584 0.159121 -1.27549 -0.471042 -0.575948 -0.775916 1.00854 -0.797324 1.59709 0.116953 0.676804 -0.4959 0.470218 -0.85613 1.42627 0.0463474 -0.328885 
-0.134228 -0.0487181 1.18102 0.999651 -0.341841 -1.6848 -0.0900083 -1.6444 -2.26873 -0.430006 0.120612 -2.14274 -0.492615 -0.129779 -2.22458 1.32858 -0.145092 1.9677 0.691206 0.247494 -0.149414 1.60903 -0.180627 0.989547 -0.0871052 -0.996166 -0.127033 -1.17399 0.410022 -1.93727 0.79591 1.0791 0.594714 1.11147 0.864321 -0.292123 1.21681 1.42106 0.452458 
0.0374821 -0.583023 1.57447 1.25197 0.563988 -0.960077 0.465307 -1.68449 -1.20595 -0.0772357 0.926392 -0.357397 -0.608047 0.904719 -1.72026 -0.237881 -1.67309 0.940238 2.38109 1.1736 1.51654 0.689937 0.60553 1.44857 3.13679 1.10788 0.744973 -1.82307 -0.393323 -2.23268 0.728247 1.58689 0.550792 1.29089 0.963999 0.145682 0.828256 0.486249 -0.372464 
0.170832 -0.841395 1.06113 0.126935 0.22808 -0.198864 0.822251 -0.435626 -1.72109 -0.0722268 0.773194 0.530875 0.420429 1.35812 -0.66721 -1.9704 -3.21302 -0.820596 1.45474 0.440152 1.91128 -0.324992 0.361241 0.104476 0.722104 0.489045 0.774459 -1.48105 0.0799922 -1.70289 0.977961 1.92795 -0.00659241 1.44058 0.947898 0.3511 1.57882 2.44945 0.359503 
0.507519 -0.887248 0.585616 -0.43232 0.0684809 -0.0528988 0.79863 -0.156952 -1.47188 0.136998 0.979892 0.267911 -0.207975 0.372513 -0.628283 0.370571 -0.891021 0.601438 0.227251 -1.17596 0.450465 0.572635 -0.173111 0.637686 0.0735618 -0.599946 0.366917 -0.745714 -0.135947 -1.29152 -0.22681 0.105512 -0.320135 1.55216 0.16444 -0.241346 -0.0803532 1.7058 0.729826 
0.282241 -1.12756 1.2464 -0.333614 0.593004 -0.0585829 -0.120078 -0.0877264 -1.26748 -0.171982 1.06435 0.606043 -0.0821977 -0.756688 -0.51334 1.74974 1.26543 0.458636 -1.31715 -0.830656 0.20864 0.543241 -0.655052 -0.211631 1.51272 0.532435 -0.253935 -0.711188 0.745583 0.0481809 0.713873 -0.666988 -1.06973 -0.102996 1.04276 0.571446 -0.0277088 0.606524 -0.582774 
0.208049 -1.1201 1.46262 0.243625 0.347 -0.877513 0.128861 -0.00433124 -1.04184 -0.24595 0.892499 1.56387 0.228064 -0.800607 -0.497428 0.851259 0.951266 0.522958 -1.13697 -0.142486 -0.598816 0.816385 0.875633 -0.675245 0.719215 -0.198821 -0.673179 -0.436354 1.10868 0.520319 1.10864 -0.079245 -1.23188 -0.753737 0.650191 0.0888721 -0.304297 0.642212 0.340353 
-0.0332095 -1.35304 1.67277 0.17676 0.910442 -0.770625 -0.246651 -0.587143 -0.618478 0.344512 0.770321 1.2289 -0.252319 -0.366615 -0.175833 0.0662556 -0.497583 1.28952 1.20426 -0.688521 -1.24878 0.322498 0.766028 -0.191576 -0.673123 -0.0510566 -0.479257 -0.368005 0.410315 0.636686 0.611293 -0.815417 -1.30407 -0.600982 -0.371726 1.51418 0.241486 0.383202 -0.743513 
0.0505135 -1.1964 1.49527 -0.00957467 1.12826 -0.126828 -0.428715 -1.02861 -0.78874 0.206139 0.814044 1.00565 0.180429 -0.00112561 -0.0831822 -0.178045 -0.00901859 0.439352 0.02602 -1.46606 -0.231988 -1.31283 0.982507 0.993561 -0.219393 -0.822852 0.0571257 -0.242794 -0.930488 -1.16754 0.775393 1.53834 0.376584 -0.459742 0.518206 1.87684 0.313084 -0.154508 0.388772 
-0.0577555 -1.38636 1.58289 0.181044 1.17729 -0.756067 -1.41796 -0.790339 -1.67627 0.923806 1.2201 1.05556 -0.93972 0.454335 -0.205894 -1.58707 -1.2642 -0.0679213 0.875874 1.16051 0.611537 0.367309 1.53667 0.604543 0.467571 0.59958 0.329226 0.39245 -1.75961 -1.28287 -0.278197 1.46319 0.875082 0.978263 0.564962 0.0855378 0.190586 -0.21189 0.515512 
0.191694 -1.28665 0.69868 -0.666796 1.08818 0.418693 0.47321 -0.550641 -0.499722 1.11107 1.09043 1.41504 0.672127 0.540053 0.710458 -2.6995 -1.92561 -0.882508 1.95223 2.55515 1.56542 2.06496 -0.875619 -0.742535 -0.0614326 1.54713 1.47664 1.70104 -2.34265 -0.855074 -1.80299 -1.33462 -0.0993739 0.971716 0.950961 -0.879322 -1.69204 -0.738453 1.08526 
0.114615 -1.05156 0.228353 -0.824756 0.644325 0.461928 0.584801 0.457911 -0.0264031 0.411252 0.896074 1.01622 0.337434 1.98729 2.9117 -2.24454 -0.0292813 -2.78453 -2.69073 -1.27772 0.712924 0.899347 -2.61253 -2.84234 -1.43915 0.914801 2.17594 1.39215 -3.32636 -0.886144 -2.15108 0.200129 0.87299 1.48446 1.91236 -2.55721 -3.36862 -0.233027 0.882019 
0.890665 0.069187 -0.427667 -0.673191 -0.595646 -1.26409 -0.549445 0.0091991 0.215781 -0.422108 -0.169505 0.207026 1.42512 3.06117 1.50471 -2.7418 0.585567 -2.51996 -1.68636 -1.46865 0.461717 0.483214 -2.25702 -3.71169 -0.247121 -0.314599 2.11834 0.968277 -2.35895 0.416716 -1.75575 -0.885739 -0.304274 2.05913 0.460318 -3.05881 -3.19054 -0.0989493 -0.816593 
1.20434 -0.34835 -1.1474 -0.507113 -0.879414 -0.59336 -0.588554 0.814897 0.355526 -0.913022 -0.751346 0.819363 0.0713402 1.51842 -1.36979 -1.61374 0.641856 0.00672484 1.48444 0.906857 2.10176 -0.286702 -1.13498 -1.37647 1.30648 -2.03782 2.38207 0.612896 -2.05303 0.620816 -1.46624 -0.908081 -0.681538 0.983972 -0.669954 -1.82492 -2.91144 0.485221 -0.835851 
1.41903 -0.560927 -1.23763 -0.325882 -0.590565 -0.338355 0.152263 1.69055 -0.0194597 -1.08706 -0.776085 1.32804 -0.269401 0.881878 -0.527285 -0.615881 0.332896 0.199593 0.449787 0.63075 0.87954 -1.37718 0.022036 -0.138143 0.880772 -0.835124 1.19006 -1.03723 -1.31156 0.488301 -0.185858 1.33138 0.434243 1.36644 -1.24113 -0.634795 -0.928275 1.32325 -1.91008 
1.50109 -0.58767 -1.45688 -0.322632 -0.757635 -0.314045 -0.104786 1.50928 -0.753851 -0.898107 -0.805984 1.57926 -0.626233 0.44798 -0.2738 -0.530635 0.078005 -0.303977 0.315101 -0.36349 -0.236362 -1.36863 0.358871 0.148368 0.426508 -0.601588 0.663817 -0.364699 -0.471973 0.311652 0.179105 0.761758 0.793434 0.781796 -0.872451 0.13184 0.537687 0.809317 -0.482813 
1.5579 -0.68267 -1.50436 -0.275735 -0.773481 -0.143188 -0.148756 1.48382 -1.12198 -0.874223 -0.703021 1.7026 -0.773389 0.211882 -0.0480725 -0.154638 0.122217 0.079826 0.577498 0.357272 0.184649 0.213293 0.141611 0.848035 0.178031 0.174977 0.284314 -0.1667 -0.364044 -0.182382 -0.233308 0.290361 -0.474815 -0.267105 -1.03439 0.078058 0.162268 0.0156738 -0.702805 
1.55405 -0.604711 -1.53503 -0.249184 -0.708323 0.04506 0.163116 1.64253 -0.588293 -0.81293 -0.42107 1.74305 -0.486501 0.0164731 0.0129377 -0.0632737 -0.363308 -0.0682507 0.0730946 -0.218497 -0.136888 -0.0111282 -0.261151 0.065221 -0.408813 -0.363633 0.110688 -0.104468 0.0164031 -0.141569 0.0187307 0.446398 -0.345386 -0.0685769 0.0185212 -0.143167 0.230657 0.109111 -0.609244 
1.53976 -0.671411 -1.53668 -0.458169 -0.813766 -0.0992194 -0.335327 1.35742 -1.13631 -1.02571 -0.667018 1.36859 -1.08013 -0.0353438 -0.113943 0.183274 -0.346354 -0.0538117 0.0222417 -0.779034 -0.285832 -0.189548 -0.315072 -0.544035 -0.0377647 -1.01045 -0.179597 0.121789 0.0879157 -0.168555 -0.095287 0.247339 -0.507054 -0.239537 1.02956 0.117916 -0.414288 -0.392182 -0.476032 
1.51705 -0.652305 -1.44369 -0.422683 -0.739871 0.0572576 -0.465906 1.39586 -0.745655 -0.996103 -0.65662 1.72378 -1.32941 -0.321297 0.184427 0.208929 0.0987265 -0.0858922 0.256774 -0.403399 -0.198582 1.38255 0.40773 -0.613835 -0.108522 -0.28711 -0.685019 0.424256 0.291817 -0.279014 -0.303289 0.184819 -1.3997 -0.498736 0.965204 0.418479 -1.28702 -0.120018 -0.539398 
1.39871 -0.580608 -1.43248 -0.397101 -0.864725 0.0595069 -0.667848 1.1812 -0.033472 -0.784161 -0.933679 1.2893 -1.32344 -1.10759 0.791738 0.296036 -0.0837733 -0.428991 0.222865 -0.947898 -0.404851 1.47519 0.830085 -1.15832 -0.122543 0.271836 -1.60583 0.842567 0.729794 0.0503226 0.63698 -0.205446 -1.27894 -1.63524 1.49368 -0.245618 -1.16929 -0.570912 1.00604 
1.0899 -0.279803 -1.2958 -0.457797 -0.998429 0.194799 -1.22822 1.05307 0.431447 -0.506374 -1.16597 1.6326 -1.10939 -2.34856 1.1578 0.987064 -0.0352717 1.08879 -0.540763 -1.17404 -2.04959 0.60753 -0.706777 -0.932884 -0.643273 1.69163 -2.04942 1.34779 0.578453 -0.0187382 1.20281 -0.478163 -1.24929 -1.39745 0.120481 -0.21577 -1.6736 -1.39717 0.759607 
0.520012 -0.0383089 -0.937993 -0.406653 -0.204918 -0.280044 -1.60866 -0.489748 0.448109 -1.1975 -1.34255 0.756398 0.0734959 -2.29786 1.35298 0.652311 0.0437256 2.32594 -0.876587 -0.592833 -1.51745 -1.31554 -1.09254 -1.05509 -1.71315 0.790943 -1.86768 1.80008 0.659923 -0.373499 1.14057 0.711029 -0.0860653 -1.82241 -0.0520847 0.346839 -1.36079 -1.40446 2.01495 
0.229647 0.353026 -0.969211 -0.425715 0.40994 -0.354564 -1.71026 -0.188168 -0.628513 -1.14639 -1.6293 0.192161 -0.459064 -0.755505 1.70532 0.0945966 -0.536462 0.709827 1.49927 1.0733 -0.455083 -0.677901 1.13397 -0.866994 -1.20198 1.112 -1.40667 1.31509 0.683738 -0.316128 0.821735 -0.00594942 -0.465484 -1.13035 -0.0902067 -1.17627 -0.536313 -2.39225 1.31995 
0.220973 0.757953 -0.891133 -0.680342 0.225589 0.654958 -0.775574 -0.873097 -0.100719 -0.529206 -1.72204 -0.250441 0.989951 -0.0417463 0.739803 0.468319 -0.529476 -1.03111 0.863063 0.022397 -0.0388031 1.19435 -0.347308 0.345163 -1.4279 1.04888 -0.186455 0.523348 0.122618 0.0479382 0.343881 1.28259 0.237938 0.163071 0.204751 -0.512557 -0.0496125 -0.611135 -0.0572099 
0.19032 0.701438 -0.734908 -0.695723 -0.212944 0.182953 -1.70669 -0.235363 0.323466 -1.34851 -1.46853 -1.00632 0.405077 0.439309 -0.870128 0.107844 0.596344 -0.170049 0.23413 -0.772947 0.671357 0.949883 -1.76024 0.800479 0.397424 -1.18194 0.921455 -0.517097 -0.0984918 -0.14225 -1.20476 1.41877 -0.0198491 1.0543 1.10166 0.62728 0.141641 0.789305 -0.846847 
0.356687 0.359606 -0.837628 -0.35702 0.123709 0.799537 -1.39979 -0.346823 0.655294 -1.56157 -1.35833 0.0994508 0.00489343 1.56273 -1.55722 -0.627691 0.304319 -0.876092 1.05495 -0.0411663 1.47643 0.27318 1.11827 -0.158842 2.46045 -2.21386 1.60171 -1.866 -0.02732 -0.0914185 -1.16867 -0.275853 -0.562583 2.11051 1.03631 -0.254862 0.708429 0.5488 -2.86135 
0.734811 -0.0156155 -1.05032 -0.526303 -0.74203 0.840357 -1.75329 0.941028 0.53703 -0.689439 -1.53239 1.09358 -1.43537 2.20971 -2.08985 -0.150754 -0.745318 -1.68013 -0.613573 0.0823091 2.21374 0.430535 1.44986 0.135133 0.31963 -2.77664 1.8277 -1.8616 0.101501 -0.0231103 -0.566757 0.143835 1.13298 1.641 0.204842 0.0528872 0.579762 0.581468 -2.74302 
1.13659 -0.604502 -0.913825 -0.740781 -0.891876 0.414497 -1.34893 1.42496 0.994994 -0.707655 -1.29116 0.383352 -2.30207 1.46103 -1.39577 0.795577 -0.350919 -0.0230115 -0.865409 1.44952 0.765231 -0.00107625 -1.05141 0.924357 -1.70054 -1.58064 1.51585 -1.34289 0.439059 -0.335184 -0.669229 -0.704571 0.513232 1.8341 -0.170824 -0.0846457 0.108001 -0.315139 -2.422 
1.2423 -0.657777 -0.651874 -0.702208 -0.754942 0.297977 -0.623239 1.54311 0.530748 -1.30529 -1.11346 -0.336171 -2.75092 0.296928 -0.0392459 0.871004 0.231008 0.619112 -0.347098 0.558841 0.292556 -0.659181 -1.55158 0.00671674 -0.735899 -0.57267 0.668586 -0.600384 0.90072 0.248176 0.340367 -0.813941 1.31927 0.0873972 -0.060992 -0.630874 0.795931 -1.0653 -0.666624 
1.2205 -0.617448 -0.477552 -0.609998 -0.516258 0.195942 -0.921918 1.64534 0.461172 -1.61741 -1.28123 -0.228121 -2.78208 -0.359365 0.446051 0.680113 0.710901 0.557237 -0.243539 0.18946 -0.652662 -0.081168 0.280108 0.126932 0.300205 0.66559 -0.452018 0.50918 1.00117 0.749198 0.711293 -0.466756 0.982835 -0.253925 -0.091797 -0.746551 0.719599 -0.787596 0.910699 
1.0874 -0.44562 -0.311344 -0.318512 -0.416763 0.144123 -0.487796 1.00021 0.460265 -1.13873 -1.04995 -0.0687475 -2.20451 -1.05349 0.851933 0.769059 0.879863 0.501206 -0.291159 0.663646 -0.647743 0.535875 0.638486 0.943661 -0.300143 1.84498 -1.1601 1.1462 0.752724 0.947146 0.836025 -0.588935 -0.470281 -1.42387 -0.130227 0.518743 0.30377 0.0371665 2.09227 
0.813029 -0.217025 -0.092411 -0.137255 -0.211981 0.0123366 -0.412183 1.10641 0.885314 -1.24027 -0.853697 -0.469956 -1.25804 -1.57137 1.37846 0.553402 0.696639 0.760168 -0.560361 -0.765834 -1.30584 -0.0933647 0.357811 0.273723 -0.254317 2.24526 -1.5636 1.5857 0.674632 0.397253 0.516228 0.215677 0.0173835 -1.23897 0.113795 0.966332 0.268532 0.409974 2.36117 
0.491494 0.199029 -0.0343666 0.0576688 0.0442035 -0.207672 -1.1064 -0.0701475 0.380005 -0.926511 -0.921013 -0.271708 -0.348653 -1.54635 1.67067 0.336671 -0.296457 0.310893 0.578101 -0.636324 -1.05738 -0.385134 0.548093 -0.589591 0.835084 1.43877 -1.77108 1.60113 0.636086 0.532794 0.240662 -0.0908584 -0.0550159 -0.915993 -0.101111 0.314562 -0.550971 -0.814821 1.84216 
0.226227 0.563167 0.0758636 -0.284457 -0.0228576 0.371818 -0.928559 0.236701 0.57117 -0.916238 -1.10955 0.25119 -0.0707056 -1.37253 1.16865 0.489253 0.0899042 -0.383485 0.431722 0.703531 0.0433399 -0.0423574 0.0298189 -1.00303 -0.817439 0.318757 -1.75202 1.32573 0.607019 0.585063 0.727284 0.378914 0.918946 -0.445182 -0.490946 0.332586 -1.37774 -0.763514 0.931536 
-0.0320588 0.746361 0.210436 0.114087 -0.18682 0.0603571 -0.565182 -0.0510102 0.340633 -0.907023 -1.36114 -0.95235 -0.0897379 -1.36593 0.438997 0.65842 1.16134 0.834693 -0.0698518 1.77972 0.440083 -0.270224 -0.13837 -1.2327 -1.83954 -0.137571 -1.44992 1.16753 0.806382 -0.102503 0.0231685 1.079 1.41162 -0.195812 0.0391698 0.0478338 -0.481011 -0.647379 0.0693648 
-0.294927 0.772051 0.405513 0.336629 0.483202 0.326479 0.46213 0.576217 0.349138 -0.995579 -1.65205 -1.29647 -0.190055 -1.0388 0.689737 0.832066 -0.255491 0.416511 1.02566 1.04977 -0.318889 0.0936255 0.0308516 0.36621 -0.0346647 -0.213172 -1.24276 0.897899 0.600959 0.696762 0.0443049 -0.813022 0.439038 -0.565517 -0.682534 0.0536857 0.0425059 -0.860793 -0.467263 
-0.434178 1.07155 0.627179 -0.0115248 0.0662101 0.699461 0.249332 -0.32438 0.410265 -0.886929 -1.19099 -0.968987 -0.271756 -0.701878 0.991119 0.326755 -0.129052 -0.768269 -1.03785 -1.23042 -1.22229 -0.640515 0.206213 1.28796 0.707472 -0.501012 -0.626413 -0.012906 0.406716 -0.343702 0.404512 -0.777941 0.327773 -0.239195 -1.11764 0.0139097 0.335641 -0.0305684 -0.533692 
-0.574453 1.23704 0.568814 0.277652 0.0193567 -0.323637 -0.523184 -0.426664 -0.16972 -0.872441 -1.07105 -0.683569 -0.610673 -0.00695777 -0.706317 -0.164741 -0.271585 0.219069 -2.0858 -0.638205 -0.0161123 -1.58435 -0.0117658 0.0765788 -0.00830192 -0.517531 0.277855 -1.08392 0.840936 -1.66012 0.0573072 0.232697 0.61837 -0.563514 -1.14627 -1.45793 1.91394 1.10796 -0.568641 
-0.460846 0.749186 0.543967 -0.145619 0.199774 -0.605384 -0.268528 -0.353252 -0.865174 -0.891877 -1.14992 -0.963261 -0.706066 1.15562 -2.70887 1.05111 -2.37096 0.855238 1.34787 2.00172 0.442829 -0.888365 -1.99133 1.24133 0.743093 -0.278156 0.643702 -2.39632 0.801797 -1.18266 0.871019 -0.900845 -0.606166 -0.066176 -0.581086 -0.43499 0.88537 0.373745 -0.32915 
-0.178098 -0.0142032 1.09542 -0.962858 0.537847 0.516771 1.04274 -0.0849311 -0.887257 -2.0406 -0.510841 -0.0404576 -0.846558 1.06736 -3.09601 1.47856 -1.51286 1.15363 0.859037 -0.106386 -0.0817797 0.808835 -0.519417 1.09295 0.495718 0.0704765 0.82421 -2.93511 1.02712 -1.95824 1.35342 0.273714 0.0292113 0.623071 0.733454 0.491595 0.931867 -0.955298 0.0452645 
-0.0966051 -0.681626 1.28496 -0.93389 0.898813 -0.0703827 -0.366606 -0.435151 -0.222227 -1.19512 -0.655844 -0.529989 -0.652959 0.204112 -1.94925 0.63141 -0.575853 1.27969 -0.982242 -1.95976 0.40384 1.86509 2.59597 -0.0103335 -1.99913 0.350321 0.582244 -2.3449 1.10168 -1.36621 1.15918 1.09514 0.252209 0.743457 1.79479 -0.193292 1.9793 -0.127007 -0.155503 
-0.127965 -0.913095 1.41152 -1.25731 1.31316 -0.0986019 -0.518268 0.225318 0.602391 -0.513218 -0.508513 -1.72349 -0.561479 -0.108869 -0.624641 0.325968 -0.546675 0.674393 0.620226 0.424407 1.09343 1.58262 0.284512 1.52275 -0.665194 -0.276727 -0.0836719 -1.52812 0.462187 0.607699 0.77539 0.128475 -1.42998 0.497682 1.07639 1.4305 1.07719 -1.22285 0.0969801 
-0.160355 -0.966105 1.44787 -1.21296 1.30788 0.315417 -0.0457117 0.431955 1.04099 -1.02598 0.0297999 -1.08149 -0.887659 -0.349869 -0.47406 0.126685 1.47466 -0.0580909 1.15096 0.195344 0.270993 -0.431243 -0.840409 1.43345 0.392119 -0.20644 -0.13099 -1.0471 0.0507085 0.628075 -0.0307785 0.677048 0.102085 0.690913 0.828574 0.421146 1.24825 -0.676212 -1.23602 
-0.279407 -1.12773 1.47448 -0.471095 1.27902 0.618786 -0.378181 0.428289 0.251286 -1.00508 0.137328 -1.3781 -0.737916 -0.115353 -1.03462 -0.241196 1.47602 -0.726607 0.292215 -0.29223 -0.153787 -0.479102 0.233771 0.12651 -0.224734 -1.42793 -0.464261 -0.248126 0.216115 0.200311 -0.437447 0.745337 0.638692 0.22133 -0.189672 0.443672 0.77541 0.171662 -1.39041 
-0.226465 -1.44075 1.32631 -0.426033 0.869243 0.496286 -0.290482 0.291908 0.651521 -0.886646 0.0931208 -1.25935 -2.07662 -0.426997 0.0838633 0.228749 -1.18641 -0.636692 -0.145939 0.601117 0.0251202 0.177473 1.3863 -0.409287 -0.169798 -1.71232 -0.428811 -0.433745 -0.293419 0.135416 -0.177019 0.532025 0.414815 -1.1771 -0.696225 0.559879 0.0342693 0.216065 -0.862044 
-0.458913 -1.08357 1.58862 -1.08732 0.894791 0.525909 0.0821973 0.432714 0.38813 -0.188515 -0.038163 -1.50937 -2.16262 -0.602728 0.349588 -0.237145 -1.28503 0.44332 0.423613 0.811545 -1.46654 -0.449887 0.454572 -0.082134 0.505303 0.241881 0.309036 0.647583 -1.02139 -3.18263 -1.11798 0.65597 0.952634 -0.695582 -0.0246784 0.884152 0.733818 1.49108 -0.223786 
-0.469914 -1.27334 1.20678 -1.09423 1.13849 0.759248 0.335994 -0.908216 0.285471 -0.617571 0.0634461 -0.81795 -1.88143 0.932446 0.948658 -1.89832 -3.59541 -1.13339 1.0298 0.583983 -0.985566 -0.211312 -0.300461 1.37846 2.12294 1.41138 -0.0325258 1.30891 -1.11846 -1.06147 -0.842703 0.122255 0.388522 -0.00139865 0.554626 0.547459 0.246922 2.12536 2.22173 
-0.143764 -0.638282 0.635923 -2.97314 0.210023 1.1676 0.529051 -0.379012 0.213323 -0.363102 0.583171 0.304229 -0.998002 0.541784 1.73336 -1.59125 -0.317775 -1.77844 -0.263325 -0.324778 1.45742 1.18824 0.218547 0.407637 2.27989 2.8485 2.27587 1.68719 -2.96328 -0.503943 -1.88388 -1.78275 -0.43691 0.0813681 0.393714 -1.04153 -0.852023 2.50296 1.74978 
-0.296913 -0.464068 0.408093 -1.25267 0.0634247 0.593032 0.0655314 0.252823 1.23255 -0.487185 0.252069 1.12878 0.474461 2.83449 1.73515 -2.94886 2.82818 -1.84688 -3.4522 -1.11905 1.08987 0.735175 -0.974228 -2.50576 1.15759 1.02452 2.56345 1.94621 -2.98407 0.26514 -1.56584 -1.31539 -0.0335176 1.49732 0.778145 -0.551931 -0.601313 1.91786 1.39036 
0.863477 0.171818 -0.843684 -1.4736 -0.906458 -0.990928 -0.368354 0.485222 0.797225 -0.9336 -0.526749 1.29895 -0.154056 3.70203 1.36186 -3.28994 0.703181 -0.699298 -1.52545 0.289088 0.587332 -0.151943 -0.893078 -1.2035 0.233112 -0.911019 2.19514 0.90975 -2.74034 3.19986 -0.746611 -2.41594 0.3185 1.14187 -0.296327 -0.935299 -2.35741 0.595622 0.617149 
1.026 0.172884 -1.24258 -0.873043 -0.358688 -0.361722 0.279615 0.711246 1.10534 -1.01 -0.277413 1.33929 -0.286024 0.798568 -0.286211 -1.5335 1.95554 0.663593 0.171364 1.51913 0.467766 -1.13111 -0.170241 -0.611647 -0.37912 -0.159297 2.65059 0.516591 -2.47586 1.29093 -0.830062 -1.74147 0.802228 0.32474 -1.2128 -0.824265 -1.66043 -0.0197502 -0.529121 
1.12991 0.044318 -1.61341 -0.433949 -0.503926 -0.885563 0.816643 0.847092 -0.1149 -1.03167 -0.792435 0.990123 -0.291415 0.686282 -0.537406 -0.759654 1.21959 -0.615848 -0.84098 0.709819 -0.149503 -1.46562 -0.115285 -0.992513 -0.261887 0.186654 0.818335 -0.437119 -0.98148 1.67056 -0.0864226 0.300938 1.45203 -0.156985 -0.196372 -0.803204 -0.345959 -0.306774 -0.0272445 
1.25158 -0.0711311 -1.62418 -0.221257 -0.730308 -0.888839 0.825795 0.574658 -0.0749297 -1.07578 -0.712856 1.12991 -0.136613 0.551421 -0.404176 -0.0707492 0.536191 -0.803729 0.23117 0.284191 -0.690104 0.868412 -0.812304 0.153364 -0.0261758 0.13091 0.526567 -0.471054 -0.504764 0.98082 -0.868201 -0.581301 0.770068 -0.053145 -0.366127 -0.638651 -1.34715 0.0536265 -0.155542 
1.30642 -0.137899 -1.64948 -0.142328 -0.989227 -0.742834 1.02686 0.273958 0.575805 -1.50702 -0.717145 0.980687 -0.188212 0.179885 -0.206883 -0.0645229 0.238419 -0.759561 0.0474302 0.249277 0.0694691 0.976639 -0.665548 -0.78934 0.329368 -0.392959 0.353215 -0.381834 0.0422278 -0.0282355 -0.814506 -0.0444457 -0.336614 -0.236512 0.383384 -0.290103 -0.940247 0.544672 -0.55704 
1.29289 -0.161835 -1.65712 -0.0865688 -1.18888 -0.860904 1.00845 0.614895 0.70253 -1.46489 -1.05774 1.42207 -0.467661 0.0272864 -0.198399 0.141643 -0.590472 -0.486837 -0.296885 -0.695095 0.358779 -0.358318 0.458726 -1.39729 0.737815 -0.893991 -0.00675912 0.0971972 0.373973 0.169624 -0.507061 0.196216 -0.553647 0.188695 0.812923 0.121713 -1.24228 0.823469 -0.646591 
1.29221 -0.224668 -1.57902 -0.444483 -1.28279 -0.930016 0.464095 0.547819 0.283157 -1.2355 -1.333 1.61932 -0.934582 -0.198102 0.365188 0.67827 0.00383585 -0.0452188 0.213129 -0.928853 0.18192 0.106016 0.816781 -0.853871 0.748 -0.494308 -0.447475 0.29818 0.534473 0.0548322 -0.376422 -0.0683347 -1.47364 -0.127195 0.0902033 0.668214 -1.44198 0.84632 -0.432248 
1.19667 0.0128137 -1.31752 -0.0755102 -1.21523 -0.729446 0.261175 0.745939 0.782095 -0.982979 -1.43139 2.06935 -0.882721 -0.776317 0.675939 0.734738 0.660686 -0.111523 0.198783 -1.12338 -0.540293 0.477612 0.362417 -0.509926 0.369529 0.303965 -1.2296 0.877844 0.820143 0.435382 0.667282 0.696882 -1.20071 -0.941634 -0.362794 1.11468 -0.613391 -0.520444 0.427352 
0.9856 0.0941211 -1.21109 -0.0872504 -1.34925 -0.807522 -0.436727 0.0956603 0.660594 -1.02058 -1.55335 1.94555 -0.687928 -1.84789 1.03307 0.665567 0.636714 1.096 0.726202 -0.551746 -1.47956 -0.590553 0.551647 0.0420426 -1.43359 1.09633 -1.95386 1.56213 0.967637 0.219761 1.18904 0.774329 -0.601224 -0.931719 0.687554 0.744383 -0.690827 -2.24296 1.41971 
0.500152 0.497259 -0.984283 0.269089 -0.551066 -0.277436 -0.188441 -0.464699 0.303286 -0.656861 -1.40572 0.866044 0.0207496 -2.47066 1.80922 0.850451 -0.343291 1.98672 0.845546 0.384903 -0.743762 0.437931 0.552095 -0.404272 -3.31474 1.67421 -2.01925 1.17727 0.802329 -0.374756 1.16183 1.37971 0.510956 -0.466689 0.277911 -0.380749 -0.0539895 -2.86625 1.28827 
0.0624718 0.938578 -0.785129 -0.259135 -0.146137 -0.280949 -0.147014 -0.520803 1.00622 -0.694198 -1.72661 -0.853475 0.694561 -1.50752 0.840787 0.649119 -1.21033 0.736207 1.13887 1.19008 0.832797 0.960054 -1.01634 -0.114344 -2.32925 0.699564 -1.74446 1.47068 0.735778 -0.427109 1.27774 1.00648 0.506068 -0.119257 -0.119527 -0.074258 -0.681947 -3.02972 1.70866 
-0.0725197 0.892511 -0.659298 -0.359745 -0.104598 0.432395 0.736824 0.191941 1.06745 -1.2521 -1.44975 -1.09702 0.595327 -0.429077 0.530681 0.355335 -0.308789 0.0286383 0.513518 0.247378 0.573126 -0.598201 -0.641086 -0.498186 -0.662545 0.704671 -0.822071 0.751851 0.252609 -0.724914 0.747859 0.402986 0.0187778 -0.255937 0.673001 -0.0409368 -1.56484 -1.71688 0.977632 
-0.117791 1.18999 -0.607493 -0.412836 -0.127797 0.0381835 0.0341459 -0.0738527 0.521284 -1.06894 -1.94172 -1.40272 1.27337 0.137317 0.357351 -0.233968 0.111926 0.441888 -0.597982 -1.16103 -1.19074 -0.0639102 0.968194 -1.95529 0.0741658 0.665561 0.561315 -0.420428 -0.367961 0.189957 0.0190919 0.31729 -0.646809 -0.616912 -0.479747 0.250122 -0.186809 1.02217 -0.416013 
-0.046691 1.06352 -0.777231 -0.29172 0.163787 0.0570961 -0.19372 -0.785469 1.0108 -0.681221 -2.31432 -1.02134 1.14172 1.35287 -1.19456 -0.955653 0.581516 -0.00205323 -0.088814 -1.04228 -1.42576 -0.0422294 0.949725 0.250298 2.00058 -1.27218 1.52685 -0.662842 -0.607331 0.930206 -0.589474 -0.192081 -1.16741 -0.0269536 0.129258 0.671759 0.0598608 1.54104 -1.58776 
0.350335 0.641158 -1.08739 -0.0973283 -0.128028 -0.0190032 -0.802667 -1.24105 0.482014 -0.508908 -1.82323 0.307074 0.213508 2.38756 -1.40627 -0.758044 1.27022 -1.37689 0.332113 -0.278342 1.1466 0.235264 -0.142705 2.0335 1.94452 -2.85799 1.83743 -1.31875 -0.538441 0.663893 -0.612727 0.190916 -0.455752 0.778554 0.496105 -0.534025 0.181054 1.52523 -3.08836 
0.797928 0.416491 -1.15802 0.386752 -0.668314 0.262892 -0.427529 0.124576 1.19397 -0.76311 -1.40102 0.640906 -1.23267 1.68703 -0.896189 0.0763697 0.401508 -0.969686 0.342188 0.483894 2.48551 0.702577 -1.60231 -0.0118733 -0.00263773 -3.0012 1.78442 -1.36821 -0.355737 0.966155 -1.20793 0.227319 0.160452 1.86683 -0.0993425 -0.289825 1.08841 1.00023 -2.68295 
0.940053 0.230723 -1.04967 0.123312 -0.713744 0.193087 -0.434816 0.750195 1.03979 -1.44847 -1.82159 0.317604 -2.27959 0.564422 -0.76304 0.177728 0.165803 -0.535316 -0.0293858 0.482773 1.40454 -0.368628 -0.210532 -0.595554 -0.635274 -0.853193 1.04011 -0.682541 0.233038 0.933799 -0.733794 0.257071 0.30986 2.27868 -0.0218894 -0.210201 -0.00916575 -0.381647 -1.74235 
0.979165 0.0678163 -1.06946 0.483171 -0.991206 0.242834 -0.0605634 1.24291 0.893061 -0.884854 -1.65954 0.114791 -1.94522 0.0307079 -0.184019 0.306756 0.986029 -0.193349 0.000873762 -0.0945062 0.630053 -0.732699 1.34667 -0.00117135 -0.500877 0.594384 0.0861151 -0.13375 0.363065 0.193777 -0.174304 -0.0949704 -0.216987 1.27147 -0.949721 0.842167 -0.0834291 -0.0296717 0.156483 
0.92709 0.150624 -0.896403 0.652007 -0.829722 0.191935 -0.523517 1.24312 0.447031 -0.655188 -1.81518 -0.0945062 -1.7922 -0.42863 0.554514 0.418167 0.11265 0.256319 -0.104827 -0.745586 0.330709 -0.898262 1.24491 0.484333 0.593483 1.07959 -0.389491 0.0842536 0.266187 0.285933 0.0239965 -0.730686 -0.472431 0.137242 -1.09963 1.745 1.06999 -0.773797 1.51804 
0.799065 0.330283 -0.860313 0.551577 -0.835103 0.175643 -0.663183 1.4941 0.16759 -0.151371 -1.43673 0.630993 -1.05563 -0.683587 0.321765 0.130614 -0.56946 0.227684 -0.996949 -0.48453 -0.449177 -0.734018 0.794409 1.41476 -0.517064 1.52015 -0.766619 0.774402 0.439344 -0.0746278 0.508592 -0.342916 -1.05682 -0.191984 -1.12661 0.923791 0.514203 -0.278719 1.6722 
0.654219 0.305131 -0.831478 0.360926 -0.690946 -0.432627 -0.920077 0.864535 -0.14678 -0.186422 -1.17766 -0.520348 -0.537418 -0.849618 0.679444 0.302548 -0.23646 0.543716 -0.365535 -0.556886 -0.601011 -0.60442 -0.110475 0.194513 -0.961977 1.24872 -0.996086 0.574479 0.466449 -0.217122 1.1478 0.0721732 0.000791705 -0.31221 -1.42586 0.213058 1.03227 -0.429107 2.10724 
0.465781 0.650698 -0.709154 0.435994 -0.505105 -0.0544313 -1.11686 0.992914 -0.322335 -0.214321 -1.3431 -0.172255 -0.0258354 -0.975173 0.594641 0.634456 0.232091 1.58235 1.08934 0.491312 0.0141142 -1.16755 -0.531204 -0.0510346 -0.0487096 1.41147 -1.08092 0.553561 0.506763 0.102972 1.05575 0.100216 -0.289147 -0.844041 -0.93946 -0.338921 0.416231 -1.25288 1.29026 
0.27525 0.58621 -0.513848 0.49228 0.267501 0.24626 -0.546371 0.860072 -1.08811 -0.496595 -1.19348 -0.548898 0.62728 -0.949817 0.203737 0.528489 0.378822 1.12087 0.495943 0.204744 -0.562886 -0.648793 -0.302944 0.354816 -0.684431 0.549935 -1.28416 0.720565 0.727658 0.112593 0.987869 0.924634 0.0922273 0.168311 0.0360547 0.037112 -0.27026 -0.454789 0.760048 
0.0960376 0.750458 -0.444672 0.644678 0.174113 0.253721 -0.969349 0.522511 -0.847829 -0.390368 -1.17802 -0.740069 0.42471 -1.16128 0.553803 0.558044 -0.0753105 -0.0250226 0.158763 -0.371338 0.209341 1.21467 0.578732 -0.307176 -0.550754 -0.348079 -1.54678 0.293585 1.08086 0.494418 1.13342 0.184481 0.462211 -0.391361 0.88365 0.48154 0.974109 -0.798549 -0.013927 
-0.171439 0.848347 -0.234543 0.461627 0.253372 0.343752 -0.853585 1.01326 -0.119849 -0.154563 -1.32345 -1.00332 0.333434 -1.62212 0.266504 1.24198 0.350205 0.666438 -0.251294 0.373246 0.0193532 1.82572 0.895259 0.932024 -0.36598 -0.559854 -1.45948 0.316574 1.51655 -0.573555 0.219674 -0.510562 0.0346073 -1.2814 1.32887 -0.359604 0.509328 -0.687513 -0.777278 
-0.518335 0.879332 0.177665 0.838281 0.578367 0.0950212 -0.688838 0.522279 0.610263 0.137658 -0.75567 -1.03775 -0.0446833 -1.26589 -0.0470458 1.92536 -0.796251 0.368543 -0.856409 0.419983 -1.97261 0.555722 -1.0175 0.979577 -0.354 -0.720417 -1.07938 -0.159916 2.19835 -1.59796 0.807423 -0.840443 1.52356 -0.476118 1.51258 -1.0138 -0.454675 -1.54794 -0.800809 
-0.656192 0.831783 0.730548 0.0510233 0.477378 -0.193005 -0.536183 -0.595523 0.320202 -0.75049 -0.87991 -1.29084 -0.269055 -0.174756 -0.516591 2.3571 -2.75707 0.605774 -0.893583 1.51863 -0.67904 0.189553 -2.13595 -1.53403 -1.66749 -0.541273 -0.777298 -0.544118 2.24836 -1.62692 1.1024 -1.51534 1.7217 -1.75757 0.820004 -2.22858 0.394752 -0.922972 -1.04753 
-0.606059 0.644972 1.3593 -0.605713 0.945914 -0.464961 0.49576 -0.0419208 0.756791 -1.11548 -1.43248 -2.43947 -0.498674 -0.0300647 -0.813297 1.75555 -1.65401 1.36976 -1.20345 1.71717 -0.443215 0.536372 -1.71229 -0.458645 -0.859631 -0.722845 -0.189898 -0.308263 2.15104 -1.9915 0.764622 -1.76587 1.13985 -1.86816 -0.0798267 -2.20382 0.44275 -0.00358665 -0.139539 
-0.691268 0.459797 1.61047 -0.811636 1.30719 -0.946581 0.805134 -0.969289 0.744743 -1.75468 -1.0774 -2.00727 -0.873557 -0.14715 0.0308736 1.16455 -0.239597 0.59881 -1.50593 -0.101763 -1.88833 -0.296903 -0.563492 2.11842 1.65992 0.357161 -0.0528849 -0.789475 1.34452 -0.260197 1.35799 -1.59154 -0.648822 -1.55498 -0.680954 -0.747773 1.74317 1.35019 0.42098 
-0.683739 0.66455 1.9428 -0.722949 1.30925 -1.40752 0.401331 -1.58265 0.513373 -1.44463 -0.481333 -1.01864 -0.207925 -0.06464 -0.436764 0.44635 1.25208 0.772387 -0.959718 -2.51457 -1.69497 -1.445 0.797697 2.76218 2.62796 1.31603 0.0761822 -0.479004 -0.0523843 0.332208 1.31431 -1.43123 -1.09524 -1.70874 -0.73084 0.633315 3.4743 1.99688 -0.0170968 
-0.738925 0.262464 1.83376 -0.142726 1.77555 -1.54788 -1.1938 -2.35387 -0.418999 -1.28398 0.160675 0.234721 0.212032 0.26647 -0.78779 -1.24847 0.725517 1.47432 -0.439903 -1.24826 -0.460563 -0.678226 1.34186 2.47367 0.956735 -0.371476 0.943735 0.0739767 -1.15406 1.97633 -0.245215 -2.03288 -0.430282 -0.737553 -1.27689 0.751688 2.36634 1.10072 0.723801 
-0.610916 0.304395 1.31603 -0.331549 2.20233 -1.68405 -0.598069 -1.97043 -0.035715 -0.654176 0.62815 -0.194299 -0.521166 1.62257 0.558186 -2.333 1.69792 -1.16343 -1.80179 1.98771 0.677004 -0.257994 0.125769 0.365186 -1.18689 -0.302909 1.68729 -0.21967 -2.74321 2.38132 -1.12144 -1.75006 -0.345643 1.10883 -1.29614 1.59348 1.24366 0.65271 0.243421 
-0.172661 0.526634 0.663039 0.761151 1.07261 -2.67528 0.36106 -1.82304 -0.631227 -1.20811 0.330376 -0.759313 -0.0443715 2.52446 0.442792 -3.23858 2.83144 -3.24987 -1.93818 0.826183 1.97293 -1.05042 0.613493 -0.830489 -0.10337 0.718433 2.38878 -0.332217 -2.71102 2.08949 -2.83294 -0.942844 0.768614 2.56314 -0.569189 1.05781 0.122395 -0.535772 0.351567 
0.283516 0.51504 -0.308884 1.16972 0.23694 -2.89667 0.0399609 -0.393101 -0.883159 -0.291717 0.264922 -0.269217 0.0690534 2.3316 -1.08195 -2.10139 1.42167 -3.31642 0.518083 -1.03041 2.82839 -0.501659 1.17295 -0.204308 0.481191 0.799839 2.47922 -1.03929 -2.05424 2.33148 -3.7993 -0.066014 -0.636693 1.97814 -1.42472 0.68812 -0.801939 0.353554 0.744304 
0.651594 0.0300338 -0.391514 1.51944 -0.933052 -2.3533 -0.466385 0.445088 -1.03878 -0.516917 0.246247 -0.338365 0.613327 1.57967 -2.08964 -0.121085 0.650819 -2.75692 1.84323 -1.60856 0.730762 -0.849624 0.232051 -0.230598 0.564298 0.323124 1.92517 -1.63708 -0.979432 1.0803 -3.10102 1.79643 -2.08823 2.12198 -1.03249 2.00568 -0.837018 1.44003 -0.0293123 
0.834169 -0.448974 -0.3702 1.52175 -1.43018 -1.74678 -1.24384 0.181144 -1.56964 -0.153397 0.169075 0.222229 0.331588 0.853791 -1.51442 0.500492 0.185428 -1.58703 1.91194 -1.54887 0.0724173 -0.875565 1.28769 -0.903154 1.40498 -0.831093 1.24608 -1.63529 0.101942 0.706268 -2.47374 2.26595 -1.60083 0.928249 -0.16033 1.01887 -0.551932 0.674913 0.0256653 
0.938124 -0.667165 -0.141074 1.6262 -1.8923 -1.16047 -1.70307 0.487706 -1.74605 0.241704 -0.149368 0.86621 -0.0809051 0.479628 -0.503882 0.289692 0.395713 -1.15537 1.22335 -0.367359 0.534131 0.634965 1.01893 -0.499982 0.318192 -0.278139 0.686126 -0.579113 -0.512676 0.371812 -1.67209 1.75689 -0.905535 -0.0326665 0.0233169 1.69824 -0.502475 0.124666 -1.33487 
0.984553 -0.677439 -0.225488 1.73934 -2.12825 -0.984165 -1.54791 0.596606 -1.06607 0.447297 -0.0468402 0.50491 0.0957177 0.276964 0.598493 -1.33762 0.359849 -1.05859 0.464481 0.433682 -0.124387 0.905702 0.79608 0.237957 -1.24431 -1.01064 0.534804 0.363258 -0.765153 0.128258 -0.952328 1.9942 0.990026 0.734954 0.619794 1.6651 0.0472891 -0.519149 -1.41113 
1.01477 -0.384299 -0.812549 1.82489 -2.53181 -0.871978 -1.37485 0.3714 -1.02546 0.711452 -0.0363734 -0.176536 -0.923973 0.400198 1.08479 -1.53996 -0.215455 -0.352964 1.4748 1.59875 0.465867 0.190256 1.02422 0.56157 -1.00208 -1.66935 0.302848 0.85732 -1.40101 0.0598936 -0.186369 1.23822 1.58041 0.464684 0.872478 -0.127954 0.675056 -1.63015 -1.44304 
1.10604 -0.169007 -0.998449 1.63482 -2.34081 -0.0644521 -0.300068 0.956942 -0.918977 1.0511 0.210393 -0.332359 -1.29338 0.218223 0.76717 -0.953135 -0.28205 0.760526 1.20876 1.52857 0.753999 0.256339 -0.950893 0.653537 -0.897001 -0.981097 0.130971 1.3451 -1.53793 0.0837963 0.349942 0.778465 1.06007 0.364964 0.822899 -2.04906 -0.0840698 -1.2888 -1.56778 
1.07003 -0.0231928 -1.29118 1.68528 -2.07063 -0.118477 -0.182405 0.964409 -0.825394 0.154666 0.261851 -0.924667 -1.74255 -0.190024 1.05564 -0.974834 0.329077 0.90232 -0.424865 -0.280648 0.0270861 0.905697 -3.53395 -0.673638 -0.691449 -0.495375 -0.0282246 1.0818 -0.901875 -0.471297 1.25179 0.054326 0.948163 0.697188 1.0805 -3.13752 -0.396331 -0.878 -0.94213 
1.01276 0.325907 -1.48797 1.81729 -1.79383 -0.331593 -0.535697 0.962954 -0.198384 -1.02351 -0.0829232 -0.906126 -1.70932 -0.272035 0.955056 -0.520855 -0.436254 1.21382 -1.14057 -0.349001 0.194243 1.18299 -2.8931 -1.17841 -0.257635 -0.316008 -0.374705 0.957546 -0.560535 -0.101046 1.51702 -1.58972 0.458139 0.162014 1.8933 -3.29854 -0.862096 -1.01505 -0.165861 
0.946912 0.425064 -1.55301 1.4644 -1.33517 -0.832769 -0.471987 1.1054 0.117476 -1.54337 -0.25645 -1.13044 -2.00981 -0.438336 0.469214 0.0593968 -0.492481 1.49111 -1.73583 0.853596 0.187739 1.61707 -0.507418 -0.466977 -0.642965 0.274761 -0.629381 1.2183 -0.205473 -0.301219 1.26984 -1.61327 -0.258577 -0.0964543 2.52329 -1.65402 -0.967482 0.186344 0.381947 
0.829123 0.548808 -1.45876 1.56678 -0.890592 -1.41779 0.123972 1.0987 1.09245 -1.31971 -0.284128 -1.43877 -1.48687 -0.778641 0.983974 0.186424 -0.0271526 0.789058 -1.05205 0.0347024 -0.333629 2.17953 0.867611 -0.101523 0.499216 0.855066 -0.679006 0.578324 0.218105 -1.32895 2.06064 -0.800261 0.297258 -0.164668 1.65204 0.163225 -0.496481 -0.114872 0.655341 
0.639454 0.886733 -1.46009 1.45913 -0.856724 -1.49176 -0.458699 0.820131 1.85918 -1.03159 -0.294767 -0.694204 -1.30633 -0.694629 0.453299 0.299294 -1.5112 1.76129 0.64543 -0.479808 -0.420607 0.584105 0.709537 -0.190296 0.489407 0.643427 -1.01185 1.2204 -0.00747919 -0.766777 1.43581 -0.0323892 -0.720756 -0.71532 -0.0128138 1.24624 -0.426655 -0.197479 0.997599 
0.552234 0.764326 -1.30924 0.779384 0.176122 -1.01624 -0.26886 0.743187 1.55525 -0.90081 -0.362012 -1.01085 -0.95883 -0.906256 0.95839 -0.196868 -1.13399 1.47605 1.00268 -0.921148 -0.653866 -2.19755 0.662082 -0.463441 -0.761137 0.537748 -0.961219 1.13663 0.39829 -1.54138 1.45591 0.348774 -1.20581 -1.70624 -0.692289 2.03622 0.574122 0.320237 1.25412 
0.285562 1.33654 -1.55942 0.870525 0.037404 -0.867011 -1.1999 0.276259 0.0921903 -0.640583 -0.494396 -1.32709 -0.865888 -0.906313 1.356 0.354244 -0.810853 0.535583 -0.178042 -1.0071 -1.92487 -1.50785 1.78853 0.948355 -0.0721836 1.10512 -0.886198 1.05526 0.590636 -1.54095 1.28383 1.48905 -0.872051 -2.40901 -2.38392 1.78214 0.998209 -0.171019 0.974312 
0.198321 1.39856 -1.13215 0.361084 0.501198 -1.12917 -1.0779 -0.827043 0.341135 0.15211 0.0676167 -1.05931 -0.0480723 -0.570284 0.721677 1.16515 -1.18742 0.548918 1.01062 -0.152591 -2.65471 -0.981076 1.52453 1.78214 0.533926 0.822773 -0.932844 1.32491 0.803011 -1.24628 0.407557 0.667784 -1.0837 -2.63027 -2.31897 2.25923 1.39964 -0.492565 0.818791 
0.0539178 1.67654 -0.975613 0.253766 0.37055 -0.237307 -1.33445 -1.88334 -0.699664 0.25721 0.306863 -0.861404 -0.189178 -0.647577 0.752365 0.961559 -1.06893 0.104808 1.07792 -0.328652 -1.68692 -1.5842 0.982906 0.901038 -0.576834 0.0397295 -0.596224 0.553903 0.913696 -1.63995 0.721883 0.447105 0.0652896 -1.74257 -1.21011 1.67335 1.97615 0.366635 0.853999 
-0.0614474 1.7528 -0.650456 -0.19323 0.565626 -0.457418 -1.35142 -2.20513 -0.934189 0.731639 0.476156 -1.53585 -0.020452 -0.425409 0.162047 0.331771 -1.28237 0.588134 -0.409918 0.239217 0.259447 -0.632898 0.528719 0.829392 -0.0558373 0.370903 -0.521932 0.815265 -0.0624872 -0.929678 0.186406 1.72258 0.057362 -0.468178 -0.953727 0.704065 0.998346 0.525648 -0.125798 
-0.125011 1.75696 -0.809797 -0.413033 0.727424 -0.495109 -1.15973 -1.68969 -1.21242 0.569855 0.683469 -0.896001 0.112963 -0.224921 0.546498 -1.06201 -0.336355 0.186147 1.25198 0.405465 1.03811 0.311972 -0.117817 0.417843 1.26352 -0.204786 0.00401442 0.440756 -0.129232 -1.3256 0.366994 -0.0988958 1.00288 0.448954 -0.416657 0.34461 -0.00925119 -0.998788 -0.0314086 
-0.167425 2.01155 -1.1837 -0.361459 0.67927 0.323082 -1.04548 -1.38269 -0.689529 0.664374 0.669328 -0.451281 -0.195518 0.425057 0.541957 -0.541445 -0.716299 -0.0118361 0.270383 1.00808 0.348608 0.0765639 -0.104256 -0.84255 -1.25725 -0.405065 0.276827 0.447988 -0.442273 -1.49479 -0.496372 0.160528 1.27967 0.354728 -0.814743 1.02286 0.426879 -0.483015 0.0838611 
0.00551701 2.01361 -1.08195 -0.781501 0.721274 -0.327881 -0.378118 -1.42404 -1.15646 0.510559 0.314866 -1.94972 -0.228121 0.676958 0.168993 0.340095 -1.91588 -0.974037 -1.0398 1.18449 -0.55919 -1.39894 1.37369 0.14556 -1.90001 0.330474 0.328126 0.607295 -0.142394 -1.4093 -0.689436 0.492814 1.47287 0.421145 -0.449209 1.3847 0.33836 -0.805095 -0.541547 
0.0547609 2.09519 -1.01371 -1.36213 0.090921 -0.328255 -0.124628 -1.85011 -1.81635 1.47353 0.74114 -2.05023 0.0731096 0.112047 0.426572 0.310234 -1.40781 -1.08111 0.392285 0.821033 0.221338 -0.676288 1.80368 1.28893 0.198251 -0.336531 0.215628 0.0507652 0.823301 -2.1286 -1.32015 0.279566 2.17219 0.0151892 -0.0289353 0.947007 -0.427407 -1.36283 -0.0422527 
0.0221508 2.21673 -0.926932 -1.51441 0.0681384 -0.0844912 0.255848 -1.26117 -1.704 1.57238 0.896295 -1.76878 -0.512395 -0.326403 -0.0844399 1.00891 -1.28625 -1.11549 1.41336 1.51034 0.572803 1.35943 -0.210796 -0.711518 0.109365 -0.379674 -0.148208 -0.104284 0.330132 -1.75555 -1.69233 1.71472 2.02558 0.2549 1.0602 0.518028 0.681103 1.96459 -0.0440248 
-0.0881428 2.06128 -0.508271 -2.03098 -0.583017 0.553073 1.05343 -1.40342 -0.73204 1.35163 0.43094 -1.94469 -0.246927 -0.364821 -0.588295 0.231772 -1.23523 -1.59649 1.92697 1.6923 0.120781 2.08855 -1.16664 -0.389444 2.37605 0.284874 -0.296564 -0.35809 0.834404 -1.03151 -0.960642 2.31414 2.63511 1.72998 1.81845 -0.354225 0.385291 1.44484 -0.065509 
-0.134732 1.94911 -0.811271 -2.15636 -0.896841 1.11772 1.57754 -1.17949 -0.0352187 0.888821 0.729647 0.259521 -0.281567 -0.172381 -0.480421 0.358264 -0.271655 -0.405984 1.71854 1.75755 1.7908 1.06356 -0.221383 1.21994 1.78312 0.298224 -0.494083 0.00143767 0.807783 -0.365364 -1.24454 2.10687 1.83536 0.824428 2.28263 -0.712248 0.606272 2.70213 0.681778 
-0.175003 1.8437 -0.329166 -2.16511 -0.827654 1.62507 2.42662 0.0268313 0.115094 1.22351 0.981619 -0.419356 -0.0050328 -0.461498 0.594499 1.09184 0.675685 -0.373566 0.923928 0.585552 1.00183 0.953172 0.295587 1.19001 1.16576 0.669975 -0.471402 -0.562964 0.530705 -0.331148 -0.662243 1.50108 1.41788 1.53273 1.70727 -0.225494 2.04538 3.09946 0.927816 
-0.326792 2.23012 -0.264237 -1.79123 -1.12186 1.69327 2.02563 -0.386352 0.72343 1.06448 1.26698 1.26117 0.268483 -0.616327 -0.409856 0.511951 -0.236606 -0.643994 0.311065 0.00349042 0.302485 1.21123 -0.0529961 1.48311 2.27991 0.997818 -1.29222 -0.0637232 0.884077 1.18079 0.203884 0.196903 0.657626 1.3993 0.501073 0.0815615 1.21203 0.3389 0.619576 
-0.4234 1.65885 -0.0729789 -2.28077 -1.2163 1.81771 2.41527 0.255234 1.0806 1.19433 1.6496 1.5274 0.816777 -1.68832 -0.691795 0.356617 1.08203 0.692138 -0.662437 0.234348 0.908601 -0.286202 -0.193572 0.411368 -0.724058 0.198616 -1.62547 -0.662089 0.26748 0.986135 0.265933 -1.00775 -2.03173 -0.195388 1.27285 0.666164 0.540907 0.63992 -0.0811058 
-0.965251 1.91449 -0.0859585 -1.21194 -0.702059 1.2777 2.1965 0.331501 0.488591 0.952697 1.45727 0.659743 0.42781 -2.0861 -0.637867 -0.072465 1.70258 1.06061 -1.68277 -2.51283 -0.577453 0.484493 0.871626 -0.768966 -1.44333 -1.1009 -1.43769 -0.823058 0.509431 1.23097 0.632323 -1.1612 -1.52097 0.137336 -0.303261 0.626077 1.18815 -0.564749 0.625655 
-1.2066 1.36823 -0.109909 -1.37444 -0.57355 0.764674 0.417704 -0.226932 1.46356 1.70847 1.31379 0.315832 -0.101104 -0.702736 -0.611607 0.478786 0.750889 0.303402 -0.917308 -2.1114 -0.727594 -0.118979 0.963062 1.15843 -0.019652 0.678405 -1.54393 -0.313696 0.785391 1.62094 1.19151 -1.88197 -1.99183 -0.341979 -1.16149 -0.0200809 -0.694644 -1.42925 -0.66432 
-1.24509 1.63606 0.153594 -0.807167 -0.517468 0.702894 0.515795 -0.271907 0.387798 1.52056 1.98053 0.655841 0.984848 -0.481126 0.143522 1.35944 0.714784 0.818488 -0.874155 0.0528784 0.101594 -2.03366 -0.894206 -0.150278 -0.434436 0.189046 -0.604378 -0.896225 0.819133 0.997017 0.142645 0.340805 -0.770494 -0.269178 0.844418 -0.319382 -1.10978 -1.22763 -0.817453 
-1.4058 1.44006 0.571339 -0.988694 -0.0772953 0.21683 0.445339 -0.160754 -0.172057 1.185 1.25375 -0.0399195 0.0502896 -0.306478 -0.808012 0.863399 0.731394 -0.0815929 1.37389 1.16339 0.351504 1.24362 -1.35253 -2.62648 -1.59363 -1.80261 -0.40222 -0.333634 0.678338 0.438385 0.149302 -0.14078 0.298116 0.48983 -0.57032 -0.301869 -0.614742 0.0416726 0.564905 
-1.38074 1.26652 0.586052 -0.41267 -0.565826 1.55956 1.41999 -0.00392091 1.37927 0.727774 0.816806 -0.683222 -0.514707 -0.192861 -0.669537 -0.247641 -0.0697342 -0.586161 0.677836 0.321972 0.562479 1.2725 0.526205 -0.663336 0.486236 0.603729 -0.596452 -0.680493 0.683839 0.230722 0.000885192 -0.0204076 0.333061 0.887073 0.508472 -0.630983 -0.977201 -0.031128 -0.210385 
-1.50011 1.13476 0.446548 -1.01641 -0.430952 0.638622 0.685379 0.277599 0.84257 1.49616 0.965021 0.385308 0.545427 -0.689593 -0.268944 0.257397 -0.397571 0.0794098 -1.40702 -0.745278 0.856961 -0.566784 0.581096 1.3337 1.54993 1.52026 -0.381409 -0.344297 0.266265 0.49651 0.0816807 0.470216 0.0655346 0.466386 1.73384 0.40354 -0.0729954 -0.196609 0.564889 
-1.6558 1.14703 0.714566 -0.613162 -0.516766 0.678801 0.817616 0.672233 0.919513 1.0712 1.41819 0.644308 0.740168 -0.446617 0.126585 0.685139 0.801898 0.711641 -0.0458049 -0.235042 0.0694649 1.03771 -0.0295045 0.565909 -0.747017 0.189024 -0.494553 -0.121629 0.570675 0.297724 0.55163 -1.57635 -1.09619 -0.377944 -0.880693 0.323676 0.949602 1.30424 2.07711 
-1.68676 1.19873 0.789599 -0.584754 0.000652463 0.608307 0.485748 0.317833 1.66898 1.48079 1.22419 -0.235595 0.696802 -0.137505 0.0796711 0.678223 0.831811 0.788629 -0.735554 -0.605926 -1.38211 -0.608094 -0.182294 -0.0792588 0.158119 1.36957 -0.466782 -0.0833179 0.704858 0.788612 0.271521 -0.654711 -0.658567 -0.922631 -0.340603 -0.058473 0.622158 -0.145724 0.424641 
-1.72997 1.18925 1.05415 -0.165743 -0.0385781 0.217551 0.325234 -0.459709 0.426644 0.966044 1.3898 0.791203 1.87013 -0.33443 -0.255005 0.470051 0.368043 -0.286198 -0.847269 -0.574417 -1.34106 -1.49266 -0.0401376 0.255653 0.552987 0.409241 -0.286454 -0.234656 0.387421 0.146217 0.351727 -0.327786 -0.419067 -1.05075 -0.709018 0.062041 0.616457 0.132376 0.801544 
-1.83258 1.08571 1.02477 -0.38175 -0.171506 0.07726 0.0182373 -0.780965 0.467038 1.45917 1.34507 0.246256 1.03072 -0.344515 -0.448472 -0.0424709 -0.624637 -0.236453 0.285703 0.0929525 -0.065068 -0.337947 0.26038 0.893285 0.0126673 -0.248634 -0.274955 -0.634268 0.197591 0.423029 0.0838502 -0.433896 0.0280218 0.0238215 -1.5163 -0.485767 -0.18135 0.715585 0.93226 
-1.87946 0.986482 1.03226 -0.485903 -0.180637 0.394351 0.384501 -0.528113 0.150325 1.12101 1.79488 0.814717 1.65872 -0.128522 -0.748528 -0.144929 0.253992 0.415107 0.253562 0.614909 1.36651 -0.529464 -0.553288 -0.496325 0.382856 0.892964 -0.418866 -0.846094 -0.134886 -0.528208 -0.238309 0.103092 -0.355963 -0.0748347 -0.307653 1.07576 -0.140312 -0.778476 -0.0945204 
-1.90348 0.743765 0.951496 -0.238854 0.0806744 0.23398 0.489502 0.306658 0.0371982 1.13602 1.13078 0.583789 1.76562 -0.357076 -0.891519 -0.176455 -0.178961 -0.143676 -0.151396 -0.527809 -0.0446901 -0.0730871 1.06034 -1.0797 -1.03675 0.126952 -0.382669 -0.939314 -0.104793 -0.0616936 0.179304 0.224119 0.373444 0.117012 0.0612032 0.352512 0.453656 -0.400726 0.101272 
-2.03353 0.578213 0.943175 -0.571182 -0.26656 0.298065 -0.0462209 -0.580062 0.0863191 1.74604 1.32057 -0.0519558 1.75864 -0.513045 -0.739532 -0.0247554 -0.358418 -0.135374 0.044826 -0.146808 -1.21335 0.610102 0.987438 1.09513 -0.911399 -0.743131 -0.41512 -1.17924 -0.10711 0.491216 0.63487 0.660895 0.168532 0.428014 0.699961 -0.322388 -0.856335 -0.28503 0.639483 
-2.1143 0.405994 0.938495 -0.418711 -0.000224558 0.260287 0.359517 -0.689011 0.52084 1.71821 1.62583 -0.176555 1.1443 -0.338302 -0.977628 0.00297937 0.90319 1.14324 1.04194 0.742243 0.624048 1.00517 -1.45349 -0.0532945 0.659975 0.769245 -0.463766 -1.05785 -0.0985662 0.0330365 0.336358 1.18773 0.996431 0.21398 0.0704591 -0.0992612 0.330981 -0.749434 -0.652166 
-2.18076 0.130002 0.944084 -0.0861447 0.426192 0.947337 0.525553 -0.09199 0.886648 0.893922 1.30375 0.520649 2.39098 -0.263 -0.936803 -0.134739 0.395966 0.663265 1.55997 1.38613 1.49939 -0.517126 -1.10708 -0.6585 -0.0745829 -0.151867 -0.301342 -0.891504 -0.0640457 0.479542 0.673036 0.984312 0.944092 1.02118 0.302017 -0.966938 -0.752105 -0.342864 -0.994424 
-2.23413 -0.0232796 0.870331 -0.200992 0.402109 1.23321 1.43953 0.50592 0.100891 1.06965 1.33926 -0.227053 1.0131 -0.168404 -0.434491 -0.105986 -0.196457 -0.0833704 0.287073 0.432283 0.768204 -0.603533 0.270241 -0.941912 -1.11261 -2.13887 -0.242998 -0.816478 -0.0386684 0.543665 0.418593 1.72503 0.553559 0.546772 -0.26905 -0.699229 -1.3133 -0.339777 0.138525 
-2.26617 -0.0662766 0.890341 -0.180644 0.376759 1.12499 0.852664 0.512491 0.397435 1.05468 0.890862 -0.410379 0.612692 -0.146959 -0.356148 0.0732584 0.40687 -0.00543613 0.773258 -0.695054 -0.757286 0.157548 0.251989 -1.0786 -0.374006 0.35336 -0.217247 -0.278412 0.0450902 0.0711589 0.413659 0.560947 0.640103 0.149837 -0.608545 0.697316 -0.704346 -1.2538 -1.0961 
-2.31174 -0.183219 0.906489 0.0224743 0.399831 1.71462 0.876795 -0.121465 0.221763 1.21969 0.86545 -0.531543 1.3007 -0.198854 -0.00381091 0.181564 0.291139 0.733404 0.467965 0.365925 -0.570067 -0.208582 0.586575 0.0098421 -0.535005 0.628247 -0.124201 -0.312225 0.180925 0.484198 0.278125 0.244943 -0.160666 0.254936 0.639372 -0.279322 -0.678846 0.0362591 0.309549 
-2.36267 -0.0627864 0.98082 -0.018171 0.821531 1.41567 1.1274 0.0362887 0.224816 1.40132 0.902183 -0.85144 1.12815 -0.0660052 -0.135862 0.224593 0.306842 0.441315 -0.446639 0.501962 1.09945 0.69377 -0.592351 0.180239 0.418705 0.0853012 -0.423753 -0.279466 0.00960927 0.825563 0.0253428 0.0718266 0.337536 -0.34293 0.303775 0.273554 0.829855 -0.0027636 0.531908 
-2.3599 -0.24098 1.01855 0.193223 0.667869 1.43387 1.25891 0.750507 0.772475 0.873584 0.952718 -0.1636 1.36609 -0.51084 -0.436166 -0.164045 0.934182 -0.696942 -0.376046 0.0577246 0.092905 0.61256 -0.249213 1.08629 0.528513 0.11877 -0.252919 -0.0108379 0.0927575 0.410711 0.404048 -0.663879 0.216121 0.335182 0.346357 0.462163 -0.174309 0.0739821 -0.318723 
-2.57268 -0.259842 0.897957 0.4832 0.400844 1.17903 1.15886 0.0954509 0.710428 1.25685 1.39329 -0.39035 1.22129 -0.360404 0.122567 -0.0710145 0.296732 0.193532 -0.458864 -0.228616 -0.647315 -0.233031 1.16091 -0.411603 -0.324521 -0.517896 -0.299487 -0.542949 -0.422262 0.0701835 -0.07362 0.404507 -0.256268 -0.611448 -0.0126959 0.239077 0.134986 0.450377 -0.416429 
-2.51517 -0.17887 0.982347 0.358645 0.785982 1.14549 1.06435 0.211926 0.580257 1.55771 0.776194 -0.426113 0.931481 0.00720935 -0.422319 -0.525128 -0.840961 0.577034 0.918992 -0.369165 -0.938051 -0.630427 0.544313 -0.908771 0.0594281 -0.686859 -0.188337 -0.38501 -0.472053 -0.153511 -0.0337128 0.0215434 -0.547588 -0.962462 -0.402475 1.34226 0.631791 -0.256662 -0.690838 
-2.59419 -0.450475 0.63399 0.0490324 0.751002 1.75148 0.853359 -0.677906 0.199656 1.57866 0.995174 -0.32717 0.646621 0.0410863 -0.730186 -0.699635 -0.538766 -0.250383 0.482613 -0.443459 -0.67887 -0.304398 0.48648 1.2459 -0.0150369 -0.430729 0.192564 -0.284775 -0.169589 -0.00166238 0.587618 0.433541 -0.314556 -0.0967307 -0.53753 0.19598 0.0135317 0.114056 -0.110908 
-2.52436 -0.512306 0.630855 0.0837408 0.635494 1.44532 0.700208 -0.352137 0.330832 1.84554 1.33844 -0.426101 0.569123 0.3051 -0.0260891 0.249417 0.826505 0.347868 -0.336682 -0.0144317 0.798286 -0.0870263 -0.302043 0.925732 0.0873247 0.542451 -0.0417488 -0.520981 -0.66 -0.0734553 0.326486 0.973152 0.183039 -0.0823632 -0.734573 -0.2825 0.126256 -0.211526 -0.499706 
-2.50731 -0.457318 0.758502 0.493655 0.962499 1.53944 0.827863 -0.0491335 0.124477 1.40314 1.41472 -0.240327 1.09096 -0.117325 -0.0934069 -0.378563 0.416713 0.762675 0.831267 0.675852 0.558795 -0.675707 -0.830737 -1.07992 -0.265311 -0.252843 0.160839 0.0283142 -0.126682 0.177686 0.388635 0.145608 0.53426 -0.0427977 -0.893877 -0.211787 0.760059 0.40462 0.334175 