0.079688 -1.43547 -0.0861175 -0.0760734 0.535897 0.715291 1.30093 1.05786 0.599862 1.36754 0.329426 -1.48686 -1.17806 3.42522 -0.998721 -1.0276 0.607952 0.0772953 0.641411 -0.335077 -0.226568 -1.37618 -0.14927 0.753331 0.0559527 -2.81046 0.38181 0.211413 0.0713764 0.152859 0.69647 -0.633977 -0.113842 -0.0870695 0.775579 -0.402135 -0.175218 -1.58974 -1.60097 
0.159249 -0.595279 0.299097 -0.369624 0.823578 1.40519 1.12736 0.724466 -0.0333003 0.677897 0.552815 -1.22425 -2.21534 -2.43796 2.8987 2.31693 -0.361323 2.29293 0.837049 -0.0780028 0.447484 0.426333 -1.28119 -0.336982 -0.29342 0.750949 0.130968 0.545803 0.202646 0.439167 0.80018 0.364569 -0.552009 0.0351137 0.129042 0.767694 1.15761 0.959178 -0.260725 
-0.75276 0.0919493 1.03188 -0.244065 1.52023 1.23188 1.23665 1.42523 0.937719 0.650203 0.154829 -1.7133 -0.553527 -3.21819 1.83195 1.33284 0.0935422 1.17631 -0.120163 -0.38357 0.262893 1.55073 1.09317 0.783346 1.16549 2.49524 -1.85426 1.75469 1.42089 -0.010382 1.48787 0.561226 -0.465807 -0.0295691 0.514471 -0.54854 0.779791 2.3619 1.60346 
-0.932565 0.371899 0.944617 -0.319624 1.33019 1.33694 0.833036 0.940737 1.18666 1.28304 0.981927 -0.263027 -0.173698 -0.515639 -0.201699 -0.126599 0.342253 0.0492789 -0.0292389 -0.527094 -0.49479 0.267427 0.625142 1.37134 3.31875 1.24425 -1.64724 -0.637943 1.5265 -0.736788 1.33398 0.0597106 0.0805217 0.490924 1.24627 1.53774 0.89438 2.11528 3.25747 
-0.946181 -0.00891361 0.976703 -0.0748717 1.54466 1.21918 0.834281 1.02128 1.15091 0.994662 0.900795 1.00085 0.471772 0.594185 -2.82373 1.02091 -1.27694 0.922287 0.197181 0.498118 0.362761 0.128839 0.786756 0.403364 1.5427 1.5499 0.195126 -2.1831 0.669184 -1.0704 0.130893 0.45477 0.351138 -0.0799437 0.494593 -0.0894934 1.14736 2.03281 0.90438 
-0.757054 -1.10601 1.44037 -0.926419 1.72811 1.46257 1.20249 1.23876 1.29113 1.71752 1.20628 1.00528 1.09992 0.824817 -3.17229 1.15375 -2.06039 0.144864 0.681925 0.99811 0.382354 0.399554 -0.723197 0.151706 -0.716628 -0.115468 0.645625 -2.40045 1.23398 -0.77175 1.11862 -0.017828 0.670822 0.795621 0.0869802 -1.59786 -0.463646 1.506 1.20796 
-0.694002 -1.66989 1.53624 -1.05713 1.60998 1.64099 1.58015 1.33534 1.46776 0.588116 0.989536 0.429895 0.392399 0.432223 -0.885345 0.880201 0.0375021 0.835412 -0.23315 0.393998 0.656844 -0.0109551 -2.7183 -1.02217 0.38195 -0.044874 0.746863 -1.8683 0.764082 -1.26819 0.120944 -0.049588 0.0883486 -0.546177 0.0785023 -0.51625 -0.437011 0.0762555 0.753901 
-0.635383 -1.56592 1.86858 -0.903276 2.08887 1.32529 1.49356 1.7775 1.28592 0.199725 0.662456 1.32865 1.0779 0.36277 0.283647 0.0202446 0.0252225 0.0335313 -0.764174 -0.873251 -1.0976 -0.293091 0.106398 -0.735099 0.802631 1.05775 0.355781 -0.669236 0.102708 -0.0477554 -0.214474 -0.487198 -0.433952 -0.398302 0.0494374 -1.14401 -0.080232 0.190368 -0.958506 
-0.595419 -1.51585 1.55157 -1.03987 1.62766 1.17925 0.917175 0.437959 1.24122 0.643642 0.600406 1.09573 1.26618 0.132731 -0.15468 -0.729599 -0.116476 -1.18798 -0.486771 -0.957134 -1.1809 0.0782644 1.33843 0.913118 -0.149198 -1.13516 0.249808 0.053768 0.077953 0.36972 0.0224897 -0.620407 -0.16635 -0.323533 -1.16499 0.0848268 -0.294637 0.19754 0.16696 
-0.61327 -1.64209 1.5239 -0.953926 1.58395 1.03305 0.767428 0.811934 1.35072 0.941476 1.1615 1.21963 0.170101 0.0334659 -0.209001 0.0920516 0.564959 -0.0109877 -0.149854 0.662611 0.670216 -1.27556 0.00744205 0.340995 -0.560656 -0.842908 0.467747 -0.404021 -0.781508 0.536932 -1.25037 -0.533762 -0.460023 -1.61813 -0.182129 0.489015 -0.771927 -0.600355 -0.258442 
-0.606304 -1.62055 1.60137 -0.763947 1.6263 1.09286 1.41046 0.987651 0.243916 0.644051 0.791149 0.651745 0.595813 0.610481 -0.476458 -0.488015 0.974674 -0.804392 -0.301002 0.359656 -0.920298 -0.3229 -0.733281 -1.94179 -0.634918 0.822768 0.572103 -1.22649 -0.540868 0.447235 -0.358062 -0.315002 0.613536 0.185935 -0.036824 -0.227358 -1.03124 -0.0475124 -0.861353 
-0.432342 -1.88725 1.2952 -0.481649 1.24315 0.854303 1.03264 0.0596815 1.10079 0.529313 0.122123 0.715186 0.852978 0.87589 -1.69016 -0.937305 0.149468 -0.568873 -0.319149 0.154045 -0.438889 1.22667 -0.273079 -1.71443 0.487495 -0.21672 0.906218 -0.862965 -0.887651 -0.0562957 -0.556653 -0.634039 0.614623 -0.403458 -0.315634 -1.11304 -0.924462 -0.361179 0.440612 
-0.337148 -2.50313 1.15697 -0.687145 1.38626 0.903032 1.52088 0.629464 1.20965 0.488214 -0.12571 1.06104 0.43418 0.830811 -0.862243 -0.893843 -1.06734 -0.0898323 -0.632891 0.458432 0.389581 -0.101582 -0.608948 0.710321 0.158382 -0.268772 2.0821 -0.067023 -1.44738 -0.524067 -0.783385 -0.186597 -0.11851 -1.49838 0.769912 -0.627398 -1.20685 0.0336143 -0.213154 
-0.178171 -2.33502 0.871668 -0.987994 1.20805 0.472783 1.37222 0.379655 1.02449 0.186402 0.511883 0.856553 0.649057 2.4375 1.57858 -1.31066 -0.991902 -0.684264 0.0372545 -0.301669 -1.50748 -0.188802 -0.478828 0.107523 -0.456328 -0.0395463 1.39077 0.142919 -0.460841 -0.258423 -0.105403 -0.147153 0.194342 0.786415 -0.146184 0.13116 -0.0357377 0.118778 -0.563785 
0.451127 -1.66902 0.533314 -1.15734 1.09685 0.930959 1.28822 -0.60344 1.06492 0.217778 -0.0607774 0.701982 0.416488 1.38192 1.07433 0.172421 0.650692 -0.0900744 0.408473 -0.193955 0.618123 -0.0946326 0.779109 -0.760215 -0.0176944 -0.422059 1.18842 2.1236 0.059295 0.0281786 -0.986148 -2.25027 -2.42602 -1.01109 -2.3012 -1.55339 -0.510034 0.547043 1.16133 
0.259202 -1.76573 0.960057 -0.670983 1.17286 0.727517 1.22065 0.886706 0.953642 0.616618 0.10922 0.854581 0.3206 -0.546921 1.68718 1.39409 1.03464 -0.889841 -3.32626 -2.8855 0.191147 -2.91045 -1.39867 -0.788001 1.14776 1.48678 1.74765 2.54784 -1.02439 1.4152 -1.05193 -1.59428 -3.53134 -1.0505 -2.32185 -1.63859 -1.80837 -0.811446 0.741966 
0.247307 -0.777869 1.20824 -0.656323 0.719481 -1.09616 -0.889669 -0.445898 -1.21498 -0.564999 -0.478414 1.64878 1.63883 1.399 2.84547 -1.76587 1.61524 -1.58817 -2.74159 -4.44919 -1.98542 -3.03244 -2.76017 -1.64642 -1.03788 1.34955 0.53621 1.45211 -1.42501 2.22076 -1.48603 -1.99016 -3.72923 -0.0909738 -2.13236 -1.40646 -0.868018 -1.07807 0.404692 
0.702252 -0.266261 0.117853 0.108281 0.496723 -0.942381 -2.13446 -0.737422 -1.42195 -0.924492 -0.770993 0.0220956 1.43145 1.39913 0.543325 -3.60745 2.5225 -1.47557 0.416269 -2.01831 -0.317844 0.0386543 -0.300226 -0.368422 -2.54622 -0.977306 0.857281 2.18892 -2.2697 1.60046 -0.552925 -2.82625 -2.83896 -1.39439 -0.980035 -1.71492 -0.618732 -0.0336612 0.878865 
0.690402 -0.487456 -0.518128 0.557743 0.0915198 -0.836665 -2.41469 -0.705001 -1.18126 -0.735957 -0.669953 -0.411604 0.859275 -0.035614 0.520981 -1.75455 0.947638 0.699843 -1.38673 0.718075 0.173499 1.71294 0.686325 0.821428 0.982534 -0.25239 0.71541 1.42643 -3.07258 1.36173 0.524002 -1.04275 -0.453481 -0.525379 1.68107 -0.67521 0.299727 -0.597954 -0.605455 
0.668403 0.0124178 -0.718917 0.567601 0.799481 -1.78448 -1.59941 -0.594327 -0.0747374 -0.545956 -0.32136 0.834386 1.24083 -0.261621 1.64758 -1.15533 -0.342278 2.292 -1.94572 1.42944 -0.370508 2.22664 -0.509798 0.764533 1.76519 0.234832 -0.155275 0.909277 -1.83005 0.573538 0.832029 -0.689559 0.818135 0.0404022 1.8455 0.402424 0.443573 0.535779 -0.496511 
0.581423 0.382893 -1.06721 0.398879 1.07546 -2.0203 -1.3441 -1.00721 0.568962 -1.02364 -0.250979 1.03783 1.0645 -0.213073 0.87262 -1.08556 -0.0307644 0.604182 0.371931 0.368087 -0.130336 0.773852 -0.186429 -0.234071 -0.305586 -0.355062 -0.050619 1.10567 -1.0754 0.209582 1.20946 -1.00256 0.548479 -0.15591 1.83783 -0.0577431 0.392246 0.872124 -0.101037 
0.575562 0.475772 -1.2345 0.558028 1.06131 -1.55207 -1.32785 -0.699941 0.535752 -0.65353 -0.440502 0.598048 0.966808 0.179554 0.0488079 -0.51704 0.67578 -0.390509 0.474836 -0.698484 0.159853 0.249828 0.450337 -0.245417 -0.655702 -0.352143 0.188807 0.152716 -0.777877 0.306984 -0.215415 0.18907 -0.452536 -0.13974 0.481994 -0.630131 -0.324891 -0.189207 -0.792674 
0.6191 0.413593 -1.30984 0.727912 0.911723 -1.72502 -1.8755 -0.875287 0.768348 -0.776548 -0.376235 0.516469 0.792841 0.512191 -0.645424 -0.126438 0.520388 -0.958236 -0.106414 -0.955703 -0.0594121 -0.123843 -0.568798 -0.200256 0.0502049 -0.619447 0.43264 -0.480408 -0.294488 0.853492 -0.810699 0.425364 -0.792468 0.519481 -0.251367 0.122146 -0.182458 -0.159839 -0.607343 
0.723816 0.141871 -1.28959 0.812591 0.654684 -1.61193 -2.0529 -0.747499 0.441989 -0.974079 -0.541422 0.651351 0.477988 0.507765 -0.797713 0.053029 0.689819 -0.905865 0.135 -0.336904 0.502723 -0.587735 -0.291134 0.000455619 0.438088 -0.392672 0.513288 -0.573333 -0.0198028 1.27337 -1.21004 -0.0215102 -0.605827 0.508993 -0.483292 0.0139576 0.57185 -0.211249 -0.611795 
0.765884 -0.000287726 -1.27877 1.06367 0.527502 -1.63737 -2.13469 -0.462699 0.310655 -0.942441 -0.368997 0.885538 0.488259 0.303527 -0.246745 0.0874694 1.51822 -0.970282 0.0650791 0.166166 0.708428 -0.526492 0.596493 0.958158 -0.333932 -0.130885 0.475855 -0.737551 0.12368 1.02811 -1.64795 0.701235 0.352349 0.471056 -1.27693 -0.282659 0.704402 -1.23858 -0.435613 
0.802705 0.017351 -1.24199 1.54536 0.242904 -1.567 -1.93336 -0.166527 0.0323413 -0.645577 -0.0181091 0.391937 0.38609 0.248355 -0.347635 0.130024 0.955665 -1.71586 0.876827 0.809515 0.0972435 -1.13172 -0.0417241 0.933677 -2.04296 -0.139304 0.30658 -0.38296 0.117633 1.7522 -1.74233 1.36353 0.962495 0.860494 -1.36792 0.0715746 1.00641 -1.39806 0.325875 
0.826433 -0.177794 -1.21073 1.52684 -0.203261 -1.09648 -1.5308 -0.382024 -0.573802 -0.969417 0.141123 -0.765158 0.389521 0.183096 -0.351922 0.0862266 1.28788 -1.80083 1.91182 1.11015 0.395054 -1.31554 -0.498762 0.377494 -1.47603 0.542679 0.21938 -0.497483 0.345246 1.14113 -1.81111 1.78643 1.90258 0.624997 -1.59461 -0.642948 0.353942 -1.62935 0.360797 
0.84156 -0.162406 -1.19498 2.16774 -0.524216 -0.393744 -1.10314 0.157926 -0.996321 -0.927116 0.192302 -0.797229 0.841414 0.0994377 -0.427595 0.395875 0.870984 -1.16414 1.71631 1.70512 0.701758 -1.01567 -0.729084 -0.465486 -0.0644394 0.594379 0.271383 -0.663783 0.566364 0.0814445 -1.99876 1.45352 1.34707 0.714714 -0.173976 -0.14347 0.424821 -1.874 -0.686725 
0.837478 -0.397293 -1.01506 1.94943 -0.697982 -0.0426845 -0.252665 0.193488 -1.36722 -1.37924 -0.102721 -0.805184 0.886848 0.24749 -0.679696 0.781827 -1.15976 -1.37621 0.196213 0.67275 0.519946 1.08188 0.335095 0.184931 -0.945999 -1.38588 0.300021 -0.275232 1.15335 0.255391 -1.71864 0.513182 0.3967 0.518792 -0.15616 0.0308861 0.0693329 0.328811 0.431097 
0.901822 -0.514306 -0.814012 1.6171 -1.10967 -0.268696 -0.602212 0.584612 -0.144177 -0.744209 0.298947 -1.55491 -0.270076 0.376742 -0.0049865 1.38047 -0.464057 -1.56947 -0.978505 -1.17409 -0.040072 0.806018 0.777356 0.555284 0.475229 -0.0521755 0.232039 -0.172019 1.3543 -0.625987 -1.54529 -0.395573 -0.542295 -0.0102087 0.214756 0.397618 -0.0244785 -0.0346336 0.0460738 
0.940706 -0.394845 -0.346672 1.7322 -1.36612 -0.635369 -1.14212 0.161761 -0.731492 -0.950002 0.203496 -0.405879 0.858896 0.120457 0.406241 1.30546 0.153964 -1.083 -0.782622 -1.3786 -0.542219 -0.791873 0.158958 -0.219856 0.889399 1.45089 0.0430175 0.145288 1.26743 -0.195042 -0.997714 -0.18718 -1.09176 0.121702 0.685198 1.88041 0.453631 -0.0613509 -0.859637 
0.919854 -0.295887 -0.181635 1.69606 -1.56967 -0.741699 -1.64564 0.141843 -0.762019 -0.659408 0.187466 -0.818441 0.923107 -0.309732 0.22073 0.572389 0.149004 -0.0229434 0.695762 -0.255538 0.188349 0.117728 1.5191 0.0454443 -0.566187 -1.00533 -0.156034 0.522105 1.0123 0.0851969 -0.563166 -0.0407453 -1.11243 -0.211023 -0.298546 1.62638 -0.331257 0.752661 -0.324657 
0.815733 -0.273854 -0.0662531 1.80878 -1.37259 -0.205106 -1.34006 0.317012 -0.63574 -0.10762 0.234976 -0.854367 0.0565759 -0.370352 0.390449 0.252621 -0.0198343 0.178467 0.713257 -0.0782489 0.260307 0.390411 1.82873 -0.222936 0.0664587 -1.84535 -0.350066 0.378871 0.694252 0.0170324 0.018383 0.29906 -0.902414 -0.434845 -0.422998 2.19586 -0.319578 -0.55793 -1.77293 
0.77473 -0.0857626 -0.0547404 1.69172 -1.48998 -0.300747 -1.7101 0.355997 -0.452344 0.355429 0.0743243 -0.751907 -0.561675 -0.249078 0.355133 0.493555 -0.124133 0.0389862 -0.269971 -0.924676 -0.759647 -0.68684 1.16081 -0.472708 -0.16337 -1.18409 -0.384966 0.26397 0.499158 0.0662132 0.199271 0.406302 -0.0900878 -0.351943 -0.928898 1.11717 -0.401255 0.632227 -1.22249 
0.710923 -0.0822768 0.176317 1.75446 -1.35257 -0.364889 -2.04175 -0.303736 -1.17118 0.535196 -0.0127593 -0.97493 -0.890978 -0.24402 0.00827012 0.511438 0.123536 0.123918 -0.131199 -0.0319364 -0.724418 -1.64102 -0.460021 -0.312919 0.734523 0.338136 -0.457695 0.461155 -0.100968 0.18005 -0.103781 0.190186 0.0114141 0.0604234 -1.33001 0.185052 -0.235517 0.829382 0.121725 
0.671601 -0.0763525 0.196415 1.7561 -1.43362 -0.375742 -1.7397 -0.235915 -1.73636 0.0954677 -0.0873059 -0.141517 -0.272526 -0.481085 0.347589 -0.658118 0.410299 -0.216327 0.537113 0.948194 0.828695 -1.10411 -0.925137 0.157204 1.21789 1.34287 -0.511596 0.337609 0.226122 0.128595 0.187586 0.236163 0.384379 0.677553 -1.32987 0.715167 0.616023 1.55311 0.681459 
0.528989 0.105339 -0.134045 1.95626 -1.44178 -0.0315577 -1.33346 0.375682 -2.03398 0.0161722 0.0789446 0.0289594 0.214443 -0.571958 0.50398 -0.169869 0.0801555 0.159969 0.465337 0.546737 1.59137 -0.149745 1.34007 1.12955 1.25072 0.51436 -0.661105 0.0120191 -0.00566519 0.313561 -0.0903436 0.333395 0.529719 1.36692 -0.847546 0.223334 0.574027 1.65784 0.718907 
0.459459 0.193397 0.120468 1.79968 -1.36184 -0.0862654 -1.33364 1.06781 -1.85044 0.838132 0.528364 0.889094 0.159791 -0.572924 -0.337309 0.641025 0.089867 0.0602579 -0.0612911 -0.241945 0.929554 -0.0369133 1.20734 0.603592 0.90203 -0.443958 -1.27757 0.816736 0.00728689 0.113424 0.749339 0.139211 0.84796 0.957958 0.597433 1.06138 1.31349 0.133377 -0.287953 
0.316525 -0.0667443 0.179327 2.0045 -1.41266 -0.0638406 -1.52116 1.13766 -2.05955 0.684906 0.411193 0.775713 -0.131805 -1.4635 0.74695 0.172818 0.0992187 1.01316 -0.272474 0.578712 -0.361875 0.955262 -0.0391761 0.614372 -1.09125 -0.86333 -0.718837 -0.336534 0.501524 -0.281049 0.401464 -0.289449 0.596352 0.784169 0.689272 0.69198 -0.178573 0.387228 -1.14383 
-0.0490553 0.590751 0.209048 1.8524 -0.925034 -0.247577 -0.903513 0.772661 -1.09763 0.812576 0.866421 0.0131612 -0.527167 -0.572999 -0.189783 0.126696 -0.542778 0.562192 -0.370476 1.03597 0.0752455 0.966148 -0.355473 -0.843389 -0.416117 -0.965764 -0.731692 -0.217442 0.0460555 -0.257007 -0.20924 -0.754808 0.63016 0.671195 0.611485 0.111925 -0.331598 0.0830784 -1.22235 
0.104036 -0.161349 0.245764 1.74955 -1.1688 -0.28503 -0.74679 1.20033 -1.2982 0.483177 -0.0362905 0.449394 -0.901983 0.297115 -1.09044 -0.109879 -0.513593 -1.35744 -0.8374 0.259842 1.22061 -0.130815 0.185956 -1.05762 1.18603 -0.643713 -0.775374 0.0270977 0.149805 -0.913525 0.134714 -0.940074 1.07589 0.587623 2.04486 0.793125 -0.239009 -1.29689 -1.51779 
0.0277025 0.023137 0.161902 1.61144 -1.50245 -0.754049 -0.713445 1.77289 -1.19686 0.912414 0.303497 0.991115 -1.0357 -0.662935 0.22331 0.0967814 -0.923903 -0.362 -1.00936 0.389725 0.675434 1.78922 1.33029 0.523243 -1.26374 -0.907443 0.384203 -0.640947 -0.630858 -1.01703 -1.22991 -0.766837 0.69839 0.796497 0.268756 0.777076 -1.6337 0.148637 -1.36731 
-0.13835 -0.0390028 0.297838 1.31195 -1.32033 -0.896567 -0.45894 1.75429 0.108858 1.22039 0.25266 -0.566953 -1.62478 0.313089 0.0940234 -0.874623 -1.119 -0.602533 -0.290003 0.668588 -0.199868 0.493569 0.769349 -1.11679 -1.00695 -1.04299 0.278898 -0.246477 -0.800512 -0.879157 -0.489792 -0.409907 0.462379 0.345149 0.69321 0.379472 0.167021 0.569747 0.293645 
0.109771 0.0775834 -0.252407 1.08033 -1.7569 -0.92607 -0.215655 1.61036 -0.80626 1.33719 -0.291315 0.183816 -1.86862 1.10549 -0.611559 -1.3438 -0.487692 -0.426385 0.402067 0.227821 -0.238256 -0.854676 -0.858289 -0.303566 1.98437 1.27929 0.531173 -0.130455 -0.190604 -0.823282 0.471332 0.0590899 0.905848 -0.217986 0.938411 -0.374018 -0.331858 0.104098 1.19912 
0.20713 -0.355118 -0.341729 1.08339 -1.49942 -0.645747 -0.292979 1.56034 -0.558253 0.7386 0.0960696 1.06091 -0.571009 0.531102 -0.303398 0.571359 -0.203037 1.33558 0.366115 0.533113 -0.0910467 0.771282 -1.21326 0.673202 1.12875 2.53707 1.61991 -0.281154 -0.546443 0.025115 -0.0675004 1.27502 0.463511 0.224435 -0.545808 -0.729945 -0.803779 0.523437 0.614347 
0.264311 -0.0766903 0.0275182 0.988199 -1.18215 -0.697216 0.180143 1.5369 -0.197787 0.65769 0.0784436 1.11514 0.207003 1.47207 0.169849 0.489922 0.525519 0.306476 1.44587 0.391216 0.51936 0.120125 -0.0182685 -0.76745 -1.32329 -0.509973 2.00973 -0.819839 -0.347591 -0.0777821 0.00538003 1.2421 0.0815393 0.000137039 0.415679 -1.31258 0.152816 -0.680356 0.894542 
0.67447 -0.260849 -0.100903 1.34041 -1.36496 0.242816 -0.00400669 1.98655 -0.460621 0.724688 -0.310493 -0.00392036 -0.970889 2.66708 -0.968815 -1.11754 0.0759346 -1.34012 1.43384 -0.417224 0.0821492 -0.210606 -0.371516 -0.472411 -2.01575 -1.42048 1.75738 -0.185796 -0.70283 -0.335653 -0.474752 0.438977 0.590558 -0.780618 0.551312 -1.40566 -0.560633 -1.13872 0.056311 
1.1289 -0.580431 -0.503418 1.02976 -1.75216 0.183998 -0.139515 1.60522 -0.359617 0.447025 -0.169132 -0.513404 -0.932602 1.32434 -0.464543 -1.58579 -1.06595 -1.07105 -0.816194 0.395172 -1.53772 0.623263 -1.67966 0.0196993 -0.153163 0.587675 1.90285 -1.02642 -0.817264 -0.261747 -0.718934 0.436878 -0.293601 -0.753143 0.033035 -1.45091 -0.581958 -0.928258 0.101247 
1.0927 -0.499754 -0.856652 0.834733 -1.81985 -0.250699 0.287944 0.728893 0.0317298 -0.214594 -0.292886 -0.116175 -0.479009 0.360933 -0.62189 -0.155403 -0.497907 0.189012 -0.807224 0.0389635 -1.06498 0.25582 -1.38141 -0.303691 0.809953 1.55388 1.12516 -0.983457 -0.651054 -0.928018 -0.546504 -0.659765 -0.347544 -1.62724 0.0123234 -1.30953 -0.125169 0.532288 1.46744 
1.22687 -0.901972 -0.57242 0.796312 -1.66795 -0.304036 -0.115734 0.734534 -0.155531 -0.326136 -0.325789 0.158393 0.34425 0.465528 -1.05992 0.570039 -0.42396 0.192894 -0.155187 -0.844489 -0.575257 -0.60595 0.0985911 -0.188493 0.825622 1.23895 0.315696 -0.537491 -0.0423579 -0.297393 0.0450428 -0.330858 -0.311122 -1.42707 0.00509232 -0.534624 -0.694768 0.412952 0.8652 
1.22544 -1.05134 -0.577362 0.636723 -1.73398 -0.34035 -0.353378 0.259079 -0.440253 -0.163416 -0.387467 0.568378 0.541987 0.140202 -0.215022 0.0815324 0.0187992 -0.130768 0.315116 -0.440304 -0.789186 -0.248248 0.742276 -0.622394 -0.29096 -0.473657 0.348392 -0.557531 0.564639 -0.27602 0.262441 0.1901 -0.361391 -0.743767 0.0333925 0.589955 -0.0238329 -0.326189 0.125213 
1.25147 -1.00983 -0.527667 0.810492 -1.72056 -0.106341 -0.452767 0.0896052 -0.346892 0.0835645 -0.654186 -0.066039 -0.0261266 0.0876619 0.192117 0.295345 -0.0208901 0.209488 0.422203 0.376931 -0.395454 0.651645 0.629258 0.154426 -1.25716 -1.07585 0.0793505 -0.0661146 0.147165 -0.236177 0.242801 0.475366 -0.178704 -0.569524 0.147951 1.05747 0.0704439 -0.355921 -1.18295 
1.23258 -0.945379 -0.429955 0.631882 -1.64102 -0.0772269 -0.0751602 -0.0635523 0.0743634 0.183335 -0.29726 -0.442616 -0.31763 -0.015347 0.104842 0.137861 -0.399787 0.502058 0.367581 0.21339 0.0437575 0.448266 0.553861 0.71367 -0.178814 -0.984546 -0.0286678 0.172481 0.348861 0.257223 0.439242 0.659283 0.154285 -0.669556 -0.0758798 0.391094 -0.213226 -0.771674 -0.874463 
1.22436 -0.949703 -0.45587 0.624066 -1.50242 0.123409 -0.297671 0.126498 0.00817124 0.388321 -0.26262 -0.199175 -0.811563 -0.134781 0.0655509 0.236148 0.430754 0.472764 0.528493 -0.16522 -0.479309 -0.753151 -0.143135 -0.440294 0.252731 -2.49893e-05 -0.12718 0.251501 0.424525 0.285981 0.486893 0.635829 0.645763 -0.930143 -0.747924 0.358745 -0.0684263 -0.135869 -0.147634 
1.16576 -0.905886 -0.310969 0.843489 -1.43541 0.250837 -0.205098 -0.454825 -0.513101 0.099875 -0.527529 -0.224442 -0.303214 -0.188611 0.274653 0.510714 0.855746 0.255624 0.548938 0.645717 -1.25544 -1.45509 -0.107059 -0.807024 -0.00797487 0.809484 -0.173988 0.300038 0.364871 0.603984 0.0949111 0.561177 0.00788571 -0.90544 -1.4085 0.235002 -0.623519 -0.234767 -0.222055 
1.13965 -0.800393 -0.205062 1.03935 -1.38972 0.463965 0.182901 -0.900091 -1.12997 0.324954 -0.690508 -0.193235 -0.139479 -0.143699 0.388775 0.320119 0.534919 -0.335579 0.279246 0.184089 -0.700434 -1.14353 0.439521 -0.391064 -0.566701 -0.267272 -0.268691 0.321246 0.494248 0.721358 -0.0556656 -0.213734 0.125894 -0.810832 -1.13364 0.210198 -0.211227 0.279981 -0.295757 
1.09598 -0.696641 -0.151668 1.10502 -1.57564 0.426616 -0.0720603 -1.0271 -1.40682 0.340945 -0.731269 -0.673347 -0.505917 -0.240644 0.21237 0.245748 0.298062 -0.356798 -0.870376 -0.471402 0.198018 -0.07133 0.373294 0.523815 0.355969 -1.16813 -0.542745 0.299901 0.0932248 0.429208 -0.121193 -0.97104 -0.128696 -0.491088 -0.363027 0.269698 -0.262529 -0.386861 -0.976408 
1.03764 -0.683793 -0.0814674 1.18736 -1.53903 -0.062654 -0.177545 -0.736925 -1.18254 0.529137 -0.401249 0.108983 -1.07406 -0.72187 0.0653396 -0.184192 0.150612 0.130678 -1.70421 -0.345131 0.0564186 0.655206 -0.10096 0.039647 0.057138 -0.934954 -0.823705 0.870202 0.120649 0.198655 0.144561 -1.4239 -0.300544 -0.57604 0.445106 -0.203974 0.94323 0.0301913 0.349099 
0.834004 -0.657259 -0.234492 1.18237 -1.5164 -0.609459 -0.337443 -0.979847 -0.889413 0.280976 -0.702913 -0.6144 -1.25106 -1.07224 1.12099 -0.0673846 0.0179249 0.572578 -1.21448 0.0839952 -0.951871 0.671647 -0.610506 0.727843 -0.329204 1.6087 -1.06342 0.852358 0.238596 -0.377709 0.585573 -1.12152 0.288459 -0.470003 0.877745 0.026146 0.587086 0.435379 0.608694 
0.659196 -0.0899985 -0.108211 1.20112 -1.29072 -0.799516 -0.119862 -1.51502 -0.65223 0.185358 -0.00204639 -0.146582 0.247331 -0.972648 1.24051 0.545063 -0.758457 0.783213 0.0599709 0.733583 -0.673173 0.527922 0.143471 0.738513 0.490697 1.69727 -1.24446 0.971837 0.858002 -0.589068 1.06249 -1.03006 0.343713 -1.12994 -0.144206 -0.274394 0.321031 -0.791628 1.33631 
0.488663 -0.000694947 0.0328074 0.824051 -1.17797 -0.567653 0.209278 -1.52981 -0.471859 0.357151 -0.29796 -0.202503 0.142281 -0.910512 0.369062 1.38671 -0.964548 1.09626 -0.296479 0.377239 -0.518138 -0.865195 0.287695 -0.303407 -0.700889 0.0554068 -1.4292 1.51922 1.60217 -0.498851 1.36637 -0.887377 1.07998 0.143087 -0.115523 0.395457 1.00133 -0.234185 1.91429 
0.334509 0.108894 0.563173 0.74404 -0.818363 -0.975495 0.158587 -1.93808 -1.32759 0.341864 -0.158551 -0.704727 0.306782 -1.30423 1.09346 1.92577 -0.0435604 1.36666 -1.36302 0.697495 0.8491 -0.682832 0.347956 0.59039 -0.803919 0.683165 -1.68903 0.466767 1.59348 -1.05335 0.910495 -0.295999 -0.123872 -0.182167 0.353938 1.00687 0.724525 -0.666871 -0.211238 
0.0330942 0.578641 0.963 0.808345 -0.589926 -1.39527 0.728831 -0.833689 -1.00416 0.547221 0.0271742 -0.844523 0.711741 -1.78003 0.342313 1.07069 -0.72626 0.331978 -0.144832 -0.531927 0.273535 1.3427 0.946937 1.26429 -0.168766 -0.309298 -1.58267 -0.0110122 1.32118 -0.740714 0.604264 -0.778072 -0.194666 -0.093887 -0.182146 1.31663 1.87009 -0.454719 1.12989 
-0.279224 0.293738 1.08283 0.401154 -0.672991 -1.05882 -0.247424 -1.7131 -0.270836 0.865558 0.529728 -0.829683 0.0699351 -1.21698 -1.11869 0.110264 -1.14613 -0.423179 0.219248 -0.945435 -0.979564 0.438173 1.2632 1.89355 0.207091 0.725109 -0.495513 -0.629428 0.483052 -1.7524 1.0225 0.959607 0.766929 0.690164 1.3399 0.569902 0.718309 0.421117 -0.24093 
-0.393469 -0.00381066 1.02155 0.26424 -0.767636 -1.25615 0.0115117 -1.63446 -0.657011 1.24707 1.05454 -0.663502 1.31528 0.989651 -1.32097 -0.331549 -2.08502 1.27356 1.53315 1.55064 0.609722 0.463007 -0.243463 -0.311671 0.69826 0.0186077 0.355824 -1.69308 0.547785 -2.36867 0.548726 1.87139 0.674546 -0.123444 0.312668 0.0695261 -0.215128 0.539103 -1.31475 
0.0277494 -0.394946 0.929258 -0.592909 -0.124775 -0.116928 0.914413 -1.21292 0.0957912 0.726217 0.36877 -0.248814 0.0994889 1.782 -1.49983 0.72904 -2.65294 1.27874 2.4977 1.84246 0.810885 -0.0162642 -1.16796 -2.18194 0.474132 -2.34667 1.13987 -1.8849 0.870715 -2.19341 1.047 1.15532 1.47968 0.874097 -0.732765 -0.521404 -0.697281 0.842204 0.152831 
0.176901 -0.786431 1.37718 -1.002 -0.217206 0.275065 1.39304 -0.969616 -0.666378 0.592797 -0.11425 -0.26509 -0.576788 0.82364 -1.59328 1.67055 -1.43314 0.370753 0.140359 0.406939 0.511347 -1.44941 -0.379601 -0.617755 0.372751 0.178719 0.945143 -1.98897 0.802319 -1.77642 1.43551 1.60827 0.231679 1.02498 -0.126689 -0.613075 -0.770301 -0.554516 -2.78655 
0.279537 -1.22665 1.73692 -1.27456 0.037186 -0.0260062 1.21522 -0.793276 -1.0379 0.511048 0.0428732 0.0670666 0.259122 -0.278736 -1.57486 0.504124 -0.196848 0.980581 -0.164166 -1.5288 0.50526 -0.153687 0.433464 1.15544 -1.1993 -1.09901 0.0926474 -0.985673 0.632371 -0.889348 0.612682 -0.0359587 -0.278463 0.251887 0.0337858 1.39589 0.716481 0.778945 -0.33356 
0.062232 -1.60846 1.62482 -1.09116 0.205661 0.179927 0.236542 -0.554951 -0.783555 0.830494 0.51537 -1.22898 -1.45522 -0.677616 0.0653973 -0.700357 0.0052133 0.586051 -0.202748 -0.765259 -0.19475 1.49563 2.08711 1.56795 0.616908 -0.584214 -0.533185 -0.635077 -0.226362 0.0592439 1.08436 -0.829614 -1.13331 0.608741 1.02861 1.43888 0.97213 0.622575 -0.558235 
0.032271 -1.18723 1.40628 -1.26689 0.291259 -0.144717 0.633548 -0.951617 0.13884 1.6698 0.894781 0.58171 -0.201074 -0.571614 0.587495 -0.862718 0.289379 0.722881 -1.05471 0.0444344 0.272724 1.54004 1.3263 0.134643 1.98787 0.415054 -1.04472 -0.0839875 -0.631849 -0.199082 0.337328 -0.528923 -0.311001 1.4426 1.43087 0.918643 1.05573 0.473425 -0.333524 
-0.149797 -1.29485 1.21623 -0.94731 0.518274 -0.459318 0.264442 -0.330633 0.428022 1.56548 0.594917 0.401729 -1.10358 -0.98713 -0.203132 -0.285679 -0.326743 -0.0651253 -0.577973 0.364078 2.05085 0.432615 -0.959724 -0.166721 -0.0201465 0.178765 -0.757978 0.429727 -0.0984047 -0.0801088 0.0282207 -0.913316 0.047541 0.58907 0.807448 -1.22787 -0.301881 2.01895 1.37477 
-0.317885 -1.28885 1.27473 -1.41831 0.266736 -0.492683 0.902089 0.728218 0.481625 1.13151 0.811932 0.577741 -0.0414039 -0.636623 0.0667746 0.702122 -0.420211 -0.691265 -0.286135 0.0266705 0.479827 -0.451613 -2.8081 -0.538379 0.59644 1.29671 -1.171 -0.188979 0.156936 0.0201273 -0.0932356 -0.667804 -0.257612 0.497484 -0.265903 -1.63152 0.168684 0.100663 0.130408 
-0.383436 -1.25471 1.55893 -1.14352 0.225867 -0.628977 0.278967 0.063213 0.0771186 -0.00232425 0.311794 0.89971 -0.0356537 -0.878678 -0.0964697 0.520192 0.356575 -0.0955214 -0.405121 -0.694932 -1.41671 -0.790104 -1.01275 0.388609 0.137538 -0.00922745 -1.26547 1.57101 0.741625 0.661525 -0.371559 -1.02205 -0.536371 -0.801798 -1.75312 -1.84067 0.116471 0.449181 2.33362 
-0.631989 -1.33445 1.53008 -1.24226 0.229209 -0.73504 0.37336 -0.430384 -0.134829 0.563692 1.02833 0.70214 -0.0344641 -1.37958 2.34703 0.437126 1.47811 0.0900391 -1.21315 -0.724717 -1.52557 -1.90932 0.581407 0.690848 -0.0308562 1.60344 -0.918277 2.2624 0.587821 1.54834 -0.437221 -0.823645 -1.66783 -1.1556 -1.23723 -1.13821 -0.579239 -0.701204 0.251478 
-0.86405 -0.0170157 1.77441 -0.429975 0.267729 -1.36503 -0.272185 -1.18449 -1.41737 0.317775 0.691061 0.887023 1.28146 -0.584768 3.57621 0.381063 2.12276 -0.609645 -0.805061 -1.49352 -0.086473 -0.875865 -0.36008 -1.1611 -1.05135 0.328815 -0.770019 2.54487 -0.268148 1.58479 -0.109168 -0.952094 -0.420315 -0.949494 -1.01298 0.352313 -1.03484 -0.467529 1.2201 
-0.84839 0.548793 1.71865 -0.219764 -0.0282784 -1.22175 -0.756584 -0.500093 -0.818564 0.359396 0.409647 -0.141304 0.247111 0.152167 1.5682 -0.860378 1.05965 -0.275907 -0.184203 0.179544 0.288866 0.545431 -0.142424 -2.06907 -0.582446 -0.0833645 -0.366474 2.63315 -0.153096 2.11474 0.256418 -0.816358 -0.494155 -0.696678 -1.22296 -1.32875 -2.9783 0.267343 1.3426 
-0.835476 0.811645 1.36694 0.0830281 0.153027 -1.4724 -0.14257 -0.946963 -0.986083 0.234711 -0.416902 0.425299 1.22817 -0.000164527 0.475116 -0.626287 1.26443 1.00249 -0.394502 0.851085 -0.823355 -0.77088 -1.24436 -2.80097 1.38309 1.34309 0.084252 1.42429 -0.597389 1.08117 0.196531 0.110911 -0.781518 -1.04425 0.628953 -0.131845 -2.21484 0.52902 -0.161925 
-0.870455 0.803384 1.42357 0.391379 0.403963 -1.45762 -0.121402 -1.17299 -1.41994 -0.337429 -1.09272 0.997067 1.35271 -0.0195083 0.619413 -0.0723341 0.670884 0.573953 0.335827 -1.20051 -1.64809 0.302548 -0.0071116 -0.877975 1.2507 -0.10941 0.202686 0.850517 -0.553154 0.954515 0.462036 -0.286285 -0.501059 -2.17959 0.925946 0.184575 -2.78878 1.29245 -0.0138163 
-0.863971 1.14202 1.33782 0.409716 0.401924 -1.26206 -1.05192 -2.29496 -0.745337 0.227013 -0.883022 1.4559 1.15372 0.321379 0.827894 -0.237979 0.263092 -0.284158 -0.0326555 -1.50262 -2.00377 2.01894 1.47945 -0.909125 0.266939 -1.3523 0.51758 0.407963 -0.865311 1.02614 0.429129 -0.296692 -1.53626 -2.02585 1.72769 0.957752 -1.49947 0.495338 -0.988425 
-0.785631 1.24325 1.31492 0.522634 0.28573 -1.47241 -1.25819 -2.81214 0.167341 0.482866 -1.57562 1.22681 0.268501 0.842058 0.001303 -1.27496 0.971439 0.0922902 -0.778149 -0.814628 -0.980261 2.02554 1.18204 -1.11797 -0.625761 -1.10771 2.07148 -0.15239 -2.71073 -1.09296 0.00965579 0.766036 -1.10585 0.486143 2.05619 -0.506096 -1.58863 -0.242272 -1.00974 
-0.606061 1.14777 0.731309 0.880443 0.444749 -1.73233 -1.67076 -3.0963 0.847121 0.881655 -1.47847 0.958914 0.268222 2.9751 -1.07109 -3.96487 -2.01738 0.286386 1.13891 0.0544317 2.62324 0.751685 -2.0839 -1.20536 -0.590562 0.108762 3.58237 -1.71297 -3.54108 -1.67247 -0.277449 1.57196 1.14306 3.08079 1.90059 -2.30668 -1.81667 -0.481676 -1.13388 
0.181354 0.685796 -0.583053 -0.439011 0.411596 -0.771392 -1.22277 -0.663761 0.76044 -0.681575 -2.21816 0.758478 0.371298 4.85988 -2.65047 -4.21276 -3.65461 -0.544542 3.05876 2.32879 4.95443 0.535471 -3.9752 -1.2997 -0.00573368 -0.289687 3.94979 -2.27637 -3.88987 -1.81584 0.149642 2.64479 1.83304 3.45688 0.419983 -2.65461 -0.604163 0.805535 -0.956055 
0.987471 -0.239154 -1.28568 -0.865837 0.215116 0.141687 0.0769071 0.960318 1.2706 -1.33621 -2.17184 0.966679 0.0473084 3.3118 -2.44668 -2.06256 -0.895589 -0.0625626 2.70501 2.3686 1.83718 -0.185211 -1.13218 0.399737 1.61442 -1.28576 3.7679 -2.48887 -3.37288 -2.11322 0.13944 3.54842 1.79287 3.38395 -0.476451 -3.17007 -0.80351 0.199855 -1.41572 
1.26026 -0.5941 -1.5677 -0.863046 0.38817 0.886485 0.554871 0.841173 0.618532 -1.31592 -1.99577 2.08517 -0.658855 1.13744 -1.19491 -1.01469 0.264979 0.752215 2.1019 0.0413301 -0.588294 -1.17659 0.132536 0.229036 0.250685 -1.45701 2.27538 -1.72534 -1.50034 -0.0606118 0.422646 2.93184 0.989222 0.71458 -0.247895 -0.809563 0.59405 0.220292 -1.5194 
1.34357 -0.861638 -1.76724 -0.733677 0.540279 1.43107 0.102469 0.479834 0.350939 -1.26612 -2.04143 1.18319 -1.12197 0.309318 -0.221558 -0.267359 0.796008 0.718544 1.55718 -1.05708 -0.922356 -0.148018 0.158848 0.387681 -1.34318 -0.589436 0.608041 -0.60536 -0.600435 0.473891 0.732641 1.64686 -0.475341 -1.57132 -0.860564 -0.449939 0.543007 -0.569382 -1.71248 
1.34108 -0.705392 -1.69046 -0.476393 0.698928 1.84306 -0.246499 0.0872357 0.505802 -1.23118 -1.77987 1.00415 -1.12329 -0.170864 0.253367 0.0772645 0.492174 0.39448 0.287869 -0.658987 -1.45239 0.0180298 -0.668732 0.490519 -0.99497 -0.657492 0.00779432 -0.0223833 -0.215824 0.684199 0.74768 1.27624 -0.765242 -1.2826 -0.255502 -0.485559 -0.456246 -1.80552 -1.26445 
1.26476 -0.723507 -1.72453 -0.492635 0.712392 1.61212 -0.399198 -0.70797 0.368477 -1.64233 -1.77012 0.385638 -1.6417 -0.298386 0.1788 -0.0749283 0.298238 0.451958 0.292525 0.0575549 -0.745022 -0.195458 -0.738341 -0.996647 -0.990767 -0.969781 -0.27618 0.0900989 0.106383 0.540806 0.736682 0.398116 -0.524812 -1.0858 0.211237 -0.865546 -0.586522 -1.64057 -0.869867 
1.21988 -0.606423 -1.72082 -0.328294 0.895632 2.02695 -0.208722 -0.521542 0.355855 -1.64616 -2.30993 0.210019 -1.89673 -0.270313 -0.12271 0.0790241 0.372233 0.758612 0.282261 -0.0238349 0.0394482 0.267241 -0.372656 -1.27269 -1.12686 -0.412689 -0.381853 0.0890119 -0.293883 0.0397737 0.4273 0.689831 0.146757 -0.385242 0.355195 -0.898134 -0.73497 -1.66571 -0.973477 
1.15289 -0.782885 -1.68098 -0.309075 1.04029 1.78974 -0.422695 -0.674605 0.581524 -1.85363 -2.44893 -0.519278 -1.96254 -0.311031 -0.0498178 -0.388146 -0.236915 0.21139 0.702684 0.144241 0.237857 0.674656 -0.342658 0.0171127 -1.16339 -0.228811 -0.305331 0.234079 -0.249761 0.0881274 0.539108 0.82341 0.346098 0.146838 0.369418 -0.787338 -0.824064 -0.719389 -0.843714 
1.09447 -0.627519 -1.90157 -0.436664 0.989412 2.46144 -0.105684 -0.325764 0.888524 -1.84075 -2.29372 -0.724641 -2.06819 -0.217275 0.475345 -0.473826 -0.233406 0.0817257 0.907595 0.488211 0.141327 0.231116 -0.573666 0.174703 0.189664 -0.625078 -0.11868 0.0978725 0.0100211 -0.125122 -0.00637737 -0.342931 -0.100345 -0.157548 0.202404 -0.785041 0.170065 -0.0599401 -0.625622 
1.05866 -0.528175 -1.90286 -0.415763 1.0786 2.34943 -0.0607013 -0.557844 0.76623 -2.17689 -2.3478 -0.352444 -2.45594 0.120606 0.19246 0.395326 0.0339337 -0.234543 -1.21238 -0.267938 -0.45063 -0.401285 -0.60087 0.206611 1.07425 -0.538657 0.108081 0.370715 0.102337 0.114802 -0.00165524 -0.241373 0.86015 0.390443 0.203638 -0.244882 0.768219 0.976871 -0.314888 
1.11256 -0.521376 -1.70616 -0.415231 0.892407 1.72586 -0.312952 -0.693561 0.577104 -2.17917 -2.17539 0.162314 -2.49137 0.38787 0.0879438 0.623853 0.414989 -0.097403 -1.26931 0.653295 0.354412 0.0439181 0.286728 0.844274 1.05453 0.242725 0.219581 -0.102644 0.309018 0.0501693 -0.251824 -1.14708 0.348693 0.336136 -0.630674 -0.472463 0.437185 1.16704 -0.337916 
1.16558 -0.476921 -1.59774 -0.211711 1.04027 1.57907 0.425576 -0.266658 0.804077 -2.02092 -1.88586 0.518454 -2.2443 0.227506 -0.358958 0.0745151 0.044052 -0.177146 -0.469096 0.735732 0.876155 -0.447589 0.0372958 0.372253 0.414495 0.127764 0.506702 0.0110526 0.542153 -0.1027 -0.737455 -1.36742 1.06702 1.10183 -0.375547 0.978094 1.69025 1.90163 0.725054 
1.16617 -0.704828 -1.66477 -0.388949 0.819957 1.44442 0.235387 0.0247066 0.229357 -2.16213 -1.96781 0.512176 -2.37314 0.417362 -0.0791534 0.206736 -0.582032 -1.08303 -0.733251 0.760704 1.0611 -0.549109 0.912925 1.40056 1.3789 0.663801 0.36749 -0.197428 0.221021 -0.315907 -1.1249 -0.939869 1.45379 1.49157 -0.856753 0.782306 1.07785 1.23275 0.534165 
1.28231 -0.513425 -1.49287 -0.485476 0.580249 1.13624 0.992715 0.602998 0.376687 -1.51617 -1.12415 1.65342 -1.69057 0.356089 0.0463296 0.259161 -0.552836 -1.6166 -0.910443 1.18775 1.04326 -0.705837 0.924366 1.05839 1.15875 0.54218 0.235343 -0.148781 0.419585 -0.146433 -1.58543 -1.10232 0.674529 1.85867 -0.970626 0.631214 0.946459 1.39161 0.815177 
1.26254 -0.67543 -1.53474 -0.648722 0.131659 0.893319 1.12402 0.879759 -0.320988 -1.65101 -1.39048 1.46792 -1.91822 -0.0441544 -0.158476 0.434194 0.344892 -1.43972 -0.883005 0.136295 1.33295 -0.757716 -0.134923 -0.144612 0.39865 0.354422 0.174385 0.0929831 0.361079 -0.197301 -2.03869 -1.56963 0.0530865 0.901061 -1.1022 1.07058 1.31822 0.772338 0.733431 
1.24562 -0.591587 -1.2788 -0.315018 -0.0323753 0.6019 1.08977 1.69519 -0.214359 -1.59506 -1.19508 1.99038 -1.3882 -0.0799312 0.0887746 0.291238 0.234162 -1.62365 -1.38676 -1.10934 0.112675 -0.778237 0.387713 0.691826 -0.177589 0.37473 -0.134966 0.150379 0.744784 0.360645 -1.84013 -1.28139 -0.494048 1.16793 -1.02202 0.641814 0.395302 -0.0939627 0.588005 
1.21395 -0.62374 -1.3893 -0.531331 -0.559655 0.0511975 0.283311 0.973066 -0.928133 -1.43879 -1.01069 1.33578 -1.59934 -0.1722 0.382068 0.709942 0.230743 -1.48621 -0.994195 -0.778593 0.168018 -0.61834 0.92581 0.667791 -0.531547 0.382249 -0.468527 0.459026 0.844817 0.51474 -1.61143 -1.37434 -1.2921 0.912636 -0.689246 1.07499 0.148459 -0.898865 -0.223416 
1.16637 -0.385864 -0.932342 -0.199266 -0.664886 -0.000370096 0.498058 1.8338 -0.696062 -1.08313 -0.828238 1.57009 -1.06321 -0.667478 0.610666 1.00769 0.588466 -0.940253 -0.62587 -0.584184 1.05822 -0.149539 0.929724 -0.496827 -0.99041 -0.643715 -0.655179 0.592711 0.509602 0.480069 -0.985498 -1.15699 -1.56518 -0.571086 -0.524178 1.66722 0.770807 -1.19249 0.0741987 
0.970059 -0.29796 -0.899894 -0.244142 -0.958588 -0.326033 -0.162042 1.84037 -1.04206 -0.924687 -1.27142 0.541945 -2.10788 -0.872374 0.523478 0.0702779 0.536312 -0.0868687 -0.701731 -1.27464 -0.915465 -0.0870721 1.11151 0.354628 -1.01406 -0.282377 -1.01836 0.787402 0.71164 0.813583 0.314362 -1.0957 -1.57268 -0.34756 0.04453 1.47667 0.434261 -0.715768 1.01802 
0.854363 -0.105874 -0.892992 0.0629289 -0.698712 -0.42395 -0.467101 1.0855 -0.760979 -0.467776 -0.630149 0.757006 -1.27818 -0.955313 0.595038 0.0851641 0.713166 1.42482 -0.980737 -1.47893 -1.51667 0.210237 0.875975 1.0718 0.057873 1.91333 -1.45248 1.20825 0.678574 0.51331 1.38551 -1.22407 -1.5997 -0.839887 -0.468552 0.351236 0.0824587 -0.916054 1.59469 
0.630479 0.0196119 -0.853398 0.102809 -0.345658 -0.920081 -1.281 0.599946 -0.873729 -0.440518 -0.686868 0.601491 -0.538994 -1.44157 1.33106 0.971406 0.284024 2.26704 -1.09193 -0.82407 -0.179523 -0.543406 -0.673836 -0.247378 -0.176047 2.26672 -1.42785 1.6589 0.593843 -0.450673 1.25639 -0.444217 -0.82549 -2.04055 -0.796662 0.228472 0.766818 -1.69359 2.82048 
0.353141 0.598244 -0.421 0.204216 0.274547 -1.08594 -1.09305 0.939622 -1.1839 -0.846829 -0.756462 0.626122 0.577798 -1.31942 1.95428 0.825409 -1.43796 0.550955 0.323447 0.400044 -1.13069 -1.28272 -0.587527 -0.0546884 -2.24789 1.59022 -1.58543 1.54482 1.05304 -1.32028 1.58891 0.113254 -0.490735 -0.802259 0.502908 -0.393043 -0.374582 -1.36831 2.93553 
0.169863 1.05104 -0.451501 -0.581155 -0.1066 -0.717296 -0.985382 -0.324525 -1.87664 -0.771498 -0.709347 -1.21603 0.76738 -1.08403 1.04237 0.649714 -2.40267 0.235113 1.24697 0.186137 -0.866815 1.22159 0.206801 -0.253015 -1.59566 1.37942 -1.60819 1.12672 1.2957 -1.27082 1.64711 0.989312 1.75549 -1.01728 0.267429 -0.198286 -0.248625 -1.08376 1.60061 
-0.0292275 1.15075 -0.103457 -0.942081 0.378476 -0.318895 -0.958472 0.231149 -0.222151 -0.735379 -0.885811 -0.660435 1.71292 -1.24242 -0.225443 1.1712 -0.601418 2.04332 1.10816 1.92084 -0.193657 1.64368 0.357229 -0.278243 0.842115 0.401459 -1.33657 0.222885 0.818238 -1.67564 1.14631 0.843006 0.600069 -1.45554 0.198431 0.0420486 0.0813103 -0.692576 0.667408 
-0.265157 0.937702 0.116414 -0.864211 0.770943 -0.0350672 0.455159 -0.481972 -0.583761 -0.576263 -0.852291 -0.518054 1.10797 -1.04537 -0.706999 0.608083 -0.285575 1.56642 -0.0285584 0.61278 -1.02416 -0.953569 -0.14496 0.358737 0.692949 -0.544339 -1.14935 -0.840776 1.27665 -1.02692 1.9222 0.14043 1.36919 -0.155894 0.691026 -0.238686 -0.171846 1.37107 0.306136 
-0.398745 0.784512 0.1941 -1.07377 1.05198 -0.331179 -0.502697 -0.606125 -0.966845 -0.819856 -0.685507 -0.0838895 1.28512 -0.588918 -1.07905 0.79593 -1.04703 0.986422 -0.913518 -0.10881 -0.0169766 -0.712085 -0.636635 0.0473907 0.909021 -0.0141296 -0.84229 -2.16604 1.3255 -1.34647 2.12398 -0.194878 1.90328 -1.23591 -1.64154 -1.16353 -0.837971 0.15571 -1.71853 
-0.482938 0.376069 0.504158 -1.36082 1.19631 -0.588045 0.36769 -0.494794 -1.13901 -0.934595 -0.819762 0.234391 1.11093 -0.297096 -2.64068 1.43464 -1.87505 1.78273 -0.265402 1.90278 -0.582849 -1.25705 -1.25864 -1.47521 -0.504767 -1.57765 -0.26254 -1.78626 1.52276 -1.41969 2.04226 -0.299266 0.567993 -0.133862 -0.261236 -0.32608 -0.877265 0.262252 -1.66801 
-0.519517 -0.597268 0.888497 -1.96721 1.81804 -0.48817 0.924245 -1.08215 -1.94962 -1.52463 -1.47346 -0.482376 0.0178238 0.169457 -1.68312 1.55203 -1.23097 2.23337 0.467446 0.865474 -0.165172 0.360883 0.250996 -1.21611 -0.583826 -2.04524 -0.11287 -1.62174 1.97842 -1.21315 1.03043 -0.165812 1.45709 -0.025983 -0.261409 -1.23101 -1.13784 -0.550146 -1.3942 
-0.448617 -0.502814 1.25491 -1.94558 2.15516 -0.29728 1.0137 -0.628923 -0.852498 -0.79853 -1.46809 -0.228456 -0.536249 0.115921 0.132154 1.6184 -0.0718903 -0.164644 0.0137952 0.0250399 0.54018 0.905614 -0.226992 -0.039946 -0.21478 -0.142375 0.351749 -0.778821 1.34051 -0.791428 1.37401 0.118608 -0.766181 -0.724894 1.06676 0.39895 -1.24627 -1.89595 -1.22563 
-0.502992 -0.522796 1.67112 -1.99649 1.75094 -0.474577 0.937544 -0.638903 -1.23576 -1.6548 -1.48799 -0.644791 -0.083409 0.389077 0.474145 0.513922 -0.0400107 -0.0714055 -0.304606 -1.86624 -0.781138 1.07687 0.244677 -0.443205 -1.86642 0.534134 1.24647 1.17113 -0.951345 1.39698 -0.501391 -1.58077 -1.4491 -0.361524 0.714655 1.42737 0.988663 -1.86023 -0.0771197 
-0.341289 -0.248734 1.50726 -1.95959 2.12795 -0.478224 -0.396835 -1.26726 -0.00428413 -0.665985 -1.69993 -1.73543 -0.0878664 1.86708 1.66515 -3.09881 2.30863 -0.642103 -2.32723 -1.92536 -1.01668 0.0578144 1.97276 1.35201 -2.18953 0.0547064 1.52845 1.4022 -1.98792 2.36556 -2.06505 -2.7349 -1.77709 -0.122444 0.374601 0.0401109 1.81921 -1.81355 0.136385 
0.0956605 0.356785 0.188948 -0.884923 1.47956 -1.89131 -0.51751 -1.47005 -1.18702 -0.559742 -0.752449 -2.4148 -0.0245275 2.04286 1.6794 -3.59832 3.82924 -3.21057 -3.6906 -0.466132 0.613752 -0.571534 -0.185191 2.85949 -0.477866 -0.357191 2.10427 1.16162 -2.64522 3.12405 -2.31812 -2.11378 -1.50076 0.0998716 0.717192 0.909417 3.38143 -1.58871 0.612506 
0.315797 0.638331 -0.214725 -0.11928 0.757699 -2.72795 -0.753313 -0.763791 -0.449267 -0.77287 -0.152051 -2.11202 -0.363622 1.4816 0.117494 -1.00267 2.69636 -3.04048 -0.762898 -0.0430103 1.13673 0.909032 -0.856585 3.14127 0.134383 0.712331 2.07962 0.61557 -2.77128 3.78194 -3.41944 -1.36053 -0.116787 0.405355 -0.916496 -0.66882 4.40382 -0.371859 0.232899 
0.566169 0.423558 -0.286836 0.412461 0.18208 -2.35226 -0.555443 -0.538482 -0.470475 -1.04058 0.947275 -2.29297 0.568627 1.26658 -0.738616 -0.698235 2.23026 -2.21537 1.69809 0.320777 -0.0987313 -0.662373 -0.617065 2.99308 -0.0124039 0.653753 1.44815 -0.467222 -1.02707 2.57661 -2.84405 0.954998 0.0291322 0.579675 -0.545286 -0.930901 2.8604 1.0754 0.11314 
0.714829 0.255488 -0.544347 0.954728 -0.186774 -1.68528 -0.517371 -0.843535 -0.965515 -1.1203 1.46781 -2.10968 0.181942 0.822498 -0.846069 -0.59493 1.43116 -1.47464 2.1445 0.0898665 -0.396328 -1.64288 -0.264245 0.659284 1.23651 -0.564195 1.08904 -0.758768 -0.628242 1.7289 -2.42803 2.56387 0.303068 0.720284 -1.32534 -0.370695 0.945751 0.773022 0.678532 
0.817577 -0.0157185 -0.566861 1.10351 -0.445482 -1.03684 -0.49334 -0.861829 -1.75594 -1.1915 1.30953 -1.27392 0.124695 0.465775 -0.439442 -0.282219 0.538503 -1.64119 2.02791 0.0869188 1.02093 -1.12228 0.177194 -1.73807 0.994446 0.195116 0.651641 -0.506746 -0.525326 1.17495 -1.80817 2.56872 -0.0978132 0.816951 -1.3383 0.000678291 -0.859929 0.423113 -0.356122 
0.847653 0.0297659 -0.674236 1.21797 -0.885592 -0.441102 -0.457487 -0.00675791 -1.84257 -1.02534 0.538217 -1.2877 0.354896 0.213488 0.0565583 -0.226275 0.449694 -1.40071 1.58856 -0.210228 1.44351 -0.159246 0.275799 -1.80495 -0.704453 0.130738 0.406187 0.026476 -0.348195 0.528407 -1.41578 1.46817 -0.500917 1.2223 -0.537289 0.18286 -0.800665 0.662844 0.0542973 
0.866535 0.0190518 -0.66989 1.32419 -1.04141 -0.061098 -0.657162 0.320859 -1.87748 -1.04162 0.343894 -1.83497 0.245347 0.179429 0.472011 -0.264897 0.306031 -0.613019 0.101465 -0.738265 0.550337 0.39921 0.0558099 0.67119 -0.154093 -0.119909 0.0601241 0.883128 -0.703063 0.411205 -0.365146 -0.119493 -0.0057167 1.15571 1.46845 -1.0871 -0.415568 -0.109144 -0.684446 
0.88529 0.282726 -0.795808 1.36981 -1.14452 -0.373944 -1.01884 0.444806 -1.52599 -0.997995 0.906891 -1.40071 0.271915 -0.119243 1.29673 -0.869956 0.206981 0.809633 -1.77267 0.21118 0.0416597 2.13811 -1.58649 1.25007 0.552033 -0.971112 -0.224798 1.04998 -0.971871 -0.0166654 1.06491 -0.393531 -0.0220658 0.489088 2.63168 -1.39048 -0.389353 -0.241304 -0.668058 
0.804885 0.705141 -1.08196 1.42856 -0.691684 -1.139 -0.50373 0.356035 -0.196711 -1.92901 1.02451 -1.37314 -0.529176 -0.538803 1.13851 -1.24728 -0.335172 2.28569 -0.684897 0.717681 0.0729431 3.14666 -1.73528 -1.19122 -0.168284 -0.700155 -0.451757 1.0847 -1.06848 -0.666205 1.52234 -0.774437 -0.617983 -0.392441 3.44697 -0.659767 -0.614673 -0.452759 0.80748 
0.684168 0.885722 -1.38903 1.21435 -0.163285 -0.787238 -0.48409 0.505589 0.945995 -1.96826 0.271972 -1.52527 -0.282474 -0.601467 0.367323 -0.791707 -1.27724 1.58713 0.634198 -1.01673 -0.558133 2.50603 0.795241 -2.06967 -1.14634 1.9798 -0.599569 1.30298 -0.725885 -1.60848 1.70048 -0.000845058 -0.0931811 -1.06494 3.55408 1.12745 -1.15298 -0.7409 0.606553 
0.582933 0.90312 -1.45646 0.821614 -0.00931344 -0.746357 -1.27472 -0.0997607 1.7727 -1.48981 -0.0837778 -2.29392 1.0937 -0.417235 0.862073 0.115737 -2.24542 0.393076 0.673674 -0.831941 -1.4589 1.64178 3.11649 -0.344067 -0.796572 1.45981 -0.548925 0.894627 -0.564111 -1.93765 0.909359 1.44788 0.0355654 -1.02979 2.21416 2.54365 -1.85339 -1.41949 0.484152 
0.523459 1.34354 -1.32786 0.143413 0.00822684 -0.370471 -1.11596 -0.687548 2.23739 -0.236154 0.0935569 -2.16131 0.917958 -0.273942 1.00369 -0.0895127 -1.83097 -0.160697 1.46562 1.07206 -0.782389 0.477392 2.30743 -0.396827 -0.691173 -1.37184 -0.637199 1.13299 -0.138717 -2.40579 -0.664357 0.696551 -0.331163 -2.62521 0.505209 2.34363 -0.0742087 -1.27224 -0.734275 
0.469858 1.43531 -1.49382 -0.0506958 -0.0747253 0.154275 -0.47318 -0.739125 2.15061 -0.20834 -0.290623 -2.84415 -0.00638024 -0.598714 0.876435 -0.338711 -1.61315 -1.45779 0.331327 0.404202 -1.94438 -0.960498 -0.256957 0.243025 -0.85158 -2.36195 -0.455342 1.40794 0.341736 -2.04829 -0.574131 1.10704 1.28666 -2.00404 -0.921736 2.77369 0.95361 0.760082 -2.3942 
0.302422 1.80889 -1.48487 -0.624511 -0.612128 -0.162872 -0.817217 -2.27808 1.48726 -0.383012 0.231507 -2.84213 -0.986518 -0.452476 1.15871 0.60998 -1.45458 -0.761195 0.137528 0.631264 -1.81777 -1.71836 1.07486 1.66228 1.65658 -1.58756 -0.621255 1.14821 0.0192761 -1.34822 -0.846117 0.949425 1.81089 -1.3728 -2.15694 0.327472 0.61911 0.852488 -2.09242 
0.297434 2.04892 -1.19536 -0.742627 -0.397051 0.243467 -0.00348957 -2.22602 0.805927 0.386607 0.612121 -1.48314 -1.28172 -0.391851 0.885529 0.360212 -0.550289 0.105355 1.04215 1.98965 0.160376 -1.94442 0.665745 0.57771 1.93582 -0.22344 -0.710031 1.25363 0.758174 -1.33533 -0.887001 0.321957 1.63614 -0.389591 -1.74954 0.234023 1.39129 2.94566 -0.296122 
0.150151 2.27903 -1.30632 -0.883063 -0.563714 0.479031 0.675129 -2.14573 -0.0347705 -0.0159376 0.549808 -1.25379 -1.15361 -0.679427 0.76578 0.554874 -0.688186 -0.655962 0.321627 1.53241 1.30498 -0.637744 -0.779666 0.185081 2.11947 1.22847 -0.563257 0.992633 1.25722 -0.63234 0.36703 1.254 3.17109 1.5234 -1.18164 1.34914 0.762297 2.43605 -0.314982 
0.0495658 2.45616 -0.923348 -1.06727 -0.674354 0.445139 1.14463 -1.15673 0.309001 -0.0513918 0.718847 0.254702 -0.269246 -0.506377 0.636584 1.57685 -0.465692 0.462587 0.775149 2.19592 1.8002 0.353326 0.984933 0.433394 1.18487 -0.15903 -0.750175 0.765708 1.17927 -0.862789 -0.167206 0.59461 1.68409 1.5223 -0.864995 -0.232287 0.277708 1.53671 -0.00497598 
-0.0401907 2.61842 -0.543645 -1.10107 -0.362463 0.957798 2.32276 -0.671069 0.245811 0.528919 0.790342 -0.276784 -1.26837 -0.516388 0.406479 1.26158 -0.697173 0.378222 0.53483 0.694418 0.654169 -0.526785 0.508038 0.181755 -0.155332 -1.22672 -0.819748 0.429041 1.28181 -0.724527 -0.361152 0.152021 0.632424 1.50458 0.0142643 0.215478 0.763144 2.34911 0.739993 
-0.144104 2.6747 -0.312041 -1.39621 -0.509197 0.777076 1.66186 -0.620171 -0.100876 0.227841 0.82378 0.140682 -1.25143 -0.800204 0.0166282 0.398268 -0.698051 -1.04734 -0.56362 -1.35438 0.136038 -0.333399 -0.712279 0.578836 1.82402 1.08407 -0.695862 0.0491079 1.04717 -0.531314 -0.125763 0.118091 0.408414 1.40455 0.163246 0.512889 0.242292 0.751459 0.118457 
-0.328208 2.63222 -0.346824 -1.43044 -0.807211 0.618601 1.29757 -0.558638 -0.0123519 0.128454 1.10925 1.22054 -0.373208 -0.592956 -0.339018 0.350464 -0.156878 -0.590359 -0.372743 -0.147957 1.15274 0.747407 0.126135 0.137995 1.10965 1.38145 -0.926598 -0.677524 0.72139 0.0651669 -1.02413 -0.485276 -0.12596 0.527444 0.45003 -0.826802 -0.970996 0.685717 1.22259 
-0.363228 2.50172 -0.138171 -1.46622 -0.758433 0.554501 1.54492 0.324502 0.488867 0.29436 0.905133 1.05645 -0.11467 -0.67649 -1.06943 0.709669 0.800076 -0.586891 -0.153501 1.19695 0.536834 0.940349 -0.282013 -1.87217 -0.954248 0.439089 -0.962635 -0.993229 0.496259 0.713217 -0.358834 -0.659117 -0.113665 1.16072 0.67186 -0.736634 -0.351729 0.958984 1.07481 
-0.5751 2.07564 -0.000495031 -1.04184 -1.05496 0.529979 2.19313 -0.118127 0.728757 -0.032359 0.107389 0.456139 -0.00204294 -0.941112 -1.20051 0.409109 1.29764 0.00927654 -0.597694 0.0067142 0.338909 0.158373 -1.01082 -0.608004 0.111543 -0.0414436 -0.552051 -0.646613 0.435499 0.386951 -0.393694 0.0945104 0.862065 1.26229 1.12589 -0.215823 -0.876595 0.326982 -0.0611334 
-0.698086 1.8763 0.0638554 -0.839169 -0.751124 0.194486 1.54442 0.602997 0.616505 -0.272389 0.584491 1.15969 -0.133904 -0.203896 0.0642847 -0.0441134 -0.182277 -0.0493734 0.281228 -0.0529175 1.08614 0.577063 0.0303982 0.704344 1.36268 -0.506944 -0.869618 -0.838121 0.466472 0.397487 0.354559 -0.402647 0.366411 1.34994 0.9964 0.652589 -0.259608 -0.812115 0.146831 
-0.66489 2.11446 -0.0160661 -1.12402 -1.07275 0.706969 2.14774 0.77203 1.18486 -0.0191638 0.493929 1.5779 -0.399462 -0.444866 -0.0998838 0.304372 -0.662948 0.538925 0.000977131 0.484419 1.39739 1.1846 1.81481 0.260471 -1.16798 0.231335 -0.868376 -0.520216 0.469622 0.285527 0.917363 -0.498349 -2.09187 -0.0741821 0.503714 1.77967 1.64968 0.426716 0.792306 
-0.86798 1.82891 0.215596 -1.15171 -0.517213 0.200248 1.90356 1.74793 1.54923 0.734696 0.731842 0.221294 0.0684758 -1.1801 -0.874562 0.762469 0.637508 1.48848 -1.0174 -2.69409 -1.19113 0.102205 2.14361 1.48655 -0.82599 1.49682 -0.838444 -0.545343 0.106952 -0.18285 0.971514 0.301293 -1.00236 -0.75034 0.126249 2.25401 1.67125 -0.0437667 0.617302 
-1.0792 1.66022 0.355613 -0.81333 -0.432583 0.0905226 0.113952 -0.201917 1.26844 1.17106 1.30198 0.917914 0.831035 -0.89148 -0.749133 -0.147204 0.367437 0.985901 0.428066 -1.79629 -2.3766 -1.01381 0.935793 1.9591 1.09964 0.541647 -1.08177 -0.866377 0.0943888 0.404684 1.76388 -0.54573 -1.25944 -0.0784371 0.286609 2.07764 1.82355 -1.36336 0.726001 
-1.18634 1.44054 0.150531 -0.97045 -0.0920705 0.466953 0.545679 -0.196404 0.757271 1.25218 1.79453 1.12891 0.522962 -0.543641 -0.4694 -0.624741 0.00871444 1.29065 0.212185 1.04359 1.08064 0.284599 0.392598 0.935505 -0.939343 -0.58912 -1.05254 -0.987444 -0.227227 0.499778 1.09875 -0.334775 -2.10837 -0.779823 -0.149125 0.699586 1.76974 0.53394 0.934946 
-1.28192 1.41877 0.0612757 -0.803983 0.122942 0.225329 0.894063 0.683738 1.4951 1.38599 1.81308 0.165649 0.366853 -0.785729 -0.78148 -0.212729 0.431209 0.740341 -0.92588 -0.972454 1.35927 0.813639 -0.0746811 0.391425 -0.425052 0.625016 -0.706599 -0.578168 -0.205224 0.166946 0.836712 0.124502 -0.308288 -0.170844 -1.09719 -0.752796 -0.138992 -1.1041 -0.968648 
-1.46955 1.03518 0.0540052 -0.758626 0.228013 -0.093578 -0.19198 0.917327 1.39897 1.20685 2.01245 0.795322 1.04518 -0.582797 -0.430224 0.298855 0.256448 0.0207887 -0.0407553 -1.4412 -1.31061 -1.76192 -1.29693 -1.12268 -0.49259 -0.603488 -0.611317 -0.721147 0.0340788 0.0968007 0.0383229 -0.161774 -0.671483 -0.0378394 -0.160577 -0.763629 -1.41292 -2.31173 -0.860104 
-1.49767 1.19789 0.210368 -0.675912 0.135176 0.205593 -0.196491 -0.388009 0.116247 0.659887 1.2151 -0.222925 -0.109001 -0.189013 -0.338576 0.257135 -0.27848 -0.692734 0.680157 0.0964311 -1.41727 -1.02924 -0.842821 -2.2723 -2.55989 -1.6831 -0.557407 -0.918079 0.61828 0.286419 0.423118 0.193441 -0.689452 -0.28952 -0.613292 0.231047 -0.491141 0.117688 -0.0116668 
-1.55439 0.862436 0.183067 -0.886915 -0.0650222 0.32715 -0.124936 -0.24173 0.594913 0.733675 0.794967 -1.27619 -0.307781 -0.306117 -0.993448 0.649531 0.200213 0.635939 0.312641 0.541509 0.927202 0.93646 1.58851 0.467318 0.631875 0.59694 -0.373853 -0.493821 0.552678 -0.00619126 -0.316838 0.770547 0.809422 -0.51172 -0.0924536 -0.338574 -0.845253 -1.38917 0.0397703 
-1.62144 0.68121 0.527824 -0.57479 0.410593 0.401775 0.205629 0.372045 0.854305 1.54093 1.47391 0.303902 0.390406 -0.407668 -0.431008 0.58974 0.266127 0.178131 0.432669 0.978254 0.746576 0.905409 0.441995 1.14615 0.761355 1.7403 -0.395706 -0.708585 0.55392 0.208516 0.62124 0.197928 0.481294 0.860329 0.755191 0.85174 0.178615 0.311604 1.17771 
-1.71192 0.641144 0.471817 -0.754205 0.0145284 0.596668 0.605985 0.370469 1.30861 0.976124 1.41958 -0.643958 1.12052 -0.325356 -0.107241 0.199266 0.13158 0.334411 -0.0342176 0.100953 0.176066 0.0815739 -0.542447 -0.232227 -0.243215 0.870595 -0.370321 -0.563244 0.691896 -0.0365357 0.372096 0.419433 0.454105 0.956764 1.25643 0.803003 0.974797 1.32159 0.446205 
-1.75161 0.629955 0.629102 -0.506561 0.557006 0.386034 0.276077 0.517242 0.921694 1.23506 1.35577 0.118339 1.11214 -0.18339 -0.445607 0.472558 -0.327118 0.397832 0.168525 -0.371607 0.481375 0.787846 0.544825 0.147481 0.926149 -1.17937 -0.428168 -0.325281 0.360646 -0.344146 -0.02921 0.219829 0.143775 1.25479 0.717639 0.110792 0.159638 -0.726069 0.660165 
-1.79489 0.412185 0.704306 -0.905803 0.188075 0.704798 0.32067 0.765582 1.93008 1.27585 1.50604 0.122431 0.176806 -0.357798 -0.402501 0.350463 -0.685627 -0.393707 0.344554 0.096916 1.43721 0.885875 0.68785 0.442087 -0.702568 -0.0444904 -0.275398 -0.554609 0.177022 0.489762 0.763636 0.314813 0.130799 0.421091 -0.289595 0.636657 -0.526909 0.943003 -0.0422322 
-1.89256 0.423634 0.802972 -0.829973 0.391905 0.601714 0.343487 1.69477 1.62007 1.61444 1.60098 -0.441174 1.09043 -0.256542 -0.417695 -0.206965 1.10971 0.797927 0.280219 0.552382 0.0539896 -1.17725 0.239794 -0.850395 0.274489 1.13494 -0.369151 -0.573965 -0.0678425 0.00714257 0.0657795 0.310216 0.575286 -0.178914 0.32778 0.374636 0.0860264 -0.304316 0.255346 
-1.90218 0.197884 0.610548 -0.368812 0.532796 0.881172 0.730975 0.810851 1.0099 1.40567 1.05479 0.358319 1.1133 -0.231397 -0.490643 -0.463767 0.694646 0.484777 0.0974916 0.669356 -1.67761 -0.443608 -0.221731 -0.330095 0.299158 0.368873 -0.293366 -0.617807 0.194423 0.511228 0.463531 -0.107076 0.0798912 0.589348 0.0637286 0.57729 -0.282645 0.982956 1.99837 
-1.99149 0.171022 0.58592 -0.491898 0.602649 0.666445 0.841855 0.322609 1.27544 1.4872 1.4301 -0.185204 1.40455 -0.211998 -0.54304 0.499485 -0.29271 -0.077227 -0.446238 -0.438664 0.69892 1.26381 0.472661 0.472233 0.977528 1.3497 -0.126469 -0.428235 -0.11827 0.452343 0.148279 0.494492 0.328967 -1.10712 -0.429241 -0.451335 -1.40499 1.34558 0.309833 
-1.99466 -0.0822462 0.855965 -0.503921 0.503096 0.613693 0.395176 1.38404 2.00477 1.6652 1.31625 1.16653 2.22427 0.028571 -0.177827 0.272433 0.0279676 -0.263112 0.613075 -0.227545 0.237114 -0.133914 -0.316162 -1.54024 1.41919 0.0230385 -0.341339 -0.365242 0.229502 0.132767 -0.342165 0.230588 0.288686 0.147665 -0.232565 0.0893921 0.0378658 0.297 0.578588 
-2.004 0.0826972 0.722326 -0.473324 0.493421 1.04619 0.664996 0.517778 1.17378 1.30737 0.607103 0.982558 1.4377 -0.332918 -0.0283115 -0.152685 0.503088 -0.47747 0.772252 0.827414 -0.517075 -1.57639 -0.353271 -0.424271 -0.607648 -0.6247 -0.183996 -0.477631 -0.140228 0.306022 0.338241 0.0170663 -0.693928 0.451845 -0.649624 -0.495218 0.301776 0.64886 -0.212257 
-2.12735 -0.0920483 0.788267 -0.257648 0.302158 1.09069 1.01254 0.961854 0.771468 1.4647 1.09461 0.684293 1.73119 -0.322985 -0.566797 -0.497745 0.460114 0.785482 -0.598198 -0.678042 0.338015 -0.740488 -0.275073 1.93908 -0.596819 -0.278192 -0.271762 -0.387599 -0.257623 0.459668 0.890423 0.501266 -0.0628001 -0.265934 -1.25337 -0.670522 -0.421671 -1.19262 -0.90437 
-2.13338 -0.20991 0.488961 -0.247647 0.832817 0.685864 0.148983 0.795541 0.596249 1.15042 1.659 0.509133 1.22613 -0.101226 -0.577507 -0.254281 0.231267 1.87393 -0.0518145 -0.901655 0.164166 -0.111329 -0.451054 -0.138728 -0.938119 -0.488243 -0.275632 -0.243782 0.157501 0.492171 0.495979 0.45848 0.367706 0.170536 -0.22496 -0.723516 -0.227311 -0.977196 -0.291978 
-2.18301 -0.39028 0.671792 -0.141645 1.10723 1.0642 0.328178 1.09731 0.687522 1.20973 1.02685 -0.0669753 1.34896 -0.117321 0.182704 0.733132 0.326339 -0.0134165 1.25629 1.17088 -0.126598 0.438155 -0.59367 -2.24367 -0.671912 -0.0757669 0.0138074 0.132237 0.156084 0.681802 0.133362 0.00339209 -0.188962 -0.512882 0.328322 -0.774676 0.0502599 -1.13559 -0.369076 
-2.19439 -0.10889 0.846555 -0.0860801 0.830418 1.4586 1.02492 0.692986 0.943379 0.816022 0.45695 -0.0254229 1.17901 0.121731 0.77313 0.487476 0.859138 -1.67588 0.0467661 0.661228 -0.836361 0.554326 -0.479875 0.203169 -0.534308 0.0387299 0.0723007 0.0355423 0.441757 -0.0341528 -0.281874 0.644173 0.742221 -0.801434 -0.18866 0.0841058 -1.18914 -1.00741 -0.490725 
-2.16455 0.0208236 0.911443 0.275262 0.393571 1.09794 0.820428 0.413766 1.12579 0.938712 1.14332 -0.489511 1.39486 0.230952 -0.136157 -0.0578933 -0.38351 -0.44584 -0.327612 -0.184717 -0.918673 -0.691588 0.706634 0.660309 -0.635678 -0.524514 0.0433092 0.638574 0.319379 0.109003 -0.760747 -0.0852704 -0.38512 -1.74422 -0.271449 0.383153 0.124116 -0.0401319 -1.004 
-2.13963 -0.175331 0.824368 -0.264705 0.643012 1.2636 0.880306 -0.0579364 0.404212 1.20587 0.819761 -0.530481 0.767316 -0.0542564 0.203123 -0.00160258 -0.686851 0.458577 -0.181011 -1.16004 -1.42787 -0.919285 0.956346 -0.0405354 0.470637 -1.27515 0.0277155 -0.17444 0.113637 0.0845708 0.177987 0.152461 0.168033 -0.420441 -0.443779 0.340902 0.289275 -0.536434 -0.389472 
-2.2046 0.132568 0.916282 -0.0487363 0.593107 0.992506 -0.058457 -0.753967 0.407991 1.46765 1.12847 -0.0939436 0.373332 -0.188304 -0.14103 0.225406 0.516637 0.714532 0.539782 0.41454 0.365998 0.0944819 -0.281521 -0.278094 -0.0662357 0.0497238 0.00306319 -0.258598 -0.0893358 -0.26103 0.978531 0.300775 0.467499 0.236594 -0.322179 -0.305254 -0.469216 -0.105835 -1.17322 
-2.22424 -0.244331 0.938196 -0.0119393 0.952054 1.59856 1.18684 0.242733 0.481727 1.04533 0.676897 -0.57197 0.82215 0.0576559 -0.610059 -0.14496 0.266027 1.07736 0.609299 1.78433 1.72469 0.485988 -1.31667 -0.585674 -0.618802 -0.170996 -0.0562148 -0.423958 -0.107959 0.340823 0.235279 -0.0930151 -0.365866 1.45893 0.931862 -0.596894 -0.0800497 0.318263 0.147262 
-2.20744 -0.18276 0.852293 0.0839258 1.05738 1.36994 1.27932 0.658886 0.792648 0.730545 0.819862 -0.585264 0.248846 0.0973283 -0.520846 -0.400786 0.0272265 -0.355149 -0.685313 -0.887991 1.51122 1.16155 -0.433305 0.169286 0.46346 0.140701 0.188096 -0.563376 -0.446426 -0.0569594 -0.0544042 0.506222 1.50456 1.64474 -0.173647 -0.810944 -0.109503 -0.206942 0.929836 