-1.04169 0.127909 0.305053 -0.234156 1.30116 1.06801 1.46812 0.599244 0.61597 1.01322 0.913644 0.489821 0.663845 3.01479 -2.37049 0.452457 0.0873476 -0.298649 -0.139543 0.641645 1.82628 -2.05002 -2.4189 1.17422 1.49449 -0.965453 0.587553 -0.181452 0.293401 -0.36223 0.219443 0.721422 1.53311 0.987703 -0.574324 -1.43312 0.135835 0.129447 -1.38 
0.0136181 -1.05809 0.371524 -0.309177 1.17585 1.16724 1.8615 2.12931 -1.0139 -0.225139 0.839134 0.54752 -0.62825 0.858371 0.0372349 0.409473 -0.927972 0.0402358 1.2878 0.973699 1.6469 -0.357608 -1.32246 -0.153569 -0.833638 -2.04971 0.328607 0.23116 0.736543 -0.0418782 0.128918 -0.179176 -0.0463485 0.307257 0.066637 -0.0840575 0.699131 0.382386 -0.0899934 
-0.696073 0.152083 0.4633 -0.613018 1.31742 1.71963 1.99906 1.87441 0.331662 0.161768 0.835092 -0.0385882 -0.705688 -2.50348 2.7237 0.700468 -0.146697 0.494655 -0.134233 -0.70647 -1.40406 2.14627 2.30614 -0.263271 -0.95266 0.848933 -0.337562 0.336838 0.10746 0.128736 0.0327351 0.396175 -0.1704 -0.107891 -0.192037 0.575523 0.524096 -0.285994 0.00215127 
-1.03274 0.74937 0.640263 -0.365664 1.41283 1.0997 1.47749 1.04096 0.718285 1.26529 0.699315 -0.0569423 -0.0518456 -1.40977 0.474366 -0.240482 1.1283 0.0125086 -0.678062 -1.20463 -1.80611 0.111468 2.14055 0.835169 0.425985 2.05816 -2.04176 1.39543 -0.598328 -0.338058 0.0204507 0.147277 -1.67042 -1.64736 1.35868 1.74842 -0.486937 -0.703718 1.58456 
-1.28958 0.466425 0.374754 -0.143407 1.32021 1.37707 1.34378 0.474597 0.425125 1.54533 1.30873 0.237881 0.682505 -0.766558 -0.625466 -1.63538 -0.363448 -0.460208 0.361761 -1.53298 -0.911302 -0.33985 0.167222 -0.379909 -0.0484025 1.3057 -0.799017 -0.00796292 -0.870745 0.38196 -0.437274 -0.479954 -0.587043 -0.534989 0.810492 1.06018 -0.337132 0.726474 1.31913 
-1.35992 0.333642 0.0220639 -0.511589 1.18601 1.283 0.643411 0.334342 0.448279 1.37527 0.494358 -0.0835995 0.831202 0.122231 -0.479561 -1.12051 -0.542556 -0.659833 -0.0575918 0.415818 1.04871 0.96936 -0.638474 -1.28206 0.60465 -0.263521 0.0323556 -0.847261 -1.25761 0.419119 0.00388378 0.397824 -0.260634 -0.222112 0.150636 0.298062 0.241052 0.639002 0.271933 
-1.24876 0.147549 -0.0479463 -0.363235 0.99642 1.34829 1.57092 1.28636 1.20949 1.13531 0.599942 0.628513 0.512089 0.805273 -0.637688 -0.330699 1.00575 0.469979 0.25051 1.18122 0.592108 0.547278 0.259296 0.69063 0.954777 -0.931353 0.542668 -1.06857 -0.552469 0.0993178 0.0241109 -0.343466 -0.753798 0.66147 -0.227046 -0.89456 -1.19983 -0.865489 -0.533277 
-1.03629 -0.0901992 -0.100738 -0.0925449 1.41101 1.41004 1.28736 0.792384 0.892722 1.54467 0.887271 0.530758 0.212452 0.730562 -1.1153 0.257327 0.698111 0.699732 -0.46847 -1.42791 -0.130386 -1.26184 -0.618121 -0.295239 -1.83552 -0.454213 1.27978 -1.48226 -0.344389 0.444881 -0.304724 -0.206889 1.22212 0.996987 0.90379 -0.293298 0.19448 0.730453 -0.0167663 
-0.956063 -0.593333 0.0525293 -0.0711327 1.33302 1.11172 0.794055 1.1847 0.196961 0.738435 0.442271 -0.540082 0.213656 1.2234 -1.57721 -0.207035 -0.324237 -0.919873 -0.566843 0.452414 0.796135 0.657041 -0.667348 -0.440933 0.08151 0.914149 1.35786 -0.985917 -0.0952246 -0.0424558 -0.456973 -1.25768 -1.84406 -0.954168 -1.09604 -1.25461 -0.518278 -0.143664 0.581998 
-0.539535 -1.1377 -0.176584 -0.22229 0.960913 1.12372 1.53444 1.40848 1.42556 1.11603 0.648233 0.587113 0.832638 1.42268 -0.355675 -0.405349 -0.75834 -1.3764 -1.46147 -1.04403 -1.21411 -0.180858 -1.1466 -0.389007 1.63006 1.2491 1.37069 -0.603767 0.278992 0.0157036 -0.374143 -1.45841 -1.69701 -0.312448 -0.721746 -1.59067 -1.52706 -0.128519 0.715611 
-0.376796 -0.829973 -0.0986178 -0.38 0.661171 0.37297 0.226231 0.243508 0.0549987 0.000482004 0.232233 0.505769 1.0587 0.95031 0.679014 0.644315 0.352529 0.366581 -1.67133 -2.72746 -1.24185 -1.60432 -1.57165 -1.56514 -0.265458 0.0619522 1.42935 -0.0637176 -0.0596475 -0.158994 -0.353102 -0.753287 -0.358659 -0.84577 -0.232642 -0.696039 -0.511481 1.25822 0.889015 
-0.155851 -0.687511 0.070834 -0.0727832 1.13569 0.278835 0.0498869 0.445794 0.137218 0.103743 -0.218648 0.421761 0.88072 0.844605 0.266913 0.312972 0.520735 0.854446 0.306087 0.561022 0.0214336 -0.119029 0.170168 -0.286333 0.155959 -0.037813 0.83461 0.141209 -0.130734 0.210373 0.106176 -0.531781 -1.19814 -1.29862 -1.03822 -1.15931 -1.04121 -0.742587 0.292751 
-0.0368787 -0.653338 0.0229868 -0.161087 1.07292 0.528113 0.532447 0.259461 -0.0371692 0.112363 0.079535 0.609695 1.03981 0.368206 -0.460628 -0.847876 -0.0279441 -0.204448 0.856091 1.1204 -0.585069 0.238146 -0.0585764 0.19569 -0.790821 0.340635 0.577983 -0.432889 -0.399417 0.611663 0.151924 0.436761 1.18517 0.216706 0.129212 0.153453 -0.0745559 0.202497 0.115687 
-0.0131871 -0.993819 -0.248344 -0.0802697 1.0331 0.712128 0.660716 -0.0080996 0.332701 0.0679928 -0.102147 -0.079289 1.11589 0.0645244 -0.908997 -0.936775 0.414628 -0.624173 0.365976 1.02315 0.273969 0.2981 0.0522686 0.183506 0.130327 0.200252 0.384665 -0.535404 -0.325882 -0.0554489 -0.541027 0.416062 0.674357 0.26005 0.615363 0.889786 0.752145 -0.104826 -0.0219488 
-0.0199537 -1.25727 -0.329947 0.0140435 0.766457 0.713544 1.09032 0.471047 0.206598 0.148152 0.189231 0.697243 1.18074 0.232532 -0.335109 0.339088 -0.0520608 -0.597414 -0.215814 -0.220207 0.941178 0.584406 1.32018 0.784727 0.640531 -0.364868 0.340501 -0.13588 -0.462072 -0.224904 -0.00279318 0.222881 -0.0420908 0.542172 0.342849 0.0614427 -0.808373 -0.353772 -0.663003 
0.0733013 -1.21681 -0.116823 -0.0977074 0.739631 0.603334 0.541509 0.720361 0.807045 0.922085 0.343316 0.334271 0.877437 0.465761 0.712076 0.214975 -0.752549 0.623998 -0.0223495 -1.08227 0.477273 0.163745 0.0403156 -1.24787 -0.634264 -1.09393 0.0854536 1.33575 0.366163 -1.03405 -0.586382 -0.207129 -1.05948 0.455401 -0.383646 -0.127298 0.158251 0.994551 0.301257 
0.163103 -0.785139 -0.245552 -0.292434 1.06627 0.702589 0.501667 0.84013 0.342163 0.176226 -0.500461 0.29623 0.452843 -0.109112 2.3439 0.234536 -1.51741 -0.272003 -0.100887 -1.2012 -0.311465 -1.08416 -1.49396 -0.582503 0.770928 0.77899 0.995131 2.40096 0.0112578 -2.20281 -2.63056 0.869713 -1.26294 -1.61785 0.404825 -0.706052 -0.772673 0.886688 -0.590846 
0.018332 0.338538 -0.0250013 -0.719787 0.604225 0.552661 -0.111902 0.478424 -0.0623956 -0.0400536 0.0252155 0.831152 1.40689 1.10883 2.89328 -0.196451 -2.59582 -4.53818 1.35926 -0.611559 -2.7513 0.380133 -1.03088 0.230285 1.8925 0.298117 1.25337 1.93026 -0.50629 -2.12347 -2.73542 0.909722 -0.78707 -1.41037 0.417536 -1.9524 -1.08693 0.492135 -1.06682 
0.612421 1.13488 -0.317379 -1.35949 -1.14138 1.39035 0.169346 -1.2919 0.651996 -0.48704 -0.36464 1.50977 0.65947 2.09566 0.55595 -1.0255 -1.7102 -3.79835 1.49923 0.144553 -1.67197 1.64487 -1.25554 -0.846861 -0.0731895 -2.22036 1.41225 1.26925 -0.283782 -2.18665 -3.4571 0.649269 -0.403509 -0.928017 1.02462 -1.33198 -0.0256487 0.713697 -0.311861 
0.876248 0.707036 -0.411622 -1.42142 -1.24406 1.31121 -0.0324767 -0.817471 1.26599 -0.84832 -0.440523 0.788656 -0.0772092 1.13116 -0.984161 -0.246491 -0.727959 -0.607103 -0.360866 0.0685006 1.44343 0.984123 -0.843037 -0.269028 -0.880011 -0.715551 1.80969 -0.0173441 -0.880128 -1.98945 -2.54593 1.56 0.278758 -0.475069 1.07702 -1.34731 0.19838 -0.217857 -1.90003 
1.07099 0.48105 -0.408206 -1.65582 -1.43955 1.2082 0.207357 -0.174351 1.44825 -1.02908 -0.507673 0.951733 0.185593 0.778366 -0.575206 -0.350176 -1.31342 0.0102381 0.897689 0.225937 0.998493 -0.21126 -0.640012 1.10167 -0.23767 -0.351069 0.961502 -0.975277 -0.369008 -0.834456 -0.0434483 0.668204 -0.626031 0.539847 -0.179364 -1.13708 0.599123 -0.760171 -1.36152 
1.18874 0.32467 -0.54182 -1.95932 -1.24237 1.76554 0.0912667 -0.0446097 1.09955 -1.25933 0.181944 0.64106 -0.306399 0.389777 -0.470866 -0.329749 -0.537723 0.546374 1.38834 -0.909514 -0.695448 -1.21349 -0.75582 1.04894 -0.201246 -1.12551 0.516262 -0.596569 -0.193529 -0.725176 0.0808251 0.647598 -0.080463 -0.0321563 -0.718667 -0.317622 0.498586 -0.131145 -0.403063 
1.22258 0.167945 -0.530648 -1.87366 -1.17744 1.91066 -0.287217 -0.713753 0.47466 -1.51482 0.0853457 0.827411 -0.563503 0.0323036 -0.312205 0.0483983 0.214069 0.114135 0.0981383 -0.33644 -1.05164 -0.73194 0.197633 -0.453495 0.0499916 -0.190059 0.190582 -0.449891 -0.282342 -0.387793 0.391207 0.88578 -0.522952 -0.562721 -0.601785 0.0881739 0.480486 -0.573548 -0.9882 
1.19232 0.116885 -0.520676 -1.86695 -1.19022 1.81552 -0.091236 -0.859946 0.51377 -1.12972 -0.064109 0.677275 -0.427498 -0.0986514 -0.196702 -0.110939 -0.0481211 0.040306 -0.0267537 0.206522 -0.100794 0.424997 0.886129 -0.424481 -0.614899 -0.209221 0.0310449 -0.0519248 0.159679 0.0886386 0.324934 0.385504 0.0519661 -0.399748 -0.641478 -0.129285 -0.336822 -0.162937 -0.347765 
1.17195 0.0368318 -0.570005 -1.88947 -1.16115 1.89748 -0.174046 -0.792488 0.820624 -0.940865 -0.144504 0.438772 -0.697466 0.00431991 0.241119 0.202267 -0.0747672 0.373834 0.495215 0.403258 0.483653 -0.109092 -0.374217 0.00701405 -0.282833 -0.27607 -0.116091 0.175025 0.191606 -0.331068 -0.100455 -0.0194359 0.788426 0.574718 0.140976 -0.213655 -0.621036 -0.0938386 -0.330463 
1.18432 0.276398 -0.441107 -1.89376 -1.01191 2.06631 0.129069 -0.485921 0.429605 -1.36918 -0.0529792 0.500821 -0.606339 -0.0994453 0.465773 0.411541 -0.451385 -0.185945 -0.0017239 0.846408 0.897619 -0.230355 -1.18178 -0.394412 0.480218 -0.233443 -0.0976809 0.367566 0.38419 -0.0401793 0.0431098 0.0883445 0.572227 0.77318 0.460828 -0.566194 -0.532213 -0.210088 -0.326007 
1.12098 0.34547 -0.410973 -2.07168 -1.25475 1.89695 0.287579 -0.0977709 0.638799 -1.70153 -0.357561 0.749894 -0.847691 -0.173047 0.316537 0.399551 0.0180032 -0.305637 -0.358184 0.360183 0.591133 0.727097 -0.418965 -0.709519 -0.0169892 -0.16055 -0.148343 0.603412 0.652799 -0.216073 -0.252415 -0.497641 0.236053 0.715009 -0.24739 -0.769399 -0.904992 -0.0220709 -0.320865 
1.10288 0.485973 -0.286627 -1.88228 -1.16366 1.88551 0.325917 -0.0286331 1.01887 -1.63752 -0.442016 0.494236 -0.707628 -0.150101 0.445375 0.610403 0.126904 -0.186036 -0.76109 -0.533101 0.0956931 -0.0890522 0.101823 -0.796555 -0.512948 -0.196203 -0.277176 0.296704 0.317176 -0.0960662 -0.660762 -0.531515 0.156013 0.311018 0.224597 -0.177581 -0.834468 -0.229435 -0.765478 
1.04904 0.640569 -0.176432 -2.01527 -1.3484 1.5124 -0.00201634 -0.024291 0.570774 -1.63376 -0.795205 0.4264 -0.972915 -0.282021 0.13491 0.0974517 -0.159829 -0.674568 -0.456649 -0.154048 -0.163639 -0.421772 0.174222 -0.389039 -0.310317 -0.872113 -0.258348 0.372038 0.432596 0.253923 -0.154989 -0.428727 -0.333403 -0.229368 -0.102828 -0.0204888 -0.31299 -0.5673 -0.876427 
0.976316 0.574985 -0.246857 -1.94419 -1.4946 1.65492 0.242737 -0.156053 0.682883 -1.52303 -0.652071 0.30022 -1.28661 -0.274931 0.118984 0.0671273 0.263966 -0.0408311 0.104101 0.0839133 -0.425049 -0.0390103 -0.124866 0.381303 -0.294323 -0.986936 -0.2924 0.190629 -0.0603601 0.0247078 -0.409348 -0.632904 -0.0656292 -0.790329 -0.755263 0.212537 -0.834868 -0.281669 -1.23262 
0.925412 0.719008 -0.148177 -1.90231 -1.37151 1.56539 0.0443872 -0.35422 0.543049 -1.71229 -0.575044 0.242604 -1.62898 -0.197333 0.157549 -0.190943 0.201826 0.06884 -0.513877 0.0634069 -0.951384 -0.569867 0.131597 -0.710043 -0.0911914 -0.794119 -0.328222 0.2589 -0.116189 0.813179 0.170066 0.0128726 0.264357 -1.02883 -0.427251 0.68045 -0.596939 -0.159151 -0.713218 
0.884819 0.679023 -0.316593 -1.85687 -1.46445 1.39539 0.277974 -0.893723 0.227632 -1.43604 -1.0414 0.246221 -1.81323 -0.261568 0.275801 -0.247939 0.97811 0.298127 -0.0829653 0.267293 -1.02401 -0.518465 1.09104 -1.16862 0.0668596 0.0251529 -0.359187 0.484828 0.158737 1.04282 0.916335 -0.238297 -0.00303358 -0.629161 -0.359128 1.29167 -1.34131 -0.420167 -0.0645708 
0.807319 0.901542 -0.239554 -1.49467 -1.22999 1.52378 0.190652 -1.14815 0.129195 -1.00608 -1.22048 0.289598 -1.6056 -0.388564 0.575862 0.440136 1.38977 1.30001 0.149314 -0.0702332 0.0620886 0.102561 1.69718 -1.05264 -0.507064 0.71208 -0.485397 0.184601 0.0360711 1.19823 1.08038 -0.234138 -0.126317 -1.24792 -1.04043 1.63891 -1.20352 -0.781128 0.404321 
0.714143 1.06074 -0.146703 -1.27937 -0.836269 1.47125 0.240436 -0.846276 0.313922 -0.338633 -1.62206 -0.0735131 -1.3287 -0.525666 0.00762383 0.305273 0.850027 1.31507 -0.275211 -0.439195 -0.731908 -0.85063 1.22778 -0.413508 -1.17789 0.528753 -0.663123 0.484431 0.344188 1.61009 1.59968 0.00764158 -0.835514 -0.749925 -0.673283 2.75884 0.189897 -0.69879 0.0434261 
0.579876 0.906061 -0.120873 -1.13988 -0.594492 1.38495 -0.0478071 -1.7158 -0.552169 -0.211626 -1.4442 -0.458782 -1.24414 -0.682188 0.156954 0.0991164 1.06524 1.08666 -0.136212 -1.05128 -1.12052 -0.98569 2.20217 1.29633 -0.486998 -0.647646 -0.649612 0.176675 0.0174996 0.959649 1.84005 -0.00573168 -0.508168 0.292802 -1.04527 1.90522 -0.581643 -1.52278 0.606488 
0.421892 1.16438 -0.106301 -0.83578 -0.311719 1.40271 -0.331335 -1.71498 -0.476211 1.08469 -0.89088 -0.380425 -1.75699 -0.523534 0.263921 -0.276987 0.614982 1.42963 0.267778 -0.244001 1.13389 -0.524872 1.46688 -0.353767 -0.986721 0.299347 -0.702092 0.00564144 -0.171091 0.957561 1.41611 -0.222912 -1.36725 0.588578 -1.44584 0.741774 -0.308368 -1.77878 0.0784873 
0.353315 1.08071 -0.22328 -0.88208 0.0966479 1.52072 -0.179971 -0.838046 -0.971182 0.737147 -1.63456 -1.08501 -1.03669 -0.45073 -0.141759 -0.3658 0.396595 1.02658 -0.204727 -0.782217 1.93676 -0.920015 -1.14946 -1.70552 -2.04127 0.759632 -0.542415 0.1469 -0.189663 0.838903 1.73722 0.308642 -0.483036 1.9778 -0.580689 0.110855 -0.541768 -1.3017 1.00518 
0.225476 1.06974 -0.242431 -0.668091 0.183647 1.29953 -0.756589 -0.215256 -1.21345 0.344896 -1.83616 -1.68049 -1.24054 -0.354658 -0.0370039 -0.0187453 0.666248 1.16191 0.207544 -0.405544 1.62805 -0.235697 -1.30456 -0.361258 -0.863821 1.06949 -0.379284 -0.00580954 -0.0424455 0.916788 0.995619 -0.179045 -1.06841 2.04312 -0.809437 -0.59784 -0.257026 -2.14947 2.34546 
0.196678 1.0556 -0.22763 -0.603125 0.657748 1.62603 -0.400105 0.422522 -1.15731 -0.102757 -1.8291 -1.63271 -0.312219 -0.167226 0.139791 0.300328 1.00318 0.460358 -0.0688485 -0.651135 0.916664 -0.14333 0.311612 1.3636 -1.0136 2.427 -0.334285 -0.173524 0.608833 0.418279 0.644092 -0.805736 -1.10619 0.938384 -0.263344 -0.764543 0.835735 -1.097 1.57717 
0.146445 1.16199 -0.125628 -0.25011 0.403977 1.26505 -1.11046 0.494214 -1.32519 0.548064 -1.06741 -2.32389 0.395266 -0.191513 -0.216339 0.971923 -0.0252228 -0.198562 -1.44347 -1.0784 -0.321885 -0.104827 0.231457 1.45121 -0.695925 1.07512 -0.169269 -0.253432 1.33397 -0.365002 0.611229 -1.17275 0.160442 0.089197 0.742124 -0.769376 0.833916 1.35162 1.41605 
0.107591 0.911455 0.144182 -0.609489 0.558016 0.896379 -0.986647 0.172512 -1.23804 0.0486797 -1.01142 -2.07312 0.416032 -0.115703 -0.512901 1.78701 -1.55433 0.45404 -1.73067 0.863201 -0.799846 1.13366 -1.39154 -0.276038 2.9323 -0.500905 -0.0958217 -0.658846 1.60267 -0.790451 0.444242 -1.67411 -0.32551 -0.48138 0.516125 -0.746743 0.0966451 1.24811 0.157466 
0.0887468 0.820984 0.555681 -0.887425 0.621238 0.390163 -0.639691 -0.126063 -0.408502 -0.347974 -1.21436 -0.445931 0.0654868 0.0257516 -0.764415 1.5357 -1.17348 0.864237 -1.12594 0.639782 -0.360433 0.796024 -1.27944 -1.32971 2.46759 -0.856018 -0.138626 -1.12261 1.64546 -1.82785 1.09216 -1.39959 1.42855 -1.24879 0.634069 -1.09167 -1.42685 0.915707 -0.57046 
0.108462 0.403492 0.730064 -1.08965 0.974525 0.327311 -0.637542 -0.107359 -0.593268 -0.775011 -1.74682 -0.492101 -0.152145 -0.118342 -1.16295 0.787532 -1.22333 1.17669 -0.417183 1.04685 -0.957288 -0.286355 -0.143227 -1.59873 -1.63284 -0.267259 0.0645725 -1.01153 1.48706 -0.843102 0.635741 -0.880735 1.1119 -0.87831 1.40606 -0.52099 -1.40068 0.855782 -1.51103 
0.0299559 0.0484719 0.857479 -1.38816 1.18952 0.179531 -0.0689137 -0.868307 -0.635426 -0.438357 -2.1 -1.48502 -0.107439 0.0643571 -0.74495 0.7911 -0.105359 0.0866711 -0.225156 0.846274 -0.877814 1.07311 0.550055 -0.510771 -1.25326 -1.18781 0.00437003 -0.859111 1.43257 -0.471131 -0.0316717 0.0242238 0.724413 -0.86813 0.625963 -0.86337 -0.0461857 -0.054235 -1.66102 
0.125317 -0.0915495 1.03322 -1.12908 1.01334 0.213792 -0.17599 -0.788036 0.274658 -0.417953 -2.02486 -1.28864 -0.943065 0.112412 -0.117964 1.45403 0.510645 -1.21988 0.455749 -0.0796332 -0.266701 1.12294 -1.06935 1.53308 1.55442 -1.98001 -0.195922 -0.513285 1.24288 -0.148804 -0.436731 0.188513 0.454141 -0.495815 0.341703 -0.511815 0.980492 0.0331349 -0.525621 
0.0667088 -0.0303751 1.41235 -1.17341 0.593693 0.410363 -0.11157 -1.07557 0.272624 -1.12646 -1.2366 -0.487499 -1.43018 -0.389805 -0.0176339 1.15377 -0.116736 -0.733187 0.516006 -0.240949 0.17528 -0.612785 -1.26649 1.7904 1.29895 0.480464 0.444603 -0.571436 -0.100806 0.805091 -1.04046 -0.568135 -0.120471 0.780614 -0.451749 -0.231045 2.45148 1.51699 -0.950057 
-0.0458723 -0.103797 1.47408 -1.17321 0.653921 0.475096 -0.306492 -0.652902 -0.215157 -1.23329 -1.01775 -0.454361 -0.614024 0.583942 -0.731778 -1.61078 0.719122 -0.325887 -1.32681 -0.0844413 1.3519 -1.71284 0.749155 1.67402 0.599207 0.697002 0.743905 0.1562 -1.63693 1.08547 -0.213914 -1.11988 -0.189769 0.803506 -1.70849 -0.312606 1.61066 1.08505 1.72707 
0.298699 -0.516673 0.803493 -0.872638 0.432114 -0.260291 -0.156845 -0.0289294 -1.10312 -0.6409 -0.294489 -0.100345 -0.955769 1.56362 0.25849 -3.71314 1.77325 0.418552 -2.23434 -0.0159135 0.941981 -1.64056 0.831194 0.314956 0.241062 1.86746 1.34918 -0.189988 -3.61648 2.15728 -0.638447 -1.25223 -1.66268 1.59412 -1.39324 1.0149 0.620521 0.743921 2.64816 
0.591754 0.067246 0.0669388 -0.437474 0.853944 -0.654517 -0.31445 0.0761802 -1.53269 -0.694783 -0.834645 -0.296056 0.646143 1.55545 0.453759 -4.04476 2.56872 -0.62108 -0.594753 -2.14464 0.872681 -0.123246 0.689017 -0.866067 0.456213 2.90017 1.83787 -0.232479 -3.83663 2.31556 -1.52289 -1.45294 -1.41383 1.59037 -0.868518 0.786034 0.307046 0.20528 0.485868 
0.93294 -0.21601 -0.729563 0.191327 0.127149 -0.560724 -1.32401 0.646468 -1.19868 -0.194157 -0.770953 0.195439 0.997686 1.35535 -0.600195 -2.28672 1.7555 -2.68287 0.00456839 -1.87995 1.27734 0.499016 0.283986 0.0822389 0.0491778 -1.20295 1.56391 -0.00504148 -2.48846 1.83069 -1.73261 -0.280174 -1.57021 1.48971 -0.195352 0.121992 -0.286602 -0.610597 0.963801 
1.14315 -0.331707 -0.798579 0.290936 -0.452512 -0.651858 -1.33748 1.06506 -1.12712 -0.509445 -0.781504 -0.260361 -0.154937 0.92649 -0.454575 0.153526 0.22204 -1.95562 0.165883 0.0393861 1.20565 -0.127283 -0.510981 0.485391 -1.32499 -1.58745 1.38223 -0.743556 -1.25608 1.19462 -2.54031 0.322989 -0.90909 1.52853 0.150715 0.55811 0.557197 -0.219105 -0.379326 
1.30676 -0.5183 -0.668501 0.28699 -0.826054 -0.476485 -1.30186 1.57981 -1.2975 -0.521886 -0.492662 -0.646936 -0.0615236 0.836765 -0.507524 0.323028 0.0671463 -1.09688 0.492785 0.659927 0.855372 -0.291484 0.509531 0.642734 -0.361809 0.694014 0.871195 -0.657503 -0.197514 0.0667985 -1.89291 0.115994 0.402721 0.785753 -0.223094 -0.167923 0.318718 -0.567301 -1.04858 
1.47982 -0.669145 -0.673157 0.322686 -0.988591 -0.402298 -0.977407 1.72705 -1.35817 -0.178541 -0.41534 -0.48728 0.317466 0.450389 -0.524165 -0.461537 -0.11598 -0.859837 0.0136062 0.497088 -0.113256 -0.159966 0.279868 -0.0729024 0.517718 0.170826 0.614228 -0.456203 0.0616223 0.206492 -0.88645 0.446536 0.85527 0.462679 0.0389163 0.251583 0.863782 0.124087 0.132826 
1.48345 -0.866784 -0.840983 0.243177 -1.24699 -0.469256 -1.03046 1.49142 -1.42263 -0.339205 -0.526163 -0.311851 0.0596492 0.130185 -0.169505 -0.22573 0.251533 -0.219482 0.194289 0.482505 -0.215465 0.351038 -0.148607 0.483965 0.536708 -0.508329 0.168276 -0.310602 -0.720703 0.380938 -0.956659 -0.0890293 0.395834 -0.597837 0.195864 -0.0231457 0.470491 0.014686 0.0133804 
1.52393 -0.782205 -0.756101 0.430519 -1.09848 -0.303693 -0.713947 1.55948 -1.07177 -0.272396 -0.137845 -0.140061 -0.0172972 -0.194847 0.0653668 -0.664781 0.700172 -0.5611 -0.148952 0.0301652 -0.732168 0.427259 -0.306661 0.684262 -0.498233 -0.147143 -0.243069 0.1688 -0.752695 1.13392 -0.557267 -0.289896 0.410028 -1.18235 1.08778 -0.199105 0.584669 -0.302751 -0.322626 
1.39299 -0.823936 -1.09064 0.53613 -1.52282 -0.544237 -1.01332 0.923574 -1.07485 -0.535068 -0.136807 -0.625942 -0.0326395 -0.530843 0.429246 -0.950626 1.47873 -0.606569 -0.638088 0.063754 -1.44861 1.09681 -0.126512 0.277006 -0.968165 0.0762952 -0.332166 0.330616 -0.75997 0.978966 -0.104117 -0.320622 0.602743 -1.43267 0.810133 0.229491 0.683635 -0.342872 0.091778 
1.29434 -0.497814 -1.11429 1.04473 -1.3964 -0.626041 -0.678522 0.436616 -0.184757 -0.351991 0.0240685 -0.754432 0.0404143 -0.347944 0.436907 -0.522953 0.794239 0.410006 -0.342029 0.774137 -1.2825 0.653094 0.636408 0.206385 0.00977988 0.277155 -0.574117 0.54951 -0.978111 0.813859 -0.0989284 -0.59384 0.684044 -1.11896 0.115252 -0.486411 -0.0591189 -0.970873 -0.264631 
1.23913 -0.534459 -1.28644 0.867898 -1.32695 -0.716861 -0.591054 -0.0706023 -0.545187 -0.122278 -0.0143335 -0.615422 0.159915 -0.397921 0.401113 -0.578297 -0.235618 0.463204 -0.272451 0.849409 -0.126688 -0.936221 -0.554075 -0.359606 -0.412411 -0.429672 -0.614985 0.922133 -0.450408 0.371091 0.782727 -0.60561 1.41134 -0.210778 0.368126 -0.898341 -0.100505 -0.164442 -0.667626 
1.11979 -0.232096 -1.33111 0.951547 -1.17469 -0.763478 -0.215262 0.337822 -0.935052 -0.707533 -0.16955 -1.01368 -0.241544 -0.646015 0.951947 -0.180602 -0.225036 0.759834 -0.586584 1.11286 0.979176 -0.157792 -1.89834 -0.343214 -0.244758 -1.1771 -0.593578 0.999697 -0.410756 -0.694323 0.567252 -0.952428 0.560746 0.0914391 -0.236083 -0.925737 -0.142559 -0.0120689 -1.16546 
0.961855 0.0969031 -1.35225 0.779086 -0.961155 -1.01316 0.0156711 0.687294 -0.668573 -1.3454 -0.198798 -0.767547 -0.623815 -0.561888 1.104 -0.0632402 -0.816776 0.385692 -1.18874 -0.101341 0.246646 0.631779 -0.746521 0.167672 0.393889 -1.14547 -0.718818 1.54037 -0.108373 -0.00144989 0.730934 -1.05511 0.0387358 0.794086 0.278428 -1.23569 -0.0467177 0.242287 -0.378214 
0.87735 0.500195 -1.35236 0.618568 -0.990628 -1.3643 -0.26974 0.528242 -0.422555 -1.18728 -0.0686968 -0.757724 -1.00404 -0.513585 1.36353 0.0120149 0.227219 0.332862 -1.03229 -1.06376 0.12489 0.534368 0.160321 0.276864 0.587569 0.669677 -0.579801 1.32706 -0.0992874 -0.707057 0.971968 -1.51787 -0.826998 0.00793231 0.798705 -0.348376 -0.400986 0.841315 0.181656 
0.739414 1.00147 -1.34492 0.876887 -0.802754 -1.53487 -0.562899 0.783393 -0.234526 -1.23988 -0.0369633 -0.387829 -0.167749 -0.375944 0.891779 -0.0911368 -0.254999 1.06602 -1.14075 -1.00876 -0.243646 0.433447 0.26074 -0.698227 0.799886 1.39738 -0.364319 1.36753 -0.22796 -0.278145 0.868053 -0.954519 -1.08433 -0.158052 1.62817 0.6013 -0.63388 -0.103229 1.29813 
0.7119 1.09162 -1.38419 0.517393 -0.476106 -1.94086 -0.818361 0.338843 -0.069786 -1.01694 -0.451427 -0.242339 -0.0594439 -0.0804983 0.692902 -0.367646 -0.646175 0.964072 -0.432109 -0.390906 -0.354363 1.62876 0.694149 -1.11259 -0.735591 1.09647 -0.195036 0.732234 -0.271108 -1.0969 1.47842 -0.641535 -0.160599 -0.148802 1.36852 0.290032 -1.36852 -0.973097 1.61158 
0.696292 1.46088 -1.48175 0.614302 -0.337752 -1.75305 -0.775061 0.508223 1.08089 -0.789822 -0.651103 -0.853588 0.574836 0.0519106 0.212449 -0.331981 -1.41013 1.14004 0.156966 0.79096 0.0271282 1.386 0.154446 -1.10011 -2.18362 0.793902 0.151162 0.113995 0.00402106 -1.74969 1.28433 -0.0281291 1.54435 -1.01643 2.05651 1.2152 -1.51622 -1.5649 0.324255 
0.723602 1.2321 -1.50748 -0.0604191 0.0743692 -1.86113 -0.386931 0.359207 1.05012 -0.91521 -1.0586 -1.63337 0.480017 0.308739 -0.515304 0.374851 -2.01252 0.952901 0.390282 2.456 -1.07734 1.10132 1.02671 -0.879283 -1.48885 -0.651159 0.314894 -0.123284 -0.00424601 -1.73527 0.732621 1.14321 1.8342 -1.44038 0.574874 1.11456 -2.07752 -2.16974 -1.17693 
0.814334 1.11828 -1.33665 -0.212071 0.121824 -1.55533 0.563079 -0.327019 1.97153 -0.125136 -1.13495 -1.80067 0.144187 0.437525 -0.39049 0.326256 -1.22663 -0.0448271 1.59993 1.66225 -2.05259 -0.617043 1.42438 -1.62725 -0.90004 -2.38461 0.469012 -0.299542 0.186308 -2.06384 -0.0388793 2.42645 2.09586 -1.34224 -0.406804 1.72135 -1.76497 -0.451029 -2.43026 
0.894967 0.972348 -1.38083 -0.562513 0.0493117 -1.05166 0.518965 -1.23155 0.55688 0.00613232 -1.96016 -2.20421 -1.11434 0.426554 0.0730837 -0.0825345 -1.12434 -1.00682 3.33716 0.347573 -0.810683 -1.63173 1.40846 -1.43853 0.846749 -2.63941 0.336011 -0.279073 0.335726 -1.35804 -1.36857 3.59985 0.974828 -0.786912 -1.02718 1.81679 -2.12269 0.578006 -2.58257 
0.981157 1.16625 -1.36522 -0.671958 -0.370512 0.132704 0.753061 -0.955691 0.661106 0.785929 -1.93112 -1.25534 -1.62123 0.0855983 -0.0210507 0.199761 -0.835975 -1.98964 3.92941 -0.359729 0.942354 -0.734512 1.14548 -1.1593 1.71977 -1.11253 0.350076 -0.07005 0.526019 -1.29799 -1.76773 3.84265 -0.460261 -0.166889 -1.63713 1.27585 -0.292228 1.4587 -1.79335 
0.920618 0.957832 -1.30222 -0.903414 -0.920415 0.935885 0.323781 -0.502175 -0.0309673 0.747473 -2.60039 -1.10103 -1.85472 0.119006 -0.171337 0.906184 -0.846864 -1.62219 2.56503 -0.966622 0.568833 -0.527158 0.397995 1.05048 1.22408 0.212672 0.0575681 0.0261952 0.282855 -0.751152 -1.90665 3.65193 0.16821 1.01022 -0.224293 0.945733 1.01383 2.26553 -0.77767 
1.02064 1.05197 -1.01837 -1.01735 -1.16175 1.43025 0.227388 -0.515678 0.240251 1.04485 -1.33724 -0.468901 -1.47196 -0.00666356 0.0670524 0.243562 -0.302915 -0.846296 1.6799 0.582196 0.464429 0.445676 0.195081 2.48261 1.49722 0.0633297 -0.10582 -0.213168 0.822709 -0.880731 -0.976207 1.71869 -0.411726 0.235716 -0.688638 -0.32339 1.1934 1.4242 0.362249 
0.908068 1.0018 -1.20697 -1.02436 -1.33478 1.7858 0.641527 -0.143043 0.331651 0.875432 -1.2067 -0.140062 -1.80571 -0.300717 -0.141425 0.381512 -0.489248 0.172138 0.0755767 0.412561 -0.246806 -0.376294 -0.848515 0.508122 0.797734 0.284173 -0.210777 0.205049 0.419918 -0.0661878 -0.753104 0.742759 -0.282981 0.271359 -0.37184 0.309826 1.74988 1.82593 0.0184574 
0.886337 0.957552 -0.870742 -1.21518 -1.08142 1.46882 0.452759 -0.707525 -0.0591057 0.499276 -1.04625 0.0451095 -1.2747 -0.34248 0.24702 0.414138 0.206565 -0.271451 -0.537945 -0.963869 -0.0924802 -0.929808 0.24804 -0.194835 1.09528 -0.0327606 -0.392717 -0.368049 0.33521 0.0785996 0.594742 0.226391 0.562796 0.564319 0.820085 0.844749 0.919026 0.543444 0.068113 
0.756472 1.16523 -1.04695 -0.935083 -1.46991 1.5141 0.117354 -0.215337 -0.413479 1.03757 -1.3083 0.564072 -1.82121 -0.338669 -0.403475 0.143699 0.61327 0.717704 0.27344 0.338253 1.02907 1.46982 2.04656 0.690964 -0.0271073 -0.186257 -0.252377 -0.130559 0.77494 1.01721 0.779523 -0.196587 -1.13734 0.25333 0.307303 1.23369 -0.340309 0.123737 0.566106 
0.73632 0.689182 -0.813412 -0.95809 -0.736091 1.60745 0.637665 0.0890203 1.12831 1.82217 -0.653153 0.0320595 -1.39324 -0.0730263 -0.435965 0.798843 1.34606 1.43652 0.237431 -0.561781 0.439177 1.3446 1.49891 -0.256214 -0.920875 0.806091 -0.507672 -0.358395 0.285742 1.29304 0.938046 -0.0536975 -1.24491 0.417629 0.498635 1.09093 -1.251 0.11773 0.438198 
0.716445 0.875292 -0.740857 -0.37562 -0.775424 1.63452 -0.187859 0.124234 0.673092 2.00701 -1.44417 -0.0200806 -1.27357 -0.484099 -0.126956 0.304139 1.35918 0.683482 -0.35453 -2.00794 -0.452255 -0.801772 -0.501083 -2.33531 0.192974 0.78611 -1.54108 0.187692 0.939322 0.438958 2.02014 -0.723711 0.668282 -0.252716 0.338191 0.149317 0.506852 -1.45973 1.79463 
0.526087 0.604366 -0.695161 -0.393214 -0.407382 1.4285 -0.455062 -0.261985 0.486291 1.50083 -1.95016 0.159638 -0.859016 -2.39829 0.724022 0.671244 -0.673558 1.57642 -1.3474 1.45384 -0.801234 -0.888924 -1.28231 0.915219 -1.15416 1.63345 -1.84718 1.21318 0.607909 0.725991 0.785677 -1.44949 -0.388073 0.103557 -1.05771 -0.498896 0.689172 -0.69402 1.14871 
-0.286357 1.35536 -0.483214 -0.649504 -0.0129804 0.953454 0.604547 -0.497118 -0.0391119 1.18147 -0.925835 -0.753297 -0.170498 -2.47553 1.95203 0.647593 -0.249802 0.490754 -1.86996 1.48555 0.589185 -0.590187 -0.197123 3.23321 -1.18026 0.77739 -2.06799 0.708988 0.204105 -0.341004 1.2526 -1.91577 0.307032 0.422459 -0.613238 -0.854829 2.39357 -0.356096 0.494624 
-0.508696 1.89959 -0.446498 -0.492245 -0.172288 0.483166 0.35461 0.193794 0.0146756 1.37566 -0.137272 -0.590257 -0.330639 -0.913593 0.345365 -0.351093 0.158928 0.293281 -1.59311 -1.04549 1.38481 0.085272 0.0817818 2.21599 0.64692 -0.957069 -1.58127 0.628368 -0.04127 0.143423 0.945625 -2.26945 1.99386 1.41249 0.186261 -0.392368 1.5263 -0.667233 0.0177834 
-0.674421 1.58407 -0.613759 -0.579882 0.126194 0.148129 0.0359255 0.575014 0.0332543 1.23631 0.318955 -0.335655 -0.806512 -0.0599069 -1.00348 -0.711226 0.472487 0.921721 -1.61367 1.18145 1.381 0.844769 -0.350743 -1.2384 0.231028 -0.747736 0.189673 -1.09545 -1.18153 0.79967 0.442312 -2.51099 1.12009 1.94212 1.65006 -0.841732 0.453518 0.568856 -1.37359 
-0.543292 1.23293 -0.713789 -0.293241 0.272143 -0.332555 0.998684 1.26298 0.698704 1.15135 -0.821677 -0.438363 -0.826122 1.20327 -1.98052 -1.496 1.06259 0.36952 -2.26143 2.54252 1.32716 2.10682 -1.26382 -1.62687 0.159807 -0.900367 0.495179 -1.97706 -0.919353 0.612349 -0.0459807 -2.18265 1.21749 2.02547 1.69579 -0.587032 -0.193539 -0.596553 -1.75944 
-0.186 0.268854 -1.17903 -0.137386 0.3024 -0.99518 1.42118 1.60249 1.73368 0.4227 -0.5824 -0.22927 -1.40446 0.836944 -1.95304 -0.725795 0.46392 -0.986222 -1.73667 0.445988 1.44771 1.40786 -0.471847 0.979669 -1.07985 -1.63302 1.18411 -1.91884 -0.212506 1.78251 -0.784298 -0.978197 1.79602 1.48406 1.96421 0.0458086 0.118153 -0.106871 -0.567512 
-0.206546 -0.064044 -0.986612 -0.0977713 -0.210185 -1.21048 1.24226 2.38384 1.83622 0.848875 -0.267343 -1.1241 -1.91592 0.672781 -0.888737 1.16454 1.65484 -1.53373 0.760665 -0.140432 0.743255 0.501095 1.33434 1.77656 -0.313002 0.1362 1.9767 -1.87568 -0.211118 1.70968 -1.8874 -0.12534 -0.69087 0.675766 0.366898 -0.457393 1.5307 -0.109166 0.0782694 
0.0827739 -0.321634 -0.734083 0.549486 -0.445873 -0.610146 1.34542 2.17762 2.14093 1.28593 0.416975 -0.425002 -1.30653 2.3035 -0.851536 0.396507 2.14266 -1.82103 1.54557 -1.37382 -0.509361 -0.914186 -0.167788 1.0209 0.923398 1.74471 2.095 -1.22029 -0.102509 1.07017 -2.72297 0.999641 -1.52584 -0.38228 -1.37062 -0.429854 1.67772 -0.29615 1.26958 
0.737424 -0.629837 -0.833288 0.79039 -1.09801 -0.428506 0.494844 1.9886 1.10367 0.742641 0.310019 -0.529793 -0.738157 2.65638 -0.933522 -1.32395 -0.0216136 -2.51809 0.775764 -1.90542 -1.28678 -2.30723 -1.93511 0.416663 -0.109079 1.59123 2.37351 -0.760792 -0.33906 0.71094 -2.11336 1.17723 -1.21606 -1.6128 -1.8767 -1.2598 1.27117 0.369923 2.42607 
1.17285 -0.94185 -1.23403 0.544612 -1.67229 -0.217476 0.308515 1.18013 0.286489 0.0390769 0.656883 -0.49043 -0.231802 1.46997 -0.282017 -0.925907 -1.05619 -1.32279 0.263566 -0.257235 -1.7576 -1.56182 -1.60426 0.639599 -0.399271 1.55124 2.11523 -0.587875 -0.386724 -0.0316047 -1.70721 0.765557 -1.63888 -1.61215 -2.59686 -1.82906 0.29924 -0.362369 1.74996 
1.33627 -0.817583 -1.1821 0.358621 -1.74382 -0.294866 0.355472 0.626371 -0.150446 -0.290688 0.674432 -0.78065 0.309727 0.705056 0.0591417 0.720003 -0.0220994 -0.0207681 0.401201 -0.291787 -0.979269 -1.12198 -0.640324 -0.0296972 -0.407071 0.787732 1.13493 -0.251695 -0.0214348 -0.546655 -0.864231 0.317371 -0.416216 -1.68801 -1.44703 -1.26897 0.094595 -0.392531 1.45948 
1.45499 -0.903134 -0.957873 0.539537 -1.68566 -0.0142306 0.150328 0.42086 -0.61341 -0.37213 0.647511 -0.74627 0.303517 0.327637 -0.0884905 0.893297 0.228555 0.0395201 0.22516 -0.302838 -0.614697 -0.345461 -0.18072 -0.520784 -0.159726 0.433745 0.431155 0.149525 0.746077 -0.0356709 -0.116931 -0.27694 -0.140513 -1.05425 -0.683077 -0.743105 -0.53509 -0.154596 1.34483 
1.46214 -0.876866 -0.840137 0.456972 -1.72791 -0.180649 0.191268 0.149525 -0.424972 -0.405269 0.3908 -0.878441 0.607405 -0.030154 0.171709 0.447834 -0.0278026 -0.149412 -0.825105 0.100878 -0.505395 0.225893 -0.402528 -0.676578 0.186079 1.04176 0.0770279 -0.0171492 0.541388 0.035451 -0.391394 -0.433908 -0.743108 -0.704456 -0.534335 -0.356602 -0.961669 -0.703368 0.00210724 
1.43271 -0.789695 -0.785061 0.532109 -1.76152 -0.431158 0.205969 0.0286886 -0.427794 -0.629865 0.276871 -0.623098 1.00937 -0.217659 0.0695267 -0.0456086 -0.170207 -0.618507 -0.890106 -0.69494 -0.380055 -0.353753 -0.31667 -0.744447 -0.840839 -0.425351 -0.290999 0.225568 0.527851 0.481084 -0.0628795 -0.576534 -0.426465 -0.286171 0.466023 -0.155831 -1.24417 -0.995285 0.0117992 
1.36223 -0.831256 -0.854688 0.390785 -2.03163 -0.630449 -0.186458 -0.145547 -0.706175 -0.607591 -0.0177429 -1.41145 0.328347 -0.446965 0.173117 0.378681 0.76442 0.0597402 -0.0588575 -0.674674 0.0964825 0.398988 0.18848 -0.958827 -1.60133 -1.02022 -0.425533 0.266998 0.332417 0.780001 -0.042515 -0.592499 -0.774313 0.136987 0.531307 0.529997 -0.4354 -0.764911 -0.955338 
1.23786 -0.675323 -0.638506 0.851572 -1.73578 -0.460576 -0.160721 0.10278 -0.102776 -0.506165 -0.251398 -1.64205 0.330961 -0.474076 0.337396 0.56645 1.36179 0.559168 -0.0183743 -0.344622 0.563806 1.06505 1.07051 0.168797 -0.247152 -0.864814 -0.505572 0.30319 0.802371 1.37395 0.331974 -0.273697 -0.799984 -0.235975 -0.237766 0.507072 -0.094782 -0.820057 -1.0153 
1.15614 -0.607835 -0.636836 0.956737 -1.7633 -0.639393 -0.373416 0.29057 0.155253 0.0853675 0.0837386 -1.56511 -0.245734 -0.372453 0.288051 0.877205 1.33117 0.438715 -0.360066 -0.39926 -0.435092 -0.705658 0.533008 0.829497 0.435004 -0.351271 -0.566235 0.429369 1.15086 1.67062 0.812011 0.0972831 -0.0823688 -0.191084 -0.329143 0.37598 0.894867 0.571958 -0.268042 
1.07385 -0.484656 -0.302658 1.40489 -1.52597 -0.642322 -0.377432 -0.234929 -0.667386 -0.160109 0.219069 -1.35982 0.101636 -0.442115 0.312892 1.2345 1.18534 0.654291 0.169132 0.231567 -0.839543 -1.49266 -0.53403 0.998633 1.05829 0.506811 -0.537535 0.232438 1.02934 0.697832 0.518531 -0.407818 0.0753809 -0.379619 -0.804857 0.0956254 1.42186 0.780976 -0.568666 
0.963295 -0.400679 -0.165322 1.44988 -1.44877 -0.553512 -0.246607 -0.360459 -1.04317 -0.257237 0.648663 -0.884609 0.100995 -0.497955 0.0670721 0.733673 -0.264653 0.337613 -0.264816 0.49743 -0.104702 -0.351626 -0.392183 1.02846 0.673055 -0.414461 -0.656297 0.442194 1.14976 0.697484 0.837872 -0.365769 0.514946 -1.15489 -0.503183 -0.511123 1.28162 0.755268 0.139483 
0.857883 -0.440676 -0.0213109 1.29973 -1.36526 -0.775897 -0.105846 -0.316691 -0.946876 -0.411167 0.800653 -0.925479 -0.170111 -0.617749 0.356618 0.56473 -0.119355 0.597688 -0.729443 0.455176 -0.786074 0.834681 -0.181433 0.675572 0.0132543 -0.312098 -0.986093 0.621184 0.795585 -0.0557375 1.11645 -0.932697 0.468331 -0.660573 -0.270826 0.0374401 0.777154 0.761335 -0.299599 
0.697725 -0.164497 0.0518768 1.40468 -1.16173 -0.92206 0.00196994 -0.970066 -0.367268 -0.372278 1.03317 -0.871868 -0.102032 -1.08802 0.870712 0.5116 0.184209 1.32931 -1.16608 0.126897 -0.828588 0.00119723 0.450893 -0.0152759 0.407103 0.0136581 -1.6182 1.00891 0.867475 -1.07647 1.34874 -0.659773 0.981946 0.227527 0.384869 0.957654 0.149853 -0.280814 -0.559214 
0.397598 0.136762 0.175714 1.37979 -0.722848 -1.36526 -0.0360354 -0.959234 -0.942219 -0.118108 0.799334 -0.661076 -0.154449 -1.97659 1.1623 0.792984 -1.51468 1.41522 -0.282343 0.856876 1.09663 -0.317217 1.53881 -0.484351 -0.413549 -0.440813 -1.9734 0.882631 0.508859 -0.978494 0.83401 -0.498497 0.3492 -0.504146 -0.469091 1.06408 -0.623486 -0.529723 0.59396 
-0.130474 0.606494 0.355745 0.783727 -0.477592 -1.0645 0.469295 -0.121178 -0.619047 0.622921 0.76988 -1.13185 -0.39147 -2.07296 0.458936 0.285211 -1.66912 -0.0830816 0.401947 0.337915 0.114386 -0.614053 1.05668 -0.806827 -1.16099 0.79745 -2.23017 0.639053 0.0654175 -1.11139 0.38774 0.150166 0.501051 0.912971 -0.644385 2.0491 0.374727 0.525831 0.805984 
-0.470502 0.440862 0.286778 0.695107 -0.766488 -1.16164 0.148686 -0.871273 -1.43305 0.565923 0.355953 -1.39866 0.387393 -1.594 -0.197727 -0.68975 -0.172513 -0.833699 0.514308 -0.188737 0.173941 -0.527662 1.35889 0.970229 1.15916 1.53949 -1.96227 0.268781 -0.569656 -1.08688 -0.209449 0.439868 0.279816 0.580777 -0.386315 1.53646 0.154667 -0.33801 0.707619 
-0.80026 0.4747 0.0966092 0.716588 -0.885835 -0.804054 0.367225 0.0129189 -1.04031 1.502 1.31894 -0.386895 0.648521 -1.07027 -0.0493403 -1.17528 0.0192401 -0.224902 0.274887 0.0339914 0.690925 0.110761 1.11755 1.00436 0.679445 0.167811 -1.22873 0.0306217 -0.282825 -0.345097 -1.05652 -0.195245 -0.092382 -0.174358 -0.778825 1.21938 0.610877 0.441478 1.69967 
-0.923438 0.407567 -0.156718 0.707089 -0.879014 -1.02227 0.167905 -0.336678 -1.34016 1.28924 0.924074 -0.960233 0.506542 -0.379037 0.250364 0.248306 -0.348346 -0.735986 -0.812759 0.0622745 -0.426252 -0.495164 0.367858 -0.174919 -0.53338 0.771271 -0.408293 -0.882995 0.823209 -0.56359 1.51869 -0.330781 -0.111633 0.89197 0.0760927 0.559259 0.824387 1.92573 0.281775 
-0.966991 0.640349 0.19366 0.576895 -1.24661 -1.21474 0.401845 -0.317942 -1.4354 1.74147 1.22847 -0.723445 1.17279 0.406035 -1.26737 2.46376 -0.872654 2.49095 -0.78147 -0.186232 0.550234 -0.00199951 -0.322411 0.0707222 2.05482 0.219889 1.71029 -1.68538 1.12473 -1.11653 2.86934 -0.394384 -0.733886 0.88588 0.443196 -0.268831 -0.471371 1.5003 -0.601468 
-0.765111 -0.43426 0.781556 0.351054 0.32765 -1.41713 0.0671989 0.0889254 -1.33808 1.08321 0.970783 0.357037 0.660652 3.09449 -2.76971 1.51177 -1.34667 5.01379 0.208508 -1.04771 1.65888 1.08983 -0.741379 -0.447865 2.66329 -1.58149 1.812 -2.08529 1.85108 -1.16503 2.61517 0.133823 -0.543856 0.94968 -0.102575 -0.471578 1.01972 2.99042 -0.172198 
0.30449 -1.19873 0.770455 0.0252696 1.18549 -1.10894 -0.167982 0.966511 -0.554007 1.26504 0.985558 0.982625 0.117583 2.47167 -1.85137 0.432392 -0.896166 1.40827 0.988337 -0.54475 0.771753 -0.125727 -0.337242 1.26031 2.19192 -0.447901 1.35226 -2.09696 0.878285 -0.685985 2.87928 0.405542 -0.971179 0.853398 1.46172 -0.589864 -0.39886 2.83846 -0.946657 
0.248493 -1.66374 0.948505 -0.0146837 1.00842 -0.916961 -0.22874 0.686136 -1.43564 0.867613 1.68185 1.76191 0.366456 -0.950195 -0.366515 -0.137145 0.306963 -0.721175 0.415615 -0.255458 -0.471746 0.852974 -0.0852072 -0.0799052 1.36758 0.303099 1.12907 -1.20905 -0.592358 0.0618396 0.211503 0.713656 -0.559712 0.146877 1.21501 -0.213773 -0.249069 1.29348 0.0585298 
-0.0987292 -1.44257 0.721147 0.155975 0.831902 -0.898408 -0.306385 0.600407 0.136629 1.2121 0.948146 1.86076 0.327555 -0.683417 0.0459483 -1.35797 0.994678 -1.08925 0.108928 -0.207463 -0.574151 1.74199 0.0414225 -1.59181 -0.35581 0.532819 -0.511822 -1.0184 -1.35996 0.884372 -0.502513 0.404529 -0.434346 -0.137506 1.12867 -0.696049 -0.611105 0.0605204 0.507713 
-0.0442671 -1.63379 0.435641 0.39979 0.476042 -0.861525 -0.341008 0.240701 -0.0290395 0.896402 0.800077 1.53883 0.730645 0.120807 -1.15314 -1.98902 1.04347 -0.0233205 0.206952 -0.328891 0.27105 0.649006 -0.891236 -0.725974 -1.28298 0.391035 -0.675268 -0.37986 -1.1274 0.512096 -0.490999 0.243562 -0.262418 -0.499752 1.46577 -0.279538 -1.1902 -0.609343 0.557115 
-0.0585005 -2.20857 -0.0313299 0.590582 0.817291 -0.793399 -0.484776 0.809732 0.662999 0.638958 0.549919 1.04522 0.596559 -0.406711 -0.608551 -0.404453 -0.21086 0.361907 0.266456 -0.146677 -0.133898 0.206178 -0.430055 0.0271203 -0.511186 0.228317 -0.510525 -0.372886 -0.573723 0.143201 -0.684391 0.314311 -0.102794 -0.414344 0.313507 0.444526 -0.178591 -1.21438 0.871921 
-0.222457 -2.03829 0.284834 0.316828 0.64855 -0.726424 -0.420174 0.136321 0.140699 0.620902 0.822435 1.21646 0.890413 -0.948126 0.600991 1.09259 -0.821126 -0.992079 0.277075 0.188487 -0.859479 -0.225999 1.52445 0.486827 -0.44352 0.797065 -0.82338 0.0773941 0.124201 -0.456366 -0.754409 0.00942201 -0.159781 -0.693507 0.442728 0.532539 -0.0638343 -0.469734 0.316108 
-0.460863 -1.81017 0.386299 0.255808 0.332118 -0.652928 -0.381427 0.143259 0.484683 1.62489 0.829013 0.766093 1.13814 -0.919692 0.731291 0.599629 -0.479354 -1.4816 -0.250619 -0.070032 -0.845519 0.387869 1.18748 -0.115899 -0.157484 0.205948 -0.816647 0.191353 0.987181 -0.674369 -1.22661 -0.120684 0.359081 -1.14962 -0.155148 0.871564 0.0217615 0.555442 1.57962 
-0.613047 -1.5534 0.515284 0.123078 -0.0744006 -0.85282 -0.457602 -0.519338 0.456761 1.38935 0.764921 1.1201 1.03516 -0.367537 -0.307448 0.452357 -0.200897 -0.830952 -0.46103 0.289555 -0.758765 0.0286849 -0.288568 -0.463448 1.23119 1.35087 -0.432928 -0.17486 0.117574 -0.0892225 -0.973125 0.0192591 0.798716 0.00613783 0.589756 0.926933 -0.203247 -0.869928 0.237349 
-0.622833 -2.0148 0.560829 0.176957 -0.07479 -0.885734 -0.22304 -0.445193 0.511477 1.4407 0.577402 1.55707 2.05151 0.21616 -0.986635 -0.414818 0.347945 0.0361354 0.281562 1.13674 0.846006 0.400788 0.126542 -0.155555 -1.07969 0.121498 -0.0119659 -0.650881 -0.487735 0.383081 0.119409 0.00707562 0.477248 -0.630732 -0.756397 -0.716303 -0.177609 0.625344 1.13176 
-0.533337 -2.20887 0.360542 0.270693 -0.0601317 -0.710079 0.162125 0.135395 0.783228 1.47308 0.68526 0.434465 1.12322 0.335547 -0.661367 -1.21429 0.788349 1.0128 0.473263 0.346711 -0.132732 -1.02182 -0.716459 0.225587 -0.344219 0.189643 0.988472 -0.133185 -1.2129 -0.603018 -0.343383 0.717909 0.708991 0.0343981 -0.372617 -0.561008 -1.45696 -0.852733 0.0461173 
-0.493691 -2.45436 0.10252 0.506294 0.413879 -0.646045 -0.0335279 -0.548669 -0.307758 0.980359 0.710599 1.3414 2.18531 1.34781 0.793753 -1.48133 -1.26137 -0.54361 0.822236 -0.190174 -0.805939 -0.885948 -0.912405 -1.75866 -0.133056 -0.0534146 1.41175 2.34361 -1.81242 -2.44127 -0.0668744 1.95403 0.953151 0.0782965 -0.288895 -1.19865 -1.46728 -1.91046 -1.22215 
0.0149297 -1.68252 -0.199162 -0.245737 -0.327467 -0.293907 0.0592732 -0.489602 0.0734214 0.886272 -0.289697 0.353715 1.09386 1.90366 4.18076 -1.61956 -4.49966 -1.10842 2.52874 0.926784 0.234282 0.64748 -0.969288 -2.15334 -2.37111 -1.84168 2.77909 2.68827 -3.15981 -2.8672 -0.655893 1.90296 0.240935 -0.876546 0.098999 -2.5955 -2.55917 -0.110611 -0.0770004 
0.284726 0.320294 -0.50967 -1.34634 -0.127804 0.633144 0.471867 -0.367827 0.217383 0.356841 -0.484774 -0.169433 0.955436 3.07266 3.24222 -3.45994 -3.09822 -0.429342 2.10133 0.510019 -0.429838 1.02503 -2.74468 -1.59982 -0.0254519 -0.0454833 3.14189 2.26876 -3.2425 -2.44774 -0.524585 2.04107 0.446856 -0.747729 0.756048 -1.70923 -2.17291 -0.723417 -1.58855 
1.27737 0.469135 -1.51016 -1.5201 -0.539298 0.769135 0.337715 -0.823241 0.902622 -0.883075 -1.17594 0.341723 1.06981 3.09556 -0.773555 -3.45104 0.778498 0.331045 0.606919 -0.331213 -1.28964 0.361285 -1.43703 -0.699018 1.34206 -0.3073 2.46521 1.24934 -2.80104 -1.14862 0.723543 1.97199 -0.0930843 -0.515248 -0.176117 -1.25698 -0.126728 0.363052 -1.10815 
1.55665 -0.193736 -1.81729 -1.02106 0.0297139 0.940425 0.29221 -1.36754 0.512036 -0.568553 -0.867946 0.692395 0.75563 0.847082 -1.36294 -0.920191 1.35438 1.51103 0.928245 -0.637422 -0.299914 -1.2501 0.976606 1.42863 0.539818 -1.45194 1.90251 -0.796776 -2.26055 0.769755 0.608481 0.714504 0.541595 -0.0261135 -0.497379 -1.38349 0.59127 2.04535 -1.03855 
1.61832 -0.43613 -1.8568 -0.957206 0.191383 1.23892 -0.00868898 -1.05623 -0.100454 -0.250723 -0.370877 0.690929 0.101582 -0.0734741 -0.413931 -0.0837079 0.397486 0.57926 0.49165 1.05364 1.24496 -1.01158 -0.509586 1.46864 1.56213 -1.09572 0.273556 -1.08273 -0.603427 0.941846 1.13402 0.221595 0.435443 0.716314 -0.874918 -0.206569 0.975633 1.14458 -1.1575 
1.51644 -0.469047 -1.84631 -0.853007 0.307799 1.18941 0.866684 -0.403746 -0.29895 -0.895382 -0.0405358 1.69484 0.0265359 -0.423591 -0.253141 -0.0226983 0.0835359 0.182055 -0.586592 1.21771 1.29505 0.100081 -1.26226 -0.155368 1.08477 -0.112416 -0.217883 -0.107054 0.0513798 0.409453 0.352297 -0.577373 -0.337824 1.19314 -1.02505 -0.866312 0.748497 0.817995 -0.575189 
1.43314 -0.604708 -1.86265 -0.918693 0.27653 0.942613 0.655132 -0.0536284 -0.0161614 -1.06332 -0.450433 1.38835 0.032606 -0.287006 0.260217 0.164986 0.230106 -0.050535 -1.3769 -1.50875 0.418015 -0.337146 -0.707145 -0.492999 -0.401487 0.321141 -0.291358 0.122998 -0.0674332 0.0969602 0.177956 -1.06224 0.377607 0.421436 -0.549314 -1.1788 0.00562032 0.0792342 -0.810042 
1.38781 -0.296857 -1.78089 -0.754015 0.279969 0.493428 0.045795 -0.0805694 -0.566779 -1.34971 -0.308651 1.44257 0.248619 -0.0541012 0.444234 -0.0818563 0.0684312 0.0869925 -1.04323 -0.714864 -0.712912 -0.819122 -0.395478 0.157598 -0.973592 -0.980688 -0.231633 0.245461 -0.452909 -0.0485417 -0.23301 -1.07111 -1.28547 -0.233642 -0.538878 -0.671382 -0.959354 -1.43138 -1.0946 
1.40094 -0.310367 -1.89096 -0.886412 0.315502 0.415373 0.266556 -0.606559 -0.672149 -1.31651 -0.355206 0.770515 -0.619264 -0.0954088 0.114426 -0.872454 -0.299598 -0.292542 -0.266545 -0.215256 -0.753356 -0.368081 -0.234486 -0.769199 -1.63327 -1.80019 0.00454345 0.522576 -0.124622 0.445617 -0.149958 0.00737619 -0.593237 0.141068 -0.932493 0.168497 -0.46688 -0.667395 -1.49652 
1.33851 -0.221443 -2.1094 -0.873593 0.134587 0.358978 -0.0707161 -0.664831 -0.859521 -1.499 -0.731017 0.403208 -0.953405 0.0484481 0.345755 -0.112145 0.614203 -0.306366 1.05593 -0.0822383 0.902379 -0.407103 0.639145 -0.774496 0.0241296 -1.04346 0.115084 -0.0704543 -0.397102 -0.11979 -0.00284482 0.449481 0.45024 -0.0969397 -0.390857 0.0837649 -0.529397 -1.37703 -2.00053 
1.41121 -0.0813971 -1.93078 -0.628932 0.163406 0.949729 0.222481 0.0918449 -0.996318 -0.901953 -0.780531 0.790204 -1.31328 0.266096 -0.213285 0.252273 0.121664 0.292291 0.958141 0.815359 0.609475 -0.141222 0.358573 0.0703834 -0.324276 -0.907545 0.172447 0.00832191 0.371552 0.496581 -0.0339339 0.564283 0.868947 0.636336 -0.576001 -0.202267 -0.771702 -0.347957 -1.00624 
1.4389 -0.363565 -2.01085 -0.819347 0.27328 0.843881 0.374001 -0.193334 -0.969562 -1.26552 -0.684497 0.200273 -1.55617 0.213748 -0.326542 0.694197 0.146001 0.259808 -0.18804 1.24299 -0.0192529 -0.347262 -0.918727 -0.241818 -0.519806 -0.315743 0.299268 -0.348009 0.624558 0.0484023 0.0338453 0.507438 1.01421 0.52858 -0.772015 -0.546556 -0.751489 -0.120946 -1.00044 
1.48992 -0.298699 -1.66442 -0.564644 0.286321 0.854981 0.900064 0.0762784 -1.27229 -1.49284 -0.908368 0.462328 -1.51875 0.198413 -0.301578 0.7255 -0.0436035 -0.237893 -0.177546 0.539896 0.12273 -0.87259 -1.12404 -1.06021 0.151086 -0.443788 0.216791 -0.659732 0.91343 -0.139783 0.024925 -0.390513 0.998214 0.0626737 -0.163251 -0.956232 -0.308613 -0.400726 -0.304222 
1.51126 -0.564296 -1.7326 -0.833295 0.154443 0.75444 0.668713 -0.0989096 -1.66861 -1.98891 -1.26939 0.301085 -1.84761 0.119188 -0.65554 0.735393 -0.354365 -0.218697 -0.410267 0.0908487 0.0989226 0.139223 -0.424906 -0.167699 -0.0508324 -0.0913295 0.12174 -0.472626 1.0726 0.10765 -0.0320639 -0.245379 0.985659 0.557135 0.320347 -0.674763 -0.856716 -0.246463 -0.482199 
1.52948 -0.73439 -1.38242 -0.70682 0.176808 0.647847 0.950245 0.15226 -1.15648 -1.76502 -0.994811 0.434118 -1.57357 -0.0171079 -0.400065 0.953049 0.211841 0.19412 -0.197892 0.777128 0.649469 1.30465 0.177637 -0.067497 -0.502582 -0.204671 0.0142895 -0.173533 0.631924 -0.313012 -0.208757 -0.414222 0.443299 0.453314 1.19344 -0.324902 -0.515924 0.0851643 -0.0793621 
1.49439 -0.830402 -1.36796 -0.741841 0.245451 0.654709 1.09261 0.403569 -0.614217 -1.87221 -1.29987 -0.0157849 -1.97852 -0.109294 0.402184 0.253901 -0.11766 -0.0882566 -0.224448 0.49996 0.527868 1.44848 -0.0277482 -0.513463 0.170438 -0.0107714 -0.147211 0.310718 0.717642 0.00292274 -0.143564 -0.0944977 0.665722 1.03509 2.06178 0.871049 -0.559876 0.321998 0.237344 
1.47444 -0.467962 -1.28324 -0.751326 0.130655 0.534686 1.22321 0.560538 0.0137501 -1.78087 -1.27435 0.547296 -1.57431 -0.230633 0.872515 0.170314 -0.203002 -0.40397 0.0541484 0.111504 0.792144 1.43241 1.05752 -0.671257 0.958627 0.53211 -0.460649 0.680632 0.231679 -0.23894 -0.425519 -0.44501 0.00869768 0.757249 1.9168 0.294773 -1.75525 -0.328971 0.197855 
1.3891 -0.251767 -1.30052 -0.821561 0.0459444 0.682442 1.15404 1.01658 0.54307 -1.18764 -1.66754 0.601033 -1.6148 -0.638461 0.624703 0.10938 -0.241626 -0.541559 -0.457546 -0.491078 0.524605 1.09668 0.449626 -1.79162 -0.639143 0.284652 -0.848465 1.44734 0.30961 -0.246269 0.0464269 -0.210908 -0.767073 0.16098 1.77878 1.59361 -0.880717 0.417976 0.814272 
1.20029 -0.0538252 -1.23894 -0.846983 -0.135684 0.303642 0.956497 0.966287 0.900654 -1.48863 -2.26772 0.143166 -1.37672 -1.13579 1.30354 0.314855 -0.167438 0.477108 -0.376652 -1.14137 -0.574789 0.930058 1.19737 -0.487902 -0.366237 0.577802 -1.88181 1.70338 1.03072 0.00193984 0.059064 -0.0215144 -2.13217 -0.771805 0.314385 2.00617 -0.523199 -0.560907 1.54499 
0.909038 0.61298 -1.1782 -0.886606 0.274411 0.492308 0.533205 0.570646 1.29579 -0.412809 -1.93281 0.371285 -1.22042 -2.37641 1.9351 1.50366 0.248969 0.633519 0.425876 -2.36664 -1.61368 -0.672509 2.3875 1.10092 -0.159046 1.81632 -2.29254 1.46364 1.31865 0.674385 0.446698 0.0670337 -1.10556 -1.14725 -1.18523 0.159584 -0.0326322 -1.08235 0.83598 
0.206549 1.23016 -0.665226 -0.740208 0.168757 0.519366 -0.331564 -0.284454 0.362741 0.0543056 -1.64567 0.0458093 -0.150886 -2.53431 0.896938 1.74853 1.19827 0.192225 0.480958 -0.341725 -1.04012 -2.49081 -0.966278 0.440008 -1.17271 0.561552 -2.26295 1.65471 1.36056 0.506672 0.65184 0.43963 -0.263974 -0.678522 -1.78027 0.245572 0.432747 -1.23251 0.621111 
-0.150084 1.20783 -0.511505 -0.388126 0.364498 0.735887 0.347825 -0.235767 -0.706495 -1.03438 -1.67986 -0.373784 -0.836939 -1.24647 0.551751 0.625281 0.526595 0.341369 0.250592 2.01042 0.655255 -1.67585 -2.03506 -0.539021 -1.5932 -0.968385 -2.20452 0.71261 1.22199 0.0212464 0.173737 0.481545 -0.235238 -1.13558 -2.44636 -1.08606 0.153451 -1.21341 0.179702 
-0.319345 1.59587 -0.425036 -0.518878 0.33129 0.646444 0.76393 0.222508 -0.983217 -1.25705 -1.93948 -0.96795 -0.794497 -0.995359 0.177878 0.16367 -1.16154 0.070539 0.259877 0.0239801 -0.558454 -0.739206 -0.560578 -0.244073 -0.552412 -0.31229 -1.34164 0.182916 0.159969 -0.153849 -0.0612876 0.439448 2.14479 0.771807 -1.43915 -1.46202 1.00039 -0.685825 -0.656339 
-0.572003 1.32536 -0.446591 -0.863363 0.395478 0.867661 0.361591 -0.669042 -1.29812 -1.39412 -1.80896 -0.722495 -1.0401 -0.906689 -0.270853 -0.37416 -0.756368 -0.42867 0.425597 0.858667 0.417608 -0.220997 -0.0223873 1.84471 0.617559 0.0837446 -1.04735 0.00935216 0.244649 -0.88938 0.241173 0.173663 0.701449 0.284071 -0.886112 -0.135505 0.487362 -0.276476 0.86824 
-0.704551 1.41553 -0.56434 -0.826931 0.119785 0.862027 1.23223 0.545369 -1.15751 -1.26945 -0.902043 -0.569068 -0.731785 -0.688329 -0.157121 0.219896 -0.187738 0.292668 0.00817001 0.912488 0.948207 -0.425627 0.375215 0.877539 0.15828 1.4954 -0.437986 -0.532453 -0.47786 -0.665144 -0.377168 -0.771294 -1.89629 -0.190882 2.1867 2.1098 0.277167 0.526319 1.57337 
-0.866797 1.22052 -0.360328 -0.936785 0.534355 0.872141 0.8592 0.0648639 -1.63721 -1.14991 -1.31166 -0.617085 -0.0297022 0.195088 -0.52046 -0.372333 -0.251614 -0.129128 -1.60864 -3.40054 -0.693062 3.1234 3.00576 -1.48667 0.12874 2.05571 0.297742 -0.0903891 -0.769547 0.378896 -0.354716 -1.26972 -1.82673 1.12187 2.64628 2.46497 -0.0583896 1.36515 0.57869 
-0.633566 1.06951 -0.702951 -0.926709 0.0537797 0.0488492 -0.618847 0.00781574 1.36162 0.672508 -1.7251 -0.482534 0.654765 1.1504 0.0283839 -1.42261 0.768822 -0.817024 -1.95659 -3.36123 0.614941 3.93634 3.1094 -0.959183 1.77965 -0.704999 0.0661889 -0.55825 -0.562076 0.0190896 0.0517841 -1.40658 -1.77051 0.52202 3.16168 1.68414 -0.0728002 0.592337 0.0585152 
-0.400264 1.23882 -0.897737 -0.615505 0.134212 -0.117006 -0.97047 0.540595 1.53662 0.858942 -1.84013 0.52435 -0.496495 -0.102401 -0.309517 -0.505881 0.285059 0.210246 -0.549957 1.02708 1.41608 1.06951 -0.623103 1.38615 0.711343 -1.97082 0.724041 -0.893839 -1.45746 0.123642 -1.294 -2.03487 -0.654673 1.93459 3.96462 1.51771 -0.248001 0.975584 -1.25887 
-0.685756 0.863508 -0.892271 -0.805043 0.15262 -0.228929 -0.0588376 1.10417 2.22665 0.272416 -0.94376 -0.023727 -0.661805 -0.00827325 -1.36135 -0.856044 -0.576245 -1.10637 -1.16681 2.48186 2.08648 1.31935 -0.961632 0.629087 -0.39513 -0.996835 -0.387666 0.0427746 -0.150506 0.385492 -0.119277 -0.405858 1.98724 1.70839 0.380339 -0.546388 1.47159 -0.14427 -1.71516 
-0.413481 0.33461 -1.22002 -0.849235 -0.406479 -0.706739 0.381753 2.1563 2.60285 0.240365 -1.48158 0.276139 -1.15921 -0.528926 0.380369 0.271395 0.306063 -0.383919 -0.0719153 1.63105 0.968539 -0.558042 -0.142127 0.536973 -0.917666 -0.349878 -1.13152 -0.503895 0.220562 -0.293476 -0.480144 0.31894 2.8549 0.808921 -0.0306933 -0.657942 1.89897 -1.17703 0.0341992 
-0.914549 1.11546 -0.786453 -0.674709 -0.037147 -0.26495 0.830069 1.85383 1.78092 0.182743 -0.636661 -0.605829 -0.890196 -1.80969 0.61284 1.20194 0.133954 0.395197 1.65794 1.33805 -0.961637 -1.35193 0.0389679 1.85404 -1.27831 1.04875 -1.12544 -0.112235 0.663014 0.485662 -0.0330172 0.623149 0.648881 0.0561903 -0.815932 0.014008 0.955299 -1.08761 -0.198122 
-1.17257 0.740872 -0.760865 -0.789918 -0.217801 0.132069 1.11111 1.41069 1.51776 0.26757 -0.438936 -0.53641 -0.448656 -1.27934 -0.541849 0.766527 0.437521 0.338727 1.0302 -0.764969 -0.89795 -0.5139 0.167768 0.709642 -0.628741 0.0867055 -0.601706 -0.00399371 0.519081 2.56486 -1.12848 0.32374 1.35564 -0.513644 -0.569757 -0.0856343 3.13469 -1.15152 -0.0553054 
-1.45405 0.755233 -0.492631 -0.490132 0.124102 0.256393 0.414209 1.15755 1.37074 0.293075 -0.23313 -1.00331 -0.825495 0.836909 -0.612086 -0.389138 3.77424 -2.07206 -1.15944 0.474373 0.234131 0.605836 -0.153949 2.24828 -0.35889 -1.11823 1.81154 -1.43682 -0.37957 2.60339 -2.09888 -0.614592 0.927347 0.166705 0.512453 0.376215 2.31138 -0.704494 -0.99508 
-0.835841 0.334025 -0.905857 0.771476 -1.22756 -0.453937 1.37014 1.59141 2.00937 0.170267 0.823887 -0.761464 -1.19286 4.15631 -1.60495 -1.35929 3.52933 -3.46097 -1.9726 2.00391 1.12332 1.20024 0.369045 2.31388 -0.373424 -1.43077 3.00005 -1.2965 -1.17845 2.55834 -2.66664 -1.1151 0.247438 -0.34146 -0.473952 -1.07959 1.78137 -0.15808 -0.264641 
0.257079 -0.310682 -1.006 0.970203 -1.56031 -0.740851 1.50616 2.02712 2.34105 0.53331 1.06633 -1.23765 -1.77952 3.93604 -1.3244 -1.45314 0.124028 -1.89587 -0.551549 -0.14582 -0.720481 -1.22513 -1.36377 0.0807567 0.132948 0.764838 3.76282 -1.01504 -1.58996 1.89265 -2.7516 -1.05849 0.586356 -0.626311 -0.688839 -1.42809 0.726299 -0.036188 0.196932 
0.784085 -0.545657 -1.45486 0.826697 -2.15174 -0.73252 1.29144 1.03262 1.0264 -0.70785 0.8762 -0.672241 -0.672911 1.83345 0.0903253 -1.12662 -0.644256 -0.633495 0.348542 -1.22155 -2.00863 -2.10396 -2.3786 -1.36733 0.32064 1.7034 3.02838 -0.582864 -0.821628 -0.311461 -0.826617 0.0729759 -1.08421 -1.14877 -1.85458 -1.2263 -1.277 -0.229652 0.861547 
1.00643 -0.251266 -1.43101 0.70841 -1.8713 -0.564238 0.841664 0.470423 0.650316 -0.999771 0.30992 -1.0285 -0.629487 0.882096 0.457532 0.168964 -0.593693 0.668625 0.66498 -1.30869 -0.896567 -1.22159 -0.361004 -1.75917 -0.460563 0.409193 1.49282 0.0820561 -0.375904 -0.364249 -0.423532 0.684798 -1.45842 -1.49958 -2.29596 -1.25124 -1.66431 0.847219 1.64063 
1.13953 -0.242489 -1.38793 0.585768 -1.83024 -0.395876 0.579491 0.337413 0.0462863 -0.938786 -0.09904 -0.962261 -0.391716 0.535082 0.0394021 0.539591 0.0942467 0.0066397 0.70441 -0.734027 -0.0997602 -0.926985 0.618626 -0.818587 0.881523 0.527286 0.615947 0.225957 0.705179 -0.19756 0.558384 0.638629 -1.10877 -0.91944 -0.726156 0.0489635 -1.38704 -0.535209 0.159347 
1.21818 -0.225654 -1.22336 0.751343 -1.87136 -0.207653 0.442652 0.392489 -0.0925397 -0.598458 -0.140028 -0.460949 -0.269012 0.0875953 -0.112122 0.934906 0.29739 0.167061 0.317074 -0.178704 -0.399285 0.268478 0.435977 -0.0634417 -0.301119 -0.187538 0.251852 -0.0746366 1.04377 0.334383 0.442858 0.669387 -0.518611 -0.438866 -0.379321 0.529666 -0.420454 -0.262769 0.24348 
1.166 -0.317459 -1.03018 0.712523 -1.75238 -0.235176 0.482884 0.0274428 0.266198 -0.655353 -0.127258 -1.1504 -0.511124 -0.146214 -0.144529 1.09386 0.419087 0.656973 0.324876 0.0368484 -0.523014 0.432951 0.13475 0.262521 -1.25618 -0.191526 -0.0595331 -0.131176 1.32329 0.833097 0.413665 0.228366 0.0599786 -0.798995 -0.677149 0.363438 -0.515762 -0.533626 0.0861334 
1.14785 -0.322135 -0.805246 0.928313 -1.55553 -0.0430074 0.463427 -0.0133311 0.25983 -0.509436 0.0137959 -1.25936 -0.391096 -0.195467 -0.077747 1.13574 0.975004 0.45307 0.0349761 0.256251 -0.727875 -1.15672 0.0828046 -0.617508 -0.458314 0.309895 -0.266288 -0.0304612 1.20148 0.486915 0.580881 -0.144127 -0.0929385 -1.32743 -0.62326 -0.231968 -0.233586 -0.91837 -0.128686 
1.07528 -0.36961 -0.596159 1.11888 -1.53559 -0.21714 0.623136 -0.53708 -0.661679 -0.599856 -0.464909 -1.43898 -0.29659 -0.291485 0.105613 0.786264 0.326406 0.212223 -0.544831 -0.164056 -1.34426 -1.24987 -0.456249 -0.57373 -0.0498077 0.0225275 -0.335862 -0.0809526 0.985507 0.776345 0.559769 -0.248346 0.0688052 -1.02916 -1.10713 -0.0996766 0.44255 0.0742577 0.0228942 
1.01737 -0.252571 -0.503928 1.06704 -1.45573 -0.318193 0.374797 -1.05535 -0.74306 -0.801841 -0.299405 -1.28691 -0.369481 -0.35322 -0.0368468 0.406582 0.211011 0.38468 -0.414971 -0.166886 -0.721643 -0.300652 -0.217604 1.19226 0.562426 -0.273308 -0.275516 -0.125837 0.539675 0.15897 0.422609 -0.677447 -0.0836081 -1.16379 -0.703996 -0.288967 0.276306 0.0741889 0.0242615 
0.919237 -0.394611 -0.43901 1.20999 -1.35202 -0.426653 0.532965 -1.09677 -0.900117 -0.738241 0.20815 -1.07533 -0.473577 -0.160935 -0.287481 0.058744 -0.0800583 0.421231 -0.494096 0.0493417 -0.293828 0.326087 0.0543093 0.930645 0.153822 0.0159137 -0.263896 0.0298657 0.450156 0.119165 0.407661 -0.230934 0.0691877 -1.0456 -0.212247 -0.0144755 1.52097 0.695292 0.535338 
0.940946 -0.443944 -0.478856 1.03805 -1.2544 -0.567721 0.402374 -1.28363 -0.476753 -0.764735 0.22755 -1.18435 -0.352305 -0.0806617 0.08835 0.298412 -0.0252475 0.226509 0.0617147 0.256763 -0.750902 0.0277609 0.203047 0.795564 0.423913 1.00491 -0.424734 -0.224779 0.581789 -0.207469 0.395208 -0.153044 0.800742 -0.585683 -0.280234 0.108061 1.13621 0.497304 0.225885 
0.876047 -0.336507 -0.322934 1.20362 -1.24528 -0.395094 0.673495 -1.67914 -0.874067 -0.605141 0.659665 -0.800188 0.207539 -0.529526 -0.0426824 0.852134 -0.231326 0.171409 0.260447 1.02008 -0.534574 -0.688968 0.104067 0.553019 0.55126 0.295985 -0.60694 0.134807 0.759524 0.258992 0.008306 -0.0685704 0.671549 -0.163784 -0.408054 -0.115514 -0.219508 0.385663 1.12362 
0.711904 -0.47282 -0.152528 0.946643 -1.17443 -0.435659 0.958573 -1.6984 -1.02792 -0.695516 0.54361 -0.827835 -0.14711 -0.900465 0.120441 0.890458 0.423833 -0.210151 -0.165644 0.63967 0.513401 -0.559827 -0.360196 -1.08833 0.122575 0.524567 -0.87727 0.386263 0.958136 0.486752 -0.249534 -0.0688213 0.826997 -0.0514173 -0.86683 -0.115797 0.251935 0.735541 1.28432 
0.493419 -0.2571 0.0179466 1.38255 -1.35064 -0.478516 1.02254 -1.28206 -1.32123 -0.835555 0.0590747 -0.717593 0.566188 -0.882846 0.628362 0.64738 0.97657 -0.539098 -0.364762 0.0844966 0.454451 -0.450344 -0.261616 -0.228038 0.492255 1.45144 -1.01457 0.446744 1.027 0.296191 0.0723575 -0.938515 0.00760632 0.161035 -0.620177 0.093847 -0.134415 -0.00807466 0.608227 
0.336571 -0.0562545 0.0960538 1.35364 -1.43957 -0.619779 1.00529 -1.347 -1.38691 -0.862306 0.423469 -0.509021 0.833777 -0.73093 0.555889 0.716762 0.0313702 0.321913 -1.27418 -0.632249 -0.295969 -0.253009 0.498512 0.907063 -0.135422 0.305891 -1.22018 1.34995 1.01693 1.11876 0.404993 -0.84168 -1.10662 0.656527 0.18455 0.43181 0.230177 0.170788 0.639699 
0.180986 0.111357 0.292873 1.39953 -1.19756 -1.12255 0.678952 -1.512 -1.5213 -0.511762 0.57286 -0.799855 0.778033 -1.07656 1.40171 0.944085 0.730613 1.14631 -0.926363 -1.56901 0.456954 0.702661 0.876889 0.524509 -0.251014 -0.578302 -1.45849 0.855915 1.24064 -0.280001 1.43396 0.184095 -0.699309 -0.244599 0.466567 0.584863 0.461396 -0.363174 -0.379187 
-0.118968 0.873662 0.457296 1.65916 -0.886045 -1.08792 0.151586 -0.99366 -0.817334 -0.294311 0.723607 -0.665143 0.45204 -1.60864 0.733716 1.22461 -0.453151 1.81792 1.55825 -0.306883 -0.0547198 0.878611 0.332761 -0.30762 -0.381871 -0.814638 -1.43512 0.488966 1.36114 -0.797535 1.18754 -0.364659 -1.32005 -0.776428 1.28389 0.16629 0.0189512 0.185029 -1.04534 
-0.494864 0.597857 0.760632 1.2166 -0.31781 -0.334161 0.512545 -1.55504 -0.810018 -0.294945 0.408274 -1.03959 0.237637 -1.22574 -0.662099 1.18576 -1.9401 0.626482 0.367757 -0.20128 -1.55251 1.00477 -0.636337 -0.504812 0.512485 -0.833935 -0.849672 -0.439318 1.7056 -1.24308 1.16534 0.563355 -0.194532 -0.877506 2.17118 0.0414713 -0.0857029 1.88392 -2.56916 
-0.636275 0.433617 0.910304 0.862667 -0.585023 -0.901584 0.0426859 -2.19701 -0.00444777 -0.702945 0.448895 -0.333403 -0.101311 0.240298 -1.38544 1.444 -1.43447 -0.0781915 -0.691787 0.0436425 -1.1824 2.00325 -0.268362 0.190187 3.05675 -2.66431 -0.064338 -2.32877 1.10511 -1.91252 0.494265 0.952635 0.656126 -0.240213 1.30172 -0.418002 -0.157099 2.81589 -1.4815 
-0.40516 -0.322341 1.3117 0.628738 -0.359074 -0.683666 0.537018 -2.47167 0.806994 -0.466089 0.521701 0.91789 -1.54449 1.1102 -2.82158 0.543631 -0.966437 0.113701 1.09649 1.07706 1.20796 0.726252 0.052295 0.293826 3.48632 -1.16986 0.256321 -2.20105 0.979468 -0.94139 -0.145109 -0.94821 0.0571742 0.571606 1.31834 -0.0201591 0.48916 3.60263 -1.81828 
-0.186389 -1.43989 1.11949 0.467934 -0.533077 -0.346716 0.629914 -1.26188 0.584133 -0.667139 0.620202 1.89857 -0.880175 0.155699 -1.90681 0.0888822 0.00603516 -0.133958 -0.762925 0.0301488 1.97487 -0.250227 0.245783 0.445635 2.05969 0.203758 0.156711 -2.17698 0.558906 -1.09395 0.647846 0.579542 0.665224 1.28289 0.0501575 0.349355 0.11338 2.62381 -0.64192 
-0.350484 -1.58863 1.34821 0.635272 -0.427426 -1.06915 0.554144 -0.942434 0.609166 -0.305407 0.77779 2.23827 -1.40121 -0.873107 -0.434585 0.331457 -0.694211 0.855238 -0.205169 -0.189097 0.580711 -0.65182 0.446612 -0.150397 0.239626 0.304772 -0.171529 -1.82945 -0.377898 -0.863711 0.266369 0.393703 0.854369 1.52433 -0.251734 0.575061 -0.731031 1.57158 0.609715 
-0.55769 -1.72891 1.24811 0.185529 -0.120939 -0.450127 0.527648 -0.812662 0.0628813 -0.376842 0.543422 2.05596 -0.669081 -0.442233 -0.828468 -0.679027 -1.31624 0.534696 1.36887 1.11108 0.151961 -0.0749301 0.571657 -1.40866 0.171491 0.628718 -0.581301 -0.551068 0.657069 -0.856481 0.577718 -0.0435664 -0.082474 0.421202 -0.0125621 0.841607 -0.418161 0.611533 -0.316979 
-0.543382 -2.13911 1.09315 0.0962004 -0.170988 -0.37653 1.1599 -0.825365 0.552513 0.065593 -0.0016973 2.35212 -0.972643 -0.0671189 -0.384628 0.697165 -0.604993 0.00924596 0.139637 0.0759009 0.00110335 0.643236 0.746996 -0.402664 0.627726 -0.729146 -0.947888 0.481073 -0.0316402 -1.50034 0.562532 0.391851 0.201428 -0.0519318 -0.791133 0.888091 -0.409522 -0.161456 1.19143 
-0.595271 -1.98477 1.5156 -0.0600632 -0.119732 -0.379161 0.569689 -0.812459 0.584604 0.107321 0.325756 2.46133 -1.15208 -1.08279 1.55625 0.630455 -0.962939 0.30717 -0.765769 -0.844132 -0.232805 -0.964187 0.687554 0.866916 -0.402227 0.992725 -1.0624 1.45223 -0.217262 -0.0801904 -0.0208104 -0.365322 -0.673867 -0.390465 -0.550389 0.994123 0.586432 -0.23142 1.54412 
-1.0015 -1.10661 1.3353 -0.297089 -0.0250674 -0.76345 0.700927 -1.00637 -0.220304 0.511392 0.489667 2.09937 -0.299708 -1.64058 2.568 -1.03606 0.487331 -0.0362565 -0.69926 -0.980966 -0.556088 -1.3637 0.661854 1.16594 -0.957853 2.82893 -1.32046 1.89486 -0.506404 -0.488535 0.19678 -0.0679054 -1.0724 0.535755 -1.01002 0.997406 1.12129 -1.2599 2.26065 
-1.28435 -0.280672 1.12497 0.145066 -0.140626 -0.732445 0.036205 -1.2439 -0.50996 0.536533 0.98412 1.85355 0.753544 -1.03658 1.29055 -1.42159 0.223761 -0.010084 0.662861 -0.594571 0.975059 -0.36466 0.725931 0.597195 -1.38894 2.07887 -1.49296 1.85469 -1.2061 -0.0706353 0.126497 -0.132814 -0.185407 -0.302916 -1.48073 0.671825 0.480703 -2.33925 1.60899 
-1.44049 -0.250485 0.79828 -0.200716 -0.0332489 -0.427877 0.377858 -0.251658 -0.51029 0.981959 0.830398 1.21614 1.10239 -0.75397 0.218596 -0.84946 -0.59045 0.228657 0.496677 0.729944 0.123722 -0.588188 0.292146 -0.541203 -2.36661 -0.641159 -1.10847 0.805803 -1.05347 0.279553 -0.202062 0.338499 -0.97079 0.265474 -0.579167 0.871224 0.867862 -1.3116 1.39918 
-1.60632 -0.13611 0.805187 -0.094525 -0.0328424 -0.480916 0.434409 -1.14871 -0.979965 0.727138 0.689084 0.345599 0.329609 -0.744612 -0.0760535 -0.225201 0.206119 -0.286897 -0.14169 -0.708071 -0.611353 -0.393895 0.509476 0.534849 -0.475667 -0.175663 -0.589165 0.0316764 0.0290317 -0.546227 0.617684 0.835395 -0.727622 0.619227 -0.602375 1.28491 -0.0713428 -0.548414 -0.276528 
-1.75859 -0.301512 0.715536 -0.111622 -0.175889 -0.499185 -0.00701883 -0.725913 -0.823821 1.31283 1.13631 0.916464 0.990951 -0.1988 -0.164379 0.895784 -0.236537 0.695356 0.787532 -1.70699 0.735442 -0.201085 1.52709 0.442586 1.58617 0.271646 1.47974 -1.07877 0.59939 -1.0413 1.51918 2.20744 0.604876 1.31975 0.396127 0.903227 0.554141 0.0216655 -0.793538 
-1.69842 -0.245768 1.14809 -0.188082 0.301635 -0.0822944 -0.494434 -0.579627 -1.13822 1.71477 0.94347 1.36341 0.518465 3.09228 -1.53409 1.16361 -1.78662 2.55366 3.53282 1.51523 2.45164 0.92626 0.771096 0.186119 0.505068 -0.895057 1.95492 -2.3183 1.64959 -0.674282 1.98441 2.50384 0.381382 3.22113 0.515935 0.852738 1.76822 1.40968 -0.266964 
-0.48802 -1.32039 1.16013 -0.844783 1.06124 1.2878 0.818817 1.17268 -0.0741648 1.81254 1.24747 1.24347 0.396567 3.30451 -3.3036 1.68522 -0.785354 2.26437 3.05876 2.21489 3.76787 0.892031 -0.31777 1.86922 0.415006 -0.628187 2.24912 -2.6185 0.786622 0.285669 1.75599 1.2137 -0.476391 2.92659 0.86067 -0.711762 1.51404 0.410829 -1.5834 
-0.339984 -2.43925 1.79075 -0.508096 1.39824 1.46494 0.712406 2.33862 -0.416126 1.51174 1.9946 1.63286 0.103238 0.482738 -2.38384 0.0676442 2.22581 0.0658274 -1.66768 -2.15588 1.63915 0.220985 -1.76971 1.79263 0.0771699 -1.24693 2.14589 -2.53637 -0.708526 0.263352 1.49051 0.961262 -0.135312 3.54777 0.645704 -2.87578 1.2683 0.882842 -1.05813 
-0.297934 -2.90333 1.18859 0.0776863 1.08993 0.444757 -0.354471 2.44184 0.107498 0.672434 2.25582 1.29705 -0.434042 0.105846 -0.491229 -2.79249 1.19058 -0.0403017 -1.58127 -2.39884 1.19293 -0.0293201 -3.73487 -0.212477 0.837763 -0.801394 0.0958143 -1.27396 -1.53354 1.37084 0.134879 -1.40956 -2.45457 1.94458 0.59944 -2.23347 0.931313 0.832721 0.16141 
-0.30595 -2.76587 0.733184 -0.0127894 1.37538 0.665605 -0.593187 3.26211 -0.436047 -0.896677 1.88315 2.17245 -0.428267 -0.34279 0.48115 -2.4653 -0.134945 0.139058 -0.495482 -1.13353 1.07626 0.58049 -1.37645 -0.577443 1.1044 1.47139 -0.212792 1.17725 -2.30961 1.49965 0.328064 -1.90573 -2.91405 -0.295093 0.535413 -4.0204 -1.78379 -0.386522 -0.360313 
-0.449658 -2.58448 0.255261 0.0260483 1.15419 0.194528 -0.971033 3.27495 0.578688 -0.213862 1.94054 2.00701 0.560233 -0.458205 2.26246 -0.819007 1.09633 0.532932 -1.34383 -1.50581 -1.61434 0.746047 -1.93314 -2.13 -1.38822 0.318246 0.073274 3.0074 -1.27 0.307545 0.43356 -1.32775 -2.79189 -2.0625 -1.27568 -3.29732 -3.84125 -0.644924 1.41088 
-0.505461 -1.26459 0.424968 0.443631 1.63097 -0.0136533 -1.41248 2.01086 0.168475 -2.14226 0.700809 1.28967 -0.208127 0.44678 4.03316 0.479844 0.60743 0.510707 -1.54205 -2.60755 -3.97305 -2.26096 -3.2711 -4.46097 -2.02194 0.447688 0.63692 3.3237 -1.472 -0.170864 -0.336449 -1.40928 -3.15436 -3.70191 0.745817 -0.870048 -3.7161 -2.86876 0.776995 
-0.27446 0.0921928 0.440228 0.280734 1.39898 -0.584976 -2.39028 0.196457 -1.23849 -2.32296 -0.543586 0.719296 0.867271 1.46136 2.72592 -1.4824 -1.35201 -1.03008 -0.818901 -2.72061 -3.57857 0.249175 0.711137 -2.74442 -2.68845 0.741108 1.17093 3.00975 -0.796206 -0.104994 -0.289603 -1.1826 -2.17934 -3.39208 1.50053 -1.49891 -3.55331 -2.92499 -0.550544 
0.0898219 0.544341 -0.135143 -0.110198 1.12733 -0.427443 -2.8933 -0.762038 0.37284 -1.68124 -0.824672 -0.423938 0.295891 1.40826 0.484667 -1.72425 -0.762844 -0.938078 -0.272589 -0.313321 -0.785916 4.25514 1.1616 -0.200153 -2.1346 -1.18884 1.26577 1.76068 -1.11784 -1.09849 -1.631 -1.35156 -1.3141 -2.32751 2.15154 0.226402 -1.93235 -2.25205 1.13722 
0.298837 0.413373 -0.211717 -0.0299917 0.940035 -0.722483 -2.5602 -0.413028 2.19208 -1.57121 -0.648154 -0.640409 0.0756619 0.544964 -0.0802375 -0.265069 -0.315544 -1.39528 -1.2552 0.958286 0.310616 2.6067 -0.38575 0.207289 -0.512136 0.806814 0.979928 0.525765 -0.851601 -0.850429 -1.3508 -0.600848 0.266962 -0.334237 2.97702 0.740371 0.0409171 -1.51461 1.33162 
0.305673 0.490537 -0.233024 -0.236356 0.446312 -1.06188 -2.37075 -0.522062 2.47584 -1.92815 -0.701693 -0.746913 0.84402 0.142079 0.310101 0.393201 -0.527148 -1.06992 -0.648712 0.668016 0.309683 -0.306655 -0.11086 0.248632 -0.018395 3.00042 0.249478 0.164437 0.0935915 -0.502627 -1.0446 -0.714987 1.20386 0.193378 1.6698 -0.251428 0.871058 -0.90522 1.62676 
0.347874 0.618677 -0.0596487 -0.243463 0.417052 -1.0502 -2.19572 -0.173775 1.94881 -1.64071 -0.502086 -0.647892 2.09642 -0.159884 0.333439 0.412369 -0.445082 -0.156655 0.158623 0.650905 -0.0478853 -0.388478 0.0367881 0.928943 -0.775175 1.40506 -0.133607 0.316104 0.611971 -0.255077 -0.455527 -0.304267 0.506122 -0.328649 -0.0195773 0.1381 0.473731 -0.922063 1.79577 
0.229681 0.711332 -0.0736782 -0.415964 0.366935 -0.98131 -2.01558 -0.559809 2.16667 -1.90235 -0.175689 -1.23797 1.79377 -0.368117 0.170422 0.564885 0.143303 0.395407 0.182845 0.00691149 -0.778088 0.288786 0.311628 0.366973 -1.29284 -0.559319 -0.358719 0.419612 0.686729 -0.399297 -0.168566 -0.200993 0.020527 -0.491063 0.0893839 0.756828 0.229859 -1.37312 0.660524 
0.185664 0.731261 0.157609 -0.180288 0.605833 -0.957387 -2.19125 -0.777197 2.18508 -1.43753 -0.289928 -1.46973 1.72742 -0.425267 0.302225 0.662644 -0.158272 -0.0904353 -0.465901 -0.626184 -0.647994 0.514831 1.03717 -0.632888 -1.17683 -0.503672 -0.516354 0.39402 0.665766 -0.161415 0.532255 0.348518 0.122833 -0.504235 0.661171 0.949568 -0.175275 -1.84737 -0.634885 
0.0438084 0.911407 0.180699 -0.477228 0.319724 -1.21658 -2.35587 -1.06245 2.58498 -1.23091 -0.521929 -1.98567 1.46213 -0.468502 0.426884 0.47734 -0.384592 0.401363 0.35371 0.154796 0.0637606 0.594397 1.03434 -0.601775 -1.33287 -0.296223 -0.452525 0.505983 0.945672 0.417346 1.05649 0.130861 -1.02394 -0.732551 -0.592669 1.5559 -0.778306 -0.923419 -0.0834771 
-0.0181109 1.01409 0.341625 -0.334937 0.797506 -0.778159 -2.10624 -0.728454 2.66747 -0.767912 -0.618792 -2.31714 1.53505 -0.309528 0.462894 0.817375 0.797879 1.66804 0.66822 -0.747623 -0.386107 -1.29126 1.16449 -0.39208 -0.136339 0.395989 -0.52256 0.517865 0.69211 0.0627933 0.70314 0.405422 -0.412202 -0.609618 -0.588245 1.21241 -0.327237 -0.513524 0.18775 
-0.0941432 1.21813 0.493829 -0.143958 1.12667 -0.878296 -2.76228 -1.36221 1.54876 -0.477295 -0.733683 -2.06851 1.73446 -0.378017 0.356043 0.606089 0.484556 0.649936 0.270228 -0.709494 -0.925684 -1.36497 0.682567 0.167854 0.601993 0.5564 -0.452708 0.444692 0.699634 0.513108 1.48034 1.14623 -0.0480906 -0.509486 -1.03766 1.67378 0.422649 -0.202414 0.476574 
-0.18442 1.24988 0.574529 -0.130953 1.10992 -0.64115 -2.49189 -1.44622 1.57188 -0.325331 -0.517837 -1.9282 1.91507 -0.425557 0.210361 0.277822 -0.0125201 0.540886 1.09331 0.680466 -0.335576 -0.0741627 1.20354 0.940751 -0.152583 0.255911 -0.483511 0.476923 0.32225 0.17538 0.538767 0.614632 -0.880127 -0.914157 -1.29852 1.61636 0.746749 0.343872 0.359234 
-0.280136 1.35723 0.602087 -0.14508 1.38611 -0.325036 -2.39102 -1.62283 1.49272 0.301517 -0.201084 -2.16174 1.91275 -0.406208 0.365519 -0.10115 -0.213232 0.156533 0.674977 -0.471751 -0.362768 -0.345744 1.60443 0.805493 -0.114873 -0.0636432 -0.73941 0.304711 0.169067 0.00399528 0.134111 1.26074 0.123574 0.194133 -0.377988 1.27618 0.270761 -0.153764 0.163587 
-0.362402 1.49197 0.538888 -0.214894 1.18267 -0.299451 -2.74808 -1.7279 1.29713 0.712215 -0.0607768 -1.99733 1.87884 -0.766892 0.253087 -0.012472 0.0229914 -0.337144 0.844058 -0.517766 0.599363 -0.418107 0.60337 -0.591103 -0.0672275 -0.0285067 -0.500466 -0.274881 0.915976 -0.237992 0.597348 1.13393 0.206777 1.08179 -1.68717 1.92707 -1.1834 0.738927 -1.44634 
-0.607459 1.52469 0.600119 -0.13155 1.21907 0.102172 -2.67227 -1.15916 1.15969 0.692984 -0.523987 -2.20043 1.90011 -0.405065 -0.770777 1.53472 -0.144611 0.737191 1.06766 0.745859 1.86978 -1.87938 1.12106 -2.36126 1.1632 -1.89245 -0.336009 -1.56294 2.41439 -1.20989 0.69853 0.558473 -0.486476 1.09754 -2.13108 1.49059 -0.676226 1.46353 -1.18322 
-0.53991 0.979789 1.1244 -0.27052 1.53747 0.240838 -2.34121 -0.280065 -0.212739 1.43779 -1.37227 -1.2498 0.614874 0.21797 -2.58892 3.78969 -1.8601 1.38158 0.0149078 -0.136385 0.929706 -2.39459 1.50614 -0.300106 2.14491 -1.57073 -0.154922 -2.50592 2.68816 -1.50719 0.791439 0.327569 1.13763 2.06189 -1.73818 0.485568 -0.975894 2.06707 -1.36377 
-0.527 -0.194385 2.04186 -0.895031 1.88687 0.110059 -2.74583 -0.439588 -0.7651 1.66709 -0.684377 -0.825594 0.852126 0.145024 -2.97841 2.67069 -2.145 0.445626 -0.563273 0.774655 1.00994 -0.413269 -0.429915 1.07739 1.77186 0.0483359 0.122429 -2.70079 2.77535 -1.95926 0.318385 -0.78305 0.853054 1.92809 -1.34024 0.90807 0.0592799 2.60029 -1.59493 
-0.489654 -0.997828 2.14125 -1.15156 1.75064 -0.0436746 -1.91866 0.501664 -0.541874 1.16238 -0.763362 -0.113337 0.653816 -0.0355646 -1.45235 0.552097 -1.11757 -0.903362 -1.216 1.27585 1.76261 0.628664 -0.21873 0.372647 1.54762 -0.586895 -0.0876372 -2.09403 2.16782 -1.50698 0.583834 -0.744764 0.869115 0.594591 -0.76393 0.0414118 1.3019 1.56134 -1.23245 
-0.551517 -1.159 2.25426 -1.35212 1.44479 -0.504553 -2.05035 0.92522 -0.255112 1.52798 -0.46905 0.167579 0.464619 -0.297729 -0.153424 0.720859 -0.144288 0.427969 -0.579026 0.386317 -0.185281 -0.589841 0.494231 0.623383 0.44477 -1.71434 -0.269554 -1.10074 1.06656 -0.75635 0.263902 -0.791086 2.1938 0.624944 -0.352923 -0.466726 0.051223 0.801647 -1.23342 
-0.62272 -1.10021 2.41773 -1.20705 1.95524 -0.336154 -1.70758 0.357479 -1.01321 1.48341 -0.408006 0.175134 -0.490577 -0.407344 -0.190728 1.117 -0.0292325 1.30042 0.002568 1.65886 -0.89544 -1.08776 -0.434076 -0.310664 -0.410193 -1.08042 -0.205255 -0.229204 1.16773 -0.347123 0.322858 -0.804381 0.3826 -0.513739 -0.757908 0.0755966 0.879847 0.291457 -1.27509 
-0.729969 -1.28615 2.68116 -1.36014 2.07317 -0.502906 -1.1463 0.230889 -1.12745 1.24988 -0.635335 -0.090256 -0.254204 -0.0426056 -0.183373 1.10648 -0.379656 0.0569071 -0.654821 0.123216 -0.542357 -0.405299 -0.381671 0.524366 -0.0321092 -0.0094937 -0.356912 -0.247052 0.549139 -0.0103345 0.62781 -0.344494 1.52772 -0.560538 -0.519176 -0.345705 -0.177349 -0.412067 -0.476082 
-0.650152 -1.22248 2.84063 -1.35966 1.9796 -0.666965 -1.63977 -0.0633258 -1.33593 1.23914 -0.107948 0.158888 -0.490458 -0.174923 -0.17282 -0.257187 0.0178935 -0.361328 -0.530208 0.383975 0.102256 0.408609 -0.0479369 0.0731435 -0.176557 0.440258 -0.271855 -0.75462 0.253545 -0.621097 -0.251001 -0.0355358 0.434131 -0.277382 -0.0343496 -0.473403 0.217135 -0.219469 1.24003 
-0.812187 -1.40141 2.58627 -1.34872 1.89437 -0.770697 -0.936495 0.309453 -0.79468 1.221 -0.587274 -0.198802 0.0478463 -0.403974 -0.940929 -0.708998 -0.561286 -0.426781 0.601621 0.455317 0.145753 0.367876 -0.280557 -0.244983 -0.281039 1.69685 0.26276 -0.457516 -1.07538 -0.171676 -0.144275 0.407831 0.259698 0.595582 0.800479 -0.874663 1.1312 0.888075 1.25738 
-0.827209 -1.84761 2.57419 -1.58722 1.76901 -0.362363 -1.39112 0.0489345 -1.03596 1.06012 -0.237552 -0.01642 0.65518 0.581192 -0.506176 -1.42387 -0.2748 0.150419 1.15785 -0.0390063 0.72379 0.658965 -1.18058 1.40396 1.43676 1.27063 0.0324701 -1.05089 -1.36678 0.327782 -0.227554 0.986648 0.453486 1.62032 0.698695 -1.27804 -0.332444 0.0645951 0.544748 
-0.581336 -1.73795 2.04838 -1.45806 1.96416 -0.184799 -0.957029 0.869507 -0.260289 0.461117 0.204015 0.723535 0.907348 0.442871 -0.627435 -1.42784 1.06457 0.0918301 0.914855 0.149131 2.11551 0.564974 -1.51723 -0.19576 0.371425 -0.95249 0.401373 -1.08725 -1.68199 0.11537 -0.486088 1.19737 -0.81181 1.23302 -0.366156 -1.12697 1.19566 1.92363 0.216691 
-0.65363 -2.26465 2.03479 -1.14391 1.81033 0.100649 -1.3092 1.68713 -0.577269 0.0829665 -0.339667 0.225186 0.0222394 0.0461989 -1.11668 -1.20597 0.454787 -0.870451 0.682212 -1.05076 0.995036 -1.13557 -0.404007 0.157608 1.29453 -0.971201 0.354119 -0.711675 -1.7629 1.1004 -0.711969 0.805205 -0.120715 2.11676 0.650144 -1.70188 1.02235 1.07049 -0.0206047 
-0.571999 -2.47974 1.59323 -1.26636 1.53806 0.16056 -1.52852 1.63969 -1.17113 0.202428 0.299248 1.55499 0.261846 0.109139 -0.432499 -1.32856 0.614663 -1.14831 0.322994 -0.313532 0.841055 0.303613 -0.87872 1.53024 1.14791 0.93008 0.161045 0.0911131 -0.516621 2.24673 -1.89094 0.531318 -1.70076 -0.401453 -0.730632 -1.98199 0.50843 0.432718 -0.540021 
-0.618232 -2.55228 1.5331 -0.886238 1.24928 0.264343 -1.47923 2.33802 -0.329062 -0.4821 0.522145 0.962955 0.65312 0.197808 1.25998 0.398847 2.96921 -1.94208 0.135054 -1.22929 -1.56541 0.176536 -2.38725 0.503464 -0.681193 0.24432 0.684822 1.63689 -1.26028 2.66359 -2.03097 -1.53772 -1.58341 -1.28874 -0.496029 -2.18139 0.889976 0.542718 -0.0994534 
-0.499887 -1.64391 1.74745 -0.037142 0.591438 0.229208 -2.19723 0.426347 -1.02527 -1.33624 0.587633 1.12399 0.432357 0.970426 2.89264 -0.641695 3.44381 -1.8728 -2.68297 -1.80941 -2.65414 -0.952124 -2.19395 -0.369215 -0.378318 -1.05943 0.687921 2.27097 -1.48222 3.26163 -1.45096 -2.40407 -0.280708 -0.946279 0.0753008 -1.18516 0.192614 -1.14253 -1.41573 
-0.226219 -0.632685 1.29221 0.53881 0.336302 -1.09215 -2.46385 0.281263 -1.09216 -1.89601 0.32316 0.725487 -0.0516121 0.8867 2.15054 -2.71624 1.99949 -0.215104 -3.8254 0.850665 0.231968 -0.068823 0.720538 -0.256212 -0.943241 -2.15891 0.6048 2.68369 -1.74411 3.01509 -0.361795 -3.30543 0.0268908 -1.4911 -0.319393 -0.278223 -0.0461857 -0.49942 -2.44454 
-0.142541 -0.21692 0.718837 0.791946 0.48367 -1.70504 -1.73329 0.605396 -1.077 -0.869151 0.451757 0.525542 -1.01049 -0.0185156 1.13647 -2.0853 1.14966 1.3379 -2.39152 1.84265 0.557635 0.537412 1.80717 0.303562 -0.332524 -2.2505 0.3427 1.76471 -2.22046 2.02234 0.937654 -3.16098 1.59466 0.909785 -0.778693 0.693798 -0.607374 -1.19257 -2.26271 
-0.243677 0.121165 0.50317 1.01723 0.982888 -2.30125 -1.45971 0.7126 -0.655666 -0.727614 0.499904 0.517281 -1.55594 -0.352906 0.501186 -0.755817 1.08297 1.61571 -1.02726 1.2818 1.03414 -0.953829 0.264472 -0.544778 -0.752273 -0.904412 0.0109397 1.02309 -1.65257 1.70627 1.17094 -1.93699 2.16166 0.848651 -0.307299 1.73907 -0.515559 -0.638992 -1.82145 
-0.298453 0.115226 0.434614 1.24285 1.2652 -2.2242 -1.03457 1.40587 -1.84148 -0.696407 0.154724 0.0491235 -1.61115 0.0230662 0.403702 -0.498518 1.45173 0.410173 -0.581579 1.04902 0.622854 -0.936116 0.652996 -0.984245 -0.57659 -0.214354 0.0418734 0.693801 -1.13047 2.00206 0.277135 -1.28112 2.03749 -0.197098 -0.203483 0.571847 -0.986933 -0.134142 -0.717184 
-0.243917 0.3886 0.316646 1.6203 1.17884 -2.59502 -0.887752 1.19446 -1.40588 -0.304118 -0.0425598 0.153121 -1.69335 0.406804 0.545439 -1.01141 1.96862 -1.19893 -0.938666 1.44361 -1.3183 0.692537 0.548432 -0.753558 0.560337 -0.0627503 0.347649 0.354008 -0.727329 1.88297 -0.295609 -0.357124 2.70763 -0.395469 -0.886744 1.04293 -1.09604 -0.239881 0.447935 
-0.139807 0.476747 0.0533405 2.0592 0.679545 -2.69856 -0.247732 0.38396 -1.28005 -0.340396 -0.258906 0.411441 -1.64678 0.518622 0.133632 -0.638163 1.41861 -0.84649 0.0345443 2.5737 -1.18485 -0.229554 0.824741 -0.457062 0.234444 0.827413 0.332701 0.748168 -0.7355 1.4667 -1.35236 -0.689368 2.17412 -1.44157 -0.342499 1.54014 -0.0954105 -0.00067081 0.47084 
-0.0389735 0.476763 0.0770975 2.2097 0.764385 -2.5772 0.514484 0.275932 -1.58706 0.230221 -0.290605 0.307198 -1.13139 0.111038 0.582673 -0.138049 0.268143 -0.811388 -0.118567 1.46475 -0.708837 -1.13783 1.631 0.623404 -0.562666 0.706874 0.283309 0.125412 -0.211572 0.60254 -1.87809 0.160023 2.00234 -2.01715 -1.12679 0.996692 0.452829 -0.931975 0.280133 
-0.103623 0.862983 0.00368913 2.17389 0.282141 -2.75817 0.550615 -0.165813 -2.19271 0.714299 0.096462 0.0561772 -1.16575 -0.0795718 0.0610775 0.308165 -0.49713 -1.9469 0.212557 0.104638 -1.64843 -1.25385 0.587735 1.04528 -1.55976 -0.44194 0.131822 0.101461 0.432968 0.977947 -1.56802 1.51075 1.94808 -1.74793 -0.279109 1.04677 0.734955 -0.923028 0.891804 
-0.0817116 0.516764 0.196877 2.00861 -0.18458 -2.46936 0.572174 -1.00173 -2.59315 0.611597 0.30037 -0.685193 -1.42159 0.0863511 -0.42386 0.816161 1.22472 -1.52016 2.43986 1.14094 -1.74738 0.776441 -0.147847 0.334489 -0.749942 0.508192 0.0158083 0.044937 0.769058 0.518406 -1.8457 1.55706 0.616431 -1.53564 1.0219 0.52616 1.93701 -0.481854 0.714 
-0.0776609 0.581082 0.316358 2.68328 -0.459543 -1.52393 1.17263 -1.52012 -1.56371 0.620934 0.290478 -0.418752 -0.81809 0.0918891 0.0130149 0.895616 1.29055 -0.798249 2.17985 0.717993 -0.510456 2.6145 0.160692 1.48769 0.873875 1.41586 -0.0756634 -0.451233 1.11918 0.422318 -1.49743 1.7268 0.432582 -1.22515 1.93063 -0.178283 1.45744 -0.434384 1.23352 
-0.0534563 0.524861 0.539716 2.54517 -0.575603 -1.36661 0.963869 -1.39782 -0.483873 0.717362 1.13842 -0.12253 -0.464591 -0.219955 -0.245719 0.935239 -0.577543 -0.706246 0.213203 -0.564486 0.0233524 1.78702 -0.0978879 1.57009 0.131489 1.17034 0.00120335 0.00231669 1.15462 0.506138 -1.27078 1.9244 0.40185 -0.909715 2.90505 -0.270748 1.94662 0.526616 1.66599 
-0.178524 0.41743 0.674242 2.44901 -0.805876 -1.41576 0.865945 -1.50269 -0.12084 0.559813 1.17455 -0.330461 -0.0259169 -0.102871 -0.00280279 0.911211 -0.515802 -1.09057 0.776648 -0.182684 -0.771776 1.23873 -0.53692 1.05787 -0.127154 0.849213 -0.291866 0.143661 1.53281 -0.599481 -0.833138 0.867574 -0.672661 -0.35032 2.08177 -0.446419 2.36946 0.37585 1.18609 
-0.105841 0.522458 0.888476 2.33638 -1.10862 -0.973491 0.865096 -1.99635 0.517431 0.372892 1.73643 -0.199508 0.112002 -0.258547 0.467782 1.46311 -0.330497 -0.530709 1.12042 -0.338964 -0.522111 0.976503 -0.52626 1.52954 0.401058 0.44386 -0.617114 0.548834 0.93661 -1.29357 0.530437 1.22282 -0.721096 -0.481566 0.0838991 -1.11484 0.170817 0.0675437 1.07478 
-0.295367 0.727402 1.23256 2.31669 -1.06695 -0.84879 0.682068 -1.90781 0.66928 0.222223 2.03597 -0.0699204 0.278551 -0.894486 0.832147 0.554635 -1.44866 1.88463 1.1025 -0.785621 0.0891982 -1.11964 -1.03056 -0.839179 0.221728 0.614024 -0.821171 0.626178 1.15265 -0.554611 0.451201 1.16158 -1.34399 -0.200012 -0.569382 -1.04134 -0.0287478 0.229399 0.0427172 
-0.485994 1.0743 1.10184 1.74267 -0.196465 -0.415583 0.437989 -1.9279 -0.380576 -0.29017 1.27498 -0.0535562 0.530706 -1.06433 0.477487 0.340631 -0.50925 1.20675 0.664678 -1.46339 0.23387 -1.72211 -0.937484 -1.57234 -0.0765554 -0.380388 -1.06898 0.575743 0.262311 -1.16342 1.3899 1.12866 -1.04401 0.516592 -0.789413 -0.436229 -0.792649 0.170901 0.595191 
-0.745845 1.04382 1.36467 2.1106 -0.484065 -0.512298 -0.114123 -1.72728 -0.713927 -0.38077 1.16507 -0.114567 0.0296786 -0.823717 0.0375286 -0.143445 -0.317711 0.189586 0.632056 -0.61506 0.626217 0.0827942 0.420792 -0.204582 0.0196725 0.198754 -1.17795 0.573569 -0.244247 -0.755976 1.58492 0.766453 -0.683444 0.757175 -1.08231 0.104177 -1.05355 0.454623 0.216738 
-0.836845 1.09867 1.05014 1.61562 -0.107659 -0.0955893 0.103762 -1.44344 -0.310205 -0.016538 1.16794 -0.0367146 0.670628 -0.827702 0.388931 -0.721736 -0.636982 1.15794 0.513664 0.545501 0.818498 0.297579 1.09038 0.186722 0.721006 0.67988 -1.15126 0.0279897 0.269839 -0.39844 0.561641 0.459076 -0.507929 0.819194 0.302743 0.6614 -0.00263122 0.363388 0.211254 
-1.09835 1.30145 1.09339 1.85181 0.075107 -0.252178 0.183642 -1.09386 -0.470579 0.32501 1.27656 0.350415 0.492593 -1.02574 0.0111628 0.566409 -0.284339 0.650953 0.0742734 -0.0678157 0.513015 0.325965 0.518496 0.196 0.495172 0.0932993 -0.911306 0.184838 -0.704177 -1.09857 0.790005 0.518548 0.0484329 0.795256 -0.242926 0.825842 0.84098 1.18243 0.419424 
-1.27134 1.10553 1.26798 1.50234 0.205249 -0.0576796 0.0675405 -1.04667 -0.0439964 0.320152 1.28461 0.283963 0.739754 -0.638966 -0.105151 -0.378733 -1.0307 0.0227408 0.283992 -0.483415 0.287206 -0.611078 0.0809827 0.910098 0.957344 -0.10549 -0.920473 0.123703 0.00165751 -0.512712 0.408375 -0.159125 -0.403284 0.488092 0.210931 0.413382 0.21375 1.08954 0.325977 
-1.3727 1.23111 0.952347 1.43056 0.0828697 -0.108208 -0.0788971 -0.872019 -0.959019 0.379331 1.79204 0.966413 0.428267 -0.45555 0.180985 -0.562901 -0.491637 -0.0387011 -0.317259 -0.474942 0.162485 -0.038729 0.0707698 0.0789467 1.05123 0.354351 -0.714629 -0.140272 -0.0899004 -0.981754 0.17731 0.192736 -0.294102 0.603751 0.590858 0.476555 0.491623 0.814139 0.377589 
-1.46976 1.22513 1.05701 1.30352 0.183168 -0.217777 -0.190384 -0.921443 -0.0714945 0.367882 1.33591 0.959952 0.984132 -0.513953 -0.0983523 0.239038 -0.459178 0.245345 0.0133437 0.0868512 0.550283 1.40119 0.597438 -0.271048 0.197827 0.623141 -0.584766 0.0276681 -0.457974 -0.555919 0.284035 0.325979 0.502243 0.556985 -0.0100614 0.692753 0.582951 0.569253 0.0868029 
-1.59529 1.16528 1.04588 1.24514 0.19876 -0.101112 -0.0308936 -0.446378 0.173125 0.766969 1.64788 1.09709 0.853091 -0.490204 -0.132776 -0.152489 -0.350101 0.465751 0.819204 1.14468 0.609504 0.0334546 0.912766 0.679773 -0.243939 -0.231086 -0.605329 -0.191431 -0.0231641 -0.504431 0.484448 -0.141142 0.274802 0.49563 0.903977 0.48984 0.0905905 0.723725 1.4752 
-1.68252 1.13645 1.00187 1.1631 0.406117 0.196862 0.433664 -0.449924 -0.0408595 0.959032 1.72276 0.808351 0.83549 -0.464603 -0.181829 -0.274353 -0.304193 0.480216 -0.228714 0.278342 0.135774 -0.196626 0.0997317 0.384616 0.828903 1.38317 -0.393327 -0.220967 -0.0312266 -0.0736314 0.606509 1.01423 1.40709 0.726954 0.0199876 0.736623 0.435631 0.26931 0.98379 
-1.79745 1.04404 0.944472 1.12366 0.428735 -0.21643 0.121387 -0.341848 0.0184645 0.833391 1.86989 1.63102 1.78815 -0.150155 -0.191675 0.104564 0.242422 0.441617 0.739624 0.73664 0.400539 0.00104456 0.132682 -0.11409 0.625138 1.57091 -0.3675 0.0689277 0.0531902 -0.196948 0.388912 0.203875 1.06119 0.282149 0.183777 0.499781 0.248871 0.81452 1.00312 
-1.75448 1.00867 1.04434 1.26718 0.617343 0.571255 0.835515 -0.140286 -0.036326 1.04672 1.66626 1.21207 1.89658 -0.134555 0.291879 0.358462 0.00882225 0.103047 0.543155 1.13982 0.251287 0.447921 0.611468 -0.06365 0.326808 -0.0171283 -0.258368 -0.0772059 -0.290255 -0.209901 0.275208 0.0584026 0.140526 0.207972 0.243447 0.16341 -0.174504 1.34475 1.4358 
-1.86296 1.23724 1.08335 1.13135 0.475506 0.0586037 0.742792 -0.147833 0.38289 1.23008 1.84155 1.84411 1.78314 -0.27491 0.0826964 -0.557629 -0.557509 -0.0277134 -0.648572 -0.551241 -0.117368 0.32923 0.103806 -0.119701 1.2838 0.381958 -0.249524 -0.0789233 -0.0630438 -0.17132 0.38385 0.962548 0.64832 0.0180539 -0.0339812 0.395014 0.0216958 -0.283322 -0.470539 
-1.8781 1.06302 0.835375 1.04118 0.600599 0.243605 0.536041 -0.23186 0.232512 1.11577 1.60662 2.03667 2.15949 -0.276401 -0.403431 -0.456152 -0.265187 0.472676 0.936313 -0.274491 -0.23411 -0.484856 -0.0481236 0.0869435 -0.730666 -0.615516 -0.280947 -0.0525396 -0.312105 -0.877192 0.163442 -0.186048 -0.23172 -0.160547 0.221534 -0.132141 0.0842311 -0.322104 -0.394648 
-1.98719 0.968902 0.912912 1.02597 0.701819 0.532467 0.594024 -0.329845 -0.00389658 1.20108 1.89732 1.3815 1.37642 -0.186174 -0.154704 0.0703891 -0.773218 0.275142 0.364243 0.238206 -0.115599 -0.02796 -0.284422 0.224936 -1.74275 -0.911673 -0.339774 -0.51593 -0.22069 -0.446608 0.478343 0.508063 0.117156 0.0921783 0.674881 -0.232143 -0.92517 -1.29005 -0.594246 
-1.96497 0.959789 0.864869 0.726173 0.730962 0.428159 0.666465 -0.322064 0.213687 0.934261 1.73946 0.927355 1.55395 -0.278527 -0.363117 0.111892 -0.410176 0.243791 -0.154758 0.428597 0.355103 1.38619 -0.273621 -1.30435 -1.10333 -0.184909 -0.312344 -0.205909 0.171572 -0.522356 0.229574 0.99566 1.0158 0.556006 -0.0926216 -0.335551 -0.741832 -1.10848 -0.862951 
-2.11231 0.727322 0.958165 0.860761 0.816954 0.45455 0.828127 -0.0554052 1.11616 1.02654 1.17609 0.680763 1.25878 -0.324997 -0.147177 0.198879 -0.0174358 0.0707899 1.16607 1.11918 0.886216 -0.0865928 -0.18326 -1.20211 0.166694 -0.253189 -0.273575 -0.322835 -0.138861 -1.09672 0.0609877 0.316137 0.477485 0.417852 0.344602 -0.233673 -1.13406 -0.952533 -0.138547 
-2.10933 0.86155 0.943152 0.723022 0.762064 1.01822 1.27663 0.363819 0.147642 0.818041 1.07532 1.03814 1.39047 -0.170796 -0.114016 -0.328166 -1.25467 -0.148965 0.64159 0.207986 0.222019 -0.922021 -0.0502838 -0.186772 -0.251191 0.00253782 -0.243271 -0.46378 -0.221406 -0.435981 0.314132 0.556386 0.52321 0.732168 0.323358 0.232315 -0.332062 0.420795 0.33792 
-2.19282 0.651095 0.836325 0.347094 0.741313 0.779366 0.942096 0.115937 0.377304 0.996145 1.07899 0.524528 1.26697 -0.0759832 -0.541207 -0.544259 -0.641753 0.401088 -0.31031 -0.421372 0.131129 0.52264 0.516991 0.761866 0.429701 0.717038 -0.261516 -0.354788 -0.231212 -0.721049 0.126738 0.655533 0.695027 0.650765 -0.140532 0.072885 0.589365 0.0361284 0.161888 
-2.15058 0.501754 0.73926 0.462262 0.953605 0.861634 1.04788 0.46475 0.572242 1.15376 1.50802 1.31698 1.87833 -0.25929 -0.411009 -0.0325516 0.161602 0.341725 0.366422 0.719883 0.681316 0.744053 0.159016 0.953895 0.301137 0.222562 -0.192341 -0.369494 -0.289143 -0.661708 0.468277 0.111401 -0.129235 0.0511101 0.860903 0.350172 -0.346916 -1.28065 -0.422369 
-2.30997 0.377724 0.826732 0.417819 0.904018 0.965022 1.33482 0.643088 0.98022 1.10083 1.61893 0.72122 1.42288 -0.243751 -0.00586005 0.0929341 -0.360999 0.300387 0.482746 0.245564 -0.0676552 0.624913 -0.0169313 -1.22157 -2.25034 -1.28435 -0.0963016 -0.199338 -0.164239 0.316256 0.485064 0.105963 0.138437 0.305389 0.114159 0.484988 0.337493 0.159169 -0.225088 
-2.2613 0.497321 0.777314 0.317348 1.09623 1.10612 1.18231 0.411688 1.07921 1.14489 0.83301 -0.116676 1.0226 0.0927634 0.118976 -0.223414 0.324141 0.384753 -0.202336 -0.537281 -0.261706 -0.584906 0.531306 -0.516806 -0.076402 -0.522308 -0.262359 -0.0862805 -0.0259121 0.0535654 0.219351 0.363683 0.60329 0.502887 0.740899 0.39243 -0.331651 -1.06971 -0.506582 
-2.28135 0.456158 0.744667 0.555612 1.08762 0.863044 1.04295 0.439697 0.512858 1.44579 1.33752 0.676672 1.07873 -0.187681 -0.116719 -0.132546 0.446918 0.0303183 0.0770973 0.55947 0.763876 0.3638 0.576629 0.781868 0.72936 0.602822 -0.098794 -0.0751766 -0.0448779 0.0681343 0.246176 0.393136 -0.405974 0.0327685 -0.110892 0.110473 0.230721 0.686716 0.734559 
-2.3488 0.4193 0.729752 0.505802 1.10767 1.14546 1.48768 1.0028 1.37589 1.5191 1.27688 0.353644 1.43379 -0.263266 -0.224912 0.154138 -0.216047 -0.0140923 0.807408 -0.00907869 0.299491 0.44617 -0.369526 0.81399 1.05056 1.52411 -0.197525 -0.466086 -0.172421 0.278268 -0.0650529 -0.0852085 -0.22484 -0.0479966 -0.0220098 0.157406 0.609042 0.603155 0.221134 
-2.40015 0.306318 0.805961 0.470509 1.0775 1.27172 1.03871 0.671056 0.875874 1.20935 1.79933 1.35223 2.1084 -0.140323 -0.575121 -0.136217 -0.0189939 -0.123227 -0.206576 -0.863294 -0.839208 -0.38489 -0.348615 0.0110393 0.12609 -0.297367 -0.0991501 -0.226741 -0.343168 -0.285852 0.0859432 0.383898 0.882923 -0.0410349 0.640899 0.179768 -0.0269098 0.240784 0.100392 
-2.41669 0.0369908 0.680796 0.502009 1.04453 1.04133 1.01828 0.352026 1.06961 1.29616 1.29025 0.438485 1.24065 0.0921954 -0.108192 -0.689962 -0.214639 0.146089 -0.216523 1.18854 -0.365073 0.410181 0.629099 -0.854385 -0.709882 -1.38241 0.00260843 -0.150764 -0.135303 -0.735627 -0.626899 0.1083 -0.0214168 -0.214976 -0.390378 -0.304438 0.405524 -0.116206 -0.348709 
-2.37177 0.233958 0.546744 0.385987 1.14517 1.16256 1.68665 0.387589 1.20991 1.61742 1.32939 0.902901 1.18684 0.131583 0.355893 -0.0744911 -1.09627 -0.806539 0.37425 0.831852 0.530009 -0.12378 -0.0751584 0.515192 -0.292546 -0.170043 -0.049224 -0.0813304 -0.0840503 -0.327346 -0.164621 0.352696 0.663997 0.156575 0.496953 0.218914 -0.599402 -0.613147 -0.963275 