-1.0009 -0.0905248 0.964222 0.149106 0.520593 0.469188 1.56 1.10291 1.00112 1.77166 1.42456 -0.706087 -0.633624 2.13006 -1.79505 -1.33115 -0.676036 -1.19534 -1.50962 0.858508 0.820521 -0.053922 1.34034 1.04202 -0.398814 0.102566 2.3411 -0.546538 -0.450924 -0.201864 -0.748311 -0.604166 1.17558 -0.492501 -0.42031 1.38046 0.432181 -1.37994 -1.34626 
-0.128583 -1.4788 0.381378 -0.0828811 0.13422 -0.0743307 1.60389 1.38109 1.20134 2.3898 1.69936 -1.73568 0.196958 3.82504 -1.09813 -1.01823 -0.745024 -0.152029 -0.449203 0.247438 -0.69034 -1.03013 0.573933 -0.0772556 -2.56653 -0.630381 0.500172 0.132651 0.169011 -0.694796 0.301207 -0.247612 -0.0428145 -0.0705707 -0.69792 -0.150152 -0.323496 0.305498 0.709309 
0.47749 -0.953838 0.531647 -0.113487 0.431955 0.297136 1.67085 0.497191 0.189368 2.19754 1.37723 -2.89825 -1.07993 -1.39445 2.00167 1.61154 -0.357508 1.65255 1.16521 -0.892593 -0.921066 -0.7895 -1.52441 -1.49191 0.815529 0.802194 0.212791 0.11393 0.0550876 -0.379282 0.854086 0.414553 -0.883892 -0.646581 -0.42055 0.564953 -1.19805 -0.694228 0.863064 
-0.696031 0.0755991 1.04835 -0.209359 1.07215 0.368414 1.18361 0.57356 0.579082 1.22445 0.811355 -1.02506 0.803788 -3.52171 1.27748 1.1148 0.182031 1.43968 1.05136 -1.3386 -0.213544 0.519397 0.119612 -1.58231 1.61643 1.73352 -1.68808 1.39064 0.569333 -0.0979264 0.837196 0.542414 -0.539903 -0.514291 0.270144 0.355861 -0.823858 0.803179 0.17633 
-0.923764 0.0357272 0.990919 -0.0504508 1.24879 0.696524 1.04278 0.308499 0.597844 2.2789 0.43551 -1.50022 0.211552 -1.16149 0.0372117 -0.685228 0.214121 -0.390271 -0.380279 0.233762 0.201681 1.10722 1.96135 0.349926 0.281611 -0.585105 -2.69726 1.01653 0.317698 -0.053269 0.330059 0.177644 -0.653221 0.383935 1.04662 -0.509981 -0.267073 1.79867 2.01801 
-1.17217 0.097804 0.755001 -0.13505 0.847985 0.22261 1.28809 0.748046 1.45046 2.70245 1.01789 -0.772693 0.390771 -0.552213 0.216514 -0.594501 -0.258816 -0.939132 -0.787863 0.537348 0.746881 0.729662 -0.745281 1.21047 0.841735 0.859772 -0.738876 0.0159488 -0.74997 0.158985 0.456773 0.529204 -0.417741 0.412275 1.0013 0.79564 1.2379 0.884795 -0.137924 
-1.16109 0.19778 0.735509 -0.142263 0.712394 0.395505 1.2887 0.959844 1.1719 1.7044 1.15343 -0.767109 0.860709 0.0333356 -0.000566548 -0.517171 0.0256438 1.08115 1.14633 -0.739059 0.371179 0.0874823 -0.984692 1.35988 0.927113 0.396731 -0.383485 0.0712531 -0.706785 -0.43082 -0.288927 -0.400812 0.457189 0.702914 0.697191 -0.809741 1.19978 1.55669 0.185756 
-1.17998 0.0905433 0.531924 -0.126945 1.46086 0.658164 0.939339 1.07078 1.51881 1.94639 1.8246 0.0337011 0.699532 -0.0413663 -0.099318 -0.538217 -0.381039 0.509947 0.224459 0.0569788 0.231323 0.100279 -0.248269 0.446619 1.2856 -0.630521 0.354079 -0.348675 -0.602304 0.323043 0.237939 0.977998 0.234354 0.301006 -0.476921 -1.46426 0.0607884 -0.0559858 -0.295043 
-1.19818 0.113498 0.503633 -0.277006 1.00033 0.479995 1.31082 1.16026 1.25033 1.50678 1.41743 0.346973 0.414305 0.482519 -0.493863 -0.446966 0.458793 -0.718965 0.261272 1.05332 0.0464994 -0.665826 -0.812116 -1.27823 -1.00462 -0.787827 0.56103 -0.367389 -0.26156 1.10362 0.836033 -0.618624 -0.643534 0.227903 0.398202 -0.478744 -0.468807 0.371334 -0.460748 
-1.01173 -0.301468 0.338201 0.0333047 1.04971 0.756673 1.42565 1.10954 0.993939 1.3212 1.06358 -0.817887 0.137487 0.868514 -0.422368 0.123874 2.02961 0.75059 -1.09922 -0.846054 0.0844009 0.37104 -0.339065 -1.0975 -0.778877 0.0256264 0.987743 -1.22761 -0.426778 1.17046 0.10424 -0.108299 -1.03318 -0.799665 -0.893005 -0.96318 -0.678937 0.703632 -0.451303 
-0.878631 -0.22275 0.548586 0.434995 1.42517 0.0604048 0.912215 1.23216 1.54197 1.24032 0.763808 -0.310866 0.450255 0.986485 -1.28073 -0.233959 1.28946 0.880328 -0.40653 -2.33211 -1.16388 -0.411589 -0.369742 0.336702 1.96566 0.195119 1.64449 -1.23024 -0.524472 1.13031 0.0979208 -0.19428 -0.0841617 -0.0359384 1.05954 -0.896714 -1.13386 -0.203543 0.0136038 
-0.645939 -1.3072 0.233539 0.48533 1.54835 0.600872 0.334704 0.0896304 0.669279 1.03147 1.26226 0.879877 0.298036 1.58836 -1.35606 -0.962429 -0.341237 -0.598719 0.831058 0.760004 -0.136646 0.893522 -0.761222 -0.47327 0.499636 -0.018493 1.63205 -1.12401 -0.548901 0.398171 0.0804432 0.191534 0.360112 0.719254 0.93187 -1.27908 -0.932274 1.09791 0.420528 
-0.276931 -1.28724 0.13934 0.314233 1.08242 0.375897 1.26187 1.11073 2.24507 0.653723 0.481147 0.128629 0.453772 1.45168 -0.34298 -0.644012 -0.692984 -0.754708 0.689884 2.80443 2.16488 1.52301 -1.1998 -1.62865 -0.465566 0.337044 1.56829 -1.48719 -0.966039 -0.719163 -0.491478 0.110961 0.503838 -0.00781746 -0.281256 -1.08889 0.333025 0.723813 1.05661 
-0.0978141 -1.58153 -0.0425721 0.241015 1.11686 0.862603 1.63685 1.98123 1.86809 0.112287 0.292999 0.490949 0.56292 0.753892 -0.796618 -0.588599 -0.728647 -0.134703 -0.662883 -0.10705 0.12362 -1.23718 -0.574907 0.931469 0.488995 1.37136 1.46818 -0.481103 -0.917296 -0.781129 -1.02513 -1.01281 0.879476 0.772487 0.248341 -1.3391 -0.517206 -0.402749 0.918602 
-0.00231075 -1.91539 -0.113602 0.0573921 1.00364 0.122473 1.20757 1.21694 1.27027 0.208414 1.03327 0.558991 1.47901 0.739992 -0.34433 -0.828368 -0.469314 -0.780278 -2.12814 -1.67937 -1.08964 -1.23145 -0.443404 0.910819 -0.0860284 0.837755 0.920767 -0.516731 -0.589278 -0.55169 0.0881464 -0.0756618 -0.20095 0.233152 -1.0859 -0.112495 0.131837 -0.0713717 0.153171 
0.171358 -1.85691 -0.395765 0.0752658 0.670834 0.0511856 0.850011 1.02626 0.897803 -0.233301 0.832852 0.427775 1.19589 0.614367 0.0574162 -0.354521 -0.0914718 0.271894 0.564281 -0.125781 0.199424 -0.0716064 0.437053 -0.75155 -0.587533 -1.18415 0.475393 0.254769 0.124222 -0.467301 -0.366804 -1.18261 -1.41041 -0.891718 0.0763529 -0.0975011 0.292553 0.096884 0.75328 
0.217621 -1.87742 -0.268673 0.0243602 1.15615 0.336372 1.14454 1.38945 1.21334 0.530499 0.585239 0.0653809 0.625618 -0.0416584 0.728817 1.03649 -0.224949 0.23412 0.447155 -0.0735268 -0.156124 1.31672 0.323952 -0.508599 0.217528 0.123739 0.847457 2.16732 -0.159355 -1.8999 -2.47929 -0.608216 -1.5698 -1.47806 -1.38315 -1.21985 -0.793296 -0.385628 -0.876086 
0.134152 -1.29528 0.0307651 -0.00465013 0.801864 0.220482 0.811328 0.887786 1.93416 0.00301716 0.529196 0.62514 1.30397 0.643621 3.1127 0.105088 -2.73934 -3.99107 -1.42417 -1.82744 -2.26294 -1.59371 -1.93391 -0.348161 0.0593464 0.0433722 1.88758 1.97664 0.19453 -2.17583 -3.40262 1.20436 -1.30193 -1.40947 -0.0758853 -0.369571 -1.48 1.06253 -1.46466 
0.449019 0.54353 -0.231575 -0.938742 -1.11639 -0.206962 0.28872 -0.591748 -0.0422258 -0.945378 0.376926 0.12698 0.674614 2.86418 2.16357 -0.714926 -3.01738 -5.34017 1.28403 -1.54303 -1.81174 -1.41405 -0.777302 -1.54095 1.23419 -2.02392 2.07375 1.58202 -0.218833 -2.07303 -3.98908 0.81247 -1.82096 -1.03658 0.0234781 -1.89152 -1.39679 0.929522 -0.779023 
1.23593 0.38539 -0.274996 -1.06541 -2.23814 0.708473 0.0880101 -0.698766 0.82008 -0.595774 -0.387946 1.6951 -0.166767 2.45894 -0.795067 -0.45049 -0.349661 -1.99585 2.59515 -0.441441 0.815136 1.61557 -0.38725 -1.58629 1.21053 -1.05892 2.42153 1.05126 -0.571993 -2.55621 -3.22278 1.24167 -1.15238 -0.468761 -1.33859 -1.3576 -0.395545 0.711718 -1.93189 
1.39195 -0.0834078 -0.426771 -1.06246 -2.25392 0.780325 0.0786274 0.119297 1.22947 -1.24838 -0.567163 1.17663 -0.086719 0.761503 -0.619 -0.200304 -0.792228 0.504251 0.500488 0.114429 1.15585 -0.19782 -0.88861 0.991397 -0.2621 -0.479107 1.8657 -0.657436 -0.0840018 -0.479595 -0.819903 2.65517 -0.483207 0.390336 0.291658 -0.175923 0.17566 1.20914 -0.799665 
1.51353 -0.104223 -0.365587 -1.34459 -1.95345 0.898079 0.136895 0.310284 0.663759 -1.27897 0.199792 1.4808 -0.501862 0.330675 -0.149071 0.322639 -0.362937 0.76912 1.20997 -0.146134 -0.272873 -1.27205 0.171554 1.82683 0.441631 0.0167389 0.522028 -0.548685 -0.0511378 -0.314404 0.523739 0.840479 0.0658799 0.432117 -0.397685 -0.652644 0.405424 -0.665516 -0.627905 
1.50069 -0.206496 -0.298712 -1.19085 -1.81855 1.24012 0.00611727 -0.121287 0.227212 -1.12763 0.51704 1.56634 -0.0573023 0.00697772 -0.166744 0.12548 0.325992 0.287212 0.710532 -0.0119049 -0.555315 -0.285485 0.0878577 -0.433057 -0.648746 -0.341461 0.245948 -0.0594516 -0.0479425 -0.651499 0.536597 1.01666 0.183896 -0.0915203 -0.645141 -0.211972 0.684347 -0.367714 -0.553542 
1.49539 -0.241095 -0.319962 -1.23098 -1.79221 1.16767 0.126922 -0.177339 0.438403 -1.22169 -0.0589713 0.934655 -0.735769 0.0225301 0.0758957 -0.392308 -0.606034 0.0416555 0.2529 0.396982 0.14311 0.491931 -0.431492 -0.882683 -0.945326 -0.74136 -0.0581852 0.0686867 0.0471189 -0.0345997 0.104815 0.430235 0.40273 -0.366063 -0.658445 -1.0543 -0.792358 -0.45125 0.214704 
1.48864 -0.154119 -0.469582 -1.40462 -1.797 1.33544 0.186643 0.00196907 0.614059 -1.46419 -0.00892032 0.765636 -0.585188 -0.111245 0.280202 -0.0417654 -0.374935 -0.124986 -0.0859553 0.537786 0.0426582 -0.510588 -1.38155 -0.665357 0.0308423 0.608062 -0.115238 0.283792 -0.106101 -0.326988 -0.0266617 -0.140283 0.625638 0.422801 0.610859 -0.445146 -1.32424 -0.872862 -1.19535 
1.43091 -0.0293677 -0.344266 -1.36358 -1.86547 1.13395 0.373047 -0.141942 0.0357832 -2.27869 -0.455783 0.971789 -0.271653 -0.212616 0.350863 0.2288 0.121031 -0.0769103 -0.443878 0.409052 0.44443 0.234459 -0.114608 -0.951423 -0.249002 -0.811347 -0.222485 0.492753 0.135945 -0.391692 -0.115135 -0.122926 0.286319 0.15846 0.274929 -0.54637 -0.63754 -0.249067 0.113809 
1.38443 0.112721 -0.380758 -1.36301 -1.84291 1.16541 0.372791 0.388776 0.79815 -1.56044 -0.57573 0.562583 -1.16452 -0.240159 0.450908 0.268802 -0.206567 -0.0431581 -0.0802118 -0.158212 0.176216 0.834048 0.711219 -0.218915 -0.372324 -0.471639 -0.390375 0.465639 0.509175 -0.0919346 -0.303439 -0.421224 -0.0510036 0.0255467 0.220987 -0.469216 -0.945553 -0.437243 -0.155073 
1.3159 0.315503 -0.238717 -1.43704 -1.89217 1.10242 0.29491 0.01027 0.692041 -1.7487 -0.58729 0.66289 -0.601258 -0.391327 0.340755 0.600448 -0.255481 -0.374072 -0.148704 -0.453429 -0.410925 0.0243004 -0.461031 -0.358889 -0.349752 0.600847 -0.425513 0.395247 0.410835 -0.190271 0.0750412 0.22625 -0.147747 0.0135267 0.611167 0.190253 -0.162222 -0.855992 -1.42595 
1.21016 0.371677 -0.136543 -1.45365 -2.05786 1.1078 0.157114 0.0274448 0.816745 -1.91939 -0.790419 0.273058 -0.70571 -0.416639 0.138185 0.401773 -0.0745399 0.160664 0.413193 -0.00775318 -0.159474 -0.107289 -0.477525 -0.00790477 -0.798939 -1.3786 -0.450632 0.361746 0.59892 -0.0968374 -0.0279788 -0.203491 0.241037 -0.199183 -0.0495154 -0.307107 -0.228487 -0.452434 -0.542244 
1.13171 0.416462 -0.0775702 -1.46413 -1.80293 1.25878 0.286871 -0.131129 0.607012 -2.12016 -0.593401 -0.0121676 -1.5976 -0.303254 0.199543 0.373605 0.113719 0.336839 -0.13263 0.776092 0.131008 -0.0899948 0.0843394 0.040413 -0.269772 -1.31089 -0.509107 0.32439 0.604428 0.343009 0.038589 0.172833 0.482691 -0.0767914 -0.231261 -0.443258 -0.461698 -0.925127 -1.51311 
1.07042 0.520493 0.0128256 -1.41461 -1.8684 1.0563 0.514265 0.140116 0.745335 -1.86478 -0.767816 0.0521783 -1.65228 -0.3659 0.347704 0.581166 0.588754 -0.0979104 -0.156573 0.63413 0.0502526 -0.1764 -0.0662588 -0.633145 -0.466846 -0.584101 -0.369503 0.360099 0.817147 0.249889 0.38279 0.180467 0.593451 -0.15827 0.239576 -0.316411 -0.303239 -0.415775 -1.23303 
0.967417 0.680838 0.158583 -1.25823 -1.86078 1.19817 0.577882 -0.0890907 0.467559 -2.17975 -0.971069 -0.402194 -2.00988 -0.269294 0.338356 0.952558 0.261617 0.242914 0.400164 -0.0105104 -0.353865 0.37105 -0.472449 -0.462285 -0.299632 -0.290439 -0.355704 0.358906 0.742211 0.434766 0.127254 -0.327459 0.32841 -0.11103 0.235551 0.663304 -0.722673 0.351107 -0.504926 
0.943993 0.777578 0.404263 -1.32362 -1.73237 1.2077 0.504941 -0.171307 1.03699 -2.23239 -1.04395 -0.194329 -1.84868 -0.185891 0.188457 0.624088 0.0623037 0.293841 -0.301974 -0.201655 -0.207225 0.452628 0.880506 -0.368882 0.945917 -0.0777938 -0.467942 0.171475 0.446677 0.495392 0.338756 -0.318877 0.161798 -0.805631 -0.612165 0.854722 -1.11526 0.14994 -0.482561 
0.873678 0.821009 0.412682 -1.23725 -1.69578 1.08218 0.479505 -0.272255 0.823454 -1.52139 -1.1917 0.42034 -2.04995 -0.451325 -0.0751866 -0.224153 0.479857 0.270698 -0.846442 0.233585 -0.771841 -1.11161 1.52161 -1.08277 0.503669 -0.342599 -0.43838 0.0193724 0.138944 0.584507 0.897317 -0.0525049 0.395692 -0.628849 -1.25477 1.4425 -0.825005 0.396254 -0.1254 
0.746214 0.712117 0.303701 -1.15597 -1.58053 0.884375 0.60934 -0.848314 0.161072 -1.08786 -1.68881 0.248627 -2.08342 -0.490261 -0.146826 -0.392213 0.812074 1.05875 0.236474 0.718691 -0.67193 -1.96396 0.890013 -0.77469 -0.405122 -0.0944214 -0.616298 0.0961845 -0.179199 1.1577 0.682862 -0.438037 -0.0435255 -0.527372 -1.92275 3.02954 -0.121667 0.449771 -0.419529 
0.660638 0.699672 0.241852 -0.952905 -1.09565 1.17125 0.809913 -0.861876 -0.723676 -0.85581 -1.65348 0.0832909 -2.10225 -0.492449 0.228695 -0.0572993 1.24937 0.759771 0.229823 -0.268563 0.0342117 -1.20093 2.1966 0.912043 0.110295 -0.209113 -0.856281 0.306052 -0.11581 1.51154 1.47713 0.174833 -0.428533 -0.389357 -3.06652 2.28447 0.321723 -0.107266 1.16774 
0.532316 0.883671 0.272903 -0.718027 -1.15047 0.970907 0.479791 -0.820306 -0.785182 0.56854 -1.14823 0.353954 -2.22003 -0.814493 0.606006 0.213039 1.44486 1.16473 0.023005 -1.23755 0.126786 -1.72047 1.91381 1.21726 0.257509 1.59067 -1.10354 0.495022 0.232077 1.49422 1.26544 0.511378 -1.58819 0.0643686 -1.55779 0.363279 1.13634 -1.06912 0.749147 
0.320511 1.16551 0.324086 -0.446296 -0.435221 1.17902 0.228916 -0.752897 -2.07906 0.586136 -0.931522 0.314971 -0.915794 -1.18423 0.50572 0.439445 0.981733 1.14574 0.510747 -1.70777 0.0534372 -0.67386 -1.75056 0.657289 -1.57295 1.16527 -0.449267 -0.406752 0.121644 1.89094 0.184047 -0.524766 -2.37458 0.487117 0.562315 -0.77874 1.64954 -0.154784 1.54533 
0.0472662 1.27129 0.4498 -0.374093 -0.500851 1.16442 -0.32028 -0.775482 -1.31638 -0.7683 -0.759042 -0.985428 -1.34629 0.121965 -1.18502 -0.00907835 1.37789 -0.8835 -0.763601 -1.72713 0.550454 2.38863 -2.86931 1.06192 -0.470087 0.392758 -1.6571 0.167748 0.151259 0.378776 0.394111 -0.132737 -0.686871 0.886278 1.37826 -0.160564 2.17939 -0.595512 1.96164 
0.347439 0.234425 0.31345 0.0367892 -0.93997 0.887244 -0.580172 -0.273356 -0.19859 -1.59908 -0.301873 -0.0778371 -0.609954 -1.3251 -0.247979 -0.1877 -0.414179 -0.548985 -0.690939 0.86423 1.1805 2.32071 1.55372 2.35478 0.757812 1.3553 -1.64949 0.362338 0.18638 -0.505901 -0.0874113 0.0339537 1.0029 0.976228 1.88933 -0.0574953 2.01695 -1.321 0.2807 
-0.493 1.07106 0.36448 -0.520477 -0.815306 0.900312 0.077934 0.255127 0.510602 0.40058 0.638907 -0.324344 -0.332858 -2.61985 1.72618 0.317492 -2.12972 0.756997 0.821694 3.00731 0.808929 -0.128789 2.79896 1.72546 -1.33693 -0.0410064 -1.19484 0.483267 -0.0207328 -0.585291 -0.373627 0.0616287 1.90756 0.314966 1.80027 1.14101 1.64025 0.652213 0.765182 
-0.700318 1.57396 0.439357 -0.712182 -0.511492 1.19917 0.816494 0.432261 -0.30055 0.514098 0.722095 -1.21465 -0.622988 -0.488908 0.965273 0.161935 -0.456052 -0.00742223 0.788593 1.55293 -0.74335 -0.167687 -0.153205 -0.0884432 0.132928 -0.378449 -1.84944 1.4339 0.178006 -1.27009 0.2873 -0.434705 0.69391 -0.481215 0.264276 1.22885 0.577078 -0.685247 -0.0838518 
-0.705511 1.81711 0.425346 -0.681568 -0.821682 1.19963 0.797013 -0.39696 0.37801 0.275058 0.584935 -0.19959 -0.593956 -0.178798 0.375701 -0.0225904 0.238198 -0.320672 -1.43355 -2.11547 -1.48219 0.43947 -1.29064 -0.929693 0.399106 -0.0776013 -0.346487 0.846754 0.0602636 -0.26805 0.113516 -0.924191 0.25968 -0.115239 -0.477393 -0.749982 -0.336295 0.310296 -0.248181 
-0.791277 1.86017 0.423071 -0.629417 -0.696067 0.652264 -0.173522 -0.866051 0.044984 -0.473974 0.168198 -0.861435 -0.662923 -0.0490201 0.28144 -0.0570117 0.0589467 0.182719 -2.10017 -1.20684 0.580506 -0.411224 -0.767005 -0.379151 0.290346 0.0478173 -0.252407 0.277976 -0.0426362 -0.0288332 -0.613855 -1.49012 -1.91455 -0.651628 0.231507 -1.8358 -0.250263 0.821081 0.0842924 
-0.745601 2.02981 0.394668 -0.661765 -0.719894 0.398868 0.230324 0.108866 0.0536374 -0.315925 0.358205 0.0602736 -0.541693 -0.217616 0.0425856 -0.0385163 -0.278541 -0.596563 -0.687024 -0.27103 0.571262 -0.168093 -0.962142 0.581097 0.722509 0.17594 0.428527 -0.995948 -0.573812 0.740966 0.483106 -1.31913 -1.36269 0.957265 -0.10228 -2.0371 -0.937967 -0.00749553 0.190932 
-0.897451 1.88657 0.400126 -0.728157 -1.03759 0.389647 -0.30422 -0.368311 -0.0879273 -1.21293 0.512109 -0.230651 -0.516473 0.676859 -1.71862 -0.861153 1.04877 0.547712 0.22403 -0.486084 0.75243 0.282241 -1.73282 -0.920667 -0.301553 0.188113 2.98134 -2.78206 -0.962364 0.504972 0.425155 -0.665945 -0.209232 1.79352 -0.707639 -0.737869 -0.964633 1.37623 0.947324 
-0.501175 0.682535 0.0277674 -0.294284 -0.410472 0.483195 -0.000567385 0.765066 0.275356 -1.63931 -0.190328 -0.187883 -0.386294 4.68537 -4.08123 -1.50658 1.0343 1.23995 -0.255388 0.0277896 1.92796 -0.686986 0.056797 -1.9178 1.1581 1.03592 2.50301 -3.42358 0.427375 0.608475 1.55746 -0.320934 -1.43983 1.59659 0.21177 0.167952 0.158368 0.798983 2.02425 
0.918157 -1.30345 -0.236637 -0.365758 -0.334372 0.291403 -0.2957 1.31607 -0.629458 -1.17921 -0.628984 0.774001 0.262173 3.07138 -3.2544 1.55842 -0.138647 1.79642 -0.673249 -1.30378 1.47214 -0.0345364 1.93915 1.13728 1.39296 2.41324 2.3222 -3.32369 -0.00558109 0.603625 1.90463 -0.517356 -0.53744 1.66776 2.40353 1.73783 -0.299813 0.678823 1.5428 
0.681813 -1.86258 0.672522 -0.343887 0.609304 0.225823 -0.61242 2.05076 0.247618 -0.178149 0.484105 1.01834 1.40486 -1.20909 -0.746299 1.50526 -0.131412 1.62565 -0.474615 -0.683526 0.395878 3.56359 2.07617 1.50067 -0.230983 0.944246 1.4442 -1.88104 0.0012781 0.19004 1.0359 -1.16883 -1.42777 0.52314 1.31114 1.70517 0.535159 1.30336 2.55194 
0.423364 -1.89235 0.385894 -0.412819 0.588256 0.109674 -0.618579 1.66041 2.17627 0.385863 0.261395 0.586414 0.97343 -0.915787 0.528081 -1.54867 0.424727 -0.235675 -0.988035 -0.470929 -0.744662 1.60088 0.15373 -0.399494 0.388025 0.86896 -0.851431 1.0201 1.00006 0.961347 0.843104 -1.07262 -1.48641 -0.960722 1.34605 1.51959 0.514238 -0.346947 0.935665 
0.301983 -1.45752 0.0181627 -0.195602 0.473081 -0.151425 -0.836251 1.39753 1.50774 -0.0709152 0.245287 1.36204 2.06078 -0.0883715 2.2455 0.116026 1.5678 -0.354495 -1.04913 -1.16488 -1.73788 -1.95539 -0.211049 -0.791816 -0.244319 0.252569 -0.0265872 2.29914 -1.08721 -0.363837 -1.1547 -0.0676467 -0.309714 -2.47769 -0.219504 -0.645669 -1.88973 -1.71477 -0.408313 
0.367849 -0.147772 0.427566 0.136972 0.384441 -0.29084 -1.16572 0.138455 0.635896 0.216476 -0.210566 0.38738 1.17621 0.859049 2.83403 -0.197871 -0.964687 -1.49393 0.90089 0.101401 -2.713 -1.87046 -0.945922 -2.21679 -2.73341 -1.4062 0.510655 2.21631 -1.08459 -0.141256 -1.16206 0.646181 -0.543333 -2.89735 -2.05952 -0.0730979 -0.86534 -1.09192 -0.0801049 
0.61782 0.746094 -0.0714105 -0.535353 -0.378924 0.190661 -0.793436 -0.977318 0.0342413 -0.797575 -1.07349 -0.973351 1.04414 0.839746 0.99598 -1.85834 -1.77581 -1.38616 1.9824 0.501742 -2.30506 -0.521205 0.121545 -0.407547 -1.2495 -0.366342 1.09359 1.48573 -0.434159 -0.63426 -1.08047 0.99511 -0.48156 -2.77253 -1.6232 1.00152 -0.966848 -2.23273 -1.15688 
0.676121 0.622232 -0.356271 -0.487687 -0.406253 0.463103 -0.936388 -1.87958 0.224915 0.299304 -0.45417 -0.674393 0.924014 0.769171 -0.656652 -0.494962 0.0214263 -0.124166 0.531175 -0.686907 -1.15587 -0.0827848 2.17525 0.877026 -0.320116 -0.0968734 1.04843 0.135278 -0.972828 -1.09065 -1.18193 1.01354 -0.0607468 -1.83512 -0.55652 0.714228 -0.354323 -1.1287 -0.282653 
0.898429 0.227114 -0.285202 -0.528729 -0.451712 0.391953 -1.11789 -1.99022 -0.0314913 0.842626 -0.553716 -1.23744 0.990041 0.720538 -0.785531 0.296354 0.151895 -0.384339 -0.523988 -0.558364 -0.256431 -0.152615 0.755199 -0.0849834 -0.29461 -0.00876738 0.476807 -0.648621 -0.258103 0.0690004 -0.481794 0.0165612 -0.835267 -0.688396 0.677346 1.3264 0.807596 -0.361632 -0.418029 
0.937667 0.0027311 -0.239202 -0.435236 -0.627045 0.262572 -1.20095 -2.10579 0.104192 0.862647 -0.506086 -0.91659 0.93468 -0.0687108 -0.274649 0.0861974 0.0841377 -0.59471 -0.497945 -0.343141 0.193666 0.888923 -0.547211 0.237593 -0.175263 -0.452904 0.31069 -0.369071 0.193729 -0.167924 -0.320487 -0.23711 0.631716 0.39285 0.261347 -0.356105 0.110779 -0.559018 -0.170539 
0.85062 0.00608089 -0.256002 -0.500078 -0.792178 0.20134 -1.28218 -1.82274 0.667979 0.418319 -0.413936 -1.3772 0.674209 -0.269948 0.261396 0.0239177 -0.399674 -0.0922497 0.194596 1.37204 0.8022 0.459784 -1.19202 0.235776 -0.470633 -0.221688 -0.139035 -0.0542892 0.323106 -0.241464 -0.0971393 0.444588 1.56155 0.643211 -0.690038 -1.59076 0.0785027 0.234387 -0.195042 
0.810981 0.19979 -0.236042 -0.576524 -0.681677 0.33569 -0.566155 -1.40605 0.465723 -0.050637 -0.367387 -1.30987 0.788822 -0.157169 0.208992 0.442826 -0.441592 0.453596 1.14304 2.32544 0.701272 -1.72289 -1.40485 -0.131446 0.494756 0.190833 -0.255149 0.0974239 0.210755 -0.276689 0.14921 0.444568 1.67966 0.586715 -1.28072 -1.80711 -0.0461352 -0.0579682 -0.946944 
0.768139 0.162267 -0.077691 -0.65609 -0.536296 0.63564 -0.203197 -1.21129 -0.689309 -0.656356 -0.493463 -0.941897 0.831608 -0.13059 -0.106083 0.323825 -0.0103149 0.321159 0.45047 0.758705 0.0139453 -2.00224 -1.02554 -0.302025 0.390421 -1.01052 -0.19922 0.269264 0.450623 -0.248197 0.179498 0.534122 1.5957 0.519182 -1.60258 -0.881293 0.228169 0.67706 -0.480933 
0.738918 0.110232 -0.107487 -0.581049 -0.501134 0.506248 -0.217104 -1.39577 -1.11155 -0.837676 -0.548283 -0.96411 0.0630712 -0.159241 0.196606 0.291947 0.0740958 -0.179194 -0.369956 -0.300222 0.0206871 -0.205624 0.323486 0.444609 0.429955 -0.821771 -0.204631 0.250965 0.786063 -0.257428 -0.318873 -0.784464 -0.635857 0.0459297 -2.01872 -0.443754 -0.0229103 0.872143 -0.201515 
0.684845 0.308793 0.0375354 -0.630966 -0.640388 0.493767 -0.347496 -1.19511 -0.851775 -0.420392 -0.230661 -0.562209 0.24461 -0.193961 0.485028 0.952185 -0.370949 -0.795324 -1.5623 -1.53813 0.0479876 -0.425409 0.481152 0.2679 0.801006 0.740095 -0.251428 0.361554 0.673628 0.6112 -0.131454 -0.971375 -0.948577 0.407314 -0.179277 1.49005 0.59464 0.580585 -0.453178 
0.642016 0.481715 0.283794 -0.712248 -0.955723 -0.0896901 -0.93814 -1.35571 -1.44709 -0.482149 -0.390494 -0.265953 0.62425 -0.235699 0.343413 0.802647 0.84009 -0.0134622 -1.00907 -0.872236 0.545255 -0.0157122 1.50538 0.375452 0.362856 0.226644 -0.239169 0.404966 0.574728 8.48822e-05 -0.136729 -0.720203 -1.44515 0.183256 -0.681186 1.42099 0.498089 0.789823 -0.451823 
0.571583 0.569822 0.366293 -0.336785 -0.6502 0.10851 -0.758294 -0.720115 -0.864689 0.711834 -0.00895758 -0.240111 0.428334 -0.182541 0.11822 -0.017167 0.373734 0.594745 0.542331 -0.258426 0.205469 -0.397941 1.26296 0.418613 0.277874 -1.33347 -0.259749 0.264824 0.554156 0.25575 0.133801 0.228463 -0.99504 0.0847359 -0.80139 1.88832 -0.661819 1.09305 -0.853929 
0.54959 0.567103 0.269775 -0.581875 -0.619545 0.11585 -1.06297 -1.17792 -1.761 0.466245 -0.14314 -0.0167943 -0.338918 -0.171758 0.0557185 0.0991778 -0.456013 0.219227 1.34521 -0.358616 -0.4292 -0.951816 0.812274 -1.29331 1.1306 -1.33884 -0.287559 0.255467 0.206788 0.340045 0.711111 1.22344 -0.52697 -0.153626 -1.67614 1.34969 -0.234522 0.59575 -0.851148 
0.483384 0.606461 0.40092 -0.497862 -0.527643 0.619801 -0.929799 -1.09743 -1.61477 1.31846 -0.778937 0.740932 -0.538775 -0.266748 0.267283 0.35851 0.13606 0.478156 1.21613 -0.384151 -0.421849 -1.61881 0.39365 -0.745437 0.535671 0.22487 -0.310172 0.295718 0.365753 -0.326974 0.376406 1.07491 -1.17203 0.150435 -2.06547 0.798534 -0.37798 1.36392 -0.83598 
0.424158 0.768754 0.412833 -0.534986 -0.349691 0.577985 -1.24637 -1.5488 -3.03633 0.755417 -0.58754 0.453629 -0.156497 -0.311545 0.38841 0.498656 -0.0289693 0.350937 0.20092 -1.09468 0.636883 -1.53191 0.167935 0.768054 0.733185 0.249803 -0.401862 0.253579 0.314995 0.17673 0.428394 0.772252 0.466491 0.200507 -0.314645 1.24871 -0.369635 0.606987 -0.153899 
0.340393 0.902587 0.602574 -0.50894 -0.33016 0.695327 -1.44423 -0.542295 -2.82166 1.43646 -0.323924 1.38088 -0.338026 -0.354473 0.11547 0.157426 0.130169 0.170095 -0.102641 0.990167 0.699364 1.23511 1.13903 0.231727 0.293237 -0.433855 -0.538399 0.462696 -0.0634336 -0.0288858 0.160328 -0.233767 -1.07594 -0.239083 -1.04363 0.263711 0.619348 -0.00649182 0.501745 
0.264341 0.851996 0.471814 -0.490166 -0.255084 0.53791 -0.789481 -0.939016 -2.06425 1.60983 -0.451247 0.715974 -0.458326 -0.515054 0.298921 -0.59332 -0.0114519 -0.105328 -0.525534 -0.237841 -0.972446 0.273828 0.15591 0.0861833 -0.74302 0.38715 -0.737818 0.483836 0.342661 0.0209874 0.135967 0.365325 0.655052 0.193562 0.855183 1.16514 0.812261 0.217754 0.110182 
0.117635 1.12891 0.347658 -0.513865 -0.392232 0.494208 -1.55947 -1.39476 -2.60657 1.54535 -0.274121 0.753817 -0.0363086 -0.77209 0.602653 0.403149 -0.0962108 0.0389221 0.634429 -0.147164 -0.431534 -0.215663 0.291097 0.889345 0.00351472 0.565598 -0.84181 0.524525 0.280628 0.476341 0.164633 -0.542625 0.887743 -0.519243 0.718669 -0.642509 -0.0175183 -1.26299 0.366685 
-0.0591656 1.31522 0.633536 -0.524863 -0.235096 0.778523 -0.862471 -1.31837 -2.23462 1.82124 0.0758451 0.729653 -0.025426 -0.767933 0.478465 1.0538 0.724514 0.357403 -0.240593 1.37329 0.246156 0.581875 -0.944225 -0.112851 -0.984683 0.0755431 -0.3913 -0.645024 1.98275 -0.0488341 1.13568 -0.381479 -0.528454 0.378884 -0.162834 -1.61024 0.957631 -1.3186 0.198607 
-0.204243 1.49528 0.781428 -0.26028 -0.191071 0.401598 -0.924087 -1.18138 -2.14889 0.81998 -0.342598 -0.0806639 0.036337 0.166755 -1.52871 2.80373 0.0260393 1.67169 -1.1702 -0.497278 0.957826 0.0140485 -2.26706 0.432801 -1.80725 -0.319766 -0.167574 -1.83664 2.8665 0.0663424 1.08614 -0.574638 -0.501526 1.57222 1.24372 -2.05117 0.748556 -1.46893 -0.167221 
-0.0146811 0.11607 1.79897 -0.516618 0.713722 0.331906 -1.09858 -0.482524 -2.2241 0.0927201 0.331629 -0.810826 -0.243384 0.499124 -3.14011 3.57902 -0.622914 1.27881 -0.571296 -1.98389 1.94444 0.903595 -1.57287 1.14581 -1.02458 -0.301717 -0.00573801 -2.59258 2.10049 -0.0183763 0.670631 -1.38591 -1.01486 2.3966 1.734 -1.60725 0.885243 -0.880547 -0.147723 
-0.0294818 -0.960697 2.27103 -0.479982 0.534247 0.183052 -1.8528 0.517415 -1.43787 -0.382107 0.3369 -0.949388 -0.168353 -0.192132 -2.23396 0.593124 -0.0507867 -0.659593 -0.801407 -0.75848 2.38249 2.05949 0.294775 0.789218 0.602413 0.118749 0.312009 -3.06362 2.28022 0.198396 0.453733 -1.31524 -1.19024 1.49625 1.5946 -0.185642 1.61826 0.379499 0.810343 
-0.110866 -1.63314 2.04012 -0.53536 0.336346 0.0257291 -1.45638 1.59941 -0.602821 0.306912 0.79922 -0.283119 -0.138977 -0.0465514 -1.30863 0.10782 0.921455 -0.592494 -1.29928 0.507712 0.140199 1.00275 1.34524 1.09011 1.54247 1.33684 -0.0195179 -1.86254 0.981166 0.394988 -0.857944 -0.712296 -0.411848 0.908315 0.533609 0.296698 0.844201 0.316815 0.68602 
-0.0686051 -1.98819 2.30927 -0.157221 0.195041 -0.312721 -1.62069 0.638125 -0.648766 0.628682 0.983299 0.38516 0.831508 0.146027 -0.465416 0.997686 0.642521 -0.624272 -0.207263 0.26059 -1.11782 -1.42576 0.0695544 0.376032 -0.170225 0.755963 -0.0823273 -0.641339 0.547728 0.688631 -0.603526 -1.02619 -0.127173 -0.22725 0.191936 0.367962 -0.387686 0.917752 0.199959 
-0.0745063 -2.00296 2.45043 -0.310575 -0.0209365 -0.0541877 -1.3394 0.619791 -1.72612 0.350314 1.02127 -0.418558 0.433867 -0.0940305 0.387933 0.783633 0.10821 -0.309227 -0.158104 -0.647819 -0.459259 -0.778832 -0.893456 -1.62879 -0.288686 -1.08926 0.0296717 -0.237115 0.830112 0.982553 -0.181725 -0.603456 -0.197085 -0.783982 -1.03686 -0.117927 0.157764 0.630158 0.327552 
-0.126338 -1.69244 2.63007 -0.120114 0.0169779 -0.373918 -1.92693 0.234519 -1.26262 -0.0581912 0.013956 0.148046 0.0478714 -0.118142 0.133474 0.349396 0.825493 0.356107 -0.645821 -0.488563 0.0223092 0.1758 -0.214075 -0.160251 1.03081 -0.343761 -0.00422342 -0.364684 0.290072 0.499759 0.348085 0.31516 0.171512 0.132307 -0.311367 -0.426082 0.141507 -0.103838 -0.970238 
-0.14169 -1.90568 2.58968 -0.0215207 0.179487 -0.301115 -1.57144 0.637389 -1.58823 0.178633 0.924624 0.476839 0.198269 0.0709314 -0.905679 -0.307911 0.639776 0.836852 0.618182 0.883102 0.641659 0.39906 0.370752 1.82208 0.14576 -0.173001 0.124968 -0.346125 -0.135125 0.278704 0.780709 -0.697422 0.0639907 1.40124 1.65884 -0.462917 -0.597029 1.27983 -0.0391318 
-0.119413 -2.40565 2.49449 0.103706 0.490882 -0.139492 -1.51992 0.793832 -0.948912 0.213616 1.09534 0.283814 -0.0621957 0.289371 -0.624189 -0.559734 -0.407182 0.821332 -0.341587 0.588713 1.92983 1.80758 -0.353834 -0.667987 0.718 0.282853 0.0989698 -1.0202 -0.950302 0.165761 1.63123 0.303024 1.33517 1.88802 1.19372 -0.0404971 -0.064822 0.610758 0.0473959 
-0.0491447 -2.39934 2.3488 -0.165446 0.644563 -0.432184 -1.30159 2.3234 -0.165325 -0.0990318 0.52625 1.10375 0.423314 0.0611913 -0.566819 -1.21773 -0.389906 1.6181 -0.175453 0.814686 1.98936 1.02644 -0.420246 -1.91418 0.688303 0.223734 0.347591 -0.700554 -1.51727 0.38807 1.85049 0.648419 0.508136 2.03379 1.76814 -0.280419 -1.05235 -0.151793 0.581983 
-0.116305 -2.85456 1.9785 -0.034151 1.40921 -0.207295 -1.14479 2.53192 -0.141146 -0.11441 -0.0436011 0.88524 0.11939 0.216725 -0.382751 -1.88071 0.988598 1.96295 1.27806 0.0696432 0.904489 0.306909 0.00989552 -0.790042 -0.92649 0.457627 0.102649 0.233295 -1.06459 0.318949 1.24366 -0.694488 -1.0572 0.741505 0.775702 -1.00709 -0.809186 0.585596 1.60951 
0.0149264 -2.70469 1.55561 0.180899 1.75907 0.053533 -1.27357 3.1126 0.0758199 -0.100871 0.0553426 0.31922 0.776841 0.0764659 0.920029 -0.492323 0.868236 0.254711 -0.807762 -2.12366 -0.957337 -0.102333 -0.815495 0.792487 0.111359 1.8425 0.414266 1.41607 -2.1394 1.24641 0.775636 -0.938546 -1.72085 -2.49673 -1.10706 -0.167351 -1.13074 -1.35298 2.11517 
-0.10721 -2.1438 1.76582 0.269917 1.55196 -0.515892 -2.13862 1.69266 -0.222273 -0.742163 0.425932 0.991481 1.49098 0.389662 2.45867 -1.56355 0.872918 -0.79313 -2.61015 -2.2127 -4.3887 -1.64107 -0.215071 -0.776413 -0.924255 2.26103 0.695957 2.27347 -2.98166 1.91709 0.105513 -1.46797 -1.18653 -3.3378 -0.576041 0.784347 -0.698097 -1.83808 1.14997 
0.146782 -0.793845 0.895031 0.486611 1.30573 -0.941443 -2.30889 -0.727898 -1.21703 -0.273307 -0.407465 -0.463395 2.45611 0.953638 2.40469 -4.31094 1.99352 -0.0914351 -1.28115 0.65214 -3.69989 -0.594901 1.77829 -1.76052 -2.62533 -0.369175 0.476992 2.21834 -2.88597 1.72221 -0.499086 -2.05654 -0.908219 -3.47107 -0.651765 1.52067 -1.20899 -1.70392 -0.196929 
0.245702 -0.275061 -0.0434878 0.969245 1.49779 -1.00476 -1.83922 -1.54537 -0.691288 0.597017 -0.621696 -1.25115 1.2367 0.311076 0.785749 -3.08531 1.6982 0.0482802 -0.320117 1.09097 -0.454386 0.853007 2.08152 -0.898285 -1.40629 -2.52553 0.667448 1.91052 -3.39386 1.4624 -0.0989604 -1.69577 0.74712 -2.21911 -0.196488 1.75027 -1.6575 -1.6212 -1.02971 
0.247835 -0.187813 -0.401821 1.08221 1.33104 -1.06434 -1.80504 -1.12724 -0.545847 1.29582 -0.942697 -1.65973 0.616618 0.0335819 0.391401 -1.1574 0.190126 -0.0524145 -1.1334 0.306574 0.602866 0.35292 0.369935 -0.534549 0.407881 -0.969818 0.201945 0.829916 -2.7184 0.787462 0.00285819 -1.39968 0.901153 -0.324402 1.01799 0.153022 -0.682133 -0.453936 -2.86708 
0.237988 0.0233969 -0.534255 1.03512 1.46582 -1.43736 -1.70082 -1.01998 -0.41391 0.868205 -0.940772 -0.890405 0.540868 -0.0240598 0.436439 -1.29317 -0.521141 -0.0391954 -1.67116 0.0613352 -0.000167925 0.361712 -1.89351 -0.0476683 0.78471 -1.18411 0.206988 0.547489 -1.44943 0.440926 0.0462553 -1.42202 0.882814 0.759948 0.464389 -0.764764 -0.14288 0.0998705 -1.09367 
0.217528 0.145772 -0.949354 0.898252 1.30659 -1.70173 -1.78089 -1.12931 -0.261546 -0.149426 -0.972438 -0.975563 -0.236749 0.261021 0.419432 -1.17358 0.470119 0.126683 -0.889824 0.822682 0.454881 0.197786 -1.30829 0.334483 -0.272298 -0.451703 0.215755 0.508843 -1.41869 0.824951 -0.490632 -2.10218 0.834056 0.742045 0.375547 -1.40492 -0.232898 1.17119 -0.669377 
0.319422 0.343718 -1.03178 1.19935 1.53573 -1.77721 -1.32196 -0.624037 -0.258698 -0.133244 -0.743415 -1.11345 0.225919 0.33185 0.318107 -0.988222 1.75411 -0.692957 -1.32434 1.00664 1.03295 0.0824341 0.16953 -0.276909 0.815571 0.310037 0.356684 0.393385 -1.09466 1.50689 -1.24076 -1.81334 1.58219 0.886842 1.31908 -1.70849 0.555871 1.24809 -1.28331 
0.326723 0.387063 -1.36938 1.51348 0.910233 -2.20705 -1.31633 -0.227752 -0.197172 -0.0302102 -1.13841 -0.264904 0.0082803 0.258752 0.166949 -0.584985 1.77988 -1.98555 -1.6928 1.18556 0.779839 1.37808 -0.788259 0.431954 1.97772 -1.2145 0.527551 0.248484 -0.468877 1.94132 -1.80797 -1.3872 1.60024 1.51027 0.566854 -0.535278 1.36871 0.912516 -0.281947 
0.399966 0.467112 -1.28322 1.82364 0.40406 -2.42284 -0.77404 0.0561361 0.825975 -0.740344 -0.488134 0.594664 -0.649784 0.444939 0.0572254 0.23937 1.14378 -2.01788 -0.649097 1.02429 1.07125 0.591174 -0.826244 2.16765 0.431053 -0.684235 0.382592 0.00527838 0.112275 2.29986 -2.69661 -1.3687 1.2003 0.743805 1.58403 -0.724878 1.45725 0.0953762 -0.816021 
0.480246 0.424878 -1.27614 1.91434 -0.239829 -2.45522 -0.843541 0.7073 0.267827 -0.666115 0.148334 0.115727 -0.477611 0.299992 -0.145845 0.77383 1.65274 -2.06005 -0.254198 0.34272 0.255393 0.515579 -0.101143 1.58126 -1.84828 0.151213 0.430577 -0.190623 1.07814 1.63248 -2.26359 0.138291 1.49491 0.364364 1.00659 -0.794871 2.53548 -1.28153 -0.643096 
0.496674 0.34654 -0.966507 2.40326 -0.76999 -2.52063 -0.618795 0.277601 1.23144 -0.826386 0.45014 -0.981032 -0.521511 0.185983 -0.321452 1.50791 1.29351 -1.3773 0.85634 0.874254 -0.565205 0.609877 -0.149056 1.33696 -2.18411 -0.155932 0.180683 -0.204209 0.955813 1.49827 -2.21623 0.995341 0.696852 0.218936 0.470591 0.496213 2.43884 -2.76629 0.0707274 
0.532267 0.16734 -0.652505 2.36779 -1.02549 -2.1301 -0.440657 0.211028 0.747554 -0.788491 0.941426 -1.74821 -0.57513 -0.0449576 -0.138169 0.776072 0.584406 -1.264 1.68659 0.552817 0.0478249 0.0425672 0.710327 1.78967 -1.93473 -0.0703768 -0.161976 -0.384878 1.83322 1.39672 -1.58167 0.757385 -0.129842 -1.20024 -0.470026 -0.295017 1.02861 -2.50121 -0.329909 
0.458175 0.231955 -0.648861 2.60764 -1.49119 -1.87934 -0.365667 0.317516 1.26442 -0.29707 1.51226 -2.63093 -0.556136 -0.446372 -0.225706 1.45771 0.792178 -0.993611 0.235897 -1.01772 -1.11085 -1.17995 -0.212799 0.083367 -1.23648 -0.280149 -0.304186 -0.163588 1.18355 0.133772 -0.7498 1.99736 -0.111067 -1.03595 -1.96098 0.408925 1.32267 -0.9787 0.196655 
0.336429 -0.01552 -0.0498583 2.64514 -1.59288 -2.04126 -0.919233 -0.762495 -0.182179 -0.959204 0.989554 -2.7988 -0.763965 -0.429341 -0.0866808 1.14129 -0.382244 0.142566 1.17818 -0.672683 -1.49475 -2.40096 -0.208267 0.0373982 0.595701 0.31369 -0.772355 0.0535196 0.995648 0.550152 -0.896162 1.01275 -1.25525 -0.802416 -0.5945 0.480426 0.590581 0.316539 0.959157 
0.269013 0.157529 -0.178514 2.47247 -1.41224 -1.43166 -0.683494 -0.991785 -0.626832 -0.464347 1.53307 -2.10898 -0.308421 -0.732141 0.317073 0.156472 0.030963 -0.347657 1.22139 -0.540175 -0.010371 0.460577 0.802608 0.73108 1.66829 1.50727 -0.52534 -0.207396 1.32218 -0.765356 -0.0509098 1.08538 -0.665872 -1.3188 -1.87817 -0.104222 0.217034 1.50127 1.32588 
0.028581 0.224965 0.00872436 2.65511 -1.7928 -1.57712 -1.17533 -0.773481 0.179976 -0.359909 1.4226 -1.35626 0.361191 -0.377615 -0.201976 0.999757 -0.756531 -0.214243 0.382932 -0.144468 -0.346648 0.141896 0.0805663 0.260363 1.45586 1.3866 -0.598961 0.512397 0.883071 -0.117818 0.508476 1.77491 -0.110246 -0.501558 -0.319974 0.258723 0.788112 1.49779 2.08657 
0.100125 -0.00682276 0.232658 2.20583 -1.53627 -1.28682 -0.755228 -1.2969 -0.515633 -0.412595 1.68638 -0.848764 0.728025 -0.185554 0.442649 1.27606 -0.204016 1.11619 1.3254 0.421342 -0.691256 -0.850672 -0.484884 0.356589 0.37852 1.17449 -0.472715 0.524233 1.4516 0.0508078 0.54278 0.408938 0.989337 0.0801549 -0.288155 0.557113 0.766367 1.1683 1.36991 
-0.0650259 0.563394 0.535423 2.58255 -1.15999 -1.07338 -0.983451 -1.38 -0.490454 -0.736952 1.63309 -1.02072 1.24171 -0.350183 0.978937 1.35011 0.834963 1.0343 0.211201 1.4076 0.456313 -0.493826 0.603357 0.797228 0.140466 0.370499 -0.213334 0.717228 1.18119 -0.213264 1.22796 0.320489 1.90181 -0.428879 -1.3997 0.378266 0.343457 0.561591 0.898979 
-0.05801 0.749888 0.790317 2.49821 -0.950045 -1.20738 -0.103858 -0.899696 -0.905053 0.035603 2.15874 -0.717542 1.0175 -0.152087 0.615409 0.637486 -0.111383 0.733026 -0.857701 1.9886 0.0909915 -0.834495 0.949318 0.11604 0.388322 -0.0250078 -0.820059 0.949581 0.665955 0.547422 1.34372 -0.135567 1.4688 0.366795 -1.42013 0.222184 -0.315622 -0.305198 0.0363339 
-0.145515 1.03657 0.795124 2.54252 -0.745146 -1.40099 -0.0613966 -1.30233 -1.14815 -0.0264034 1.70063 -0.676766 1.24043 -0.900085 0.417542 -0.267896 -0.0158933 0.988792 -0.395438 0.458124 0.0531184 -1.21584 -0.330476 -1.23623 -0.558689 -0.334038 -0.726251 0.44941 -0.231812 -0.541568 1.26751 -1.37229 1.71132 0.763179 -2.01366 -0.359269 -0.33105 -0.59967 -1.02847 
-0.431686 1.06873 0.671465 2.49173 -0.389707 -1.35895 0.105153 -0.855151 -1.86305 -0.224348 1.42268 -1.1864 0.789051 -0.957076 0.0525723 -1.00383 -0.693639 1.1756 -1.09443 0.181933 0.97126 -1.58709 -1.39003 -0.576379 -1.20914 -1.31238 -0.766533 0.430282 -0.864721 -0.28024 1.4792 -1.53675 -1.41353 1.19719 0.271661 -1.71319 -1.74302 0.389207 -1.14786 
-0.54153 1.07075 0.368568 2.29798 -0.0785399 -1.81875 0.0189384 -0.454733 -2.39849 -1.08984 1.3567 -1.7039 0.292769 -0.269671 0.222579 -1.11965 -0.399391 1.2378 -1.79179 -2.21494 1.61443 1.53538 -1.77183 -1.17713 1.08985 -1.15739 -0.751088 -0.841538 -0.565921 -1.25844 2.60625 -0.794333 -0.986608 1.16659 1.32187 -1.30958 -1.76126 0.0699673 -1.36539 
-0.558263 1.23552 0.196482 2.35054 0.312284 -2.04228 -0.931203 0.554996 -0.654503 -1.57732 0.721734 -0.240326 -0.0446743 -0.189447 -1.26486 0.0983962 -1.18051 2.74385 -0.0315166 -1.40219 0.653613 3.1663 -0.216954 -1.86221 1.30384 -0.459714 0.0805652 -1.43037 -0.681824 -1.95056 2.12517 -1.88277 -1.47188 0.777748 2.63569 0.553665 -1.21108 1.78251 1.43895 
-0.636662 0.0774003 0.402868 1.88242 1.4802 -1.83174 -0.638763 0.115035 0.0943744 -1.2637 0.248642 -0.574161 -0.0280695 0.374109 -2.2925 0.0272106 -2.50697 1.95906 -0.890074 0.38479 -0.531856 1.61968 2.45153 -0.500455 1.34622 3.00357 0.511866 -1.91356 -0.158756 -1.87878 1.83991 -1.09434 -1.0233 0.182224 2.59642 1.67437 -1.72494 2.55488 1.27029 
-0.432503 -0.559354 0.201018 1.46906 1.42458 -2.38222 -0.756358 0.0878918 0.620428 0.272394 0.422918 0.925782 2.18045 0.942643 -1.50883 -0.346864 -1.6188 0.0245374 -1.52328 0.135819 -0.401596 -0.058326 2.27203 -0.526137 2.1882 2.08828 0.473781 -2.16129 0.557784 -2.41086 1.06381 -0.222416 0.385478 -0.816813 0.501007 2.72362 -0.702804 0.984209 0.949369 
-0.288059 -1.10625 0.250999 1.31291 1.492 -2.41282 -0.579912 -0.238136 0.0479026 0.449896 -0.0654355 1.31461 1.5242 0.3218 -0.842002 0.880469 -1.08588 -0.356401 0.581686 0.119409 -0.609445 -1.02505 0.891245 -0.47409 -0.00157662 -1.78907 0.473401 -1.23471 0.367897 -1.55778 -0.558412 -0.0804145 -0.436132 -0.398724 -0.640205 1.92678 0.0498418 1.39247 0.891966 
-0.327247 -1.2229 0.562314 1.08674 1.21968 -2.1617 -0.705153 -0.447075 -0.187326 0.938904 0.13977 0.935092 0.882363 -0.247306 -0.2761 0.948157 -0.701776 -0.858496 1.41789 -0.664229 -0.156612 -0.715869 0.0928128 0.592641 -0.285382 -0.947849 -0.0482161 -0.810546 0.475427 -0.430854 -0.314968 0.713585 -0.409658 0.168551 -1.16169 0.516668 -0.151549 0.114784 -1.31678 
-0.405871 -1.32841 0.640597 1.06551 1.00148 -1.87386 -0.893801 -0.377033 -0.516374 0.510936 0.285336 1.08033 0.844521 -0.411073 -0.325142 -0.105674 0.445971 -0.111897 0.44794 -0.614546 0.842392 -0.374637 -0.256957 0.262033 0.157549 0.0796954 -0.292085 -0.339822 0.463637 -0.986069 -0.151805 1.60064 -0.268303 0.306562 -0.418862 0.173351 0.555392 0.117491 -0.448203 
-0.509249 -1.48331 0.511289 1.24249 1.15387 -1.9921 -0.995894 0.28781 -0.482887 0.734704 0.294073 1.08098 0.958061 -0.20879 -0.205434 -0.192386 -0.766164 0.635272 0.879786 0.346748 0.582038 0.207164 0.120138 0.173133 0.445056 0.35914 -0.291983 -0.475966 0.0912203 -0.119155 -0.396097 0.586904 -0.44162 0.358261 -0.0735069 -0.809719 0.518609 0.652801 0.402067 
-0.508585 -1.49546 0.553317 0.795488 1.36071 -1.53981 -0.73668 0.130133 -0.353777 0.592696 0.38681 1.47298 1.12565 -0.0448703 -0.354686 0.260547 -0.621018 -0.478261 0.400594 0.079238 -0.344862 0.280166 -0.736566 0.452864 0.733995 0.428648 -0.110875 -0.434942 -0.260705 -0.131527 0.051923 -0.464107 -0.209694 0.630876 0.0054924 -0.0208806 0.360942 -0.0264472 0.281629 
-0.547713 -1.76677 0.613387 1.02345 0.879647 -1.84054 -0.963405 -0.0157398 -0.262802 0.166804 0.56178 1.72162 1.29028 0.0252666 -0.414643 -0.220578 0.572666 -0.552491 -1.53367 -0.590569 0.295697 -0.206879 -0.145558 0.323681 -0.482173 -0.00618916 0.375879 0.438364 -0.995218 -2.08607 -0.363511 0.874963 1.09188 -0.384457 -0.22682 -0.102044 0.0897162 -0.798024 -0.930284 
-0.519559 -1.82568 0.454249 0.995736 1.04426 -2.12484 -1.01625 0.38685 -0.517231 0.472973 0.577748 1.0698 1.13821 0.593517 1.00658 -1.85866 -2.48744 -0.0629515 0.859721 1.31278 -0.193448 -0.558528 0.611538 -0.331206 -1.82601 -1.63936 1.38028 2.17887 -2.16209 -3.60466 -2.14344 1.37674 1.51734 -1.02318 -0.110268 0.63723 -1.53691 -1.62493 -1.68505 
-0.335954 -0.988504 -0.170584 0.148828 0.841682 -1.51413 -0.356213 -0.186855 -0.703174 0.621206 0.363542 0.165042 0.102253 2.03419 3.60158 -3.26029 -5.94591 -2.66223 3.51128 2.51731 -1.72482 0.0683156 0.927806 -2.45195 -1.74037 -2.17835 2.52382 2.17973 -3.32115 -4.03863 -1.9019 2.51287 2.69725 -0.910352 -0.952269 0.542108 -3.42937 -0.933718 -2.69132 
0.256891 0.976579 -0.915763 -1.09368 -0.472351 -0.788675 0.152125 -1.12368 -0.463975 1.16721 -0.880773 -0.413279 -0.44605 3.18603 2.18161 -3.49238 -3.53302 -2.78897 2.74198 2.09688 -1.07831 -0.589972 0.0539706 -4.41469 0.548475 -1.84351 3.03394 1.8661 -3.20281 -3.51386 -1.89734 3.7532 3.021 -1.00844 -0.0831193 -0.0365034 -3.95311 0.109821 -2.04114 
0.891972 0.706243 -1.63764 -1.09305 -0.747028 -0.470924 0.616286 -1.13191 -1.16831 0.65279 -2.26136 0.646455 -1.23586 2.51268 -0.870187 -1.89979 0.708091 -0.182842 1.86347 1.29925 0.316263 -0.174316 -0.972398 -3.01837 1.88956 -0.465639 3.03149 0.833349 -2.67062 -2.13326 -1.70738 2.7258 1.57228 -0.757604 0.147349 -0.686532 -3.30248 0.778876 -0.823179 
1.22089 0.291051 -1.71693 -0.845864 -0.578518 -0.0800253 0.753016 -0.848973 -0.601787 0.420471 -2.67589 1.21917 -0.771245 1.35715 -0.954424 -0.809005 0.35419 0.229224 1.1641 -0.101096 0.0195834 0.760406 -0.896312 -0.155684 0.515438 0.770992 2.01209 -0.666681 -1.5345 0.418209 0.0543757 1.27324 1.32963 0.381966 -0.063353 -1.94224 -1.50287 1.76039 -0.0662057 
1.40305 -0.0449864 -1.98273 -0.969547 -0.618783 -0.0286037 0.564758 -1.1167 -0.570042 -0.0362488 -2.35529 1.09951 -0.651965 0.49714 -0.0874173 -0.568458 -0.0817266 0.269307 -0.0338139 0.391561 0.214327 0.0920241 -1.41101 0.937183 0.516273 0.369799 0.916204 -0.42277 -0.909974 0.355308 0.553433 1.24507 0.456487 0.157576 1.03097 -1.00432 0.719896 0.350963 0.774536 
1.39487 0.216051 -1.96145 -0.875473 -0.427472 -0.0938899 0.931015 -0.663427 -0.529861 -0.658875 -2.12037 1.67295 -0.482282 0.00424556 0.352077 -0.651561 0.178366 0.60684 0.625282 0.694541 0.198058 0.469879 -0.336037 1.149 -0.0365632 0.217927 0.346925 0.0401839 -0.740839 0.342209 0.872637 1.29712 0.177998 -0.301178 0.977481 -0.9017 0.863789 -0.52432 -0.101351 
1.38383 0.2228 -2.262 -0.907797 -0.275725 0.208526 0.883915 -0.945382 -0.200561 -0.300417 -1.6739 1.07879 -0.474649 0.00795431 0.159361 -0.619207 0.594747 1.04621 1.89761 -0.148126 -0.636491 1.07411 0.304602 0.255161 -1.23408 -0.510985 -0.106922 0.314616 -0.532812 0.29186 1.14733 1.26429 0.542118 0.178769 1.28248 -0.335005 1.27586 -1.05079 -0.816313 
1.37711 0.333527 -2.22719 -0.667469 0.16553 0.627761 0.857577 -1.22205 0.315441 -0.43723 -1.97015 0.624415 -0.840812 -0.181822 0.119577 -0.20045 0.259565 1.12127 1.19158 0.00652499 0.0491401 1.06208 -0.0748921 0.613312 -1.40103 -1.28159 -0.281472 0.325061 -0.543955 0.881813 0.935732 1.52985 -0.245502 -0.40613 0.344745 -0.657076 0.628616 -1.39412 -1.7486 
1.29169 0.309246 -2.35265 -0.817527 0.359975 0.66131 0.882528 -0.904317 0.635268 -0.366553 -1.31084 -0.113031 -1.39967 -0.448087 0.327505 -0.250784 0.723025 0.364078 0.29887 -0.140699 0.0679541 -0.666908 -1.11079 0.611895 -0.672914 -1.75555 -0.287186 0.138268 0.311503 0.672159 0.908461 1.11759 -0.0299777 0.00169476 0.208641 -1.31269 0.0810107 -1.37172 -1.15774 
1.1806 0.582148 -2.33889 -0.414407 0.370488 0.740588 0.787599 -1.16453 -0.210279 -1.28892 -1.60794 0.0575232 -2.11426 -0.266905 0.0952257 0.710751 0.745535 0.248058 0.415573 -0.0244759 -0.0488999 -0.81813 -1.5359 -0.503695 -0.47534 -0.222602 -0.421851 0.0438973 -0.0915101 0.942342 0.148684 0.456818 -0.202803 0.656848 -0.0517555 -0.887235 0.106896 -0.849357 -1.19402 
1.1662 0.3767 -2.06232 -0.556558 0.498933 0.818579 0.866698 -0.949002 -0.00953634 -1.54061 -1.61159 -0.510347 -1.5462 -0.203202 -0.250153 0.110818 0.685018 -0.135958 0.363707 -0.0944615 0.846002 0.598527 0.022138 -0.466475 -0.489279 0.204561 -0.163931 -0.1366 0.381729 0.776253 0.165951 0.280432 -0.149227 0.242615 -0.516649 -0.988221 -0.280564 -0.0115425 -0.372768 
1.08008 0.38022 -2.2994 -0.174694 0.290992 0.878106 0.739163 -0.426487 0.26051 -1.28147 -1.88656 -0.351757 -1.94677 0.00357684 -0.280767 -0.0871395 0.414809 0.00599768 -0.00513933 -0.143349 0.385142 0.192134 0.323308 0.113186 0.4586 -0.268777 0.0246462 -0.529143 0.270718 0.0744645 -0.108339 0.387801 0.213829 0.753796 -0.0236694 0.329023 -0.113209 0.794313 0.314344 
1.14672 0.150894 -2.10559 -0.411758 0.500191 0.815634 0.795485 -0.614052 0.141225 -1.30478 -1.54574 -0.106073 -1.72668 0.223528 -0.507127 0.333676 -0.571305 -0.021979 0.200211 0.38293 0.203165 -0.633221 0.381862 0.307449 1.5743 0.1906 0.226489 -0.451747 0.465151 0.261806 -0.493351 -0.468058 -0.530299 0.596128 -0.511441 0.490035 0.191628 1.87007 -0.121066 
1.14682 -0.0221366 -2.16672 -0.376269 0.276335 0.953362 0.913141 -0.250703 -0.238682 -1.00124 -1.70527 1.01011 -1.78954 0.320358 -0.363787 0.845354 -0.0216985 -0.742234 -0.654394 -0.503412 0.444131 -0.811884 0.278294 0.149435 2.09719 0.102154 0.177016 -0.223549 0.980168 -0.4863 -0.121439 -1.02977 -0.412979 0.500762 -0.627964 0.185846 0.687158 2.30292 0.923956 
1.25141 -0.139663 -1.75898 -0.420282 0.0758035 0.565443 0.55652 -0.227507 -0.498661 -1.10308 -1.45835 1.70458 -1.63447 0.0259897 0.194944 1.25552 -0.151291 -0.155634 -1.6627 -0.882242 0.493105 -0.126292 -0.153576 0.640583 1.57327 0.991107 -0.151082 0.14705 0.861822 0.0569775 -0.524227 -1.00511 0.018358 1.2605 -0.855631 0.217282 0.0286883 2.0439 0.580638 
1.13613 0.123093 -1.64861 -0.430313 0.185645 0.31919 0.497682 0.178677 -0.338675 -1.12704 -1.32601 2.37109 -1.04383 -0.56436 0.591381 0.552894 0.109332 -0.0403793 -0.772849 0.54621 1.31172 -0.220703 -0.0114285 -0.11219 0.696249 0.63659 -0.480738 0.349544 1.00364 0.266967 -0.484928 -1.70071 0.444072 0.994325 -0.0372646 -0.0312267 0.149199 0.694681 0.641278 
1.00933 0.31477 -1.53465 -0.382781 0.0506789 0.270142 0.80657 0.917878 -0.673002 -1.12109 -1.52643 2.31283 -1.14938 -0.765855 0.327582 0.371545 0.552098 -0.567951 -0.758909 1.46008 0.891517 0.0752921 0.115459 -0.436649 -0.624469 -0.174122 -0.649121 0.537153 0.712776 0.585664 -0.127688 -1.1223 1.34152 1.87402 1.65432 1.4735 0.235476 0.896331 0.687018 
0.815063 0.371775 -1.5001 -0.237289 -0.139598 0.0291974 1.1735 0.956529 -0.279925 -1.04883 -1.58691 1.84578 -1.15473 -0.428786 0.204398 0.604866 0.766772 -0.14662 -0.821916 1.15956 1.29978 2.19867 1.81999 0.435461 0.528247 0.239409 -0.672009 0.566522 0.888921 0.80462 -0.00161333 -0.684103 1.2932 1.76051 1.02374 1.95363 -0.299392 -0.732841 -1.23433 
0.820383 0.467374 -1.28859 -0.114353 -0.0348828 -0.0438448 1.34238 2.05281 1.05787 0.24971 -1.26906 2.77688 -0.956271 -0.261719 0.510973 1.07043 0.65055 0.570319 -0.20946 0.184954 1.56167 1.14633 2.28235 0.0200979 -0.378424 -1.42888 -1.07654 0.212406 0.675886 0.482639 -0.114692 -1.28283 0.0690487 0.130332 1.13505 1.63509 0.356817 -1.39825 -1.23387 
0.691602 0.763493 -1.05938 -0.00968409 0.182684 -0.0515561 1.25524 2.32054 0.622249 0.67259 -1.57638 1.53165 -2.18803 -1.20728 0.118386 0.493371 -0.0443179 -0.0208591 -1.00233 -1.05305 -1.12013 -0.843542 0.186882 0.055647 -2.44088 -1.84182 -1.00997 0.705571 0.654227 1.1599 0.365137 -0.955512 -1.30771 -0.0986704 1.24283 1.95051 0.774899 -0.708709 -0.206739 
0.326298 0.552891 -1.08914 -0.130821 -0.048903 -0.426536 0.847337 1.07118 0.393055 0.382085 -1.23741 0.692561 -2.29314 -1.27421 0.530106 -0.00713649 1.08195 -0.0170817 -1.14689 -1.80878 -1.70141 0.338079 0.111627 1.0493 -0.591475 1.15171 -1.95615 0.632988 1.07383 0.745074 0.976849 0.521499 -1.3277 -2.12902 -0.728479 -0.126744 0.733147 -1.70135 0.811128 
0.171284 1.17014 -1.06921 0.369451 0.170813 -0.489297 0.408114 0.83048 0.88794 0.747897 -0.954233 1.03465 -1.32425 -1.75188 0.816975 1.24696 1.15816 1.49291 1.75737 -0.595898 -1.85126 -0.0365335 -0.342223 0.955995 0.113851 2.87795 -2.19619 0.195878 0.608055 -0.0567685 0.299229 0.425623 -1.99651 -2.4541 -0.868236 0.146357 1.52373 -1.02025 3.17532 
-0.381249 1.18328 -0.57461 0.275083 0.79821 0.24171 0.565283 -0.549946 0.363745 0.113225 -0.670709 0.800941 -0.160355 -2.04602 -0.231394 0.995928 -1.16396 0.471324 1.76487 -0.680729 -1.72334 -1.38579 0.0681955 1.05586 -0.804364 2.93479 -1.93799 0.651249 0.972998 0.0656519 0.885467 1.47212 -0.575152 -0.741469 -0.128027 -0.478506 1.5996 -1.27419 1.98163 
-0.651553 0.982839 -0.659637 -0.0402928 0.43678 0.181807 0.0865378 -0.678762 -0.203884 0.790268 -0.328184 0.354938 0.850312 -1.17997 0.144984 0.330671 -1.05759 -0.158118 0.356585 -0.107234 0.815037 -0.123331 -0.244817 1.25412 -1.85688 -0.331585 -1.89906 0.0443161 0.997532 -0.921575 0.572115 1.96603 0.642602 -0.357981 -0.279132 -0.166435 0.820098 -1.37808 1.47539 
-0.86463 1.28954 -0.443192 -0.0973004 0.706108 0.376516 0.510896 0.161013 0.266082 -0.0817692 0.073155 -0.782134 -0.387002 -0.827274 0.309356 0.621289 -0.2078 0.3928 1.05512 1.50808 1.22196 1.04468 -0.272247 0.0760473 -1.08069 -1.0416 -1.31228 -0.240383 0.184206 -0.980677 -0.17738 0.529973 -0.0684308 0.378052 0.224225 -0.0362189 0.884382 -1.5435 0.413181 
-0.99669 1.2173 -0.406708 -0.114185 0.658077 0.582625 0.784721 0.388111 0.618241 0.574474 -0.284406 -0.561947 0.101712 -0.810694 -0.481686 -0.0257652 -0.402307 -0.103521 0.410567 0.0409551 -0.289906 0.385975 0.200574 -0.0332907 -0.254338 0.854269 -1.11815 -0.141257 0.431257 -0.292423 0.263611 0.52076 0.748736 0.446019 1.16928 -0.428404 0.7636 -0.185966 0.720996 
-1.20327 0.907028 -0.460805 -0.239514 0.645064 0.531879 0.52555 -0.0944697 0.56949 0.0609879 0.051958 -0.989767 0.258109 -0.871373 -0.501681 0.0822361 -0.225654 0.00794292 -0.301135 -0.547339 -0.602036 0.351503 -0.253307 0.977717 0.825484 1.96144 -0.999299 -0.407798 0.267259 -0.27029 -0.0908377 0.942556 0.809523 0.103419 0.828082 0.772714 0.572746 -0.193955 -0.0228475 
-1.35911 0.819196 -0.379164 -0.194349 0.660442 0.46696 0.525291 -0.140376 0.894503 0.373042 0.295203 0.15722 1.56074 -0.709186 -0.0988546 0.464678 0.00186187 -0.0281284 0.946372 0.996189 0.432018 0.600963 0.747947 0.823069 -0.0117944 -0.894166 -0.932872 -0.484165 0.320972 -0.286908 0.104991 0.152443 -0.0744782 -0.377731 -0.0912569 -0.18803 1.14954 -0.0832492 -0.211086 
-1.50212 0.823107 -0.273358 -0.239762 0.626908 0.891285 0.985243 0.28148 1.0422 0.618832 0.539665 -0.989227 -0.382109 -0.548587 -0.190089 0.443343 -0.199575 0.154548 0.528609 0.473459 0.0731063 -0.467264 0.0227526 0.609879 -0.94026 -2.24421 -0.694131 -0.196528 0.314049 -0.141216 -0.130912 0.44891 0.91716 0.0531173 0.756619 0.15285 0.862277 0.468407 -0.709013 
-1.59501 0.664115 -0.200637 -0.265352 0.746205 0.667275 0.741447 -0.0783485 0.525999 0.380953 0.656218 -0.639133 -0.0719392 -0.351664 -0.173973 0.049732 -0.209809 -0.163713 -0.295099 0.176234 -0.36006 0.300259 -0.560156 0.367184 0.651237 -0.0310504 -0.566835 -0.174077 0.600457 0.0156338 0.466499 0.795589 1.01528 0.00154488 -0.528439 -0.310013 0.631336 -0.693913 -1.45478 
-1.66083 0.680597 -0.259405 -0.31436 0.531623 0.777919 1.06292 -0.0353622 1.2781 0.184709 0.756455 -0.419614 -0.387824 -0.320785 -0.0500382 0.533188 0.22555 0.550939 0.618241 0.822283 -0.0730751 -0.172874 -0.403011 0.26094 -0.00941085 0.356772 -0.533366 -0.301014 0.432033 -0.202262 -0.0222088 -0.704276 0.628458 0.151621 -0.00187819 0.116178 0.312613 0.633999 1.06774 
-1.74163 0.618269 0.0154561 -0.18703 1.05746 0.901723 1.12012 -0.144179 0.389323 0.0659964 0.809872 -0.636547 0.207446 -0.467365 -0.251038 0.655045 -0.0891807 0.135147 -0.702107 0.633345 0.569397 -0.308815 0.702942 0.0627823 0.214601 1.39827 -0.416512 -0.368114 -0.0129891 0.0139326 -0.0982833 0.162188 0.768298 0.746316 0.295206 0.382937 0.757238 0.643533 0.641019 
-1.8649 0.477978 0.00763826 -0.346587 0.60635 0.509557 1.35357 0.460747 1.03438 0.708425 0.792351 -0.224761 0.657202 -0.322473 -0.472703 -0.546459 -0.202112 -0.693772 -0.376838 0.163048 1.11181 0.520655 0.873176 0.784026 0.888284 0.459879 -0.70417 -0.535357 0.42422 0.322577 0.124215 -0.844239 -0.962636 0.0266708 -1.38087 0.251834 0.327976 0.508434 0.921419 
-1.8889 0.242761 -0.219867 -0.258924 0.660644 0.75723 1.19165 0.826353 0.798789 0.718805 1.27438 0.13652 0.562629 -0.608585 -0.515293 0.0371266 0.572922 0.0562201 -0.495177 -1.82347 -0.534323 -1.35376 -0.393672 0.388434 0.479566 -0.219841 -0.461063 -0.333379 0.0113241 -0.0219847 -0.437719 -0.81907 0.484436 1.13138 0.0531893 0.452324 0.0963771 0.572067 -0.0180916 
-2.12432 0.0692529 0.0163208 -0.146249 0.636177 0.319998 0.499594 -0.00851528 -0.0322304 0.40055 1.02177 0.197507 0.512702 -0.387798 0.000553049 0.572418 0.171983 0.0410966 -0.784466 0.465523 0.46396 -0.46316 -0.317855 -0.653154 -0.107119 -0.49364 -0.540282 -0.420359 0.413609 0.256796 0.160649 -0.161133 -0.949778 -0.256015 -0.173422 -0.134738 -0.0929411 -0.0499122 0.605149 
-2.06178 0.236374 0.0126287 -0.199417 0.681868 0.457505 1.40411 1.23024 0.433517 0.468425 0.884817 0.055244 0.21685 -0.220846 -0.0835432 0.637924 -0.187285 0.189871 0.274393 0.649505 0.175146 1.13945 0.22852 -0.519424 -0.548764 0.990209 -0.559791 -0.220098 0.729778 0.310519 -0.00435276 -0.353417 0.944511 0.582136 -0.224882 -0.564908 -1.00365 -1.48682 0.785517 
-2.23176 -0.00272611 0.276205 -0.212936 0.742035 0.423504 0.797768 0.142761 0.864527 0.5645 0.711681 -0.262828 1.25775 -0.470978 -0.307709 0.612775 0.293776 -0.0428429 0.288813 0.741275 0.345799 0.187123 -0.375224 -0.737517 -1.9266 1.49673 -0.407285 -0.220656 0.321973 -0.324562 0.0655573 0.301215 1.31807 1.0194 0.564257 0.0782344 -0.136262 -0.723308 1.02202 
-2.26726 -0.0104454 0.261998 -0.0971296 0.655342 0.566502 1.74504 1.53078 0.580332 0.17454 0.445124 -1.58768 1.33425 -0.408534 -0.224427 -0.110729 -0.294099 -0.08661 0.165749 1.02679 1.24445 -0.468957 -0.132301 0.328512 -0.441095 0.318024 -0.477963 -0.402603 0.239367 0.230692 0.10826 0.139098 0.42251 -0.159374 0.284966 0.56466 0.39943 -0.00911178 0.69651 
-2.41277 -0.184588 0.223067 -0.317141 0.690611 0.485636 1.27172 1.22931 0.49469 0.45483 0.90549 -0.630753 1.50865 -0.264714 -0.265265 -0.218867 0.0529309 0.210244 -0.0804162 -0.190533 -0.570195 0.148375 1.06841 1.28757 1.91319 -0.608479 -0.195843 -0.162105 0.191871 0.346443 -0.159464 0.608317 1.09598 0.671406 -0.260848 -0.175902 0.240362 -0.0421926 -0.0947161 
-2.3919 -0.22416 0.163646 -0.0794397 0.77279 0.53489 1.65185 1.03014 0.696634 0.975399 1.20886 0.0650541 0.904051 0.0972027 0.00173636 0.428002 0.813434 -0.148117 0.713396 0.370381 -0.310188 0.149781 -0.0833697 0.00151721 0.38245 -0.450649 -0.385688 -0.340913 0.152166 0.295309 -0.228396 -0.623592 -1.30439 -0.994813 -0.193764 1.09298 1.33809 1.52996 -0.401257 
-2.39554 -0.190053 0.39518 -0.0323226 0.604197 0.756321 1.43985 0.956084 0.612098 0.382266 0.904978 -0.291837 1.19447 -0.33218 -0.217859 0.472076 0.390145 -0.54851 -0.801452 -1.42912 -0.819356 -0.387088 0.273154 0.560818 0.177601 0.0803421 -0.328804 -0.376545 0.0669686 0.465203 -0.131443 -0.323252 0.528408 -0.116986 -0.244855 0.547491 0.267045 -0.24936 -0.54481 
-2.54298 -0.400899 0.354187 0.0566973 0.458606 0.228697 0.9816 0.311577 0.391268 1.1732 1.54072 0.22815 0.980225 -0.608532 -0.536758 -0.31226 -0.116983 -0.0445224 -1.16593 0.313453 0.144908 -0.449775 0.755485 0.365419 -0.724332 -0.262705 -0.29531 -0.366566 0.585511 0.532586 -0.329429 -0.453568 -0.896964 0.0149566 0.273581 -0.00344038 -0.215735 -0.144069 0.537669 
-2.65494 -0.61552 0.257779 -0.0743153 0.576716 0.311329 1.58146 1.08091 0.257367 0.945826 1.12072 -0.902861 1.01846 -0.128768 -0.302628 0.480341 0.4068 0.0584895 0.162632 0.321527 0.838092 0.708931 -0.27717 -0.861656 -0.37553 0.602961 -0.311877 -0.354599 -0.155192 -0.00658488 -0.11204 -0.427937 -0.85098 -0.43237 0.640441 0.387667 0.431626 -0.0601458 -0.513655 
-2.61432 -0.643755 0.548183 0.198684 0.489724 0.289642 1.12697 1.0427 0.948998 0.953667 1.02726 -0.0835007 1.44059 0.122664 0.0337009 0.069543 0.109821 -0.118973 0.563749 -1.36325 -0.750042 1.21165 -0.279514 0.229163 0.641142 -0.410453 -0.122907 -0.187579 0.0788996 -0.126509 0.308674 0.784877 1.3239 0.411464 0.297957 -0.248065 -0.46671 -0.704171 -0.173328 