-1.14918 -0.328174 0.761309 -0.0054527 1.32399 0.277121 1.15115 1.35293 0.250837 0.452228 1.48792 -0.840343 1.62955 2.079 -0.488228 0.0528957 1.26157 -0.366305 0.035679 -0.799397 0.0261652 1.39194 -0.387659 0.00556514 -0.937429 -0.998505 1.35713 0.197085 -0.613476 0.326696 -0.518092 -0.0269548 -0.650694 -1.80086 -0.972063 -0.574683 1.42037 1.469 -0.250102 
-0.4304 -0.799091 0.588879 0.527178 1.43107 0.445268 1.00406 1.38232 0.975912 0.665923 1.84393 -1.88012 0.11671 2.21186 0.133952 -0.560353 1.03088 0.0616229 1.22427 -0.148116 -1.29604 -0.870459 -0.552518 0.401357 0.0339312 -2.24005 0.21299 0.61884 0.908248 0.728007 0.213282 0.54403 0.297741 0.356341 1.54018 -1.10046 -1.71019 0.181408 -0.152716 
-0.283771 -0.232364 0.438038 0.367145 1.34983 0.676688 1.03511 0.531384 -0.523555 -0.0194662 1.81182 -0.801724 -0.0502983 -1.7541 1.40821 1.34636 -0.122131 0.682314 0.806419 1.17062 0.492449 0.371268 -0.973986 -2.11135 1.18136 0.821592 -0.171005 0.134473 0.93722 0.989605 0.831646 0.980719 0.593236 0.0660821 1.31149 -0.278672 -1.35062 -1.57479 -0.824629 
-1.1582 0.151473 1.37086 0.486874 1.75382 0.70737 1.82454 1.69031 1.3073 -0.163451 0.08701 -0.704275 0.718681 -2.50181 0.0657478 2.0045 0.522875 1.18665 0.307479 0.886557 1.3806 2.36918 0.212813 -2.06154 -1.87114 1.19303 -1.47663 0.407681 0.267843 -0.566824 0.648082 0.606458 0.750025 0.225258 0.289113 0.815603 -0.203967 0.349975 0.265823 
-1.31194 -0.182305 1.60151 0.557823 1.91383 0.774649 1.65386 1.4003 1.58702 0.158341 0.0961431 -2.65123 0.828501 -0.626399 -0.802234 -0.939208 -0.78918 0.289209 0.13427 -0.23734 -0.169853 -0.0549868 1.99508 1.87211 -0.737673 -0.45651 -1.70143 0.242918 0.533929 -0.394008 0.0337696 0.316589 0.158485 0.803038 1.37978 0.770178 -0.461745 0.281863 1.36853 
-1.43298 -0.380698 0.827979 0.207693 1.88853 0.748349 1.64514 1.58002 1.25911 1.52689 1.62887 -1.4304 0.368091 -0.23863 0.295216 -1.18512 -1.16048 -1.14127 0.175425 -0.688384 -0.194008 -0.791481 0.751792 1.50287 2.23411 0.600032 -0.448792 -0.401368 -0.581127 -0.363402 0.0194258 0.181976 -0.743506 -0.613036 -0.779151 1.46496 1.29431 -0.0193823 0.394685 
-1.43094 0.0216785 0.916085 0.145675 1.36428 0.829168 1.15414 1.27475 0.882955 0.793556 1.33222 -0.432001 1.26534 -0.108338 0.205108 0.0311567 0.200046 -0.265461 0.136042 -0.685398 -0.761119 -0.864241 -0.166473 -0.25465 0.743663 0.988464 -0.337248 -0.143815 -0.920465 -0.409463 -0.744635 -0.117406 -0.394447 -0.216109 -0.407086 1.06066 0.475259 1.5739 0.765333 
-1.49964 -0.237158 0.847584 0.282763 1.75792 0.789912 1.14754 1.09631 0.490253 1.38281 1.40952 -0.688359 1.09443 -0.317504 -0.509345 -0.248624 0.498398 0.0131057 -0.37792 0.199425 -0.143409 0.302568 0.57404 -0.900387 -0.340044 0.411901 -0.17234 -0.0887162 0.108669 -0.0088532 -0.828674 0.19174 -0.259323 -0.305704 -0.66573 -0.829246 -0.90482 1.23005 1.15068 
-1.58163 -0.314027 0.773511 0.327587 1.36691 0.701648 1.28491 1.18117 1.15317 1.27792 0.578124 -0.76403 1.56197 -0.183747 -0.337303 0.129411 -0.227647 -0.989405 0.149692 0.364358 0.289725 0.076191 -0.857906 -0.853095 0.742935 0.522478 0.698202 -0.916222 -0.203867 1.35164 0.496959 0.185693 -0.475459 -0.810258 0.269212 0.108116 0.235199 0.548883 -0.878636 
-1.59659 -0.45746 0.924142 0.204672 1.28101 0.835964 1.39544 1.27627 0.558873 0.651948 0.694581 0.0529573 1.47347 1.41932 -0.853397 -0.0749835 1.62874 0.730582 0.654103 -0.789059 -1.08249 -0.00930299 -0.432751 1.20538 1.01944 -1.52886 1.31964 -0.792479 -0.529382 0.897767 -0.0965318 0.18302 -0.319648 -0.11051 1.04029 -0.712698 -0.903998 -0.0888292 -0.539076 
-1.0346 -0.880518 0.73159 0.914286 1.71276 0.913641 0.713691 0.494493 1.14565 0.907867 1.56785 0.251334 0.41217 2.2806 -0.841426 -0.957299 1.63595 0.838333 0.12227 -0.760365 -0.46923 1.10887 -0.0215379 -0.253632 -0.819241 -1.19972 1.65475 -1.15099 -0.958279 0.788072 0.0721 0.595605 -0.601523 -0.248281 0.0846614 -0.727656 -0.283747 0.757579 -0.288826 
-0.703574 -1.01592 0.370777 0.793951 1.6784 0.872996 0.8446 0.976905 1.54712 0.630872 0.476071 -0.754008 0.568975 1.21411 -0.858465 -1.41734 -0.394175 -0.627421 0.269446 0.0427639 0.69696 0.0891242 -0.465295 -1.54348 -0.092734 1.17569 1.82627 -1.15259 -1.43916 0.564242 0.0759872 0.00726137 -0.302322 0.0207697 1.14695 0.29824 -0.118107 0.262637 -0.311757 
-0.570012 -1.45041 -0.0884457 0.776559 1.409 0.99909 0.733207 0.931647 1.22579 0.510196 0.281195 0.164415 1.27804 0.627466 -0.872804 -1.28001 -0.755882 -0.729312 -0.12788 0.385889 0.486037 0.199546 0.399259 0.1208 1.15943 0.816849 1.0842 -0.58426 -1.00632 -0.539571 -0.286397 -0.148855 0.518907 1.09782 0.466276 0.207767 -0.830054 0.0905374 0.288594 
-0.474651 -1.59543 -0.369649 0.526694 1.3259 0.827734 1.10779 1.28085 1.72559 0.966908 0.567635 0.4001 1.16741 0.505753 -0.0106306 -0.149405 -0.473974 0.190103 -0.521607 0.603307 0.930446 0.432057 0.730506 0.528382 0.228981 -0.781117 0.825351 -0.0516382 -0.37697 -0.611767 -0.494466 -0.181708 -0.443092 -0.346342 -0.193998 0.145237 0.338754 0.694674 0.526073 
-0.389983 -1.45158 -0.173506 0.610257 1.49631 0.8243 1.1508 1.51626 1.61132 1.12735 0.710286 0.396349 0.685527 0.677938 0.795746 0.688231 -0.22661 -0.0216947 -0.176165 -0.935301 -1.0182 -0.44201 -0.211807 0.312522 -0.307266 -0.11475 0.418851 1.18003 0.802747 -0.844995 -0.836572 -0.488495 -1.22751 -1.14 -1.28373 -0.280195 0.121285 -0.159123 0.603787 
-0.225451 -1.0557 0.0308359 0.448974 1.31189 0.766587 0.43272 0.634776 1.33274 0.784359 0.817968 0.100556 1.07153 0.14877 1.76513 1.38523 -0.877903 -1.45688 -0.266941 -2.12752 -2.64943 -1.93486 -1.07211 -0.364554 -0.388588 1.58385 1.79822 2.65319 -0.325813 -2.00595 -3.16966 0.529618 -1.47567 -2.85501 -1.55004 -0.816365 -0.165505 0.639077 0.921965 
-0.353361 -0.261598 0.630999 0.299303 0.795782 0.73329 -0.370945 -0.160031 -0.110947 0.214701 0.399919 0.0162067 1.8556 2.18521 3.14942 -1.20076 -2.96398 -4.76249 0.995503 -0.897306 -3.26538 -1.36879 -0.796553 -0.50409 1.09355 1.32952 2.12345 1.75136 -1.09811 -2.11615 -3.1927 1.50011 -1.4207 -2.97213 -2.03263 -1.62778 -1.15604 0.848542 0.423575 
0.629249 1.06285 -0.663651 -0.609021 -0.969863 1.09089 -0.215371 -1.43052 0.11457 0.105564 0.392049 1.18937 2.05205 3.23513 0.838966 -3.09417 -2.48722 -3.36205 2.61895 0.363222 -1.80929 -0.434084 -0.945303 -1.05451 1.42309 -1.01449 2.23166 1.08793 -1.33237 -2.18703 -2.93441 1.83457 -0.400573 -2.19739 -2.13376 -1.73464 -1.57261 1.04836 -0.56695 
0.923113 0.307126 -1.16103 -0.587961 -0.816077 1.59168 -0.12385 -1.30572 -0.496738 -0.590332 -0.481814 1.43163 1.08916 1.37195 -1.53188 -0.871103 -0.513411 0.332974 1.88472 0.400733 -0.0348118 -1.11712 -1.35374 -1.4312 0.177739 -2.04285 2.66524 0.428941 -1.68007 -2.25047 -2.39283 1.80949 0.888194 -0.663022 -0.051997 -1.20984 -0.358072 0.864664 -1.42477 
1.15725 0.0412407 -1.16705 -0.789447 -0.814216 1.70773 0.0583632 -1.45552 -0.879476 -1.04609 -0.801629 1.37051 0.519176 1.01628 -0.201376 0.483663 -1.09064 -0.250966 0.221669 0.741765 0.803567 0.355852 -0.552374 0.624309 -0.369483 -0.809699 1.06276 -1.18352 -0.283955 -1.13431 -0.282958 0.669633 0.71293 0.649141 -0.462879 -1.36572 -0.674121 -0.217199 -2.2688 
1.30823 0.178002 -0.879122 -0.975097 -0.939756 1.66141 0.392074 -0.801239 -0.179074 -1.0619 0.0267157 1.07042 0.47534 0.31358 -0.228342 0.423426 -1.29668 -0.765107 -0.844259 0.486452 0.991272 0.563676 -0.337783 0.609344 -0.406166 -0.874332 0.755783 -0.454215 0.617109 -1.15254 -0.183477 -0.104907 1.34732 0.850517 1.29662 0.222113 -0.0299093 -0.515701 -2.03308 
1.26008 -0.105972 -0.920065 -1.25037 -1.18383 1.4268 0.392972 -0.832495 -0.37674 -1.33555 -0.305492 0.972948 -0.142814 0.17773 -0.474336 0.464569 -0.748322 -0.0311871 -0.404425 0.933783 0.454028 1.12567 0.835426 -0.647845 -0.212676 -1.80223 0.456074 0.0167287 0.849298 -0.787088 -0.34518 -0.246171 0.558254 1.40451 1.85801 -0.12147 0.484479 -0.858225 -0.831115 
1.35649 -0.134221 -0.608285 -1.23965 -0.958305 1.52517 1.04436 -0.517511 0.824125 -0.355713 -0.51825 0.864626 -0.878203 0.400544 0.252949 0.884511 0.0365167 0.239166 0.438409 0.208516 1.09476 1.56712 0.193567 0.00456333 -0.581892 -0.181088 0.224926 -0.105296 0.985956 -0.399412 -0.191784 -0.570736 0.0165844 0.792093 1.02349 -0.697549 -0.672408 -0.387895 -0.749794 
1.39784 0.0696599 -0.405804 -1.23386 -1.07306 1.56783 0.5302 -0.14411 1.01959 -1.17407 -0.310186 0.401221 -0.288135 0.166283 0.317487 1.05507 0.102156 -0.26349 -0.514004 -0.911952 0.7162 0.0399703 -1.69603 -0.171889 -0.218031 0.852115 0.287273 0.37544 0.759478 -0.111167 0.0393066 -0.148835 0.48768 1.03728 1.13575 -0.733134 -0.500595 -0.672691 -0.409026 
1.40015 0.084702 0.00484396 -1.19963 -1.08797 1.35288 0.385871 -0.0682063 0.860489 -1.79785 -0.669067 0.653524 -0.253485 0.0432974 0.305082 0.284278 -0.226161 -0.185446 -0.690539 0.398749 0.442121 -0.27166 -1.09842 -0.611383 -0.186305 -0.327739 0.00566087 0.460761 0.622975 -0.207696 -0.352436 -0.425982 -1.2732 0.177241 0.367448 -1.63907 -0.309205 -0.453442 0.406255 
1.39209 0.280262 -0.239476 -1.31142 -1.1654 1.33747 0.802525 0.132098 0.778438 -2.10905 -0.824956 0.221563 -0.542753 -0.173355 0.367421 -0.0977525 -0.444683 -0.27339 -0.175819 -0.669036 -0.465409 0.36691 -0.335415 -0.197756 -0.29035 -0.305176 -0.197404 0.295664 0.29194 -0.201197 0.0535429 -0.476858 -0.481109 -0.285162 0.44799 0.167717 0.162405 -0.667981 -0.45217 
1.30736 0.33712 -0.0502755 -1.35545 -1.22238 1.29185 -0.100109 -0.365158 1.188 -2.0853 -0.841305 0.370745 -0.491287 -0.375514 0.134318 0.16021 -0.106072 0.260629 -0.0796311 -0.995405 -0.882799 0.771691 1.31383 0.826168 -0.57631 -0.236958 -0.320017 0.42538 -0.154575 -0.45714 -0.0794427 -0.188896 -0.0870692 -0.398822 0.681481 0.78557 0.599904 -0.589299 -0.62718 
1.2181 0.376317 -0.145064 -1.34597 -1.04436 1.30808 0.0847677 -0.428459 1.46642 -0.996862 -0.149263 -0.344632 -0.729713 -0.355189 0.264873 -0.149492 -0.292911 0.148082 -0.139578 0.562056 -0.145233 0.403167 1.31916 0.954699 -0.379025 -0.486155 -0.33209 0.354027 0.249661 -0.305295 0.0369434 -0.175894 -0.342887 -1.04036 0.288708 0.414364 0.269504 -0.615081 -1.35878 
1.14154 0.52075 -0.135386 -1.45691 -1.15518 1.24274 0.288191 -0.459898 1.5478 -0.968589 -0.0591726 8.08345e-05 -0.863971 -0.172361 0.391871 0.218779 -0.391031 -0.210471 -0.215233 0.570519 -0.687193 -0.455879 -0.791704 -0.478663 -0.123617 -1.50177 -0.409328 0.504564 0.46488 0.249657 0.503628 -0.281512 0.6731 -0.640253 -0.0702487 0.576714 0.901625 -0.0473788 -1.07929 
1.12572 0.645135 -0.0167024 -1.48257 -1.14866 1.23408 0.479078 -0.86548 1.06122 -1.67154 -0.554126 -0.46216 -1.85933 -0.316357 0.485172 0.861895 0.674737 0.605661 -0.322086 0.275631 -0.826439 -0.502508 -0.595141 0.176145 0.351839 -0.89064 -0.460532 0.586919 0.296504 0.172614 0.153143 -0.281969 -0.0345248 -0.968329 -0.818714 0.128139 0.0901124 0.586621 -0.991725 
0.991308 0.852153 0.365765 -1.21185 -0.86909 1.13358 0.473082 -0.984862 1.10108 -1.47645 0.0782239 0.35378 -1.53812 -0.581172 0.480641 0.232779 0.650838 0.435814 -0.247153 -0.612201 -0.775078 -0.509104 0.957893 0.603861 0.847736 0.238364 -0.468763 0.681553 0.500206 0.683789 0.266125 -0.201621 -0.155482 -1.02985 -0.858957 -0.188561 -0.932196 0.632568 -0.0605647 
0.869111 0.973499 0.119774 -1.24607 -0.943825 1.14958 0.0334597 -1.35801 0.608618 -0.861419 -0.0625291 0.383025 -1.69203 -0.450356 0.528066 -0.0947647 0.394663 -0.209984 -0.0134081 -0.467628 -0.727822 -0.509019 0.367493 -1.31782 0.426728 0.83306 -0.860216 0.581499 0.505675 0.915998 0.356457 -0.446264 -0.356252 -0.773466 -0.0781696 1.99226 -0.248077 1.75234 0.884228 
0.787251 1.21233 0.312377 -1.06708 -0.973166 1.12598 0.130135 -1.44754 0.648553 -1.16738 -1.02156 0.781702 -0.927598 -0.812329 0.383811 0.542823 0.786334 0.0960507 -0.474702 0.170707 -0.395799 0.400602 1.52644 -0.897755 1.25779 0.927535 -1.01643 0.323713 -0.179009 0.391573 0.297964 0.094288 -0.403206 -0.0228121 -0.282445 1.6633 -1.88084 0.370978 1.08923 
0.519641 1.23691 0.435972 -0.961045 -0.901509 0.990219 0.143837 -1.61099 0.966133 0.431205 -0.81445 1.63462 -1.0111 -1.19327 -0.0469559 -0.190332 0.211929 0.653662 0.145238 -0.0322167 0.679458 0.164261 1.70776 -0.999435 0.0418477 0.598306 -0.967124 0.61631 0.366751 0.472006 0.782564 0.167743 0.489702 0.465618 0.384114 1.08651 -1.36377 -0.910225 1.91676 
0.284751 1.18679 0.203593 -0.987757 -0.664119 1.17057 0.0964025 -1.02144 0.795602 0.279127 -1.85768 0.828167 -0.492042 -0.752352 0.532407 0.0175607 -0.0523539 1.07822 0.722537 0.439072 1.07782 0.0255531 -0.168464 -0.778729 -2.30747 1.57546 -0.746372 -0.135941 0.0744152 0.0937558 1.0452 -0.157088 0.00546661 1.16507 -1.27149 0.105578 -0.0385548 -1.14824 0.823089 
0.194266 1.6 0.447695 -0.976362 -0.389376 1.22472 0.444798 -0.933302 0.989659 0.285441 -1.4678 -0.647339 0.152717 -0.0179485 -0.155464 0.297835 -0.0770182 0.916571 -0.410401 0.0402319 1.04852 -1.6529 -1.56963 0.965186 -1.37358 0.488419 0.267451 -1.03833 -0.00316713 -0.582814 1.63538 -0.867755 -0.135656 2.25204 -1.3222 -1.49514 -0.0910626 -2.3863 1.42776 
0.2544 1.08846 0.37778 -1.01191 -0.22931 1.03236 0.114121 -0.362259 -0.675572 -1.05574 -1.06686 -0.528209 -0.138383 1.16445 -2.07672 -0.0302471 -0.884282 1.38178 -2.11004 -0.606431 2.27558 -1.57285 -1.68399 0.679411 -0.491396 0.294298 1.0798 -2.07963 -0.125899 0.197603 1.90367 -1.36645 -0.166125 2.23137 -0.0844621 -0.778378 1.00012 -0.950937 1.67727 
0.638908 0.212916 0.431706 -1.2896 0.267966 0.527374 0.00327686 0.500846 -0.410229 -1.14648 -0.913642 -1.12937 0.361699 1.73077 -2.93734 -0.500655 0.376402 1.94791 -1.76468 -0.245455 2.27397 1.53712 0.608509 0.287721 0.275658 1.70445 1.4849 -3.13944 -0.597742 0.798019 1.54869 -1.22253 0.443451 1.69173 -0.891555 -0.848666 0.424976 0.459248 0.894308 
0.926543 -0.87591 0.0891136 -0.873682 0.698838 0.448627 -0.0710467 1.07087 0.694038 -0.542127 -0.837069 -0.250014 1.12157 1.19701 -2.59207 -0.903543 2.1346 0.947518 0.162243 1.15873 0.239949 0.523625 0.635464 -0.139242 1.06457 0.884654 1.35834 -2.13869 -0.148444 0.494955 1.07063 -0.938727 0.531326 0.383927 1.68252 0.732509 0.303664 -0.074102 0.367159 
1.09663 -1.51985 -0.0904991 -0.521749 0.717578 0.577556 0.815317 0.64937 0.0568396 -0.609993 -1.03742 -0.0692798 1.01067 0.428053 -0.243284 0.262908 0.393925 -0.33934 0.265094 0.906959 -1.71411 0.390714 0.309252 0.102115 -0.334512 -1.20814 0.299788 -1.18664 0.508414 0.0664164 0.564468 -0.938318 1.40123 0.623542 1.50561 0.610002 1.09538 1.17273 0.527317 
1.07536 -1.03314 0.243055 -0.729182 0.532885 0.532645 0.562193 -0.0147066 1.04275 -0.282476 -0.760979 -0.576561 0.2108 -0.73313 0.827195 1.68339 -2.04299 -0.102052 -1.66119 0.583807 0.678232 1.1996 0.129953 1.5102 0.354096 -0.180944 -0.622044 -0.110954 1.54036 -0.504306 0.654799 -0.0849403 1.62128 -1.26349 -1.32965 0.124552 0.729797 -0.497993 -1.44396 
0.778975 -0.959024 0.88684 -1.24993 0.665132 0.0278694 1.21906 1.0747 1.12588 -0.502505 0.204726 0.286657 0.865456 -1.4402 0.0780207 2.11561 -1.20622 1.32099 -0.416317 1.10904 -0.189545 -1.94662 -0.147524 0.815796 -0.226663 -0.640897 -0.851786 0.401759 2.21497 -1.55161 0.0933032 -1.02147 -0.199461 -0.271491 0.319304 0.246286 0.813604 -0.552583 -0.7305 
0.473662 -0.974853 1.47094 -1.15771 1.16115 0.392494 1.33894 -0.137433 -0.68999 -0.41047 -0.0938747 -0.796219 -0.277213 -0.646874 -0.230027 1.74022 -0.428023 0.237179 0.0309189 -0.830457 -1.09847 -0.848402 0.183159 -0.48843 -0.979962 -0.744183 -0.907637 -0.448004 1.61627 -1.79299 0.0910809 -0.869375 0.262909 0.559365 -1.81841 -0.814799 0.328272 -0.495657 -0.321169 
0.495972 -1.10737 1.89712 -1.39978 0.774955 0.0348486 0.618448 0.377932 0.37113 -0.349863 -0.208224 -0.6796 0.300465 -0.0292345 -0.744497 0.380509 -1.64709 -1.18921 -0.973748 -0.7811 1.01176 -0.174564 -0.85889 -0.395465 -0.331744 0.245842 -0.623487 -0.944676 0.563226 -0.0901508 0.298848 0.706476 -0.401879 -0.42286 -1.49384 0.494443 0.406499 0.572421 -0.632469 
0.438777 -1.4683 1.69305 -1.74412 0.58866 0.0689596 0.773379 0.498533 -0.844672 -1.14217 -0.429839 -1.12002 -0.104345 -0.367581 -1.17503 -0.875465 0.271663 0.207832 1.06773 0.332261 0.451877 -0.897402 0.438552 1.0057 1.68725 -0.053997 -0.258547 -0.99062 -0.618546 -0.679857 -0.725097 0.205181 0.0636569 1.50814 1.73064 0.432249 -0.248657 1.22569 0.774082 
0.325167 -1.8896 1.3912 -1.29906 0.870741 0.382915 0.843555 0.660302 -0.427255 0.0195192 0.616145 0.997635 0.249865 -0.400884 -0.728879 -1.34653 0.556757 0.0905026 1.28071 0.861429 1.22923 2.15806 1.40326 0.100853 1.81318 0.777422 -0.214937 -0.653501 -0.415111 0.458686 0.374605 0.694158 -0.117591 1.08287 -0.0355795 -1.32849 -2.04295 -0.912354 0.472631 
0.254593 -1.95126 0.914059 -1.5413 0.628321 0.487092 1.37428 1.27185 1.07789 0.0459169 -0.354794 0.682016 0.464705 0.00729049 0.202967 0.224602 0.441222 0.351392 0.0114649 -0.47717 1.15318 0.838158 -2.08377 -3.52384 -2.73946 0.68689 0.0786455 -0.186916 -0.463282 1.1751 0.0527604 0.426027 -0.966518 -0.649062 -0.0636498 0.538511 0.233117 1.19052 1.36843 
0.304954 -1.7475 1.52293 -1.13762 1.0352 0.383494 0.493832 1.38558 0.319912 -1.75168 -2.31049 -1.71247 0.751443 0.510674 0.450656 0.621042 1.29077 -0.0164988 -0.62497 -2.06131 -2.21408 -2.24977 -0.726746 0.20156 -0.373425 1.0155 -0.177541 0.874625 -0.574843 0.571619 -0.192883 -0.596301 -1.76685 -0.108671 -0.636618 -1.87124 -1.08487 0.219001 0.86503 
0.436599 -1.64301 1.2756 -1.07563 0.616799 0.278298 -0.10044 -0.129491 -0.924801 -0.573637 -0.19635 0.316901 1.2112 -0.307703 1.09738 -1.12292 0.450525 -0.647725 -0.97027 -1.71729 -1.32993 -1.59254 -0.236391 2.19297 3.02794 0.454148 0.834456 1.54255 -1.16042 1.60781 -0.0905869 -1.61779 -4.54317 -2.63499 -1.33391 -0.270965 -1.07371 -0.809753 1.40781 
0.158202 -1.00544 0.873564 -0.972855 0.72173 0.0611044 -0.736586 0.542634 -1.09751 -1.95509 -0.502917 1.29353 1.07956 0.80931 1.84294 -2.42653 1.24208 -0.125611 -1.94706 -3.58331 -1.74049 0.688935 0.396626 -1.51859 -0.557194 0.828418 0.941416 1.25774 -1.96969 1.52763 -0.585895 -1.44474 -2.48891 -1.81174 0.71884 0.965857 0.400612 0.77883 0.0536713 
0.738573 -0.400837 -0.129423 -0.627401 0.553083 -0.365433 -2.65604 -1.23173 -0.31052 -0.239836 -1.4624 -0.230347 1.81825 1.79895 0.772675 -1.93626 1.95535 -0.241122 -1.32845 -1.37448 -1.39356 2.40582 1.44434 -1.683 -2.07605 -0.363796 0.704787 1.26569 -2.18432 1.46817 0.0044832 -1.69548 -1.14101 -0.331727 1.34432 0.259112 -1.33753 0.361779 -0.354916 
0.857733 -0.481179 -0.247268 -0.269195 0.60276 -0.37912 -1.72355 -0.340497 1.0457 -0.732146 -1.90511 -0.759063 0.798068 0.30305 0.0389488 -0.965165 1.06961 0.126831 -0.747661 2.16659 1.23018 0.847753 -0.0675631 -0.125374 1.01487 -1.26717 1.11236 0.88318 -2.18835 1.33989 0.0522488 -1.6761 -0.308972 -1.33383 1.50163 1.58541 -1.03327 -1.47571 -1.17053 
0.837172 -0.368754 -0.687348 -0.240933 0.610122 -0.614589 -1.12825 -0.457817 0.445192 -0.299971 -1.5747 0.780486 0.863482 -0.0339946 0.540394 -1.46167 0.153181 0.314354 -1.33566 0.991737 -0.615279 -0.6872 0.534066 0.416069 0.356252 -1.13116 0.355444 0.446665 -1.34066 0.835943 0.179506 -1.33835 2.28155 0.928646 0.943346 0.129486 -0.130864 -0.332904 -1.60863 
0.820935 -0.112733 -1.093 -0.210908 0.7495 -0.821714 -1.0301 -0.7321 0.434505 -0.281705 -1.56903 -0.400989 -0.05533 0.249947 0.624997 -1.11953 0.240774 0.138257 -1.38305 0.669926 0.144247 0.225187 0.235427 -0.023267 -1.38041 -0.795108 0.164298 0.509563 -1.33195 0.70906 -0.339563 -2.05777 1.00189 0.131411 -0.305886 0.63377 -0.281508 0.711683 -0.845552 
0.914439 0.0564424 -1.33475 -0.151278 0.672626 -1.07277 -0.663346 -0.369734 0.646496 -0.102972 -1.60244 -0.582657 0.260537 0.280929 0.217085 -0.609543 0.956244 -0.831826 -1.93122 0.254543 0.797538 0.315331 0.260907 -0.751392 0.516068 0.0570394 0.496091 0.319054 -0.937211 0.875832 -0.261844 -1.35608 0.420891 0.713093 0.2879 -0.180235 0.0913473 -0.47674 -0.489506 
0.910649 0.038841 -1.44478 0.134964 0.347968 -1.46024 -0.860187 -0.231425 0.716083 -0.0630822 -2.19974 0.115478 -0.0231755 0.528251 -0.150816 -0.340155 1.13278 -0.538558 -0.775658 -0.145661 0.907847 0.0896917 -0.452721 0.149996 0.84442 0.18206 0.513652 -0.0141471 -0.16387 1.36269 -0.572273 -1.38718 0.311797 1.42307 -0.204351 -0.242543 0.545219 0.537945 0.0187711 
1.10351 -0.0387668 -1.53039 0.257814 0.411378 -1.33114 -0.777643 0.200607 0.727138 -0.489972 -1.4867 0.259242 0.385869 0.525386 -0.238392 0.347898 1.1884 -0.0364837 -0.276601 0.134152 1.31624 -0.569768 -0.555684 1.44057 0.150369 -0.0118819 0.324791 -0.329136 0.110258 1.57365 -0.873467 -0.813326 -0.17741 1.03339 -0.143483 -0.783132 1.41956 0.294605 -0.612416 
1.09856 -0.115113 -1.24158 0.563973 0.326886 -1.55442 -0.77577 0.596844 0.209463 -0.537463 -1.01525 0.269499 -0.0423876 -0.0243361 -0.338896 0.503185 1.34598 -0.783839 -0.52589 -0.0735856 0.623212 -0.273732 -0.514312 1.62269 -0.466347 -0.954272 0.326783 -0.331442 0.321969 1.28079 -0.898512 0.617125 0.0770805 0.83498 -0.51673 -0.541599 2.17584 -0.652254 -0.965752 
1.07059 -0.260138 -1.23716 0.743253 0.0328002 -1.50734 -0.840755 0.591185 0.484144 -0.929243 -0.151386 -0.197968 -0.3357 -0.0182828 -0.25475 0.143111 0.826533 -1.32367 1.23414 -0.0371415 -0.0818838 -0.0459546 -0.110988 1.26931 -0.894347 -1.21789 -0.0803978 -0.622455 0.192616 1.01081 -1.35062 0.0884352 0.138487 0.187769 -1.18925 -0.086332 1.80815 -0.972032 -1.50601 
1.06808 -0.280039 -1.15708 0.863393 -0.309919 -1.15161 -0.813 0.542112 0.16931 -0.634451 0.0274127 -0.611904 -0.960428 -0.120532 -0.586997 -0.212568 0.241363 -1.25792 0.648476 0.246906 -0.356678 -1.1198 0.413793 0.63154 -0.656576 -0.975121 -0.281558 -0.850056 0.11427 0.881448 -1.1214 1.02404 0.580177 -0.167889 0.216283 1.56261 2.31422 -0.229027 -0.693362 
0.999028 -0.647931 -1.35884 0.833119 -0.572555 -1.2972 -0.676263 0.362904 -0.512293 -0.580872 0.363132 -0.843714 -1.07281 -0.448681 -1.0096 0.0261351 0.555919 -0.372522 0.366036 0.759354 -0.183426 0.278004 2.06104 1.61205 0.651903 0.340855 -0.256323 -0.382631 0.553923 0.62702 -1.14402 0.522074 0.114457 -0.665275 -0.718077 1.89126 0.820692 -0.973556 -0.4441 
0.864694 -0.951309 -1.14038 1.0659 -0.491745 -1.03439 -0.284585 0.423249 0.417648 1.11186 1.35391 0.0391904 -0.716748 -0.306025 0.0177355 1.06292 0.738127 -0.472371 0.158948 -0.103448 -0.652411 0.27121 1.94494 0.39901 -0.468154 0.420873 -0.221685 -0.185073 0.800335 0.638364 -0.81923 -0.0387358 -0.545018 -0.852036 -0.447318 1.18306 0.413991 -0.471611 0.25915 
0.85295 -0.630078 -0.741163 1.10088 -0.802143 -1.2481 -0.760582 -0.0521505 -0.270004 1.06691 0.685087 -1.30271 -0.76949 0.0775859 0.734117 1.20595 0.441538 -0.868106 -0.444289 -1.43543 -1.10494 -0.813448 -0.582991 -1.0855 -1.18181 0.0155865 -0.246828 0.192614 1.58384 0.659086 -0.220756 0.38789 0.0429945 -0.769355 0.394253 0.871629 0.331488 -0.400605 0.563234 
0.872721 -0.452917 -0.439797 1.22746 -0.910631 -1.18374 -1.31483 -0.277606 -0.305973 0.614304 0.446519 -1.12712 -0.715488 -0.105329 0.268423 1.38296 0.292149 0.134016 0.436561 0.158099 -0.512318 0.166671 -0.854176 0.0253066 0.0223858 0.329348 -0.419995 0.690065 1.90487 0.530892 -0.645415 0.0524448 0.129679 -0.836752 -1.99659 -0.852948 -0.501906 -0.55788 0.168408 
0.787496 -0.444067 0.0620274 1.20893 -0.741667 -1.10767 -0.659158 -0.378727 -0.12081 0.339217 0.697571 -1.27554 -0.534386 -0.766212 0.291779 1.73726 0.385706 -0.110475 0.510036 1.5978 -0.16057 -1.51381 -0.470863 0.477052 0.549672 0.223346 -0.52181 0.636878 1.50834 0.718987 0.333966 0.277581 -0.423193 -1.00963 -0.414541 -0.732949 -0.36561 -0.281155 0.826689 
0.541777 -0.251238 0.56877 1.36901 -0.967107 -1.01914 -0.190978 -0.382033 -1.65329 0.211907 0.833103 -0.577351 -0.559387 -0.746321 0.678381 0.945947 0.832998 0.36394 -0.0152601 -0.682782 -1.01171 -0.664206 -0.0504514 -0.46485 -0.326603 0.76204 -0.901445 0.360065 1.16894 0.463243 0.542641 -0.625457 -0.48073 -0.573124 0.0287706 -0.109723 0.215005 0.489297 -0.0562903 
0.464543 0.0169384 0.6119 1.51067 -0.571208 -1.11589 -1.1549 -1.0207 -0.711529 0.293604 0.304148 -1.59425 0.0232008 -0.693306 0.243388 0.0658535 0.334397 0.923033 -1.51489 -2.19399 -0.71072 1.52899 0.341256 -0.197084 0.0591147 -0.275391 -0.813167 0.519057 0.751423 0.00044429 0.353883 -0.498518 -0.853834 0.136264 -0.0238262 1.00754 -0.311892 0.888131 1.13304 
0.240122 -0.0820206 0.608486 1.49219 -0.529207 -1.5207 -1.75993 -0.833913 -0.290915 0.498718 0.661421 -0.513772 -0.77499 -0.571846 0.093216 0.210363 -0.845874 0.164043 -0.789117 -0.377062 1.20123 0.618555 1.31023 0.0918749 1.40802 0.726069 -0.604219 0.333589 0.0242349 -0.00597035 0.499061 -0.822851 -1.39115 -0.53586 1.24134 0.171869 0.297686 -0.125802 0.990325 
0.211681 0.0854229 0.735383 1.21119 -0.496369 -1.37868 -1.43353 -0.265073 -0.159923 1.40274 0.371758 -0.193762 0.553978 -0.290298 0.252409 -0.0360891 -0.357432 -0.176176 0.198296 0.466423 -0.104846 -0.111405 -0.120686 0.579512 -0.179234 1.57868 -0.471027 0.225258 -0.0360503 -0.160176 -0.0372084 -0.37179 -0.120105 0.443811 0.0947404 0.211759 1.02743 0.801374 0.667608 
0.100363 0.0932486 0.589111 1.36763 -0.617111 -1.45866 -1.43955 -0.903147 -0.389352 0.3935 1.13285 -0.686423 0.391235 -0.198492 0.241485 -0.273991 0.578609 -0.225678 0.184879 0.229029 -0.551812 -0.527077 -1.04005 1.19487 -0.429412 0.159313 -0.399491 0.411079 0.0593194 -0.469491 0.298404 0.444455 0.126184 0.298666 0.110279 -0.255832 0.653899 0.204072 0.981849 
0.108801 0.253365 0.578105 1.42182 -0.607951 -1.32105 -1.28174 -0.616593 -0.628525 0.517296 1.35278 -0.614365 0.662356 -0.365498 0.358619 0.120206 -0.399724 0.620519 0.486546 -0.308391 0.537215 0.220854 -0.190617 0.244344 0.450024 -0.286368 -0.647243 0.527719 -0.367589 0.15017 0.57029 -0.51144 -0.0228131 0.0625015 -0.726288 -1.16323 1.18436 -0.8326 -0.818627 
-0.0696062 0.339762 0.660333 1.22791 -0.323918 -1.30179 -1.66941 -0.566882 -0.191907 0.228935 1.32673 -0.235412 0.16745 -0.854001 0.542993 -0.30325 -0.35435 1.07992 -1.00966 -0.256157 0.631024 -0.331011 -0.399654 0.28635 -0.528281 -1.19856 -0.855682 0.676683 -0.623184 -0.164028 1.16769 -0.246416 -0.0473382 0.654989 -0.444944 -1.88589 -0.547296 0.290424 -0.112064 
-0.257409 0.623554 0.403867 1.29836 -0.0950046 -1.6564 -1.4745 -0.221082 -0.922528 0.175331 1.58144 -1.13296 -0.241279 -1.02074 0.647377 -1.09341 0.126358 1.13437 -0.892784 0.250786 0.427991 -0.753551 -2.14777 -0.909036 -0.0769057 0.162098 -1.02804 0.189465 -0.904745 0.113122 1.37353 -0.248593 -0.446608 1.01743 0.767659 -0.419817 -1.23348 -0.0750354 0.562444 
-0.5028 0.779971 0.0280696 1.27659 0.215075 -1.59869 -1.50216 -0.299598 -0.86219 -1.59657 0.565464 -0.306645 0.277904 -0.808222 -0.261517 -1.10614 0.519932 0.985307 0.599988 -0.297625 0.87617 1.20076 -0.115574 -1.80137 0.468321 1.94776 -0.629617 -0.629186 -0.203087 0.176512 1.8769 -0.275198 0.380324 1.4853 0.850764 0.674209 -2.04621 -0.855489 0.222686 
-0.605228 0.454088 -0.235778 1.48798 0.372684 -1.46221 -1.69672 0.329254 0.147543 0.0744511 0.0812163 -0.663814 1.20001 -0.00352647 -1.58328 0.771013 0.139621 1.68975 0.441092 0.223067 1.77885 1.71941 2.99303 -1.61314 -0.907911 0.147123 0.0643529 -1.65781 -0.526839 -0.266504 1.04698 0.255868 -1.63184 0.155044 1.927 0.339503 -1.9297 -0.133096 0.198536 
-0.527358 -0.276117 0.47654 1.33002 1.01973 -1.45677 -1.3546 0.820834 0.669755 0.940676 -0.778884 -1.20149 0.377197 0.895126 -2.204 0.282196 -0.955598 0.587609 -0.212979 -1.72906 -0.658572 1.00983 0.544608 -0.576425 -0.597084 -1.66981 0.431707 -1.50274 0.356929 -0.540965 0.921017 1.23275 -0.619536 0.0356059 1.97093 2.97534 -0.600329 -1.1209 -0.490476 
-0.26878 -1.01837 -0.0706562 1.14921 0.650135 -1.53547 -2.93549 -0.0896909 1.04759 0.533838 -0.404605 -1.2506 -0.05484 0.678633 -0.65165 -0.225846 -1.00998 -0.306743 1.48868 -0.991746 -1.73986 0.54198 0.71383 0.882732 -0.39143 -0.761425 0.429106 -1.2606 0.796083 -0.712112 0.745534 0.612996 -0.685982 -0.581247 0.47289 1.42925 -0.241736 -0.474875 -1.79362 
-0.277879 -0.707279 0.347169 0.971774 0.869372 -0.970217 -2.06976 -0.281007 1.15317 1.54367 -0.05635 -1.58445 -0.200645 -0.224185 0.329158 0.9433 -0.185819 0.530836 1.16399 0.877805 -0.224864 -0.481003 1.23959 0.290389 0.0633048 -0.632025 0.185909 -0.501522 0.0565447 -0.0704177 0.186835 0.963007 -1.00359 -0.597697 -0.0525372 0.112962 0.884499 -0.152309 -0.472403 
-0.381981 -0.791622 0.477682 1.08609 0.900429 -1.15573 -2.32296 -0.234724 0.620017 1.58303 -0.1726 -1.18287 -0.53624 -0.397095 -0.0944087 0.305664 0.884871 0.582881 0.015098 -0.254202 0.831823 -0.620837 -0.566514 0.226889 0.239898 0.170526 -0.23527 -0.0302196 0.491942 0.307929 0.213475 1.14122 0.782879 0.145244 -0.806532 0.636151 0.714792 0.95761 1.15757 
-0.460541 -0.764651 0.525895 1.29209 1.14456 -0.968443 -2.26114 0.24132 0.601071 1.0601 0.123069 -1.3417 -0.083909 -0.168663 -0.374366 -0.188973 0.659937 -0.214536 0.621238 0.0963058 0.427808 -0.469892 -0.441659 0.608926 1.10045 2.15189 -0.404824 -0.670062 -0.570515 0.00327438 -0.000864829 0.187989 0.582596 0.553042 0.183972 1.03278 0.910842 0.948407 1.31519 
-0.472877 -1.03679 0.369686 1.32585 0.794176 -0.954551 -2.26542 0.0324447 0.202338 1.20541 0.323191 -0.0872197 1.05719 -0.267239 -0.90228 -1.19727 -0.893264 -0.589723 0.264712 0.979421 -0.0190665 0.815516 1.85768 0.915377 0.912946 1.55345 0.0108776 -0.898503 -1.37238 -0.853496 0.120183 1.29414 -0.437169 -0.349995 -0.044587 0.510814 0.545274 0.102163 1.02717 
-0.591037 -1.36393 -0.166575 0.975632 0.858839 -0.884551 -1.57644 0.226261 1.32808 2.63384 0.872637 -0.431881 1.06351 0.169944 -0.962026 -1.94488 -2.02528 0.390187 1.4055 -0.638357 -0.965435 0.40023 1.08373 0.0803195 -0.950421 -0.800893 0.131427 -0.664078 -1.67013 -1.42424 -0.130953 1.43754 0.921042 -0.693206 -1.06405 0.0734885 1.46654 0.575013 0.364813 
-0.427749 -1.67614 -0.756141 0.604016 0.97719 -0.495366 -2.72961 -0.580303 0.559522 2.12233 0.381232 -1.0242 0.449937 0.461542 -0.0855095 -1.39784 -1.37601 0.386756 1.9885 0.166387 -1.03179 -2.06425 -1.75946 0.915521 -0.202582 -1.06018 0.735488 1.75755 -1.5086 -2.80404 -0.943732 2.42159 2.69124 -1.04707 -2.6877 -1.61606 -0.347932 0.512311 -0.445945 
-0.428769 -1.41533 -0.975302 0.486301 1.04021 -0.233572 -1.46913 -0.428394 -0.509411 1.13787 1.62233 -0.627672 0.26301 0.991573 3.57533 -0.399999 -2.42932 -1.81852 2.4018 3.98401 -0.614577 -3.5268 -3.08656 -0.497956 1.58648 0.244256 1.71755 2.52064 -1.24988 -2.76302 -2.78511 3.07158 2.41116 -1.52448 -2.44314 -2.49754 -1.88293 0.704783 -2.69997 
-0.0525565 0.728097 -0.986461 -0.262514 0.103677 0.291581 0.0888464 -0.971462 -2.5804 -0.499894 -0.0396068 0.553161 0.621623 2.27245 3.83357 -0.546241 -3.01362 -4.59119 2.84531 2.83121 -1.26214 -0.77947 -1.33956 -3.23536 1.06673 -2.41535 2.13579 2.34094 -0.439596 -3.06684 -3.26637 2.4784 3.46518 -0.625973 -0.705921 -2.11489 -1.21415 1.85936 -1.39905 
0.460975 1.16213 -1.29039 -0.589472 -1.1596 0.69928 0.530646 -1.22853 -1.20278 -0.0017491 -1.06541 0.434555 -1.54749 2.41209 -0.0944875 -0.288795 -2.4415 -3.11148 1.49522 0.323424 -0.335742 2.69227 0.46341 -0.993115 0.645871 -2.03514 2.27581 2.01633 -0.0911694 -3.16676 -3.54623 2.45105 1.75904 -0.753173 0.360099 -1.70525 -3.03081 1.71472 -1.1098 
0.893283 0.670673 -1.15232 -1.13341 -1.38832 0.780282 0.307678 -1.18652 -0.182106 -0.109417 -0.870497 1.19828 -0.905506 1.35542 -0.83544 0.397223 -2.01545 -0.760721 1.0085 -0.644016 0.121606 1.17785 -0.774182 -0.506966 0.994219 0.999048 1.68842 -0.250577 0.250643 -1.90587 -2.00974 1.44611 0.295976 -0.0599127 2.14021 -0.637417 -1.61352 0.786211 -1.39198 
0.982331 0.607683 -1.05859 -1.30779 -1.52712 1.02786 0.0624333 -1.15474 -0.153105 -0.66156 -1.49371 1.42492 -0.813266 0.275249 -0.278403 0.669306 -0.590588 0.0760128 0.771519 0.0456087 0.231898 -0.235091 -1.24924 -0.99287 0.314767 0.253411 0.790904 -0.887497 0.831751 -0.940334 -0.0227651 0.420756 -0.294481 0.202076 0.744682 -1.95623 -0.651336 1.33126 0.70642 
0.980714 0.48988 -0.762806 -1.34147 -1.35559 1.0309 0.329215 -1.04308 -0.390689 -1.17238 -1.70118 1.51523 -0.726997 -0.10517 -0.484586 0.88353 0.512579 0.720861 -0.361087 0.279285 0.166323 -0.334677 -1.65167 -0.286655 0.612318 -0.063405 0.0633812 -0.279051 0.859847 -0.184387 0.422698 0.451282 -0.268858 0.415238 0.674914 -1.43991 -0.907989 0.227396 0.0939747 
0.916941 0.288585 -0.544902 -1.1208 -1.18593 0.90588 0.249919 -1.05272 -0.450372 -2.06605 -1.73957 2.03678 -0.870878 -0.1899 -0.13683 0.654972 0.284979 0.555717 -0.0758963 -0.378499 0.374789 0.997573 -0.534546 -0.118802 -0.0163386 -0.110867 -0.0697884 -0.323187 0.798324 -0.0930176 0.347913 0.222167 0.139822 0.511407 0.0869037 -0.870786 -0.000575869 -1.08502 -0.210325 
0.881286 0.404052 -0.3816 -1.23598 -1.09339 1.00274 0.0495644 -0.809397 0.498441 -1.62883 -1.80804 1.50403 -0.819982 -0.0227103 0.0037203 0.345438 -0.673479 -0.201879 0.694874 -0.104305 0.584174 0.417092 0.57563 0.299471 -1.86913 -0.18811 -0.246552 -0.190675 0.6885 -0.0377282 0.232562 0.717458 0.513298 -0.0361873 1.0573 0.694356 0.987288 -1.15342 -1.04213 
0.884676 0.297037 -0.343121 -1.35855 -1.28613 1.13129 0.164991 -0.686795 -0.0781728 -1.58034 -1.50004 0.189264 -1.02143 -0.221012 -0.146983 0.403859 -0.358312 -0.210641 1.19189 1.0176 -0.443154 0.207165 1.40486 1.3558 -1.32153 -1.21781 -0.315687 0.237762 0.547156 -0.767166 -0.250015 0.757473 0.806375 0.335826 1.59474 1.80847 1.47774 -1.75409 -0.91339 
0.76936 0.311415 -0.145955 -1.36087 -1.19778 1.39165 0.761377 -1.09229 0.683696 -0.439381 -0.693746 0.199241 -1.73796 -0.4989 0.349576 0.494426 -0.555133 -0.180588 0.484312 1.10762 -0.096238 1.40923 1.68016 1.54531 -0.180549 -0.973854 -0.222296 0.639973 1.10173 -0.246159 -0.382568 0.551875 0.757966 0.0590478 0.061089 0.82074 1.10869 -1.82271 -1.41939 
0.661117 0.537484 -0.0549779 -1.55392 -1.37614 1.28742 0.94073 -0.750593 1.17754 -0.15726 -0.228812 0.0153104 -1.75759 -0.151061 1.09839 1.29514 -0.0451331 -0.371666 -0.337399 -0.0744481 0.517202 -0.154606 -0.377379 0.0316394 -0.809468 -0.599404 -0.338012 0.69242 1.05061 0.155618 0.0926385 0.205067 0.460536 -0.355005 -0.176286 0.485897 1.084 0.0386229 -1.04179 
0.685535 1.05416 0.606334 -1.3736 -1.3792 1.27746 0.697653 -0.768667 0.546786 -0.762443 -0.676018 -0.598038 -2.19505 -0.0584565 0.679822 1.12537 0.788021 0.314713 -0.177531 -0.534083 -0.448881 -1.6312 -1.06907 -0.18847 0.255276 -0.35438 -0.518014 0.760712 1.51308 -0.201551 -0.346051 -0.195164 0.0659188 0.206629 -0.905018 -1.57785 0.127704 0.809108 -0.0965335 
0.614493 0.999457 0.598901 -1.26829 -1.22923 1.22582 0.550589 -1.03711 -0.274309 -1.06733 -0.39336 0.273306 -2.03207 -0.694512 0.0325625 1.04111 -0.287661 -0.155587 0.0121024 0.157588 -0.222464 -0.910194 -1.57794 0.140143 1.79724 0.495245 -0.628139 0.651797 0.89346 0.0445994 -0.419085 -0.441127 -0.188694 -0.48976 -1.59966 -2.00545 -0.39268 1.75714 0.522934 
0.383395 1.08196 1.21137 -1.47318 -1.45726 1.27825 0.798713 -0.912185 -0.26299 -2.10437 -0.568435 1.18821 -1.83631 -0.963448 0.289167 0.250978 -0.730964 -0.952073 -0.53621 0.300814 -0.297747 -0.236983 -1.41799 -0.284619 1.85594 1.05241 -0.894866 0.719503 0.362777 0.389083 0.248183 -0.300533 -0.576984 -1.24846 -0.865471 -1.10026 0.969489 2.34542 0.662018 
0.204316 1.19938 0.745927 -1.52662 -1.68828 1.04623 0.753364 -1.22817 -0.484577 -2.27351 -0.637531 2.11773 -1.25807 -0.754471 1.03711 -0.486881 0.89031 0.524215 -0.503806 -0.873388 -1.65871 -0.108868 0.216543 1.0748 1.0111 0.382898 -1.24202 0.890366 -0.0349508 -0.23768 -0.311793 -0.593466 0.453191 -0.285558 0.315724 -0.755841 0.717655 0.355767 0.846899 
0.0571683 1.78359 0.930685 -1.15092 -1.21013 1.10932 0.167609 -1.96278 -0.359169 -1.92339 0.313155 2.1953 -1.56129 -1.04139 1.03459 -0.312903 0.340948 0.476469 -0.418117 0.263592 -0.143522 0.584041 0.484897 1.18748 -1.40539 0.0651455 -0.765806 1.23574 -0.613934 0.32278 0.374339 -0.326102 0.176774 -0.466367 0.295918 0.81735 0.779258 -0.509845 0.174066 
-0.237171 1.89933 0.566093 -1.40109 -1.464 0.905487 0.929705 -1.32183 0.0362937 -1.8648 0.337374 0.729828 -1.21987 -0.487862 0.800233 -0.471993 -0.392672 0.0346083 -0.0282792 1.09429 0.947065 0.43302 0.806724 -0.0955954 -1.58632 -0.136638 -0.753928 0.935798 -0.45176 0.134121 0.406936 0.56395 0.849252 -0.342693 0.814849 1.14917 0.774808 -1.44879 -0.283185 
-0.161957 2.32633 0.658633 -1.28811 -1.1972 1.09682 0.933883 -1.36767 0.027214 -1.24156 0.225518 0.62808 -1.67348 -0.181927 0.356727 -0.394735 -0.142107 0.131498 1.29167 0.793001 -0.383186 0.340283 0.951006 -0.213794 -0.282501 -0.411013 -0.933717 0.437264 -1.16548 -0.634522 0.112548 0.177993 1.31964 0.285803 0.783024 2.2715 0.0422774 -2.03764 -0.669158 
-0.333395 2.14457 0.338824 -1.44855 -1.40472 1.32723 1.48202 -1.56685 0.340093 -1.06052 0.151854 0.454829 -1.53655 -1.02333 -0.150266 -1.34132 -0.62586 0.129532 0.292302 0.546865 -0.533933 0.454498 2.02487 0.161516 -0.799376 -0.709052 -0.462961 -0.0142455 -1.09328 0.300166 0.846941 1.23219 0.392513 -0.677589 -0.269968 2.06183 -1.60659 -1.46806 0.11355 
-0.596188 2.23149 -0.117334 -1.5088 -1.13887 1.18979 1.3114 -1.7079 0.432724 0.474053 0.350799 -0.159197 -2.21229 -0.575497 -0.37818 -1.30674 0.603929 1.13983 0.637223 -0.304001 -0.644318 -0.670612 1.61985 -1.7636 -1.42822 0.578906 -1.43388 -0.0418354 -1.41213 0.181886 1.33864 0.818274 0.493348 -0.114414 0.170681 0.88509 -1.76797 -1.16554 1.2333 
-0.587725 1.89685 -0.417099 -1.22885 -0.86312 1.53367 1.25527 -1.97679 -0.25633 0.311376 -1.31709 -0.955703 -1.11546 -1.28872 0.0877856 -0.85411 0.900351 1.88309 0.982903 0.0674433 0.348589 -0.27519 -0.91736 -2.3389 -0.552855 2.32698 -0.484269 -0.159277 -1.92708 0.626996 1.66857 -0.767666 -1.80115 0.637549 1.71805 0.925426 -1.86184 0.163249 2.09062 
-1.13703 2.29634 -0.610884 -1.18295 -0.241733 1.50995 1.34844 -1.49076 0.188431 -0.307267 -1.59456 -0.702145 -0.488364 -0.216044 0.141057 -1.68644 0.375523 1.3702 -1.86666 -1.93308 1.58344 2.63954 -0.462188 -0.530098 1.65064 2.14923 0.0227985 -0.486603 -2.04787 1.30208 1.49512 -1.95927 -1.69119 1.99687 1.37445 -0.368683 -1.69213 1.61492 3.19526 
-0.697655 1.99743 -1.39312 -1.09094 -0.211318 0.916384 -0.128396 -0.979772 2.09501 -0.0836589 -1.76455 0.685243 0.475995 1.30909 -0.81166 -2.3262 1.14829 0.365444 -4.09422 -2.16787 2.62324 1.84672 0.465721 0.255499 2.49553 1.83164 -0.210353 0.0601155 -1.55746 1.12915 1.00027 -3.05927 -1.02304 2.44039 1.49079 -0.569304 0.862058 1.97028 1.88198 
-0.634289 1.75784 -1.95775 -0.768304 -0.0705535 0.159852 -0.201968 0.162956 1.83375 0.0851722 -1.39145 1.77618 0.866388 -0.136907 -0.0519313 -0.734135 1.39923 0.132284 -2.98187 0.662967 2.05161 -0.933453 -0.238937 1.61191 0.713151 0.30873 1.28888 -0.643333 -2.77828 2.23521 0.340937 -4.12517 -0.463069 2.32063 0.0630277 -0.805517 1.82812 1.76624 -0.15602 
-0.775794 1.96855 -1.81712 -0.586428 -0.151671 -0.0677773 0.331569 0.312926 1.26452 -0.289231 -0.438168 1.39704 0.695733 0.738518 -0.14528 -1.98564 2.37824 0.143021 -2.43766 1.59364 0.832732 -1.79192 -1.46059 2.02348 -0.373539 -2.01283 1.16749 -1.52099 -1.22214 3.18415 -0.1586 -2.41161 1.47968 1.69436 -0.710474 -0.381107 2.28763 0.903038 -1.14133 
-0.360754 1.66635 -3.1072 0.0867975 -0.00577035 -0.645278 0.918927 0.685858 0.238773 -1.15716 0.27576 1.41095 -0.644117 1.99014 -2.21013 -1.16696 3.63023 -0.376932 -0.843821 1.17706 0.467853 0.0936545 -0.228153 1.2365 0.38593 -1.76588 2.37239 -1.31625 -0.990845 2.41884 -1.27925 -1.41288 0.529794 0.46066 -1.54132 -0.610083 1.02416 -0.405783 -2.49766 
0.000540624 0.491978 -2.49202 0.717022 -0.335605 -0.348568 1.15663 0.605385 1.34869 -0.485651 0.577333 1.78453 -0.630718 3.04399 -1.81233 0.442858 1.43913 -2.07718 0.189243 -0.934036 -0.158122 -0.00880253 0.708755 -0.740795 -0.0783654 -1.20072 2.9328 -2.00594 -0.652686 1.89365 -1.48895 -0.820724 -0.463697 0.354382 -1.67499 0.122049 -0.646635 -0.719563 -2.49879 
0.838934 0.456616 -2.84895 0.605595 -1.00302 -0.586214 0.244752 0.582977 0.231704 -0.558472 -0.346179 1.33827 -1.54936 2.68968 -0.77308 0.148049 -0.644666 -1.87339 -0.46941 -1.75208 0.0478313 -2.04897 0.386769 -2.0243 -1.20967 -1.44914 2.37699 -1.96252 0.996736 1.10783 -1.43709 0.423097 -0.911993 0.423529 0.175521 0.990495 -1.23936 -1.1138 -0.11913 
1.0579 -0.020637 -2.40466 0.489593 -1.23537 -0.506186 -0.0984964 0.632575 -0.475188 -0.160215 -1.1075 0.590605 -1.72111 0.745877 -1.10632 1.09349 0.301866 -0.0949483 0.461867 -0.198083 0.777208 0.193708 0.529827 -0.781524 -1.21256 1.0673 1.7869 -0.888155 0.107968 -0.509773 -1.15696 -0.184626 -1.98647 -0.0659003 -1.7921 0.290024 -2.03476 -1.9944 -0.546617 
1.11543 -0.279534 -2.21355 0.717128 -1.05206 -0.437462 0.0932268 1.07081 0.404976 -0.111628 -1.00185 0.141489 -0.764268 0.155347 -0.547925 0.0114331 -0.176289 0.123588 0.160755 -0.715296 -0.160629 -0.0417974 -0.0192662 -0.48369 -1.12478 0.762132 0.469906 -0.561207 0.897338 0.0474852 0.414909 0.570688 -0.108553 -0.481624 -0.531324 0.685993 -0.465665 -1.70892 0.73406 
1.09716 -0.382222 -2.39649 0.429894 -1.17988 -0.456494 -0.617329 0.528111 -0.51164 -0.179362 -1.51653 -0.51918 -1.16345 -0.00960609 0.271509 0.288873 -0.240239 0.714935 0.422331 0.0644049 -1.51167 -0.82631 0.330088 0.21799 -0.783593 -0.095859 -0.0364258 -0.152645 0.569449 0.347469 0.712224 0.00680196 0.119996 -0.682494 0.596743 1.14398 1.19282 -1.16812 0.186737 
1.08843 -0.0914535 -2.04456 0.634527 -0.713707 -0.301717 0.128112 0.113085 -0.3301 0.165705 -0.829797 -0.630145 -0.846068 -0.229808 0.320664 0.862966 0.713029 0.944638 -0.167091 0.865637 -0.87421 0.71387 1.44871 1.97539 -0.230511 -0.499465 -0.127342 0.474577 0.895915 0.361769 -0.0455395 0.0121834 -0.571976 -1.22325 -0.318956 1.14283 0.45003 -0.807614 -0.957995 
0.9817 -0.161168 -1.89471 0.688668 -0.731643 -0.514655 -0.0134355 -0.0270222 0.124847 1.0473 0.110856 -0.742651 -1.54605 -0.210428 0.433945 1.09128 0.799627 -0.78913 -0.420168 -0.773982 -0.33181 0.439324 1.09794 0.353226 -0.144491 -1.12387 -0.245573 0.538821 1.70572 1.03908 0.395839 0.109652 -0.468249 -1.08425 -0.315614 0.480943 0.859269 -0.891244 0.342034 
0.980751 0.205588 -1.41044 0.924313 -1.09482 -0.443135 -0.432398 -0.0994906 0.0618971 1.09468 -0.545756 -0.768361 -1.69403 -0.179536 0.480323 1.77172 0.919082 -0.353402 0.323184 -1.44631 -0.761408 -1.09699 -0.84379 -0.897033 -0.796677 0.963238 -0.430437 0.370155 1.96436 1.15779 0.0549104 -0.389772 -1.46073 -0.00658009 -0.280068 0.569707 0.743665 -0.310372 0.578501 
0.886436 0.166983 -0.866174 1.02123 -0.904323 -0.411527 -1.05141 -0.510914 -0.851276 0.328414 -0.640467 -1.52725 -0.838516 -0.494918 0.116227 1.94409 1.0205 0.866376 -0.21247 -1.04006 0.307719 -0.781333 -0.38263 0.58187 -0.194349 1.89386 -0.348443 0.304477 1.97502 0.833981 -0.181691 -0.0831425 -1.07134 -0.361356 -0.912585 0.232759 0.0198943 0.025912 1.71892 
0.758792 0.289507 -0.281985 1.29319 -0.684018 -0.516226 -1.18187 0.0918343 -0.633126 0.767159 -0.0723712 -0.955993 -0.292912 -0.394523 -0.0278184 1.28016 0.388192 0.0739414 -0.471568 0.116173 0.206791 0.0234398 1.14008 0.935216 0.856341 1.28357 -0.454998 -0.0659683 1.84479 0.308778 0.192272 -0.757914 -0.36866 -0.975909 -0.977254 -1.20182 0.412866 0.132173 1.00732 
0.704807 0.154279 -0.122571 1.16368 -0.872583 -0.569855 -0.979763 -0.383331 -0.829632 1.29315 0.125531 -0.673538 0.107762 -0.249755 -0.214594 0.906044 -0.545038 -0.582041 -1.00157 0.583146 -1.78132 -0.367012 -1.10507 -0.0567077 0.379936 -0.568564 -0.714432 0.232903 1.45258 0.296517 0.628028 -0.703889 0.526735 -0.714373 -0.208044 0.126463 1.21604 1.61918 0.854809 
0.635319 0.151517 0.244758 1.10144 -0.966066 -0.848912 -0.77859 -1.0362 -0.959187 -0.173464 -0.127804 -0.574447 -0.727015 -0.765553 0.373889 0.962373 0.0678511 0.867348 -0.657149 0.539627 -1.2893 -0.282149 -0.975975 0.585253 1.09138 -0.155767 -0.99347 0.312002 0.898288 -0.255836 0.199394 -0.925131 1.40253 -1.34912 -0.335502 -1.05013 -0.234077 -0.00420818 0.261106 
0.374129 0.411035 0.436824 1.19141 -0.46132 -0.789235 -0.607391 -1.20062 -1.08012 0.462089 0.601718 0.413124 -0.0186863 -1.35711 0.678289 0.477786 0.126267 0.877114 -0.476551 1.16101 -0.250373 -0.0391105 -0.193991 -0.219837 -0.355964 0.927539 -1.14834 0.424398 1.26229 -0.32925 0.470897 -0.44186 1.22454 -1.13234 -0.894235 -1.16292 -0.221326 0.315071 -0.126119 
0.0670001 0.612461 0.523256 1.15009 -0.550131 -1.00888 0.0350667 -1.19734 -0.993246 -0.340892 -0.318328 -0.922255 -0.0460839 -1.08929 0.256946 0.985356 -0.602895 -0.162952 -0.057749 0.983337 -0.418223 -0.77018 -0.463346 -0.845997 -0.689055 0.0132956 -1.46117 0.752942 0.589879 -0.0436158 1.02565 -0.498076 1.64667 0.258563 -1.43138 0.660234 0.331654 -0.209101 0.000874283 
-0.0865996 0.589348 1.00954 0.978937 -0.542898 -0.811426 0.0800897 -1.46777 -1.76521 0.0660707 -0.107341 -0.264813 -0.0191338 -0.998624 0.441109 0.428263 -0.208925 0.663637 -0.327128 0.886537 0.622771 -1.63445 1.02187 0.644359 0.137133 -0.905557 -1.63894 0.579063 -0.138451 -0.336447 0.0883356 -0.487892 1.4593 1.11381 -0.88423 0.403878 -0.783206 -1.44715 -1.10889 
-0.357307 0.914307 0.773047 1.07871 -0.236313 -1.11969 0.653803 -0.80704 -2.44799 0.523528 0.206805 -0.781352 -0.731346 -1.5511 0.603884 -1.20762 0.0564528 0.29059 -0.729847 0.831362 2.06954 -0.270577 0.972434 -0.111041 -0.996889 -1.42843 -1.59591 0.436977 -0.517434 -0.205351 0.39707 -0.033751 0.7995 1.23243 -0.879299 1.15336 0.699524 -0.359581 -0.0916055 
-0.732847 1.00038 0.311072 1.00258 -0.407525 -1.05472 0.659643 -0.163751 -2.0054 0.888534 -0.207769 -1.24785 -1.09409 -1.57286 0.208432 -1.23764 -0.129888 -0.070545 0.256748 0.108229 1.20593 0.599401 0.419239 0.236036 -0.534287 0.80778 -1.67205 0.240593 -1.22868 0.423272 0.298377 -0.336224 1.36264 1.71183 0.678471 1.43756 0.894927 -0.305533 -0.426819 
-1.0123 1.06008 0.0571782 1.03562 -0.273688 -1.03842 0.71981 -0.0484413 -1.91344 0.87652 0.393799 -1.3059 -0.13967 -1.14231 -0.246378 -0.703609 0.600343 0.153711 0.181777 0.863217 0.476039 1.03717 0.822107 1.23358 0.663784 0.896557 -1.25319 0.0806742 -0.718351 -0.227119 -0.314543 -0.42569 -0.535934 0.438252 0.716225 0.488747 0.768806 0.390795 1.17093 
-1.21487 0.841071 -0.0952386 1.221 -0.337628 -0.998114 1.26182 0.133879 -1.081 1.58342 0.805313 -0.584976 -0.436245 -0.449866 -0.0887338 0.117006 -0.2434 -0.409206 -0.94611 -0.773016 -0.564828 0.21086 0.195389 0.730216 1.02635 0.729388 -0.986156 0.148752 0.124449 -0.00996392 -0.101803 -0.182144 0.34583 -0.348947 -0.179603 0.563586 1.47646 0.812696 2.1181 
-1.21616 1.00651 0.126546 0.951891 -0.473061 -1.35286 0.159987 -0.408181 -1.7249 1.03954 0.990032 -0.28369 0.393582 -0.452849 0.467312 0.888622 -0.629703 -0.31273 -0.486512 -0.43223 -1.0121 -1.26299 -0.114412 0.609604 0.32824 1.86717 -0.675265 0.0707089 0.278093 -0.0229582 -0.329559 -0.364027 -0.0517456 -0.185835 -0.140848 0.498519 1.10365 0.30642 1.22693 
-1.41993 1.16049 0.421405 0.998934 -0.490852 -1.16136 0.944009 -0.508339 -2.20495 1.48353 1.30167 -0.254667 0.944985 -0.647495 0.193613 0.306031 0.19346 -0.0931843 0.354132 0.709933 0.272683 -0.391854 0.43139 0.650981 -0.634273 0.880302 -0.728496 0.0334053 0.189428 -0.249141 0.724007 -0.172278 0.237428 -0.14516 -1.21599 -0.464913 0.885574 -1.19198 0.899424 
-1.49941 1.14234 0.305484 1.0246 -0.521266 -1.23955 0.653304 -0.238984 -2.07308 1.40285 1.52065 -0.907332 1.03931 -0.729745 -0.417905 -0.602944 0.221536 1.39872 0.197358 0.728505 0.780777 -0.161464 -0.456896 0.501349 -1.7118 -0.68159 0.644771 -1.68749 1.10144 -0.300251 1.74927 1.30735 -0.735034 1.61044 -0.242842 -0.624872 0.322772 -0.18709 1.33409 
-1.73623 0.886125 0.073446 1.0817 0.174592 -1.09962 1.45052 -0.01825 -2.34797 1.09298 1.70837 -1.94625 0.426645 1.66376 -2.70327 1.39252 -0.682575 2.72488 1.69347 -1.62214 2.12128 0.0928989 -1.20162 -0.237466 0.441526 0.868156 1.33191 -2.76088 1.09958 -1.14225 2.16208 0.966492 -1.23862 1.88993 -0.37351 -0.650469 0.407342 0.102653 0.46773 
-0.85419 -0.665023 1.11422 0.783597 0.778545 -0.685629 -0.509541 1.09772 -1.98958 0.38029 1.31553 -0.464744 1.67598 2.84625 -3.68795 2.29861 -2.04421 1.85535 1.31193 -2.26653 2.03114 -0.288617 -0.345163 0.0169676 1.86241 1.30814 1.29138 -3.55554 1.91881 -1.42661 2.7474 0.838339 -0.586595 2.30047 0.214179 -0.606976 -0.530999 0.841417 0.278877 
-0.615976 -1.58175 1.40741 0.353081 1.05846 -0.671221 -0.169952 1.26151 -2.60421 0.797263 1.71395 -0.095423 1.39123 0.387848 -2.58428 1.57229 -1.59046 1.41162 -0.386573 0.894398 1.30455 0.136716 0.453645 -0.407032 0.584532 -0.486169 1.53658 -3.02817 1.99586 -1.42809 1.77737 0.756379 -1.43264 1.77469 1.20484 0.521377 -0.593322 2.13873 0.954705 
-0.721525 -2.39257 2.02716 0.21747 1.45016 -0.815996 0.114778 1.9186 -1.86706 0.762481 0.969983 0.119578 1.30329 -0.402035 -0.815374 0.785553 -0.231164 0.81871 -0.13447 0.487404 0.608448 1.66399 1.00037 -0.738697 0.700997 -0.0509724 -0.170763 -1.05786 -0.0427572 -0.366906 0.681805 -0.0187995 0.605428 1.10502 0.550521 0.93575 0.295192 2.04303 -1.09568 
-0.800622 -2.12273 1.8643 0.27373 1.44646 -0.718652 0.165333 1.64277 -1.12163 1.64343 1.09375 0.604328 1.34289 -0.677407 1.01091 -1.6463 0.99578 -0.389259 0.339806 -0.140807 0.333631 0.481898 0.71686 0.78637 1.86547 -0.911858 -0.79975 0.0091591 -0.544877 0.45625 0.0994596 -0.854764 -0.461069 0.836347 1.62747 -0.616037 -1.45476 0.909295 -0.380471 
-1.01679 -1.70851 1.0744 0.577499 1.26033 -0.7074 0.00392802 2.12629 -1.43715 1.36805 1.61272 1.97345 0.61333 -0.894649 0.828725 -1.63745 0.94019 -0.674301 -1.23252 -1.05916 0.627957 0.200179 -1.75961 -1.05054 0.405499 -0.420878 -0.829031 1.30913 -1.36818 0.676334 -0.594319 -0.814093 -0.337882 -0.365182 0.952455 -0.683493 0.179176 1.91808 0.315134 
-1.18316 -1.56088 0.916684 0.613853 1.12028 -1.12732 -0.597698 2.03634 -0.942597 0.147336 0.215301 1.01121 1.01885 -0.666163 0.935573 -0.481032 0.0618138 -0.512288 -1.64256 -0.27786 -0.893967 0.601576 -1.55999 -0.550802 0.43646 1.3408 -1.00519 0.960028 -1.66742 0.447795 -0.493184 -0.43372 -0.454541 0.285318 0.533138 -0.997631 0.37671 1.57059 -0.40518 
-1.30755 -1.07498 0.79711 0.603067 1.01165 -1.25096 -0.204252 1.55868 -0.900666 0.0413639 1.14812 2.41102 1.60226 -0.730981 0.59862 -0.953462 -0.244555 -0.0747724 0.530476 0.495516 -0.215548 0.398331 0.525833 1.5309 1.48465 -0.0829697 -1.00359 0.683294 0.091895 0.423053 -0.0499458 -0.234461 -0.127664 -0.262834 1.19001 -0.999733 -1.42832 -0.668669 0.918413 
-1.49995 -1.15338 0.365543 0.529707 1.08088 -0.955993 -0.256652 1.89719 -0.587105 0.59079 1.47459 2.48764 0.94666 -0.956905 0.080254 0.615614 0.594636 0.43145 1.25521 0.120433 0.48668 0.756638 0.323595 -1.20568 -1.19989 -0.130628 -1.0012 0.891901 -0.0558728 -0.381566 0.125733 0.831581 0.29268 -0.166681 1.07826 0.812292 1.15111 1.2795 0.297916 
-1.71509 -1.01519 1.1555 0.819443 1.2144 -0.841217 -0.129578 1.86303 -0.226094 0.313187 0.141198 1.22679 1.49455 -0.888267 0.727417 0.859125 -0.373346 0.258792 0.765746 -0.130579 -0.0479542 0.83064 0.491143 -0.0908886 0.0605493 0.489612 -1.08708 0.321266 -0.228873 -0.288346 0.552193 1.34023 0.0869309 0.218603 0.399938 0.516732 -0.154006 -1.62086 -0.846558 
-1.87993 -0.659477 0.865088 0.39944 1.20104 -0.707272 -0.360238 1.86389 0.153367 1.0048 1.39086 2.55264 1.30121 -0.799846 0.397218 -0.97796 -1.0649 0.39551 0.84432 -0.0111815 -0.174037 -0.312181 0.325834 1.02836 -0.691906 -0.944791 -1.11907 0.701436 0.389925 -0.133641 0.0894977 0.801485 -0.38431 -0.51903 0.366004 0.307523 0.000801056 -1.86684 0.0655406 
-2.05955 -0.742785 0.59016 0.441526 1.39996 -0.566646 -0.148372 1.75009 -0.503327 0.58691 0.984331 0.546024 0.780044 -0.919713 0.315387 -0.262841 0.148108 -0.129402 0.482946 -0.345784 -0.742443 -0.42543 -0.101879 0.10541 -2.24385 -0.38389 -1.08447 0.619383 -0.46114 -0.615941 0.0669314 0.623059 0.204916 -0.393793 -0.519413 0.0236501 0.496553 -0.697131 -0.0179527 
-2.27253 -0.441963 0.714274 0.45591 1.13551 -0.551586 -0.616656 1.39197 -0.224717 0.915546 1.46968 0.333746 1.00474 -0.952726 0.523569 0.255791 0.0757922 -0.300141 0.122588 0.267054 -0.429084 -0.306645 -0.289583 -0.399492 -0.105253 0.942392 -1.07276 0.194589 -0.572636 -0.281751 -0.0156458 1.18693 1.65674 0.00720318 0.747784 0.425081 0.127098 -1.68427 -0.485825 
-2.46542 -0.385625 0.739976 0.472099 1.25276 -0.52951 0.0304272 1.47608 -0.775631 0.338357 0.645031 0.446697 1.47204 -0.814112 -0.0262918 -0.632056 -0.607922 0.100275 1.37448 2.40584 0.738964 1.27219 0.637335 0.065621 0.276902 -0.224391 -0.997981 0.630555 0.176573 -0.155081 -0.207812 0.832023 1.24664 -0.760056 0.119366 0.584921 0.682009 0.239581 0.0790152 
-2.62272 -0.453643 0.349439 0.241639 1.17985 -0.102606 1.08104 1.85566 0.908965 1.45363 1.51554 0.613174 0.827148 -0.661364 0.413832 0.00997264 -0.334988 -0.0186994 1.17433 1.28337 -0.72174 0.426604 1.02381 1.25818 0.41812 -0.81922 -0.787027 0.530116 0.133173 -0.330344 0.155029 1.28834 1.41053 -0.153764 0.249882 -0.193764 -0.458974 -0.851164 -0.653976 
-2.75424 -0.102076 0.747301 0.355569 1.24018 -0.146373 0.930982 1.01724 -0.394961 1.20442 1.67848 0.866088 0.85113 -0.4622 0.814334 0.830586 0.0711451 0.12791 0.643099 -0.651744 -0.98315 -1.00128 -0.871452 -0.620863 -1.25659 -0.601639 -0.725728 0.352041 -0.0273018 -0.300191 -0.11598 1.30326 0.578507 -0.442243 0.847185 -0.0131486 0.438077 -0.779948 -0.898576 
-2.83153 0.0985587 0.832441 0.270549 1.23741 0.105767 0.607341 1.23172 0.0180726 0.711267 0.992923 -0.627253 0.368394 -0.516798 0.109403 -0.060048 -0.154032 -0.161694 0.8668 -0.563235 0.0461664 0.535119 -1.03332 -0.701778 -1.31342 -0.323561 -0.760092 0.159455 0.0500896 -0.183383 -0.242798 0.202018 -0.945901 -1.06634 -1.2643 -0.909962 -0.565388 -0.832373 -0.614569 