-0.370692 -0.785222 -0.276281 0.714279 1.06774 0.11763 1.10497 0.938814 0.352229 1.77845 1.56759 -0.137811 0.184433 2.64754 -1.23981 -1.46558 1.0034 1.03814 -0.00895014 0.99625 -0.226071 -2.12709 -1.64979 1.48653 0.698082 -1.60624 0.28588 0.127145 0.344778 -0.181504 0.021344 -0.884982 -0.0882381 -0.653418 0.319126 -0.5729 -0.746057 -0.265261 0.854364 
0.13968 -0.96226 -0.477806 0.513724 1.21796 0.14061 0.744676 0.203769 -1.13079 0.87249 1.41535 0.0622654 -0.252975 -0.815636 0.589514 1.40894 -1.41917 -0.0384709 0.0536145 -1.25977 -1.16255 0.126222 -0.834205 -1.11403 -0.249503 0.887339 0.966637 -0.892794 -0.448767 0.17849 0.369905 -0.578222 0.914754 0.288558 1.10185 -0.814132 0.675247 0.773244 0.220261 
-0.721643 -0.403787 0.379479 0.0933773 1.05159 0.151988 0.635257 0.279711 0.445836 1.25355 0.956795 -0.329977 0.876898 -1.09389 -0.122647 0.745352 -0.727196 -0.475664 -0.814745 0.135075 0.638399 3.5073 0.558619 -0.593152 0.278266 1.90374 -1.03267 0.588752 0.602904 -1.14494 0.104378 0.448479 -0.0315644 0.154703 -0.0365329 -0.334773 -0.222988 0.22763 1.43607 
-0.326241 -1.03314 -0.126485 0.198088 0.968493 -0.23214 0.804528 0.57703 1.23552 1.22359 1.09167 0.281934 1.22791 -0.855996 0.316337 -0.436259 -0.327644 0.19566 0.579865 1.22549 1.38287 -0.157912 0.387497 0.814321 0.536884 1.03508 -1.83286 0.853865 0.99833 -0.475436 -0.222304 0.694943 0.526222 0.666682 2.13597 0.975075 -0.565864 -0.184674 0.63607 
-1.08927 -0.195855 0.188708 -0.0459976 1.1604 0.433064 1.10909 1.07973 0.348453 1.49702 1.40893 0.0914984 1.68396 -1.86861 1.4344 0.863862 0.00379391 0.134226 1.79802 0.517683 0.316312 -0.844504 0.755675 -0.161981 -0.511519 -1.05052 -0.838433 0.250873 -0.166102 0.223398 -0.409788 0.865919 1.40755 0.507215 0.293583 1.08208 0.608341 0.436383 -0.1543 
-1.11226 -0.115094 0.279207 0.204926 1.04452 0.620038 1.00964 0.765659 0.676619 1.69862 1.00565 -0.11469 0.417183 -0.502297 0.0722072 0.171044 0.672495 -0.823263 0.646077 0.512831 -0.656903 0.535652 1.07066 -0.00980948 0.0140974 -1.23817 -1.56277 0.904289 0.125063 -0.25893 -0.283004 0.854068 0.0219454 0.0375417 -1.7031 1.06755 0.494901 0.427943 -0.375984 
-1.31076 -0.142978 0.276551 0.255837 0.725429 0.745182 1.31236 0.71048 0.717273 2.17016 1.40679 0.105028 0.727667 -0.658182 -0.0454458 -0.660379 -0.39624 -0.568314 -0.588903 -0.486059 -0.264043 -1.25417 0.68294 0.815814 1.05184 0.551143 -0.509971 0.207867 -0.0929982 0.200225 -0.637155 0.00369364 0.0552336 -0.517566 -0.870481 0.661812 -0.168908 -0.147842 -1.26269 
-1.39815 -0.136942 -0.0143848 0.0352902 0.745605 0.353168 0.833675 0.62161 -0.157649 2.12791 1.45861 0.708623 0.848861 -0.32612 0.250494 -0.318582 -0.363066 -0.151379 -0.643872 -0.440205 -0.0870779 -1.60166 -0.177523 -0.218065 -0.200841 -0.446268 -0.600542 0.0388376 -0.328053 -0.148134 0.05647 0.255145 0.191956 0.104052 -0.234146 -0.0184232 0.779125 0.472054 -0.639711 
-1.45945 0.0231348 0.139768 0.100836 0.649029 0.452542 1.15381 0.667872 -0.350573 2.05827 1.28986 -0.0491645 0.385653 -0.316345 0.109355 0.134465 0.173159 0.652379 0.947987 0.72709 0.411715 0.977385 -0.704337 0.215542 -0.455818 -1.40299 -0.0994965 0.0964284 -0.507613 0.160229 0.277978 -0.892055 -2.16734 -0.0893854 -0.226183 -0.930972 -0.299531 0.81554 -0.109033 
-1.54281 -0.0604711 0.0566774 0.116844 1.09816 0.806829 1.11829 0.864927 0.508096 1.68469 1.58069 0.355463 -0.235282 0.15988 -0.0984104 -0.496378 0.611355 0.573541 -0.625239 -2.22478 -0.042718 1.33475 -1.07073 -0.183309 1.2306 0.303669 0.38528 -0.383185 -0.378764 0.286973 0.120156 -0.304948 -0.881425 -0.0705565 0.991872 -1.7889 -0.132297 -0.242873 -0.57233 
-1.40734 -0.0323525 -0.0785846 0.3757 0.959505 0.168637 0.317719 0.650694 0.555388 1.3846 1.19209 0.913636 0.625365 0.932148 -0.69158 -0.742011 0.268875 -0.471108 -1.38383 -1.80818 -0.514503 0.266418 -1.69735 -0.394787 0.149075 0.641198 0.762641 -0.582625 -0.475304 0.236506 0.550691 -0.19054 -1.4968 0.108775 1.00203 -0.854019 0.0682211 1.0799 -0.248443 
-1.17161 -0.492699 -0.274365 0.240623 0.851123 0.167279 0.44037 0.577305 0.695941 0.61691 1.36635 0.474321 0.266252 1.06468 -0.789166 -0.266572 -0.246466 0.264874 0.351773 0.385716 0.197164 -0.0783486 -0.0740657 0.270403 0.132981 -0.632587 1.07725 -0.968389 -0.384429 0.351893 -0.408648 -1.14898 -1.7738 -0.561773 -0.119798 -0.614211 -0.211083 0.983337 0.649382 
-0.981377 -0.52656 -0.191508 0.272136 1.10525 0.342779 0.472729 0.771024 0.511486 1.33777 1.34441 1.01993 0.138822 0.799949 -0.786617 0.125346 0.272397 -0.154755 -0.249927 -0.372075 -0.292889 -0.401379 0.874959 0.110894 1.09257 0.229817 1.23511 -1.51196 -0.378484 -0.269779 -0.217684 0.00908159 0.512781 -0.0410123 0.147821 -0.240021 -0.0207526 0.240833 0.244722 
-0.855033 -0.985287 -0.207486 0.365955 0.772921 0.0593297 0.307679 0.41672 0.434903 1.16697 1.43075 1.32941 0.448676 0.92207 -1.52127 -0.340523 -0.162565 -0.59926 -0.341921 0.250486 -0.257573 0.275306 -0.245255 -0.301489 0.171071 0.962779 1.31742 -1.02766 -0.311789 -0.00402793 0.344064 0.109844 1.14268 0.619472 0.441638 0.422611 -0.118923 0.266901 -0.0644341 
-0.614342 -1.48575 -0.338358 0.205586 0.789826 0.1917 0.576398 0.630682 0.705305 1.18328 1.1815 1.15596 0.889806 1.31958 -0.782328 -0.625081 -0.275194 0.677788 0.402788 1.78414 1.17988 0.962747 -0.303416 -0.272376 -0.755596 -0.312809 1.46885 -0.823913 -0.192341 -0.317354 -0.385987 -1.00601 0.0449568 -0.280246 -0.359789 -0.565642 -0.523116 0.317898 0.383729 
-0.323753 -1.47515 -0.484884 0.249718 1.13903 0.257388 0.993613 1.10038 1.09081 0.975897 1.28388 0.742326 0.210186 1.44175 0.264267 0.0330688 -0.319189 0.00798544 -1.08892 -0.190519 -0.145994 -0.707919 -0.511841 -0.396863 0.230294 -0.446806 1.41898 -0.617726 -0.244899 -0.336863 0.31702 -0.230477 0.787842 0.322093 0.0352261 -1.50862 -0.892391 -0.0245277 0.998553 
-0.0325875 -1.31089 -0.313813 0.0699406 0.798475 -0.309588 0.512636 0.554302 0.238217 0.861126 0.966013 1.33819 0.547374 0.963785 -0.15899 0.233022 -0.236382 -0.196035 -0.732937 -0.809136 -0.719452 -0.905437 -1.72146 -0.916468 0.724567 1.65049 1.27412 0.061939 0.0845908 -0.164005 -0.225013 -0.879913 -1.02513 -0.302888 0.6077 -0.704841 -0.179195 0.0083909 0.21041 
0.0605179 -1.56911 -0.368606 0.150603 1.0388 -0.0770078 0.694988 0.695272 0.490952 -0.107038 0.781985 1.31026 1.49463 0.607931 -0.164989 0.105265 0.0718479 -0.353558 -0.162959 -1.06757 -0.290052 1.47525 -0.432399 0.155326 -0.219756 0.731139 0.537013 0.0706696 0.37624 -0.476879 -0.7573 -0.707785 -1.02001 -0.2604 0.0544392 -0.610043 -0.9598 0.165868 -0.049138 
0.204651 -1.40866 -0.256147 0.106801 0.614176 -0.376766 0.115894 0.395343 1.23862 0.588932 1.0549 1.16924 1.11868 -0.103207 0.271636 0.374791 -0.489226 -0.961989 -0.274644 -0.442647 0.344351 0.986576 0.904665 -0.361913 -0.515176 -1.71304 -0.498239 0.752649 0.191019 0.0200649 -0.0561958 0.814906 0.236773 -0.241617 0.597337 -0.150189 -0.573396 -0.195599 -0.161593 
0.00392821 -1.38957 -0.187288 -0.0600534 0.529793 -0.196545 0.535503 0.899974 1.16287 0.461703 0.585766 0.910778 0.169978 -1.41742 1.32177 0.20439 -0.0378165 0.265658 1.3165 1.3638 -0.0581059 -0.720771 0.233852 -0.920462 -0.0272922 -0.943983 0.282661 2.71871 0.192126 -1.67488 -2.79826 0.166483 -0.297728 -1.50468 -0.8656 -1.00667 -0.150328 0.632042 -0.328447 
-0.394946 -0.562144 -0.153005 0.0952832 0.76034 0.249662 0.642244 0.369343 0.762889 0.73577 0.550803 1.15047 0.390583 0.553464 3.89527 -0.0633535 -2.06767 -3.31124 0.507893 0.0805184 -2.50425 -2.04653 -2.25469 0.158719 1.31322 1.27719 0.821863 2.2861 -0.361703 -1.64631 -2.85639 1.16795 0.338865 -1.21661 -1.16256 -1.34696 -1.44076 0.477425 -0.0677184 
0.218662 1.09145 -0.20698 -0.967037 -1.23296 0.0507886 0.574643 -0.528241 -0.204005 -0.956607 0.676523 1.93805 1.16485 2.73752 2.18279 -0.784473 -2.47541 -4.62761 0.338113 -0.94182 -1.68859 -0.707489 -2.04138 -0.996754 0.630098 0.856601 1.48872 1.82081 -0.43509 -1.50876 -2.8168 1.12396 -0.978493 -0.882655 -0.498686 -1.8467 -1.49212 0.514693 0.831784 
0.722198 0.83123 -0.503528 -0.991574 -1.70494 0.4174 0.293244 -0.591306 0.296089 -0.548379 0.00465372 1.64468 1.0592 1.8424 -1.10308 -0.634863 -0.235305 -0.990284 1.08428 -1.28117 1.23659 1.44165 -0.224695 -2.14416 -0.663357 -0.1624 2.25466 0.616445 -0.584441 -2.2932 -3.02279 0.264512 -1.45792 -0.354103 -0.713585 -1.93567 -0.966069 0.338375 -0.0109809 
0.965962 0.397862 -0.488866 -1.06568 -1.75707 0.568348 0.0968065 0.187921 0.773809 -1.09817 -0.502088 1.42295 1.04304 0.893977 -1.23454 -0.154159 -1.02667 0.0116734 0.0342663 -0.849358 1.17908 -0.163925 -0.557621 -0.289953 -0.202875 -0.868154 1.33084 -0.976856 -0.307491 -0.528948 -0.553381 1.64641 -1.74691 0.380496 0.602888 0.172866 -0.732748 -0.895078 -0.718574 
1.07763 0.0541521 -0.564879 -1.43933 -1.69432 0.442686 -0.0206518 0.0918931 0.194664 -0.89933 -0.151901 1.4889 0.389933 0.298776 -0.388075 0.142049 -0.569898 0.14351 1.2494 -0.865966 -0.692382 -0.680286 0.460473 1.16736 -0.46695 -0.794843 0.558828 -0.943966 0.18088 -0.529869 0.0751288 0.611426 -0.757568 0.228358 -0.587499 -0.0768106 0.19691 -1.12896 -1.00913 
1.07546 0.158399 -0.414324 -1.31192 -1.67609 1.16332 -0.223395 -0.201667 0.325295 -0.808797 0.144644 1.0611 0.430631 0.00179514 -0.206266 0.447493 0.220063 0.100872 0.83048 -0.0791707 -0.853106 -0.551109 0.457726 0.54798 -1.22276 -0.477411 0.143176 -0.368731 0.35671 -0.442351 0.207883 0.710738 -0.119177 -0.439172 -0.728155 0.529371 0.692512 -0.788743 -1.48948 
1.06442 -0.0698376 -0.350207 -1.33708 -1.6361 0.841257 -0.0421396 -0.389828 -0.167019 -0.611688 0.153421 0.537275 0.0237601 -0.0735354 -0.17202 0.434326 -0.102929 0.171663 -0.243699 0.723765 0.06085 -0.209198 0.254602 -0.251052 -0.529084 -1.19271 -0.166854 0.00825357 0.590031 -0.02981 -0.126338 1.05833 -0.270027 -0.186033 -0.605457 -0.187099 -0.225077 -1.05146 -0.148862 
1.03113 0.0561603 -0.205693 -1.35216 -1.58009 1.05829 0.0599587 -0.159478 0.193439 -0.648908 0.00953237 0.650771 -0.490402 -0.276696 0.22335 0.504468 -0.262272 -0.295833 0.668545 -0.248838 0.584679 -0.186197 -0.705896 -0.850461 -0.105014 0.281583 -0.156681 -0.0607422 0.39033 -0.123467 0.138481 -0.358672 1.03121 0.614174 -0.106706 -0.0580687 -0.62643 -0.897841 -1.05443 
0.936149 0.0790351 -0.109397 -1.44762 -1.78959 1.16391 -0.128043 -0.0473614 -0.283415 -1.0559 -0.31209 0.457859 0.24634 -0.184955 0.0834686 0.196168 -0.082446 0.0375785 -0.268394 0.551001 0.818544 0.090474 -0.3293 -0.584527 -0.604712 -0.213395 -0.248953 0.288666 0.546337 -0.309499 0.0554526 0.212478 0.262848 0.452814 0.378026 -0.691128 -0.539014 -0.224274 -0.8903 
0.940767 0.11619 -0.106323 -1.38337 -1.55564 0.941679 0.277721 0.317048 0.263017 -0.856258 -0.309394 0.181425 -0.651776 -0.130646 0.223058 0.377156 -0.207476 0.378346 -0.370018 0.577189 0.0632595 0.668669 -0.219908 0.130991 -0.178243 -1.46833 -0.23372 0.364692 0.500844 -0.210999 -0.0725667 -0.415823 0.0404817 0.150412 -0.280359 -0.442546 -0.285169 -0.103707 -0.5571 
0.868222 0.227722 0.073006 -1.53398 -1.58329 0.999657 0.0996616 -0.00379028 0.174816 -1.19444 -0.236616 0.3213 -0.888493 -0.197814 0.479337 0.612224 -0.236732 -0.150467 -0.324812 -0.496545 -0.604373 -0.424572 -0.262302 0.202229 0.4737 -0.528041 -0.144606 0.424708 0.450038 0.0117477 0.397719 0.0809163 1.12166 0.147294 1.04823 0.228717 0.334865 0.361923 -1.81881 
0.845088 0.427648 0.183923 -1.48264 -1.63156 0.798621 0.0977732 -0.0220905 -0.0136111 -1.02147 -0.194653 0.553597 -1.05722 -0.108364 0.431635 0.349452 0.228793 0.226581 0.481823 0.808984 0.14644 0.645032 0.530775 0.310274 0.635199 -0.959365 -0.32033 0.630885 0.287608 -0.131688 -0.0865288 0.364665 -0.281662 -0.834953 -0.201703 -0.675475 0.0747641 0.536685 -0.909274 
0.809501 0.508883 0.242699 -1.42788 -1.45798 1.23477 0.415369 0.0874626 0.617159 -0.860859 -0.0623198 0.819494 -1.62852 -0.324674 0.491022 -0.147086 0.0387898 0.0162677 0.839335 0.154206 -0.594869 0.188028 -0.642457 -0.106444 0.203936 -0.684071 -0.284321 0.549542 0.168008 0.23496 -0.046901 0.396588 0.763652 -0.353087 0.0861883 -0.484498 0.20658 0.282106 0.0660276 
0.696992 0.746527 0.125817 -1.46036 -1.61849 1.20134 0.164889 -0.355781 0.121541 -1.42578 -0.250056 0.715263 -1.5837 -0.356035 0.414185 -0.0768376 0.133731 -0.300295 0.0780084 0.136224 -0.654491 -0.524515 -1.17878 -0.0394043 -0.27903 1.05073 -0.410815 0.502919 0.158762 0.293936 -0.182972 0.482973 0.87772 -0.758054 0.122332 -0.984379 -0.0891662 0.0757216 -0.299507 
0.648448 0.778961 0.216821 -1.36372 -1.61385 1.28056 0.475658 -0.280405 0.273351 -1.60248 -0.0807694 0.604288 -0.809307 -0.343784 0.283416 0.404816 0.413888 -0.297672 -0.1569 0.931503 -0.494069 -0.0226842 -0.677604 -0.015512 -0.108376 0.286907 -0.553709 0.484526 0.298311 0.166619 -0.220144 -0.175894 1.00288 -0.375728 -0.273965 -1.31178 -0.553 -0.0847866 0.103374 
0.541001 0.93355 0.320909 -1.27261 -1.77296 1.13701 0.527112 -0.63169 0.115056 -1.85219 -0.255336 0.633223 -1.35699 -0.542941 0.332092 0.559205 0.124327 -0.037846 -0.330688 1.10365 0.113963 0.198346 -0.58145 -0.698641 0.171909 -0.909451 -0.565887 0.229655 0.474182 0.475366 0.175935 -0.695474 1.23863 0.0947394 -0.160263 -0.940038 -0.813105 -0.351862 -0.0587956 
0.410169 0.996899 0.482743 -1.30371 -1.62966 1.13475 0.903236 -0.207769 0.415439 -1.96842 -0.462596 0.740963 -1.51061 -0.574837 0.0726437 0.360658 0.316127 0.564082 -0.833208 0.59875 0.628383 -0.162464 -0.582843 -1.06802 -0.33599 -0.362363 -0.802386 0.435586 0.505902 0.536151 0.104636 -0.451894 -0.444531 -0.718557 0.849844 0.0921112 -1.1898 -0.145855 -0.590305 
0.289543 0.986704 0.495743 -1.12799 -1.46753 0.755601 0.763002 -0.26417 0.0146137 -2.21901 -0.840768 0.373569 -1.63392 -0.757201 0.339257 0.25733 0.698606 0.19543 -0.313713 -1.6466 -1.14625 0.869305 0.708659 -0.885236 -0.356143 0.123638 -0.986468 0.434529 0.521507 1.11459 0.563586 -0.492603 -0.110328 -0.222126 0.970974 0.554412 -0.388546 -0.763843 -0.373863 
0.0833617 1.21939 0.610173 -0.990357 -1.52097 0.996897 0.286662 -0.857528 1.00853 -1.52296 -0.947276 0.465583 -1.41055 -1.02227 0.597087 0.480996 1.39102 0.294015 0.13103 -0.730052 -0.948583 1.38035 1.33158 0.54841 -0.628601 -0.134178 -1.14092 0.440318 -0.076906 1.43235 1.29954 -0.3437 -1.70267 -0.846403 -0.316062 0.455829 -0.0573981 -0.527926 -0.106325 
-0.146784 1.37295 0.725785 -0.509175 -1.30624 0.826253 0.494402 -0.800622 0.951224 -1.38176 -0.535208 -0.114418 -1.73385 -1.08906 0.339336 -0.378964 1.49428 1.78599 -0.177131 -0.446049 -0.06942 -1.24769 -0.0924559 0.805475 -0.310547 -0.262617 -0.740629 -0.498784 -0.444003 1.31512 1.84871 0.415867 -1.17887 0.11543 -0.27433 1.85988 0.891281 -0.811276 1.08979 
-0.380563 1.44193 0.445687 -0.325993 -0.563439 0.923076 0.125886 -0.890014 0.178624 -1.58134 -0.50002 0.225784 -1.61011 -0.178249 -1.3563 -1.19356 0.622653 2.52561 0.456164 -0.717402 1.11258 -1.70697 1.17227 0.631917 -0.395886 1.5938 -0.102551 -1.66766 -0.819627 1.34833 1.59655 -2.032 -0.560903 1.34774 -0.848312 1.06294 1.96842 -0.563979 1.32987 
-0.23438 0.518537 0.187583 -0.229328 0.0460198 1.04934 0.230604 -0.155547 -0.18741 -0.644707 -0.183619 -0.42081 -0.493382 0.917893 -2.88814 -0.938256 0.570172 0.648768 -2.70987 -0.240241 2.00105 0.209174 1.52487 1.80556 -0.401669 2.0431 0.603386 -2.50948 -1.3393 0.211581 1.95496 -2.16329 -1.27204 1.61743 -0.645222 1.93491 1.86287 0.57364 1.96943 
-0.0152539 -0.385405 0.0246129 -0.0692974 -0.212817 -0.338154 0.0432462 0.264364 0.327991 -0.62253 0.498493 -0.0851208 -0.0211199 1.1459 -2.48138 -0.960194 -0.295865 0.456193 -3.52951 -0.844816 1.20589 0.920345 1.43246 1.83892 1.12019 1.04145 1.50508 -2.95584 -1.71554 0.42125 1.00056 -1.75984 -0.0320263 2.1156 0.452527 2.88976 3.1438 0.817502 2.21015 
0.225138 -1.05045 -0.243556 -0.354684 0.293869 -0.596158 -0.0815675 0.54302 0.439993 0.255984 0.833282 0.455834 0.318624 1.50438 -1.63293 -1.82115 0.0771209 0.876306 0.209141 0.205386 1.03201 0.365699 2.36358 2.36668 1.4339 0.913866 1.53733 -1.87927 -1.14588 0.178349 0.525293 -2.20818 -0.280593 0.390263 -0.466889 0.313659 0.887092 0.885438 1.66935 
0.59238 -1.41551 -0.801513 -0.0301107 0.259238 -0.230882 0.129793 0.863253 0.58257 0.863786 1.8063 1.03633 0.691922 1.3284 -0.391419 -0.88221 0.571854 0.343456 0.392446 0.503793 -0.647677 -1.48579 -1.00739 -0.66416 -0.00216629 1.19275 1.11496 -1.18217 -1.05109 0.162864 0.725936 -0.0862866 0.178442 0.00719257 -1.24276 0.0698177 -0.212456 0.787417 0.593604 
0.760059 -1.29203 -0.638918 -0.097246 0.481553 -0.402948 0.118272 0.179058 -0.549967 -0.377847 0.470461 0.456673 1.248 0.28855 -0.172569 0.131332 0.175197 0.229593 -0.334644 0.0190001 -1.02327 -1.89344 -2.26635 -2.6524 -0.439659 -0.117397 0.722447 -0.332691 -0.768631 0.115495 0.287809 1.08257 0.226903 -0.766905 -1.14782 -0.928392 -0.998912 -0.235586 0.0783327 
0.697657 -1.5181 -0.731888 0.0523421 0.386155 -0.378548 0.145576 0.283989 -0.681403 -0.561854 0.347544 0.695776 0.605013 -0.168675 -0.113497 -0.352919 -0.391946 0.0937108 1.14098 -0.219716 -0.453957 0.0758121 -0.237398 -0.666171 -0.295375 -1.08494 0.0337138 0.065224 -0.110882 0.35825 0.679109 0.319231 0.317868 -0.382123 -0.697364 -1.5135 -2.58739 -1.14439 -1.14687 
0.67642 -1.3571 -0.791455 -0.264988 0.535952 0.141195 0.0434248 -0.0738571 -0.490245 -0.527396 0.106532 0.228712 0.410567 -0.239894 0.276877 -0.307658 0.375791 0.804831 0.784683 0.377121 0.473569 1.04214 0.234922 -0.787832 -1.00546 -1.41226 -0.561724 0.268929 0.131088 0.199821 -0.187601 -0.226199 -0.136427 0.246 1.28454 1.16559 0.203764 -0.712323 -1.24608 
0.584591 -1.33523 -0.86366 0.223287 0.820065 -0.00144876 0.297323 0.562763 0.0278691 -0.414342 -0.0834455 -0.0862837 -0.48632 -0.743231 0.529687 0.566101 0.700757 -0.38218 -1.46506 0.0562673 0.80524 1.53097 1.80782 0.933301 -0.60416 -0.577309 -1.17248 1.23618 0.754771 -0.530454 -0.602203 0.141003 -0.516094 -0.610321 1.40132 0.139897 0.577213 -0.383219 -0.560708 
0.355384 -1.01366 -0.522369 0.0493155 0.336378 -0.536439 0.0733571 0.395042 0.547612 0.609377 0.624247 -0.240202 -0.0330964 -1.65729 1.62022 1.52481 -1.1833 -1.72613 -0.587598 -1.00822 -1.3506 0.709492 -0.0434693 1.551 0.521496 0.666 0.651069 1.64762 -0.109619 -1.73206 -1.90673 0.234368 0.86216 -0.912343 0.635861 0.327831 -0.730392 0.515152 -0.0990615 
-0.114115 -0.299168 -0.154745 -0.293558 -0.0967447 -0.267706 -0.0768853 -0.204137 0.513541 -0.441922 0.774749 0.323184 0.0344526 1.78781 1.99734 -0.740394 -3.34507 -2.53026 1.79466 1.01028 -2.11549 -0.728716 -1.3637 -1.90697 1.25461 0.448038 1.10774 1.06386 -0.727097 -2.28549 -2.04162 0.703499 -0.61118 -2.09391 0.0198628 0.283799 -0.475366 0.287119 0.409116 
1.08012 0.261925 -0.852669 -1.42119 -1.00958 0.31416 0.465487 -0.810321 0.0665439 -0.248553 -0.423621 0.741333 0.318603 3.43856 0.0130441 -2.69308 -2.307 -1.39221 1.58302 0.260001 -1.6545 -0.671237 0.428389 -2.18593 -0.158997 -0.116098 1.80852 0.537964 -1.74747 -1.53203 -0.406753 1.63258 -0.250724 -1.68437 -0.5493 0.0284683 -1.61171 1.24295 0.0479506 
1.29268 -0.283867 -1.38089 -1.30612 -0.83535 0.483673 0.0303965 -1.14525 0.0711095 -0.17273 -0.426883 0.201644 -0.0514491 1.12397 -1.16925 -2.07041 1.00653 1.90729 0.519392 -1.31451 -0.302166 0.0610596 1.40535 -0.237314 0.314864 -0.380829 2.46429 -0.105819 -2.37664 -1.09309 0.263204 1.35145 -0.184436 -0.822836 -1.17279 0.708893 -2.0322 0.831217 0.389847 
1.53058 -0.473684 -1.79315 -0.972001 0.0126874 0.566886 -0.0250073 -0.976224 0.11635 0.635089 -0.55116 0.989559 0.0273489 0.531109 -0.170609 -1.13053 0.639434 1.79182 0.332027 -0.482584 0.472642 -0.769712 0.528041 -0.516878 1.20855 0.640248 0.64841 -0.763319 -1.44136 0.520653 1.38722 0.0320444 -0.445868 -0.00092988 -0.553926 0.343007 -0.405544 0.44756 -0.00504302 
1.49818 -0.38521 -1.89017 -1.01887 0.125296 0.648557 -0.144251 -0.867004 -0.437516 0.159136 -0.70852 1.14724 0.449347 -0.0836875 0.00502114 -0.247645 -0.207284 0.207956 -0.47695 0.769912 0.299251 -0.734453 -0.940828 -0.304874 0.250231 0.377213 0.29094 -0.0991763 -0.646822 0.794241 1.46356 0.0740336 0.466046 0.631253 -0.354602 0.0848787 -0.210977 0.739861 0.39352 
1.48206 -0.463479 -1.89739 -1.05828 0.128058 0.352502 0.275866 -0.797374 -0.368575 0.0431236 -0.715939 1.18735 0.324109 -0.0674947 0.0232137 0.0914835 0.57802 0.439948 -0.229991 1.06122 0.43125 0.343533 -0.410556 0.233126 -0.274355 -0.111189 0.0259048 0.0543078 -0.17191 0.372136 0.392165 -0.763742 -0.344036 0.448587 -0.904653 -1.20004 -0.344781 0.0319401 0.298762 
1.45635 -0.36345 -1.83883 -0.758713 0.364475 0.549954 0.267221 -0.612488 -0.197836 -0.0993196 -0.576749 0.935682 0.367253 0.119746 0.0825739 -0.0269195 0.779498 0.388494 -0.610049 -1.18908 0.342625 -0.373935 -0.66917 -0.156604 -0.209956 0.0252026 0.0248728 0.157213 0.0451183 0.437478 0.444958 -1.10443 0.242246 0.677893 0.131549 -1.02688 0.0638779 -0.201015 0.305069 
1.51759 -0.404017 -1.90036 -0.709239 0.339777 0.0757191 -0.167008 -0.593661 -0.611165 -0.377985 -0.79899 1.02605 0.347814 0.101888 0.221933 -0.0166899 0.0940788 0.237083 -1.34053 -0.758246 0.539543 -0.166757 -0.966646 -0.1518 0.0204692 0.522034 -0.0262262 0.146512 0.0676765 0.583285 0.411366 -0.616122 -0.201199 0.223726 0.551948 -0.229255 -0.111907 -0.758429 -0.494842 
1.4845 -0.215477 -1.83711 -0.712046 0.49539 -0.0692976 -0.0120835 -0.295895 -0.301164 -0.707523 -0.657152 0.954183 0.776351 -0.167785 0.14619 0.138026 0.115484 0.237263 -0.267436 0.94585 -0.0232919 1.07212 0.364324 0.00444175 -0.747799 -0.68343 -0.117589 0.176306 -0.0610718 0.0513469 0.128814 -0.917787 0.542321 -0.195858 -0.274804 -0.489445 -0.561872 -0.976916 -0.662254 
1.43431 -0.304151 -1.82767 -0.653129 0.470788 -0.040439 0.200662 -0.599705 0.118257 -0.149087 -0.793271 0.445045 -0.178168 -0.297314 0.0524464 -0.0794549 -0.012229 -0.0425954 0.0349011 1.43083 -0.822063 -0.160452 0.311992 -0.59803 -1.25412 -1.40401 -0.229417 0.140525 -0.157615 -0.206497 0.351548 -0.207122 1.68655 0.0989741 0.353056 -0.0656562 0.249099 -0.655598 -1.38952 
1.34771 -0.175151 -1.86419 -0.712276 0.477045 -0.0437131 0.539715 -0.759822 -0.400255 -0.511539 -0.983521 -0.021911 -0.308582 -0.208041 0.0734067 -0.38958 -0.42778 0.297192 -0.0295651 1.13613 0.16368 -0.620614 -0.449222 0.322905 -0.0801076 -1.17052 -0.27276 0.0481974 -0.0624295 0.231991 -0.15797 -0.14124 1.21639 -0.109397 -0.467008 -0.827 -0.162766 -1.23397 -1.32279 
1.33441 -0.250512 -1.99702 -0.836679 0.633781 -0.0450777 0.640572 -0.498569 -0.290147 -0.431862 -0.612013 0.385064 -1.08199 -0.148435 0.0257934 -0.0188753 0.370216 -0.200648 -0.238398 0.0720238 0.663562 -0.40514 -1.42047 0.378314 -0.304127 -0.360765 -0.154638 -0.061423 0.244807 0.272037 -0.187912 -0.939407 0.88032 0.533554 -0.843456 -2.21428 -0.430912 -0.393911 -0.708386 
1.27243 -0.151753 -1.86348 -0.54379 0.374352 -0.146257 0.575629 -0.372136 -0.66382 -1.40517 -0.77172 -0.256701 -0.584272 -0.0471526 -0.163 0.78582 0.846982 -0.586136 -1.30675 -0.0472146 0.600072 -0.411873 -2.52436 -0.898786 -0.417356 0.226897 0.0722516 -0.251545 0.565941 0.543617 -0.367783 -0.39278 0.325221 1.55241 -0.569165 -1.39074 0.55152 0.018329 -1.02016 
1.30098 -0.347023 -1.62714 -0.457869 0.32536 -0.648491 0.631216 -0.147278 -0.558238 -2.01978 -1.10416 0.0619184 -0.901828 0.25926 -0.406472 0.932057 0.46413 -0.362841 -0.322104 0.333155 1.56164 -0.287154 -0.445924 0.350724 0.327215 -0.999538 0.0111088 -0.237237 0.758288 0.743546 -0.899331 -0.436588 0.578625 1.84912 -0.599165 -0.981648 -0.676395 -0.378533 -0.957487 
1.36561 -0.402899 -1.4265 -0.333875 0.185099 -0.288046 0.710684 0.530358 -0.848078 -1.68587 -0.575128 0.0011634 -1.35546 0.0593422 -0.195773 0.43699 0.29298 -0.788676 0.684075 0.764519 2.05073 -0.317629 1.20797 -0.00315991 -0.0606893 -1.50344 -0.0858721 -0.231013 1.07203 0.40187 -0.7434 -0.772986 0.71117 1.7826 -0.251201 0.739728 -0.26639 0.930448 -1.34122 
1.31155 -0.464348 -1.41728 -0.323456 -0.0911522 -0.318559 0.930043 1.03558 -0.76298 -1.26027 -1.10263 0.01709 -2.0639 -0.40352 0.0572289 0.795801 0.153538 -0.773968 -0.778015 0.54741 0.993755 -0.0107806 1.44381 -0.708078 0.847642 -0.789859 -0.457063 0.0478966 0.968494 0.55336 -0.611097 -0.357138 -0.82359 1.48473 -0.204129 2.66958 0.885186 0.536718 -1.35054 
1.18493 -0.359535 -1.05203 -0.260977 -0.223564 -0.643575 0.927083 1.10732 -0.846561 -0.778039 -0.962156 0.665133 -1.964 -0.802408 0.273552 1.1242 0.556258 -0.146193 -1.19399 -1.77437 0.077391 0.0780751 2.38446 1.17539 0.738367 -0.298409 -0.842124 0.395594 0.854758 0.306249 -0.162987 -0.930818 -1.50738 -0.05136 -0.813511 2.57538 0.0569824 0.369343 -0.818464 
0.966067 -0.28359 -0.892158 -0.0728986 -0.164784 -0.869107 0.264959 1.08725 -0.701737 0.239173 -0.451476 0.595789 -2.29122 -0.960727 0.55289 0.582301 0.31796 0.523067 -0.546112 -2.39951 -1.06901 -0.984568 2.02198 0.780245 -0.381315 -0.300885 -1.41368 0.571365 0.775015 0.743742 0.537792 -0.0887436 -2.15433 -0.768181 -0.743756 1.31306 0.377895 0.109929 0.839892 
0.774033 -0.00136162 -0.775516 -0.115545 0.0599744 -0.890383 0.0246602 0.501838 -1.49961 0.493429 -0.528808 0.37011 -2.19324 -1.48387 0.605681 0.12554 0.584003 0.96492 1.065 -0.874593 -1.18086 -0.986908 -0.615764 -0.676971 -0.599613 1.42404 -1.73349 0.928543 0.627212 0.689462 1.14971 0.323395 -2.38576 -1.40331 -1.19904 0.282476 1.32209 0.100359 1.3554 
0.339014 0.108112 -0.82519 0.189898 0.354562 -0.360588 -0.0585181 0.417654 -1.35636 -0.148347 -0.821359 0.130422 -1.18243 -1.84148 0.873197 0.429511 0.739326 1.22965 1.00206 -0.534526 -0.945498 -0.488943 -1.63884 0.972309 0.507986 2.11548 -1.35057 0.428095 1.30805 -0.0461856 1.11134 1.22126 -0.982551 -1.66929 -1.12552 -0.255452 0.318761 -1.42047 2.53769 
-0.0007757 0.560249 -0.569094 0.215773 0.720604 -0.411371 -0.169707 -0.0328452 -1.81951 -0.537546 0.010408 0.769036 -0.548102 -0.700605 0.0541992 1.98225 -0.651243 0.72924 0.665267 -0.331054 -1.21517 -0.395417 0.275697 1.09685 -1.19413 1.97068 -0.706969 -0.817849 1.58585 -0.759679 0.962477 0.246422 -0.0781725 -0.970612 0.332899 -0.653915 0.381902 -2.02266 2.43422 
0.0355909 0.149552 0.0935876 -0.092232 0.748131 -0.0394738 -0.175636 -0.271614 -1.61339 0.0248102 -0.213496 -0.798863 0.350382 0.695262 -2.12091 2.12546 -1.89723 0.237288 -0.655357 0.442831 -0.448335 0.915447 0.763067 -0.468567 -3.06213 1.14095 0.11058 -1.42531 0.842339 -0.968837 1.09843 -0.991233 1.1505 -0.361899 0.826514 -0.0247033 0.52645 -1.01627 1.754 
0.272546 -0.779791 0.415383 -0.616023 0.851627 -0.709396 0.00698747 -0.282538 -1.19539 -0.0578617 -0.2446 -1.61791 0.341091 0.873262 -2.23197 -0.624138 -0.826382 0.945205 -2.07514 1.75276 0.694478 1.43413 -0.305537 -0.401108 -0.0892066 0.376646 0.485902 -1.93126 0.877864 -0.638785 0.74444 -0.917274 1.96165 -0.360822 0.733487 0.580893 -0.0554153 -1.46306 0.525885 
0.382459 -1.26102 -0.183378 -0.451625 1.25696 -1.00313 0.498385 0.133793 -0.640624 -0.167595 -0.43132 -0.865944 0.646702 0.0828655 -0.831475 -0.710159 0.924127 0.896855 -0.649547 1.978 -0.0708108 0.00789106 0.0212771 0.39144 1.21461 -0.434988 0.242155 -1.70182 0.0315979 -0.258597 1.21993 -1.71434 1.11579 0.11015 0.554653 0.467452 0.53251 1.11366 -0.419657 
0.292838 -1.30087 0.098954 -0.20318 1.33465 -1.0047 0.76652 -0.31582 -1.18133 -0.04472 -0.0255639 -0.667584 0.00782543 -0.488348 -0.369151 0.677167 0.434444 0.914702 -0.361022 -0.373806 -0.538059 -0.732597 0.937367 1.1049 1.49541 -0.934389 -0.284775 -0.627573 -0.719996 0.27755 0.995118 -0.102178 -0.0982087 -0.244068 -0.814814 0.629059 0.269445 0.965904 -0.578187 
0.166737 -1.48846 0.136663 -0.254805 1.7495 -1.16316 0.365036 -0.167332 -1.1243 0.421714 0.180979 0.303497 -0.0739488 -0.547997 -0.124919 -0.446682 -0.496498 0.619908 0.50149 -2.09437 -0.280862 -1.00485 0.827823 -0.0370701 0.0050189 -0.33463 -0.443064 -0.51921 0.0283727 -0.0294592 0.478626 0.313186 -0.477627 -0.0390349 -0.924977 1.05189 0.609986 0.0808245 -0.933478 
0.0524702 -1.37319 -0.096599 -0.417045 1.66987 -0.760364 -0.0200549 -0.469512 -1.84801 0.475692 -0.0427269 -0.661139 -0.247591 -0.232134 -0.421334 -0.629329 -0.476117 -0.186282 0.802483 -0.20991 0.480486 -0.400998 0.4802 -0.298201 -1.39341 -0.310071 -0.564818 -0.764477 -0.352999 0.208544 0.865352 0.712162 -0.783987 0.624151 -0.778706 0.424922 -0.246654 -0.0435468 -0.406186 
0.056877 -1.74905 -0.142684 -0.459679 1.65447 -0.777714 0.293912 0.115407 -1.38508 0.723491 0.0198784 -0.78129 -0.310315 -0.368899 -1.04108 -0.11939 0.818643 0.698787 0.506228 1.1333 1.17457 0.0526743 -0.253171 -0.29407 -0.0600644 -0.20511 -0.23955 0.067767 -0.39729 -0.104685 -0.813904 -0.164446 0.590848 1.30648 0.585222 0.487164 0.529727 0.0798109 -0.121548 
-0.113898 -2.0274 -0.141999 -0.0507366 2.04719 -0.513811 0.418782 0.211099 -1.80384 0.316221 -0.201551 -0.705479 -0.40254 -0.160039 0.529536 -0.00803874 0.319453 -1.05814 -1.03892 0.942271 1.39195 1.14045 0.178131 0.998292 1.49413 0.150746 -0.179529 1.12814 -0.0492589 0.306881 -1.18949 -0.715364 0.926746 1.54721 1.7141 -0.21484 0.355743 1.21906 1.10343 
-0.0231947 -1.40571 -0.136999 -0.313588 1.09416 -1.25556 0.660223 0.920631 -0.609729 0.835285 0.573417 0.387153 -0.189226 0.0735513 2.77275 0.0422607 -0.346178 -2.51648 -1.52457 0.0127975 1.04318 2.08688 -0.0322949 0.763067 1.59936 1.68295 1.80134 1.72875 -1.40893 -0.0946353 -2.41375 -1.93109 -0.497368 1.17326 0.791245 -0.362898 -1.36916 1.43881 0.879342 
-0.097455 -0.259323 -0.113237 -0.198288 0.708581 -1.21934 0.43221 0.816395 -0.392314 0.295669 0.222329 0.545077 0.907085 3.06024 2.1217 -2.2578 -0.460755 -2.62819 -1.70487 -1.5503 0.289401 -0.145475 -0.662651 -2.82041 0.32265 1.02761 2.23426 1.51352 -1.72721 -0.810608 -2.8518 -1.60528 -0.464987 0.724927 1.47546 -0.834503 -0.85288 1.53563 1.0382 
1.22729 -0.0511392 -1.16345 -0.511684 -0.304067 -2.04562 0.0802075 1.09383 -0.698752 0.418276 -0.977948 0.641456 0.612046 3.52504 -0.451036 -2.82044 -0.889577 -1.83847 -0.756809 -0.580944 -0.00492292 -0.243301 -1.08627 -1.89943 0.339689 -0.292285 2.42654 0.72681 -2.00204 -0.133768 -1.74144 0.018427 -0.423765 0.371765 -0.572872 -1.35529 -1.794 0.750683 0.535789 
1.34508 -0.538774 -1.39781 -0.585559 -0.268186 -1.56493 0.22022 0.820882 -0.547094 -0.387769 -0.821383 0.812676 0.684515 0.848519 -1.00447 -0.962797 0.259634 -0.0319716 1.72799 1.03293 0.242281 -0.551417 -1.15607 0.433998 0.625209 -0.308408 2.70717 -0.73736 -2.25308 -0.617318 -1.28457 0.288147 0.0642935 0.497431 -0.873201 -1.44841 -0.800631 0.575514 -0.740071 
1.56394 -0.682093 -1.59578 -0.391982 -0.316742 -1.22628 0.480938 1.24003 -1.06064 -0.309064 -0.735453 1.13185 0.376969 0.836446 -0.673447 -0.804262 -0.050709 -0.124341 1.16273 0.664729 0.71686 -0.826079 -0.857647 0.832466 0.386978 -0.693688 0.865842 -0.938697 -0.765903 0.107386 0.146412 2.10833 0.895035 0.354998 -0.382809 -1.49781 0.679998 0.846866 -0.68759 
1.67673 -0.959484 -1.75741 -0.602764 -0.330156 -1.01059 0.48116 1.23912 -1.09361 -0.927418 -0.35925 1.11718 0.150576 0.542527 -0.428267 -0.267941 -0.0921221 0.25332 1.26128 0.0741078 0.265351 0.0902538 -0.854264 0.465692 0.444104 -0.607426 0.798486 -0.504437 -0.441307 0.13254 -0.00161726 1.26365 0.376347 0.630253 -0.648708 -0.587711 0.421116 0.818653 -0.723307 
1.77415 -0.947083 -1.70933 -0.427457 -0.177162 -0.625737 0.517644 1.39944 -0.991213 -0.846586 -0.47549 1.48093 -0.0900557 0.445941 -0.0944201 0.0960386 0.256672 0.119746 0.627707 -0.196577 0.185598 0.0351294 0.0708799 -0.276638 0.646711 -0.26988 0.350667 -0.224119 -0.119311 -0.0425369 0.0113071 0.736608 -0.27824 0.0418765 0.35728 -0.82024 0.0285658 0.293753 -0.378603 
1.84704 -1.01244 -1.70398 -0.484369 -0.261862 -0.707085 0.415098 1.35282 -1.06123 -0.883079 -0.508465 1.62435 -0.0546146 0.0174382 0.0895788 0.0780465 0.0304589 -0.238188 -0.218871 -0.412232 -0.206863 0.366489 -0.245123 -0.43127 -0.0732282 0.104551 0.0397737 0.262607 0.406752 0.333844 -0.0780741 0.342609 -1.10114 -0.186457 1.01031 -0.184302 -0.977306 -0.0538565 0.00367109 
1.76741 -0.883172 -1.66415 -0.408855 -0.299891 -0.719127 0.369706 1.28817 -0.736102 -1.00099 -0.709939 1.42632 -0.00479977 -0.387509 0.50093 0.56089 0.25701 -0.24104 -0.144487 -1.15514 -0.454634 1.23154 -0.31529 -1.02499 -0.714774 0.27791 -0.534696 0.544046 0.236832 -0.1867 -0.367393 -0.351071 -2.09498 -0.924021 1.34521 -0.0770316 -1.22965 -1.08761 0.481333 
1.67298 -0.687265 -1.43728 -0.365824 -0.386113 -0.765602 -0.0148907 1.09952 -0.224649 -1.08162 -1.07018 1.06912 0.165116 -0.885742 0.747827 0.305356 -0.312493 -0.324705 -0.282434 -2.16364 -1.12014 1.31554 0.14493 -1.20554 -1.3002 0.541868 -1.22709 0.818709 0.40269 -0.238732 -0.0557787 -0.341478 -2.23237 -1.48978 1.16962 0.261076 -1.71268 -0.471736 0.0746252 
1.38749 -0.401188 -1.51469 -0.541546 -0.468791 -0.842317 -0.443167 0.653377 0.156947 -0.910082 -1.37117 0.414266 0.419684 -1.59776 0.756996 0.0895009 -0.618581 0.153776 -0.343202 -1.58995 -1.68389 0.232724 0.669661 -1.2534 0.119038 -0.175051 -2.14638 0.992354 0.696204 0.191397 0.581959 0.0273023 -2.08983 -1.88989 -0.116443 -0.138714 -1.39249 -1.77655 -0.317002 
0.998872 -0.199458 -1.38685 -0.633546 -0.299657 -0.917281 -0.609958 0.141558 -0.0594531 -0.660681 -1.75779 1.16454 0.0334846 -2.58254 0.775957 0.817515 0.608426 1.21085 0.318146 -0.405888 -1.59231 -1.44634 -0.32805 -0.647568 -0.943179 -0.962414 -2.44818 1.01838 0.707481 0.484784 1.05574 -0.270765 -1.94975 -1.36307 -0.0860976 0.642513 0.350683 -1.20856 -0.765999 
0.306491 0.0986625 -1.13026 -0.267975 0.181801 -0.683941 -0.588696 -0.252082 -0.806498 -1.11665 -1.72485 -0.319195 -0.322706 -2.35739 0.806629 1.05152 1.36299 1.45551 -0.0441259 -0.807027 -0.272886 -0.325888 0.197527 1.71567 -1.64519 -0.845575 -1.99161 1.24782 0.967426 0.614244 0.616317 -0.280496 -0.713948 -1.03283 0.112684 1.10999 -0.237768 -1.04893 -0.41806 
0.0108991 0.319874 -0.895065 -0.0270981 0.481506 -0.928746 -0.907783 -0.00756063 -0.269747 -0.536689 -0.808829 -0.116723 -0.618273 -0.636067 1.13896 0.741952 0.333881 -0.272263 -0.719286 -0.468912 0.109235 1.59972 1.82372 0.328231 -0.38141 0.406805 -1.57118 0.907038 0.449037 0.248517 0.717752 0.341347 0.65756 -0.490604 0.715202 1.02207 -0.791728 -2.02225 0.607067 
0.0297332 0.829069 -0.780501 -0.115518 0.0408879 -1.01194 -0.758152 -0.182156 0.277571 0.0301285 -1.54065 -0.614291 -0.00299178 -0.182979 0.586532 -0.326526 -0.979744 -0.362102 0.525554 1.62156 -0.43242 1.22655 1.17995 -2.77081 -0.908437 1.66004 -0.0297738 0.331064 -0.212154 -0.276757 -0.305687 0.008508 -0.225045 0.287442 1.74397 2.51247 -0.740049 0.630367 0.409003 
-0.0786509 0.699415 -1.03549 -0.454146 0.292648 -0.673132 -0.283574 -0.24813 0.563481 0.205188 -2.33285 -0.823074 0.673575 0.582305 -0.627642 -1.0813 -0.753579 -0.196447 0.728324 0.196309 0.301493 0.57688 1.55749 -1.31473 1.17734 0.142946 1.16921 -0.242644 -0.882339 -0.872154 -1.23508 0.0463475 -1.06258 0.281755 1.61753 0.973863 -2.43304 0.184995 -0.390212 
0.256384 0.43745 -1.2672 -0.442794 -0.059564 -0.661259 -0.675052 -0.00202178 0.674103 1.00946 -2.26207 0.306953 0.112047 2.06342 -0.953584 -1.09164 -0.350091 -1.52517 -0.462811 -2.92578 0.83499 0.793242 0.132718 -0.464411 1.14198 -2.17843 1.46034 -1.08854 -0.672053 -0.443784 -0.609475 1.08487 -0.984803 0.979292 0.627477 -0.129298 -1.33986 1.60319 -2.08448 
0.759966 0.10078 -1.52694 -0.603424 -0.516918 -0.880887 -1.3858 0.237823 1.10545 0.28842 -2.58557 0.0705755 -1.01208 1.76779 -1.03452 0.00163628 0.0785602 -0.735946 0.808371 -1.40473 1.10163 0.214978 -1.72795 -0.468468 0.847011 -2.92571 1.82465 -0.943601 -0.112446 0.258567 -0.794021 0.465382 -1.53426 1.07263 0.322964 -0.479109 -0.392586 1.23145 -2.08058 
0.972855 -0.212587 -1.25708 -0.402972 -0.447935 -0.273054 -1.1998 0.636778 0.827371 -0.0775623 -2.51702 0.97043 -2.15327 0.874384 -0.486662 0.912801 0.748702 0.311099 1.12028 1.04058 0.702018 -0.37906 -0.773477 -0.0605645 0.412961 -0.599125 1.33807 -0.526145 0.422539 0.550898 -0.205647 0.613126 -0.770214 1.08288 0.250185 -1.62179 -0.113372 -0.325673 -1.71428 
1.1073 -0.201298 -1.0988 -0.26797 -0.346502 -0.346452 -0.982168 0.647553 0.859412 -0.198292 -2.61568 0.395351 -1.47266 0.385047 0.233413 0.680706 0.766915 0.419931 0.0587878 0.460626 0.450081 0.108938 -0.44906 0.31436 -1.25831 0.637716 0.41038 -0.0239567 1.04569 0.723531 0.194322 0.695019 1.1267 0.52687 -0.866157 -0.378838 0.625818 0.154695 -0.388736 
1.118 -0.057323 -0.935413 -0.059484 -0.219438 -0.236271 -1.01635 0.902089 0.90936 -0.360235 -2.34048 -0.00893617 -1.65444 -0.21809 0.454431 0.772646 0.360664 -0.0166241 -0.136892 0.35181 0.0521471 -0.681582 0.267527 0.88829 -0.21768 0.082707 -0.182613 0.369033 0.833755 0.735724 0.340113 0.136835 0.769755 0.528302 -0.821085 0.459792 0.0505098 -0.186654 0.608382 
1.00324 0.0943416 -0.734953 -0.103698 -0.350986 -0.401408 -0.84003 0.684754 0.410027 -0.0302738 -2.12278 0.228018 -1.40435 -0.685369 0.336041 0.663587 0.361089 0.0970702 0.132381 0.4921 0.306137 -1.11368 1.07059 -0.250791 1.02256 0.178503 -0.718356 0.512325 1.09835 0.72853 0.253991 -0.433521 -0.787963 0.275161 -1.08309 0.305508 0.00207189 0.442042 0.912795 
0.820874 0.163123 -0.621603 0.104975 -0.163246 -0.164986 -0.820949 1.08489 0.169525 0.312863 -2.47544 0.791524 -1.51182 -0.946494 0.334408 0.997574 0.756342 0.402174 -0.481432 -1.31778 0.340965 -0.648118 0.14658 -0.889058 0.775807 1.14036 -1.28953 0.56481 1.28066 0.507352 0.348385 -0.266884 -0.634506 -0.298463 -1.45346 0.762467 0.759523 0.716466 2.19161 
0.598221 0.313751 -0.267918 0.235126 -0.131966 -0.617892 -1.33177 0.887515 -0.0168645 0.0616759 -2.60957 0.835932 -0.515621 -1.40063 0.533155 1.40011 0.41782 0.432557 -0.514202 -1.26905 -0.735836 -0.675375 -0.0421331 1.25611 -0.117904 2.75368 -1.90175 0.804471 1.18839 0.682785 0.806613 -0.106659 0.417231 -1.05255 -1.36831 0.075169 0.156882 -0.971879 1.4925 
0.228214 0.508762 0.030105 0.294461 0.0719888 -0.396834 -1.29418 0.670388 -0.275688 0.286124 -1.77979 0.702049 0.628364 -2.12714 0.901719 0.917582 0.290737 0.826866 0.327016 1.83629 -1.85233 -1.03533 -0.0421484 1.09392 -2.00309 0.857475 -1.7738 0.859891 1.21772 0.700994 0.586206 -0.47549 1.44802 -1.64993 -1.03387 -0.933634 0.889604 -1.51886 1.56586 
-0.294617 0.893477 0.162419 0.36855 0.313703 -0.455358 -0.626034 -0.166993 -0.704032 0.0349268 -2.00332 -0.724611 0.153679 -1.4666 0.787823 0.562259 0.657095 0.460066 -0.163689 3.05721 -1.63242 -0.59327 -1.2097 -0.07801 -1.80008 -0.657796 -1.708 0.804911 0.917968 0.644466 0.770462 -0.0387386 2.37709 -1.69283 -0.88308 -0.357534 1.58636 -1.96353 0.426962 
-0.391703 1.01615 0.297429 0.589502 0.321905 -0.464352 -0.124918 -0.258063 -0.665712 -0.474949 -1.81952 -0.700078 0.122266 -0.633945 0.335082 0.56227 0.697769 0.346994 -0.385034 1.09624 -0.57746 -0.0463045 -0.435161 1.00965 -0.476392 -0.283722 -1.29999 0.824301 0.725044 0.393294 0.65997 -0.0771831 2.00876 -1.69325 -0.589074 -0.433075 0.466536 -2.06303 -0.925767 
-0.570498 1.11331 0.429747 0.681534 0.503275 -0.626649 -0.201266 -0.490704 -0.726394 -0.239004 -1.44352 -1.09382 -0.0622489 -0.63628 0.478665 0.607036 -0.0525378 0.545146 0.0511067 -0.57836 -0.797969 -0.123716 0.630835 0.694168 -0.805045 -0.576357 -0.765018 0.24737 0.744579 0.417557 0.204877 -0.371669 -0.171404 -1.25239 -0.438137 -0.479766 1.1721 -0.658979 -0.230071 
-0.668548 1.32718 0.585294 0.57149 0.617226 -0.43117 -0.335927 -0.708177 -0.740109 -0.078431 -1.43362 -1.32575 -0.320659 -0.605915 0.0481 0.638472 -0.0561218 -0.036409 -0.145505 -1.30277 -1.22055 -0.483481 -0.20648 0.543673 -0.355784 -0.0206424 -0.680573 0.0234233 -0.0252897 -0.201256 -0.0114835 -0.00184469 -0.383367 -0.698328 0.105689 -0.122797 1.32453 0.487804 -0.258362 
-0.834797 1.15088 0.732035 0.661941 0.488232 -0.685643 -0.687305 -1.18306 -1.04262 -0.369108 -1.14057 -1.36892 -0.0741055 -0.467353 -0.438355 -0.645581 -0.251747 -0.5648 -0.0567624 0.110746 -0.205298 0.268419 -0.792556 1.06162 1.42096 0.234183 -0.814269 -0.299846 0.684287 -0.490251 -0.092851 -0.401632 -2.04342 0.150766 0.575228 0.168575 1.30084 0.564267 0.620747 
-0.875595 1.05578 0.298492 0.465597 0.320192 -0.44856 -0.285311 -0.818552 -0.550919 -0.577142 -0.845173 -0.214406 -0.134847 -0.713397 -0.50273 0.465216 -0.689928 -0.10744 -0.427559 -1.20958 1.43523 1.21054 0.436489 1.18065 1.06825 0.853388 0.747408 -2.03558 0.946922 -0.255031 -0.180379 -0.486628 -1.47613 1.76195 -0.976413 -1.2304 3.76585 0.471987 1.13935 
-1.1435 0.838597 0.954838 0.362745 0.435282 -0.876871 -1.13796 -0.353026 -0.220154 -0.0948226 -0.486519 -0.532809 0.592024 1.66734 -2.67375 2.17204 -0.134739 0.287354 -0.636935 -1.92435 2.73107 -1.46581 -0.85826 3.93687 -0.825019 1.29167 1.51666 -2.78767 1.70574 -0.251759 -0.273332 -0.212161 -1.02258 2.67072 -0.489805 0.229203 3.20817 0.928528 0.730444 
-0.200629 -0.635382 1.30434 0.411322 0.477935 -0.737948 -1.00734 0.7543 -1.52745 -1.11718 1.32813 -0.855663 0.871257 3.15434 -3.76087 2.28274 0.308443 -0.311884 0.123406 -0.0453703 2.39408 -1.8044 -0.124969 3.0771 0.104183 0.125966 1.55113 -3.30494 1.52749 1.28034 0.520419 -0.536144 -1.32135 2.12929 -0.849254 -0.670133 2.64078 0.741731 -0.715516 
0.14586 -1.54303 2.01147 0.503979 0.273223 -0.809793 -1.14662 1.02665 -1.42428 -0.173661 1.21287 -0.448982 0.693891 0.829211 -2.3818 0.288973 2.09525 0.504856 -0.127039 0.301403 0.321615 0.42613 -0.0393172 -0.432752 1.76157 -2.24482 1.80032 -2.91743 0.00195784 1.11735 0.147975 -0.502636 0.355346 2.14191 -0.851537 -3.13482 1.64516 0.837923 -1.56061 
0.128038 -2.14112 1.44629 1.3408 0.751754 -0.788285 -0.884338 0.945969 -1.23225 -1.14215 1.09287 0.521475 -0.865899 -0.255783 -0.701393 -2.27743 1.40292 0.535617 -0.839824 0.487655 0.676698 0.761891 -4.08621 -0.895417 0.953837 -2.20857 0.216349 -1.22141 -0.879391 1.31775 0.627702 -0.642443 0.419444 0.899032 1.32124 -1.2276 -2.27784 1.86637 -1.11273 
0.0262287 -1.98149 0.976023 1.12804 0.563459 -1.1943 -0.952905 1.42187 -0.903387 -2.74389 0.722582 0.297854 -1.01515 -0.485928 0.516228 -1.7024 -0.0775454 0.451104 -0.787803 0.219833 0.966382 1.22618 -1.60774 -2.59632 0.595111 0.760794 -0.72431 -0.126522 -2.02193 1.0302 0.959832 -0.109226 0.887397 0.298368 2.24203 -1.53201 -2.09227 0.96116 -0.695765 
-0.0866842 -1.80623 0.674646 1.31176 0.996888 -1.1484 -0.792307 1.50724 -0.399266 -2.15356 -0.334979 0.988387 -0.271594 -0.918406 0.512129 -0.975181 0.175216 0.927286 0.681764 0.609975 -0.250297 2.03244 2.0299 -1.88717 0.2598 1.28182 -0.816441 1.32706 -1.05358 -0.376953 0.019154 -0.777849 -1.60542 -0.647221 1.01212 0.299285 -1.31858 1.22389 2.66343 
-0.367185 -1.64921 0.538008 1.2105 1.06272 -0.865451 -0.712753 1.2857 0.471546 -1.46744 -0.314371 0.503113 -0.0166847 -0.836886 1.52 0.00857998 -0.495314 -0.423996 -0.319219 -2.19269 -1.89634 0.0427301 2.01348 0.841392 0.950284 2.80197 -0.102451 2.05656 -1.31246 -0.856539 -0.264467 -0.192031 -1.60457 -2.90734 0.719184 2.05957 -2.24689 0.748541 3.59848 
-0.446416 -0.83382 0.687956 1.09842 0.774998 -1.28884 -1.61621 0.427502 -0.361781 -0.88744 0.132074 1.73245 1.90605 0.7474 2.64101 -1.13538 -1.48118 -1.33308 -0.957348 -2.58179 -3.92159 -1.12684 0.74243 -1.1008 0.685355 3.53063 0.483835 1.63337 -1.41168 -1.28032 -0.810081 0.916829 -1.99499 -3.56317 1.52706 1.90775 -1.34137 -1.67632 3.9073 
-0.0723204 0.0351934 0.0265006 0.562247 0.355672 -1.30506 -1.68438 -0.954981 -0.277133 -1.00074 -0.917872 1.04045 2.72619 1.61168 0.985212 -2.27885 -1.45846 -0.81459 1.61742 -0.260012 -3.21628 1.86485 0.554742 -2.62659 -3.06709 2.42321 1.25853 1.3449 -1.56369 -1.07339 -1.43376 0.709383 -2.05949 -3.70812 1.62736 1.43033 -1.57259 -1.06975 3.41959 
0.205552 -0.201065 -0.34815 0.460186 0.344655 -0.521334 -1.70636 -1.40887 0.900501 -0.53878 -1.31246 -0.658362 3.78989 1.27713 -0.577454 -1.37959 -0.156259 -0.857456 1.96112 0.0496457 -1.39894 3.15881 1.18392 -0.991522 -2.03622 1.04273 1.47659 0.477241 -1.64161 -0.960575 -1.30432 1.27319 -0.638252 -2.75697 2.93997 0.700296 -1.58524 -2.31531 0.74868 
0.441417 -0.324549 -0.597049 0.498479 -0.0975469 -0.376414 -1.65696 -1.74959 1.85493 -0.256362 -1.46114 -0.54595 3.53919 0.764627 -0.250088 -0.36154 -0.00653917 -1.17837 0.186558 -0.521551 -0.73991 1.79511 0.39013 0.517465 0.143398 -1.41949 0.73558 -0.570514 -0.670875 -0.310832 -0.643498 1.58668 -0.520292 -1.35486 2.34715 0.655436 -0.39913 -2.85827 -0.0453956 
0.507534 -0.352887 -0.504642 0.462466 -0.279831 -0.424649 -1.8958 -1.8257 2.11591 -0.293651 -1.02396 -0.543934 2.69295 -0.0962179 -0.29158 0.301826 -0.315525 -0.126868 0.287776 -0.685914 -0.546066 -0.234112 -0.299361 0.457855 -1.57309 -1.10028 0.22652 -0.367832 -0.0835684 0.0910265 -0.599447 1.13659 -0.161822 -1.14164 1.11442 -0.181072 -0.0131002 -1.28517 -1.86371 
0.387715 -0.502724 -0.449206 0.36445 -0.160866 -0.232276 -1.90881 -2.05531 1.70633 -0.444882 -1.20549 -1.77095 2.68986 -0.404936 -0.308631 0.229182 0.149044 0.261287 1.42355 0.326822 -0.899249 -0.399308 -0.630198 -0.538386 -1.76629 -1.06821 -0.182587 0.152631 0.423232 -0.182612 -0.379618 0.515224 -0.529285 -0.35762 0.634315 0.391486 1.19945 -1.83336 -2.28597 
0.326276 -0.541892 -0.390126 0.533381 -0.135999 0.251964 -1.76315 -2.33388 1.85626 -0.690249 -1.31745 -1.91969 1.86849 -0.204063 0.529712 0.381632 0.0397407 -0.454686 0.440433 0.0385697 0.0315118 1.03445 0.829059 1.1318 -0.742024 -1.95176 -0.316814 0.5105 0.603775 -0.480183 -0.0074557 0.059526 -0.71994 -0.561475 -0.283863 0.643377 0.827484 -1.38783 -0.954676 
0.289453 -0.159271 -0.264749 0.387146 -0.399134 -0.0165692 -1.88559 -2.02994 2.41043 0.0763067 -0.578366 -2.34744 1.18003 -0.111881 1.09468 0.744903 -0.879704 -0.274794 -1.3421 -1.209 0.0922846 0.0608637 1.49855 1.63398 0.0137643 -0.204576 -0.176531 0.668897 0.72457 -0.145731 -0.433426 -0.203666 -0.0155939 -0.690418 0.500121 1.50639 1.42086 -0.138834 -1.25791 
0.266103 0.160387 -0.0390105 0.150466 -0.278263 -0.368021 -2.21358 -2.27367 1.90593 0.252009 -0.413517 -1.90642 1.71396 -0.0864491 0.498845 0.7869 -0.259148 -0.208996 -0.732529 -0.0531843 -1.02343 -0.400549 1.19955 0.751945 0.566655 0.273709 -0.295383 0.807238 0.87534 -0.140022 -0.168037 -1.15692 -0.325137 -0.622114 0.422069 1.82145 1.29318 0.22842 -0.958212 
0.239788 0.164577 0.105634 0.277988 -0.506283 -0.350774 -1.89721 -2.60929 2.14995 0.830513 -0.160617 -1.90273 1.3965 -0.370363 0.145688 0.666329 0.669022 0.0161861 -0.302936 0.813114 -0.986229 0.476234 0.953642 0.0801716 0.274613 -1.07294 -0.249609 0.472563 0.558291 -0.218929 0.211596 -0.445022 0.148903 -0.469152 -0.291568 1.11147 0.929582 0.139987 -0.463391 
0.0991295 0.259934 0.276058 0.450769 -0.265237 -0.500823 -1.89631 -2.8317 2.23481 0.851553 -0.366055 -1.6896 0.885835 -0.321952 0.229116 0.113967 -0.072152 0.529836 0.0978821 0.241186 0.348897 0.0525472 0.298121 0.479255 -0.389946 -0.889902 -0.304982 0.305153 0.348415 0.558825 0.282509 1.05199 0.395933 -0.988144 -0.69296 1.04911 0.173065 -0.212663 -0.590727 
0.092817 0.317112 0.167292 0.251323 -0.219132 -0.295662 -1.79708 -2.40198 2.19404 1.01777 0.106824 -2.20449 0.710359 -0.127367 0.325961 -0.103307 0.188571 0.412891 1.79296 -0.320838 -0.432752 -1.32207 0.460182 0.146182 -0.543208 0.286562 -0.492405 0.561566 0.173089 0.391962 0.788449 0.923446 -0.142416 -0.353394 -1.30843 0.486627 -0.97581 0.296016 -0.0686879 
0.0325574 0.473978 0.238036 0.539122 -0.040497 0.348981 -2.00955 -3.07246 1.3549 1.14074 -0.282208 -2.11095 1.11228 -0.478128 0.635113 0.166826 0.674674 0.671479 1.20971 -0.412011 -0.857388 -1.66173 0.359488 -1.7789 0.76368 0.801225 -0.617216 0.64062 0.0851723 0.28395 0.304083 1.28687 -0.0290789 0.573758 -1.00856 0.1909 -0.0672573 -0.948995 0.097724 
-0.118683 0.727507 0.253201 0.55412 0.143611 0.280698 -1.94493 -2.88616 1.08581 1.24363 -0.870452 -1.60604 1.33603 -0.874058 0.659303 0.242577 0.248841 0.0491155 0.0304294 0.289613 1.25417 0.0848089 -0.200159 -0.239038 -0.655182 -0.152832 -0.825084 0.69932 0.381538 0.633986 0.955853 -0.0378239 0.452433 -0.197697 -1.19779 0.473321 -0.711975 0.518685 -0.0149068 
-0.342533 0.899738 0.358698 0.654063 -0.00989696 0.372469 -1.89102 -2.34621 1.42067 1.01461 -0.410697 -2.61968 0.997881 -0.85863 0.440023 0.449516 0.297811 0.785351 -1.26643 0.973881 0.572229 0.189779 0.280233 0.829696 -0.108773 -0.818024 -0.538684 -0.203387 1.51834 -0.769399 1.19746 -1.46146 1.1686 1.3268 -1.05615 -0.219212 -0.695448 1.77577 -1.31767 
-0.487399 1.014 0.468801 0.690664 0.567125 -0.30381 -1.56662 -2.55083 1.22214 1.41964 -0.409846 -1.68839 0.705639 -0.000679599 -0.96625 2.20371 -1.4216 1.77649 -2.10768 1.15439 0.647423 -1.3811 -0.0911859 -0.688216 2.89746 -1.6051 -0.182927 -1.29081 2.20709 -1.04883 1.14283 -2.13047 0.656848 1.98952 -1.0174 0.496385 -0.237466 1.74946 -1.60375 
-0.35676 0.293059 1.37908 0.0320894 0.942569 -0.606439 -1.44418 -1.96778 0.501086 0.957021 -0.786777 -0.356181 -0.243042 0.557801 -2.41186 3.10549 -1.89772 0.956871 -1.76034 -0.160226 2.27996 -1.438 0.390495 -1.14863 2.31783 -1.32224 0.255265 -2.7592 1.90738 -1.68475 1.6661 -1.53393 1.12323 3.17946 -1.42977 0.278876 -0.29277 2.92917 -0.746868 
-0.270872 -0.510836 1.90289 -0.141347 1.08218 -1.11988 -1.61888 -1.23657 0.264307 1.665 -1.03971 0.12281 -0.315871 0.406743 -3.25375 0.868841 -1.15039 0.76441 -0.0724242 0.233728 3.91163 -0.378578 0.469487 0.295822 0.801256 0.610044 0.426634 -3.21139 1.8391 -1.6649 0.378289 -1.39924 -0.696359 3.62862 -1.95009 0.189598 0.971761 3.07328 0.236691 
-0.202648 -1.76648 1.78705 -0.470239 1.35491 -0.631171 -1.34687 0.28181 0.255375 1.25206 -0.620447 0.271592 0.234326 0.124714 -2.50046 -0.142846 -0.643924 -0.3816 -0.228605 -0.692909 2.92337 -0.967008 -0.132222 2.43586 1.56287 1.6417 -0.029531 -2.46057 0.876168 -0.847827 0.206705 -0.280819 -0.875135 3.25073 -0.694648 0.551788 0.802296 1.47302 0.804223 
-0.23329 -2.09194 1.84673 -0.420249 0.882911 -1.21783 -1.87338 0.446513 -0.376937 1.5816 0.306225 1.34489 0.961755 -0.460113 -0.509047 0.543725 -0.142256 -0.451035 -0.329174 -1.30707 0.74965 -0.469349 0.275727 0.766311 1.05873 0.467914 -0.300574 -1.34707 0.590535 -0.542669 -0.250244 0.0727296 -0.853424 1.4047 -0.596457 0.488328 2.40732 0.816719 1.13437 
-0.406705 -2.08278 2.04587 -0.527831 1.11859 -0.776273 -1.83454 0.718843 -0.0513509 1.42524 -0.194779 1.10028 0.601443 -0.615331 0.442494 1.09562 -0.182252 -0.00248466 0.32879 -0.353688 -0.910042 0.240865 0.792118 0.758156 -0.531623 -0.122507 -0.713127 -0.186791 1.13608 -0.0471717 -0.578464 -0.296679 -0.913641 0.0129213 -1.1795 0.746078 1.05902 1.01049 0.765964 
-0.501479 -1.80388 2.35874 -0.495484 0.885973 -1.05446 -1.99909 -0.067846 -0.206269 2.07955 0.727398 0.932581 0.870882 -0.696036 0.227508 1.28724 0.0735084 -0.434026 -0.0949333 0.186299 -0.732696 -0.979928 0.730696 0.636818 0.2172 0.558912 -0.669276 0.476427 0.874125 0.092873 -0.117471 0.467484 -0.295651 -0.0020084 -0.286148 0.795473 0.347249 1.11644 -0.0365042 
-0.70824 -1.93126 2.6458 -0.490238 0.891344 -0.811558 -1.75524 0.306145 -0.701279 1.88456 0.159512 1.27229 1.03915 -0.470077 0.291383 0.313661 0.32758 -0.178943 0.331662 -0.00588157 0.90558 -0.582143 0.280714 -0.300441 1.94134 0.0768425 -0.529359 0.55531 0.580301 -0.0241809 -0.637264 -0.058267 0.101644 -0.557043 -0.291045 0.675915 1.27269 -0.796864 0.161328 
-0.709652 -1.6118 2.51202 -0.345808 0.794863 -0.88975 -1.99275 0.458572 -0.588813 2.25586 0.565063 2.44999 0.934644 -0.163658 0.627142 -0.35094 -0.107112 -0.540784 0.00919873 -0.0565079 -0.0679108 0.632576 0.181397 1.05011 -1.22349 -0.340176 -0.666809 0.170936 0.278669 -0.118853 -0.617032 0.506986 1.07667 0.115093 -0.815101 -0.163542 0.251936 0.333005 -0.199024 
-0.789807 -1.52593 2.49417 -0.532325 0.607127 -0.798023 -1.76813 0.274525 -0.267309 1.99841 0.741614 0.320099 0.779428 -0.611352 -0.0252253 0.137089 -0.505901 -0.764984 0.384854 1.33665 -0.742071 -0.415177 -0.497213 0.631555 -1.52089 -0.339713 -0.282976 0.186998 -0.381378 0.487292 -0.54887 0.32732 0.364359 0.373249 0.762899 0.119886 1.51764 -0.354305 0.527716 
-0.976198 -1.62081 2.58428 -0.563821 0.390994 -0.700099 -1.47671 0.0405004 -0.859125 1.94291 0.916452 1.26572 0.675284 -0.29857 -0.336393 -0.260813 0.855357 -0.299105 0.452322 0.509894 0.601721 0.32724 -0.0168476 0.962183 0.776035 1.04859 0.503475 -0.864781 -1.36864 0.251056 -0.91583 0.988205 2.56712 0.445728 -0.0203191 -2.25049 1.20759 -2.76116 -0.00721165 
-0.927117 -1.73257 2.38389 -0.149821 0.451889 -0.576743 -1.56597 0.62676 -0.038581 1.98757 1.27525 0.928191 1.59697 1.41783 -1.29434 -2.33807 0.89303 -0.635011 1.01465 1.82995 1.37985 0.403596 -2.52505 0.968911 -1.96579 0.333198 0.590907 -1.47595 -1.93638 2.32658 -1.1104 -0.0725356 3.62329 0.141793 0.27491 -1.98335 1.99236 0.775032 -0.632748 
-0.404325 -2.43587 1.52101 -0.164697 0.0564897 -0.215188 -0.773384 0.838784 -0.579072 0.354558 1.45379 -0.265709 0.937902 1.24609 -1.9189 -2.85408 2.70446 -1.39787 -0.558307 3.95762 -0.399913 0.0273416 -2.64626 1.68065 0.202571 -1.89112 1.02899 -0.241365 -2.33989 2.81302 -1.05748 -1.48651 2.04517 -0.61984 -0.656975 -2.98247 0.806353 0.275915 -0.0728695 
-0.426203 -2.9443 1.08388 1.04842 -0.28974 -0.829268 -0.0548569 0.404825 -0.0114396 0.322993 2.20491 1.08879 0.134183 0.236413 0.929251 -1.42637 3.41037 -0.981184 -3.12745 0.693739 -2.27053 -1.2048 -1.4813 0.0986116 2.31414 -0.427464 1.53294 0.850834 -3.53861 2.71508 -0.358365 -3.31536 0.687053 -1.58478 -1.98645 -2.92838 -1.04625 0.0191596 -0.454648 
-0.320591 -1.83865 0.875999 1.34495 -0.462761 -1.67219 -0.50143 -0.455453 -1.38015 -0.577335 1.51142 1.54261 0.610473 1.22112 3.22601 -2.83998 1.44922 0.84876 -4.15015 -3.10676 -1.87489 -2.47744 -1.28738 -3.07386 -0.178435 1.28661 1.12408 2.07963 -3.32032 3.13026 0.553144 -3.76107 -1.26959 -1.61607 -0.0298766 0.268069 -1.72167 0.740342 -1.23972 
0.0643941 -0.888349 -0.209657 1.6929 0.167614 -2.76573 -1.2258 -0.662616 -1.66797 -0.486932 0.513844 0.952084 1.13637 1.57123 2.2592 -3.91631 1.37798 1.82334 -2.21358 -2.25295 -0.0491487 1.18136 1.84508 -2.38895 -1.37933 -1.22629 1.39128 2.6913 -3.08918 1.62191 0.645981 -2.53005 -3.07901 -1.20014 -0.124004 0.248436 -2.92606 -1.17322 -1.10456 
0.314664 -0.396749 -0.911331 1.95801 0.514709 -2.70074 -1.34821 -0.476318 -0.577298 0.582869 0.19788 0.468803 -0.336606 1.01756 0.898929 -2.13063 1.03342 0.1351 0.556274 -0.681168 0.151812 2.33726 1.62475 -0.816217 -1.30309 -2.75972 1.47003 1.49532 -2.94987 1.34441 0.495466 -1.1132 -1.31554 0.241286 1.54299 0.72872 -1.52632 -1.43294 -1.73914 
0.470883 -0.310395 -1.17776 2.15396 0.244102 -2.49572 -1.47584 -0.568283 -0.088139 0.534703 0.0672089 -0.0622298 -1.00019 0.794492 0.0346408 -0.830038 0.680481 -1.06922 0.630608 0.637147 0.39367 0.745974 -0.861989 0.358086 -0.430157 -1.09493 0.9062 0.430075 -1.41238 0.779996 -0.890973 0.164904 0.338426 -0.120033 1.86256 0.136963 0.146864 -1.59287 -2.75858 
0.628986 -0.367731 -1.28276 2.26337 -0.0515244 -2.39588 -1.09774 -0.243344 -0.0671041 0.0404884 0.398531 0.135669 -1.18179 0.438594 -0.236019 -0.140767 0.162256 -1.49715 -0.325267 1.10261 -0.325569 -0.0135747 -1.43725 1.00777 -0.708347 -0.923972 0.546885 -0.0704963 -0.305739 0.747397 -1.89666 0.181864 0.695551 0.0647506 0.0886679 -0.557377 1.17703 -1.90191 -0.331732 
0.638155 -0.453282 -1.23297 2.23071 -0.550511 -2.63899 -1.04865 -0.747602 -0.0885009 -0.36948 0.62597 -0.612444 -1.71277 0.0820136 -0.138126 0.340044 0.465366 -1.82786 -0.37553 0.224179 -0.302372 -0.622382 0.116005 1.20179 -1.97152 0.654699 0.250481 -0.257551 0.70052 0.253269 -1.9411 0.183458 1.84243 0.0651669 -0.630733 -0.525319 1.26043 -1.2285 1.09346 
0.648926 -0.448443 -1.11738 2.47383 -1.02263 -2.56271 -1.00406 -0.409366 -0.476696 0.113208 1.06424 -1.40023 -0.669784 -0.0402488 -0.153855 1.27059 0.228255 -1.46775 0.582607 1.17136 0.417464 -0.755081 0.734361 0.662877 -0.842986 2.38849 -0.101415 -0.197089 1.28444 0.203675 -2.0888 0.366195 0.716423 -0.428097 -0.775831 0.161584 0.865915 -2.46122 1.1123 
0.607578 -0.543983 -0.640683 2.33657 -1.32943 -2.35663 -0.595365 -0.500989 -0.587291 0.0921495 0.994625 -1.26772 0.144146 -0.251347 -0.159179 1.72973 -0.150665 -1.36248 0.892225 0.662856 -0.313274 -0.326232 0.104605 -0.0551535 -1.13642 0.834995 -0.315546 -0.137458 1.83773 0.572123 -1.44577 1.34712 0.745453 -0.141361 -1.23943 1.07367 0.421059 -1.96678 1.84736 
0.531127 -0.542526 -0.314454 2.41253 -1.74537 -2.1352 -0.743832 -0.581637 -0.687221 0.178759 1.03711 -2.28449 -0.0179219 -0.474521 -0.0521519 1.68984 0.649665 -0.741108 1.32629 -0.248566 -0.621814 -0.768514 0.712488 -0.107125 -1.6406 0.0836087 -0.380441 -0.0166164 1.85055 -0.3073 -1.01843 1.54091 0.974175 -0.273635 0.389854 1.09039 0.190808 -0.833272 0.079032 
0.397569 -0.57009 0.143948 2.62833 -1.72056 -1.72561 -0.681165 -0.850125 -1.09511 0.540022 0.938847 -2.5454 0.213157 -0.368112 0.138186 1.25133 -0.315722 -0.194114 1.29172 0.541661 -0.0808098 0.823374 1.36472 0.305075 0.0841615 -0.726247 -0.433323 -0.00814547 1.67935 0.0106823 -0.501436 1.79546 0.231078 -0.263862 0.208226 0.598366 -0.227216 -1.08109 -0.46491 
0.365084 -0.447744 0.269 2.27841 -1.84458 -1.52039 -0.529616 -0.620651 -0.125 1.03685 1.20854 -2.21629 -0.577116 -0.230247 0.0441283 1.01564 -0.629976 -0.0263804 1.21893 0.537785 0.241747 1.04039 0.0953469 -0.198197 0.275405 -0.701833 -0.421069 0.0693582 1.47036 -0.0573678 0.0104776 1.40224 0.59672 -0.29612 -0.306656 0.651144 -0.13878 -0.245665 -0.337021 
0.288489 -0.535047 0.61927 2.35558 -1.73025 -1.14492 -0.46842 -0.704239 -0.387015 0.599749 0.832869 -2.32797 -0.3271 -0.316889 -0.0275479 1.11773 0.231388 0.20798 0.695422 0.197932 -0.345527 -1.19009 -0.485928 -0.492931 -0.39443 0.278945 -0.412877 0.206786 1.08669 -0.497218 -0.275893 1.17334 -0.0888531 -0.203399 -0.177847 0.362016 0.0171949 0.224135 -0.786705 
0.220205 -0.458225 0.791157 2.38565 -1.72919 -1.18514 -0.445899 -0.81141 -0.916195 0.730986 0.940101 -2.52154 -0.356583 -0.441538 0.276918 0.735817 -0.126724 -0.396852 0.443323 -0.642635 -0.535085 -1.24735 0.39473 0.217515 0.00756106 -0.346466 -0.545261 0.0355347 1.07173 0.0147379 0.0534909 1.03036 -0.533939 -0.690129 -1.62715 -0.279948 -0.299165 0.611564 0.163749 
0.0921072 -0.352152 0.966218 2.30484 -1.93765 -0.927861 -0.703832 -1.00366 -1.2167 0.847771 0.956036 -2.31954 -0.591698 -0.568458 0.0864005 0.609647 -0.205499 -0.128461 0.763905 -0.851009 -0.645979 -0.814391 0.112929 0.0920429 1.16662 -0.0569728 -0.803466 0.243247 0.848446 0.593571 -0.296179 0.225231 -0.522771 0.265384 -1.50287 0.907501 -0.334223 0.775779 0.224 
-0.0286171 -0.396333 1.08022 2.30016 -1.79336 -0.817778 -0.760422 -1.1744 -1.45485 0.801771 0.994106 -1.60867 -0.396621 -0.860345 0.0999516 0.632123 1.03743 -0.0573447 -0.126695 0.00331383 0.914173 -0.602985 0.828715 -0.66497 0.971988 0.648962 -0.759077 0.215363 0.374917 0.3557 0.120007 0.366159 -0.663139 -0.609558 -1.50528 0.0223278 -0.0564107 1.23274 0.608822 
-0.277317 -0.281653 1.26559 2.76767 -1.96387 -0.978037 -0.694004 -0.472316 -1.61325 1.36874 0.592769 -1.55854 -0.084142 -0.661818 0.247777 -0.00396372 0.75259 0.309505 -0.247261 0.0387921 -0.229956 -1.03894 -0.0795389 -0.170491 0.38995 0.87378 -0.625752 0.305128 -0.0409816 0.184485 0.422578 -0.243094 0.154184 0.043359 -0.730472 0.801096 0.504254 1.07459 1.06623 
-0.316014 -0.231946 1.08778 2.63733 -1.6238 -0.924477 -0.737124 -1.29891 -2.14445 0.751506 0.9034 -1.30185 0.285326 -0.154851 0.37166 -0.695928 -0.752061 0.700215 -0.221361 0.191193 -0.853559 -0.289373 0.251676 1.33123 0.384884 0.779168 -0.479208 0.25319 -0.438781 0.295472 0.418401 -0.64979 0.569934 0.335179 -1.40643 -0.177406 0.660829 -1.03148 1.13748 
-0.355245 -0.0385846 0.955692 2.44106 -1.58579 -1.07259 -0.612846 -0.954297 -1.799 1.52679 1.32982 -1.25567 0.524415 -0.116973 0.144314 -0.700193 -0.297565 0.32699 -0.678009 0.667807 0.709159 -0.691784 -0.1556 1.04472 -1.6925 0.649569 -0.123016 0.204745 -1.16768 -0.149035 1.1842 -0.740148 0.113405 0.291653 -1.12473 -1.78007 1.41683 -0.195754 0.62184 
-0.378291 -0.133271 0.775918 2.51123 -1.4449 -1.23312 -0.475016 -0.885086 -2.60069 0.653402 1.48253 -2.62003 0.793353 -0.0493308 -0.0537381 -1.18156 0.527603 1.10515 -0.832152 -0.0469154 1.27033 -1.09196 -2.64148 0.547162 -0.632128 0.0550373 0.114801 0.648958 -1.59966 -0.828941 1.7277 -0.873828 -0.693106 1.30892 1.69066 -1.32494 0.474353 0.401545 0.731012 
-0.389574 -0.0656991 0.422996 2.67898 -0.991608 -1.4535 -0.622088 -0.218792 -2.52424 -0.134785 1.6347 -1.74641 0.571264 0.296439 0.853716 -1.87268 -0.966212 2.30794 -0.565234 -1.51693 1.16678 2.80227 -1.62233 -0.418179 2.19949 0.330543 0.0434679 1.08152 -2.23662 -1.77866 2.14009 1.45894 -0.958485 -0.434985 0.919161 -1.70725 -0.894629 -0.0719911 0.612273 
-0.269755 0.415967 -0.0738458 2.09015 -0.208812 -1.48889 -1.04236 -0.208938 -0.708285 -0.367185 1.2553 -0.901171 1.05391 0.113722 1.71403 -2.41665 -3.24314 2.15923 2.89975 -1.12909 -1.89585 2.24559 0.349567 -1.73898 0.541165 0.766382 -0.0663266 1.50766 -1.57878 -3.26541 1.9586 2.39981 1.19221 -0.962407 0.74541 -0.816968 -0.94086 1.83848 0.333061 
-0.356533 1.02995 -0.676328 1.25344 0.165116 -0.0848104 -1.04219 -1.29825 -1.00603 0.0848311 0.679425 -1.32159 1.1699 -0.409168 1.45903 -0.666585 -4.02201 0.679428 3.96819 2.99002 -2.54885 -1.86415 0.527339 -0.835043 0.121972 0.117713 -0.364327 1.57946 -0.724513 -3.65081 0.859716 2.65332 2.19234 -1.28907 -0.102939 -0.814788 -0.827158 1.75328 -0.155485 
-0.452762 1.34965 -0.370285 0.321006 0.158174 0.380706 0.101392 -1.66272 -1.95257 -0.0357604 0.798283 -0.803463 1.14938 -0.707186 0.708632 1.25254 -2.33421 -0.849135 0.862999 3.83406 0.0452173 -2.35964 -1.44162 0.636782 1.67271 -0.971063 -0.887095 0.91235 0.666318 -2.73418 0.251957 1.98985 2.81495 -1.10709 -2.17062 -1.05965 -1.14385 0.74554 -0.706402 
-0.662675 1.48704 -0.0923218 0.228865 -0.283662 0.329006 0.422017 -1.26502 -2.58338 -0.822105 1.03369 -0.0137972 0.420804 -1.02763 -0.0577305 1.74135 -0.154157 -0.296982 -1.14708 0.481841 0.959254 -0.814372 -1.94859 -0.687796 0.819393 -1.05869 -1.09457 0.278829 1.549 -1.05939 -0.157432 -0.0933405 2.1882 -0.351844 -1.65195 -1.09326 -0.147375 0.557403 -1.72926 
-0.891304 1.32 0.437975 0.258164 0.00406805 -0.147848 0.292898 -1.10553 -2.49122 -1.26155 0.422434 -0.161537 0.332308 -1.06431 -0.277286 1.24312 0.718162 0.606713 -0.998513 -1.13419 -0.551485 0.324408 -0.024823 -0.836054 -0.968916 -1.33695 -0.880614 -0.0194465 1.49741 0.317017 -0.39429 -1.76375 -0.505685 0.50783 0.298164 -0.671292 -0.366315 0.273192 -0.959116 
-1.11637 1.31795 0.487361 0.550846 0.0445168 -0.129898 -1.96078e-05 -1.57384 -2.35655 -0.837957 0.576125 -0.767341 -0.612118 -0.398714 0.0324045 0.671259 0.642117 -0.306966 -1.35921 -1.10012 -0.2324 1.19779 1.04946 0.197716 -0.474481 -0.220037 -0.487779 0.473392 0.9825 -0.396726 -0.63311 -1.33438 -0.495814 0.848682 1.79508 0.365185 -0.555663 0.0781899 -0.907058 
-1.06999 1.3476 0.755305 0.546598 -0.155365 -0.775856 -0.116201 -1.23144 -1.67732 -0.601745 0.534687 -0.529259 0.16578 0.271694 1.00652 0.340617 -1.32125 -1.57518 -0.898378 0.528076 1.76726 1.91559 0.519161 0.0944711 1.06759 0.127805 1.1721 0.243631 -0.204041 -1.35859 -1.32343 -0.334247 0.0456314 0.411059 2.41742 1.29641 -0.0428535 -0.796103 -1.17765 
-1.01806 1.96423 0.653001 -0.0268555 -0.791738 -0.541857 0.209039 -0.553483 -1.06016 -0.511676 0.631468 0.0682613 -0.508824 2.28382 0.345053 -0.997547 -2.71553 -1.71516 0.881785 1.16092 0.820444 1.81406 0.696859 -0.258157 -0.530847 -1.35075 2.37067 0.0562739 -1.35465 -2.6416 -2.19028 1.10582 0.841487 0.589634 3.53317 1.48618 -1.22385 2.01598 -0.427688 
-0.140307 1.57377 0.307029 -0.646189 -1.06632 -0.353233 0.33312 -0.753825 -0.449169 -0.163702 0.395659 -0.940965 -0.877842 3.54695 -0.915912 -2.51908 -2.7134 -1.77005 2.4648 0.513005 -0.923066 2.4801 1.48228 -1.72357 1.47801 -0.696281 3.17523 -0.791565 -2.26473 -2.61463 -1.21038 2.52017 0.920765 0.675013 3.33172 0.914366 -2.55616 1.35279 -1.24555 
0.433523 1.38952 -0.493314 -1.2187 -1.73199 0.622923 0.412376 -1.07531 0.615685 0.420352 -0.31531 1.22413 -1.04477 2.83273 -1.55253 -2.64591 -1.2779 -0.134416 2.69199 -0.0221864 0.146218 2.33177 0.535816 -3.14059 2.23901 -0.310785 3.60048 -2.11628 -2.76254 -1.84405 0.276529 2.42745 -0.116105 0.0728978 1.81459 0.188815 -2.58441 0.750139 -0.184886 
1.01618 0.594731 -0.897472 -1.20477 -1.13367 0.918058 0.333267 -0.662699 1.12697 0.173055 -1.3322 0.808733 -1.11476 2.25562 -2.31976 -1.92572 -0.1021 2.19001 0.977388 -0.651423 1.02605 -0.215906 -1.22506 -1.71271 -0.530837 0.452307 2.55114 -1.94674 -2.43182 -0.748402 1.18227 2.3462 -0.398468 0.371056 0.637395 -0.450587 -1.84905 1.68873 0.451617 
1.35155 -0.0768083 -1.36741 -1.25858 -0.558843 1.09037 0.173627 -0.479832 0.479319 -0.35038 -1.2561 0.812427 -0.689763 1.27704 -1.42357 -1.26653 0.137233 1.93684 0.634886 -0.464027 0.384446 -1.52761 -1.13823 0.681068 -0.106649 0.91749 1.79021 -1.74785 -1.59417 0.0899861 1.93036 0.295134 -0.994514 1.11085 -0.295301 -1.00311 -0.899708 -0.0865622 0.63226 
1.52988 -0.302405 -1.46915 -1.13906 -0.0956296 1.22493 0.165665 -0.435013 0.108898 -0.543064 -0.953514 0.728041 -0.398909 0.626624 -0.351832 -0.638314 0.243014 0.754247 -0.561548 -0.56896 0.565783 -0.136725 -0.120187 0.514147 0.421474 0.395824 0.886692 -0.902294 -1.10158 0.483022 1.56411 0.00853556 -1.22622 0.839521 -0.45232 -0.459573 0.550204 0.744775 1.22298 
1.59652 -0.293251 -1.65088 -1.14621 -0.151928 0.836322 -0.033813 -0.148197 0.396178 -0.42621 -0.969428 1.14384 -0.378566 0.147642 0.0465652 -0.504559 0.604485 0.448393 -0.625809 -1.04176 0.818188 0.98023 0.523735 0.0462228 1.04705 0.720128 0.202937 -0.260919 -0.594364 0.477933 0.90382 -0.607765 -1.12768 0.254996 0.671276 -0.485142 0.108871 -0.293762 0.382208 
1.57693 -0.265814 -1.69125 -0.867229 0.148057 0.940757 -0.221277 0.0413085 0.776556 -0.213906 -0.924765 1.54761 0.16385 -0.304977 -0.0431986 -0.316291 0.490925 0.623164 -0.304077 -0.815443 -0.201597 0.982904 -0.528682 -0.37306 -0.792476 0.118116 -0.257248 0.0990915 -0.481245 0.340616 0.872903 -0.603517 -0.763503 0.140444 1.4172 -0.671788 0.471846 -0.04087 -0.181525 
1.45656 -0.313672 -1.78661 -0.924475 0.18503 0.702986 -0.334833 -0.25645 1.06563 -0.758961 -1.17179 0.527981 -0.282788 -0.568367 0.109596 -0.267955 -0.0804522 0.881827 -0.233787 0.105919 -0.618315 0.791094 -1.42354 0.576988 -1.09871 -0.95961 -0.426604 0.100408 -0.189479 0.597822 0.678844 -0.193302 -0.368738 0.020415 0.814376 -0.938842 -0.233359 -0.635285 -1.22346 
1.32815 -0.18919 -1.80481 -0.897556 0.623058 0.840375 -0.172494 -0.305822 1.31708 -1.10947 -0.603453 0.692783 -0.576365 -0.388952 0.201374 0.0134447 0.426279 0.410857 0.0266908 0.365849 0.229299 0.0407575 -0.730157 0.0595792 -0.00978062 -1.75013 -0.642127 0.348911 0.140751 0.183707 0.25573 -0.21282 -0.258331 -0.393809 0.471374 -1.94777 -0.072151 -1.69995 -1.63481 
1.2819 -0.178756 -1.77107 -0.731258 0.408684 0.724721 -0.187365 -0.117699 1.10179 -1.21843 -1.13568 0.522879 -1.63621 -0.473245 0.429049 0.496691 0.36463 -0.493623 -0.0713017 -0.419521 0.0518519 -0.192846 -1.19174 -0.676344 -1.04794 -1.22217 -0.578221 0.668274 0.857527 0.171104 0.288484 -0.24594 -0.916854 0.402803 0.0031179 -1.28456 0.474757 -0.515633 -0.773746 
1.11867 0.0903284 -1.56757 -0.731535 0.36401 0.816169 -0.323199 -0.268791 1.19621 -1.85924 -0.97299 -0.122426 -1.52025 -0.549566 0.82623 1.36911 -0.161366 0.027341 -0.378785 -1.49057 0.346903 -0.0232701 -0.993473 0.567499 -0.641386 0.719154 -0.589464 0.632022 0.962818 0.217947 -0.157021 -0.396241 -1.2148 0.549179 -0.140934 -0.759096 -0.732855 -1.40043 -1.0127 
1.04089 0.353024 -1.13358 -0.797279 0.427663 0.55636 -0.744705 0.0884656 1.09491 -1.8435 -0.8196 0.0249155 -1.07421 -0.48341 0.543051 1.05536 -0.0281115 0.251828 -0.494112 -1.0722 0.734313 0.0316702 0.174561 -0.300595 -0.720489 -0.128175 -0.867562 1.02032 1.34114 0.274976 -0.050504 -0.466286 -1.28751 -0.211029 0.622535 0.214958 0.0503365 -0.631705 0.912963 
0.904984 0.442253 -1.07403 -0.738771 0.502793 0.59374 -0.721698 0.159452 1.22627 -1.7497 -1.13541 -0.682115 -1.61552 -0.855718 0.740364 0.791943 0.585061 -0.106554 -0.286041 -0.0907017 -0.651186 0.808999 1.28584 -0.50416 -0.15635 0.504134 -1.1456 1.06074 1.28202 0.342556 0.00825891 -0.727357 -1.20403 -0.237614 -0.547855 1.37691 -0.681638 -0.701691 0.28565 
0.673375 0.830268 -0.760887 -0.534016 0.375186 0.431479 -0.77057 -0.277508 1.64747 -1.03502 -1.09423 -0.0945596 -0.678995 -1.37041 1.08544 1.01052 0.55511 -0.241349 -0.541247 -0.406257 -1.07673 -0.697535 1.67997 -0.608315 -0.16562 0.513066 -1.5078 1.12887 0.982204 0.710661 0.0384405 -0.104681 0.214059 -1.04356 -0.654184 1.56349 0.363605 0.00722084 0.86488 
0.324811 1.13866 -0.601049 -0.48872 0.378378 0.349212 -0.867366 -0.450458 0.766157 -0.693334 -1.46745 -0.808825 -1.21337 -1.5824 0.992439 0.791314 0.504632 0.163101 0.134432 0.358958 -0.847289 -1.60674 0.819532 0.983599 0.165411 0.654892 -1.72496 0.87066 1.08864 0.944935 0.152758 -0.496084 0.386392 -1.02254 -1.6153 1.39091 0.244734 0.536904 1.05805 
0.00561255 1.46761 -0.388479 -0.306233 0.466617 0.503726 -0.625719 -0.755894 0.57621 -0.519827 -0.548788 0.0370445 -0.166839 -1.41804 0.252029 0.744071 0.892698 0.472383 -0.165872 0.886782 -0.391592 -1.29224 0.193391 0.929863 0.843533 0.904136 -1.6467 0.507662 0.995462 0.794133 0.642491 0.140236 1.56812 -0.816059 -2.65751 0.192432 0.268531 -1.5342 0.269328 
-0.27504 1.30575 -0.250315 -0.0897426 0.634867 0.28067 -0.522122 -0.667624 -0.0937044 -0.571943 -0.951629 -0.148062 -0.50788 -1.0798 -0.210739 0.813284 0.712658 0.815433 0.0615646 1.57714 -0.324853 -1.67565 -0.557448 -0.630442 -2.10276 -0.291816 -1.45625 0.339413 0.755763 1.21926 0.613442 -0.0392908 0.068077 -0.722461 -1.75952 -0.254183 0.785739 0.358879 0.734727 
-0.454486 1.34078 -0.00599209 0.0133203 0.906185 0.541811 -0.0183743 -0.934802 -0.541373 -0.87067 -0.893023 -1.60127 -0.389045 -0.936924 0.272075 0.474674 0.974452 0.461812 0.10707 -0.798336 -0.646291 -0.876408 -0.531752 0.110278 -0.39042 0.0809413 -0.887925 -0.140944 0.725087 0.795632 0.712967 -0.0318002 1.18656 -0.286072 -1.52017 -0.129007 -0.220677 -1.47519 0.0243364 
-0.676105 1.48557 -0.0231733 0.345301 0.885715 0.340089 -0.816647 -1.03079 -0.674049 -0.906624 -0.887572 -0.450189 -0.440938 -0.358334 -0.000605033 0.356081 0.506923 0.270671 -0.109735 -0.111018 -0.0870711 -0.196137 0.387378 0.333807 0.239923 0.327464 -0.860427 0.0953898 0.230567 0.367866 0.599508 0.449825 -0.339441 -0.768059 -0.569784 0.345408 0.0787795 -0.927913 0.361624 
-0.61649 1.34741 0.166742 0.242114 1.05503 0.499586 -0.0519532 -0.977406 -0.66445 -0.627272 -0.705755 -1.41153 -0.130875 -0.45685 -0.121581 -0.101357 -0.408764 0.451114 0.528319 0.384828 -0.456999 0.183346 0.999501 -0.00915987 -0.78135 0.405489 -0.796036 -0.254306 0.00874274 -0.151855 0.112682 -0.0630495 -0.210418 0.00961948 -0.140669 0.137681 0.775794 0.832374 1.33064 
-0.878813 1.41537 -0.0603001 0.17014 1.13085 0.596999 -0.661974 -1.28545 -0.542044 -0.278237 -0.889351 -1.05737 -0.122244 -0.931563 -0.384301 -0.339843 -0.735692 -0.100807 0.0172131 -0.143568 0.0992885 0.0352906 -0.198903 0.693124 0.811091 1.45404 -0.18191 -1.0535 0.404257 -0.76345 0.37407 -0.465157 0.955546 -0.396712 0.0347008 1.053 1.128 -0.0590336 1.32874 
-1.01534 1.11035 0.0202042 -0.0772713 1.00561 0.516878 -0.09789 -0.913182 -0.631966 -0.752611 -0.320428 -0.776079 1.00118 0.15766 -1.48692 0.754269 -0.754903 0.117718 -1.19154 0.796742 -0.113628 -0.126687 0.419554 1.50392 0.706748 1.37348 -0.01659 -1.39148 0.562084 -0.586374 -0.198658 -1.07012 -0.426441 -0.87138 -0.409995 1.0624 1.27727 -0.151531 0.310584 
-0.827618 0.477993 0.295113 -0.15772 1.19807 0.0475973 -0.350914 -1.34328 -0.618438 -0.0146029 -0.057108 -0.503344 0.94732 0.899069 -1.74166 1.24681 -0.157293 -0.20454 -1.53904 -0.3771 -1.35078 -0.530172 1.63061 0.999895 -1.00249 -1.03583 0.655836 -2.20438 1.25123 -0.372963 0.246931 -1.17808 0.825713 0.629036 -1.3596 0.365712 1.8546 -0.976347 -0.387452 
-0.657809 0.011181 0.601584 -0.141496 0.900844 -0.195439 -0.232489 -1.68019 -0.979576 0.272704 0.233993 -1.55582 0.201847 0.894605 -1.88363 1.26206 0.188142 0.257055 -0.483512 0.224908 1.01434 -1.54596 0.0754928 0.955939 -1.93968 -1.88818 0.854555 -2.19064 1.11057 0.0909452 0.494745 -1.81718 -0.595531 0.247795 -1.57855 1.71146 0.622224 -1.11512 -1.73849 
-0.471931 -0.711343 0.883485 -0.0695565 1.33964 -0.169862 -0.256956 -0.754514 -1.64884 0.0326373 0.473085 -2.0144 -0.513187 0.473771 -1.60785 0.543073 0.299674 0.957562 -1.04308 -0.351842 1.70464 -1.41403 0.673715 -0.176944 -0.405671 -1.28452 0.837569 -1.79531 0.610934 1.21227 0.0653297 -1.4481 0.351808 0.972736 -1.2809 0.288193 0.135766 -0.0389443 -0.971805 
-0.476002 -1.003 0.860106 -0.00413044 1.41626 -0.675237 -0.357499 -0.695721 -1.9213 0.696191 0.139731 -1.86985 -0.790403 0.450832 -0.860623 -0.276446 1.66831 -0.159467 -1.57478 0.213018 0.379377 -0.0290802 0.315335 -0.779128 1.89044 0.592495 0.850122 -1.52799 -0.666719 1.52583 1.06764 -1.09198 0.107453 2.09442 -0.2503 -0.0947193 -0.654744 0.233895 -0.647768 
-0.299602 -1.25093 0.766032 0.671583 1.25892 -0.898936 -0.167512 -0.529734 -1.65963 0.230724 0.0468927 -0.536703 -0.0494322 0.891917 -0.727115 -1.61415 2.03611 0.669894 -0.509782 0.488789 1.29802 1.11721 -0.797687 -0.696244 0.700962 0.421911 0.371629 -1.0658 -1.52792 1.31374 0.73232 -0.626008 0.0580103 1.22992 0.784018 -0.351998 -0.666822 0.259998 -0.561761 
-0.121426 -1.45779 0.128948 0.899263 1.77816 -0.905012 -0.163356 0.0556592 -1.16157 0.194252 -0.240775 -1.32034 -0.45897 0.142949 -0.76672 -2.18094 0.34326 1.27511 0.683268 -0.136972 1.38324 1.01509 -0.785201 -0.110102 -1.56219 -1.34016 0.090374 -0.47691 -1.62475 0.877413 0.388105 0.282374 0.823019 0.229112 1.40327 -0.326492 0.0156405 -0.235048 0.577536 
-0.254485 -1.73089 -0.225156 0.828176 1.94381 -0.569382 -0.210944 0.270497 -0.968537 -0.263361 -0.0105261 -1.7532 -1.08484 -0.751857 0.00139352 -0.999103 -0.691518 -0.07964 0.907511 0.529544 -0.970966 0.636838 0.362112 0.713498 -0.997824 0.353082 0.0582239 1.17422 -1.30287 -1.85916 -1.14629 -0.165747 -0.125127 0.123937 0.758206 -0.12121 0.297586 -0.706327 0.190644 
-0.446025 -1.44989 -0.320042 0.599365 1.74005 -0.470328 0.0462595 -0.493623 -0.724732 0.421759 0.155782 -2.09644 -0.180928 -0.0547531 2.56895 0.0858198 -3.18185 -3.02687 -0.921547 -0.0125579 -1.20705 -0.0610935 0.625614 0.501852 0.670228 1.59808 1.21325 2.26164 -0.600191 -4.28352 -3.90562 1.65651 0.658215 -1.6197 1.6504 -0.497635 -0.27822 2.22558 -0.826158 
-0.291055 -0.0922519 -0.17641 -0.570327 0.332819 -0.992203 -0.207142 -0.414115 -1.00084 0.129873 0.269369 -1.22767 0.158946 2.70334 3.46573 0.0351166 -5.85301 -5.88379 1.44049 0.285794 -1.35392 1.42371 -1.02778 -1.08657 3.80809 -1.45411 1.64411 2.0167 -0.435531 -4.27586 -4.35182 1.91514 -0.148586 -1.82658 1.59923 -1.08967 -0.760025 2.54188 -0.255575 
0.656995 0.758314 -0.294558 -1.97752 -1.39562 0.214232 0.163334 -1.26243 0.241027 -0.224893 -0.439873 0.877653 -1.30473 2.7013 0.523155 -0.784746 -3.35097 -3.61761 3.63663 -0.165867 -1.41459 2.05818 -2.08724 -1.51488 2.53945 -1.93653 2.07739 1.87852 0.111275 -3.7869 -4.14038 2.04201 0.325884 -0.276402 1.84832 -1.46585 -1.27445 3.18683 -0.883651 
0.811122 0.247036 -0.527059 -2.04344 -1.59344 0.721954 -0.261545 -1.2177 0.391398 -1.18312 -0.562375 0.756464 -1.33906 0.642172 -0.585193 0.146171 0.0676301 -0.437971 1.45465 0.120201 0.955865 0.882316 -0.939589 -0.609747 0.215983 0.276243 1.85371 0.499055 0.212873 -2.00219 -2.55009 3.63104 0.737037 0.0418272 1.92105 -0.863811 -1.17784 1.3138 -1.59383 
0.908382 0.393656 -0.218125 -1.94252 -1.62497 0.905428 0.217539 -0.707184 0.842868 -0.816079 -0.7727 1.04872 -1.08629 0.283381 0.245367 1.12958 0.293741 -0.276823 1.51379 1.07829 1.47301 0.33805 0.929271 -0.0531113 -0.880519 -0.190486 0.527851 -0.637986 0.17105 0.302213 -0.200253 1.73717 1.03377 1.49103 -0.599616 -0.616848 0.219793 -0.941725 -0.350795 
0.914263 0.409893 0.000537214 -1.90869 -1.73679 1.44088 0.156408 -0.366012 0.627393 -0.598899 -0.58838 0.0718984 -1.48267 0.203627 -0.387143 0.131339 0.3977 0.13019 1.00784 1.15772 1.1813 -1.61238 0.113649 0.898167 -1.40519 -0.741953 0.0924778 0.315722 0.68171 0.308214 0.106808 1.52124 1.63937 1.73579 0.0585923 1.35631 0.349007 -0.00968582 -1.03773 
0.97857 0.154785 -0.148497 -1.76191 -1.5511 1.38715 0.665648 -0.0227146 -0.232182 -0.744841 -0.274352 -0.0452642 -1.65767 -0.139927 0.242464 -0.030041 0.180762 0.437722 0.642234 0.945564 1.01524 -0.25176 0.897575 0.513161 0.868231 -1.19331 0.083499 0.126884 0.241967 0.82023 0.485102 0.968375 1.59519 1.20155 -1.05229 0.291449 1.1369 -1.28193 -0.47464 
0.842502 0.570905 -0.00387158 -1.82378 -1.4988 1.75119 0.52397 0.223269 0.466927 -0.0346178 -0.302251 0.751934 -2.40417 -0.0746573 0.585855 0.26033 0.859482 0.608113 0.363518 0.811723 0.540628 0.320878 0.281556 0.608408 -0.213603 0.110726 -0.102987 0.380776 0.475253 0.618222 0.260819 0.928312 1.73915 1.26387 -1.15198 -0.427207 0.732141 -0.0325046 -0.593657 
0.933776 0.533896 -0.0196909 -1.37758 -1.22218 1.5668 0.982395 0.294501 -0.00773038 -0.567999 0.0642785 -0.209415 -1.56762 -0.0319433 0.344967 0.797239 0.767625 -0.0417504 0.672261 1.2012 0.796083 -1.16338 -1.46855 0.455788 -0.909333 0.403018 -0.263338 0.756946 0.812121 0.863785 0.153738 1.27789 1.15693 1.18169 -0.109476 -0.427979 0.165766 -0.150389 0.0112221 
0.815357 0.797021 0.371255 -1.47998 -1.51669 2.07559 0.988586 0.68692 -0.306313 -0.958492 -0.0477462 0.0448838 -2.08739 -0.355891 0.57751 1.04914 0.464278 -0.375583 1.44713 0.617895 1.15281 -0.443038 -0.853573 -0.391749 0.0236434 -0.0926041 -0.176642 0.418787 0.760479 0.884052 0.130489 0.48248 1.3961 0.826467 -0.91178 -1.19859 0.573919 -0.250475 0.977004 
0.772783 0.907707 0.471 -1.1676 -1.41823 2.25446 1.22555 0.962642 -0.29677 -1.10509 -0.148387 -0.188436 -1.6353 -0.258748 0.30066 0.429098 0.587117 0.238794 0.00947453 0.523014 0.387825 0.0461497 -0.139497 0.303002 0.592991 0.905861 -0.624621 0.769241 1.0493 -0.206192 -0.875293 1.4936 -0.324354 1.09296 0.046752 -0.286194 -0.248572 1.41336 -0.301032 
0.694501 0.994996 0.577487 -1.21581 -1.38486 2.08925 1.19572 0.916543 -0.266529 -1.04647 0.122542 0.510142 -1.38056 -0.65748 0.604679 0.642126 -0.776108 -0.962538 0.669669 -1.01282 0.413349 0.514643 0.472176 0.0580615 1.76101 -0.306598 -0.502007 0.388826 0.518716 -0.115581 -0.456092 0.366268 0.180825 0.493751 0.338086 0.0962398 0.361484 0.358321 0.6683 
0.487178 1.29877 0.774964 -1.50482 -1.92753 2.57764 0.849599 1.2069 0.0579271 -0.808356 -0.113112 1.18826 -1.86897 -0.556823 0.299097 0.408063 -0.760437 -0.937072 0.507324 -0.295693 0.318833 0.386786 0.272257 0.17362 -0.140582 -0.00956186 -0.526692 0.262334 0.264239 -0.120507 -0.358881 -0.415066 0.0174787 0.550327 0.833907 -0.0734995 0.55877 0.366481 0.773583 
0.450486 1.19198 0.774069 -1.54611 -1.88057 2.33632 1.09203 1.10662 0.00222476 -0.875475 0.221513 0.402971 -1.38382 -0.197912 -0.198586 -0.214606 0.595258 0.412636 -1.2618 1.03894 0.374463 0.533242 -0.567619 0.680607 -1.29829 1.34361 -0.783347 0.390248 0.674501 0.0683552 -0.707814 -0.408581 -0.150931 0.705211 0.988259 0.447279 0.473937 0.452581 1.35197 
0.391459 1.17966 0.685882 -1.23706 -1.70293 1.9953 1.25261 1.42886 0.425126 -1.1656 0.265315 0.177691 -0.82258 -0.712605 0.302836 0.679872 0.868286 -0.14542 -1.09025 0.11438 0.691145 0.852537 0.332451 0.452369 0.712017 1.81958 -0.347154 -0.0215281 -0.0117994 0.820399 0.626929 -2.14541 0.816831 0.0345818 0.456812 -0.0391577 1.04087 -0.776245 2.10562 
0.142105 1.39133 1.09535 -1.1579 -1.95379 1.83441 1.14403 1.51011 0.584049 -0.666623 0.474133 0.961108 0.0317915 -0.367849 0.170073 0.197776 0.662182 0.542144 -1.78616 -0.0282306 -0.326439 0.0469454 0.518346 0.698417 0.318042 1.47365 -0.748032 0.279165 0.364538 0.969737 0.630982 -1.32016 0.361389 -0.056009 0.566729 0.114469 0.543637 -0.278229 1.34343 
0.225524 1.2947 0.78599 -0.93977 -1.40921 1.16713 1.25046 1.24904 0.465445 -0.839826 0.653559 0.428397 0.324689 -0.499852 0.129025 -0.090896 0.617437 1.10639 -0.786457 0.335348 -0.773066 -0.136024 -0.175184 0.2662 -1.06341 -0.0209875 -0.681142 0.176216 0.058498 0.494958 0.686497 -1.49478 0.619376 -0.259669 0.326719 0.722446 0.624023 -0.271849 0.812372 
-0.0783711 1.4803 1.06302 -0.880359 -1.35895 1.47492 1.27991 1.07427 0.501379 -0.777043 0.624136 0.133831 0.0196672 -0.736702 0.104169 -0.101445 0.0977823 0.503557 -0.338387 0.795729 -0.0476122 0.371892 0.456306 0.126924 -0.661373 -0.384803 -0.673632 0.224979 -0.456522 0.398094 0.773618 -1.27697 0.912658 -0.513908 -0.187117 -0.450334 0.466833 -0.476326 0.128707 
-0.0928135 1.36787 0.748823 -0.891469 -1.13608 1.01771 1.56114 1.22906 0.724188 -0.553077 0.726791 -0.0851623 0.0303531 -0.592584 0.219875 -0.64182 -0.00554196 0.0722922 -1.02895 0.793395 0.0343312 -0.0824303 -0.426889 0.350352 0.461873 0.196126 -1.23767 0.864765 0.30514 -0.153199 -0.152719 -0.131585 -0.456767 -0.904154 -0.418702 0.261858 -0.0542056 0.467139 -0.521425 
-0.337162 1.62696 0.777946 -0.877638 -1.31598 1.00174 1.5897 1.10126 0.454733 -1.04577 0.820523 0.496773 0.175958 -1.26564 1.22427 0.594806 -0.328606 -0.738784 0.148594 -1.35375 -1.25089 -0.877573 -0.100884 -0.202444 1.25119 -0.308953 -1.25455 0.339783 0.109163 0.483416 0.0535603 -0.701236 -0.188492 -0.632449 -1.22606 -1.18474 -0.962407 0.762125 0.00978721 
-0.6297 2.15246 1.03108 -1.03127 -1.52597 1.09659 1.05575 0.519312 0.143061 -0.616767 0.618473 0.893708 -0.205146 -1.43698 0.304795 0.819708 0.747862 0.00733219 0.0306643 -1.02097 -0.943102 -1.42459 -1.16255 -1.63219 0.500435 -0.179923 -1.43023 0.300509 0.50652 1.04613 0.442464 -0.235663 -0.761442 -0.925365 -0.748564 -0.265639 -1.05113 0.0893279 -0.341254 
-0.944842 1.82757 1.16338 -0.542555 -1.30768 1.02534 1.21065 0.567954 -0.494089 -1.77719 -0.0758867 0.889807 0.0405479 -1.04733 -0.75973 0.222724 1.93111 1.41201 -0.486103 0.420451 -0.0780375 -0.037224 -0.252878 -1.19724 -1.13845 -0.144006 -1.23347 0.204787 0.497593 0.853464 1.25718 0.294355 -0.573531 -0.403675 -0.596432 0.72746 -0.986427 -0.970478 -0.665928 
-1.07638 1.67695 1.14263 -0.174196 -0.76802 0.87792 1.22394 0.481886 0.126802 -0.776053 -0.0381888 0.00787112 -0.312696 -0.558591 0.0131896 -0.0165491 0.560121 1.90942 0.38407 0.31913 0.362486 0.698476 2.14394 0.318447 -1.72595 -0.70696 -0.866702 -0.364597 0.131811 1.55836 1.57714 -0.538019 0.8418 0.41932 0.210343 0.797457 -0.120285 -1.56816 -0.279343 
-1.18959 1.84296 1.16516 -0.290293 -0.284269 1.21463 1.34038 0.783052 -0.0158219 -0.429014 0.102915 -0.454475 -0.503686 -0.356563 0.205963 -0.00837874 0.454392 0.993113 -0.280533 0.621014 0.677932 0.311725 1.32838 1.03395 -0.841789 -0.22621 -0.76108 -0.180229 0.185739 0.684673 1.26997 0.240944 0.0707084 0.962794 1.95018 3.20549 0.686064 -1.03098 0.140281 
-1.23766 1.81478 1.14816 0.0314231 -0.233627 0.755622 1.46829 0.877809 0.345101 0.0591782 0.535007 -0.646473 -0.484012 -0.674916 -0.284681 0.317704 0.489845 0.0268651 -0.0451401 -0.227443 1.01697 1.73388 2.16899 0.589301 0.424036 0.897568 -0.68589 -0.250896 -0.209334 0.262544 0.793237 0.160299 0.277016 0.423531 0.982058 1.79446 1.27216 -0.0459499 -0.2306 
-1.4824 1.66917 1.32029 -0.0690338 -0.265544 1.20268 1.2626 1.37332 1.15842 0.934914 0.431013 -0.121058 0.196714 -0.755647 -0.585648 -0.326429 -0.049701 0.21551 0.505004 -0.275212 -0.0719968 0.919906 1.08752 0.652271 0.783709 -0.0788613 -0.628413 -0.559296 -0.152034 0.599484 0.27903 -0.146223 0.559844 0.239122 0.875765 1.82423 0.915681 0.307614 0.151643 
-1.56382 1.44983 1.00778 0.0146624 -0.114226 1.0016 1.37237 0.843846 0.97221 0.742924 0.897815 -0.0323918 -0.541029 -0.344572 -0.567178 -0.560274 0.429899 0.396902 -0.165429 0.921614 -0.675554 -0.634076 0.286931 0.623437 -0.0356567 -0.691775 -0.643957 -0.494051 0.0388479 0.47371 0.491883 0.329671 -0.319391 0.464263 0.420954 0.955744 0.415509 1.03706 0.697219 
-1.63871 1.31595 1.07262 0.125781 -0.0493368 1.13435 1.62107 0.993381 0.740971 1.11514 0.777927 -0.146353 -0.335741 -0.288917 -0.166319 0.391129 0.777185 0.533144 -0.0401463 -0.1136 0.736357 -0.384192 0.200786 -0.10389 0.525765 1.01381 -0.486548 -0.438528 -0.0585404 0.961517 0.826172 0.46575 0.776509 -0.344883 -0.227129 -0.191446 0.36802 -0.314702 -0.0642234 
-1.69714 1.35121 1.19659 0.362682 0.174691 0.992002 1.33781 1.27326 0.722725 0.868966 0.84382 0.380407 0.249541 -0.44606 -0.0997795 0.468204 1.04326 0.86199 0.82342 0.0394303 0.179271 0.365997 -0.540946 -0.138134 -0.361787 0.609065 -0.339661 -0.188934 0.131252 0.719949 0.545323 0.20415 0.732204 0.600255 0.242941 -0.0995111 0.301196 0.509722 0.869182 
-1.83696 1.25959 1.2968 0.591177 0.415078 1.52961 1.64461 1.10345 0.995751 0.774673 0.705057 -0.426137 0.140867 -0.264755 -0.1185 -0.177683 0.326705 0.297078 0.326854 1.02007 0.123071 0.699124 -0.3312 0.500435 0.117824 0.150965 -0.483127 -0.320949 0.0594667 0.85667 1.0352 0.166484 0.296515 0.625831 0.395903 -0.410604 0.0784792 0.13973 0.820405 
-1.82048 1.28297 1.12445 0.511972 0.337623 1.15446 1.73366 1.35112 1.20143 0.66042 1.12293 0.474878 0.3708 -0.339053 -0.38716 -0.370313 0.269628 0.715955 -0.59017 0.33039 0.716845 0.138647 -0.0077131 0.238853 0.538172 0.490521 -0.443127 -0.323873 0.142058 0.44381 0.68816 0.478686 0.76294 -0.0697058 0.0792213 -0.349742 0.1207 -0.988208 0.373371 
-1.991 1.02071 1.13628 0.715288 0.801557 1.26215 1.77861 1.52168 1.09771 0.769582 0.839986 -0.00365604 0.52552 -0.455829 -0.372916 0.408524 0.355072 0.751162 0.349497 -0.0757405 -0.224639 -0.587248 -0.135633 -0.343635 -1.36573 0.351164 -0.320685 -0.449255 -0.476364 -0.187477 0.259636 -0.162964 0.503192 0.43198 0.131836 0.268016 0.361242 0.320779 0.054949 
-2.02277 1.05313 1.32124 0.673777 0.742891 1.32753 1.71348 1.22966 0.815452 0.574875 0.93679 -0.588312 0.647354 -0.184008 -0.296222 -0.394343 -0.55285 -0.321788 0.355842 0.294001 -0.0987915 0.0384851 0.371414 0.237448 -0.13317 -0.413959 -0.498477 -0.548695 -0.0960712 0.582575 0.857696 -0.180949 -0.278771 -0.443715 -0.533591 0.273656 -0.289386 -0.658958 0.437268 
-2.08097 0.839588 0.964738 0.476564 0.634213 1.4382 1.8988 1.47236 1.13234 1.00294 0.97414 -0.105043 0.208567 -0.354046 -0.462712 -0.561009 0.538825 0.555847 -0.609352 -0.263037 -0.41341 -0.0609252 0.506917 -0.0442645 0.533582 0.236363 -0.132101 -0.209405 -0.283324 -0.0708131 0.0605665 -0.27226 -0.286627 -0.331867 0.329748 0.65547 0.802339 0.294037 -0.0161855 
-2.183 0.766267 1.07324 0.916644 1.04392 1.05108 1.62218 0.999983 0.783262 0.893456 0.915662 -0.169413 0.834856 -0.0348279 -0.0199392 -0.0595693 0.447964 0.412107 -0.745291 -0.642456 -0.378822 0.38411 0.513193 0.824741 0.504404 0.395451 -0.182567 -0.393202 -0.464544 0.0895071 0.403374 -0.253898 0.213618 0.352669 0.608886 0.626158 0.708703 0.958706 0.451249 
-2.10931 0.833941 0.946782 0.679347 0.858534 1.09801 1.66346 1.26251 1.3993 1.32547 1.43202 0.291088 0.519475 0.0537975 -0.13485 -0.184621 -0.398643 0.0577118 0.245963 0.530751 0.9177 0.829724 0.338283 0.982083 0.676957 0.36985 -0.102504 -0.0348509 0.145312 0.423366 0.659747 -0.283978 -0.0960322 0.223635 0.39583 -0.0104609 0.130195 -0.0934157 0.638778 
-2.17472 0.687636 0.997911 0.745948 1.07911 1.17561 1.83226 1.53335 1.34975 1.10598 1.46026 0.361365 1.12591 -0.136263 -0.0289715 0.295648 0.202563 0.592765 0.33921 0.528763 0.698025 0.120443 -0.523885 -0.65533 -0.622421 0.461392 0.0640016 -0.135673 -0.242537 -0.539889 -0.0533721 0.131989 0.567504 0.500548 0.65169 1.01657 1.05255 0.136974 0.0975454 
-2.17956 0.822556 1.09179 0.773873 1.17927 1.26626 1.87278 1.66996 1.48902 0.995733 1.07406 -0.192076 0.881533 0.0437188 -0.0684241 -0.203635 -0.423284 -0.141303 -0.0616711 0.172855 -0.201292 -0.00783671 1.0318 0.412446 -0.504052 -0.236359 -0.253895 -0.313542 0.181188 0.399383 0.73051 0.209237 0.348772 0.246526 -0.432251 -0.726758 -0.919704 -0.266735 0.110193 
-2.1706 0.651194 0.913862 0.564381 1.00809 1.15592 1.90645 1.42527 1.35325 1.75468 1.69088 -0.0294318 0.946718 -0.279051 -0.446628 -0.00181721 0.411302 0.520115 -0.0452818 -0.0945764 -0.345987 -0.642928 -0.44982 -0.569793 0.285547 -0.310997 -0.0911915 0.0162587 -0.124972 -0.236082 0.0363257 -0.236174 0.103129 0.53608 -0.134779 0.707982 0.068455 0.299524 0.437887 
-2.3088 0.545905 1.10033 0.960483 1.46123 1.25425 1.84544 1.47893 1.06562 0.712583 0.763257 0.0332738 0.644448 -0.19656 0.0977644 0.00462787 0.065764 0.194621 -0.276563 -0.0412356 0.968668 -0.145704 -0.076596 -0.325041 0.882215 0.824713 -0.111053 -0.302693 -0.144463 0.199967 0.170862 -0.310243 -0.275407 0.285819 -0.141965 0.476299 0.923762 0.389712 0.302104 
-2.26576 0.720303 0.925358 0.598558 1.11634 1.03549 1.89937 1.98785 1.26407 1.70626 1.51498 0.661516 1.5906 0.094169 -0.0123614 -0.228565 -0.102268 -0.261449 -0.398077 -0.240058 0.754387 0.480474 1.09354 1.79326 0.2065 0.717879 -0.151135 -0.104642 0.0638333 0.482838 0.539754 0.14622 0.057811 0.0772208 -0.103896 0.022131 -0.408788 0.485031 -0.0991478 
-2.28384 0.545071 1.00484 0.920533 1.32609 1.07685 1.76287 1.91868 1.39735 1.40012 1.75499 0.196941 1.20546 -0.052982 -0.253529 0.100292 0.675673 0.6271 0.481052 0.117036 -0.859482 0.0304664 0.109721 -0.221455 -0.269805 -0.9541 0.103332 -0.0354194 -0.0896859 0.171923 -0.362694 -0.279542 -0.639749 0.0830156 0.563056 1.40648 1.03318 -0.34456 0.361745 
-2.3016 0.566296 0.980743 0.901795 1.4554 1.27024 1.95237 1.50248 1.29331 1.77503 1.39619 0.453508 0.854664 0.0667944 -0.0374198 0.0863592 0.368433 -0.294272 -0.00170855 -0.543349 -0.63689 0.231485 0.800747 -0.424455 -0.641646 -0.231287 -0.0756961 -0.0713086 0.272396 0.767789 0.38379 0.599014 0.488354 -0.161058 0.279453 -0.548317 -0.618932 -1.14697 -1.12921 
-2.27019 0.52832 1.05384 1.08823 1.17343 1.08527 1.56516 1.5609 1.56171 1.9035 1.5243 -0.301225 1.03021 -0.0748623 0.1488 0.340359 0.501347 -0.0434319 0.366077 0.489078 0.626879 0.32975 -0.843526 -0.604166 -1.17858 -0.551958 -0.0495288 0.00693385 0.097463 0.125752 0.163276 0.37353 0.203898 -0.443805 0.208699 0.266812 -0.26628 0.242119 0.00709532 
-2.34648 0.667819 1.14626 1.12813 1.43661 1.45108 2.14662 1.86913 1.52373 1.24426 1.06643 -0.463642 0.430665 -0.152426 0.0524833 0.0726955 -0.172846 0.54136 0.528814 0.799089 -0.00128783 0.0409771 -0.438665 0.0672463 0.947322 0.243893 -0.0344636 -0.0141953 0.144647 0.3327 -0.182509 -0.0650002 -0.0446819 -0.303504 0.825553 0.145587 0.117403 -0.255336 -0.20844 
-2.34712 0.56867 1.09656 1.01715 1.46673 1.34241 1.87711 1.56747 1.59802 1.62737 1.56463 0.440528 1.22355 0.0135344 -0.166086 -0.105351 0.0105852 -0.237265 -0.461368 -0.539521 -1.06381 0.707775 1.04263 0.756587 0.856099 0.276504 -0.1464 -0.174041 -0.0275211 -0.136293 0.195571 -0.0483618 0.313286 -0.133061 0.0452154 -0.00655701 0.304782 0.106865 0.186902 
-2.35483 0.569349 1.10731 1.13796 1.31437 1.24401 1.95036 1.26663 2.00824 1.89978 1.48674 0.206927 0.649305 -0.0894792 -0.314499 -0.114832 -0.0321344 -0.244979 -0.60049 -0.408612 -0.191157 0.0287223 0.433221 0.334061 -0.812437 0.00902231 -0.0551885 -0.274165 0.0573405 -0.106035 0.0540547 0.0446819 -0.603327 -0.302499 -0.401297 0.571211 0.215903 0.671411 0.521102 
-2.39803 0.375938 1.05325 1.00813 1.34038 1.07011 1.73054 1.4652 1.62609 1.8996 1.75204 -0.190912 1.23471 -0.108296 -0.249225 0.199819 -0.169313 0.317644 0.521746 -0.199023 0.628321 -1.19187 -0.271304 -0.473333 -0.00833826 0.423066 -0.157522 -0.196768 0.0077002 0.325 0.334247 0.328049 0.309467 -0.28431 -0.135722 -0.529838 0.261633 -0.0407668 -0.487058 