-0.921057 -0.500123 0.272643 0.2066 0.922822 0.472415 1.7587 1.53564 -1.01165 1.20947 1.73731 -1.05692 0.165369 0.8051 -0.620613 0.153263 0.812141 -0.491166 -1.49587 -0.944358 -0.227813 -2.08891 -0.314221 -0.954364 -1.10198 0.237832 1.7319 -1.14565 0.0771935 1.17463 -0.918887 -0.521359 -0.713407 0.262331 -0.849293 0.625197 -0.913713 -0.953395 -0.629635 
-1.03991 -0.514587 0.275446 0.323149 0.442234 0.0957804 1.31566 0.724894 -0.486835 0.961044 0.997939 -1.27174 0.363001 2.03945 -0.680407 0.281272 0.682551 -1.53558 -0.837967 -0.634905 -0.601798 2.45588 0.788386 -2.00446 0.573471 -1.05747 1.22796 0.0471759 0.511397 0.21259 -0.420301 -1.18557 -0.600763 -0.15924 -0.628989 -0.181971 -1.14417 -0.455079 -1.11298 
0.0113091 -0.945807 0.416896 0.654858 -0.150124 -0.0549379 1.32623 1.1051 1.09963 1.69857 0.617659 -0.590289 -0.566491 1.20579 0.692608 0.640507 -0.518933 -0.114916 -0.144989 0.134781 0.00438761 1.23301 0.0666551 -0.691927 0.513766 -1.69921 -0.296123 0.717087 0.839012 -0.19835 0.275258 0.130234 -0.179677 -1.05405 1.9262 0.0677682 -0.885993 0.102792 -0.621114 
-0.492812 -0.0570985 0.600358 -0.00537465 0.362484 0.00441777 1.40477 0.722682 0.577345 1.00365 0.609124 -0.85338 -0.815783 -2.52524 1.78753 1.02323 -0.959652 1.93182 1.02071 0.388393 -0.898935 0.128191 -0.691582 0.732999 -0.440893 0.240489 -0.407994 0.822603 0.450209 -0.39167 0.247511 0.681039 0.129263 -0.892001 1.06987 0.396069 -0.196786 0.769171 -0.26719 
-1.16585 0.231926 0.934277 0.0414014 1.20101 0.587105 1.5872 0.464621 1.21779 1.2721 1.02226 -0.943671 -0.394411 -1.87485 0.577559 0.0578764 -0.0264618 0.471171 1.0911 0.0318144 -1.2738 0.198212 0.48285 0.42106 0.479807 1.3459 -1.87009 1.45722 0.156512 -0.796035 0.767328 1.00826 0.0044857 -0.69437 -0.146329 -0.162605 0.730554 0.276444 0.914932 
-1.3694 0.324711 0.632266 -0.0155064 0.692473 0.69075 1.4241 -0.182674 0.755462 1.30374 0.840029 -0.462471 0.126138 -0.53896 0.463235 -0.782693 -0.146928 -0.826492 0.378905 -0.388647 -0.0883667 -0.334297 0.47072 0.342456 0.797839 0.954895 -1.31594 0.544695 -0.288636 -0.0564844 0.306913 0.557821 -0.370016 -0.660361 0.803106 1.0997 1.01961 1.50459 1.87387 
-1.42507 0.538533 0.543463 -0.0466136 0.623797 0.825353 1.3216 0.396871 0.939939 1.56468 1.20939 -0.295667 0.275202 -0.28157 0.26319 -0.511297 -0.0537561 -0.0293165 -0.31576 -0.532842 0.335046 0.873873 1.03691 1.07405 1.46397 1.10578 -0.524132 0.24589 -0.931782 0.261664 -0.287876 0.14503 -0.102469 -0.397329 0.120237 -0.163075 0.12061 1.82832 1.19132 
-1.50967 0.499728 0.377936 -0.0432844 0.672567 0.491946 1.06079 0.0487514 1.51212 1.94659 1.43452 0.724026 0.900833 -0.320353 -0.0841919 -0.673343 0.508242 0.411237 -0.175657 0.245376 -0.47492 0.487059 -0.692229 -0.152525 1.5642 0.602588 0.127066 0.0731392 -0.519867 0.58561 0.262533 0.532243 0.555832 1.39296 0.995148 -0.310683 0.0146858 0.718237 -0.32726 
-1.58327 0.485041 0.207641 0.288951 0.911885 0.714695 1.48565 0.0559885 1.36539 1.13781 1.12092 0.971861 0.699459 0.489024 -0.151078 -0.302595 0.864648 0.407218 1.05566 1.26983 1.65724 0.456752 -1.46196 -1.0379 -0.536203 -1.53779 0.343314 -0.997084 -0.247527 0.377084 -0.247364 0.53328 -0.551863 0.343231 -0.0796131 -0.691403 -0.983786 1.12265 0.0792148 
-1.29382 0.402238 0.228563 0.522703 0.957845 1.15598 1.91906 1.21442 1.91162 1.04353 0.853069 0.293597 -0.165532 0.882057 -1.45738 0.284008 0.0132544 -0.768112 0.91699 -0.989566 0.968754 -0.603348 -0.257803 -1.26092 -0.113916 -0.502073 0.844344 -1.29675 -0.0426458 0.223065 -0.377454 0.772938 1.53368 1.09734 0.114431 -1.29255 -0.15819 -0.464196 0.178284 
-1.18578 -0.471738 0.35327 0.304496 0.375481 1.29148 0.812841 0.73518 0.857153 0.979697 0.415288 0.882806 0.354395 0.893449 -1.85352 0.232655 -0.556903 -0.951556 0.0178248 0.774714 -0.0869414 -0.311805 -0.317012 0.823065 -0.0637942 1.76809 1.14504 -1.52752 -0.130176 0.248664 -0.125433 -0.00086162 0.475005 1.12005 0.124628 -0.816843 -0.253219 -0.674241 -0.663051 
-0.891064 -0.815126 0.348367 0.169631 0.293195 1.16705 2.44182 1.14767 1.65302 0.848787 1.30782 0.24506 1.07042 0.992997 -0.903815 -0.490402 0.330019 0.586942 -0.915936 1.61848 0.633952 0.762022 -0.8652 0.90812 -0.75747 -0.36985 0.880346 -1.72117 -0.0112036 -0.346339 -0.266095 -1.06179 -0.461689 -0.388068 -0.325732 -0.523553 -0.140016 -0.0261765 0.315977 
-0.737017 -1.06438 0.109449 0.524836 0.786407 0.715075 1.90738 1.17781 1.51804 0.445819 0.917393 0.273506 0.101416 0.548001 -0.806886 -0.253579 0.0744184 0.567689 -1.48714 -1.39833 -0.463126 -0.135824 -0.401569 -1.01151 0.0297393 -1.3574 0.816465 -0.896428 -0.19389 0.16474 0.310415 -1.09715 0.282173 0.235189 0.0870728 -0.8678 0.38362 -1.11051 0.584117 
-0.647955 -1.34401 0.223644 0.224721 0.69066 0.231266 1.49202 0.815124 1.54512 0.601732 0.741051 0.272135 0.12968 0.343805 -0.482226 0.184684 -0.103218 -0.140042 -0.602385 -1.24742 -0.294344 -0.653907 -0.328069 -0.336347 -0.677601 1.13183 0.535087 -0.697613 -0.169785 0.702514 0.752837 -0.786866 -1.73236 -0.402307 -0.329276 0.216503 -0.387205 -0.05383 -1.22043 
-0.588275 -1.3797 0.205128 0.46508 0.689092 0.335939 1.05984 0.964517 0.966516 0.244235 0.726568 -0.271229 0.894256 0.327858 -0.271951 -0.0145621 0.898716 0.516756 0.398851 -0.924388 -0.107267 -0.316577 0.703466 0.464194 -0.099524 -0.244744 0.192918 -0.398069 0.106968 -0.172019 0.334084 0.556921 -0.0688146 0.410135 0.0444073 0.205269 -0.386522 -0.464623 -0.26668 
-0.506583 -1.52101 0.219122 0.812733 1.05252 0.482063 0.863373 0.734019 1.28244 1.0383 0.995974 0.194715 -0.0361721 -0.0284744 -0.133762 -0.0213879 -0.137341 0.62105 1.37648 1.14915 0.883679 0.704582 0.614475 -0.20998 0.0770514 -1.48447 0.272032 0.124972 0.125102 0.277026 -0.104937 0.644185 0.0974135 0.0148238 -0.075918 -0.0502765 0.233439 0.310416 -0.667119 
-0.611579 -1.4658 0.197173 0.383262 1.12386 1.20182 1.83633 1.5836 1.57822 0.62575 0.606104 -0.205907 -0.134982 0.117074 0.464155 0.206129 -0.516083 -0.66839 0.496188 1.04839 0.132312 0.205263 -0.769436 -0.110456 0.500363 -0.632508 0.0800422 -0.0321643 0.00915758 -0.632048 0.40125 0.407075 0.262338 0.458837 0.561933 1.15405 0.701647 1.16834 -0.167071 
-0.462623 -1.2138 0.325586 0.486053 0.58583 0.7941 1.57159 0.822196 1.46659 0.563667 0.930927 0.60224 -0.472074 0.158897 0.083162 0.0322052 -0.741654 -0.0432523 -0.810059 -0.804607 -0.224823 0.0428205 0.980221 1.24347 1.43226 1.26233 -0.142708 -0.0487675 0.0391876 -0.247365 -0.0731365 0.104545 0.724388 0.291056 0.23834 0.387417 0.232186 0.47186 0.770955 
-0.548291 -1.40921 0.216171 -0.0892541 1.09421 0.692024 1.28886 1.41943 1.62328 1.23353 1.29493 0.954962 0.74874 -0.351553 -0.54041 -0.148497 0.170957 0.562582 -0.349048 -0.086013 0.287043 0.106497 1.30701 0.462375 0.10907 1.63927 0.0475734 0.217664 0.277219 0.448897 0.0384122 -0.846182 -0.421372 -0.590212 -0.102107 0.847163 1.12995 0.884858 0.316596 
-0.635234 -1.56739 0.253708 0.603556 0.979724 0.574353 1.51108 1.0197 1.56617 1.37362 1.18484 0.693446 0.674157 -0.0816635 0.252267 0.396499 1.36281 0.0981891 -0.360435 0.234907 -0.613797 -0.189392 0.191306 0.411837 -0.289218 -0.850824 -0.0683005 0.27816 0.0632682 -0.0297816 0.209232 0.223822 -0.822507 0.145493 -0.446536 -0.220637 -0.0319813 -0.118739 1.38994 
-0.596176 -1.24138 0.418372 0.798806 1.16345 0.465112 1.44581 0.980419 1.4695 1.35326 1.5207 0.724194 0.160795 0.238965 0.969315 0.243669 -0.214116 -0.261489 0.661496 -1.02008 -0.0754744 -0.716761 -1.60789 -0.493977 -0.26272 0.178422 1.12764 2.62472 -0.738913 -1.7983 -2.7786 -0.00959668 -0.441285 -2.27875 -0.712949 -1.20041 -1.48369 -0.601423 -0.616418 
-0.534943 -0.927883 0.379051 0.472102 0.797505 0.990395 0.817593 0.961063 0.960828 0.380274 0.906242 0.484099 0.803012 1.92822 3.80248 -1.55187 -3.86036 -4.10265 0.349383 -0.831234 -2.63515 -0.779535 -1.84322 -2.55105 -0.488083 0.0399948 2.16666 2.12996 -1.40082 -2.5149 -2.77247 0.415084 -1.11054 -1.89951 -0.729538 -1.88868 -2.73409 -0.177317 -1.20668 
0.28479 1.2618 -0.35926 -1.69001 -1.70416 0.684786 0.880299 -0.886841 0.810408 0.214331 0.0967128 0.332664 0.193245 3.30967 2.32095 -2.4309 -3.27793 -3.73414 -0.0839738 -0.471167 -2.63211 -0.274497 -0.993085 -3.46057 0.0333841 -1.76254 2.37501 1.0403 -1.91492 -2.61007 -2.37347 0.966755 -1.43383 -2.41054 -0.734307 -1.78612 -2.22046 0.344708 -0.971058 
0.984444 0.60073 -0.840646 -1.64016 -1.81247 0.93742 0.496077 -0.90405 0.734179 -0.23272 -1.02418 0.514121 -0.419882 1.96173 -2.19593 -1.4368 0.23623 0.681989 0.992712 -1.0923 -0.801921 -0.218145 -0.616343 -0.657813 0.933228 -1.31544 2.56574 0.469216 -2.13814 -2.13132 -1.53151 0.400238 -1.29726 -2.55369 -0.30874 -0.738961 -1.09297 0.442702 -1.81926 
1.18124 -0.180804 -1.07902 -1.53031 -1.22678 1.30921 0.137867 -1.45878 0.632012 -0.165594 -0.273108 1.09012 -0.71827 0.892724 -1.59682 -0.905762 0.318219 1.52677 0.640921 -1.26974 -1.0093 -0.150256 -0.0225253 1.88862 0.538375 -0.624122 1.55592 -1.81247 -1.24017 0.199441 1.33061 1.02598 -1.15876 -0.482653 -0.472065 -1.55908 -0.234847 0.222242 -1.194 
1.38686 -0.447775 -1.29335 -1.42745 -0.744504 1.34052 -0.366597 -1.62252 0.613914 -0.245281 0.0238757 0.952375 -0.849944 0.586432 -0.605555 -0.499987 0.0387308 1.23504 0.431459 -0.463411 0.116837 -0.426487 -1.53014 0.331688 -0.646314 -0.252081 0.617601 -1.2047 -0.628684 0.0531993 1.29019 0.343068 -0.324516 -0.336353 -0.147246 -1.58517 0.832845 0.635609 -0.639344 
1.44211 -0.57725 -1.32767 -1.49829 -0.362768 1.58053 -0.178393 -1.38153 0.275219 -1.11084 -0.0919653 0.570673 -0.889231 0.118307 -0.26555 -0.077768 -0.246216 0.332018 -0.163208 0.829557 0.533057 -0.0570844 -2.15994 -0.664659 0.282629 -0.216742 0.320528 -0.592818 -0.46474 -0.0806331 0.767643 -0.24277 -0.393349 0.283152 -0.430433 -1.66214 -0.386549 -0.638504 -0.365981 
1.43139 -0.620565 -1.32966 -1.57966 -0.511798 1.23769 0.193327 -1.25118 0.573429 -1.58014 -0.349757 1.18389 -0.996294 -0.0620561 -0.311355 -0.227967 -0.152463 -0.129258 -0.76567 -0.0688169 0.291235 -0.162098 -0.758461 -0.878055 -0.178898 -0.230653 0.0856841 -0.159565 -0.0646116 0.416964 0.422784 -0.716573 -0.0166077 0.591196 -0.249971 -1.67073 -0.699251 -0.076179 0.457725 
1.40328 -0.780171 -1.43951 -1.58989 -0.452544 1.09866 -0.227255 -1.18106 0.144814 -1.57868 -0.584419 0.429087 -1.04527 0.0213571 0.018094 -0.0264154 0.823058 0.276809 -0.827658 -0.858016 0.314735 -0.288551 -0.140507 -0.335692 -0.38129 0.813141 0.0517034 0.0969092 0.0648461 0.652925 0.0859272 -1.0068 -0.0755794 0.393034 0.0957715 -0.559202 -0.670905 0.495408 0.493969 
1.43112 -0.606773 -1.34014 -1.04056 -0.317689 0.716825 -0.390339 -1.03411 0.334746 -1.66569 -0.540218 0.878687 -0.425403 0.146055 0.460196 0.325598 1.05678 0.252666 -0.627426 -0.0384983 0.273689 0.281924 -0.0092763 -0.0811425 0.818755 0.874535 0.00651128 0.120858 -0.0848562 0.867917 0.33043 -0.273791 -0.241076 0.411043 0.34782 0.797902 -0.145475 -0.606507 0.389538 
1.46064 -0.475563 -1.27296 -0.899683 -0.275314 0.703769 -0.255572 -0.992992 0.394609 -1.58305 -0.633144 1.094 -0.43162 -0.0113906 0.167753 -0.109328 0.379626 0.198934 0.450453 0.529403 0.275897 0.747701 1.24411 0.139319 -0.40258 -0.306073 0.0146424 0.416476 0.075408 0.952614 0.648606 -0.124806 0.432876 0.098406 0.744318 0.524831 -0.431752 -0.285835 0.107768 
1.41571 -0.494535 -1.39232 -0.788151 -0.178023 1.00009 -0.0338152 -0.844475 0.983371 -0.894659 -0.466188 0.556277 -0.633966 -0.122768 0.182432 -0.211502 0.263451 0.681578 0.456703 0.611077 -0.129334 0.711017 0.736333 -0.53085 -1.1883 -0.736613 0.0334984 0.199029 -0.0825803 0.455949 0.392413 0.357379 0.752933 0.414217 0.604714 0.94789 0.00974655 -0.812015 -0.628363 
1.39376 -0.353669 -1.37653 -0.722381 0.201772 0.990964 0.156298 -1.08969 1.01182 -1.12614 -0.93227 0.136416 -0.940025 0.0655664 0.138881 -0.0228675 0.251321 0.366128 0.0470949 0.471147 0.319266 0.0572963 0.0663148 -0.11034 -0.646817 -0.520405 -0.0299265 0.0807985 -0.183317 0.743537 0.416866 0.072522 1.00068 0.591637 0.283783 -0.0343807 -0.423566 -0.807047 -0.724546 
1.43587 -0.401289 -1.40102 -0.618691 0.078529 1.02958 0.283231 -0.624199 1.04083 -0.85226 -0.53117 0.0364283 -0.991796 0.0730436 -0.0584846 -0.0777342 0.766616 -0.0812789 -0.353945 0.720754 0.977756 -0.338078 -0.780384 -0.0692591 0.145324 -0.215874 0.0616112 -0.0416287 0.180315 0.792794 0.339295 -0.554788 0.829639 0.547633 -0.950019 -1.52992 -0.336733 -0.432222 -0.650263 
1.41737 -0.390251 -1.41282 -0.219774 0.145539 0.768136 0.642491 -0.404136 0.730732 -1.60755 -0.974379 0.25693 -1.08577 0.0346628 -0.204105 0.300506 0.847106 0.12239 -0.81374 0.631973 0.466342 -1.34538 -2.1726 -0.363703 0.0881307 -0.334765 0.0616419 -0.184844 0.366251 0.844861 -0.274277 -0.724173 0.930794 1.39446 -1.01894 -1.49115 0.264429 0.378283 -0.546442 
1.44174 -0.533661 -1.24709 -0.0640452 0.164682 0.517466 0.709261 -0.300002 -0.102785 -2.19495 -0.737228 0.110707 -1.22034 0.0272359 -0.228033 0.645233 0.40407 -0.314378 -0.647454 0.517629 1.01666 -1.0428 -1.27243 0.467989 0.343202 -0.50328 -0.086504 -0.184007 0.610935 0.806186 -0.577705 -0.976925 0.984138 1.22575 -1.06322 -1.23788 -0.0931191 -0.36266 -0.843151 
1.41981 -0.538362 -1.08553 0.0484412 -0.0736561 0.360645 0.991036 0.308906 -0.153788 -2.39336 -0.717343 0.537407 -1.43167 -0.17707 -0.0811182 0.648437 0.269906 -0.955296 -0.537954 0.677739 1.28725 -0.0951004 0.469014 0.243341 -0.556939 -0.773105 -0.217273 -0.00687473 0.77077 0.924608 -0.996501 -0.667065 0.623903 1.64096 -1.10745 0.298544 0.2183 -0.439514 -1.12343 
1.34976 -0.585131 -0.918194 0.11743 -0.502584 0.178868 1.1663 0.604237 -0.175822 -1.90343 -0.605278 -0.336485 -1.75416 -0.383864 0.21651 0.55288 0.87729 -1.12203 -0.274798 0.310387 1.32962 -0.457234 1.68746 -0.13623 -0.91131 -0.971785 -0.282665 0.19267 0.70077 1.08741 -1.13141 -0.76553 0.552658 1.31043 -0.199204 1.61029 0.386796 -0.0825833 -0.549623 
1.23227 -0.394052 -0.804683 0.622602 -0.857483 0.187613 1.19914 1.24308 -0.536908 -1.34805 -0.796741 -0.196257 -2.10386 -0.286682 0.377927 0.440552 1.23739 -0.675521 -0.520763 0.0550088 0.587213 -0.182188 1.75481 0.333042 0.450004 0.0497834 -0.453537 0.122925 0.64253 1.19097 -1.31454 -1.10451 -0.210794 0.434978 -0.29315 2.53859 0.735934 -0.737579 -0.739418 
1.20713 -0.33464 -0.693839 0.924402 -0.974256 -0.148915 1.20135 1.01384 -0.32343 -0.816453 -0.423382 0.0303299 -1.71489 -0.359803 -0.0274699 0.445317 0.773726 -0.772686 -1.25372 -0.598508 -0.704826 0.0534683 1.81641 1.21949 -0.0419121 -0.00018557 -0.527899 0.47074 0.458779 1.4868 -0.608946 -0.93602 -0.879554 0.133986 -0.447798 2.67738 0.820166 -0.0462901 -0.568205 
1.05584 -0.410232 -0.577931 1.12981 -1.39708 -0.601311 0.791333 0.739753 -0.482731 -0.222967 -0.12126 -0.227104 -2.09939 -0.578802 0.34855 0.271191 0.824194 -0.202404 -0.774239 -1.23738 -0.392069 -0.429774 1.94044 0.872512 -0.510047 -0.797449 -0.598276 0.198204 0.358442 1.24759 -0.196652 -0.939902 -1.26001 -0.771251 -0.878518 1.58088 1.06728 0.0681272 0.357922 
0.9295 -0.103474 -0.554656 1.46423 -1.11517 -0.636173 0.360612 0.731499 -0.683037 0.385361 0.0588966 -0.378955 -2.26567 -0.62097 0.33283 0.110008 0.955871 0.488888 -0.0466668 -1.0926 -0.39222 -1.24529 0.366853 0.344818 0.129702 0.465833 -0.662439 0.264576 0.268468 0.93936 -0.269715 -0.202867 -0.608462 -0.363983 -1.42763 0.464459 0.728142 0.202159 0.517422 
0.758723 -0.189407 -0.519807 1.75477 -1.05471 -0.630813 0.0487 0.457306 -1.54064 0.00535839 0.067194 -0.119219 -1.77038 -0.507081 0.059366 0.143872 0.477639 -0.18668 0.49533 0.417506 -0.123619 -1.5013 -1.29663 0.199441 0.771012 1.47206 -0.668432 0.514101 0.0579166 1.35256 0.355765 0.588495 -1.21081 -0.51504 -1.23969 -0.0685096 0.236451 0.311642 1.29708 
0.685013 -0.0625333 -0.479501 1.78001 -1.24509 -0.324676 0.641308 0.63884 -1.96015 -0.415417 0.166403 0.247362 -1.23588 -0.47473 0.460646 -0.0231788 0.919411 0.023364 0.864523 -0.532709 -0.339095 -0.432769 -0.457965 0.0132919 0.272721 1.2302 -0.750648 0.721923 0.206477 0.614951 -0.0907419 0.305891 -0.111528 -0.680308 -0.655322 -0.385475 0.0751109 0.360045 1.40211 
0.529186 0.115497 -0.528662 2.35616 -1.03779 -0.0870361 -0.31452 0.212395 -1.90281 -0.276586 0.0710507 0.104281 -0.909035 -0.723303 1.05523 0.174552 0.373974 0.0555022 -0.06914 -0.572891 -0.84361 0.609952 0.768444 -0.0755653 -0.30605 0.361576 -0.864132 0.876183 0.701247 -0.683912 0.675299 0.700819 0.0153329 -0.824014 0.182035 0.0716802 -0.177322 -0.639736 1.21059 
0.340601 0.63349 -0.388918 2.02877 -1.2057 -0.368318 0.250859 0.0374489 -1.42948 0.0613507 0.120783 0.00298681 -0.979477 -0.941558 0.892312 1.11291 -1.87038 0.949345 0.109006 0.54696 -0.833268 0.668728 0.560164 -0.255901 -1.09952 0.352524 -1.25367 0.910523 0.566314 -1.95255 1.50648 0.330531 -1.02166 -1.67806 0.169083 -0.0244833 -0.0462782 -0.651623 0.743739 
0.0839093 0.704351 0.0338215 1.1539 -0.373502 -0.0185962 0.0539006 -0.381689 -1.32181 0.0713299 -0.0749814 -0.781534 -0.658931 -1.33111 0.350787 0.70483 -3.08558 2.11497 0.529478 -0.799496 -1.54787 -0.39143 -0.798847 0.023207 -0.536112 0.609528 -1.37494 1.01934 0.258011 -2.10716 1.23542 -0.209858 0.804953 -0.923668 1.06108 0.34752 0.0891911 -1.08535 0.341324 
-0.284702 0.866128 -0.0316572 0.0408626 0.27348 -0.0353354 -0.29315 -1.06156 -1.75625 -0.431478 0.130161 -0.427369 -0.550387 -1.31151 0.681842 -0.71415 -1.05579 0.830515 -0.397605 0.523151 -0.481347 0.75066 -0.0776037 0.400218 -0.303035 0.0913795 -1.4718 0.357805 0.0377953 -1.46222 1.71957 1.31751 1.08614 -0.460034 0.556602 0.168328 -0.216111 -1.37932 0.406226 
-0.532337 1.15476 -0.322522 0.478287 0.207706 -0.268893 0.406187 -0.727112 -0.670651 0.0246943 0.144319 -1.02347 -0.590696 -1.08064 0.201185 -0.649369 1.05445 0.36257 1.29873 2.2456 0.89507 1.13166 1.03432 -0.32213 -1.24627 -0.0805971 -1.24093 0.279895 -0.532507 -0.391738 0.516254 0.285573 0.935708 -0.131761 0.194194 0.0563518 -0.285833 -0.478206 -0.228757 
-0.794255 1.00036 -0.355423 0.729562 0.527544 0.781627 1.22636 -0.434429 -0.778859 0.209769 -0.0527486 -1.43181 -0.601922 -0.722029 -0.250255 -0.119446 0.510306 -0.0869936 0.795636 0.721803 0.297148 -0.498332 0.158666 -0.800365 -0.315064 -0.394337 -0.875228 0.237993 -0.436148 0.636406 -0.22192 -0.427383 -0.0688515 0.429357 0.759347 0.697179 -0.0250393 -1.5016 -0.240024 
-0.876161 0.992029 -0.37979 0.815185 0.147478 0.231543 0.893091 -0.522464 -1.08896 0.124225 -0.304875 -1.27513 -0.860729 -0.353825 0.165656 -0.0340107 -0.173065 -0.682779 -1.8888 -2.34392 -0.278296 -0.118482 -0.0696049 0.300606 -0.694109 -0.237121 -0.39084 -0.305739 0.463518 0.547887 -0.161526 0.0164549 -0.441672 0.664081 -0.338776 0.933129 -0.053293 -0.907447 -0.119328 
-0.967916 1.11122 -0.369725 0.624649 0.0507976 -0.406865 -0.364232 -0.63638 -0.871918 0.168082 0.111087 -1.98989 -0.762464 0.0810697 -0.223066 0.838578 0.248234 -0.146186 -0.770582 -1.31865 0.654685 0.0331419 1.1314 0.737822 -0.857635 0.234743 1.64426 -2.05956 1.4396 0.1578 -0.337123 -0.435236 -1.13877 1.26154 -0.32471 0.641188 1.65733 2.05079 0.8155 
-0.84884 0.847185 0.0447315 0.982649 0.0458674 -0.253415 -0.00272317 -0.0651875 -1.05219 0.825535 0.102406 -1.96541 -0.692652 3.04669 -3.34894 2.27479 0.390235 0.196558 1.28785 0.814929 2.08298 -0.327771 0.957109 2.12035 3.34359 1.30224 1.7619 -2.65917 2.19587 -0.0650583 -0.0913616 0.328348 -0.783425 1.41892 0.38246 0.634716 1.5384 2.15063 1.35742 
0.429937 -1.08984 0.777064 0.883919 0.188803 0.40325 0.185778 0.830107 -1.14418 0.761565 1.28817 0.716085 0.14905 2.80451 -3.88673 2.58117 -0.340351 0.0141148 1.2279 0.264819 1.37465 0.472643 -0.252822 1.51048 3.63612 1.54034 1.82542 -3.02341 1.48973 -0.129686 -0.0100855 0.290572 0.929267 2.70967 0.466109 -0.016457 1.69452 2.60352 0.0500798 
0.437091 -1.70762 1.3456 0.769583 0.0563245 0.51898 0.174504 0.900804 -0.639087 0.670501 0.93991 0.977051 0.384682 -0.0570581 -1.32366 0.0441356 -0.572043 -0.211508 -0.882891 0.421411 1.78885 0.946169 -0.976444 0.354598 0.0200406 -1.23989 1.45879 -2.82229 0.448901 -0.170155 0.102028 0.0082043 0.366743 2.16031 1.14427 -0.85946 1.67728 2.61054 0.274296 
0.393424 -1.95866 0.802061 0.521059 0.0415248 -0.152367 0.469121 2.08876 -0.325617 0.158867 1.48207 0.735321 -0.709854 -0.415478 -0.475111 -1.88482 0.102379 0.132494 -1.21428 0.219328 1.71298 1.05874 -0.928947 0.939441 -0.26341 -1.18425 -0.485447 -0.579096 -0.90848 0.021594 -0.154649 -0.443073 -0.347044 1.1576 2.167 -0.624269 -0.305654 0.286566 -0.779882 
0.234937 -2.01826 0.400525 0.842749 0.149541 -0.24513 0.320904 2.10586 0.275867 0.0971861 1.45946 0.767145 -0.435469 -0.738883 0.427956 -1.46385 0.600184 -0.0117623 0.271074 -0.891722 -0.132542 1.96208 0.118984 -0.783521 0.349983 0.21491 -0.654239 0.417289 -1.93289 0.125757 -0.177114 -1.62225 -0.866756 1.01503 1.54741 -1.38036 -0.566342 -0.461489 0.709073 
0.0418115 -1.67526 0.0686962 0.916065 0.0338911 0.0180386 -0.137386 1.9898 1.36284 0.233849 1.04225 1.02128 -0.555589 -0.656972 1.119 -1.13187 0.070321 -0.388136 -1.03179 -1.38458 -0.260187 1.01538 -0.971095 -1.74683 -0.33309 2.10994 -0.762343 1.22478 -0.973044 0.805607 0.0652264 -0.656014 -2.23343 -1.12799 0.419979 -1.36525 -2.06127 -0.191381 1.1451 
-0.0788206 -1.2803 -0.165889 0.895189 -0.121218 -0.89443 -0.619592 1.9167 1.1537 -0.502203 0.483258 0.500912 1.03855 -0.510659 1.46364 -0.0565148 0.516024 0.105339 -1.17801 -2.10101 -1.47374 -1.40578 -1.9982 -2.19422 -0.597491 1.28201 -0.142105 2.46866 -0.384368 -0.421351 -0.848902 -0.246941 -1.92048 -1.76397 -0.737913 -1.76211 -2.76934 0.290141 1.98416 
-0.204329 -0.710579 0.0430765 1.25666 0.108124 -0.723255 -1.56337 0.94317 0.167507 -1.00096 -0.183052 0.541305 0.341839 0.423481 2.69462 0.52921 -0.656908 -0.835573 0.6918 -1.18968 -2.25393 -2.01792 -1.45535 -2.25889 0.707732 0.486232 0.551311 1.89623 -0.667685 -0.862504 -0.650608 -0.234107 -2.06771 -3.05941 -1.12375 -2.16705 -2.23109 -1.62159 3.21733 
0.106742 0.494124 0.103052 0.477462 -0.704784 -0.459322 -1.42801 0.318805 -0.565782 -1.40118 -0.778056 1.07607 1.38177 1.4131 1.46547 -0.987815 -1.71485 -1.0433 0.855804 -0.670133 -2.88956 -0.116189 -0.986622 -1.03008 -1.49792 2.92973 0.841603 1.24409 -0.371339 -0.253468 -0.325102 1.16202 -1.77296 -2.61327 -0.325654 -0.809013 -1.71321 -1.72014 1.04752 
0.438575 0.255299 -0.450893 0.154954 -0.620666 -0.184963 -2.01972 -1.10385 0.0764122 -1.60995 -0.760152 -0.666571 2.38679 0.954501 -0.77318 -1.11156 0.303313 0.366674 0.920915 -1.18733 -1.47252 1.57039 0.343148 -0.213536 -2.93047 0.882854 1.04787 0.527895 -0.636772 -0.385102 -0.596477 1.31934 -0.450344 -1.68729 0.0661431 -1.06582 -0.337597 -1.41214 2.23319 
0.537711 -0.0125864 -0.453148 0.680536 -0.44785 0.119934 -2.23483 -0.726965 0.787286 -1.18752 -0.900498 -1.28987 2.00122 0.302791 -0.650676 -0.0083233 1.17857 0.183343 0.97494 0.0616921 0.4849 0.196127 -0.479697 0.554779 -0.326869 -0.00730374 0.581607 -0.719945 -0.506557 0.343549 0.373073 1.62531 -0.0063102 -0.663074 0.618977 -1.23885 0.193255 -2.39192 0.988651 
0.568362 -0.170828 -0.452277 0.923898 -0.4919 0.428284 -1.98014 -0.766544 0.252743 -1.90534 -0.454791 -0.927776 2.3863 -0.00243465 -0.340163 0.318415 0.171644 0.170519 1.33388 1.17264 0.529896 -0.746193 -2.04806 0.508934 -0.160237 0.409108 0.0947032 -0.330765 0.233269 0.0944698 -0.24612 1.19676 0.571785 0.508575 0.850743 0.137042 0.1735 -0.190683 -0.84368 
0.526442 -0.234457 -0.290216 0.798483 -0.32805 0.959012 -1.44242 -0.357862 0.15674 -2.45317 -0.620663 -1.41637 2.29073 -0.148351 0.138684 0.368514 -1.04929 -0.538425 0.685919 0.696632 0.244954 0.94009 0.672025 -0.288061 0.0802637 -1.10126 0.103784 0.0640047 0.142252 -0.355521 -0.461299 0.35663 0.857503 0.0633171 0.494438 -0.0432048 0.491687 -0.174918 -0.63757 
0.489658 -0.0777119 -0.26415 0.252488 -0.867728 0.859692 -1.51029 -0.598776 1.0661 -1.48822 -0.61873 -0.859857 1.62394 0.171749 0.438161 -0.100114 -0.66687 -0.835681 -0.837375 -0.032258 -0.435629 1.40273 1.99184 0.219731 -0.0659987 -1.24765 -0.0103178 0.482792 0.300083 -0.584529 -0.474719 -0.437139 0.162428 0.179342 0.628289 1.1598 -0.0847816 -0.428442 -0.783482 
0.595669 0.055656 -0.337761 0.374316 -0.911691 0.432032 -1.46651 -0.670981 1.36624 -1.21955 -0.501859 -1.46669 1.42642 0.130749 0.606415 0.0958338 0.236244 -0.146075 -1.28951 -0.48569 0.0149339 -0.103355 0.930598 0.179803 -0.634065 0.0715615 -0.00205943 0.750025 0.356509 -0.883763 -0.409723 -1.33771 -1.18722 -0.0278783 0.880934 1.64891 0.682274 0.352999 -0.488343 
0.539938 0.323079 -0.213154 0.4122 -0.969261 0.0482469 -1.84165 -0.593536 0.985999 -0.911139 -0.522158 -1.3694 1.67838 -0.175823 0.71986 0.652425 -0.56146 0.244841 -1.01434 -1.56151 0.399718 -0.225868 0.285232 0.78563 0.521856 0.60461 -0.0909521 0.731267 0.449463 -0.482712 0.0785947 -0.733303 -0.84651 -0.0856107 0.85281 1.50904 0.737369 -0.0204808 0.414879 
0.50427 0.531071 -0.00685541 0.0182977 -0.739931 -0.20629 -2.5269 -0.39386 1.18123 -1.04172 -0.0679579 -1.04179 1.85209 -0.280443 0.522622 0.601387 -0.907988 0.258916 0.275459 -0.652494 -0.133256 1.24235 1.1536 0.905546 0.607369 0.468705 -0.330291 0.610023 0.853564 -0.58732 -0.332956 0.46545 -0.478409 -1.00337 0.357458 2.90711 0.114208 -0.158114 0.684504 
0.400189 0.66875 0.0920847 -0.167855 -0.787662 0.221411 -2.28604 -0.693004 2.05818 -0.196096 -0.0214864 -0.875369 2.00939 -0.365948 0.221833 0.674758 -0.255461 -0.725058 1.66167 0.91554 -1.82811 0.697993 3.7268 -0.604993 -0.726381 0.288891 -0.278108 0.315293 0.84008 -0.580984 0.234315 1.16369 -0.51607 -1.44875 -0.0362846 2.29009 0.943692 -0.0456619 0.162881 
0.325006 0.678883 0.335281 -0.139886 -1.24624 0.839016 -1.90871 -1.69088 1.7873 1.26522 -0.408368 -1.62596 2.05787 -0.175842 -0.0363389 0.704776 0.0998595 0.0783224 1.33957 -0.0438343 -1.93089 -1.30031 2.0076 0.479345 -0.6666 -0.25858 -0.227869 0.0281049 0.48032 -0.552584 0.0944401 1.41059 0.126625 -1.41909 -0.0320406 2.37215 0.846095 0.305127 -0.858149 
0.308781 0.646736 0.449318 -0.0963177 -0.732316 1.06407 -2.31797 -2.06265 0.95316 1.04727 0.241873 -1.41121 1.83391 -0.00803899 -0.179306 0.0705662 -0.513254 0.860733 0.295541 -0.752473 -0.193695 -0.750237 -0.452443 1.84819 1.12039 -1.41641 -0.159586 -0.0701504 0.417156 -0.100686 0.234992 0.987145 0.596696 -1.91955 -2.01118 0.885066 -0.185925 0.394509 -0.530465 
0.311146 0.562824 0.373571 -0.464738 -0.643901 1.02482 -2.42085 -1.83306 1.15329 0.986692 0.617178 -0.717208 1.07604 -0.0862853 -0.0729562 -0.0579206 -0.241421 0.259891 0.0307822 0.835469 -0.805307 -1.41637 -0.783807 -0.734444 1.17609 -0.439642 -0.171698 0.0490226 0.326756 -0.254565 0.642519 1.01112 -0.120696 -0.858441 -2.01734 -0.753759 0.526499 1.41684 -1.03733 
0.25876 0.600634 0.422991 -0.245424 -0.550035 1.08329 -1.75404 -2.63698 -0.251237 0.563744 -0.170616 -0.45743 1.53232 -0.273931 0.254154 0.435362 0.158136 0.0647397 1.10805 0.584829 -1.02781 -1.97474 -0.583573 -1.06899 0.710007 0.0541532 -0.235923 0.305709 0.301881 -0.927752 0.40089 0.709678 0.847805 -0.313042 -1.8695 -0.40049 -0.0367528 0.692635 -0.616274 
0.174407 0.731897 0.595316 -0.355523 -0.598052 1.72181 -2.02677 -2.5646 -0.529225 0.627042 0.0184122 -0.140208 1.11835 -0.300896 0.54443 0.525072 -1.04796 0.317387 0.955024 0.291942 0.362336 -1.10958 0.23492 0.695915 -0.281406 -0.370998 -0.257148 0.427026 0.362804 -0.844826 0.190203 0.61797 0.847647 -0.515765 -2.28569 -0.0207844 -0.432345 0.313785 -0.143929 
0.109559 0.960651 0.689851 -0.915973 -0.327558 1.68401 -1.55844 -2.38627 -1.19294 0.710449 0.213331 -0.681884 1.27854 -0.148019 0.404776 0.126762 -1.33243 0.208932 -0.249341 0.542371 0.295461 -1.1115 0.55827 0.456132 -0.304815 -0.245978 -0.319113 0.468996 0.521128 -1.51658 0.231692 0.594772 -0.563741 0.314297 -0.690285 0.598216 0.496404 0.34227 -1.00047 
0.0958563 1.00005 0.661866 -1.20999 -0.451397 1.56479 -1.66146 -2.36115 -1.47257 0.973786 0.268846 -0.383585 0.951636 -0.222564 0.179351 0.283869 -1.0586 0.0160716 -0.128468 -1.05201 0.0901946 0.171162 0.59333 0.0395982 0.723402 -0.94298 -0.344689 0.0995758 0.381643 -0.662911 0.514214 -0.365352 0.810783 0.454922 -1.15792 -0.00311854 -0.532331 -1.54789 -1.30158 
-0.00344114 1.08052 0.83541 -1.5934 -0.315733 1.60304 -2.27357 -2.32785 -1.03798 1.07888 0.231835 -0.0940541 0.626418 -0.417337 -0.251815 0.464731 0.410602 0.531649 -0.25476 0.535535 0.357805 -0.456474 -0.559213 -1.21415 -1.69536 -1.46248 -0.672799 0.261729 0.346242 0.601696 0.507608 0.0329787 0.0431838 0.27565 -0.128354 0.339233 -0.985964 0.0190255 -1.13729 
-0.107157 0.836295 0.898381 -0.937549 -0.0791272 1.40437 -1.30078 -2.11364 -1.85504 0.629205 -0.410746 -1.75108 -0.0622821 -0.88029 0.224166 0.252438 1.89182 0.71499 0.176422 1.10351 0.307169 -0.353068 -0.122197 -1.4562 -0.699054 -0.550245 -0.56874 -0.106502 1.14229 0.362005 0.815539 -1.48374 0.794854 0.447041 0.808378 0.522249 -0.638648 -0.565998 -0.930622 
-0.420404 1.22987 0.965163 -0.363331 0.184712 1.7139 -1.528 -2.11612 -1.33191 1.00466 -0.582536 -0.656132 0.247806 -0.515052 0.0863501 1.31255 0.0899678 0.643151 -1.79934 0.521072 0.284212 1.53566 1.28271 0.301781 0.963834 0.240011 -0.309836 -1.17747 1.09643 0.871048 2.08527 -2.56177 0.843651 1.42164 0.457049 -1.44057 -0.583987 0.0562967 -0.802075 
-0.355328 0.894986 1.56126 -0.872407 0.371094 0.272158 -0.949901 -1.91813 -0.53172 1.42412 -0.246256 -0.968882 0.109465 0.372028 -2.04446 1.45335 -0.684793 2.28953 -3.72458 0.0183495 1.72604 0.959269 -1.86088 0.623192 0.771559 -0.503813 0.182692 -1.49842 0.474868 0.201027 1.69007 -3.13864 0.132915 2.81678 1.68345 -0.198074 0.720744 1.94243 -0.605019 
-0.258619 -0.113096 1.69885 -0.799085 1.78593 -0.629586 -1.51779 -0.901844 -0.502125 -0.145187 -0.239081 -0.0293732 -0.0984688 0.81363 -2.40257 -0.575724 0.187194 1.79188 -2.54831 -0.349595 3.74051 0.721611 -1.55248 0.759431 1.54565 -1.03591 0.694941 -2.57928 -0.277594 -0.4955 1.09475 -3.45569 0.174189 2.73265 2.20621 -0.61141 0.875078 0.976611 0.63838 
0.0105394 -0.683544 1.27453 -0.744407 1.6244 -1.33127 -1.18903 0.719537 0.0945651 0.46506 0.173058 0.283647 -0.607377 0.765698 -1.94189 -1.88956 -0.00469927 -0.712374 -1.06249 0.20832 2.17859 2.00177 1.02115 0.662084 0.490036 1.33689 0.755898 -2.3936 -1.17919 0.56986 0.602181 -1.84575 0.593999 2.23315 1.04492 -1.28631 1.1562 1.33442 0.124786 
0.0850966 -1.38859 0.751398 -0.795147 1.28849 -1.2982 -1.37885 0.632195 1.22032 0.487914 0.126029 0.369804 0.837175 0.423953 -1.29687 -1.266 0.601841 -0.924536 -0.00750473 1.13762 -0.548892 0.676015 -0.217887 0.93398 0.17825 1.19612 0.238799 -1.49225 -0.542914 0.101571 -0.240726 -0.918878 1.52408 0.671185 0.723274 0.270938 1.12769 0.648278 1.06552 
0.196321 -1.53474 0.640663 -0.348329 0.97864 -1.33613 -0.420348 0.326388 0.681808 0.331639 0.689562 0.430778 0.230236 -0.375207 -0.364804 1.03974 0.143833 0.365063 -0.208757 1.82339 -1.21661 -1.03716 -0.644188 0.98994 0.347337 0.0557851 -0.439308 -0.713491 0.895437 -0.269538 -0.089733 -0.356415 0.467036 -0.993734 -0.128255 -0.515696 0.238673 -0.602899 0.751447 
-0.0984463 -1.62667 1.27708 -0.69518 1.5443 -1.42968 -0.145458 -0.232754 0.340626 0.0907638 0.673692 0.653624 0.880621 -1.14431 0.1935 2.65846 -0.977738 0.794812 -0.48421 -0.519365 -0.86574 -0.857789 -0.489859 -0.572642 -0.957458 -0.214921 -0.665481 0.167909 1.70245 -0.381455 0.37901 -0.223631 0.581813 -0.855313 -1.82736 -0.722598 0.537958 -0.59363 -0.68372 
-0.342656 -1.40556 1.9804 -0.973479 1.53489 -1.64092 -0.774525 -0.29064 -0.0442939 0.0299636 0.367165 -0.340192 0.0851535 -0.715659 0.623354 1.6108 -0.675052 0.180684 -0.0989294 -1.05165 -0.000428125 -1.43206 -0.348859 -0.194098 -1.11457 -0.954787 -0.931496 0.215299 1.86581 -0.973655 0.0402908 -0.735427 -1.72318 -1.03449 -1.23535 -0.559729 0.279041 -1.13669 0.10967 
-0.439326 -1.21473 2.08995 -1.12464 1.67121 -1.49206 -0.860342 -0.238369 -0.877206 -0.123683 0.562072 -0.244354 0.220274 -0.382332 0.138276 0.246733 -0.375346 -0.737168 -0.532785 -1.79107 -0.607067 -0.814425 -0.278605 0.992585 -0.511434 0.355336 -0.57973 0.276194 1.12446 -0.122231 -0.314941 -0.118325 -1.9762 -0.692731 -0.554026 0.0506315 0.725379 -0.781555 -0.442877 
-0.529492 -1.31272 2.10729 -1.20917 1.02012 -1.97626 -1.99048 -0.724894 -0.733265 -0.14102 0.916301 -0.750598 0.337216 -0.234733 -0.197486 0.138698 0.50359 -0.63494 -0.0628116 -1.59712 -0.984534 0.677087 0.422033 1.26204 0.104529 0.371313 -0.503688 0.104253 0.180084 0.416877 -0.665078 0.462367 -1.34735 0.0912568 -0.497662 0.0354403 0.813879 0.311451 -0.399458 
-0.55795 -1.34275 2.16251 -0.792081 1.22791 -1.53172 -1.94486 -0.939335 -0.289045 0.13878 1.26124 -0.15682 0.483464 -0.443492 0.0219129 0.0305453 0.952069 -0.221645 1.17584 -0.0168261 0.741216 0.135333 0.330832 0.203841 0.91361 -0.881928 0.0992164 0.714482 -0.707736 -0.277684 -0.918535 0.206375 -0.142218 0.882272 0.0611894 0.0650677 -0.42632 0.216453 0.778426 
-0.744592 -1.29641 2.12545 -0.586665 0.865753 -1.23662 -2.00411 -0.206476 -0.60899 0.0650202 1.02626 -0.00900545 -0.27239 0.396565 1.30059 -1.24546 -0.890792 -0.689113 0.351079 1.4007 2.24783 -0.603818 -0.328953 -1.86615 0.174905 0.645234 1.58361 1.53408 -2.82943 -0.324978 -1.40926 -0.34019 0.808849 1.13626 0.803805 -0.276812 -1.61279 0.0676339 1.16504 
-0.384826 -0.485333 1.53896 -1.36102 0.74673 -1.31098 -0.997905 0.643627 -0.79768 -0.0633519 0.218611 -0.0123927 0.93742 3.03701 2.34761 -4.44488 -1.40491 -1.80955 -1.64507 1.09215 0.884632 0.937694 -0.709175 -2.53047 -0.826458 2.40498 2.14231 1.09226 -3.70259 -0.465582 -1.86601 -0.0616336 2.01989 1.73295 0.284514 -0.665017 -2.14046 0.586332 0.744011 
0.648788 0.249742 -0.107076 -1.48799 -0.398728 -2.27176 -1.26624 0.413277 0.202319 -0.372334 -0.386278 -0.674076 1.40711 3.11218 0.386254 -4.53006 0.24282 -2.00028 -0.43425 1.294 0.229767 0.977741 -0.584695 -1.22657 0.58243 0.326226 2.60684 0.872107 -4.2052 0.0237082 -1.99185 0.38598 2.30874 0.88591 0.257218 -1.76996 -2.2253 1.05727 1.66138 
1.0433 -0.229365 -0.736395 -1.19705 -0.65109 -1.58434 -0.123251 0.800665 0.0479196 -0.423697 -0.467897 0.461475 1.16921 1.23272 -1.00095 -2.11418 1.43598 -1.06118 2.18225 1.98878 0.383853 -0.600518 -1.7281 -0.685417 2.19227 -0.231678 2.45286 0.0341392 -3.63884 1.32108 -1.68406 1.30874 1.88465 0.288157 0.898085 -1.62208 -1.04235 1.27807 -0.299595 
1.20834 -0.406798 -1.16749 -0.552622 -1.14002 -0.898931 0.0792349 0.679189 -0.30349 -1.44004 -0.771469 1.10118 1.25036 0.905297 -0.334403 -1.14608 1.58876 -0.426913 2.25032 1.21985 0.185449 0.222212 -1.64867 -0.271896 1.06866 -0.721988 1.13688 -0.912655 -1.74978 1.33572 -0.788274 2.53532 1.76451 0.287781 -0.668944 -1.45605 -0.215373 1.69978 -1.31938 
1.45153 -0.447447 -1.30995 -0.162912 -0.948958 -0.16868 0.701158 0.926388 0.246586 -1.44226 -0.622835 1.32841 0.670991 0.628968 -0.410161 -0.617063 0.415931 -0.0751634 1.33375 0.364421 0.0308266 -0.309166 -0.276322 0.387564 0.0036859 -1.5001 0.703243 -0.36721 -0.699225 1.41754 -0.421085 1.9031 0.452181 0.125073 -0.569113 -1.01195 0.238688 0.710472 -1.02011 
1.48886 -0.674713 -1.47501 -0.276738 -1.19198 -0.0599344 0.323958 0.695659 -0.559825 -1.60961 -0.559213 1.1072 0.210237 0.246028 -0.233903 0.0525787 0.376697 -0.180299 0.389477 -0.62146 -0.00302811 -0.997497 0.25663 0.633255 -0.150929 -0.61772 0.435329 -0.404637 -0.392554 0.39756 -0.295899 0.716142 -0.584335 -0.0665641 -1.02907 0.281991 0.398551 -0.0116575 -1.69933 
1.55508 -0.599419 -1.28071 0.0876057 -1.07442 0.0762197 0.277795 0.918936 -0.599143 -1.28213 -0.273777 1.20943 0.245388 0.0834722 -0.215976 0.00164175 0.133982 -0.351653 -0.338989 -1.15203 -0.12196 -1.08534 0.668523 0.205884 -0.0189817 -0.729452 0.147656 -0.407492 -0.0559759 0.159336 -0.148297 0.118189 -0.567886 -0.0286565 -1.14308 0.59593 0.251481 -0.0818985 -1.35952 
1.51729 -0.814894 -1.47138 -0.18314 -1.43723 -0.273353 -0.458948 0.604172 -1.48077 -1.19466 -0.44812 1.09489 -0.29318 -0.00484438 -0.396645 -0.1433 -0.157396 -0.0338182 -0.223428 -0.144155 -0.0339939 -0.550503 0.568467 -0.253324 0.0448784 -1.16664 0.046191 -0.369402 0.0172141 -0.0608643 -0.189272 -0.279355 -0.392285 -0.105754 -0.595801 0.373202 -0.131083 0.0913654 -0.760607 
1.5427 -0.858443 -1.34997 -0.00717722 -1.09747 -0.0644928 0.17788 0.889605 -1.06213 -0.929074 -0.418375 1.24875 -0.5625 -0.00850392 -0.355716 0.021735 -0.220278 0.0784895 -0.0459265 0.621226 -0.025115 0.274124 -0.15055 -0.381363 0.136796 -0.270278 -0.0918204 -0.274185 -0.0772363 -0.220906 -0.182909 -0.242926 -0.085583 -0.138211 0.150504 0.454492 -0.502204 0.183359 -0.937277 
1.50322 -1.047 -1.45765 -0.318578 -1.38177 -0.30239 -0.0402007 0.581114 -1.23765 -1.28642 -0.66401 1.20851 -0.476814 -0.146272 -0.0279205 0.0194353 -0.15101 -0.230175 -0.111001 0.0234637 -0.159412 0.744013 0.0615988 -0.460952 0.191796 -0.0645456 -0.0678374 0.0543854 0.275546 0.0829795 0.256968 0.552747 0.856881 0.321186 1.31335 0.216029 -0.738331 0.525014 -0.202779 
1.46495 -0.87492 -1.3374 -0.0978317 -1.2578 -0.134471 0.191552 0.771655 -0.416659 -0.889593 -0.678582 1.40683 -0.602856 -0.103325 0.438851 0.404362 0.333611 0.291393 0.81424 0.518323 0.487479 1.48488 0.451794 -0.675725 0.541314 0.00135467 -0.307038 0.24605 -0.0779729 -0.692334 -0.417122 0.00611668 -0.549845 -0.382059 1.04894 -0.191076 -1.38591 0.208852 0.0757016 
1.44532 -0.756429 -1.2515 -0.0959159 -1.17746 0.209751 0.308814 0.920246 0.0421961 -1.00555 -1.0438 1.64914 -0.471275 -0.357405 0.407212 -0.144448 -0.811651 -0.371327 0.121726 -0.764955 -0.382079 0.659034 -0.32172 -1.5363 0.077817 0.160458 -0.642519 1.04018 0.616129 -0.269044 0.550097 0.500766 0.0802755 -0.463291 1.95499 1.1098 -0.462106 -0.00358013 0.204043 
1.28964 -0.605166 -1.40724 -0.615603 -1.51681 -0.0580285 -0.32905 0.496374 0.156043 -1.08725 -1.53755 1.47277 -0.486513 -0.949926 1.16751 0.552677 -0.708823 0.500896 -0.117968 -0.417232 -1.14492 1.13794 1.08189 0.0196633 -0.546173 0.262696 -1.54464 1.11152 0.814201 -0.138733 1.36663 0.374447 -0.799293 -1.27308 -0.631401 0.725473 -0.493475 -1.43912 0.524964 
0.99618 0.0134539 -0.970754 -0.547207 -0.826693 0.135389 0.023847 0.105951 1.02497 -0.33487 -1.0364 1.21065 -0.283729 -2.17367 1.30938 1.41027 0.617287 2.34026 0.399476 -0.310092 -1.43131 -1.51817 1.32545 0.834694 -1.93747 0.52403 -1.78604 1.62316 0.797969 -0.406223 0.713952 -0.324079 -0.316046 -1.05497 -0.863531 0.767113 0.640682 -1.48274 -0.391396 
0.274954 0.258035 -0.695216 -0.20954 0.119879 0.193162 -0.541413 -0.520278 -1.13552 -0.265896 -1.07633 -0.0904349 -0.116966 -1.97659 1.33965 0.687837 0.143232 0.527514 -0.328931 -0.0116292 -0.357112 -2.30959 -0.0207471 0.925314 -1.36984 -0.778726 -1.77437 1.76918 1.33821 0.183269 1.0189 -0.161727 0.945424 0.00709947 -1.30642 0.374267 1.25445 -1.47973 0.314182 
0.0725719 0.896571 -0.62204 -0.447629 -0.457314 -0.0717018 0.0137383 -0.15169 -0.94426 -0.346331 -0.524721 0.106311 -0.821462 -0.73374 1.42342 0.672445 -0.36477 -0.872421 -0.621368 1.56804 1.44533 -0.249721 -0.806005 1.00136 0.025356 -0.115685 -1.50225 1.23376 0.935942 0.240232 0.380771 -0.493389 1.18559 0.405717 -1.79671 -0.108769 0.37545 -1.58824 0.872513 
-0.0742814 1.19626 -0.354242 -0.438394 -0.489448 -0.197917 0.518944 0.495655 -1.34096 -0.763153 -0.522305 -0.0669029 -0.192938 -0.485046 0.565825 0.767768 0.188339 0.020772 -0.352619 1.59072 0.940141 -0.118362 -0.12588 -0.365402 -0.682473 1.91854 -0.627498 1.09759 0.68849 -1.069 -0.163582 -0.2818 0.644756 0.173288 0.84672 0.254723 -0.552025 -1.09325 0.533893 
-0.161732 1.27066 -0.233128 -0.318888 -0.442203 -0.293696 1.08947 0.507285 -1.03722 -0.422833 -0.731725 -0.442363 0.51926 -0.294904 0.271646 0.3974 -1.12063 0.636278 0.233063 -0.712138 -1.19409 1.38052 1.1606 -1.78797 -1.43813 0.811871 -0.127917 0.141028 0.275536 -0.864982 0.882104 0.0989525 -0.537725 -0.198011 0.589499 0.447705 -1.11648 -0.867276 0.484595 
-0.220713 1.37684 -0.151588 -1.15593 -0.0440315 -0.0514258 0.034133 -0.353376 -0.15047 -0.0437782 -1.52141 -1.22644 0.37707 0.274796 -0.348812 -0.341686 -1.39061 1.24995 0.492008 -2.31601 -1.21891 0.902875 0.746586 -1.24068 -0.438324 -1.28693 0.522057 -0.295846 -0.149351 -0.999007 0.341164 0.098227 -1.25179 -1.23618 2.03165 1.08345 -1.40427 -0.465787 -0.496545 
-0.0448821 1.0431 -0.40216 -1.21096 0.432236 0.0157116 -0.482209 -0.359287 -0.255721 0.040412 -1.42609 -0.793667 -0.372405 1.14942 -0.729681 -0.633686 -0.267635 -0.145067 -0.09468 -0.96798 -0.566628 1.34551 0.336749 -0.235936 0.836072 -1.46566 0.816786 -0.288724 -0.615628 -0.493105 0.0752278 0.578294 -1.82979 -1.10929 2.2023 0.333427 -2.04391 -0.503005 -2.08487 
0.300335 0.898739 -0.467467 -1.32198 -0.144859 -0.111136 -0.62405 -0.759057 1.01004 0.165923 -1.65632 -0.547531 -0.639062 1.06253 -0.0982183 -0.621491 0.704437 -1.14196 0.311711 -0.136991 -0.360671 2.05289 -0.28346 -1.71186 -0.211817 -1.44771 0.942317 -0.578588 -0.63799 0.454923 -0.558621 0.283885 -0.746867 -0.235449 1.22317 -0.510493 -0.918505 -0.43795 -1.93519 
0.436012 0.980383 -0.711906 -0.748555 -0.365528 0.211684 -0.57727 -0.619442 1.5105 -0.133575 -2.38282 -0.961865 -1.37604 0.393549 -0.165241 -0.364351 0.897157 -0.660339 0.490371 -0.0369641 0.234417 0.292102 -1.03732 -1.08273 -1.40216 -1.07289 0.546228 0.0847343 -0.432474 1.02688 -1.49569 0.832312 0.133567 -0.181243 1.6185 0.301664 -1.28958 0.657559 -1.40682 
0.472066 0.791932 -0.647897 -0.734977 -0.605918 0.197241 -0.651327 -0.598734 1.26855 -0.474436 -2.26274 -1.67799 -1.38166 -0.168421 0.228247 -0.0561626 0.718854 -1.01379 0.844056 0.309341 0.105838 0.116934 0.702787 -0.145538 1.06118 -0.398614 -0.0378352 0.32143 -0.390497 1.43932 -0.744568 0.858185 -0.0204428 0.153489 0.0364146 0.29336 -1.28369 -0.275887 -1.10983 
0.348033 1.13241 -0.737348 -0.276827 -1.07369 0.742585 -0.369872 -0.549971 1.61902 0.302574 -2.4674 -0.100977 -1.64905 -0.456229 0.661006 -0.247863 1.09853 -0.413022 0.701256 0.00337629 -0.0114332 -0.252186 1.4452 -0.766114 1.04546 -0.384354 -0.391503 0.486054 0.169347 0.0396557 -0.38359 0.174576 -0.376921 -0.193199 0.0483074 0.578536 0.257957 0.427176 0.186344 
0.251079 1.22863 -0.769745 -0.0177795 -0.894075 0.638298 -0.651267 -0.612124 1.061 0.421001 -2.69287 -0.829811 -1.64474 -0.473625 0.521892 0.316703 -0.665647 0.460608 -0.599859 -0.819603 -0.377738 -0.0610072 0.0983248 0.534872 -0.509483 0.639478 -0.631153 0.637197 0.349233 -0.0670204 0.334791 0.680822 -0.25129 -0.386162 0.325226 1.30745 1.05331 1.7455 0.465226 
0.119007 1.47761 -0.575277 -0.700203 -0.751082 0.365039 -0.927507 -0.822186 1.57517 0.364775 -2.17312 -0.509806 -1.1991 -0.578401 0.322676 0.788832 -1.19337 0.89505 0.244559 -0.345647 -0.535914 0.680918 0.361034 2.31014 1.20957 0.99058 -0.671891 0.274627 0.630038 0.00966997 0.581674 0.21421 0.339884 -0.648362 -0.468735 -0.847376 1.20011 -1.10807 0.79714 
-0.0263684 1.44278 -0.370241 -0.78234 -0.26775 0.792022 -0.887724 -0.996104 1.65244 0.645727 -1.4101 0.151033 -0.950275 -0.627741 -0.0984451 0.662021 0.677239 0.377185 0.898985 1.26784 -0.543889 -0.579142 -1.26343 1.22229 -0.922436 0.401586 -1.09038 0.134756 1.14697 -0.0163959 0.737872 0.364709 1.72411 -0.0685897 -0.526213 -1.49657 1.64704 -1.61533 0.53697 
-0.181242 1.41474 -0.239546 -0.255379 -0.4868 0.930498 -0.0705825 -1.2118 1.08767 -0.415466 -1.49608 -1.25246 -0.91483 -1.20852 -0.115354 0.995743 1.16879 0.16783 0.263148 2.64483 0.441889 -1.39845 -2.42133 0.0958819 -3.29688 -0.290363 -1.23091 -0.0195573 1.34026 1.39108 1.17487 0.396299 0.94151 -0.68633 -1.37378 -1.09677 1.51284 -1.33751 0.355525 
-0.595019 1.36879 0.133319 -0.0197198 -0.149829 0.957441 0.902328 -0.689185 0.463392 -0.85084 -1.36026 -2.51112 -1.1479 -1.38939 0.0673253 1.42388 1.2515 1.31542 -0.347497 -0.0151235 -0.431936 -1.27944 -0.245571 0.988904 -0.805922 0.0609208 -1.23782 -0.268281 1.38445 0.615608 0.474805 -1.18874 0.784794 -0.392283 -0.447058 -1.18025 1.04671 -2.27691 0.207677 
-0.833479 1.46091 0.479326 0.560715 0.433413 0.711727 -0.0830592 -1.52231 0.000520452 -0.566014 -0.948996 -1.90093 -0.867807 -0.819931 -0.300088 1.15905 -0.316265 0.515962 -1.90841 -1.60168 -0.997973 0.787482 0.79721 1.43858 0.354776 0.559176 -1.00992 -0.63418 1.55655 0.385228 0.961978 -1.57543 0.168875 1.15384 0.695415 0.369303 1.8827 -0.266692 0.86412 
-0.984087 1.17328 0.719006 -0.217215 0.211473 -0.243385 -0.185283 -1.39965 1.14608 -0.356277 -0.562789 -2.22128 -0.753875 -0.265727 -1.04815 0.9992 -0.718702 0.0703985 -1.83367 0.234686 2.08288 2.20654 0.758167 1.75925 0.461109 1.06789 -0.404773 -0.898068 1.17871 -0.394755 0.393197 -1.57591 -0.792914 -0.0779127 -0.0694882 0.0372151 1.72373 0.474503 1.08035 
-0.966427 0.77333 0.984624 0.103037 0.483218 -0.442079 0.0737486 -0.0558967 1.8983 -0.0956042 0.0270235 -1.52514 -0.119498 0.156147 -1.08849 0.675009 -0.233411 0.0502308 -0.27344 0.535163 0.89064 -0.890139 -0.742536 1.07878 0.258071 0.852924 0.0567118 -1.22778 0.857077 -0.881965 -0.011786 -2.24009 -0.191183 1.4301 0.221994 -0.070128 1.01733 0.154164 0.938971 
-0.92207 0.45916 1.06127 -0.361143 0.247179 -0.415563 0.175143 -0.775648 0.392278 -0.81427 0.0343398 -2.00963 -0.155277 0.35793 -0.849891 0.333461 -0.507134 -0.0877989 -1.26867 -0.496583 -0.037584 -1.91679 -0.85151 -0.267453 -0.262156 0.158983 0.453715 -1.56838 0.413046 0.474813 0.546579 -0.997319 0.117159 1.60852 -1.23959 0.100607 0.582537 0.696254 0.325149 
-0.811158 0.216159 1.15512 -0.217858 0.422427 -1.24041 -0.264991 -0.0877648 0.265415 -0.621013 -0.125441 -1.73403 -0.00418189 0.586412 -1.33583 -0.034561 0.890537 0.73699 -1.10652 -0.384753 1.40934 -0.787779 0.884623 -0.218216 0.64129 -0.430212 0.489661 -1.71532 0.0109384 0.440036 0.455739 -0.322861 0.21421 0.30772 -1.47798 0.401139 -0.307089 -1.12092 0.0104266 
-0.66121 -0.417666 1.04669 0.221582 0.763004 -1.11188 -0.0878142 0.214856 -0.273877 -0.265629 -0.090709 -1.48818 -0.450294 0.443514 -1.80149 -0.319867 1.116 0.744116 0.823459 0.776767 0.480726 -0.0820672 1.40801 -0.163553 -1.18636 -0.148587 0.522311 -1.78712 -0.104877 1.30901 0.261553 -1.41057 -0.739566 1.26042 -0.881921 0.891814 -0.370702 -0.82945 -0.599718 
-0.616337 -0.966976 0.997064 0.51063 0.943234 -0.72247 0.25916 0.246596 0.203537 0.251416 -0.220053 -2.69004 -0.103067 0.268519 -1.42649 -0.132393 0.924308 -0.3605 -0.846175 -0.610428 0.393735 -0.408628 0.348474 -0.305144 -1.71321 -0.358739 0.428968 -1.54092 -0.72855 1.16538 0.811649 -0.0019342 -0.0391731 1.06599 -0.883595 0.971227 -0.0550419 -0.0690868 -0.763826 
-0.547261 -1.35412 0.982912 0.82614 0.511565 -1.64439 -0.503701 0.48775 -0.615378 -0.0486739 -0.26416 -2.87009 -0.695535 0.258506 -0.580409 -0.819346 0.499507 0.425078 -0.823891 -0.835401 1.04481 -1.11659 -0.065405 0.0984712 1.09686 -0.855361 -0.0206835 -0.283606 -0.842904 -0.37781 -0.0199563 1.38467 0.270203 0.491028 -0.286459 0.679206 0.388531 0.837106 -0.405545 
-0.507015 -1.34688 0.587817 0.840547 1.241 -1.24097 -0.30918 0.979528 -0.744171 0.212327 -0.168768 -1.80031 -0.69417 -0.303102 0.987363 -1.18509 -1.45047 0.331326 2.76747 0.965484 0.311072 0.0138701 0.591454 0.884046 2.79456 -0.175826 1.38051 1.73313 -2.11667 -3.5128 -2.05043 0.684957 -0.0679887 -1.49859 0.185787 -0.411487 -0.534789 1.77952 0.33269 
-0.697481 -0.702743 0.389733 -0.104638 0.743787 0.0966289 0.148334 0.702236 -0.595108 0.318599 0.224541 -0.607951 -0.81339 2.00229 3.2575 -2.48384 -5.37647 -3.38022 1.77544 0.738236 -3.18011 1.35761 -0.498645 -0.860054 1.20213 1.28795 2.16978 1.75768 -2.57233 -3.01211 -1.19996 2.70753 1.12717 -1.3136 1.19743 -0.294718 -0.481656 2.61311 0.651744 
0.408178 0.7978 -0.658502 -2.62846 -1.12155 -0.124084 0.188859 -1.27279 0.426694 -0.0947833 -0.651198 -0.825479 0.207394 3.85685 1.72766 -2.82843 -2.73162 -2.06092 0.987208 0.535492 -2.1823 1.58908 -0.994488 -1.56849 0.581473 1.02641 2.3201 1.33229 -2.32034 -2.73987 -1.81754 2.42146 1.32189 -2.04864 0.71896 -1.02385 -0.48887 2.3546 0.662503 
1.07478 0.435607 -1.02988 -1.86371 -0.696427 0.717594 0.508983 -0.84505 0.77396 -0.295262 -0.652354 -0.134856 -0.0939726 1.79772 -1.19978 -1.13685 1.5722 0.760676 1.58277 1.02311 0.259641 -0.398803 -0.909805 0.165136 1.83989 -0.423275 2.66304 0.777202 -2.17777 -1.56224 -1.24432 0.585748 0.928728 -1.49217 0.585747 -1.37582 -1.15398 2.20862 0.74695 
1.22883 0.0104696 -1.22742 -1.60503 -0.589169 0.871579 0.879947 -1.09465 0.0936068 -0.656256 -0.562793 0.664913 -0.0827916 0.504938 -0.527649 -0.570011 0.561682 0.267405 -0.173159 0.700128 0.0561768 -0.809616 -0.899305 -0.0920404 2.27193 -0.0510985 1.31224 -0.935214 -0.952075 1.56509 0.764157 1.19974 0.586244 0.509925 -0.193367 -0.47363 0.0186837 1.89124 -0.478942 
1.29799 0.090408 -1.31374 -1.49359 -0.508893 0.608508 0.981199 -0.810669 0.089107 -0.850239 -0.707147 1.7048 -0.124963 0.35124 -0.24619 -0.350821 0.598029 0.340081 0.0822308 -0.245455 0.472141 0.129371 0.260065 -0.123182 0.603453 -0.207448 0.342556 -0.651055 -0.585982 0.972347 0.582397 0.424514 -0.199102 -0.121592 -0.0663752 -0.359241 -0.0571763 0.305033 -0.647316 
1.38101 -0.149586 -1.40105 -1.21142 -0.350827 0.923173 0.711385 -0.766351 0.212777 -0.493995 -0.634926 1.15578 -0.222669 0.0555248 -0.479246 -0.346949 0.785931 0.571431 0.763751 -0.972615 -0.225861 0.711149 0.407298 0.0238601 -1.87805 -0.80021 0.181104 -0.132518 -0.3188 0.545444 0.45136 0.622335 -0.672852 0.586762 0.496919 0.242988 -0.135502 -0.328697 -0.738741 
1.3135 -0.222952 -1.48542 -0.978495 -0.108812 1.08888 0.319876 -0.97557 0.706434 -0.596893 -0.697406 0.189626 -0.677659 -0.0552631 0.0405268 -0.149623 0.15712 0.309927 0.782525 -0.660518 0.369322 0.530506 0.0783533 -0.0587131 -1.02838 -0.763636 0.0142832 -0.399012 -0.540879 0.441949 0.448309 0.765427 -0.68269 0.526802 0.423817 0.712887 0.409343 -1.55849 -1.09751 
1.34533 -0.121038 -1.47349 -1.10286 -0.133565 1.41536 0.261555 -0.510706 0.675425 -0.444148 -0.671162 0.327473 -0.749893 -0.0328266 -0.138198 -0.4997 -0.174414 0.0741789 0.299319 0.053486 0.981734 -0.149687 0.579073 0.585257 -0.135829 -0.64089 -0.0559736 -0.241454 -0.405416 0.415778 0.326671 0.363939 -0.388632 0.438288 -0.110481 -0.199227 0.013825 -0.78777 -0.658941 
1.28819 -0.311969 -1.73391 -1.08428 -0.0563638 1.27706 0.353893 -0.287207 0.586656 -0.237279 -0.375074 0.0828568 -1.1194 -0.0371308 -0.414517 -0.48585 0.418077 0.1604 -0.275886 0.134597 0.260201 -0.68835 -0.349714 0.0936133 0.0103093 -0.102903 0.0587211 -0.0464742 -0.181667 0.239068 0.12154 -0.246821 0.390376 0.961774 -0.680725 -0.227637 0.00471052 0.0637121 0.0476905 
1.31802 -0.391818 -1.71502 -0.825589 -0.0208389 1.24164 0.350536 -0.332165 0.0944079 -0.659124 -0.622582 0.338841 -0.816962 0.128321 0.0654866 0.213036 0.504369 0.100548 -0.639146 0.462263 0.395045 -0.775858 -0.889609 -0.563589 0.217915 0.700105 0.0667996 -0.0788484 -0.00696447 0.545696 0.195765 -0.574414 0.615381 0.733654 -0.538592 -0.951049 -0.180446 0.0241886 0.156181 
1.33735 -0.267003 -1.62398 -0.75122 0.0145192 0.874797 0.664918 -0.0133868 -0.0692911 -0.786257 -0.69243 0.262052 -0.627228 0.145859 0.291782 0.471534 0.337423 0.121286 -0.517959 0.682023 0.790946 -0.045845 -0.958349 -0.340757 0.0207098 0.30425 0.0550477 -0.0164912 0.374206 0.375837 -0.571528 -1.38606 0.721821 0.590144 -0.54244 -2.16832 -1.46616 -0.287085 0.194325 
1.37529 -0.197994 -1.47509 -0.600463 0.0645428 0.915625 0.810483 0.221391 0.0635461 -1.25063 -0.815863 0.358617 -0.600477 -0.0388443 -0.0918689 0.366865 0.0153963 -0.924553 -1.27958 0.496687 0.451246 0.0364824 -2.09698 -1.55016 -0.589077 -0.448785 -0.0298138 0.252191 0.929281 0.712418 -0.541843 -1.41767 1.11007 1.40991 0.118133 -1.40923 -0.987804 -0.0127372 -0.00242219 
1.30925 -0.325545 -1.43668 -0.73429 -0.631253 0.0696003 0.999271 0.300143 -0.0296587 -2.08217 -1.55912 -0.21112 -0.93518 -0.195399 0.096997 0.973686 0.649456 -0.902515 -1.44458 0.796089 1.22553 0.195775 -0.981507 -1.07852 -0.0374007 -0.310687 -0.268349 0.0807586 0.805544 0.518738 -1.00603 -1.40791 -0.195684 0.802766 0.255831 -1.02929 -0.419106 -0.0218772 -1.36161 
1.27484 -0.1323 -0.98262 -0.173601 -0.565823 0.0066207 1.34773 1.08202 0.239576 -1.85646 -1.41994 0.331417 -0.812254 -0.401455 0.215755 0.885459 0.70269 -0.525587 -0.669422 -0.764603 0.698555 0.298826 0.681033 0.956531 0.560576 -1.33831 -0.526664 0.367236 0.781815 0.785824 -0.841597 -1.42775 -0.636474 0.289729 0.385599 0.743132 -0.336484 -0.287025 -1.44863 
1.11358 -0.181731 -0.988581 -0.273012 -0.998106 -0.351712 0.478908 0.788418 0.23461 -1.65948 -1.03006 0.245082 -1.86263 -0.668062 0.469547 0.241647 0.439297 -0.310667 -0.531931 -1.65342 -0.808068 0.314236 2.00958 0.604836 -0.333683 -1.59042 -0.875459 0.87194 0.810046 0.891033 -0.173098 -0.904867 -0.964227 0.175466 0.614501 1.95676 0.689057 0.649944 0.319482 
0.955956 0.178459 -0.858294 0.117389 -0.782423 -0.328189 0.225055 0.505737 0.517039 -0.611867 -1.0867 0.0647038 -1.91528 -1.03339 1.13065 0.373883 0.532075 0.275732 -0.582405 -0.530989 -0.4442 0.519346 2.02054 0.0586783 0.27895 1.7536 -1.2459 0.778361 0.222594 0.029363 0.634429 -0.493805 -1.76229 -1.10344 -0.760028 1.229 0.381728 -0.402858 1.07434 
0.625861 0.5639 -0.797754 0.0779606 -0.80475 -0.718277 0.116853 0.469243 0.687702 -0.408108 -1.00093 0.473618 -0.63677 -1.37363 0.732259 0.101901 -0.400375 1.22448 -0.150196 -0.709325 -0.763166 -1.34654 -0.311531 -0.0358107 -0.187063 2.99464 -1.3045 1.27175 0.209276 0.580948 1.21477 0.0487742 -0.828038 -1.16373 -0.950449 1.87962 0.227191 -0.536011 2.25841 
0.311003 0.66203 -0.804247 -0.134484 0.0742108 -0.422827 -0.25785 -0.0388139 -0.627566 -0.803221 -1.11019 -0.0834829 0.174881 -1.10429 0.833525 -0.0510968 0.272347 1.47438 0.652251 -0.582494 -1.2131 -1.80801 0.574656 0.285988 -0.971735 1.20186 -1.25625 0.942609 0.395733 0.113786 0.964597 -0.252034 -0.749002 -1.09426 -1.07582 0.676203 0.358624 -0.558598 3.31569 
0.10538 1.11408 -0.820649 0.261014 0.226586 -0.308052 -0.280104 -0.393223 -0.852042 -0.0512262 -0.845234 -0.308894 0.204838 -0.685024 0.723338 0.511558 0.556461 0.165114 -0.196855 -0.298474 -0.794963 -0.1109 1.24732 0.571293 -0.534906 1.34596 -1.10251 1.03433 0.347814 0.0646866 0.791367 0.203611 -0.862932 -0.74085 -1.01087 0.919358 -0.236501 -0.910885 1.88628 
-0.0157188 1.13973 -0.544183 0.232254 0.190233 -0.546821 -0.46234 -0.605832 -0.714132 -0.0302 -0.795629 -0.512864 1.11684 -0.702508 0.763805 0.589854 -0.184402 -0.334408 -0.367813 -0.577649 0.159448 0.438001 0.696422 -0.614514 -0.205406 1.26608 -0.868957 0.732186 0.640458 -0.194991 0.0421718 0.261775 -0.617579 -0.750379 0.571375 -0.0495521 0.0332829 -0.845469 1.0079 
-0.229422 1.61841 -0.52121 0.148771 -0.00661192 -0.539606 -0.673778 -0.285872 -0.468604 0.380985 -1.19095 -0.471909 1.09117 -0.739169 0.407119 0.483409 -0.8289 -0.10476 0.561903 -0.533589 -0.272288 0.871015 -1.31229 -0.508144 -0.557715 -0.0287771 -0.884625 0.326856 0.772867 -0.428698 0.0555538 0.510643 0.098185 -0.659987 0.272431 -0.61974 -0.177174 -0.32336 0.742802 
-0.367463 1.40943 -0.298275 -0.296669 0.117584 -0.193439 -0.826156 -0.803538 0.0400815 -0.840668 -1.08211 -0.960684 1.1014 -0.747352 -0.259655 0.611529 -0.412382 0.414046 1.07777 0.702687 -1.09767 -0.0803446 -1.54764 0.37212 -0.212625 -0.296206 -1.00039 0.171968 0.792105 0.172887 0.560839 1.12157 0.263883 -0.628395 0.155959 -0.435274 0.240257 -0.637122 -1.49534 
-0.584949 1.44949 -0.210871 -0.110864 0.28344 0.138339 -0.199828 -1.06678 -0.529006 -0.575079 -0.98729 -0.64076 0.889481 -0.900327 -0.142298 0.747965 1.06701 0.91253 0.994751 0.880195 -0.620837 -0.67016 0.715439 0.87178 -0.265712 -1.93353 -0.78719 -0.402219 1.1077 0.304126 0.230202 0.79326 0.290776 -0.565673 -0.592147 -0.975869 0.665209 -0.834747 -1.30125 
-0.793685 1.31771 0.0806774 0.400148 0.75613 0.432272 -0.231918 -1.24752 -0.52536 -0.396691 -0.600242 -1.17245 -0.240574 -0.542892 -0.362745 1.11183 0.832625 -0.0827352 0.0238721 -0.320121 0.294077 -0.72595 0.205349 0.608466 -0.866143 -1.41182 -0.719261 -0.59707 0.844881 0.352559 0.665271 0.137746 0.263618 -0.0615285 -0.441205 1.56591 1.51774 0.213852 -1.66063 
-0.845986 1.21277 0.351067 0.434419 0.226189 0.153216 -0.418987 -0.864299 -1.14222 -0.446668 -0.652035 -1.33791 -0.0891594 -0.27864 -0.781182 0.565682 -0.579548 0.0457284 -0.801597 -0.533943 0.536891 0.067073 1.44718 1.34652 0.541785 -0.245322 -0.397976 -1.53412 0.581835 -0.327775 0.0424673 -0.762589 0.0942963 1.08915 -0.0480973 0.957755 1.29406 -0.101091 -0.407522 
-0.932601 0.805738 0.36796 0.0324359 0.788688 -0.0721988 -0.595974 -0.873476 -0.459534 0.499974 0.145968 -0.731439 -0.406828 -0.109757 -2.00864 -0.208248 -1.28935 0.143515 -1.07851 0.43996 1.26453 0.65209 1.11868 1.28509 0.735295 0.874666 -0.13007 -1.54959 0.0445501 -0.782333 -0.308351 -0.96677 0.391531 1.52322 1.15427 0.593877 1.13514 1.56869 -0.112312 
-0.906854 -0.106628 0.24914 -0.39219 0.327111 -0.525477 -0.123076 0.0238832 -0.575462 0.246769 0.0599684 -0.740468 0.524581 0.0648642 -1.6141 -0.499691 -0.508016 -0.490488 -0.536022 1.05124 1.64133 1.47777 -0.624916 0.316323 1.48481 0.0949191 -0.0723207 -1.71989 -0.330689 -0.398721 0.457981 -0.616487 -0.585677 1.2794 0.849675 0.52993 1.34559 1.10981 0.440197 
-0.912769 -0.254134 0.119468 -0.289029 0.446374 -0.409582 0.114171 0.280947 0.814224 0.114746 0.318555 0.471905 -0.336127 -0.00941581 -0.649795 -0.31073 0.734164 0.516032 0.226358 -1.22936 0.565651 0.48269 -0.384587 0.683276 0.698406 -0.301231 0.0567703 -1.53628 -0.324481 -0.15143 0.365699 -0.830659 -0.895623 0.617665 0.728609 -0.489326 0.161637 0.670681 1.32736 
-0.92135 -0.532175 0.0956762 0.0894373 0.688463 -0.383204 -0.958386 0.41825 -0.153758 0.0102192 0.436878 -0.172845 0.31939 0.0274348 -0.76062 -0.00960981 0.296031 1.01706 -0.612958 -2.25509 -0.755754 -0.505977 -0.0464677 -0.0668287 -0.618487 1.64078 0.0468434 -0.770017 -0.130173 0.511273 0.77903 -0.690818 -1.77163 -1.12568 1.00621 0.213685 1.01338 0.511474 0.574072 
-0.910235 -0.752583 0.117437 -0.0906638 1.15799 -0.79537 -1.41623 -0.258368 0.389367 0.0873728 0.2778 -0.0250425 0.811158 0.085453 -0.540918 0.104341 -0.0264374 0.606157 -1.18153 -1.14586 -2.16863 0.862833 0.682599 0.802789 -0.0377907 1.05006 -0.193814 -0.605414 0.469001 0.12019 0.747532 -0.437068 -1.27952 -1.071 -0.614696 0.294413 0.838388 -0.526837 2.19988 
-0.892003 -0.886103 0.150951 0.0793213 1.11282 -1.12671 -1.73711 -1.11937 0.593451 0.433879 0.880335 -0.200361 1.05528 -0.345633 -0.175752 0.737288 -0.131057 0.0597442 0.0094652 0.537898 -0.769176 -0.330675 0.455798 1.29884 -0.0624464 1.238 -0.182988 -0.566131 0.416682 0.00717591 0.461709 -0.845175 0.0668095 -0.840268 0.76269 0.106853 0.106973 0.858414 0.977634 
-1.08011 -0.866303 0.49102 -0.168418 1.20035 -0.789556 -1.05395 -0.807166 0.114615 0.370723 0.99746 -0.0724894 1.67793 -0.385917 -0.334755 0.541777 0.0345684 0.0587629 0.0124315 1.22895 0.973061 0.154842 -0.531899 -0.632656 1.14667 0.227474 0.0180598 0.117753 -0.28112 -0.723487 -0.693136 -0.316109 1.42208 0.601559 0.816841 0.16548 0.417041 1.37571 0.544341 
-1.0805 -1.10442 0.426211 0.108647 1.15449 -1.11903 -0.906541 -0.437138 0.734431 0.106196 0.524522 0.729636 1.21829 0.374518 0.356801 -1.17899 -0.87484 -1.05899 -0.445319 1.35741 1.63176 1.42125 -0.224257 -0.678544 1.8397 -0.528126 1.45091 1.63868 -1.44613 -1.82819 -2.13415 0.612081 2.36054 0.379625 0.0606979 -0.666043 -2.03067 0.345299 0.0564227 
-0.917176 -0.629709 -0.0990925 -0.727042 0.460593 -1.06987 -0.13632 0.340496 1.33998 0.233361 0.616096 1.41775 1.31473 2.76204 2.86591 -2.79964 -2.5736 -3.13455 0.838114 1.92126 -0.427277 -0.0822348 -0.383164 -2.30066 -0.70076 -0.156819 2.7766 1.01175 -2.72666 -1.71527 -2.61552 0.752948 1.42799 0.199624 -0.270814 -0.922365 -2.96882 -0.0238151 -1.82847 
0.185811 0.782677 -0.978924 -1.54826 -1.0363 -0.591871 0.393179 -0.744356 0.67241 -0.129473 -0.760053 0.166179 1.11367 4.17331 1.20564 -3.07512 -1.50748 -2.71047 1.49109 0.545803 -1.34292 -1.79495 -1.04425 -3.6168 -1.8707 -1.87061 3.16927 0.906177 -2.54952 -1.21387 -1.99025 1.98713 1.40953 0.172367 -0.982212 -0.536272 -1.80804 0.403142 -1.48824 
1.00133 0.165253 -1.64276 -1.69468 -1.43372 -0.131885 0.231317 -0.613701 -0.188579 -0.411287 -1.40131 -0.0914842 0.0165722 2.42904 -1.46661 -1.17833 0.887134 0.266115 1.91814 -0.04272 0.677207 -1.24919 -0.352955 -0.309434 1.22141 -1.79618 2.96908 0.379022 -1.96571 -0.0107257 -1.15941 1.72806 0.567659 -0.561025 -2.0699 -1.2066 -1.91407 0.524094 -0.886431 
1.29822 -0.180172 -1.56871 -0.967732 -0.849672 0.614794 0.362002 -0.271166 -0.388836 -0.346454 -0.935893 1.15659 -0.132645 0.68982 -0.620883 0.00727132 1.49077 1.0393 0.906115 0.207004 0.545965 -1.0008 -0.616199 0.852759 2.54762 0.70604 1.53342 -0.859756 -0.928554 0.952131 0.654902 0.845818 -0.24157 0.592718 -1.39553 -1.25401 -0.346388 1.81071 -0.865564 
1.30998 -0.241276 -1.63631 -0.723895 -0.706553 0.43806 0.369366 -0.233244 -1.03714 -0.791122 -0.930033 1.97104 0.512875 0.0822536 0.137233 -0.27267 0.432423 0.677202 -0.743652 -0.286553 0.172758 -0.638675 -1.37286 -0.178627 1.11788 0.658944 0.528001 -0.275333 -0.0322608 1.32939 1.27368 0.777799 0.000320284 1.01832 -0.690443 -0.17008 1.03073 1.43773 0.0699552 
1.32609 -0.0880105 -1.70303 -0.681186 -0.375646 0.14678 0.16559 -0.15441 -0.927318 -1.19439 -1.0389 2.06332 0.33086 0.174432 0.194543 -0.0610222 0.352363 0.795695 0.174102 -0.212828 0.91153 0.0621709 0.38503 0.658497 -0.69024 -0.617656 0.0808322 0.0447623 -0.274397 0.68907 0.424357 -0.21659 -0.548689 0.390325 -0.226252 -0.487518 0.212797 -0.486875 -0.782169 
1.38045 -0.111416 -1.66419 -0.489109 -0.149687 0.547455 0.222914 0.405515 -0.975506 -0.551551 -0.566921 1.41608 0.0873168 0.0494627 -0.0689673 -0.158553 0.522053 -0.0661063 0.445723 -0.453392 0.388299 0.324972 0.70397 0.502396 -1.74718 -1.68692 0.0293012 0.0551485 -0.166314 0.325767 0.470702 -0.225313 -0.137003 0.398053 0.136065 -0.490693 -0.167158 -1.2755 -1.43673 
1.33881 -0.131488 -1.77996 -0.336693 -0.421272 0.427067 -0.14388 0.114643 -0.640662 -0.757513 -0.762704 0.653938 -0.83937 -0.127132 -0.11023 -0.201708 0.0979151 -0.117817 -0.48412 0.0233785 -0.339441 0.111901 -1.0583 -0.88635 -0.957995 -1.26786 -0.0386691 -0.0194819 0.0105979 0.105138 0.234181 0.194104 0.49064 0.670894 0.568814 0.449224 1.12968 -1.11232 -1.21004 
1.31155 -0.182036 -1.76283 -0.418829 -0.231464 0.242726 0.236528 0.16036 -0.871296 -1.20489 -1.06399 0.644679 -0.791063 -0.113509 0.037964 0.171615 -0.377968 0.403152 -0.174462 1.10321 0.573259 0.431695 -0.0811687 1.15251 0.309777 0.0983974 -0.140385 0.202877 -0.172209 0.292421 -0.0760678 0.234199 0.792386 0.394344 0.665886 -0.079284 0.602552 -0.379555 -1.35401 
1.2762 -0.104626 -1.69086 -0.57408 -0.138836 0.317161 0.601485 0.514386 -0.262623 -0.806354 -0.124521 0.907394 -0.766247 -0.103542 0.42281 -0.0702118 0.306085 0.00778422 0.81095 1.02993 0.906236 0.775449 0.95233 1.77597 0.467358 -0.50928 -0.0359765 0.165371 0.174244 0.278225 0.250607 0.0324711 1.73895 0.521881 0.440561 -0.968161 0.896785 -0.437931 0.49266 
1.25356 0.0979796 -1.79534 -0.213964 -0.225433 0.752798 0.932234 0.795378 -0.198911 -0.614362 -0.0786612 1.02552 -1.14115 0.0538736 0.216662 0.0965589 0.762266 -0.0424356 0.221713 1.21581 0.175589 0.152309 -1.25049 0.164283 -0.875839 0.54377 -0.101215 0.224731 0.294886 0.737509 -0.453378 0.237554 1.00923 0.998016 -0.320407 -0.531433 0.439075 -0.318591 -0.442254 
1.29096 0.0397848 -1.6395 -0.0742844 -0.167914 0.456511 1.42316 0.633142 -0.123812 -1.57859 -0.0365917 0.202405 -0.382953 -0.0629656 -0.0764611 0.526458 0.715616 -0.661532 -0.47947 0.313333 0.522277 -1.21591 -1.68178 -1.12369 -0.879227 -0.073378 -0.134224 0.215474 0.401186 1.23173 -0.740173 -0.356599 0.76172 0.372085 -0.188855 -1.6852 -0.692722 -1.75562 -0.34533 
1.21431 0.0495727 -1.52778 0.255671 -0.687325 0.450994 1.14234 1.1591 -1.23166 -1.65341 -0.707884 0.317795 -1.18765 -0.274454 0.115383 0.525401 0.94533 -1.02459 -0.713682 -0.203513 0.359432 -0.415666 -1.06991 -1.15515 -1.39274 -0.999449 -0.118326 0.0444281 0.619596 1.1898 -1.0017 -0.807901 0.0130708 0.578157 -0.788196 -1.34985 -0.563395 -1.33003 -0.0776279 
1.15397 0.117574 -1.37247 0.543865 -0.883624 0.00735221 1.28302 0.881799 -0.471338 -2.23911 -0.683337 -0.920442 -1.0744 -0.131572 0.14421 0.435985 0.93378 -0.782368 -0.637969 -0.302107 0.306903 0.145682 -0.176198 0.320573 -0.839474 -0.0315859 -0.355828 0.0941759 0.459237 1.56932 -1.15449 -0.0252649 -0.615489 1.32337 -0.471217 0.465194 -0.844731 -1.01468 -1.42079 
1.14337 0.146324 -1.30572 0.866354 -1.23369 0.0494711 0.935385 1.37064 -1.09852 -1.76104 -0.532931 -0.357798 -1.20505 -0.30915 0.0292351 0.187056 1.23077 -0.639475 0.680915 -0.625755 1.5335 -0.227825 1.71473 -0.0564055 0.0814812 -0.865188 -0.153979 0.301554 0.60288 1.1016 -0.607421 -0.282407 -0.191158 0.630049 0.318045 0.968813 0.218203 -0.606052 0.226622 
1.00096 0.138694 -1.2756 1.34656 -1.3301 0.435612 0.856744 1.96003 -0.658023 -1.17693 -0.718288 -0.851539 -1.67235 -0.121371 0.320844 0.5004 0.593212 -0.0933602 0.248823 0.0402431 0.596351 0.273384 1.51547 0.0110461 0.056192 0.325218 -0.29115 0.197487 0.351445 0.491922 -0.654636 0.010002 -0.254578 0.835516 0.241204 1.81917 0.450069 0.803454 0.107475 
1.07713 0.359265 -1.05127 1.25685 -1.29837 0.205878 0.960427 1.7867 -0.856041 -0.822129 -0.530325 -0.309338 -0.973967 -0.1685 0.275017 0.357361 -0.5499 -0.304291 -0.664805 0.279088 -0.336953 0.543441 0.797113 0.724649 0.956386 1.00273 -0.501405 0.457978 0.184928 -0.0720674 -0.0823812 -0.504775 -0.29856 0.356472 0.697918 1.44116 -0.135507 0.337221 -0.271477 
0.912944 0.32149 -1.09308 0.998013 -1.54224 0.0172043 1.04364 1.71664 -0.1843 -0.682424 -0.318341 -0.0753665 -0.969427 -0.700712 0.385913 -0.215571 -0.695056 -0.02577 -0.946153 -0.445722 -0.083617 0.65709 0.475134 -0.192948 0.37928 -0.684143 -0.575682 0.689148 0.539785 -0.462349 0.636767 -1.62133 -0.922098 -0.983841 1.25798 1.31755 0.479008 1.06386 1.16912 
0.743158 0.615009 -1.15688 0.814462 -1.3158 -0.389541 0.656154 1.7223 -0.285003 -0.526816 -0.641304 0.000304146 -1.44583 -0.77526 0.788938 0.480664 -0.0935843 1.22148 -1.57998 -1.51835 -1.06356 1.14102 1.02304 -0.0143908 0.417932 0.525664 -1.18488 0.837075 0.470917 -0.324761 0.970086 -0.848608 -1.75538 -1.14227 0.968897 1.02865 -0.649641 0.337686 1.7199 
0.54452 0.842345 -0.848553 0.944485 -0.687707 -0.976989 0.0125009 0.959833 0.801112 -0.0481538 -0.329899 0.265523 -0.598743 -1.24102 0.906617 0.946237 0.242519 1.42328 -0.227703 -1.90778 -1.54304 0.638193 0.94665 -0.735378 0.0567929 2.93411 -1.44065 0.934042 0.883271 -0.162437 1.18883 -1.03354 -2.13089 -1.87719 0.0359147 0.668995 -0.581779 -0.682454 1.94357 
0.159487 1.21327 -0.678215 0.978231 -0.320188 -0.532944 -0.638883 0.626706 0.269854 0.0601974 -1.05431 0.0492496 0.602172 -1.58545 0.653421 0.89283 -0.133677 0.491247 0.149817 -1.33727 -1.61217 -1.10178 -0.097189 -0.815413 -1.29993 2.01733 -1.52841 0.667716 1.15403 -0.157566 0.595531 -0.602093 -0.772595 -1.04098 0.297225 -0.207181 -0.985483 -0.911966 1.88361 
-0.198326 1.27406 -0.396748 0.865037 -0.343684 -0.882873 -0.895935 -0.18461 -0.13391 -0.106906 -0.787472 -0.7823 0.810784 -1.26347 0.124222 0.849356 -0.46302 -0.565516 -0.604502 0.868428 0.0609619 -0.247157 -1.22898 -0.680527 -1.23533 -0.46967 -1.46249 0.551722 1.1815 -0.29073 0.364952 0.571744 0.344236 -0.975609 -1.91531 -1.30406 -1.09277 -1.04141 1.60198 
-0.434556 1.29688 -0.248273 0.685857 -0.714955 -0.913411 -0.052619 0.664469 0.0666156 -0.69873 -1.43678 -0.946351 0.279675 -0.811045 0.198186 0.945575 -0.271631 0.0342429 0.644824 1.79133 0.223413 -1.48585 -1.69765 -0.756252 -0.0458523 0.0781483 -0.885486 -0.222865 1.991 -0.991779 0.421817 -0.907392 1.24952 -0.780174 -2.09694 -0.921339 -0.213959 -1.05381 -0.607877 
-0.583288 1.40631 0.0815827 0.696398 -0.319155 -0.47732 0.315734 -0.0320622 -1.3978 -1.15577 -1.2121 -0.816332 0.869805 -0.187803 -0.469489 2.251 -0.915218 1.17295 -0.650824 0.796148 -1.17074 -2.58499 -0.0381166 0.384729 -0.12648 -0.32997 -0.212841 -1.33747 2.41105 -1.98533 1.11884 -0.28955 1.65885 0.490215 -1.32623 -1.1313 -0.646884 -0.621904 -0.304848 
-0.531493 0.989935 0.886556 0.101128 0.105652 -1.32302 0.484665 -0.16807 -2.13843 -0.720937 -1.22611 -1.04556 0.0544698 0.461677 -2.26572 2.80961 -2.48547 1.57762 -1.04387 0.420588 0.480233 -0.308723 0.141033 -0.168071 -0.757911 -0.480792 0.13152 -1.91826 2.21798 -1.84706 1.94892 -0.272354 1.32347 -0.504276 -1.34795 0.337279 1.60765 1.20702 -0.17841 
-0.380073 -0.0821914 1.49734 -0.903527 0.784359 -1.13422 0.598518 0.30195 -1.65375 -1.06715 -1.30923 -1.42599 0.539562 0.402554 -2.49546 1.2032 -1.64999 1.63508 0.275611 0.967315 0.454795 0.761181 0.506555 1.9641 1.68578 0.092972 0.336369 -2.61674 1.49998 -1.88561 1.8134 -0.262144 0.614047 1.77567 2.06641 1.30427 2.51712 1.94216 -1.34634 
-0.355601 -0.649697 1.49444 -0.958644 1.24934 -1.14976 1.13794 0.147968 -1.47826 -0.406186 -0.136022 0.320248 0.123814 0.08865 -1.7785 -0.474711 -0.133241 1.03513 0.682807 0.394247 2.05835 3.08155 1.6608 3.83729 3.26705 -1.28631 0.330236 -2.11472 0.562859 -1.37486 1.17906 0.6953 0.776597 2.11294 2.23482 1.45572 2.68213 1.68325 -0.759045 
-0.349249 -1.25021 1.26141 -0.982693 1.50861 -0.704768 0.863453 1.75103 0.993266 -0.03833 0.82386 1.21811 -0.351668 0.137725 -0.773048 -0.3292 -0.259892 0.0635672 0.690268 0.0648793 2.56522 2.23837 1.50412 1.94467 0.488828 -1.09066 -0.112368 -1.32127 -0.265938 0.0403938 0.458288 0.156353 -0.537325 1.50614 1.63561 1.65757 4.14915 1.96765 -0.591789 
-0.302097 -1.15632 1.33169 -1.11969 1.29437 -0.715618 1.17968 1.9552 0.446773 0.525704 0.943246 0.718449 -0.631156 -0.273426 -0.263995 0.0566755 0.187473 -0.375137 -0.463866 -1.119 0.0954906 -0.888691 0.628216 2.20132 -0.724979 0.507747 -0.208836 -0.940031 -0.367851 0.331272 0.0985919 -0.19592 -0.932115 1.36027 1.51486 2.05522 1.9158 0.1812 1.0849 
-0.485755 -1.42197 1.29271 -0.854512 1.24694 -0.996754 0.102933 1.81319 0.240704 0.351686 2.04603 0.635076 0.00653836 -0.480533 -0.680367 -0.247711 0.717809 0.0780903 -0.95955 -1.31753 -0.61961 -0.20807 1.33322 0.851529 -0.254943 2.50871 -0.269813 -0.223351 0.422654 0.575384 -0.29204 -0.615894 -0.198462 -0.857869 -1.14918 0.767378 0.908241 -0.356368 1.25472 
-0.534315 -1.60198 1.20992 -0.64864 1.34955 -1.31947 0.28462 1.51208 0.277003 1.35187 1.41384 0.515388 1.12058 -0.169271 -0.0820218 0.598752 0.609227 -0.046117 -0.387467 0.847366 -1.31618 -0.667523 0.433293 -0.867903 0.2643 1.13279 -0.544229 -0.631283 0.0714786 1.11246 0.304759 -0.460034 0.575398 -0.426981 -1.38422 0.624013 0.784723 -1.84695 0.55624 
-0.574126 -1.47404 1.59662 -0.453659 1.21529 -1.24067 0.674925 0.877888 -0.32248 0.621114 1.55923 0.851769 0.800045 -0.411703 -0.295978 0.355682 0.82425 0.36066 0.324227 2.08069 0.0139954 -1.66456 -0.469397 0.302569 -2.13163 -1.78324 -0.326806 -0.438406 -0.254574 0.417762 0.435885 -0.365028 1.05762 0.0128856 -0.652565 0.180737 -0.671026 0.176876 0.118212 
-0.734724 -1.79478 1.39159 -0.10877 1.60228 -1.11562 1.69238 1.51665 -1.13991 1.06285 1.57877 -1.20478 -0.11673 -0.36679 -0.596294 -0.999072 -0.0312772 0.673824 -0.116185 0.560603 1.33846 -0.220109 -0.180714 -0.0914703 -0.0360013 -0.981187 -0.378504 -0.312828 0.0193115 0.338103 0.466853 0.28414 0.962477 0.596099 -1.33872 -0.851901 0.000953031 -0.550522 -1.40342 
-0.75378 -1.86439 1.09699 -0.466904 1.68696 -1.31391 1.05259 1.81831 -0.502558 0.51069 1.50476 0.8257 0.121312 -0.209049 -0.188297 -0.329036 -0.356852 0.311672 0.0718178 -0.799941 0.840796 -0.146815 -0.701948 -0.286357 1.4201 -0.0586267 0.109169 0.402127 -0.537292 0.574637 -0.409034 -0.666909 0.533029 0.936416 -0.912348 -0.0227492 -0.312587 -0.990801 -1.01932 
-0.841479 -1.91676 1.22892 -0.332505 1.82077 -1.07058 1.14807 2.10543 -1.25723 0.629966 1.41578 -0.0537443 -0.152964 0.544926 1.21675 0.158016 0.826942 -1.26367 -0.805849 0.145898 0.00212251 -1.01726 0.152702 -0.347517 -1.2444 -0.357486 0.996779 1.58069 -1.05673 1.57702 -2.76222 -2.19684 -1.21633 -1.14121 -0.782032 -0.54584 -1.1269 0.963756 0.294474 
-0.512092 -1.06212 1.17926 0.0747048 0.804103 -1.82106 1.14923 1.81449 -1.36521 0.606532 1.30771 -0.177229 -0.123056 1.84123 2.62984 -1.32178 2.54364 -4.29253 -3.11422 -0.832763 -2.46595 -0.915115 -0.0473638 -1.33485 -0.175112 0.441152 2.10503 1.07193 -1.31362 2.37353 -3.37122 -0.767504 -0.831229 -1.47613 -1.71897 -0.408987 -1.49656 -1.07999 -0.287025 
-0.000714366 -0.184953 0.567001 1.31898 -1.17958 -3.03004 0.581514 0.35773 -2.03242 0.602038 0.668977 -0.19227 0.158863 2.90276 0.438678 -2.20931 2.46526 -3.59477 -0.255603 -1.26365 -2.10536 -1.30604 -0.713306 -1.81038 -0.151237 -0.0218073 2.3454 0.677942 -1.69935 2.22138 -3.62054 -0.339022 -1.08338 -2.28878 -1.59018 -0.66152 -1.44436 -0.228825 -0.124657 
0.819248 -0.771668 0.071002 1.67552 -1.70844 -1.98202 0.290688 0.321572 -2.47513 0.166622 0.296131 -0.296454 -0.133648 2.00022 -1.5832 -1.33084 0.537406 -0.925202 2.64661 -0.622158 -0.797311 -1.23479 -0.861462 -0.747253 -0.120775 -0.607729 2.00021 -0.00188693 -0.977416 2.31612 -3.19016 0.570674 -0.760552 -1.27894 -0.433482 -0.0325606 -0.741068 0.497148 -0.413341 
0.913522 -1.2245 -0.0994752 1.6734 -1.82581 -1.36506 0.157678 -0.210948 -3.08133 0.0704725 0.249355 -0.286869 -0.259782 0.373206 -0.442494 0.682134 0.747271 -1.00276 1.04876 0.240407 0.283605 0.713349 0.671765 0.749319 0.793342 -0.522973 1.30929 -0.65023 0.0236303 1.17822 -1.53896 1.51134 -0.320476 0.556778 0.982928 -0.0324786 -0.0026983 1.16668 -0.625367 
0.981577 -1.06085 0.416848 2.16562 -2.40888 -1.32232 0.451372 0.516651 -1.85592 0.583579 0.709815 0.347914 -0.493267 0.143921 0.577577 1.36422 1.09593 -1.2929 -0.549765 0.187374 1.59597 2.54896 0.820034 0.758164 1.62795 -0.214824 0.0613384 0.118369 0.699655 0.992253 -1.01869 0.407208 -0.209598 0.000164848 1.43909 1.43165 0.857175 1.20384 -0.956235 
0.969889 -0.842674 0.589391 2.38891 -2.7291 -1.71109 0.282425 0.911426 -0.890348 0.579156 0.667964 1.03219 -0.404796 -0.273424 0.624494 0.405116 0.627968 -0.465619 -0.482155 -0.526928 -0.279486 1.21495 1.30572 0.509966 0.761847 -0.733048 -0.270139 0.879735 0.970359 1.27921 -0.631669 0.118821 0.420038 0.31449 2.39297 1.98039 0.907122 0.999577 -1.71294 
0.845072 -0.648169 0.623383 2.57859 -2.73381 -1.62581 0.0920696 0.313859 -0.807212 1.39273 0.990224 0.966822 -0.999188 -0.587152 0.78087 0.145039 0.677556 0.382232 0.71669 0.368039 -1.14317 0.663498 1.91412 0.573633 -0.336684 -2.03255 -0.482739 0.85377 0.675027 1.1091 0.341387 -0.242343 -0.17066 -0.527926 0.997916 1.28498 0.168095 0.866221 -0.763913 
0.688397 -0.327127 0.665132 2.83394 -2.46129 -1.26032 0.529599 0.0983737 -0.313823 1.76469 0.983824 0.763055 -1.81573 -0.518081 0.693831 0.643742 0.909427 0.957152 0.148535 0.292474 -0.470224 0.119405 0.469515 -0.251095 0.357119 -0.271014 -0.632173 0.684088 0.634108 1.57689 0.681283 0.301479 -0.15369 -1.27223 0.502176 1.50977 0.314285 -0.621632 -1.19548 
0.595501 -0.189876 0.949921 3.17352 -2.06407 -1.53251 0.288037 -0.0237045 -0.696576 1.68457 0.846868 1.25855 -1.18333 -0.44915 0.275267 0.840028 1.50905 0.599101 -0.296616 -0.579801 -0.669008 0.00345583 0.171091 -0.102522 -0.466729 0.463088 -0.827331 0.649276 0.500262 1.14285 0.675016 0.444136 0.0998087 -0.612171 -0.296381 -0.0567461 -0.0265672 -0.638314 0.749088 
0.470682 -0.144166 1.09038 3.81655 -2.04186 -1.44708 0.134467 -0.379647 -0.30247 1.87191 0.923194 0.388788 -1.48862 -0.837922 0.308515 0.13267 0.67482 0.0151496 0.469252 -0.165264 -0.399741 -0.527521 -0.544406 0.227353 -1.18209 1.24913 -1.28455 0.711936 0.322998 0.00359503 0.762025 -0.434505 -0.169677 -0.314712 -0.680818 0.342202 0.951009 -1.58177 2.69545 
0.198119 0.0149549 1.01944 3.61678 -2.05289 -1.23742 0.173817 -0.311466 -1.13988 1.34915 0.969916 0.305992 -0.30881 -1.65586 0.823899 -0.339957 -1.50589 0.498583 -0.303326 0.346661 0.223653 -0.929126 0.304136 1.49804 -1.57723 3.06494 -1.82195 0.38258 0.0755778 -1.3297 0.23379 -0.531627 -1.00059 -0.24677 -0.299956 0.8349 0.651877 -1.09273 1.78278 
-0.304702 0.399686 0.922221 2.84994 -1.69271 -1.63806 0.367154 -0.22693 -1.08966 2.06143 1.75377 -0.883202 0.650492 -2.14743 0.281738 -0.0183091 -2.52203 0.321333 -1.2038 -1.17895 0.0513708 0.114592 1.69902 0.733877 -0.230007 1.08322 -1.98773 0.595507 -0.457169 -2.20932 0.846753 -0.0804433 0.358129 0.562918 0.0704919 1.43354 1.83392 -0.368683 2.61024 
-0.804438 0.202172 1.01304 1.99322 -1.82766 -1.99493 -0.627328 -0.280481 -1.03336 2.40161 1.375 0.12309 0.450171 -1.60106 0.0953641 -0.376194 -1.56207 0.721196 0.194086 0.125968 0.583773 1.01492 1.67596 1.17929 1.10064 0.351451 -1.69108 0.564937 0.0239105 -2.00142 0.862795 0.204499 0.27121 0.598687 0.895733 1.29858 0.9504 0.145916 0.838156 
-1.05476 0.464306 0.735835 1.84701 -1.18792 -1.51609 0.450289 0.180242 -0.212221 3.09963 2.40687 0.00958368 0.89985 -0.623536 0.590289 0.0521251 -0.257407 0.921564 1.48946 1.53535 0.807115 1.08219 0.0949724 0.660752 0.418304 0.0115834 -1.17748 0.0188712 -0.0518295 -1.00683 0.3706 -0.196695 -0.59564 1.08571 1.39917 0.319942 0.287028 1.22493 -0.309005 
-1.10274 0.592356 1.04205 1.83378 -1.18279 -1.05797 0.410878 0.284501 -0.0983249 2.46174 1.73937 0.464279 0.462833 -0.328541 -0.0671052 0.291937 0.16295 -0.187567 -0.464442 -0.928695 0.969922 0.85963 -1.23143 -0.747754 0.4818 -0.759541 -0.785156 0.559504 -0.84948 -0.781578 1.65467 0.29087 0.0191856 1.03473 1.24341 -0.289127 0.846968 -0.550534 0.880923 
-1.21674 0.422054 0.885451 1.95933 -1.31846 -1.80844 -0.181273 0.860259 0.532245 2.33919 1.98697 0.402103 0.375478 -0.663377 0.273343 -1.37986 -0.82911 1.46244 -1.08409 -1.51595 0.67381 0.582659 -0.490298 0.583714 -1.12985 1.13924 1.48083 -0.356166 -1.85339 -1.39844 3.16122 -1.17548 -1.26457 0.492 0.484925 -3.12047 -0.614951 1.32761 1.34833 
-1.41946 0.774051 0.350923 1.30472 -0.1598 -1.74017 -0.618636 0.755291 0.40898 2.15979 2.06084 -0.446055 1.26083 2.75367 -0.484135 -3.18468 -2.10556 4.74256 -1.16244 -0.76851 -0.263728 -0.215901 -3.06809 -0.13021 1.2333 2.52272 1.33467 -1.27824 -1.49313 -1.91368 3.00564 -1.69335 -1.08966 1.44232 1.16758 -1.29749 0.771597 1.54219 1.48028 
0.0457017 0.105478 -0.713322 0.605026 1.99769 -2.53994 -0.704284 0.668603 0.355771 0.442504 1.91092 1.40213 2.13697 2.84908 -2.24935 -0.95128 -1.82855 2.86836 -1.2605 0.052624 1.38893 0.980098 -1.29548 0.551328 3.12221 0.796794 1.79134 -1.78092 -0.358589 -1.54645 3.23029 0.0772656 -0.00887966 1.04569 -0.190714 -1.39146 0.185825 2.08117 1.10772 
-0.112933 -0.70369 -0.124673 0.129505 1.84608 -2.53337 -0.585204 1.73137 1.2566 1.35973 2.36428 2.08096 1.82034 0.180131 -2.2686 2.62221 -0.0424588 -0.0880427 1.27177 0.750384 1.7603 -0.049959 1.15274 0.414822 1.45544 -1.07476 1.94143 -2.63222 0.583965 -1.12326 2.12156 -0.0104855 -0.06109 1.49308 1.24961 -1.30573 0.665684 3.48428 1.25045 
0.118803 -1.38493 0.608188 0.584552 1.93673 -1.73994 -0.198012 1.90708 0.321386 1.15702 2.13835 2.58174 1.39307 0.330597 -1.81879 1.85818 0.267848 0.188452 1.24822 -0.140564 0.746262 0.693099 -0.501655 0.429948 1.37942 0.838147 -0.407776 -1.83177 2.5458 -1.00541 -0.145633 0.868215 -0.179068 0.248091 0.583162 1.38745 -0.326326 1.58214 -0.19777 
0.0297044 -1.8982 0.812606 0.30965 1.97842 -1.74819 -0.682686 2.25336 1.85847 1.05075 2.60014 3.19911 2.40865 -0.848834 -0.56271 1.34305 -1.3547 -0.122236 -0.0662445 -0.996081 -1.40227 0.825941 0.763792 -0.873756 0.588525 0.812401 -0.510395 -1.19877 1.8175 -0.493469 -0.263957 1.67471 0.311075 -0.19438 0.987591 1.08948 -0.579526 1.21027 0.0395275 
-0.283622 -1.75319 1.28641 -0.28431 1.85186 -1.78176 -0.875237 0.910952 1.03701 1.63091 1.64829 3.06053 1.96345 -1.16741 -0.0344189 0.971702 -0.954521 -0.569239 1.07505 0.550273 -1.01985 0.627353 2.00731 -1.25648 0.184071 -0.789626 -1.06011 -0.249551 1.24528 -0.795079 -0.0648764 0.166174 0.207725 -0.834721 1.6494 0.881895 -0.316033 -0.903296 0.170095 
-0.519946 -1.91896 1.30408 -0.300489 1.58105 -1.07196 -0.31202 1.52744 2.40404 2.29394 1.89697 3.35094 1.86332 -0.888497 0.176208 0.594789 0.249446 0.0283305 0.298798 1.26759 0.214625 1.38548 0.455627 0.429765 -1.75586 -0.592824 -1.10744 0.208933 0.965151 -1.22178 -0.429494 0.232104 0.398087 -1.38311 -0.307904 1.04523 -1.2126 -1.28832 -1.09726 
-0.704378 -1.63539 1.58833 -0.116063 1.87225 -1.59391 -0.0184769 1.05729 2.23174 1.91415 1.88404 1.64414 1.55518 -0.647465 0.356356 0.529437 -0.742918 -0.0500923 -0.751121 -0.0242136 -0.950604 -1.05098 -0.562663 -0.489154 -1.84888 -0.651147 -0.717944 -0.288146 0.78931 -0.631737 0.141714 0.242378 -0.105801 0.152438 0.120868 1.05691 0.449557 -0.0550346 0.177078 
-0.829311 -1.68265 1.57313 -0.773823 1.54662 -1.54467 -0.330656 0.850448 1.51252 1.94723 1.62106 1.85936 1.41444 -0.288312 -0.622344 0.632227 -1.12801 0.175467 0.0393675 -1.41532 0.00685765 -1.23187 1.00513 0.237736 1.68452 0.821548 -0.151447 -0.748559 1.39935 -1.04437 -0.566804 0.53968 -2.81591 0.161763 -1.75873 -0.321006 -0.644924 -1.05808 -0.529188 
-0.847763 -2.04288 1.90908 -0.838365 1.99551 -1.56928 -0.979802 1.05682 1.18533 2.53734 2.01287 3.00893 2.13193 0.398669 -1.51391 1.64858 -0.708304 -0.767105 1.50132 -3.74741 1.1854 -1.32584 0.12338 -0.432325 0.481552 -0.0454024 0.0304862 -0.997824 0.408425 -0.238102 -1.50713 2.53166 -2.12021 1.09155 0.198571 0.0907986 0.800301 0.506259 0.33005 
-0.655214 -2.67662 2.405 -1.22478 1.01092 -0.600247 -2.87233 1.68272 0.385642 2.02493 1.3768 2.25167 1.38742 0.337554 -0.920371 0.00101832 0.79574 -2.3477 3.47156 -1.42602 1.55517 1.49009 -0.876564 0.938978 -1.03064 -0.392416 -0.158718 -0.311096 -0.156106 1.01846 -1.40748 2.65754 -1.5116 0.219329 0.652625 -1.83656 0.468465 -0.212366 -0.453307 
-0.70191 -2.64641 1.91239 -0.316928 0.354806 0.614727 -1.94838 2.15037 2.46963 1.99643 2.53216 2.1788 1.86323 -0.659376 1.03232 -1.8954 2.11991 -1.26154 2.18407 1.71989 -0.86843 2.19534 -2.65249 1.12728 -0.756173 -0.551736 -0.601453 0.710264 -0.791942 1.60069 -1.53195 1.91643 -0.964499 -0.636384 0.534186 -1.35084 -0.161914 -1.573 -1.38608 
-0.970083 -1.99567 1.45461 0.15276 0.129561 0.773733 -1.70907 1.06379 2.27383 0.385353 2.00093 1.64342 1.00777 -1.32353 2.01696 -1.23906 1.4239 0.1397 -0.813294 0.130067 -2.4597 -0.780041 -0.982777 -1.15922 -1.00198 -1.42675 -1.1053 1.65748 -1.06641 2.76677 -0.0995966 1.12499 1.97903 -1.11316 0.19491 -1.48727 -0.0506833 -1.13185 -0.305951 
-1.32371 -1.31776 1.29207 0.610623 0.45306 0.102897 -1.86247 0.407076 1.8101 1.38981 1.88315 1.37184 0.874199 -1.15198 1.52788 0.229491 1.71804 1.1176 -0.622681 0.920168 -0.71668 -1.94204 0.605022 -1.18603 -0.706466 0.147648 -0.585795 3.02516 0.264995 1.60526 0.237863 -0.852247 -0.000495893 -1.98331 -3.70216 -2.96461 -2.99649 -2.14408 -1.33568 
-1.5126 -0.988738 1.57282 1.27048 0.911472 0.381828 -1.08774 0.552083 0.619315 0.761021 1.33699 1.07535 1.11519 0.363204 2.65655 1.6487 0.80209 0.202651 -0.365605 -0.136982 -0.367512 -4.21316 -3.10182 -3.17629 -1.76852 -0.326388 -0.196521 2.75237 0.490013 0.636075 0.429787 -1.33155 1.28532 -1.53765 -3.51957 -0.66298 -2.39883 -2.34993 -1.6351 
-1.16601 0.431608 2.124 1.13616 0.595325 -0.127268 -1.95752 0.142087 -1.78909 -0.527738 0.111022 -0.0547855 0.651488 0.829345 2.72412 0.530944 -0.837111 -0.49868 -1.22049 0.792274 -1.47436 -2.80534 -1.51586 -2.28178 -2.33 -2.29305 0.23584 2.07224 0.797967 -0.134147 -0.358797 -1.05822 0.420295 -1.00946 -3.99849 -2.64777 -3.26864 -1.98432 -1.42103 
-1.13947 0.805086 1.84264 0.73625 0.563431 -0.386192 -0.553083 -0.494988 -1.77441 -0.175385 0.0629314 -0.805172 -0.477166 0.0224404 0.544533 -0.408193 -0.990089 -0.720104 -1.09876 0.692738 -1.06956 -1.17897 -0.545883 -1.55432 -0.79556 -1.53856 0.651283 2.13814 0.0734854 -1.08051 -0.895214 -1.11465 0.595339 -0.640507 -2.14306 -1.47902 -2.03599 -2.18287 -1.6929 
-1.16578 0.791693 1.92153 0.50303 0.0924835 -0.818698 -1.49031 -0.618958 -2.79021 -0.864072 -0.757984 -0.694878 -0.415414 0.236862 0.578775 -0.419845 -0.664263 -0.791767 -0.322084 -0.00245492 0.56395 -0.0888979 -0.520231 -0.659264 -0.490611 0.0719303 0.23024 1.24558 -0.519494 -1.60522 -1.44306 -1.07015 1.90668 0.27324 0.76054 -0.00470096 -1.35506 -0.812568 -1.17617 
-1.04016 1.1877 1.6343 0.313768 0.0104901 -0.588974 -0.556974 -0.101823 -1.84213 -0.49585 -0.307697 -1.19874 -0.422476 0.35403 1.37921 -0.405118 -1.2395 -1.3598 -0.382136 1.85058 1.46348 2.19375 0.542758 -0.398144 -0.25455 -0.0056031 0.364996 1.30516 -0.278812 -2.29961 -2.40341 -0.585096 0.860548 1.18791 0.419964 -0.606634 -0.796242 0.0451743 0.572576 
-1.01231 1.70083 1.72059 -0.291352 -0.857572 -1.05926 -0.238493 0.409802 -0.903378 -0.526924 -0.983219 -0.897621 -0.414721 0.360361 1.43702 -0.018261 -2.529 -2.67204 -0.486565 1.14691 1.13562 0.645173 -0.312912 -0.481899 0.548744 0.674934 1.37115 1.09868 -1.62404 -2.76692 -2.10292 0.0621593 2.95947 0.789082 2.02352 0.557157 0.926588 -0.215333 0.107443 
-0.883763 2.13486 1.62792 -1.3143 -1.85696 -0.895241 0.218002 0.695275 -1.2813 -0.688058 -0.579567 -0.752108 0.0521647 1.89144 0.317549 -2.1301 -2.60232 -1.67099 0.470532 2.1005 -0.333217 0.521334 0.228874 1.7582 -0.023904 0.1431 1.98907 0.0687206 -1.91518 -3.04711 -1.99175 1.43691 3.34431 -0.0619672 0.780802 -0.500719 0.311699 0.597583 -0.826018 
-0.148347 1.9116 0.65217 -1.96682 -2.02518 -0.763367 1.18269 0.169045 -0.448584 -0.383959 -0.00777982 -0.913911 -0.310466 2.89735 -1.33174 -2.97082 -1.70166 -0.198546 2.48026 3.31877 -1.22019 0.396886 -0.374182 0.949256 0.223128 -1.76036 2.42567 -1.05185 -2.46542 -2.10809 -0.875869 3.93569 3.63025 -0.663661 -0.120003 -0.454436 0.0846699 0.235311 -2.22837 
0.445077 1.26073 0.136693 -2.40748 -1.99518 0.665086 2.46475 -0.172203 -0.933066 -0.91817 -0.0545571 -0.568698 -1.16921 2.08151 -1.94375 -1.71677 -0.325162 0.408419 4.98628 2.74752 -0.610248 -0.691998 -0.852148 -1.62045 0.327703 -3.06573 2.67484 -1.8456 -2.74158 -0.981137 0.602744 4.05985 1.7296 -1.31711 0.3505 0.19746 -0.353289 0.859324 -1.97301 
0.803457 0.634886 -0.208388 -2.17007 -1.73907 2.37363 3.04233 -0.267458 -1.03272 -0.909762 -0.913605 -0.645962 -2.44094 1.48376 -1.52094 -1.30655 0.338192 1.0667 3.14862 -1.01225 -0.656047 0.065872 0.649822 -1.44734 0.886927 -0.827737 1.9655 -2.02458 -2.08069 0.158128 1.38565 3.68325 -0.0839761 -1.08424 -0.00315987 0.0480577 -1.37495 0.723962 -1.34637 
1.12064 0.262141 -0.517571 -2.18186 -1.24885 2.64592 1.77657 -0.641066 -0.868268 -0.514788 -0.863991 0.151323 -1.74107 1.1376 -1.18549 -1.53033 0.542788 1.58793 0.120671 -2.86606 -0.933581 0.678636 0.921773 -0.360889 0.607456 1.2986 1.25646 -1.51796 -1.73935 1.03614 2.03828 1.66121 -1.81798 -0.598627 0.788654 0.459869 -1.39826 -0.527885 -0.835619 
1.31904 -0.143042 -0.975189 -1.81217 -0.628341 2.44941 1.0979 -0.932421 -0.443237 -0.338139 -1.1181 -0.151863 -1.53196 0.573824 -0.825481 -1.40842 1.09796 1.8701 -0.844062 -1.42496 -0.194585 0.986757 -0.0123412 -0.567851 -1.56921 -0.270266 0.660562 -0.927109 -1.32288 1.25984 1.93173 -0.864962 -3.01648 -0.708568 1.01469 0.32429 -0.55331 -0.172747 0.508066 
1.37568 -0.278973 -1.22306 -1.46503 0.0591438 2.11473 0.808713 -0.783868 -0.0149481 -0.521049 -1.18372 -1.11419 -1.9247 -0.0561882 -0.24796 -0.535398 1.20381 1.19533 -1.31719 -1.17375 -0.0739866 0.678304 -0.471246 -0.427582 -0.830888 -0.636249 0.236805 -0.375109 -0.916417 1.50106 1.44877 -1.7868 -2.00417 -0.144454 0.63665 -0.384363 -0.458358 -0.103362 0.251232 
1.28293 -0.304261 -1.24164 -1.02691 0.207914 1.62055 0.300278 -0.990011 0.145965 -0.628299 -1.35972 -0.820515 -1.97047 -0.186599 0.24497 -0.0236595 0.983411 0.217206 -1.63006 -1.26122 -0.00773412 -0.138765 -0.514307 -0.0827688 1.43543 0.59614 -0.0537872 0.149546 -0.149094 1.28692 0.942273 -1.60852 -1.54303 0.652691 0.584894 -0.648864 -0.133411 0.755829 -0.00067237 
1.2793 -0.115942 -1.23216 -0.822259 0.211584 1.08903 -0.0481828 -0.794645 -0.125374 -0.837849 -1.23335 0.049243 -1.50493 -0.032624 0.478136 0.299513 0.580373 0.162094 -0.909837 -0.895803 1.00956 0.10001 -0.420128 0.248723 1.80722 0.632105 -0.197177 0.194353 0.123317 1.24801 0.611228 -1.15868 -0.689359 0.307586 0.0193663 -0.436447 -0.41405 1.25626 0.626562 
1.25771 0.0121471 -1.08821 -0.644713 0.321825 1.04798 -0.308993 -0.281985 0.239994 -0.886836 -1.22477 0.643469 -1.52566 -0.137109 0.0544399 0.212442 0.746777 0.663175 0.0264613 0.333171 0.450685 0.155729 -0.0841617 -0.503524 0.187487 0.221451 -0.139695 0.498781 0.160352 0.614998 0.343593 -0.782866 -0.391688 0.853604 -0.323632 0.120762 0.244299 1.17498 0.727406 
1.20579 -0.0782414 -1.12252 -0.332478 0.675804 1.10554 0.175363 -0.481511 0.0163653 -0.888542 -1.51726 0.203841 -1.34611 -0.196919 0.291669 -0.0529944 0.271305 0.332617 -0.172905 0.365796 0.212809 -0.544813 0.590007 0.120782 -0.289331 0.317601 -0.241818 0.51878 0.154639 0.267486 0.101394 -0.365821 0.200699 1.12483 0.467758 0.594844 0.103345 0.674547 1.08595 
1.15656 0.205897 -1.11206 -0.462333 0.554949 0.939057 -0.0633389 -0.136929 -0.218117 -0.520458 -1.16107 0.41261 -1.29987 -0.259728 0.746267 0.0251701 -0.377384 -0.51748 -0.531212 -0.0710539 1.15885 0.464889 0.907761 0.66839 0.683826 1.19798 -0.451481 0.532009 0.234832 0.0199449 -0.243977 -0.690381 0.483465 0.917983 -0.0920964 0.468896 0.10906 0.13454 0.929673 
1.07562 0.414544 -1.10706 -0.569487 0.31462 0.771179 0.124985 0.332 0.422828 -0.325587 -1.14864 0.759677 -0.507208 -0.54338 0.529478 0.415621 -0.245453 -0.684611 -0.781661 0.27443 1.10146 0.411718 0.059921 0.0523816 0.462929 0.897094 -0.922291 1.2288 0.715257 -0.189056 -0.499422 -1.05324 -0.877862 0.480638 0.127529 0.399425 1.06205 0.417347 1.6014 
0.895297 0.556079 -0.900244 -0.614046 0.0769222 0.447129 0.120401 0.63603 0.142818 -0.482015 -1.13544 0.789874 -0.670515 -1.25184 1.15154 1.0864 0.11318 -0.202619 -0.926244 -1.10905 -0.468874 -0.302309 -0.353628 0.888336 -0.144827 0.896741 -1.39888 1.12088 1.2685 0.473102 0.105646 -0.653682 -0.450234 -0.767079 -0.252472 0.142743 0.732963 -0.683115 2.0781 
0.48695 1.17392 -0.55791 -0.489338 0.173556 0.188285 -0.628796 -0.00461047 0.172364 -0.542983 -0.657551 0.645635 0.121906 -1.74892 1.20158 1.55842 0.900205 0.836434 -0.122043 -0.882724 -2.19255 -0.76072 0.140268 1.02657 -1.34578 1.82214 -1.70639 1.21066 1.23878 0.600905 0.369838 -0.341242 -1.36179 -1.97289 -1.14307 0.452868 1.24825 -0.794897 1.17593 
0.0769079 1.34837 -0.113716 -0.0250713 0.662269 0.370203 -0.480007 -0.918498 -0.500167 -0.393865 -0.567385 -0.295014 0.603078 -1.54421 0.718233 0.841306 0.718939 0.73515 0.455558 -0.71815 -2.34347 -1.24568 0.981455 0.93871 -0.882452 0.640577 -1.59514 1.30979 1.14947 0.636367 0.886466 0.273918 -1.47897 -2.10665 -0.581056 0.600605 0.442829 -0.536272 0.969519 
-0.236839 1.64827 -0.132017 -0.017554 0.688095 0.47476 -1.11768 -1.66578 -0.885875 0.0655617 -0.138414 -0.0647014 0.572619 -0.864878 0.821377 0.230055 -0.0188699 0.440574 0.503921 -1.10117 -0.810731 -0.030643 0.691275 -0.368838 0.652656 -0.555247 -1.28551 0.73328 1.01142 0.488542 0.608509 0.735459 0.214879 -1.44756 -0.118784 0.939532 0.607826 -0.960444 0.114463 
-0.332932 1.89057 0.00478004 -0.0302947 0.970867 0.687105 -1.22845 -1.49666 -0.518012 0.035162 -0.776301 0.235625 0.220983 -0.56236 0.413913 0.731964 -0.0427598 0.141312 0.565979 0.999229 0.281026 1.07666 0.317442 -0.0414324 -0.358721 -0.493884 -0.946302 0.573286 0.278447 -0.515159 0.226574 0.853443 0.553207 -0.0247726 0.825985 0.678505 0.216346 0.355335 0.329622 
-0.506872 1.92243 0.238889 -0.0382227 0.787477 0.830707 -0.442778 -1.47252 0.0444233 0.263319 -0.165028 -0.351655 0.233259 -0.686018 0.0635506 0.200564 -0.697905 -0.11449 0.681132 1.83465 0.779253 1.13353 0.247686 0.69776 -0.19378 0.983818 -0.592005 0.448051 0.537958 -0.379108 0.302326 0.911314 1.43543 0.658465 1.12838 0.478983 -0.182007 -0.293062 0.386633 
-0.660113 1.93426 0.108445 -0.474527 0.891415 1.1155 0.0125823 -0.951363 0.460985 0.189765 -0.391326 0.0820084 0.910739 -0.408141 0.277505 0.103214 -0.485202 0.293932 0.69928 0.913939 0.662791 0.433329 0.346396 -0.207978 -0.020163 0.997146 -0.639862 0.114631 0.650981 0.368504 0.382458 0.785961 1.39768 0.432147 0.797991 0.407718 0.665984 -0.612312 0.38214 
-0.705636 2.10686 0.293597 -0.344938 0.993556 1.27052 0.174327 -1.00952 0.423862 0.478988 -0.284376 -0.364921 0.932297 -0.362879 0.112674 0.810807 1.20749 0.665207 0.410397 0.0280417 -0.158496 -0.06833 0.317882 0.283951 -0.59759 -0.486443 -0.630256 0.0192517 -0.00176584 -0.146082 0.426023 0.88122 0.683808 0.466222 -0.246418 -0.0361857 0.506808 -0.0160542 0.113717 
-0.837959 2.01027 0.519001 0.313116 1.35706 1.37356 0.0293566 -1.06867 0.41087 0.387795 -0.236764 -0.398046 0.576562 -0.62502 -0.248658 -0.109426 0.280639 0.319564 0.52427 -0.0058198 0.00660591 -0.774181 -0.392935 0.958596 -0.000813613 -0.85143 -0.660862 -0.476405 0.229191 0.596369 0.367016 0.304691 -0.483915 -0.329683 0.525963 0.834336 0.0548763 -1.28688 -1.29525 
-1.00463 1.94518 0.241368 -0.156524 1.21756 1.60023 0.168155 -1.01016 -0.230649 0.237274 0.245835 -0.362544 0.343931 -0.720421 -0.849704 -0.456975 -0.38167 -0.136742 0.0141302 -0.681373 -0.308229 0.767307 0.835958 -0.189452 -1.06536 -1.21371 -0.720512 -0.561162 -0.0105672 0.276945 0.210531 -0.110203 -0.493171 -0.263237 0.136547 -0.11568 0.18408 -0.162039 -0.605547 
-1.18104 1.45322 0.29199 0.0733363 1.26205 1.38231 -0.434606 -1.29177 1.07628 0.906329 -0.345797 -1.25624 -0.26411 -0.555996 -0.619337 0.0894934 0.101883 -0.0165994 -0.674754 -0.659888 -0.378482 0.948901 0.236779 -0.676518 -0.208782 0.0548425 -0.567883 -0.441645 0.00435764 0.324981 -0.340119 -0.590889 -0.531308 -0.478162 -1.0607 -0.698588 -0.0968897 -0.889259 -0.435982 
-1.27172 1.53967 0.289176 -0.0836782 1.20654 1.17556 -0.281249 -1.2829 0.590257 0.38513 -0.134401 -0.528288 0.386721 -0.210563 0.166384 0.46031 0.830857 -0.353797 -0.830808 -0.0353313 -0.370445 -2.2044 -1.7959 0.0636154 -0.083839 0.639273 -0.521373 -0.498777 0.285342 0.731105 0.12947 -0.122856 -0.573612 -0.471452 -0.130822 -0.0276124 0.442793 -0.315131 -0.382029 
-1.28849 1.56455 0.526281 0.617477 1.0153 0.859462 -0.460776 -1.55883 -0.80288 -0.20332 -0.31392 -1.32098 0.185695 -0.298799 -0.152262 0.351874 0.910931 0.202753 0.506734 -0.113383 -0.290612 -1.13413 -0.271497 1.3342 -0.198616 -0.558601 -0.435705 -0.287561 0.216057 0.395453 -0.156693 -0.676727 0.0685763 -0.381846 -1.43182 -0.32896 1.33162 0.433114 0.505148 
-1.41995 1.4414 0.468935 0.512231 1.34888 1.49423 -0.360311 -1.49355 -0.372466 0.218543 0.604948 -0.685814 0.00229012 -0.503892 -0.611617 -0.126953 -0.283868 0.127581 -0.104834 0.120778 -0.170741 0.267682 1.34564 1.88447 0.64321 0.0192547 -0.50519 -0.458869 0.242219 0.552081 -0.210508 -0.726411 -0.325397 -0.129985 -1.21867 -0.413653 0.352457 -0.0477396 -0.286423 
-1.53151 1.16412 0.465239 0.440927 1.10508 0.793363 -0.381159 -1.68478 -0.565279 0.63053 0.731826 -0.797983 0.2037 -0.529485 -0.557673 0.0222679 -0.146569 -0.506518 -1.51123 -0.327982 0.108948 -0.515631 -0.29554 -0.807669 0.1367 0.180096 -0.584536 -0.68152 -0.0456397 -0.237561 -0.0612653 -0.150035 0.14597 0.158427 0.0834839 0.722666 0.853416 1.21254 0.532276 
-1.67479 1.07645 0.482935 0.424448 0.995354 0.543288 -0.584797 -1.42189 -0.80559 0.0370819 0.151687 -0.572272 0.13231 -0.454372 -0.442353 0.052345 -0.0476519 -0.216283 -0.100854 0.0681581 0.400773 -0.164399 -0.345788 -0.630643 0.923216 0.674812 -0.455551 -0.327999 0.395332 0.556903 -0.434505 -1.00618 0.0673248 0.475728 -0.0868093 -0.117804 0.293892 1.08644 0.851557 
-1.75164 0.87503 0.494365 0.417096 0.954462 0.729768 -0.3372 -1.40692 -0.697655 0.417983 0.377134 -0.048625 0.678255 -0.217481 0.049956 0.590566 0.917622 -0.120033 0.118996 0.411755 0.574019 0.389655 0.136455 1.24917 1.2668 0.93226 -0.536398 -0.296985 0.276988 0.213646 -0.488601 -0.24748 0.888879 1.10859 0.16019 -0.232318 0.370835 0.290599 0.654534 
-1.78544 1.11121 0.782732 1.02468 0.912027 0.618013 -0.307999 -1.02161 -0.463548 0.122872 0.843693 0.454839 0.78616 -0.425035 -0.017442 0.376 0.342326 -0.488222 -0.239885 1.11418 1.18557 0.37095 0.0287973 1.18385 -0.547982 0.179425 -0.405703 -0.300566 0.152918 0.286031 0.330059 0.173531 0.817992 0.832179 0.316802 0.404152 0.647087 0.510257 1.05305 
-1.95821 0.865446 0.686256 0.645393 0.613732 0.578701 0.415597 -0.574523 -0.371629 0.437172 1.03277 -0.488577 0.807808 -0.447826 -0.515285 -0.355637 -0.52249 0.595242 0.123753 0.675792 0.617768 0.0277364 0.424196 -0.294897 -0.607758 0.444068 -0.549958 -0.360748 0.00602254 -0.185202 -0.0720886 -0.174612 1.07913 1.28487 0.252929 -0.285338 0.153396 0.0848396 0.350953 
-2.00255 0.774139 0.606684 0.69386 1.32875 0.695731 0.147726 -0.590414 -0.431405 0.386673 0.675947 -0.0334352 1.10002 -0.476586 -0.540878 -0.37007 -0.601182 0.383924 0.000135058 0.322556 0.652411 -0.0395481 -0.418898 -0.946323 0.657365 0.277093 -0.563049 -0.645982 0.0378275 -0.793514 0.000992849 0.253819 1.12945 1.20976 1.43525 0.680034 -0.378543 -0.583339 0.184316 
-2.1886 0.511545 0.50295 0.263694 0.882725 0.578644 0.631949 -0.118853 -0.397099 0.179396 0.502305 0.0458685 1.00538 -0.475239 -0.483772 0.411148 -0.580592 -0.594227 0.230269 0.82823 1.113 1.89538 0.516873 -0.239846 -0.146178 -0.205862 -0.469762 -0.650491 -0.341748 -0.11022 0.624222 0.715493 0.923926 0.464116 0.651835 -0.0455762 -0.30488 -0.212916 -0.899978 
-2.23232 0.457802 0.816252 0.325473 0.913915 0.840464 0.70675 0.190697 1.19994 0.707807 0.538855 -0.14857 0.961245 -0.29366 -0.465146 -0.166148 0.446388 0.515182 0.99373 0.906643 0.0139803 0.907983 0.35941 0.518524 -0.932696 -1.45941 -0.464727 -0.519832 -0.131697 -0.120479 -0.770392 0.245771 0.466022 0.36136 0.599312 0.874765 0.149245 0.240286 0.382863 
-2.33446 0.20746 0.422196 0.559268 1.24348 1.20371 1.24411 -0.114287 0.38877 0.403116 0.787479 -0.705084 -0.00640424 -0.286759 -0.320361 -0.619913 0.41156 -0.516347 0.1126 -0.21133 -0.593285 -1.09765 0.692715 0.47135 0.456406 0.704185 -0.414496 -0.486009 0.142832 0.383448 -0.324918 -0.151826 -0.479974 0.109342 0.611127 1.30287 0.61621 -0.44144 0.0848941 
-2.37499 0.248958 0.5073 0.598531 0.553523 0.911165 0.561314 -0.233819 0.268447 1.13772 0.797762 0.22342 1.45626 -0.386052 -0.286724 0.385354 0.0839405 -0.983815 -1.2019 -1.5547 0.145985 -0.0943518 1.4405 0.390924 0.3621 1.56737 -0.325267 -0.346563 -0.279324 0.251971 -0.0334769 -0.0548807 0.449097 0.0377891 -0.152475 0.229908 0.218267 -0.427076 -0.880847 
-2.52301 0.0207418 0.618791 0.620513 0.556279 0.447389 0.188332 -0.0164483 0.316373 1.29565 1.00161 -0.40933 1.08975 -0.246782 -0.216041 0.181009 -0.0636981 0.467689 -0.186412 0.805599 0.651112 0.883273 -0.372332 -0.139638 -1.00844 -1.86144 -0.238319 -0.0231525 0.0439139 0.0770104 -0.512559 -0.812338 -0.829077 0.643362 0.307516 1.32499 0.798898 0.705856 0.870817 
-2.49918 0.108735 0.601131 0.564325 0.881077 0.793741 1.105 0.220932 1.03316 0.908757 0.716466 -0.588766 0.164488 -0.00505348 0.250049 -0.320354 0.0211081 0.244786 0.0783117 0.439831 0.776272 0.499241 0.389915 0.783753 0.549666 -0.42978 -0.216085 -0.159728 0.206621 0.297147 0.349896 -0.0786781 1.22244 0.681206 0.78161 0.380641 0.33689 -0.865846 -0.984423 
-2.53549 0.187114 0.460487 0.641137 0.728 0.496517 0.484157 0.52674 0.752251 1.53824 1.43446 0.0380521 0.795038 -0.107901 -0.0316668 0.137639 0.474256 0.0361049 0.0796183 0.822769 0.325166 0.159873 0.900564 0.643568 -0.110506 0.56849 0.000370904 -0.20107 -0.076464 0.443597 0.402278 0.204575 1.39719 0.545599 0.935036 -0.0326884 0.27834 0.449103 -0.0485778 
-2.55919 0.0897935 0.673151 0.877917 0.906908 0.843691 1.66033 0.445377 1.17845 1.46726 1.07127 -0.675064 0.564998 0.00496112 -0.561637 0.197693 0.592695 0.334492 0.207462 1.4222 0.00643201 0.750456 -0.431632 -0.364827 0.0303627 0.362875 -0.174536 -0.238809 -0.18683 0.312924 -0.308996 -0.514191 -0.0605413 0.128891 -0.0421197 0.721032 1.8459 0.433113 0.0372528 