-1.0791 -0.509575 1.27148 0.152457 1.16288 0.798424 3.1245 1.87119 3.07177 1.68609 2.1332 0.0874038 -0.966778 -0.540279 -0.050626 -0.310756 -0.555294 -0.603343 -0.137898 0.439465 0.686655 1.39869 1.43058 1.44834 0.843171 1.36258 -0.269949 0.116682 0.305691 0.855591 0.40128 0.0265746 0.655814 0.587805 1.3335 -0.0933286 -0.214046 0.615252 -0.135421 
-1.17381 -0.59958 1.28683 0.26235 1.10647 0.518282 2.35167 1.15582 2.65893 1.24472 2.04058 0.214918 -0.179862 -0.139266 -0.163727 0.64332 1.41965 1.24701 -0.0760387 -0.373102 -0.141878 0.0445917 -1.53321 -2.16942 -0.583768 0.310654 1.45499 -1.7029 -1.07226 1.14421 -0.88176 -0.170203 0.949832 1.90185 -0.128384 0.758946 0.630456 2.18916 -0.269329 
-1.1443 -0.602021 1.5654 1.10707 2.2683 0.754812 2.78749 1.77501 3.09474 0.515835 0.86741 -0.31774 -0.713871 2.93563 -2.25001 -1.37603 2.14815 -0.625646 -0.107494 0.675087 1.91054 -1.56146 -0.483977 -0.634063 1.72618 -1.67517 1.36768 -0.56368 -0.654451 0.660207 0.0490246 0.507946 -0.554148 0.24887 -1.35355 -0.34348 -0.74804 1.63574 -0.557835 
-0.10801 -1.90227 0.659173 1.70491 0.54228 0.455421 2.92957 2.40985 1.66459 0.871501 1.66701 1.45305 -1.44355 2.39102 -0.593882 -1.67216 -0.499236 -1.17507 0.804592 -0.278453 0.476447 -1.67445 1.09556 1.20911 2.50369 -0.952029 0.351212 -0.00965117 0.433715 0.270217 0.210367 0.95429 0.597181 0.68293 -0.29955 -0.0711785 -0.558563 0.646584 -0.19718 
-0.27882 -0.944 0.802597 0.776417 1.21426 1.25011 2.53309 2.0856 2.02884 1.34249 1.56493 1.47352 -1.42529 -2.35567 2.24281 2.06076 -1.76955 0.923099 1.47708 0.0253509 -0.981823 1.19373 0.38824 -0.0823254 -0.966997 1.4448 0.370701 -0.460244 -0.174037 -0.139668 -0.660333 0.715172 -1.01013 -0.79744 -2.05655 0.315085 0.811979 0.159081 0.628812 
-0.988448 -0.598694 1.59998 0.523399 1.3589 1.36225 2.94035 1.76109 2.41546 1.16085 1.61406 0.775284 -0.324485 -1.779 -0.0236278 1.39985 0.308372 0.25556 0.221575 -0.908559 -1.57409 -0.797229 -0.706287 -0.161162 -2.31659 1.66295 -0.980935 0.873656 0.41042 -0.33695 0.63566 0.907581 -1.30149 -1.93629 0.874148 0.256946 0.160201 -0.922826 1.52215 
-0.94715 -0.955175 1.44178 0.986697 1.43572 1.38862 1.7287 1.04721 1.51859 0.800397 1.46617 -0.164342 -0.139618 0.744644 -1.05361 -1.41271 1.3046 -0.0312244 -0.174576 -1.55451 -1.6747 -0.156003 -0.0719679 0.291224 -0.115483 0.284171 -0.190048 -1.08508 -0.509754 1.28773 1.11093 1.18826 -1.68281 -1.51432 -0.293881 -0.182515 -0.138517 -1.83522 1.40596 
-0.728531 -1.20736 0.955583 1.40095 1.32468 1.25834 1.57214 0.656517 2.31137 1.10061 1.77818 0.703275 -0.0918036 1.46875 -1.44019 -2.20083 1.48388 1.30059 1.48404 -1.06838 -0.504832 0.436282 0.470751 -0.0144877 0.163434 -0.0663905 1.25054 -1.11016 -1.18247 1.00265 0.224046 0.140593 -1.256 -0.314741 -0.450662 -0.216078 -0.354432 -0.783663 -1.33046 
-0.420891 -1.7881 0.437703 1.98433 2.5889 2.29972 0.784819 0.712251 1.78967 1.15242 1.45264 -0.0379303 -0.174664 1.31444 -0.444182 -0.447618 0.091584 0.347796 0.375545 0.0787732 1.23779 -0.392683 -0.205711 -0.744828 -0.803692 -1.80602 1.2156 -1.36357 -1.30302 0.44685 -0.0864349 0.539494 -0.808927 -0.30286 -0.258184 0.00743071 0.52343 0.793572 -0.742124 
-0.259032 -1.4625 0.751628 1.46603 1.62838 1.49108 1.62955 1.46797 2.05737 0.938771 1.34025 0.141679 -1.45542 0.532861 -0.400832 0.150666 -0.859884 -1.41797 -0.710176 0.117636 0.0841813 -0.754483 -0.467782 0.690983 0.768232 -0.784999 1.3637 -1.46957 -0.513299 0.666252 -0.372836 0.15933 -0.463464 -0.0932109 -2.0545 0.325618 0.476075 0.704166 -0.36993 
-0.238873 -2.01809 0.506791 1.41211 1.3183 1.86804 0.876148 0.764784 1.30649 0.791508 1.84907 0.51873 -0.758516 0.930767 -1.54042 -0.358946 0.837233 -0.865473 -0.147667 -0.623839 -1.37147 -2.07654 0.608211 1.36036 1.63044 1.37878 0.796411 -0.720275 0.16533 -0.854407 -2.14099 -1.64053 -0.785093 -0.0716436 -1.37541 -0.16459 0.772542 1.6509 0.612862 
0.0693441 -2.35356 0.588141 2.03054 0.850361 1.40363 1.07368 0.562879 0.736774 1.39522 2.12566 1.31171 -0.386774 0.779319 -0.568878 0.111432 -0.323981 -1.57102 -1.64688 -1.04039 -0.188338 -0.901559 0.254753 0.306202 1.16948 1.47774 0.0337028 -0.801952 0.139739 -0.680346 -0.829264 -0.461158 -1.47871 -1.3767 -2.12014 0.395853 0.297002 1.12118 1.29229 
0.0337979 -2.34556 0.557973 1.19884 -0.0887634 0.863136 -0.0433064 0.638035 0.730157 0.979455 2.0219 1.36083 0.385708 -0.873014 0.460083 0.580745 -1.77927 -0.290143 -0.515588 -1.11341 -0.51908 -0.471291 -0.117521 -0.975355 -0.314333 0.0882308 -0.0331264 0.555782 1.14062 -0.28619 -0.556616 -1.17825 -1.13176 -0.342871 -0.556237 -0.409458 -1.00443 -0.248551 0.666979 
-0.265746 -2.08414 0.853507 0.842515 0.585291 1.09103 0.0904831 0.218547 0.432978 1.30037 1.55376 1.09824 -0.303734 -0.83148 1.32753 1.6865 -0.0704499 0.796474 -0.0462487 -0.289454 -0.28708 0.226451 -0.77525 -1.59657 -1.46072 -0.723327 -0.597616 0.889905 0.391251 -1.27135 -0.291241 -0.434253 -1.15444 -0.940091 0.905232 -0.682194 -0.899815 -0.263258 0.755101 
-0.286015 -1.57293 1.32798 1.15539 0.614965 0.837754 -0.307307 0.446327 0.868326 0.384977 1.089 0.331837 -0.151046 -0.107564 0.751128 0.0371195 0.0161447 -0.113491 -0.109027 -0.243058 -0.773826 1.54624 -0.745435 -0.180338 0.00583784 0.76661 -0.583146 0.665453 0.611247 -0.370413 0.188335 -0.390549 -0.695016 -0.88479 0.206163 0.0121756 -0.0897355 0.0719047 0.746791 
-0.319288 -1.64588 0.870775 0.857061 0.47772 1.02723 -0.133021 -0.293374 1.40713 0.728542 1.44385 1.11254 0.297391 -0.125299 -0.420333 -0.722196 -0.440993 -0.529815 -0.515599 -0.527522 -0.930129 0.0113866 0.784176 1.48371 1.54552 1.5687 0.205961 -0.0436069 -0.231265 -0.235267 -0.844609 -0.921629 -1.31183 -0.531349 0.502257 -0.895394 0.03457 0.303376 1.12614 
-0.34608 -1.81423 0.998711 0.863745 0.136211 0.525148 -0.779105 -0.16842 0.870269 0.975092 1.9461 1.44146 1.06264 0.44863 -0.804319 -0.399555 -0.339826 -1.06357 -1.21555 -1.29824 0.0404144 -0.953839 -0.385225 0.227508 0.350596 0.511059 0.649591 -0.773783 -0.691822 -0.694854 -0.421698 -1.20107 -0.947715 -0.652845 0.0631602 -0.0757539 0.854312 0.185304 -1.0237 
-0.168251 -2.10993 0.688755 0.633178 -0.476919 0.286288 -1.27754 -0.269634 0.797676 0.43034 1.57095 1.3721 0.703349 1.19601 -0.621851 -0.365495 -0.521202 -0.0561557 -1.21031 -0.586195 0.0304116 0.0552105 -0.885658 -0.381265 -1.32764 -2.74097 1.30629 1.18671 -0.940979 -1.64835 -1.72955 -1.24412 -0.186041 -0.0810099 -0.963749 -1.05949 -0.165115 -0.646884 -0.421631 
0.0798558 -2.17244 0.832236 0.518377 0.0797583 -0.212589 -1.30212 -0.151261 0.89997 0.296744 1.71943 0.507126 -1.015 1.70216 2.41754 -1.08049 -1.94708 -1.35036 -0.572177 1.07894 -0.157392 -0.209249 -0.951482 -0.437398 -1.10927 -0.997216 2.69097 2.20603 -1.97327 -2.68158 -2.7055 1.89754 0.510861 -0.785199 -0.441812 -0.50084 -1.94077 -1.18573 -1.81392 
0.443857 -0.704986 0.195972 -0.667242 -1.68725 -0.0609411 -0.34713 -0.376024 0.659864 -0.298009 1.31167 0.593117 -0.0425766 3.23216 3.6157 -2.74015 -3.20119 -3.72183 3.93457 1.18527 -1.1113 -0.593299 0.250418 -2.11448 -0.0633489 0.668167 2.58778 1.28239 -2.18593 -2.79029 -2.40304 2.22307 0.32887 -1.34055 -0.643552 -0.243146 -2.54492 -0.528198 -0.330473 
1.25473 -0.072445 -0.417972 -1.62205 -3.24491 2.19812 -0.278902 -0.885193 0.518892 0.481399 0.485576 0.472205 -0.489062 2.55629 -0.674735 -2.36002 -1.92635 -2.00489 3.76396 -0.693582 -1.68367 -0.570415 0.639814 -2.83609 0.48987 0.614943 2.50263 1.48184 -2.14558 -2.2008 -1.8276 3.1686 0.354915 -1.52803 -0.325707 0.850941 -2.28196 -0.51663 1.81623 
1.37013 -1.09387 -0.880757 -1.95378 -3.48114 2.24537 -0.963875 -1.4865 0.29328 0.182443 -0.341529 0.951753 0.442718 0.886239 -1.60274 -0.636837 0.146755 1.17087 0.615162 -0.769321 -0.986387 0.194243 0.811702 -0.820492 -0.542471 1.39593 1.88252 -0.292728 -1.4786 -0.730815 0.341697 2.58363 -0.247401 -1.53628 0.074132 1.50977 -1.03917 -0.59427 -0.309565 
1.56673 -0.999659 -0.708282 -1.52002 -2.20738 2.5775 -0.961756 -1.53695 0.63666 1.09242 0.00366937 0.0964402 0.592678 0.542212 0.284119 0.0333668 0.914193 2.4859 -0.0543461 0.402237 -0.42532 0.650151 1.24956 1.50101 -1.1868 -0.97339 0.481845 -1.49243 -0.874738 0.184458 1.92825 -0.519377 -0.295604 -0.6301 1.03585 0.220572 -0.410453 -0.688645 -0.713713 
1.55559 -0.926519 -0.865202 -1.33772 -1.27116 2.21503 -0.624131 -1.76915 0.69983 1.12608 0.525614 0.117618 -0.28501 -0.0914267 -0.412815 -0.738899 0.112696 1.52762 -1.36203 0.421371 0.117802 1.03711 -0.541103 0.294772 -0.265204 -2.21494 0.0799828 0.099677 -0.283133 0.464505 2.53093 -0.517148 0.0679457 -0.504879 0.576688 -0.439291 -0.276292 -1.42099 -1.02972 
1.51912 -1.2366 -1.04517 -1.4408 -0.851782 1.74691 -0.605311 -1.4623 1.28832 0.67581 0.169855 -0.0820786 -1.08323 -0.408342 -0.143239 -0.47748 -0.265668 1.05495 -0.689321 -0.323275 -0.271859 0.0313773 -1.80751 -1.85402 -0.480258 -0.205737 -0.361979 0.852132 -0.611477 -0.0879376 1.1014 -1.11073 0.0349487 -0.400391 -0.0258753 -1.7843 -0.77629 -0.717019 -0.371377 
1.39142 -1.00708 -1.08278 -1.51193 -0.336983 1.79612 -0.917652 -1.95084 0.714435 -0.252543 -0.556887 -0.213889 -0.426475 -0.501599 1.57286 -0.22227 -0.23169 0.0152108 -0.234132 -0.381156 -0.671955 -1.07713 -1.70571 -1.29145 -0.575767 1.78605 -0.489146 0.70807 -0.696715 0.511984 0.834003 -1.00496 -1.35173 -0.196559 0.331861 -1.64655 -1.06759 -0.354236 0.11854 
1.32064 -0.321655 -1.14628 -1.59225 -0.844606 1.60655 -0.949354 -1.9072 0.60077 -0.625474 -0.585728 -0.48153 0.296448 -0.393835 1.10816 -0.617916 0.980156 0.114142 -0.754935 -1.26488 -0.00328502 0.356979 -0.266337 0.482349 0.0650023 0.335155 -0.56901 1.01667 -0.297273 0.76459 0.763446 -1.13807 -0.67142 -0.326306 -0.33871 -1.61391 -0.978813 0.21657 1.66004 
1.23258 -0.361708 -1.36446 -0.85169 -0.241603 1.33705 -2.03305 -1.95585 0.935283 -0.460433 -0.281699 -0.157501 -0.154857 -0.43193 -0.189952 -0.24411 1.29713 1.05527 -1.40129 -0.408111 0.219211 0.662503 -0.327152 0.0340574 0.830337 0.100054 -0.240931 0.627713 -0.542541 0.887778 0.215303 -0.585459 0.0390108 0.988112 0.251391 0.024797 -0.0443227 0.0281505 0.119144 
1.14779 -0.429314 -1.25736 -0.719707 0.0898562 0.75194 -1.31692 -1.76584 1.01514 -0.879562 -0.571047 0.119311 0.388518 -0.000102306 -0.252079 -0.234697 0.256431 0.190209 -0.0868392 1.30986 1.34975 -0.0649827 0.291111 -0.536739 -0.0315378 -0.205048 -0.156559 -0.0887078 0.251256 1.21896 0.836496 -1.39888 -0.330477 1.65348 0.608113 0.663388 0.102561 0.383545 -0.600033 
1.21856 -0.505407 -1.47124 -0.676201 -0.0784034 1.28683 -0.901086 -1.07075 0.888852 -0.244867 -0.598713 -0.169792 -0.295796 0.176759 0.075673 0.641519 0.399582 0.117311 -0.608704 0.0192101 2.03802 0.0566554 1.15377 0.10064 -0.379827 -0.789516 0.0915856 -0.344102 0.555192 1.08725 0.0656133 -1.45745 1.03561 1.2606 -1.00092 -0.86059 -0.806528 -0.0230005 0.670697 
1.19883 -0.382885 -0.964258 -0.448335 0.188061 0.382359 -1.31151 -0.427941 1.04576 -0.00868976 -0.517673 -0.14075 -0.198785 0.153055 -0.208121 1.11073 1.25729 -0.0950753 -2.00728 -0.0945768 0.369705 -1.14262 -1.37807 -0.498862 0.00497816 0.963702 0.381929 -0.350601 0.989028 0.661853 -0.826469 -1.39992 1.7111 1.75367 -1.37672 -0.705587 0.394177 0.325204 -0.782383 
1.26088 -0.623606 -0.964006 0.16966 -0.169556 0.0613753 -0.994987 -0.830379 0.159822 -1.29727 -0.893717 -0.156105 0.455849 0.453722 -0.544675 0.917687 0.523123 -1.26902 -1.40279 1.98929 0.356349 -1.71426 -2.0461 0.409464 0.761875 -0.107752 -0.0182211 -0.235302 1.29232 0.593944 -1.06072 -1.63632 1.53036 0.924418 -0.925903 -1.42511 1.28306 0.0694634 0.739859 
1.35174 -0.696319 -0.545121 -0.0942151 -0.949749 -0.473169 0.4135 -0.196359 -0.0453607 -1.56855 -0.284838 0.411389 -0.265419 -0.180701 -0.104714 0.926091 -0.428928 -1.38404 -0.34372 1.89084 0.889569 0.0248498 -0.417721 2.15326 0.076966 -0.126231 -0.275902 -0.185764 0.477492 0.565067 -1.45414 -0.840215 2.19014 -0.470757 -1.23403 -1.57609 1.57473 -0.650192 -0.329562 
1.18044 -0.681819 -0.541033 -0.113903 -1.40991 -0.146047 0.644086 -0.24801 0.170292 -1.62015 0.352455 -0.0912066 0.375103 -0.905177 0.298938 -0.164016 0.265115 -0.759977 0.195136 0.581749 -1.00682 0.227525 0.0607326 1.6204 -1.52443 -0.273483 -0.528709 0.58294 0.552492 0.363016 -1.48902 -1.58284 1.64982 0.628513 0.561806 -0.414523 1.15661 -0.636746 -1.02252 
1.00482 -0.520374 -0.619646 0.0870911 -1.63371 -0.350833 0.909931 -0.861559 0.0934886 -1.52799 0.651687 -0.662933 -0.458622 -0.686546 0.900153 -0.0543143 0.936453 -0.693703 -1.93048 0.0457032 -0.035337 0.638857 -0.109136 -0.661647 -0.823739 -1.0447 -0.66314 1.32225 -0.138452 0.664463 -0.357067 -0.552058 -0.468894 -0.582613 1.53289 0.776063 1.21307 -1.20217 -0.177146 
0.913934 -0.157111 -0.565493 0.517065 -2.03479 -1.3245 0.672629 -0.274104 0.569688 -1.70863 -0.0371447 -0.667063 -0.407084 -0.183169 1.49786 -0.0522634 0.661215 0.26434 -0.98894 -1.13319 0.203238 1.59902 0.907367 -0.05611 0.114143 0.06594 -0.608692 1.66379 -0.176678 0.893964 -0.0292624 -1.21045 -0.414544 -0.605319 1.50275 1.79686 0.65679 -0.285209 -1.45826 
0.92347 0.351062 -0.643171 0.533705 -1.40442 -0.953104 -0.0905285 -0.730704 1.10107 -0.844292 0.613971 -0.571587 -0.392606 -0.312249 1.35926 -0.22216 0.308728 0.656231 0.191108 -0.533322 -0.799326 1.15159 2.359 1.50982 0.489484 -0.622795 -0.655515 1.75079 0.587826 0.678297 0.094094 -0.122824 -0.565918 -0.00308736 1.23527 1.45387 -0.521367 0.881357 -0.120611 
0.785104 0.633923 -0.666554 0.727583 -1.45609 -1.20463 0.195767 -0.802801 1.29386 0.0777732 0.83512 -0.308702 -0.86706 -0.892636 0.879383 0.979682 0.284336 -0.1294 0.811594 0.467815 -0.213553 -0.128862 0.911823 -0.612394 0.920535 -0.209057 -0.853346 1.25693 0.410154 -0.120178 1.6695 1.51859 -0.835172 -0.537869 -0.381229 0.647484 0.389404 1.24732 -0.0345147 
0.581164 0.863722 -0.195741 0.727885 -1.52617 -0.453522 0.306455 -0.87404 1.01418 -0.157213 0.252992 0.0934206 -0.536606 -1.08893 0.349068 0.869791 -0.472515 1.68063 1.98891 -0.448236 0.0569896 -1.61714 -1.55235 -1.00586 0.97464 0.577793 -1.26483 0.471538 0.217667 -0.293736 1.24603 1.18677 0.0193196 -0.614074 -0.240912 0.518892 -0.140444 2.1698 -0.111324 
0.370597 0.838948 -0.269275 0.414825 0.0359199 0.0154236 -0.206827 -0.768157 0.264263 -1.10701 0.245493 0.394795 -0.410136 -1.1853 -0.234833 -0.635166 -0.68925 1.87438 0.89187 -0.445953 -0.633094 -0.168656 -0.26664 0.434264 1.6261 0.076524 -0.942619 0.449199 0.345757 -0.399434 1.74789 1.39892 -0.959849 -0.24059 -1.75562 -1.52878 -1.50234 0.517085 0.213131 
0.131208 0.730027 -0.485287 0.269958 0.138584 0.0951863 -0.0941462 -1.29338 0.902079 -0.365333 0.500238 1.26036 -0.462507 -0.459076 0.265224 -0.323568 -0.0792464 0.765789 0.0192357 -0.67973 -0.392404 -0.494187 -0.373617 -0.925476 -0.367425 -0.340578 -0.735826 0.435832 -0.12511 -0.890499 1.55277 0.985765 -0.0244123 0.140201 -0.724926 -0.986138 -0.91223 -0.577403 0.799411 
0.187762 0.995335 -0.416617 0.365479 0.712291 0.0301152 -0.811481 -1.02915 -0.0540353 -1.3964 -0.297422 0.143557 -0.654581 -0.0225906 0.831021 0.439897 -0.544758 0.299316 0.522919 0.416461 0.818914 -0.70845 -0.977963 -1.60594 -2.30323 0.828812 -0.442871 0.0222644 -0.0156628 -0.17463 0.109647 1.17768 0.487134 0.341093 -0.143924 -0.28984 -1.02991 -1.31092 -0.432207 
0.108921 1.21463 -0.284202 -0.0911878 0.39906 0.418112 0.258013 -0.757491 0.448062 -1.1138 -0.4381 -0.367998 0.186122 -0.266992 -0.229196 0.30065 -0.160191 -0.60911 1.67117 1.25094 0.85321 0.312808 0.00331859 -0.397693 -1.17047 -0.157631 -0.216327 0.111384 0.0574073 -0.231549 -0.209176 0.304414 -0.737941 1.02283 -0.986959 -0.449815 -1.00596 -2.50467 -1.31846 
0.0755793 0.86491 -0.27908 0.261915 0.162839 1.05572 0.269056 -0.470703 0.138834 -1.39945 -0.533635 -0.678963 -0.759308 -0.330881 -0.674284 -0.347749 0.226242 -0.58825 -0.0866744 -1.28384 0.575071 -0.482432 0.406792 0.313597 -0.6355 -2.33699 -0.152125 -0.324044 0.421125 -0.694453 -0.993612 0.841484 0.270171 0.848038 -0.254813 0.309264 -0.199803 0.177479 -0.801265 
-0.0267612 0.826012 -0.442578 0.0640809 -0.131793 0.36799 -0.873943 -0.382019 0.13721 -0.810358 -0.260975 -0.809943 -1.583 0.0191135 -0.203835 0.364258 -0.801448 -0.776211 -0.463599 -0.934507 0.301513 -0.626972 0.378646 0.143149 1.37917 -0.761155 -0.302677 -0.883319 0.0948051 0.419094 -0.201405 -0.196859 -1.14825 -0.340023 -0.838436 0.183201 -0.741536 -0.645884 -2.51972 
0.0686316 0.749197 -0.112514 -0.271161 -0.535595 0.774942 -0.557981 -0.275196 -0.263574 -1.11739 -0.455559 0.312314 -1.32495 -0.16461 -0.516261 0.498789 0.359193 0.310178 -0.196999 -0.06536 -1.04659 -0.530599 -0.183118 -1.26553 -0.121996 -0.540143 -0.129911 0.163651 0.0896857 0.246064 -0.421662 -0.203136 0.675597 -0.204017 -1.06051 0.819509 0.792084 0.92346 -0.148721 
-0.101286 0.529061 -0.214616 0.308401 0.138368 0.250355 -0.942342 -1.07338 -0.204153 -0.955032 -1.0015 -0.886585 -1.97985 -0.230456 0.431365 -0.22128 1.14649 0.19029 0.17091 1.72703 -0.586865 -0.651989 0.644007 0.879193 -0.295084 0.586005 -0.172687 -0.688398 0.578512 0.294629 -0.0879022 0.829529 0.947046 0.723253 0.19756 -0.363026 0.201388 1.0109 1.54874 
-0.0301125 1.00196 -0.213173 0.500488 -0.372324 0.882452 0.938111 -0.664122 -0.681827 -0.633752 0.0502407 0.112539 -0.861756 -0.117087 -0.410273 0.413963 0.0533201 -0.42961 1.3874 1.17664 2.03051 0.758135 -0.279077 1.52745 1.30869 2.29941 -0.164536 -1.01631 0.623456 1.1466 -0.642902 -0.608467 -0.8217 -0.568742 0.43063 0.23308 0.492823 -1.20793 0.663706 
-0.158331 0.293594 -0.025366 0.347847 -0.251047 1.10231 0.073342 0.25957 0.270796 -1.1726 -0.118988 0.0545506 -0.208121 -0.0378353 -1.80204 1.20481 0.449678 -1.08543 -1.04573 -2.69277 -0.19773 1.15862 -0.357702 -0.242099 -1.12196 0.164682 0.130793 -1.01701 0.875541 0.43855 -0.573462 0.819327 1.10974 1.46806 0.618531 0.0275078 0.691809 0.550912 1.55971 
-0.058007 -0.0408666 0.336998 0.805415 -1.34645 0.245429 -1.42363 -0.797049 0.0467962 -0.911047 -0.0955554 -0.675469 -0.720329 0.334524 -0.961349 0.966531 0.559145 -0.368477 -0.211652 0.125688 -0.027084 -0.0265021 0.307255 -0.634198 -0.661776 -0.527634 0.281008 -2.0216 1.33699 -0.119737 0.366382 -0.329151 -2.30827 0.504126 1.14167 -0.830668 -0.402218 -0.212801 -0.461876 
-0.0492646 -0.261551 0.416062 0.726094 -0.585957 0.975708 0.1717 0.238904 0.248739 -0.944771 -0.492638 -0.406087 -0.595422 0.50233 -0.930256 0.902354 -0.612851 1.60094 0.572058 -0.0186386 0.8817 0.199456 -0.691685 -0.27302 0.872673 -0.696702 0.584761 -1.77418 0.872087 0.151349 0.219586 -1.31467 -1.43305 -0.972049 -0.700219 0.546367 0.872373 -0.404306 -0.385727 
0.112782 -0.577975 0.749137 0.39866 0.0745205 0.598426 -1.45125 -0.219857 0.167866 -1.44205 -0.25932 -0.0445101 -1.23675 0.629556 -1.43584 0.408523 -0.345693 0.678815 -1.6774 -1.80933 -1.30957 -0.82102 0.372427 1.7599 0.187765 0.0823925 0.111651 -1.43858 0.793137 -0.588084 1.12055 0.241495 -0.169652 0.341124 0.166609 0.319051 0.415775 0.760047 0.574778 
0.16832 -1.09195 0.60283 0.498281 0.0128701 -0.0478701 -1.41893 -0.625461 -0.276583 -0.667434 0.52495 -0.262367 -0.51684 -0.316376 -1.01237 0.348375 -0.201006 -0.0313446 -0.226176 -0.181407 -0.420851 -0.00898244 1.08594 0.810928 0.0196508 1.34605 0.0666499 -1.421 0.594663 -0.5234 0.767677 -0.163371 -2.02903 -0.876132 -1.25295 0.847127 0.81539 0.145324 0.127312 
-0.0175655 -1.16272 0.908455 0.267758 0.0401886 0.462935 -1.62094 -0.499568 0.156906 -0.622702 0.20681 -0.0203853 -0.193103 -0.517615 -0.482983 0.529662 -0.378297 0.397577 1.44182 -0.574162 0.104209 -0.68838 0.684903 -0.707555 -0.0168002 0.0570238 -0.297815 -1.20762 -0.0581526 -0.168142 -1.09284 -0.478866 -0.845844 -0.62112 -1.1076 0.774299 0.751892 0.19213 0.949671 
-0.0360465 -1.36959 0.844882 0.248631 0.360953 0.837384 -1.93144 -0.559753 -0.717887 -0.152731 0.108673 -0.264173 -0.457633 -0.171118 -0.617428 -0.438203 -0.0294171 -1.49267 -0.46251 -0.812684 -0.435441 -1.32636 -0.120055 0.159674 0.206239 -0.269476 -0.38626 -0.284047 0.853441 0.0391127 -0.0690095 0.212989 0.629352 0.250941 -1.09777 0.26234 -0.396512 -0.361999 0.459396 
-0.0944841 -1.51835 0.708797 0.251787 -1.29702 0.182818 -2.34164 -0.788877 -0.688507 -0.719472 0.294489 0.136477 -0.383247 -0.115346 0.104125 0.816031 0.435817 -0.490603 -1.13688 1.31238 0.233195 -0.635194 -0.361859 0.19978 -0.407565 0.460833 -0.260807 -0.379318 0.355227 0.913145 -0.577914 -1.12694 -0.196096 -1.26423 -2.15208 0.72672 1.4292 0.396237 -0.823105 
-0.0924511 -1.30666 1.21763 0.544273 -0.0828408 0.144582 -0.797278 -0.40919 -1.1255 -0.433183 0.219658 -0.543967 -0.0900336 -0.25551 0.109531 0.999339 1.30125 0.688358 -1.15693 0.581586 -1.30115 -1.25971 1.0262 1.68285 0.259166 -0.674199 -0.271535 -0.615033 0.0484325 0.183455 -0.508783 -1.87023 1.58588 -0.0204921 0.879644 0.498018 0.89292 0.295614 0.878064 
-0.202444 -1.45228 1.1652 1.12709 -0.689684 -0.522254 -1.84535 -1.6477 -1.4917 0.0544906 1.2673 0.330991 -0.882481 -0.328925 -0.931289 -0.738016 -0.17776 -0.217084 -1.55006 0.549077 -0.267334 1.6795 0.980832 0.95237 0.75489 0.534137 0.238155 -0.208404 0.0955968 0.382007 0.616594 -0.99783 0.926058 -0.0502418 1.39534 1.45907 0.712592 0.95063 0.227733 
-0.227414 -1.84436 0.881141 0.428942 -0.282773 -0.801071 -0.329365 -0.587908 -0.0669409 0.306318 0.767982 0.00320235 0.333549 0.649526 -0.385932 -0.847053 -0.767339 0.176869 -0.277087 0.505049 1.22629 2.92154 0.799514 -0.762841 0.856802 0.928054 0.272419 -0.784075 -1.40721 -0.53957 0.230521 -0.489725 -0.878529 0.0462207 2.59875 1.48022 0.729831 1.2838 0.325967 
0.0224864 -1.67363 0.778952 0.616864 -0.538379 -0.688899 -1.41587 -0.843821 0.353591 0.656256 0.818898 0.95066 -0.158061 0.779295 -0.124835 -1.47623 -0.568696 0.542706 0.845779 -1.58155 0.324513 1.42337 0.871441 -0.0101685 0.752044 -0.168334 0.647232 1.78151 -1.35478 -2.64537 -0.534802 0.560668 0.921687 0.66574 2.33697 0.937553 -0.740745 -0.204103 0.934495 
0.0452479 -1.91425 0.207755 0.0517619 0.194703 -0.280569 -1.72118 -0.377269 0.829381 0.962722 0.756963 0.548347 0.220648 0.4173 2.80478 -1.28463 -2.90474 -0.920921 1.08136 0.576453 -0.321096 -0.132132 0.37136 -0.188075 -1.09588 0.131224 1.88566 2.91783 -1.67752 -2.35751 -1.18499 1.77465 1.2953 -1.35254 0.662583 1.40724 -1.974 -0.276705 -1.55947 
0.161999 -0.0440525 0.193007 -1.325 -1.36583 -0.0242315 -0.92406 -1.05791 0.264626 0.932782 0.704496 0.181203 -0.0421863 2.32437 4.08278 -1.16368 -2.70346 -2.19552 1.70199 3.10178 -2.18199 -0.638984 0.889189 -2.52835 -1.07632 -1.6145 1.90935 1.65203 -2.2634 -2.3365 -0.58049 1.6602 1.45151 -0.697249 0.170031 -0.211478 -2.33789 -1.1623 -0.763768 
0.886218 0.456694 -0.322991 -1.75528 -1.76915 0.763898 0.974874 -1.81557 0.419365 1.63261 -0.717399 -0.207194 -0.996702 2.72534 -0.561305 -2.27789 -0.33822 0.113011 1.30204 1.12721 -0.639403 0.326703 -0.643264 -2.81889 -0.267614 -1.00728 2.12133 1.40001 -1.60309 -1.94987 -0.827844 1.14439 1.35553 -1.54362 -0.920196 -0.806674 -2.74695 -0.205488 -0.145349 
1.15045 -0.367133 -0.846236 -1.5478 -1.27146 0.775485 0.0484782 -1.4814 0.466296 0.438565 -0.938705 0.000969672 -0.795796 1.16691 -2.18066 -1.35902 -0.00235956 1.04189 -0.0593867 -1.51082 0.0629631 -0.471952 -1.90845 -1.00522 0.835616 1.44319 1.92335 -0.959221 -1.63222 -0.15471 0.641158 1.29719 0.699068 -0.645394 -0.242899 -0.783563 -2.64075 0.642455 0.320374 
1.30145 -0.80577 -0.942886 -1.75313 -0.846615 0.730476 -0.355204 -1.777 0.115151 0.177315 -1.30665 0.397403 0.121134 0.44032 -0.732047 -0.290681 0.126458 0.786549 0.560011 -0.307126 -0.250116 -0.6266 -0.346976 -0.577957 1.02195 1.36671 0.677666 -1.61576 -1.22652 0.759472 1.07154 -0.0141424 -1.40585 -0.0882677 -0.381145 -1.08462 -0.645841 1.04564 0.145183 
1.29843 -0.789261 -0.978568 -1.45937 -0.576582 1.12111 -0.230948 -1.64878 0.0641244 0.169419 -1.27967 0.738121 0.263627 -0.0500294 -0.0019475 -0.570687 1.06069 0.45921 0.0381271 -0.140876 -0.189875 0.00650977 0.54019 0.176475 0.391842 -1.28341 0.211784 -0.342235 -0.596271 0.798452 1.23682 0.190402 -0.940803 -0.110619 -0.511022 -0.00319094 0.00766617 1.4268 0.128402 
1.26907 -0.804369 -1.20301 -1.03895 -0.443582 0.756728 -0.489517 -1.90476 0.114004 0.582089 -1.20921 0.686302 -0.843361 -0.0896778 0.274377 -0.646542 0.986027 0.945555 -0.287508 -0.798474 0.0926086 0.00563572 0.336608 0.590493 0.652795 -1.22605 -0.21411 0.219096 -1.06929 0.749909 0.829665 -0.623598 -0.93453 0.268966 -0.45031 -0.333067 0.146269 0.31446 -0.964978 
1.25147 -0.627564 -1.27331 -0.795199 0.260063 0.948086 -0.939248 -1.59071 0.0624243 0.419545 -0.941639 1.21266 -0.657059 -0.299796 0.304576 -1.11142 -0.0156458 0.703822 -0.934675 -0.957358 0.551952 -0.554774 -0.964766 0.0144887 -0.0224015 0.17806 -0.190219 0.271765 -0.851927 0.279129 0.836072 -1.57189 -0.627673 0.921109 0.118685 -0.046611 -0.645459 -0.641436 -1.77185 
1.14482 -0.625153 -1.70991 -1.04569 0.17754 0.187665 -1.3365 -1.54449 -0.242671 -0.156352 -1.2059 0.680511 -0.691718 -0.220854 0.0995888 -0.693272 -0.595049 0.226431 -1.97096 0.0605789 1.16214 0.127451 -0.401496 -1.41875 -1.40507 -0.79881 -0.233635 0.531437 -0.657047 0.120673 0.841262 -0.754979 0.382859 1.27069 -0.603343 -1.19267 -0.0699029 -0.552645 0.511603 
1.15626 -0.567261 -1.58937 -1.19003 0.455556 -0.255143 -0.897721 -0.829028 0.137884 0.108983 -1.7712 0.223248 -1.25146 -0.0821426 0.421105 0.0784951 0.186479 0.475418 -0.15056 1.40612 1.18131 -0.176742 -0.539164 -0.101809 -0.625681 0.399292 -0.223593 0.119239 -0.48752 -0.145719 0.410748 -1.41391 0.821956 1.01217 -0.0788027 -0.387601 -0.0240155 -1.06097 -0.993175 
1.10063 -0.37834 -1.67376 -0.917057 0.595024 0.098449 -0.120513 -0.7702 -0.359893 -0.571491 -1.27017 0.245552 -0.371117 -0.144568 0.0677876 -0.0726966 0.395777 0.351091 -0.0606197 0.903809 0.21725 -0.230849 -0.0915553 1.3905 0.160479 -0.338676 0.0576614 0.224059 0.328413 0.484584 0.14537 -0.485928 1.42392 1.2785 0.354315 -0.0650726 -0.224523 -0.341068 -0.832762 
1.08911 -0.525407 -1.62222 -0.921206 0.762193 -0.289319 -0.120178 -0.688954 -0.0136103 0.0338627 -0.968273 0.347556 -1.49445 0.1793 -0.111754 0.440416 0.489943 -0.26881 -0.54827 0.265151 0.562645 0.591986 0.451095 -0.184559 0.225878 -1.35397 0.0541732 0.301433 0.92896 1.13618 0.141211 -0.287438 1.80692 0.604772 -0.628743 -0.819585 0.573206 0.0786005 0.09908 
1.1526 -0.440637 -1.47243 -0.585161 0.348975 -0.23415 0.0995747 -0.402903 0.00981361 -0.234396 -1.38253 0.416385 -1.3895 0.235988 0.346362 1.53731 1.18592 -0.150296 -0.353141 1.21721 0.604485 -0.531082 -0.943916 -0.649924 -0.0678122 0.445919 0.207234 -0.217822 1.18934 0.623388 -0.866486 -1.27282 1.10336 0.782168 0.642941 -0.700566 -0.193204 0.424111 -1.08154 
1.16193 -0.321951 -0.920302 -0.123142 0.621807 -0.502507 0.93092 -0.294132 -0.355279 -0.688739 -1.35106 0.309461 -1.13824 0.16386 -0.177404 1.43424 0.379321 -0.93883 -1.28068 1.02969 0.501914 0.168877 -1.33712 -0.0614914 0.272235 0.115781 0.118337 -0.172781 1.73415 0.928249 -1.37051 -0.668224 1.23588 0.550305 0.100534 -0.69895 1.07682 0.39902 0.102609 
1.1989 -0.541017 -0.817556 -0.32736 -0.494446 -1.01495 0.986995 -0.075559 0.111514 -1.25569 -1.42337 0.620197 -1.28542 -0.0390366 -0.574515 1.19527 0.10689 -1.76181 -0.607498 0.233241 0.142695 0.642433 0.0599193 2.03881 0.536482 -0.334654 -0.183793 -0.239997 1.28372 -0.0385579 -1.39097 -1.4911 1.93798 0.189516 0.576448 -0.439145 1.47815 0.244533 -0.467054 
1.13359 -0.652695 -0.374485 -0.0478155 -0.955359 -0.871351 1.12316 -0.203105 0.0463818 -0.648795 -0.171393 0.701256 -1.37816 -0.463823 -0.141791 0.58904 -0.429711 -1.00187 -0.86175 1.24523 -0.248589 0.512363 0.779347 1.96703 0.0151477 -0.653701 -0.247269 0.000971009 0.381564 -0.174764 -1.85643 -1.34375 0.873215 -0.124203 1.26459 0.00531101 0.937605 -0.00194413 -0.574204 
1.01432 -0.620739 -0.548405 -0.611448 -1.39407 -1.53939 2.06255 -0.241945 0.430786 -0.669243 -0.285418 0.641118 -1.769 -0.365326 0.581702 -0.592657 -0.346513 -0.829451 -1.32332 0.79134 -0.318796 0.862834 -0.0596122 -0.829136 -0.538333 -0.325374 -0.622457 1.027 0.424047 1.10754 -0.772465 -1.10083 -0.178001 -0.767939 0.495502 1.32658 1.71173 0.779853 -0.804446 
0.98524 -0.31272 -0.644631 -0.276177 -1.70126 -1.67825 1.80253 -0.415677 0.58765 -0.69965 -0.658323 0.328435 -1.611 -0.557612 1.53869 0.0804695 1.97161 -0.0743627 -0.720194 -1.45508 -0.808671 0.071947 0.880011 0.239203 0.900418 -0.268709 -0.722354 1.29876 -0.259584 0.646616 -0.634545 -1.45999 -0.874542 -0.36611 0.4793 0.797728 -0.690125 0.443286 -1.25943 
0.795237 0.274383 -0.511353 0.712869 -1.46675 -1.9772 0.781128 -0.776789 0.471089 -0.00632898 -0.151524 1.29182 -1.95856 -0.820408 1.18328 0.185627 1.24805 -0.054011 -0.774431 -1.81913 -0.188432 -0.297925 1.05492 -0.0566163 1.05895 -1.11553 -1.07561 1.82806 0.802801 1.29877 0.299797 -0.0870499 -1.10969 -0.111889 -0.860831 0.168436 -1.05452 0.559284 0.797206 
0.6695 0.37623 -0.559588 0.563497 -1.7558 -2.14925 0.203346 -0.542488 0.393668 0.0961277 -0.696333 1.09191 -2.44728 -1.20912 0.943217 1.18548 -0.164033 0.49681 0.594226 0.151159 0.649426 -1.1118 -0.674877 -1.59405 -0.243684 1.17153 -1.36221 1.87164 0.450792 0.610445 1.44678 0.0548392 -1.3327 0.432134 -1.60034 -0.732427 0.507002 1.00633 0.155447 
0.336523 0.824073 0.0299973 0.606732 -1.0302 -1.61064 0.901718 -0.352402 -0.238416 -0.52456 -1.08295 1.12861 -1.04819 -1.4177 1.35765 0.525998 -0.396767 2.07957 0.852241 0.253325 0.773857 -1.62746 -1.98095 0.711963 0.122378 1.28701 -1.34505 1.35468 0.378325 -0.216957 1.39701 1.40373 0.0777132 0.769599 -0.425532 -0.448081 -0.137764 0.170713 1.54145 
0.134063 1.16633 -0.319208 0.301476 0.0919038 -1.62479 0.413112 -0.0362419 -0.642472 -1.41424 -0.287713 1.18911 -1.44872 -1.00077 0.89751 -0.58797 -0.134211 1.45918 1.42084 -0.0607269 0.397927 0.593202 0.105884 1.41937 0.444441 0.579425 -1.36542 1.55892 0.608132 0.112491 2.46303 1.31871 0.545455 0.870961 -0.288391 -1.46975 0.115142 0.106548 2.55288 
-0.0455576 1.34725 -0.23801 0.52057 0.264383 -0.738222 0.837362 -0.0934665 0.132061 -0.449699 -0.263251 1.45492 -0.59002 -0.825678 0.759711 0.433397 0.556232 1.36638 1.04072 0.386371 0.412243 1.27309 0.129095 -0.56107 0.00308383 1.61657 -0.98084 0.89037 0.137094 -0.658877 1.67921 1.28424 0.285424 0.374659 -0.0942516 -0.680486 1.42493 0.00842776 1.13682 
-0.183616 1.60957 -0.121089 0.677772 1.30375 -0.984993 0.739008 0.232111 0.158661 -1.32175 -0.618866 1.20145 -0.198475 -0.610099 0.314329 0.805604 -0.778001 0.891239 0.422608 0.395071 0.108824 -0.715099 -0.966696 0.41766 -0.434121 0.710423 -0.715606 0.193648 0.290488 -0.799422 0.314383 1.33526 0.704402 0.966653 1.91864 0.0818042 -0.031012 -0.162411 0.0915948 
-0.283942 1.53212 0.129975 0.00319811 1.0526 -0.476684 1.17085 -0.0247224 -0.326168 -1.18961 -0.0256539 1.15624 -0.0318061 -0.348958 -0.491551 0.0257913 -1.66371 -0.923548 0.876007 0.439975 0.904842 1.01537 -0.0327393 0.523815 -0.193238 -1.51786 -0.421213 -0.257971 0.710428 -0.561943 0.842205 0.370679 -1.10306 0.331085 -0.855789 -0.421158 -0.100782 -0.703188 -0.796748 
-0.325947 1.32695 -0.108991 -0.432844 0.47395 -0.445992 1.11169 0.824528 0.796549 -1.35219 -0.319581 1.07413 -1.34202 -0.0803491 -0.657867 0.314881 0.000462128 0.28932 0.108806 -1.69121 0.338283 -0.318711 0.431509 -0.544732 -0.39062 -1.62406 -0.0718731 -0.923239 1.04522 -1.3206 -0.68492 1.34876 -1.39009 0.81879 -0.299735 -1.11762 0.721813 -0.323951 -2.09187 
-0.327474 1.15302 0.274007 0.00724003 1.30416 -0.407179 -0.316675 0.194975 -0.533317 -0.867389 -0.347314 0.888499 -1.25646 0.23307 -0.753065 1.62191 -0.167854 -0.0303222 1.0601 -2.07316 0.209846 -1.38333 -1.37696 0.408065 -0.186478 -0.871692 0.0124822 -1.60225 0.862398 -0.319008 -1.06385 1.35938 -1.1208 1.3226 -0.257606 -1.26449 0.150455 -0.32263 -1.05162 
-0.254197 0.892633 0.631536 -0.54154 0.440529 0.205668 -0.709226 0.959731 -0.0849506 -2.40375 -0.0875593 0.951614 -1.99208 0.1032 -1.50644 1.04492 -0.440486 -1.77281 1.84256 0.374242 1.46604 0.00120191 -2.02562 0.741085 0.0124536 0.419969 0.0991798 -1.63503 1.19079 -0.323187 -0.727179 0.518061 -1.01985 0.604318 -0.576342 -0.222539 0.444975 -0.563276 0.358931 
-0.303493 0.281671 0.751208 -0.284065 -0.282807 0.723313 -0.00136671 1.15658 -0.537825 -2.41169 0.0782302 0.907504 -0.920066 -0.0676275 -1.45564 0.255021 -0.277977 -0.982613 -0.317021 0.874744 0.611267 0.684145 1.09117 0.167434 -0.47408 1.27506 -0.104151 -1.90469 0.749958 -0.478487 -1.61221 1.26903 0.0185558 1.07816 -0.351935 -0.79162 0.658541 0.324251 1.68016 
-0.29305 0.0507513 0.748249 -0.723996 -0.441927 0.0145837 0.0429471 1.35901 0.343131 -1.58043 0.00462888 0.624503 -1.00265 -0.272175 -1.0675 0.137818 -0.221105 -0.477121 -0.0209576 -0.353277 0.00368406 -0.431666 1.02526 0.109343 0.368477 1.48906 -0.140198 -1.23482 0.646267 0.103868 -1.1111 -0.506424 -0.813111 -0.0785738 -0.0922786 1.10139 -0.343838 -0.901808 0.957548 
-0.417582 -0.335052 0.814432 -0.428429 -0.714581 0.713408 -0.321076 1.15616 -0.816521 -1.63844 0.136661 1.17978 0.232799 -0.160634 -0.210995 0.764426 0.425461 -0.566913 -0.411244 -1.8304 -0.72491 -0.80368 0.285428 -0.607399 -0.583736 -0.189511 -0.141378 -0.673368 1.02718 0.0359937 -0.313663 -0.746982 0.0144843 -0.588049 -0.286279 1.59923 -0.189349 -0.454231 0.0907035 
-0.366113 -0.0691154 1.09744 -0.43529 -0.953757 -0.234161 -1.56607 0.879274 -0.171207 -1.36918 -0.353447 0.219382 -1.13172 0.0419719 0.161323 1.48146 0.274291 0.0421483 -1.05279 0.36946 -0.814707 0.0798219 0.976437 -0.35043 -0.901073 -1.39136 -0.252666 -0.871191 1.14906 1.10511 0.339915 -0.539404 -1.69955 -0.811048 -1.45888 0.512644 0.0224458 -0.242065 0.314445 
-0.416122 -0.238938 1.49086 -0.240976 -0.683389 0.072062 -0.00994046 0.617343 -0.77123 -0.902276 -0.0720873 0.548909 -0.814139 -0.252603 -0.963123 1.04678 1.11306 1.04543 -0.364386 -0.166193 -0.391359 -0.952307 0.351911 0.638962 0.30011 0.542183 -0.234295 -0.445434 1.07313 0.467668 0.480897 -1.26141 -0.862382 -0.890248 -0.985062 0.0174784 -0.225634 -0.157694 -1.1308 
-0.473003 -0.62529 1.5755 0.31397 -0.0280646 -0.45423 -1.72248 0.618965 -0.779688 -1.10743 0.0127515 0.443024 -0.701995 -0.424995 -0.758772 0.210178 0.378629 0.633418 -0.759768 -1.38297 -0.409973 -1.26843 -0.960852 0.0626312 0.716454 0.0970459 -0.516576 -1.16129 0.851817 1.11942 0.327683 -0.0448087 0.0338098 -0.672294 -0.869928 0.503429 0.321954 1.22134 2.0515 
-0.586421 -0.676568 1.58711 0.0163614 -0.125036 -0.389965 -1.22842 0.344789 -1.57995 -1.63774 -0.0408011 1.06874 -0.724367 -0.594688 -0.603919 0.296351 0.445342 -0.584009 0.299084 0.20507 -0.534981 -0.0984347 0.273857 -0.221834 1.13353 1.79002 -0.584101 -0.751772 -0.356019 0.23268 -0.109434 0.185192 -0.0668147 -0.213484 0.326037 0.114158 -0.194859 -0.0751368 2.1648 
-0.705719 -0.973091 1.71107 0.615993 -0.555137 -0.268283 -1.55484 0.264173 -0.847308 -0.904969 -0.121268 1.25956 0.680718 -0.533354 -0.253599 -0.769068 -0.0521826 -0.782944 1.02479 1.30369 0.111663 1.64981 1.09783 -0.310812 -0.804195 2.36428 -0.596898 -0.24117 0.00864316 0.0184868 -0.190797 0.742156 2.51243 -0.0222297 -0.383571 0.170255 0.282968 -0.224099 0.361523 
-0.796578 -0.821149 1.23645 -0.014858 -0.829473 0.240084 -0.101844 0.4154 -0.540194 -0.809364 -0.226527 0.506782 1.09691 -0.38471 0.283136 -0.280993 -0.416479 0.320763 0.765837 2.74442 0.498463 -0.369912 -0.0664392 0.588775 -1.39608 -1.3837 -0.268195 0.00507299 -0.202136 0.779728 -0.100413 0.143051 1.23486 -0.111163 0.802924 1.85838 0.768203 -0.205125 0.253836 
-0.8612 -0.806313 1.58316 0.340768 -0.275539 0.203299 0.829295 0.589246 -1.08689 -0.961011 0.215766 0.276543 -0.360369 0.0945748 0.266342 0.452504 1.13865 0.646026 -0.82029 0.145567 -0.269915 -0.697378 1.22927 1.30241 0.563917 -2.08068 1.33372 2.02216 -2.13653 -3.05899 -1.35642 0.615303 2.00261 -1.32031 -0.717374 4.24336 -0.34925 -1.59936 -2.26809 
-0.775769 -0.664114 1.44329 0.751544 -0.25988 -0.25898 0.0138649 0.234985 -0.987198 0.118861 0.52521 0.918094 -0.476463 2.5806 2.46166 -3.08173 -3.83026 -2.21318 0.1169 -0.393602 -2.31182 -0.498151 5.38825 -1.03571 -0.480292 -1.20667 2.55867 1.51458 -2.51132 -2.27455 -1.02731 0.731183 0.873389 -1.42318 -1.27585 4.10674 -1.87082 -0.394537 -2.93904 
0.0740166 0.624225 0.177059 -2.22101 -2.25513 0.277757 0.474388 -0.934465 -1.4077 3.12651 -0.391204 -0.0549887 -1.26625 4.116 1.79097 -4.40543 -4.29555 -2.07844 1.86945 0.879218 -1.68425 -0.839436 3.92098 -3.70811 -1.02646 -1.2743 3.30234 0.813191 -3.38691 -2.3589 -0.750009 0.877675 -0.524045 -2.00357 -0.341607 3.40256 -2.71342 0.193597 -0.131989 
0.724197 0.377354 -0.56691 -2.12188 -2.11935 0.887969 0.769944 -0.87587 -1.52418 3.0918 -1.63473 0.19802 -1.434 2.85308 -1.35436 -2.25002 0.55617 1.16833 1.14265 -0.222604 -0.4368 0.0800543 -1.1222 -2.45469 0.707903 1.05058 3.23716 0.628691 -3.68374 -2.3921 -0.572416 2.06193 -0.653931 -1.3205 -0.808137 1.73847 -3.81657 0.311044 -0.49935 
1.10946 -0.158906 -0.849466 -1.84475 -1.21986 0.979933 0.268738 -1.22467 -1.36226 2.26848 -1.82276 0.458754 -0.448255 1.21048 -0.933561 -1.39375 0.975342 1.28182 1.09091 -1.64795 -0.129376 -0.137313 -1.74443 -1.20241 1.3919 0.699579 1.73703 -0.866555 -1.59715 0.751703 2.03577 1.2988 -0.830495 -0.651935 0.439042 -1.08706 -1.87766 0.92886 1.0142 
1.15546 -0.161671 -1.20266 -1.46486 -0.982901 1.55848 -0.679823 -0.96383 -1.61643 1.7611 -2.33857 1.19835 -0.88407 0.00613897 0.186521 -0.263334 0.491365 1.68044 0.721716 -0.753462 -0.461672 0.436647 -0.249124 0.0401895 0.382519 0.099522 0.430164 -0.587366 -0.990635 0.432772 2.34169 -0.352279 -1.75234 -1.06456 0.449418 -1.15609 -0.194574 0.584859 0.741242 
1.09774 -0.0481742 -0.969317 -1.5119 0.271984 1.42451 -0.400274 -1.53123 -1.09095 2.07367 -1.80452 0.741021 -0.356592 -0.500672 0.143871 -0.164493 -0.370905 1.99453 -1.59779 -0.410627 -1.3339 0.666439 0.28643 0.954596 -0.705149 0.139468 -0.245854 0.115981 -0.568248 0.273955 2.18696 -0.601174 -0.711879 -0.156694 0.599439 -0.778279 0.0510726 0.462645 -0.440168 
0.957324 -0.0756803 -1.2774 -1.70956 0.788982 0.583617 -1.04959 -1.84421 -1.19956 1.97311 -1.78895 0.706857 -0.761899 -0.408174 -0.0235571 -0.629761 -0.107575 1.37965 -1.58606 -0.0833149 0.241097 0.272124 -0.734482 0.0282254 0.160814 -0.606804 -0.371101 -0.0863017 -0.372972 -0.721506 1.54783 -1.64318 -0.517409 -0.299142 1.11822 -1.04417 -0.0123851 -1.7656 -0.671368 
0.933626 -0.0593083 -1.2564 -1.58022 1.49565 0.456831 -0.484346 -1.37547 -0.923849 1.51016 -1.79323 0.865568 -0.804356 -0.107356 -0.254891 -0.421093 -0.628318 0.172258 -0.763058 -0.197786 0.918342 0.66355 -1.6039 -0.967872 -1.3663 -0.910224 -0.250476 -0.152876 -0.664432 -0.494751 1.00897 -1.40542 -0.15597 0.165644 0.50823 -0.63973 -1.00334 -0.628431 -1.13193 
0.903858 -0.221011 -1.46925 -2.12668 0.936177 0.119577 -1.23358 -1.24291 -0.784528 0.749157 -2.3565 -0.254976 -1.44139 -0.00146252 -0.177634 -0.414798 -0.576613 0.033996 -0.433331 -0.100664 -0.0204493 0.327428 -0.075154 -1.31719 -0.897828 -0.688803 0.00116726 -0.0960881 -0.276913 -0.0512364 0.860502 -0.374231 0.895586 0.908579 0.275392 0.321056 -1.23259 -0.181372 -0.858806 
0.91911 -0.159822 -1.44537 -1.96271 1.51958 0.19457 -0.58356 -1.39177 -0.721719 1.44749 -2.56377 0.237004 -1.31474 0.111598 0.130616 -0.0132258 0.560314 1.03387 0.224645 1.24864 0.319251 -0.342814 2.00067 -0.616208 1.1539 -0.0741351 0.0544798 0.158739 0.0165333 0.266372 0.391317 -0.724744 0.622313 0.721926 -1.07309 -0.294295 -1.28248 -0.628935 -0.852463 
0.930928 -0.14271 -1.47496 -1.74765 1.85156 0.259971 -0.155049 -1.03573 -1.00694 2.26336 -2.7197 0.576045 -1.48235 0.0933873 0.398512 0.44258 0.949867 0.516366 -0.608481 0.830613 1.00255 -1.62145 -0.300738 -0.331122 0.160222 -0.288327 -0.0573082 0.740489 0.197344 1.25891 1.07302 -0.911169 0.692754 1.30308 -2.2661 0.964573 -0.952822 1.56905 -0.194724 
0.939482 0.0738846 -1.24306 -1.32275 1.97357 -0.174875 0.130094 -0.735079 -1.75405 1.21347 -2.7613 0.361131 -1.51928 -0.203531 0.878217 0.325737 1.1919 0.469292 -1.5342 -0.435971 1.45835 -2.3798 -0.79587 -0.607722 0.687774 -0.15344 -0.0156247 0.276593 0.0722648 0.892373 -0.184504 -1.43991 0.829285 1.40872 -1.68064 -0.621682 0.468223 0.903819 0.143121 
0.842088 0.369274 -1.32597 -0.945584 2.26359 -0.675975 -0.546938 -0.0791829 -2.51963 1.65322 -3.07796 1.07547 -1.58387 -0.116763 -0.0180059 -0.327035 0.293104 -0.770816 -1.46044 0.142381 0.919654 -0.40009 -0.486237 0.936548 0.900815 0.445759 -0.237584 0.569973 0.0594942 1.25516 -0.905237 -1.6893 0.443676 1.80988 -1.39099 -1.02821 1.06597 1.63741 -0.0123359 
0.882556 0.0659707 -1.39199 -1.1227 1.27994 -1.06568 0.243022 -0.132918 -2.01275 0.838538 -2.22217 1.01211 -1.1632 -0.184902 -0.100341 -0.230302 0.5551 -1.73109 -0.892894 0.956149 1.01297 0.705102 -0.501554 1.98264 1.23411 0.133713 -0.237047 0.113818 0.0141409 0.941103 -1.65198 -0.842851 0.76862 1.40349 0.83726 -0.562239 1.96944 0.680081 0.66705 
0.760099 0.313597 -1.43075 -0.570046 0.713804 -1.21947 0.27629 0.584366 -2.07827 1.26665 -1.93094 1.96355 -1.4661 -0.270786 0.178039 0.35105 1.01757 -1.53469 0.249002 0.759375 0.995387 1.39364 -0.226099 1.60144 -0.102328 0.30874 -0.147972 0.0813818 0.119138 0.794653 -2.91413 -0.327385 1.49327 0.607847 2.12385 -1.09276 1.8121 -1.04272 0.128187 
0.768978 0.171782 -1.23145 -0.437402 -0.0947332 -0.910383 0.894495 0.519065 -1.13525 0.661214 -1.29666 0.949459 -0.911752 -0.0561458 0.216442 0.419661 0.552106 -2.3385 0.42176 0.796557 -0.187023 1.82909 -0.876922 0.352802 -2.45728 0.00669909 -0.345829 0.459685 0.52095 1.86902 -2.21586 -0.59873 0.382251 0.501636 1.31208 -0.311826 1.5794 -0.916098 -0.581263 
0.725469 0.441685 -1.2389 -0.196513 -1.37752 -0.958449 0.960218 0.458482 -0.924954 0.59494 -1.73103 0.225604 -1.44532 -0.295677 0.450456 0.471056 1.58228 -1.55894 -1.10984 -0.311328 -0.314827 0.168485 -0.171806 0.434437 -0.972256 -0.976812 -0.417159 0.20725 0.74114 1.41477 -1.95866 -1.00447 -0.0658249 -0.733655 1.8877 -0.880332 1.45685 -2.24819 -0.204312 
0.646244 0.435622 -1.01614 0.626138 -1.49103 -1.58664 0.611402 0.309104 -1.0338 0.525132 -1.04932 0.267949 -1.64209 -0.627635 0.0701411 0.749187 1.41664 -0.395646 -1.8653 -0.874679 -0.823309 0.422322 -0.234825 1.52531 -0.18048 -0.2452 -0.631797 0.603535 0.775303 1.85094 -1.22671 -1.09822 -0.92566 -0.4376 0.575259 -0.0854007 1.1415 -0.715287 -0.365328 
0.480635 0.484905 -0.89666 0.756084 -1.73666 -2.09702 0.185401 -0.0859919 -0.662716 0.410987 -0.849762 0.107357 -1.61693 -0.741118 0.372878 0.751589 0.992444 -0.152184 -0.468358 -0.77649 -0.290259 0.511331 0.0582116 1.03772 0.133318 0.554817 -0.707555 0.530113 0.880814 1.68689 0.271679 -0.185804 -1.44295 -1.754 -0.453043 0.460949 2.3787 -0.00091484 -0.386304 
0.359669 0.654459 -0.672809 1.29461 -1.6331 -1.87033 -0.0777098 0.115305 -0.715183 0.56378 -0.451396 0.372935 -1.20272 -0.53376 0.653746 0.63961 0.930164 0.778793 1.59751 -0.82059 -1.5837 -0.973858 0.807252 1.53953 0.179837 -0.200698 -0.78048 0.716916 1.05865 1.18491 0.452585 0.631185 -0.720821 -1.40223 -0.0405055 -0.308313 1.1822 -0.559321 0.863641 
0.27033 0.866674 -0.60443 1.38284 -1.04869 -1.11649 -0.542204 -1.1307 -1.28485 1.01863 0.0397655 0.245438 -1.75454 -0.540217 0.604026 0.91726 0.656953 0.788179 1.37391 -0.0707874 -1.63523 -0.56887 -0.451705 0.486832 -0.789235 0.423715 -0.689333 0.864446 0.642844 0.855318 0.579188 0.228649 -0.482209 -0.934037 0.632527 0.383558 0.982813 -0.31512 2.25273 
0.146988 1.00738 -0.253866 1.73837 -0.936762 -1.02664 -0.150846 -0.963305 -1.08079 0.215077 -0.173602 -0.178376 -0.863465 -0.597666 0.522981 0.374447 0.261325 0.0341525 -1.27008 0.253512 0.299079 1.72225 -0.332001 -0.271653 -0.54919 2.76222 -0.836673 0.843989 0.739197 0.695433 1.11319 0.583415 0.756785 -1.08425 -0.0908002 -1.0846 0.454145 -0.814331 2.34306 
0.0365185 1.17258 -0.433214 1.56161 -1.02463 -1.8908 -0.332275 -0.936794 -0.199209 0.760861 -0.123205 -0.135107 0.370648 -0.833539 0.544992 0.248527 0.312405 0.771129 -0.536964 0.958646 0.145003 0.451105 -0.91653 0.10047 -0.165929 2.24076 -0.836862 0.812599 0.315208 -0.200278 1.58627 0.914343 2.47418 1.49104 1.10043 -1.22295 0.120783 -1.13627 1.67911 
-0.173582 1.32606 -0.140117 1.95135 -0.255631 -1.35232 0.674561 -0.87076 -0.800318 -0.486722 -0.120327 -0.286271 0.863476 -0.7764 0.583522 0.123669 -0.536396 2.18637 2.58229 2.65106 1.7358 -0.41356 -1.20996 0.429809 -0.783761 -0.854393 -0.897641 0.470652 -0.00992621 -1.51949 0.575936 0.498137 0.290546 1.55862 0.769509 -0.00436492 1.13011 0.77544 1.23621 
-0.263035 1.51362 -0.376447 1.20606 0.918297 -0.307628 1.97037 0.202279 -0.466436 -0.163834 0.121453 -0.682524 -0.266202 -0.640491 0.0983582 -0.262411 -2.42028 0.0372718 1.25143 -0.618286 1.98238 0.461319 0.904688 1.35703 1.07632 -0.837643 -0.931122 0.342614 0.56656 -0.582752 1.40895 1.99774 0.0179161 1.2149 -0.497916 -0.848316 0.412536 0.192887 -0.513741 
-0.423145 1.38565 -0.259548 0.333981 -0.228786 -0.583574 0.123538 0.430528 -0.513379 0.194938 0.663149 0.489559 0.239419 -0.752695 -0.113594 0.770261 -0.270054 -0.213689 0.285881 -2.63085 -0.0789017 -0.191711 0.138407 0.10393 1.01054 0.263268 -0.705504 0.159612 0.226542 -1.89084 0.503799 1.34653 -1.48674 1.00824 0.572155 -0.147598 0.20971 0.961915 -1.53506 
-0.553869 1.45025 -0.0245916 1.02891 0.721392 -0.129761 -0.337331 0.147524 -0.59314 -0.0642671 0.176738 0.0465125 -0.0494843 -0.51753 0.123701 0.620903 -0.203521 0.670304 0.681484 -1.1284 -0.608361 0.214781 -1.09638 -1.0844 0.0528944 -0.917374 -0.689401 -0.353686 0.50997 -1.08181 -0.714165 0.532449 -2.81208 -0.417417 -0.898139 -0.29309 -0.162959 0.892322 0.678284 
-0.62748 1.45994 0.0241444 0.201395 0.362453 -0.163614 -0.872738 0.0274614 -0.382602 -0.643482 0.0278846 0.537333 -0.445529 -0.378842 -0.359586 0.0345554 -1.22975 -0.781055 0.477864 -0.672175 -0.498557 -0.892812 -0.512786 -0.311044 0.0370059 0.504033 -0.60561 -1.07164 0.863717 -0.282127 0.0290343 1.00728 -0.122817 -0.520197 0.999151 -0.976856 -1.49841 -0.144289 0.90179 
-0.707192 1.24419 -0.00849394 0.208963 0.0186383 0.165592 -0.935391 -0.183307 -1.16394 -0.459369 -0.00912297 0.0829836 0.351108 -0.476196 -1.56932 0.740971 -0.185264 -0.626296 0.764205 0.983351 -0.109785 0.972631 -0.136567 -0.841883 -0.221783 1.93938 -0.410303 -1.88752 0.495456 -1.63952 -1.7426 0.520913 -0.290735 0.746119 0.317976 -0.762028 -0.465037 -0.676918 1.17855 
-0.816612 0.552115 0.362633 0.0810376 -0.202322 0.306968 -0.0257669 -0.0476096 0.228214 -0.752795 -0.466453 0.389703 1.05125 -0.293663 -2.19111 0.747404 -1.0449 -1.6511 0.269313 0.329942 1.51377 1.26454 -0.450413 -0.284945 -0.830919 0.833363 -0.289315 -1.99132 0.974553 -0.308825 -0.740952 0.945536 -0.26991 0.502553 -0.946593 -0.405626 -0.379736 -1.96637 1.18353 
-0.829185 -0.0243401 0.33293 -0.487176 -1.45983 0.333321 -0.658749 0.809703 -0.368218 -0.80709 -0.179817 -0.497981 1.00321 0.00268136 -1.12196 0.795442 -0.240613 -0.405888 0.592808 -1.30113 0.7916 -2.11518 -0.379117 0.355705 -2.08527 -0.596299 -0.211038 -1.58191 1.85556 0.142162 -0.203162 0.462243 -0.688755 -0.146487 0.429889 0.429917 -0.233396 -0.659091 0.120401 
-0.829604 -0.0961997 0.72598 -0.0763926 -0.570586 0.672663 -1.17281 0.470309 -1.11685 -1.04636 -0.264858 -1.0836 0.611508 -0.0511105 0.0543548 2.17636 1.24558 1.37058 0.393602 -1.13956 -1.72037 -0.758801 0.983876 -0.0128456 0.0579251 -0.701823 -0.112059 -0.757082 1.44501 -0.0385831 -0.0111307 -0.27569 -1.63413 -0.0389565 -0.73002 1.22042 0.974882 1.18471 -0.641823 
-0.861962 0.00972229 1.32649 0.350848 -0.244244 0.57711 -1.66477 -0.324919 -0.854129 -0.0652765 -0.192391 -0.446628 0.482881 -0.184663 0.102396 1.48182 0.190188 0.393758 -0.989698 -0.618635 -0.851014 1.23197 1.90517 0.901957 3.47593 -0.140787 -0.248133 0.056922 1.25395 0.704666 1.83087 -0.297351 -0.227374 -1.35628 -0.310074 0.823674 0.949042 1.15078 -0.90342 
-0.911505 -0.0342689 1.40257 0.0547278 -0.225908 0.0699286 -1.72414 -0.0923911 -0.341768 0.395304 0.254171 1.3993 0.519646 -0.354672 0.0286155 -0.19996 -0.263399 1.19181 -0.8216 0.871736 -0.142222 0.378464 0.0440071 1.23724 1.29291 -0.333378 -0.473809 -0.147795 0.836711 0.169459 0.732881 -0.674478 0.632116 -0.916609 0.181775 0.944162 0.876871 0.828778 -1.14212 
-1.0064 0.0288534 1.23556 0.178156 0.811958 0.0772442 -0.915224 -0.421329 -0.619671 -0.0374192 0.521476 0.483287 0.243935 -0.59229 -0.296706 -0.162474 0.0484243 0.634001 0.0200767 1.3601 -0.40975 -1.02334 -0.725999 0.229533 -2.50295 -1.16644 -0.518292 -0.61697 -0.135101 -0.0481716 0.0992971 -0.483289 1.75009 0.335154 0.0037396 0.372323 1.10526 0.844407 -0.268306 
-1.14334 -0.203856 1.32875 0.0908947 0.332964 0.0851349 -0.548324 -0.364799 -0.995241 -0.161761 0.382445 -0.371137 -0.355515 -0.495441 -0.858404 -0.0110416 0.199652 -1.0496 0.126561 1.18255 0.594898 -0.383021 0.417138 0.188263 -0.301595 0.021949 -0.490149 -1.04754 0.292709 0.515691 0.735424 -0.521262 1.60973 0.342288 -0.941015 -0.304906 0.62371 -0.473242 -0.576826 
-1.20261 -0.466574 1.23085 0.315616 -0.130223 0.157614 0.10562 -0.0328139 -0.867555 0.273881 0.625769 0.27888 0.276356 -0.211538 -1.11627 0.625161 0.671214 0.397313 -0.769651 0.529369 0.872191 -0.11253 0.336782 0.576056 1.94804 0.50342 -0.240575 -1.37868 0.841588 0.362854 0.219958 0.121666 0.357188 0.117178 0.142737 0.878198 0.342447 0.310425 0.783333 
-1.23512 -0.84887 1.61439 0.544206 0.680811 -0.38294 -0.0976114 0.206138 -1.07179 0.0884982 0.712089 1.02483 0.0446092 0.102088 -1.00309 1.33807 0.307647 1.36046 0.0472248 -0.763934 -0.440592 0.544908 0.679207 0.255247 0.6663 0.865065 0.102824 -0.517095 0.1992 -0.94427 0.0199303 0.427066 -0.051606 -1.1098 -0.168651 1.35164 0.382669 -0.659312 -0.137238 
-1.17903 -1.04593 1.84184 0.52541 1.07634 0.189434 -0.572532 -0.325511 -0.527668 0.784258 0.768986 0.763027 0.952671 0.382974 0.421757 -0.309727 -1.97993 -0.366029 1.38205 -0.590795 -2.3974 -0.0984578 1.35404 -0.0807673 -2.7213 -0.665485 1.51039 1.51233 -1.42263 -2.31391 -0.954534 -0.188858 -0.505591 -1.76668 -0.992967 2.68764 -1.00152 -2.56008 -0.852273 
-1.10824 -0.601678 1.47336 -0.778216 0.348083 0.465736 -0.624639 -1.37388 -1.13942 1.1115 0.660044 -0.900933 -0.44797 2.38437 3.05734 -3.57659 -3.51923 -2.69116 -0.319408 0.169399 -1.98376 -1.74298 2.68915 -1.54187 -3.67006 -1.84198 3.04403 1.87286 -2.90443 -3.24177 -1.43011 0.590072 0.618794 -1.58183 -0.442875 3.20276 -1.95318 -3.55853 -0.115934 
-0.315995 0.730156 0.2099 -1.82803 -1.32941 -0.00311045 -0.436022 -1.63341 -1.63698 2.82146 -0.132123 -1.83768 -0.438406 4.62587 2.12082 -4.26224 -2.52075 -1.62938 -0.535544 1.31661 0.226075 -0.440904 2.66113 -2.43096 -1.45411 0.527699 3.76876 1.22878 -3.79273 -2.45874 -1.29072 0.226468 0.289109 -0.694519 -0.522266 1.29656 -2.52586 -2.11956 -1.04924 
0.579271 0.631138 -0.471492 -2.46288 -1.11102 0.140925 0.513221 -1.228 -1.42397 3.12741 -0.757721 -1.92523 -0.0293038 3.81643 -1.38714 -2.39422 0.106432 0.890581 0.643709 0.169273 1.027 1.10856 -1.0675 -1.70708 1.18324 0.640606 3.80666 0.228399 -4.07153 -1.14975 -0.852311 -0.184004 -0.256396 0.495838 -0.0537591 0.42394 -2.95061 0.475418 -0.0284224 
1.07378 -0.0719912 -0.882435 -1.75301 -0.541782 0.393733 -0.299621 -0.960627 -0.940069 2.00498 -1.12924 -0.985786 0.0664871 1.63727 -1.80559 -2.1476 0.926557 0.441554 0.270333 -1.61852 0.446549 0.367494 -2.13517 -1.36478 2.01243 -0.565757 2.56005 -1.60095 -2.07226 0.488985 0.720468 0.570957 0.0924807 1.36619 1.33889 -2.19065 -1.60093 2.08553 0.736223 
1.16751 -0.413752 -1.45128 -1.83854 -0.723724 0.309278 -0.91086 -0.937076 -1.19646 1.49989 -1.55592 -0.483457 -0.44572 0.396415 -0.775405 -0.867292 0.576104 0.119828 0.17534 -0.0614993 0.836979 0.485684 -1.68955 -0.351185 1.2645 0.192722 0.903154 -1.52345 -1.36167 1.00529 0.726068 0.13675 -0.932885 1.43014 0.680898 -2.65864 -1.14667 2.29744 0.711316 
1.20562 -0.51927 -1.27792 -1.36341 -0.441332 0.503954 -0.36465 -0.412855 -0.637696 0.715965 -1.33842 -0.0760828 0.229328 -0.149527 -0.251987 0.00508078 0.47329 0.576683 -0.0748843 0.52222 1.50497 0.438821 -1.20951 -0.108698 0.683984 1.3707 0.000927212 -0.522635 -1.06233 -0.305952 1.09068 -0.366786 -0.550217 0.846205 -0.189924 -0.89589 -0.640562 0.340631 1.21366 
1.09854 -0.557398 -1.44863 -1.5178 -0.215956 0.266372 -0.466388 0.0501469 -0.923775 0.57554 -1.6242 0.01327 0.616753 -0.392569 0.0733892 -0.803851 -0.997989 1.40802 -0.70306 -0.58544 0.315235 -0.722146 0.55827 -0.470763 -0.86435 1.18469 -0.34783 0.208758 -0.107569 0.396559 1.87145 0.714714 -0.664116 0.68266 1.22607 0.341022 0.36464 -0.0662188 0.376556 
1.04724 -0.474166 -1.64445 -2.02813 0.807634 0.0766308 -0.887004 -0.208321 -1.10039 1.13447 -1.6171 -0.680831 1.14975 -0.420226 0.540612 -0.172727 0.0808365 2.04243 1.10039 -1.30291 -0.576623 1.02031 1.63135 0.580778 -0.761259 -0.947248 -0.447404 0.422334 -0.0888312 0.1841 1.52411 0.282125 -1.00365 -0.294463 -0.460144 0.362458 -0.655581 -0.703818 -0.277644 
0.92999 -0.241259 -1.52713 -1.45992 1.59864 0.942689 -1.61499 -0.332041 -0.282757 1.80919 -1.29181 -0.518139 -0.09101 -0.340956 0.504516 0.665713 1.25694 0.72562 1.10729 -0.593964 -0.724392 0.162106 -0.109513 -0.370519 0.0388706 -1.50677 -0.295327 0.77586 0.277453 0.490499 1.84257 -0.0435177 0.100884 -0.467565 -0.883156 0.183644 -0.609541 -1.08281 -0.633937 
0.907856 -0.178966 -1.34031 -1.1825 1.44819 0.757169 -1.4168 -0.68772 -1.00298 1.04571 -1.83752 -0.643033 0.0146751 -0.0631767 0.516129 0.611389 0.603803 0.536319 -1.16384 1.42055 -0.0694789 -2.08689 -1.40712 -1.36279 -0.508953 0.219148 -0.335052 0.780227 0.275551 1.46114 0.494794 0.296021 -0.867217 0.284418 -0.297002 -0.275265 -0.0682106 -0.0518821 -0.945522 
0.892774 0.0606777 -1.24778 -1.05176 2.07042 0.233385 -0.386404 -0.380596 -1.60991 0.73473 -2.08885 -0.870059 0.0920131 -0.207782 0.558139 -0.230045 0.776234 -0.0306291 -0.683102 -0.425225 1.10762 -0.52679 -0.242484 0.285377 -0.0993221 0.423585 -0.178479 0.354965 0.0521208 0.496188 -0.372824 -1.18075 0.152879 0.171284 -1.68337 -1.3703 -0.0701033 -0.153154 0.365705 
0.817451 0.14734 -1.44497 -0.658843 1.4145 0.342059 -1.79931 0.0380966 -1.34193 0.855941 -1.67679 -0.703545 0.353828 -0.228045 -0.0294717 -0.527565 0.0887398 -1.05398 -0.53287 -1.24185 0.297846 0.0620842 -0.319864 1.27521 0.329662 0.191939 0.0167083 0.135558 -0.0994482 0.199838 -0.208416 -1.48494 0.0857448 0.74573 -0.159383 -0.487591 0.81234 -0.280628 0.938977 
0.794917 0.0461125 -1.48822 -0.988594 1.12433 -0.0897896 -1.48171 -0.187501 -1.57586 0.486178 -1.35292 -0.625394 0.254256 0.237584 -0.36866 0.0751869 -0.495416 -0.257242 -1.45049 0.525089 -0.0929384 0.3269 -0.37612 0.763041 -0.229556 0.6408 -0.163089 -0.297089 -0.546969 -0.0477116 -0.646429 -1.15999 -0.267694 0.707858 0.0608666 0.45186 2.00463 0.223776 1.3099 
0.890861 -0.063987 -1.41033 -0.986939 1.17876 -0.54266 -1.35233 -0.0258918 -1.14013 0.564656 -1.23849 -0.856704 0.85887 -0.0378661 -0.36705 -0.33202 -0.151847 0.153907 -1.13404 0.926676 0.664995 0.00176637 0.880879 1.30807 -0.0666364 1.29515 0.0173084 -0.519574 -0.115754 0.0127186 -0.820426 -1.39869 1.40619 1.38236 -0.035858 0.376251 1.41748 0.941606 1.15998 
0.767011 -0.164281 -1.63942 -1.08657 1.25516 -0.780856 -0.684206 0.247129 -1.58001 1.14975 -0.597895 -0.662654 1.25903 -0.206795 -0.329209 -0.255722 0.516265 -0.886021 -0.559239 1.12536 1.97905 -0.378873 0.842197 1.0644 1.33493 0.675434 0.0941501 0.0945109 -0.13028 0.659629 -0.864426 -1.03224 1.78419 1.61209 -0.880052 0.101482 0.0573194 0.0651319 0.68086 
0.80082 -0.252429 -1.5267 -0.637413 0.382423 -0.881971 -0.381404 1.27321 -1.38539 1.19885 -0.625067 0.103105 1.39036 0.195037 0.500933 0.12861 1.07146 -1.35867 -0.34939 1.16765 1.53558 -1.06463 -0.759816 -1.23162 0.143498 -0.524914 -0.105366 0.187643 -0.0167464 0.749597 -1.51094 -1.29313 1.24806 1.12588 -2.2879 -0.383376 -0.379908 -0.000501231 -0.411443 
0.824771 0.12884 -1.5804 -0.365172 0.0374275 -0.991748 0.323632 1.25449 -2.25964 0.566999 -1.31871 -0.550425 0.873807 0.0358217 0.589236 0.231098 0.528344 -1.22236 -1.29888 0.339398 -0.444006 -2.36983 -1.32994 -1.5508 -1.33509 -1.14998 0.0404231 0.321847 0.976405 1.31602 -1.91589 -1.08006 1.06934 0.216782 -0.893808 -0.658761 -0.0541727 -0.0470706 -0.901327 
0.800018 0.0919165 -1.42091 -0.279796 -0.713787 -1.67391 -0.0965099 0.978265 -2.89176 0.183003 -1.53136 -0.836525 0.52777 -0.126231 -0.0591341 1.41072 0.760089 -1.3157 -1.20273 0.0872417 -1.24494 -0.0147054 -0.0737168 1.16455 -0.198303 -0.507902 -0.0904635 0.719767 0.917646 0.966812 -1.45669 -1.2456 0.900484 -0.627113 0.0199988 -0.527828 0.232332 -1.62057 -1.80366 
0.764363 0.0970679 -0.936256 0.147667 -1.142 -1.72485 0.388432 0.43264 -2.27422 0.505429 -0.647089 -0.681351 0.501576 -0.182285 0.391529 1.2157 0.818046 -0.810195 -0.490975 0.717206 -0.42049 2.38474 0.660817 1.85255 -0.566169 -0.911128 -0.296479 0.432082 1.2318 1.60242 -0.690146 -0.806365 0.776961 -0.874957 0.984742 0.16042 1.75118 -0.731747 -1.11353 
0.718992 0.321573 -0.865765 0.271863 -1.44252 -1.97145 0.518156 0.698792 -1.38648 0.67941 -0.459932 -1.22915 -0.152409 -0.359066 0.650243 0.530793 1.46936 0.354521 0.0436921 0.82431 0.0411891 1.18486 0.268786 1.09248 -0.659951 -0.766738 -0.394999 0.868856 1.0066 1.35008 -0.556769 -0.747298 1.32842 -0.6383 2.25957 -0.603404 2.172 -0.432544 -0.455244 
0.618313 0.476804 -0.693687 1.13558 -0.832301 -1.69519 1.09658 0.456889 -1.52897 0.704036 -0.0173486 -1.14069 -0.0683308 -0.465049 0.791171 0.371171 1.06083 0.035439 -0.583228 0.841913 -0.459319 0.31197 -1.42484 0.946199 0.0590218 0.386666 -0.750842 0.990959 0.216549 0.969613 0.361926 -0.747625 -0.364984 0.471015 2.86381 -0.800776 1.49149 -0.330887 -0.121259 
0.53396 0.783061 -0.696044 0.98614 -1.41731 -2.32544 1.24167 0.393774 -1.19414 -0.408519 0.0848058 -1.17702 0.158549 -0.873523 0.697841 -0.188038 -0.119081 0.154762 -1.11837 -1.25373 0.597457 2.23541 -1.28064 0.830239 0.272095 0.622883 -1.2901 1.07021 0.51642 0.128788 1.20768 1.10231 -0.89119 -0.235164 1.13821 -1.45635 0.218812 1.07183 0.574876 
0.283037 0.884151 -0.779176 1.05955 -0.700705 -2.37666 -0.00908975 0.847088 -0.118287 -0.274353 0.460004 -0.936979 0.423028 -1.65446 0.664259 0.443802 -0.878726 1.65594 2.1654 -1.88925 0.131332 1.04196 -0.410188 -0.661848 1.19917 0.262792 -1.33105 1.31902 0.310707 -0.952128 0.773271 1.52828 -0.439867 0.40668 1.95361 -1.54881 -0.079753 1.50504 0.876924 
-0.0885626 1.17093 -0.493176 0.401302 0.0526964 -0.997381 -0.418718 0.477325 -0.539412 -0.725684 -0.304911 -0.313786 0.374903 -1.31334 1.09459 0.679067 -1.20055 0.929449 3.31231 0.736375 -0.0468735 0.0949315 -0.670486 -0.93024 1.49446 0.370786 -1.47852 0.996966 0.391193 -1.21075 0.774513 1.56835 -0.318732 1.4928 2.3131 -0.377371 -0.781412 1.2459 0.534125 
-0.214012 1.52165 -0.468939 0.259154 0.12158 -0.346746 0.622308 0.813404 -0.063425 -0.789249 -0.0856792 0.136314 0.721858 -0.77494 0.691961 0.173971 -0.800206 -0.569994 0.0860884 1.51414 1.90595 1.71885 -0.0700192 -0.34142 0.263283 0.340226 -1.42383 0.60536 0.213327 -1.32985 0.586769 2.49467 0.482294 0.969669 1.00518 -0.44238 0.278451 1.51094 -0.0908071 
-0.387579 1.57486 -0.413453 -0.130943 -0.461881 -0.941779 0.891558 1.72834 0.544077 -0.784444 -0.508424 -0.116343 0.650394 -1.02611 -0.268783 -0.341386 -0.643858 -0.105908 0.269538 -0.170847 1.36809 1.0997 0.108652 1.29137 0.279012 -0.479938 -1.00841 0.0871 0.155215 -0.199377 -0.0884401 0.19254 1.0805 1.04497 1.61027 0.250031 0.392995 0.817962 0.100523 
-0.605414 1.36826 -0.624412 -0.168369 0.0207696 -0.17888 0.461833 1.71057 0.627878 -0.712285 0.659639 0.344947 0.370983 -0.881277 -0.568116 0.0721984 0.526388 0.449811 0.189486 -0.246156 -0.481659 0.200352 0.377609 0.850002 0.697003 -0.231339 -0.970667 -0.595992 0.417461 -0.138863 -0.300959 -0.52624 -1.17402 0.742978 1.32814 1.25178 0.855326 0.451167 -0.62516 
-0.725708 1.24783 -0.380176 0.225364 -0.0672277 -0.822901 0.66535 1.40862 0.665714 -0.503172 -0.0195868 0.389645 0.489376 -0.568025 -0.53259 1.00052 0.454113 -0.311309 -1.02626 -1.20861 -0.357174 0.481663 1.45679 -0.187611 0.25085 -0.238159 -0.610999 -0.718799 1.07442 1.33179 0.68038 0.91392 -1.29819 -0.384619 0.301086 0.344521 0.716147 1.02825 1.1083 
-0.828323 1.06184 -0.167469 0.139527 -0.263171 -0.803991 -0.604459 1.47275 0.927704 0.388767 0.545507 0.533546 0.204757 -0.121311 -0.399595 1.62149 1.32707 0.504569 1.12212 -1.27912 -0.050905 0.151152 0.048627 0.0745837 0.510047 1.48869 -0.330965 -0.301288 1.72053 1.51423 -0.673386 -0.763383 -1.56706 -1.10009 0.0291016 0.751897 -0.438879 0.894121 0.582755 
-0.784306 1.01856 0.360158 1.11797 0.376246 -0.133289 -0.462479 1.37229 0.756187 -0.471805 0.0186452 0.762635 1.64196 0.0260071 0.130381 1.7106 1.65282 -0.62644 -0.0710407 -0.632392 -1.15474 -0.455849 -0.51903 -0.374705 0.798806 0.896595 -0.109858 -0.470007 1.15101 0.715172 -0.55267 0.224133 -0.706219 0.166667 0.0276809 -0.0938165 0.384818 0.0869324 0.626517 
-0.832735 1.14 0.613533 1.25031 -0.828073 -0.844545 -1.16779 0.710246 0.633689 -0.0110781 0.322652 1.11196 0.905152 -0.0570511 -0.231137 0.192804 -0.330287 -1.2736 -0.801175 0.448985 0.272953 -0.12704 -0.172789 0.423472 -0.407603 -0.780379 -0.122547 -0.517272 0.931985 0.996125 -0.203428 0.209693 0.452072 0.0562096 -0.881299 -0.945866 -0.8874 0.131162 0.252951 
-0.819269 0.887008 0.448476 0.900472 -0.765643 -0.620655 -0.081931 1.54901 0.670447 -0.608634 0.25962 0.482814 1.06163 -0.225239 -0.825131 -0.24122 -0.2657 0.34554 0.371249 1.16243 1.22559 -0.608508 -0.675006 -0.765005 -0.64446 -0.614002 -0.216872 -0.816076 0.387582 -0.599384 -0.646175 0.0886312 0.426953 0.91707 0.427003 -0.279502 -0.0526283 0.120389 -0.844803 
-0.92956 0.663878 0.503774 1.07608 -0.526385 -0.614435 -0.164513 1.51367 0.242977 -0.529407 -0.12701 0.663637 0.451891 -0.297316 -0.86833 0.419283 -0.499269 0.373879 0.927517 0.0515556 0.976262 0.629326 -0.184528 -0.488555 0.549307 -0.188022 -0.277673 -1.11519 0.638991 -0.222577 0.731542 1.33101 0.4835 1.15009 -0.0316101 -0.415121 0.0933132 0.486873 -0.349219 
-0.942605 0.385823 0.640154 0.569795 -0.438688 -0.0501325 -0.0482802 2.18841 1.06381 -0.754379 -0.0293939 0.883733 0.933696 -0.229128 -0.679476 1.24921 -0.0403519 0.680347 1.53937 -0.595486 0.342598 0.561621 0.147398 0.887798 1.21622 0.210366 -0.380756 -1.34353 0.539209 0.102888 0.512903 1.32182 0.922735 -0.246841 0.286495 0.500174 0.562595 0.148892 0.289671 
-1.02782 0.272247 1.07421 1.05279 0.0738084 0.330518 -0.695635 1.73621 0.59345 -0.42301 0.38379 1.539 0.628206 -0.326592 -0.945555 0.431577 0.645393 0.346422 0.969913 1.03118 -1.32023 -0.295293 0.806208 1.21547 -0.374156 0.512461 -0.119758 -1.31551 0.812686 -0.471183 0.938329 1.57512 1.12426 0.542121 0.240967 -0.128354 0.381756 0.0288556 1.82945 
-1.07671 -0.160161 0.837442 1.00581 -0.136214 0.546335 0.840435 1.31703 0.87149 -0.147528 0.671819 0.627706 1.34072 0.034483 -1.09645 0.0323047 -0.611093 0.634561 0.721843 1.91487 0.393379 -0.282107 -0.314927 -0.393684 -1.18193 1.8688 -0.166814 -1.64887 0.760499 0.164855 0.941396 1.13088 0.669322 -0.765765 -0.734378 0.491235 0.45235 -0.834197 0.0620325 
-1.02911 -0.361273 1.08928 0.647209 0.63318 0.775176 0.964415 1.99215 0.409488 -0.667812 0.149906 0.708323 2.07108 0.0545547 -1.28189 0.767757 -0.413178 0.972773 0.65329 -0.246024 0.265947 -0.593132 -0.195752 -0.630476 -0.604321 -0.447438 0.155967 -2.02167 0.149348 -0.772059 0.540843 0.0887133 0.270306 -0.772243 -1.05487 1.29268 0.674442 -0.968083 0.684742 
-1.07062 -0.901254 1.18815 0.732797 0.724698 0.949042 0.614343 1.48914 0.490518 -0.3018 0.300332 0.207942 1.01467 0.224358 -1.63594 0.204625 -0.458364 0.12479 -0.595383 -1.59828 -1.45653 -0.990094 1.93171 1.26458 0.0463436 -1.09414 0.241469 -1.93553 0.750873 -0.972035 0.0480302 0.385754 -0.555609 -0.27726 -1.12178 0.448513 0.181471 -0.434515 -0.423518 
-0.960565 -1.30775 1.18299 0.343929 0.738053 0.413746 -0.441996 1.0311 -0.222929 0.79401 0.879659 0.751437 1.25114 0.344911 -1.33382 0.416418 -0.93411 -0.902215 -0.100225 -0.407248 -0.651556 -0.759189 0.752564 0.866758 0.09486 -0.0408695 0.0369865 -1.88662 0.744314 0.0743857 -0.375324 -0.0880339 0.139833 -0.109807 1.18985 1.4263 0.444857 -0.199214 -0.882951 
-0.957735 -1.67247 1.37853 0.110863 -0.0860784 0.890628 0.247526 1.05765 0.0043619 0.264301 0.798906 0.28557 0.999115 -0.161205 -0.913534 0.969221 0.564889 -0.645945 0.468002 1.76166 1.30014 2.40586 -0.147143 -0.689236 -0.279685 0.0822658 -0.107342 -1.36423 0.428864 -0.670571 -0.303202 -0.258042 0.449937 0.6942 0.566418 0.540077 0.877224 -0.853441 -1.67526 
-1.03384 -1.83515 1.62565 0.726024 0.155761 0.703065 1.08432 1.88357 1.29572 0.676662 0.474027 0.562616 1.32962 -0.519134 -0.508091 0.260677 0.00565144 0.481864 -0.271318 0.934778 1.5957 1.42842 -0.0807803 0.265187 -1.09592 -1.87392 -0.120981 -0.729449 0.0207252 -0.000743795 0.0604258 0.0677005 1.24675 0.0884002 0.140532 -0.853183 0.375297 -1.32743 -0.955963 
-1.16266 -1.96468 1.49782 0.118381 0.337152 0.727513 1.0521 2.10456 0.903883 0.197366 0.9479 -0.483913 -0.416358 -0.035451 -0.0686018 -0.934837 -0.562743 0.733828 -0.371721 -0.298433 -1.18522 -2.24661 -0.930515 1.17503 -1.27759 -1.17735 -0.279549 -0.70929 -0.00844971 -0.146245 1.46617 0.202431 0.26383 0.756977 0.595723 0.14991 -0.203045 -1.29497 -1.18261 
-1.06085 -1.87242 1.19934 0.352831 0.803635 0.478507 0.812484 1.101 -0.132599 -0.0357598 1.15174 -0.336108 0.44613 0.0616812 -0.44674 -0.272236 -0.205653 1.5708 0.561097 -0.62579 -0.565626 -0.724098 0.262652 -0.523906 -0.423265 0.520563 -0.127581 0.385908 -0.622926 -1.29959 -0.137966 -0.51234 -1.95917 -1.31618 -0.616051 1.05581 1.17105 -0.960255 -2.08231 
-1.15395 -2.2213 1.3739 -0.0156329 1.73125 1.0738 0.494527 1.72961 0.439954 0.391314 0.638342 -0.774876 -0.00314178 -0.17206 0.59717 -0.0443609 -1.23962 -0.923232 -0.365041 -2.00303 -0.622478 1.49988 2.24987 0.335159 0.15119 -1.20132 1.72403 3.51053 -1.59083 -2.78984 -1.2351 -0.410703 0.474859 -3.79706 -3.27237 1.7157 0.0276365 -2.01676 0.635647 
-1.13812 -1.52347 1.17942 -0.473733 -0.0258787 0.258037 -0.947215 0.688648 0.812184 1.66775 1.3414 -0.218407 -0.455667 2.77616 5.20747 -2.23115 -3.66715 -3.29365 -1.15189 1.18259 -4.63797 -3.20348 1.8853 0.562151 -1.94291 0.198148 2.69675 2.71929 -2.35717 -3.29471 -1.81326 -0.0661659 0.328214 -3.10773 -1.5092 1.7497 -1.03718 -3.48384 0.863548 
-0.146803 0.802072 0.35599 -2.46815 -1.21166 0.371812 1.5154 -1.3244 -1.59447 1.81788 0.959905 -2.1469 0.163843 4.60974 3.09186 -3.66581 -3.33461 -1.6077 0.269066 2.38762 -3.63754 -3.31612 -0.0592313 -1.66769 -4.23895 2.17974 3.62444 2.48978 -2.76102 -2.0793 -1.60993 -0.133899 0.136786 -3.59177 -1.4706 0.908921 -0.159941 -3.27516 1.97977 
0.543453 0.272643 -0.493235 -2.70352 -1.46564 0.425615 1.12548 -1.70721 -1.29359 1.61718 0.367176 -3.22382 1.22468 3.18728 -1.8293 -2.11499 0.781517 1.04692 0.958638 -1.02279 -0.284619 1.43346 -0.750377 -0.76538 -1.89996 2.05232 3.84171 1.10937 -2.86567 -1.13928 -0.117516 0.268211 0.662718 -2.54791 -1.65317 -1.38823 -1.54624 -3.80638 1.78669 
1.01156 -0.256569 -0.608911 -1.94096 -0.284643 0.961379 0.611311 -1.51449 -0.691758 1.2423 0.510024 -3.48838 1.74688 1.71105 -1.5834 -0.845128 1.75495 1.44687 0.115185 -1.61022 0.143819 1.32747 -1.69026 -0.320166 -0.2273 -0.149311 2.26477 -2.02601 -1.75351 1.6876 1.24244 0.309973 -1.71236 0.133771 2.5112 -2.1824 -1.06822 -1.41519 1.9185 
1.15883 -0.643354 -0.878603 -1.52432 -0.182036 0.499023 -0.291361 -1.61544 -0.458009 0.327631 0.176015 -3.37537 1.1263 0.539905 -0.908971 -0.644589 1.56628 0.69304 -0.514408 -0.98884 0.461639 1.56457 -1.99631 -0.607108 0.239714 0.128324 1.05512 -1.45526 -0.712861 1.53566 1.84453 0.299528 -1.73514 0.526613 2.11399 -2.86504 -0.526809 -0.945156 0.886988 
1.19617 -0.78133 -0.902758 -0.888134 0.326866 0.649502 -0.263151 -1.21364 0.294006 -0.279742 0.152118 -3.3077 1.86054 0.0266302 -0.381807 -0.275693 0.381742 1.13461 0.314043 -0.428155 0.570931 1.19492 -1.91358 -0.355344 -0.881383 1.15445 0.374411 -0.825588 -0.323011 0.716204 0.722725 0.0877796 -1.00382 0.123408 1.64942 -2.16157 -0.721666 0.58093 -0.118844 
1.15465 -0.862308 -1.0041 -1.26489 0.823162 0.694125 -0.676427 -1.2427 0.293611 -1.13156 -0.0355895 -3.99224 2.02363 0.0782121 -0.203381 0.137679 -0.568069 0.320524 0.639527 -0.190756 -0.298805 0.401508 -0.724215 -0.319248 0.442422 -0.269427 0.0614833 -0.354794 -0.237501 0.628863 0.359082 0.428235 0.0544693 0.590931 1.47127 -1.33337 0.152837 0.874152 0.226837 
1.21096 -0.896779 -0.839598 -1.26489 0.60625 1.04379 -0.441003 -1.41306 0.54306 -0.835453 -0.0385102 -2.98282 1.67043 0.0768133 -0.0928743 -0.0965613 0.495128 -0.629297 0.300031 0.491292 0.231859 0.557829 0.232973 0.554764 1.90761 -0.901616 -0.136781 0.0458465 -0.30947 0.0476554 -0.0415965 0.0590857 -0.697957 -0.152245 -0.0677201 -0.749548 0.660555 1.26991 -0.777944 
1.16893 -0.913653 -1.04784 -0.929526 0.255712 0.880652 -0.258951 -1.09301 0.641682 -0.960159 0.281681 -2.62504 1.35071 -0.300854 0.27135 -0.623266 0.637456 -0.375235 -0.555618 -0.629673 0.0843184 -0.491635 -0.223314 1.17227 1.04821 -0.622783 -0.189868 0.571699 -0.0407971 0.481917 0.192887 0.237577 -0.162095 0.443116 0.2653 0.539954 1.17221 1.70124 0.109914 
1.08633 -0.736839 -1.12371 -0.834194 0.265315 0.706692 -1.00196 -1.36043 0.226378 -1.01066 0.637598 -2.22699 1.21047 -0.386767 0.873088 0.0340636 0.177587 0.902319 0.0402244 -0.682464 0.368598 -0.249177 0.438657 0.956928 0.0891801 1.02121 -0.25466 0.593064 -0.0981988 0.621932 0.715425 0.00999846 -0.36924 1.45624 0.466986 0.639948 1.62404 1.34291 1.17724 
1.01269 -0.404645 -1.03196 -0.806846 1.05381 0.908188 -0.865991 -0.853372 0.478578 -0.632513 0.832653 -2.55145 2.14627 -0.115664 0.537802 0.470376 0.229785 1.3786 0.569029 0.195253 1.90292 1.0418 1.0205 0.921074 0.528097 1.95869 -0.158367 0.71347 0.219879 0.456934 1.23799 0.263804 0.78807 1.32723 0.500988 0.393765 0.389645 0.70616 1.61065 
1.0298 -0.42233 -0.908718 -0.676552 1.48805 1.05783 -0.842887 -0.111414 0.881006 -0.241027 1.16774 -1.84116 2.72199 0.128622 0.0991478 0.313935 0.460419 0.831425 0.337698 1.60706 1.44206 0.840057 0.0494112 -0.452659 0.739909 0.808614 0.115671 0.83026 0.54447 0.53602 0.843 -0.251139 0.839284 2.17414 -0.297555 0.614602 0.29417 0.262755 1.63268 
1.04602 -0.344599 -0.888363 -0.494725 1.7887 1.11777 0.525386 0.0924587 1.00542 -0.600551 0.564498 -2.01494 2.77948 0.308229 0.592622 0.388769 0.518098 -0.196927 -0.930659 0.789484 1.067 -1.40714 -0.255139 -0.539712 -0.21933 -0.10376 0.165385 0.262206 0.177837 0.346925 0.115564 -1.07063 0.859496 2.59306 -0.699771 -0.0161748 0.0732892 0.609788 0.413592 
1.1292 -0.0760197 -0.730966 -0.325798 1.30609 0.491229 -0.165133 0.587677 -0.0155799 -0.440411 0.848993 -1.98704 2.65841 0.145708 0.26187 -0.032142 0.0247493 -0.666476 -1.87626 -0.598589 2.10129 -1.68704 -0.0760827 0.549674 -0.023909 -0.342955 0.152589 0.388443 0.15377 0.437003 -0.763579 -1.96588 1.40674 1.17886 -1.94085 -0.797302 -0.704818 0.104508 -0.213848 
1.08564 -0.190157 -0.902705 -0.474415 1.1881 -0.027508 -0.00844375 1.47198 -0.06846 -0.663917 0.878811 -2.0218 2.53322 -0.0549444 -0.060621 -0.144876 0.0922181 -0.866883 -1.89365 0.861612 0.540564 -0.925984 -0.752353 -0.364954 0.342398 -0.145608 -0.0198555 0.294289 0.466892 1.06643 -1.33 -2.75373 0.386288 1.60623 -0.775588 0.225855 -0.320526 0.273095 -0.917925 
1.09501 -0.108655 -0.796757 -0.260298 0.526813 -0.664684 0.575578 0.940448 -0.607388 -1.0175 0.631805 -1.73332 2.56286 -0.176042 0.142603 0.769121 1.46004 -1.18901 -2.07954 1.05138 0.091265 0.749268 0.353316 -0.959629 0.344809 -0.708776 -0.399474 0.545762 -0.0761848 0.711268 -1.46442 -1.86553 1.66627 0.626909 0.338226 0.367271 -0.847631 0.641556 -1.07912 
1.00691 -0.104902 -0.551369 0.507249 0.121624 -1.29718 0.897905 1.52917 0.400872 -0.401099 0.31605 -1.76636 2.00757 -0.599749 0.805704 0.0266514 0.89914 -1.17648 -0.786541 1.09424 0.311473 1.32196 1.20715 -0.72356 0.41088 -1.08982 -0.469133 0.935087 0.590707 1.20187 -1.22995 -2.35057 1.65659 -1.37792 0.254154 0.651969 -1.54335 0.308124 -1.81282 
0.860434 0.361264 -0.784266 0.345678 -0.528489 -1.14309 1.51934 1.14251 0.224702 -0.106072 0.206226 -1.43088 1.74622 -0.593219 1.1298 0.162835 0.212921 -0.526639 -1.29725 0.893108 -1.98348 -0.453963 0.458965 -1.02451 0.0171973 -1.36277 -0.587615 0.850016 0.775602 1.42756 -0.79676 -1.99406 1.16565 -1.0723 1.4033 0.796259 0.0927326 0.7624 -1.8726 
0.77473 0.553026 -0.476728 0.653595 -0.354298 -2.08812 1.66611 0.221457 0.108053 -0.0580255 -0.284414 -1.74398 0.982473 -0.36438 0.351478 1.19646 1.08738 0.0662926 -2.07824 0.273747 -1.78535 0.349397 -0.213695 0.845605 0.484205 -1.04986 -0.673828 1.16906 0.264704 0.427573 -0.544352 -0.901988 0.750096 -1.48359 0.378411 0.821803 1.1602 1.14278 -1.3434 
0.712429 0.567687 -0.237902 1.07774 -0.47577 -2.41197 1.74693 -0.0348622 0.440747 -0.273974 0.692508 -1.07627 0.96009 -0.512704 0.459511 0.255752 0.384294 -0.230763 0.000878415 -0.0131046 -0.0533732 0.898061 0.566568 2.52074 1.32426 -0.173836 -0.664888 0.918717 0.770622 0.390501 -0.143161 -1.54467 0.447655 -1.08218 -0.166894 -0.483101 1.04024 1.31442 -0.930412 
0.57217 0.822119 -0.359682 0.914727 -0.566426 -2.08467 1.64332 0.183497 0.671634 0.366787 1.17531 -0.791768 0.865371 -0.72684 0.898756 0.0188094 -0.541671 -0.262958 -0.141144 0.251104 0.29796 -0.558281 -0.39927 0.496196 1.05866 -0.0161058 -0.824781 0.908523 0.941908 -0.393156 -0.350034 -0.145253 -0.484193 0.475825 -0.22276 -0.699819 1.88121 2.24785 -0.51148 
0.431105 1.09159 -0.22899 0.718659 -0.716602 -2.49542 1.95476 0.158308 0.0818502 -0.582845 0.975744 -0.313004 0.963447 -0.841492 0.776917 1.22925 -0.927334 -0.255044 -0.210436 -0.556303 0.698603 -1.17384 -1.45166 -0.0963307 1.31397 -0.414712 -1.03992 1.52073 0.497616 -0.100429 0.445661 0.602233 -0.318583 1.22056 -1.02971 -0.947966 -0.0401804 0.644578 -0.569511 
0.248675 1.27534 0.201646 0.297332 -0.800202 -2.21053 1.1464 0.640236 -0.0771735 -0.741512 1.11422 0.153124 0.564309 -0.981198 1.16687 0.766552 0.405322 0.889276 1.00511 -0.626038 1.36668 -0.683789 -0.797402 -0.545254 -0.301833 -0.638574 -1.19077 0.904081 0.262576 -0.244868 0.988717 0.273489 -0.86093 0.748189 -0.583859 -1.30294 -0.306344 0.00926311 -0.749797 
0.0562236 1.77102 0.121173 0.993876 0.0698654 -1.87742 1.39697 1.05455 -0.356546 -1.19415 0.653781 -0.51758 0.49142 -1.11465 0.453494 -0.814017 0.590313 1.64038 0.602267 -0.455502 0.319445 0.465658 -0.190736 -0.295367 -1.30267 -0.445421 -1.28741 0.920139 0.610443 -0.0335793 0.926827 1.19223 -1.76216 0.0885517 0.0705958 -0.601535 -0.156136 -0.0345646 -1.08837 
-0.175292 1.54094 -0.169524 0.696456 0.655929 -1.83904 0.737462 0.84754 0.212514 -0.891973 0.937467 -0.763438 0.239795 -1.13388 0.0852878 0.196482 -0.448795 0.409557 0.706202 -1.44408 -1.25156 0.75929 0.0357247 0.346924 0.261703 -0.607394 -1.21632 0.540083 -0.0426761 0.398883 1.33086 1.11626 -0.324965 0.443331 -0.544008 -0.655727 -1.37773 -1.40152 -1.22657 
-0.374818 1.82302 0.21117 0.697005 0.428629 -1.44233 0.125154 0.228348 0.119134 -1.17259 0.850273 -0.321261 0.0432056 -0.88352 0.283898 0.748561 -0.0329574 0.223155 0.999935 0.0730735 0.281307 -1.12612 -0.638988 -1.47556 -0.341551 -0.958037 -1.1106 -0.081476 0.474049 -0.562449 0.00592398 0.967607 -0.0970487 0.162892 0.2122 0.402731 -0.715346 -0.252926 0.549423 
-0.514246 1.70816 0.172428 0.678113 0.848503 -1.2242 0.789895 1.02975 -0.506065 -1.38294 0.0748905 -0.996269 -0.476209 -0.690409 -0.189772 0.551768 -0.329447 -0.39785 0.682509 1.32929 1.46844 -0.514223 0.463602 -1.26514 -0.558073 1.22785 -0.714806 0.15956 0.98581 -0.311527 -0.0621378 1.02401 -0.74314 -0.367833 0.217225 -0.0257467 -0.741557 0.429566 -0.235109 
-0.642741 1.71547 0.46331 0.480074 0.0675314 -1.02174 1.27408 1.19153 -0.211856 -0.825989 0.109974 -0.708125 0.996579 -0.289801 -0.0619088 0.805579 -0.396674 -0.306577 0.469787 -0.94656 -0.790894 1.37721 0.600297 0.523601 0.846065 0.68444 -0.331999 0.0186202 0.842722 0.259385 -0.173768 0.758305 -0.0918317 0.835195 -0.762853 0.218229 -0.491188 0.116644 -0.215752 
-0.634819 1.67478 0.540402 0.416154 0.568781 -0.933792 -0.0476628 0.506606 0.361017 -0.932507 0.374052 -0.384239 0.0621612 0.146692 0.220864 0.777045 0.692995 0.158405 0.405605 -1.43795 -0.331295 -0.4083 -0.195945 0.635489 0.695382 -1.47938 -0.275277 -0.189039 0.840298 -0.259444 -0.406242 1.16296 -1.69894 -0.87049 -0.25325 0.652557 0.804577 0.74876 0.42402 
-0.602763 1.84612 0.818262 0.947974 0.202375 -0.770608 0.0076083 0.97074 -0.475751 -0.980408 0.474155 -0.20329 -0.117581 -0.160625 -0.188264 0.519418 0.039403 -0.257791 1.19949 -1.04931 -0.406742 -1.6895 0.212723 0.514823 0.033015 -0.206898 -0.308366 -0.366443 0.0608101 0.0374698 0.310785 0.423454 -2.27493 -1.09421 0.0182801 0.49602 0.498931 -0.236508 -1.20874 
-0.707878 1.5681 0.777779 0.446278 0.332556 -0.196833 -0.97491 0.236177 -0.714418 -0.776488 0.668112 -0.350607 -0.0801909 -0.651539 -0.711324 -0.679538 -0.637758 0.279399 0.201603 -1.2343 -1.17258 0.421155 0.81241 0.00946759 -0.972486 0.0962379 -0.339604 -0.213079 0.00673321 -0.180441 -0.585518 0.677052 0.259304 0.27883 -0.4712 0.997222 0.383746 0.156685 -0.235078 
-0.85639 1.43602 0.508465 0.524537 0.445094 -0.644315 -1.08111 0.196495 -0.214253 -0.368846 0.474547 -0.884965 -0.0284255 -0.395601 -0.0944699 -0.507068 -0.286913 -0.557147 -0.22807 1.35299 0.78232 1.11622 1.03308 -0.0181467 0.151281 -0.0666645 -0.862866 -0.686409 -0.334037 -0.289215 0.0671672 0.3453 -0.285641 1.07055 1.18318 0.0175281 0.528051 0.350016 0.322322 
-0.867365 1.51583 0.546693 0.257836 -0.170567 -0.333482 0.194699 0.747991 -0.0126509 0.00269863 0.652457 -0.232841 -0.115446 -0.765295 -0.212516 0.155265 0.239125 -0.182094 0.293362 0.898052 2.63188 0.986626 -0.796763 0.672976 1.38365 0.26541 -0.767003 -0.0307025 0.215622 0.699733 0.418078 0.159784 0.858055 0.649276 1.30304 -0.265407 -1.22403 -0.294676 -0.0043472 
-1.15186 1.31527 0.579652 0.688435 0.276358 -0.46187 -0.308588 1.92507 0.405427 -0.979665 0.860512 0.109501 0.189928 -0.863568 0.0587567 0.848363 1.26225 1.14491 0.4566 -0.346207 0.100333 0.435092 -1.37269 -1.55492 -0.496644 0.056042 -0.711824 0.227204 0.604825 0.554744 -0.160502 0.147894 1.47369 0.949206 1.4576 -0.841481 -0.309694 0.246819 -0.00293788 
-1.19898 1.55244 0.934193 1.10702 0.843819 -0.0511417 -0.118838 0.811149 0.257676 -1.04562 -0.256234 -0.576005 -0.0569881 -0.40312 0.526125 0.798922 0.534771 -0.0388082 -0.0819077 0.831662 -1.33867 0.749763 -0.266202 -1.06899 -1.09359 -0.274427 -0.838151 0.500425 0.98729 1.2188 0.0512821 -0.567595 -0.521994 -0.0889245 1.22032 -0.663471 -0.589913 0.0465803 1.42751 
-1.31411 1.623 0.944587 1.05036 0.235372 -0.509074 0.405981 1.04155 0.875074 -1.18745 0.234201 -0.658323 -0.00399624 -0.512618 0.624919 0.708106 0.434235 -1.06981 -1.27272 -0.26759 -0.228144 1.01716 0.533248 0.798173 0.551736 1.56507 -0.625637 0.579639 1.08706 0.333922 -0.19181 0.184411 -0.26849 -1.54369 0.425786 -0.0816119 -0.952564 0.233255 0.575832 
-1.40151 1.91749 1.25768 1.4016 -0.116379 -0.827073 -0.363755 0.658213 0.896696 -0.646117 0.202484 -0.173359 1.15393 -0.623544 0.264842 0.914658 -0.0676673 -0.225853 0.345806 -1.14777 -0.780454 -0.248935 0.157365 -0.15461 1.36773 0.924974 -0.798186 -0.0376484 0.463655 0.144566 -0.783804 -1.0789 -0.536539 -1.57906 0.00018639 0.716438 0.753671 1.07943 1.03778 
-1.55744 1.77917 1.36234 1.00877 0.0276217 -0.294534 -0.607206 0.525273 0.712123 -1.07349 0.139246 0.324819 0.718072 -0.797838 -0.67004 0.0237762 -0.230208 -0.0222691 -0.277724 -0.363287 -1.9394 -1.02597 0.359983 0.174718 0.715377 -0.388094 -0.552939 -0.135442 0.390953 -0.135098 -0.111047 -0.339901 -1.58839 -1.59092 -0.905716 0.959112 0.310856 2.09612 2.14154 
-1.70895 1.53133 1.26886 1.25114 -0.142619 -0.994108 -0.692201 -0.6205 0.241554 -0.378234 0.298905 0.345701 0.873195 -0.283554 -0.442421 -0.297264 -0.116847 0.0740726 -0.834914 -0.718278 -1.40332 -0.844661 1.04058 0.557453 1.09244 1.50985 -0.582704 -0.31779 0.11814 -0.4393 0.440694 0.78677 0.254312 -1.17417 -0.412443 0.141885 0.312663 0.798156 0.48187 
-1.67572 1.52505 1.22701 0.934233 0.0872769 -0.802548 -1.24551 -0.400767 0.171827 -0.288599 0.458079 1.11212 1.88681 -0.158213 0.245479 0.164011 -0.376941 0.641644 1.40672 0.661097 0.326091 0.523051 -0.188186 0.230451 0.221668 0.931562 -0.5903 -0.831413 0.101347 0.0484708 0.709064 0.134696 0.522767 -0.245858 0.497766 0.64772 0.0659535 -0.192918 -0.932079 
-1.78112 1.67626 1.34404 1.0024 0.423067 -0.130334 -0.12651 -0.408824 0.567596 -0.526759 0.427714 0.513539 1.60029 -0.684991 -0.67782 0.458605 0.187368 0.920398 1.02741 1.33133 1.06069 1.43168 -0.233633 -0.469881 -1.31839 -2.57771 -0.440954 -0.700054 -0.205772 -0.488972 0.644274 1.42477 1.16487 1.24955 0.711386 0.328523 0.903729 0.244487 0.11526 
-1.94165 1.13438 1.43663 1.06346 0.901492 -0.170892 -0.0947992 0.294177 1.07341 -0.471646 0.179916 0.184369 -0.0661474 -0.564703 -1.1878 -0.486301 -0.299218 0.262271 0.638565 0.705973 1.37824 0.319772 0.594333 0.935615 0.0656622 -0.80588 -0.721023 -0.718031 0.432449 0.279717 0.435632 1.18837 2.02111 0.514787 0.914814 0.176643 0.368529 -0.309212 -1.01762 
-2.00281 0.989754 1.12243 0.805716 0.650515 0.263362 0.478351 0.495023 0.764877 -0.0808549 0.966301 0.570396 1.00049 -0.498555 -0.288851 0.224136 0.204427 -0.308097 0.678352 1.04121 -0.362129 -0.345261 0.449072 0.946967 0.955967 1.41236 -0.602396 -1.19999 -0.146894 0.013487 0.372513 0.552705 0.805432 1.42904 1.31556 1.03258 0.634715 0.9165 -0.124276 
-2.139 0.969351 1.53925 1.20412 0.620415 0.247151 0.802671 0.0530973 0.849449 -0.136088 0.7251 0.874583 1.02814 -0.423737 -0.431669 0.256729 0.321135 0.26181 0.154271 0.239011 0.571771 1.24653 0.695856 -0.115859 1.01026 0.658588 -0.462145 -0.62789 0.0081335 -0.593719 -0.4793 1.27799 1.04255 0.367727 0.326101 0.689048 0.667119 0.27974 0.568705 
-2.17264 0.741875 1.23992 1.02454 0.877552 0.36069 0.675624 0.868323 1.54918 0.442169 0.893864 1.29923 1.51912 -0.259213 -0.555728 -0.209581 -1.02611 -0.358382 1.15613 0.182218 0.859391 0.726719 0.409767 -0.0854967 -0.627268 -0.769938 -0.529408 -0.703182 0.588595 0.371572 0.9014 0.803995 0.767692 0.53068 1.37 -0.148588 -0.70855 -0.573698 -0.936685 
-2.24833 0.649506 1.44393 0.520565 0.294506 0.957576 0.950371 0.615613 1.3045 0.169613 0.670308 0.438494 0.455793 -0.444659 -0.514888 0.671901 0.198277 1.00148 0.999464 0.661656 0.148546 0.384964 -0.888791 -0.793612 -1.68304 -1.7317 -0.236582 -0.688927 -0.185148 -0.421373 0.66149 1.0175 -0.484817 0.762475 -0.058737 0.167877 0.353446 0.533163 0.348132 
-2.35018 0.445721 1.54689 1.16108 1.76406 0.975241 1.2418 0.963199 1.78776 -0.238559 0.427578 0.11207 0.212266 -0.127572 -0.371522 -0.0802321 0.44387 1.28636 0.304236 -0.752359 0.178212 -0.80609 -0.205335 0.543167 1.25335 1.161 -0.450389 -0.775336 0.35805 0.0370115 0.295915 0.640982 0.141422 -0.239164 -0.361976 -0.510138 -0.353142 -1.03206 -1.14645 
-2.30923 0.436518 1.40764 0.821601 1.435 1.14668 0.282322 0.730005 0.788635 0.00806201 0.980839 1.34026 1.35812 -0.293775 -0.529399 -0.10632 -0.143677 -0.584463 -0.0798457 -0.496411 -0.482008 -0.827452 0.241877 0.341669 0.472386 0.419546 -0.321107 -0.43586 0.0123091 0.170467 0.493971 0.085684 -0.176788 -0.208636 -0.432932 -0.787259 0.233889 0.299514 0.294228 
-2.47221 0.141149 1.49869 1.06858 1.23658 0.929298 0.797158 0.643255 1.25836 -0.0603931 0.621016 0.458267 0.548334 -0.398231 -0.212959 0.101363 -0.203857 -0.592519 -0.182126 0.543933 -0.469886 0.278635 -0.789546 -0.239406 -0.901449 -0.831367 -0.158832 -0.461218 -0.156875 -0.0822999 -0.161978 -0.111782 -0.195993 0.398976 0.354607 0.811666 0.947809 0.74598 0.280089 
-2.46968 0.315512 1.45423 0.68879 0.900343 1.03814 0.745746 0.418036 0.959858 -0.597275 0.836608 0.709125 0.738851 0.0348663 -0.0894293 -0.13897 0.0325151 0.361497 -0.0816415 0.265434 1.02205 1.24305 0.770927 0.881142 0.403431 -0.106026 -0.314221 -0.500516 0.0740059 0.02981 -0.61402 -0.160299 0.173406 0.0736964 0.773218 -0.136109 0.662378 -0.982866 -2.31653 
-2.47336 0.0918023 1.4356 1.09409 1.5525 0.882257 1.01749 1.31278 2.04046 0.519657 1.12795 0.755411 0.483019 -0.116247 -0.459097 0.0169242 0.248452 -0.262255 -0.0490401 -0.341129 0.564674 0.63823 0.612279 1.09477 -0.251487 -1.8142 -0.053955 0.0300902 -0.0197956 0.165838 -0.36385 -0.295803 -0.52035 -0.111844 -0.314525 0.0431592 0.698722 0.365206 0.451121 
-2.52642 0.0517221 1.46228 0.858936 0.660137 1.01105 0.436641 0.786668 1.35886 -0.13774 1.46768 0.540364 -0.631014 -0.121284 0.136057 0.109544 0.201066 -0.866615 -0.344133 -0.8773 -1.18123 -1.62871 -0.723096 0.0210114 0.0255579 0.614454 -0.22189 -0.701807 -0.16538 0.134454 -0.37911 -0.169396 0.225454 0.39755 0.862193 0.583366 0.898387 0.862142 -0.379178 
-2.53195 0.17326 1.48592 1.2325 0.773464 0.674582 0.240389 0.532839 1.00353 -0.0352029 1.13505 0.783738 0.96794 -0.246374 -0.485599 -0.275607 -0.058474 -0.264191 -0.195192 0.605051 -0.0265885 0.38518 0.113861 0.0644148 1.26362 1.37643 -0.319958 -0.458563 0.00399273 -0.286996 -0.520016 0.344034 0.477337 -0.178171 -0.0134462 0.0979086 -0.645345 -0.178409 0.609881 
-2.63102 -0.227442 1.33682 0.823502 0.418206 0.894523 0.953412 0.766329 1.59757 -0.056819 1.50001 1.44944 0.435832 -0.402628 -0.751288 -0.10151 -0.596616 0.143227 0.83728 1.43701 0.931256 1.60358 0.839673 -0.849116 -0.234485 0.0748955 -0.208907 -0.17802 -0.0754994 -0.171768 0.54406 0.117658 0.975898 -0.565446 -0.225403 -0.409477 -0.472837 0.568337 1.71827 