-1.56758 -0.5771 2.31818 1.60358 1.98668 1.4571 0.415442 0.987197 1.13464 0.631254 1.57054 0.181967 1.06288 -0.380788 -0.00644305 -0.570316 -0.0515625 -1.1225 -1.22523 0.329544 -0.988419 -0.23217 1.11519 1.81288 -0.213316 0.106843 -0.116933 0.386613 0.251089 0.873844 0.119486 -0.435586 0.222174 0.187667 0.790394 0.835817 0.228552 0.835045 0.380515 
-1.6032 -0.482876 2.32895 1.31409 1.07799 0.488669 1.09067 0.74407 1.73692 2.64754 2.70543 -0.476286 -0.271835 0.204428 0.764171 0.483501 0.229962 -0.318957 -0.408967 1.56229 0.722651 1.19925 1.6086 -0.444739 -0.598356 -0.486453 1.27619 -0.767351 -0.546454 0.425736 -0.755772 -1.27199 2.05607 0.0807887 -1.13737 -0.051671 0.156267 -1.11136 -0.876999 
-1.51531 -0.030884 2.54103 1.76051 1.67705 1.16908 1.74295 1.67877 2.10806 2.2354 1.26275 -0.30372 0.676373 2.45372 -1.10632 -0.305406 0.646598 0.107046 -0.542645 2.12479 1.09724 -1.01608 -1.20044 -1.64168 -1.21233 -1.16351 2.79726 -0.32445 -0.176454 -0.68453 -0.93337 -1.17652 1.64404 0.701263 -0.695756 0.953621 0.547173 -1.77559 -2.32182 
-0.793911 -1.25178 2.16404 1.77525 1.17197 0.10708 2.88828 1.79725 0.907961 1.45226 1.5561 -1.45387 -1.22001 4.33851 -1.23559 -0.765507 -1.16688 -0.938174 -1.22555 0.399194 0.160961 -1.96234 -0.421027 1.09798 -1.67782 -2.29841 1.76472 -0.118867 -0.890639 0.140072 -0.442186 0.175224 -0.824964 -0.220165 -0.00124965 -1.32858 -2.0595 0.728657 0.922113 
-0.0716815 -0.890677 2.14997 0.897465 0.780742 0.309489 2.09843 1.82811 0.50923 1.81687 2.03959 -1.65423 -1.2133 0.412517 0.932589 -1.12261 -0.445726 -0.695761 0.79624 -3.11659 -1.36422 1.01599 -0.501539 -0.919475 2.14278 2.25882 1.92361 -1.00294 -0.722832 -0.180411 -0.301492 0.137633 -1.36395 -0.811581 -0.525038 -0.89169 -0.607206 0.428569 -0.306688 
-0.671609 -0.587149 1.59746 1.4388 0.505333 0.662633 0.305504 0.474255 1.73229 0.953493 0.914543 0.256537 0.670922 -1.21426 -0.218308 -0.393237 0.925549 0.540919 1.42664 -2.03569 -1.16646 1.38681 -0.727794 -1.86825 2.22402 1.92392 0.775896 -0.544307 -1.28712 0.0217585 -0.654806 0.763504 -1.92312 -0.6125 0.539055 -0.174662 -0.186669 2.12763 1.63699 
-0.496884 -1.03523 1.94189 1.56232 1.28579 1.30629 0.418996 0.696033 1.63525 1.09262 0.730978 0.121253 0.3998 0.847997 -1.72237 -0.941619 0.483348 -0.182293 0.279063 0.81124 0.607324 -0.422494 0.260566 0.667784 0.579014 -0.308415 -0.456263 -1.42343 -1.16523 1.35274 0.818231 -0.362552 -1.54898 -0.924842 0.859011 -0.651047 -0.154154 2.3339 2.00302 
-0.402742 -1.78919 1.11984 1.78076 0.32518 0.856191 1.00534 1.05449 1.38626 1.21422 1.38893 0.714113 0.432116 0.473914 -1.84449 -1.4754 0.948569 0.585577 -1.92421 0.17787 0.0195317 -0.441799 -0.116342 1.65665 0.761911 0.46431 0.90991 -1.99626 -0.191108 0.771503 1.2102 0.115718 0.329285 1.43554 1.03704 0.107325 0.968114 -0.364976 -1.12656 
-0.353917 -2.32313 1.2019 2.24398 1.83315 -0.0423213 0.589505 0.708847 1.27352 0.977728 1.9006 0.725359 0.802033 0.630137 -1.16989 0.636099 0.588779 1.84219 -0.108587 -0.422391 1.19319 1.56309 -0.144507 0.504534 -1.04893 -1.04675 0.288411 -1.37311 -0.514608 0.250256 0.564536 -0.0229412 0.0251146 0.577278 0.60215 0.558538 1.19899 0.283298 0.83983 
-0.207197 -2.60279 1.41769 2.1997 2.06311 0.778417 0.674192 2.20029 2.6557 1.07126 1.74854 -0.132561 -0.419201 -0.00501205 -0.145434 0.650783 -0.595663 0.195684 1.90101 -0.152852 0.70926 1.10461 0.803694 -0.199632 -0.401732 0.532588 0.050515 -0.623223 0.34389 -0.0617498 0.658924 0.62813 0.616763 0.230853 1.18304 -0.166197 0.373615 0.0869883 0.0158557 
-0.372137 -2.41645 1.50698 1.79804 2.01111 1.28651 0.483618 1.38749 2.16994 1.77972 1.76514 0.397198 1.26091 -0.547547 0.265836 -0.0831429 -0.666382 -0.932487 0.9948 1.15511 -0.896982 -0.262096 -0.0857477 -0.0653169 1.15774 1.05806 -0.0567779 -0.040296 0.220689 -0.760655 -0.694204 1.35596 1.18338 0.691678 1.0828 0.0731861 -1.18082 -0.454164 -0.674776 
-0.408011 -2.40695 1.36203 1.70212 1.17219 1.47295 1.66141 1.32835 2.44018 0.986857 1.7075 0.78867 0.4756 -0.0866273 0.0854801 -0.295519 -0.446297 -1.12735 0.0018306 1.56332 0.162384 0.0862572 -0.730859 -1.27799 -0.182391 -1.34736 -0.253246 0.305016 -0.271919 -0.174075 -0.558455 1.44981 0.876212 -0.562563 -0.577263 -0.37856 -1.55908 0.814239 0.84204 
-0.417825 -2.34741 1.34692 1.46117 0.935569 1.28602 1.81199 1.53821 2.23784 1.05242 0.871514 0.244766 0.160208 0.13687 0.174236 -0.35205 0.433791 0.18555 1.03913 -0.112052 0.20244 -0.370813 -0.413385 -1.87875 -0.117708 -0.0585228 0.33316 0.781817 -0.392539 0.121521 -1.67468 -1.31834 -1.02645 -1.19237 -1.30919 -1.47125 -0.651978 0.0958077 -0.988175 
-0.378479 -2.27551 1.17419 2.00789 1.34055 2.19852 1.58962 1.51774 2.13621 0.575938 0.391511 0.688059 0.4441 0.628196 1.04502 -0.333226 0.621572 -1.13858 -1.83444 -2.79613 -1.64338 -1.52328 -1.15176 0.45251 0.302492 0.15772 2.22262 2.85565 -1.20039 -2.73906 -2.99532 -0.723683 -1.35753 -2.66581 -1.76251 -0.0637945 -2.05985 -0.512532 0.180985 
-0.222934 -1.60373 1.16834 1.90405 -0.150609 0.000248856 -0.502963 -0.0542643 0.99623 -0.0943439 1.19455 0.480803 0.3081 3.47292 3.95926 -1.573 -4.20558 -4.24865 -2.04113 -1.51677 -3.52333 -1.56423 0.312785 -0.682833 -0.541155 0.267353 2.96252 2.00496 -1.80013 -2.16651 -2.73135 0.841396 -1.44254 -1.5317 -1.88003 0.187355 -1.54382 0.301074 0.137636 
0.773826 0.517137 0.38623 -1.07402 -2.69223 0.768071 0.343864 -1.88954 0.861276 0.888705 -0.0836754 0.248198 0.682941 4.1831 1.85664 -2.55419 -3.60334 -2.56529 3.01854 1.06562 -0.261339 -0.540874 1.36914 -2.37776 0.0804475 -0.000741018 3.18593 1.22917 -2.51101 -3.34575 -2.76155 -0.605467 -1.86525 -2.02416 -2.1942 0.192769 -0.965476 -0.031058 -0.310378 
1.16839 -0.289417 -0.101897 -0.738093 -2.58851 2.11128 0.409461 -0.312588 0.553896 1.27116 -0.472283 0.538946 0.324535 1.70117 -2.18098 -2.45511 -0.403318 0.503677 1.20426 -0.719368 1.00367 -0.845073 -0.0885436 -0.529237 0.498808 -0.646259 3.09325 0.456635 -2.65251 -3.06782 -0.828784 1.71374 0.747552 -0.308395 -0.251112 1.19369 -2.46357 -0.14312 -0.610075 
1.32983 -1.00735 -0.835306 -1.3795 -2.22247 1.60921 -0.235476 -0.926688 0.171448 0.801516 -0.450874 0.641516 0.163865 0.840483 -1.19701 -1.70098 -0.622069 1.45049 -0.615943 -0.176457 -0.11582 0.26628 0.122396 -0.681669 -0.266288 -0.736644 1.25538 -1.59153 -1.6327 -0.0629271 1.26349 0.404261 -0.460564 0.593841 -0.712653 -0.0944542 -1.14848 0.0058836 -0.614129 
1.43473 -1.12209 -0.952764 -1.20331 -1.2217 1.67839 0.283849 -0.430435 0.768258 1.39419 -0.946652 0.319299 -0.269522 0.337969 -0.125231 -0.163641 0.324091 1.22874 -0.630745 0.163443 -0.2542 0.0634219 -0.0508754 -0.908498 -0.493852 -0.0959747 0.450383 -0.520602 -1.00432 -0.487094 1.19844 -0.913567 0.106145 -0.161064 -0.779511 -0.587472 -0.91773 0.203279 -0.0359796 
1.42705 -1.08646 -0.930537 -1.15384 -1.06575 1.16596 -0.077025 -1.17812 0.220766 0.751867 -1.08472 0.239553 0.101296 -0.10856 0.441555 0.0905491 -0.042427 0.193402 -0.651285 0.298398 -0.077365 -1.12138 -0.886038 -0.471522 0.524003 0.685955 0.0460256 0.413562 0.0276196 0.144869 1.7122 -0.688704 0.425227 -0.274056 -0.670307 -1.06222 -0.582509 0.289755 -0.180615 
1.38166 -0.802697 -0.923056 -1.24528 -1.04591 1.22076 0.555086 -0.51116 -0.146375 0.51224 -1.27327 0.732802 0.316583 -0.262669 0.722483 0.209099 -0.116599 1.11429 -0.322395 0.340168 -0.0800796 -0.798551 -1.31386 0.16868 0.862298 -0.127718 -0.259242 0.535501 -0.00205024 0.616072 1.5685 -0.94513 0.146841 -0.836496 -0.785832 -1.66718 0.544344 0.31512 0.344594 
1.32211 -0.569552 -0.84256 -1.24996 -0.0174638 0.938532 0.229121 -1.26147 -0.431213 -0.556445 -0.961236 0.924084 0.0123932 -0.311855 0.33227 -0.0927008 0.900089 1.95408 -0.66003 -0.127777 -0.959241 0.259336 -1.24465 1.12127 -0.123078 -0.281426 -0.274688 0.538646 -0.224767 0.103037 0.970907 -0.646061 0.0332946 0.422655 0.103464 -1.17736 0.0473033 0.186235 -0.0525843 
1.26017 -0.560145 -0.983418 -0.599018 0.798024 0.757007 0.470156 -1.4432 0.0623379 -0.727093 -0.480057 0.627889 0.100167 -0.182828 0.0558949 -0.568631 0.266371 0.219971 -0.57118 -0.305366 0.615791 0.9135 -0.196648 -0.131851 -0.626407 0.0571673 -0.278115 0.251132 -0.13907 0.641372 1.29384 -0.988714 0.350231 -0.0352794 0.997099 -0.379781 0.63311 0.124716 0.155771 
1.24405 -0.521316 -1.13685 -1.06644 0.183505 0.536969 -0.00422511 -0.673054 0.309725 -0.751368 -1.04905 0.415923 0.0768678 -0.139207 0.0297761 -0.129318 -0.00751798 -0.180355 -0.712163 0.541681 0.923124 0.837376 0.743966 -0.362061 0.280196 0.460096 -0.163463 0.0596292 -0.397733 0.471543 0.635893 -0.415952 1.02596 1.09769 1.38408 0.794513 1.59365 0.142622 -1.25312 
1.19678 -0.530273 -1.06178 -0.615493 0.619708 0.256764 0.944713 -0.558107 0.741341 0.0153783 -0.729721 0.846063 0.498904 -0.0820532 0.0288467 -0.0684475 0.391869 0.658394 -0.000979833 1.52754 0.762843 0.608354 1.18277 2.07554 0.806453 -1.56372 -0.118869 0.219025 0.272508 0.0123926 -0.314299 -1.53622 0.139388 0.604849 1.08193 -0.366184 0.254419 0.440193 -1.63381 
1.1999 -0.492097 -1.18529 -0.791287 0.799854 0.534514 1.29424 0.0573139 0.802396 0.428409 0.415082 1.05571 -1.20332 -0.0532603 0.285777 0.567732 0.0322174 -0.234327 -1.42478 -0.379975 -0.159904 0.352538 -1.22743 0.654293 0.280882 -2.42201 -0.168252 0.193842 0.687805 0.6709 -0.212486 -1.02308 1.33363 -0.0770526 0.318051 -0.966496 0.704049 0.497749 -1.95423 
1.16232 -0.320409 -0.797526 -0.602953 0.390256 -0.742269 0.649013 -0.718511 1.02588 -1.2068 -0.26482 1.06479 -1.4933 -0.190605 0.25024 1.17326 0.541445 -0.934526 -1.41921 0.0626533 -0.851123 -0.257656 -2.42631 -1.22885 -0.171676 -0.781455 -0.162372 0.198662 0.653714 0.324542 -0.815518 -0.568592 0.140879 -0.155109 -1.08166 -1.73998 0.426029 -0.957267 -2.2717 
1.11922 -0.307219 -0.62341 -0.406908 -0.0929953 -0.460621 1.36846 -0.770356 0.590487 -1.98854 -0.44399 0.911866 -1.83455 -0.20985 0.000289114 0.48238 0.423188 -0.862428 0.639413 0.543464 -0.0258447 -1.53958 -0.99544 -0.150442 -1.50922 -0.302908 -0.346799 0.156739 1.12611 0.979302 -1.46697 -1.29397 -0.844077 -0.391053 -0.302416 -2.22652 -1.74898 -1.04919 -0.350976 
1.07517 -0.311269 -0.575225 -0.304925 -0.434285 -0.296486 1.12506 -0.749501 -0.228996 -2.19778 -0.365702 -0.150647 -1.72754 -0.37199 -0.02488 0.634878 0.817405 -1.04875 -0.379358 -1.07732 0.370748 -0.0733019 -0.412577 -0.94939 -1.17436 0.353988 -0.340652 -0.183535 1.09374 0.477119 -1.02635 0.183868 -0.264827 0.71362 -0.202613 0.283871 -0.415024 -0.611846 3.85358e-05 
0.977486 -0.315775 -0.326153 0.178978 -1.09406 -0.727919 0.489972 -0.418496 0.528568 -2.39865 -1.10658 -0.0352937 -1.52384 -0.342764 -0.267659 1.27381 0.242746 -0.521227 -0.373744 -0.865259 0.924888 1.31827 1.33503 -0.382843 0.723184 0.295302 -0.377635 -0.0899275 1.09836 0.827078 -0.469029 -0.508592 -0.317638 0.711088 0.284513 1.93717 0.864233 0.101088 0.299054 
0.943273 -0.49052 0.0360813 -0.138657 -0.935557 -0.559855 0.423794 0.137297 0.841261 -0.866266 -0.629976 0.422432 -1.46551 -0.240678 -0.106943 1.12873 0.331405 0.423504 -0.322201 0.692352 0.525133 0.387155 2.84545 1.99361 1.30122 -0.00393141 -0.462602 0.414047 0.534681 0.742967 0.018448 0.00678578 -1.41204 0.635965 1.51836 2.41715 -0.189248 1.26305 -0.150985 
0.879952 -0.382028 0.213841 0.409985 -0.700257 -0.955211 1.09045 0.0823991 0.841273 0.438105 0.299943 1.00089 -1.51005 -0.407881 0.865613 -0.414708 0.790007 0.559356 0.392064 -0.828772 -0.122813 0.351111 1.70556 0.127971 0.891546 -0.483553 -0.733539 0.731312 0.86814 0.508403 0.560721 -0.370165 -0.885751 0.166028 -0.775442 2.07863 1.135 1.62285 0.244595 
0.789465 0.127019 -0.182555 0.427222 -0.413041 -0.287202 -0.246978 0.0126983 1.12464 0.83451 -0.535115 1.1304 -1.84961 -0.949933 1.16431 0.265459 0.377694 0.352565 -0.186003 -1.75686 -0.309875 -1.23779 -0.233469 -0.615501 0.77422 0.288848 -1.14638 1.29249 0.205868 0.000299329 0.693252 0.258983 -1.06204 -1.07982 -0.879979 1.48966 1.062 0.725521 0.454859 
0.543712 0.445521 0.329521 0.674793 -0.373663 -1.08717 -0.355957 -0.222778 -0.168066 0.206487 -0.127906 1.61485 -1.25337 -1.45313 1.00436 0.746189 -0.781994 0.397065 -0.0214749 -0.446605 -1.21763 -1.31659 0.160713 1.16012 0.0348873 1.01997 -1.14522 1.39 0.0664862 -0.346189 0.636929 0.754229 -0.450227 -0.307021 -0.317389 -0.00494477 -0.80343 -0.133088 1.59347 
0.283871 0.842112 0.169414 -0.154777 -0.0442855 -0.304002 -0.598362 -1.16878 0.0511895 0.995725 0.285414 1.15204 -0.986406 -0.90919 0.846868 -0.157635 -0.847769 0.52721 1.24835 1.2133 -0.0655686 0.89038 0.20738 -0.396743 -0.947214 1.6095 -1.15544 1.02207 0.489205 -1.08453 0.985672 0.868947 1.21691 -0.722577 -2.05179 -1.12853 0.157767 -0.348213 0.641964 
0.221184 1.04988 0.237241 0.0447655 0.118397 -0.215166 0.679894 -0.292115 0.554061 0.414209 -0.401953 0.849675 0.0988878 -0.422594 0.474037 0.0399458 -0.706846 0.95729 1.24406 1.89719 0.323278 -0.936258 -1.6094 -0.987073 -0.483344 -0.259751 -0.802042 0.415035 -0.262427 -0.731372 0.580607 1.303 0.626435 -0.85475 -0.218919 -0.427935 0.192546 -2.15479 0.520929 
0.125111 1.18434 0.174249 -0.681902 0.85525 0.564999 1.00903 -0.862745 -0.712826 -0.607112 -0.403673 0.758494 -1.18484 -0.39266 -0.247484 -0.262327 -0.153785 0.275921 0.580513 -0.469017 -0.993831 -1.12961 -0.769029 0.612676 -1.81452 -0.994051 -0.447724 -0.532437 0.291631 0.327074 0.261051 0.496532 1.15591 0.862705 0.845493 0.0980719 0.359338 -0.700481 0.486585 
0.0724992 0.884815 0.0935039 -0.0785135 0.372375 0.18939 0.309779 -1.25755 -0.367262 -0.351135 0.0336882 -0.610359 -0.70871 -0.30389 -1.24663 0.429154 1.16575 -0.589019 -0.541663 -0.519574 0.76193 1.86641 1.71374 1.40868 -0.416183 0.83412 -0.0473153 -1.01553 0.0269089 0.00183997 0.475949 1.19762 0.698029 -0.077046 -1.36909 -1.21759 0.65199 -1.07919 -1.21133 
0.00630189 0.316784 0.370388 0.158343 0.289748 0.184097 0.596666 -0.133259 0.803395 1.10181 0.591614 0.418756 -0.47582 0.316386 -1.22466 0.306644 0.163924 0.384788 1.10116 1.29894 0.905559 -0.373216 -0.792423 0.169816 0.430075 -0.462513 0.044268 -1.50043 0.374892 1.36252 0.0806725 -0.675251 -0.250951 1.41527 0.438093 -0.219671 0.65661 -0.984953 -0.528063 
0.162449 0.0327104 0.229427 0.0301986 0.729499 0.958369 1.4172 -0.389409 -0.673191 -1.13979 0.15797 -0.272108 -1.07535 0.376336 -0.927658 0.17355 0.721877 0.711825 -0.392685 0.214377 1.01327 -1.38383 -2.0117 -0.620495 -0.847603 -1.47341 0.0362338 -1.31901 0.389085 0.594159 0.292968 -0.0861328 1.48857 1.69084 -0.0589221 -0.261851 1.08454 1.51137 0.641873 
0.116428 -0.326505 0.440893 0.674473 0.95672 -0.0925293 0.797685 0.838859 -0.324766 -0.901947 0.160255 -0.266618 -1.68108 -0.256987 -0.686931 0.318835 0.663503 0.0269154 -1.21263 0.476583 1.21375 0.309765 0.441059 1.14607 1.50261 1.22263 0.205852 -1.14687 0.491602 0.458176 -0.233362 -0.0802459 -0.493723 0.0383369 -0.357577 -0.957953 -0.0448944 -0.167463 0.686369 
0.0594249 -0.441326 0.371342 0.503704 0.747559 0.10783 1.83735 0.776239 -0.423449 -0.699193 0.968625 0.92542 -0.0440327 -0.0414986 -0.734656 0.61643 -0.0820811 -1.01637 0.289439 -0.809965 -0.957463 0.992276 0.778982 0.543631 0.630593 2.28674 -0.0872112 -0.704067 0.912451 0.724212 -0.31952 -0.241419 -0.68073 -0.142257 1.4252 1.33118 0.20922 -0.127714 1.42133 
0.0859284 -0.834095 0.729082 0.603552 -0.0136673 0.108292 0.14263 -0.0914656 0.480262 -0.12458 0.547352 0.23228 0.23301 0.115928 -0.334192 1.14646 0.343373 -0.448702 0.884255 -1.29586 -1.38345 1.25727 1.22456 -0.90958 -1.66873 0.469817 0.0667543 -0.449734 0.351965 0.199103 -1.2827 -0.230309 0.417703 -1.04092 -0.0978685 0.0782219 0.332251 0.480218 1.66288 
0.0819085 -0.667355 0.92005 0.74345 0.314999 0.724989 0.77622 -0.565311 0.597175 0.522224 0.334019 -0.417807 0.362769 0.150459 0.0818172 -0.0505167 0.364405 -0.716146 -0.602292 1.30458 -0.334404 -1.09851 -0.699771 -0.155423 -0.0182632 -0.305368 0.161779 -0.663826 0.248626 0.146205 -1.04262 0.255437 -0.652084 -1.39735 -0.149377 1.65785 -1.16943 -1.90169 -0.207969 
0.120034 -0.767634 0.689453 0.858656 -0.699614 -0.315047 1.25476 -0.420322 -0.415764 -0.820904 0.44297 0.21134 -0.00326822 0.14734 -0.62866 -0.746364 -0.134038 -0.957104 -0.518619 0.510848 -0.353505 -1.42009 0.854659 -0.553991 -0.768925 -0.726228 -0.0706526 -0.253436 0.155572 -0.367359 0.000779949 0.779922 1.20125 -0.72362 -0.476145 -0.270041 -0.743609 -0.357298 -0.527422 
0.114964 -1.10042 0.538398 0.63459 -0.599241 0.360216 1.22501 -0.912607 -0.560487 1.37501 -0.0505829 -1.04015 -0.222648 -0.264629 -0.450407 0.301292 -0.863691 0.730232 1.70053 0.127267 -0.561253 0.576694 0.338037 -0.783054 -0.441826 -0.333153 0.123696 -0.587771 -0.018268 1.00127 -0.0448587 -0.565357 0.195185 0.654149 0.547671 -0.739706 -0.176111 -0.0938929 -0.958369 
0.014438 -1.07537 0.822746 0.217003 -0.0152029 0.873456 1.38298 -0.968167 0.0511496 -0.482972 -0.102679 -0.148941 -0.262597 0.0540866 -0.224061 0.718189 1.5232 0.909083 -0.262229 -0.282401 1.17829 2.02306 -1.81105 0.315318 0.646119 -0.427763 -0.0205661 -0.570925 -0.823183 0.287388 0.248287 1.28374 -0.894011 0.10959 0.874004 0.980016 -0.602425 -0.165298 -0.624189 
0.116634 -1.24902 0.876604 1.73585 0.254621 0.174901 1.01085 0.218807 1.08318 -0.428788 0.175996 -0.52881 -0.560463 0.231793 -0.37792 -1.62106 1.26783 -0.379331 0.101438 -1.20166 0.706036 0.384784 0.882959 0.018677 0.227587 -0.421113 1.30211 1.54143 -1.01032 -1.62327 -1.35852 0.0426468 -1.92213 -0.340683 0.687131 0.0519644 -1.67417 1.20747 0.84006 
0.0759169 -1.33215 0.0111621 1.13179 -0.382037 0.942688 0.400574 -0.292637 0.361926 0.398016 -0.0846587 0.0270846 -0.594895 2.06092 2.45451 -2.33825 -3.7554 -2.74477 0.33064 -2.02177 -1.59576 -1.26688 1.85701 -2.4013 0.897442 1.42494 1.78729 1.33955 -2.42838 -0.941761 -1.93166 0.437354 -1.49492 0.410365 0.0126434 1.06168 -2.09882 0.339707 0.276727 
0.793721 0.485657 -0.28749 -1.01733 -2.35333 0.404561 -0.656942 -1.3277 0.0501709 1.42292 -1.50739 0.183878 0.638688 2.67109 2.31605 -2.27446 -2.55968 -2.2363 0.518299 -0.591513 -0.185671 -0.369612 0.44144 -2.62832 0.204821 0.744464 1.70905 0.985598 -2.88509 -2.53529 -1.56724 0.941285 -1.93145 -1.44152 -2.29045 1.03808 -1.86359 1.38245 0.810405 
0.95836 0.305174 -1.12158 -0.748279 -2.50824 1.3037 -0.0719141 -0.477915 0.0589303 0.838997 -1.92765 0.184871 0.0397487 0.714907 -1.02893 -2.29014 0.264785 0.625054 0.992988 -0.293546 -0.196343 -1.24817 -0.562499 0.0817288 0.870177 -0.463234 1.89977 0.969238 -1.78059 -1.99013 -0.40492 0.0604279 -1.30147 -1.23965 -1.32346 -0.684537 -0.637954 0.253406 0.514469 
1.0178 -0.228835 -1.42794 -0.834973 -1.76857 1.09783 -0.88041 -1.52328 -0.967614 0.863399 -1.44504 0.874721 0.271447 0.414438 -0.914152 -0.581606 -0.178718 1.6983 -0.425052 -0.97026 -1.35436 -1.08309 -1.32798 1.82013 0.117081 -0.136742 0.64506 -0.97516 -1.78278 -0.13841 1.16218 0.451945 -0.176511 0.256737 -1.03369 -0.993596 -0.0338388 0.550979 -1.06866 
1.08131 -0.328619 -1.42225 -0.889764 -0.906644 1.00442 -0.860933 -1.79138 -0.824545 -0.483384 -0.64309 0.272364 -0.0566406 0.333145 -0.384745 -0.569437 -0.448164 0.969501 -0.352869 0.0773898 0.524871 0.113823 -0.715347 -0.144959 -0.16724 -0.822675 0.221804 -0.947811 -0.551932 -0.424251 2.30585 -1.14779 -0.087371 -0.07761 -0.0313845 0.010692 1.40257 0.698039 -0.379036 
1.11338 -0.490408 -1.72263 -1.17321 -0.857464 0.849068 -0.793876 -1.02264 -0.877289 0.151552 -1.54206 0.734428 -0.39398 -0.0536974 -0.459923 -0.302906 -0.399068 1.45259 -1.16934 0.860729 1.26538 1.04989 1.32169 -0.112065 0.774162 -0.324289 0.0498743 -0.295274 -0.465719 -0.434657 1.75599 -0.820438 0.9706 1.02777 0.958345 0.29644 0.567082 -0.427382 0.0416899 
1.0467 -0.643048 -1.58593 -1.19215 0.46216 0.184178 -0.119738 -0.575889 0.0273575 0.834832 -0.71699 0.886285 -0.308616 -0.251595 -0.044428 -0.176735 -0.143981 1.43313 -0.784275 1.07857 0.766454 0.940313 1.07085 0.822748 -0.38259 0.864889 0.0411809 0.108465 -0.207757 0.0306613 0.988281 -1.02715 0.161862 0.86018 0.0555553 0.819226 0.156345 -0.157963 -0.864415 
1.01218 -0.512708 -1.8243 -1.28933 0.492901 0.298351 0.129373 -0.288785 -0.114537 1.21979 -0.958728 0.421603 0.340566 0.12113 0.61538 -0.0293302 0.448975 -0.0946855 -0.256541 -0.672141 -0.18333 -0.987574 -0.304272 0.283358 -0.979008 -0.717321 -0.0180653 0.244284 0.673767 0.134393 1.2884 -1.02171 0.430602 0.651547 0.206408 -0.473769 0.762381 -0.764482 -0.840915 
1.07094 -0.201444 -1.61515 -0.875293 0.36501 0.00284491 -0.65961 -0.758906 -0.778409 0.532653 -0.512881 0.0956343 -0.886643 0.22282 0.396558 1.25903 0.337017 0.333182 -0.634012 -0.568527 0.0550787 -0.712268 -1.69053 0.0958721 -0.598889 -1.87839 0.184353 0.293375 0.690557 0.382555 0.0665599 -0.746473 0.475595 0.723978 -0.240394 -1.17907 0.012782 -0.287663 -0.463055 
1.07063 -0.224956 -1.22026 -1.05422 0.80113 -0.14719 -0.323905 -0.241655 -0.696316 -0.463902 -0.886434 -0.064511 -1.20066 0.178796 -0.192166 1.13856 0.0864778 0.198287 -0.77729 1.236 1.09531 0.724755 -1.2084 -0.289098 0.608084 0.155792 0.25698 0.253559 1.0378 0.557541 -0.3104 -0.776389 0.0487713 -0.128025 -1.02645 -2.52271 -0.296348 0.349781 -1.46054 
1.11458 -0.327617 -1.07032 -0.823132 0.545435 -0.542983 0.39521 0.292404 -0.191034 -0.670561 -0.711247 0.5765 -0.740351 0.195041 -0.0309971 0.407412 0.439884 -0.742558 -0.441605 0.621841 -0.207007 -0.414123 -1.52337 -0.482813 1.0442 0.123733 0.153162 -0.0579803 1.10334 0.534453 -0.915436 -1.18026 0.853641 0.956552 -0.408188 -1.85648 -1.61078 0.62024 -0.781617 
1.11974 -0.237812 -1.03481 -0.744004 0.0901599 -0.458058 0.217644 -0.44753 -1.03553 -1.98101 -1.22099 0.765751 -1.08097 0.070479 0.106604 0.633042 0.658565 -1.43101 -0.862451 -0.219943 0.107088 -1.17192 -1.16197 -1.71872 0.183539 -1.09836 -0.121378 -0.0409959 0.583094 0.641767 -1.63951 -0.99292 1.30148 0.373964 0.796419 -1.04295 0.0352241 1.3422 -0.0427096 
1.12177 -0.243728 -0.773967 -0.353232 -0.817806 -1.14842 0.233254 0.389741 -1.14678 -1.8275 -1.91473 0.717236 -1.63449 -0.391582 -0.0299708 0.529381 0.453232 -1.47551 -0.936462 0.929897 0.681918 1.29036 0.183032 0.504746 0.671882 -0.182472 -0.331208 -0.204548 0.714408 0.807742 -1.23204 -0.999844 0.644774 -0.866307 0.208995 -0.76308 -0.487871 0.855499 -0.133569 
0.971422 -0.249948 -0.789403 -0.424038 -1.31524 -1.1153 1.01665 0.204717 0.0120259 -1.79755 -0.861235 1.29773 -1.21529 -0.607757 -0.404403 0.514461 0.463565 -0.232552 -0.525288 0.986164 -1.18092 1.4028 0.175987 1.0956 0.909328 0.930945 -0.416405 0.250257 1.03544 1.40285 -1.0386 -0.743197 1.3163 -0.351814 0.354853 0.677991 1.44872 1.12174 -0.127775 
0.90069 -0.519122 -0.535898 -0.0257205 -1.04558 -1.51786 1.07928 -0.756297 -0.00774775 -1.65107 -1.13956 1.43945 -0.84514 -0.284044 0.39075 1.13326 1.49003 0.0751736 -0.092793 0.639569 -1.1133 -0.899235 0.655563 1.26022 0.761901 0.0219827 -0.539107 -0.0407315 0.852115 0.962349 -0.343204 -0.292831 0.34057 -0.492924 0.393121 0.798692 2.11813 1.46605 0.124826 
0.859292 0.0337205 -0.247184 0.653 -1.25145 -1.18202 1.57301 -0.876041 -0.721868 -1.14318 0.0296737 1.90183 -1.18001 -0.267121 0.343818 0.854013 0.871893 -0.221465 0.125104 -0.583815 0.573336 -0.969632 0.81543 1.49484 0.965332 -0.789289 -0.369557 0.431843 0.731018 0.803435 -0.243649 0.0117085 -0.743606 0.411945 -0.952665 1.12977 0.364254 0.940998 0.0313639 
0.794256 -0.268451 -0.130932 0.599952 -1.26284 -1.43206 0.613224 -0.208869 -0.798917 -0.837375 -0.0837002 2.20653 -1.48287 -0.315507 0.232974 0.0409006 -0.373844 -0.393713 0.117989 -1.53405 1.63563 -0.146098 0.755039 -0.832548 0.440446 0.00788037 -0.294505 0.882196 0.456005 0.335767 -0.138085 0.56104 -0.898264 1.08346 -1.22486 1.56608 1.06661 0.465639 -0.679643 
0.736573 0.206459 -0.241879 0.369034 -1.63192 -1.1012 0.312812 0.696872 -0.843014 -0.389673 -0.550773 2.24839 -1.15642 -0.210556 0.932035 -0.121152 -0.400999 0.0465797 0.667398 -0.495663 0.78753 -0.37474 1.1476 -0.201061 -0.371672 -0.0313091 -0.491001 0.666986 -0.0103877 -0.224611 0.346568 0.245174 -2.82864 0.42748 -0.669966 0.928345 -0.27157 -0.563161 -0.737263 
0.706859 0.395789 -0.20528 0.296157 -1.22615 -0.966693 0.220841 0.54533 -1.10609 0.307351 -0.22017 1.90245 -1.49179 -0.481254 0.731245 -0.0564309 0.0715232 0.878357 0.233312 -1.85444 -1.0939 -0.588657 0.400535 0.476162 -1.16414 -0.897399 -0.85816 1.24224 0.440167 -0.492506 0.45519 0.58066 -0.939438 -0.120623 -0.491608 0.65437 0.0274461 -0.729131 1.05738 
0.558071 0.729526 -0.284414 0.410275 -0.807164 -0.939664 -1.21514 -0.365158 -1.32422 0.0105433 -0.211111 1.30942 -1.88384 -1.18242 0.865175 0.828598 -0.270966 0.58588 0.152509 -0.633066 -0.930216 -0.164067 -0.338915 0.213404 -0.564541 1.28843 -1.01673 0.93996 0.128234 -0.131323 1.01125 0.0975137 -0.704232 -1.24171 -0.258432 -0.540243 0.488468 -0.99548 0.839697 
0.292373 1.01302 0.187194 0.0873123 -0.678504 -0.861714 -0.286374 -0.358692 -1.24185 -0.0293519 -0.065244 1.44385 -0.405886 -1.16922 0.628253 0.263339 -0.245124 0.51081 -0.0882629 1.00705 -0.448707 0.306021 -1.10438 0.104685 -0.113129 1.89414 -1.36514 0.975677 0.373067 0.260513 1.02113 0.0425089 -0.650047 -1.43758 -0.629411 -0.700236 -0.771549 -2.09733 0.501007 
0.14803 1.18018 -0.169777 0.2203 -0.330642 -1.00321 -0.351661 -0.804357 -1.07753 -1.089 -0.132621 1.21247 -0.295443 -1.03383 0.546043 -0.228823 0.638024 0.816729 -0.0842905 -0.149509 -0.856972 -0.526133 -0.5675 -1.18633 -2.12361 -0.69681 -1.54122 0.247234 0.28197 -0.604926 -0.0342258 -0.520941 0.267475 -1.56138 -0.388936 -0.796347 0.0153547 -1.6783 0.485349 
-0.072102 1.40587 0.0599248 0.542213 0.0878586 -0.922482 -0.389466 -1.19201 -1.67219 -0.593858 -0.894425 -0.26381 -0.966897 -1.33297 -0.271851 0.190259 -0.581959 -0.544361 -0.630545 -0.692136 -1.49307 -0.732031 0.0762754 -0.107253 -2.03847 -1.32125 -1.14168 -0.305066 -0.904659 0.065787 0.156741 1.30737 1.34097 1.23035 2.83562 0.529595 -0.171334 -1.89403 -0.903766 
-0.317122 0.997981 -0.0910591 -0.215632 -0.853833 -1.44633 -0.908243 -2.25173 -1.67539 -1.01194 -0.203138 -0.426974 -1.37448 -0.819554 -0.989396 -1.22169 -0.53965 -0.590406 1.91926 1.74848 2.40126 3.64268 1.21821 0.953553 -0.304228 -0.391869 -0.743267 -0.931628 0.198341 0.352682 -0.0653611 0.180559 -0.176785 1.13521 1.26276 0.945537 0.376657 -1.66989 -0.591186 
-0.364462 0.719177 -0.555358 0.137175 -0.478958 0.419123 1.09365 1.12 1.28919 0.621232 -0.219126 -0.513854 -1.27494 0.126559 -1.07879 0.129144 1.07619 0.46844 0.891591 0.475652 2.91856 2.12061 1.10107 0.550221 -0.102366 0.606457 -0.0547228 -1.60286 0.846271 0.296509 -0.748412 0.98175 -0.335498 0.072062 1.12545 -0.124315 2.11318 0.155513 -0.264685 
-0.291061 0.248434 -0.0423808 0.55922 -0.417454 -0.824034 -0.488868 0.559657 0.0476444 0.0864113 0.188593 -0.515293 -0.854322 0.731252 -1.33322 2.58078 0.956376 -0.415028 -0.539114 -2.1548 -2.30334 -2.40496 -1.39543 1.63079 0.50078 0.067617 0.581161 -1.62162 1.2479 0.827669 0.0825481 0.977958 -0.481531 1.3219 1.52663 0.680795 0.803997 0.710608 1.83975 
-0.134886 -0.209259 0.69835 0.824536 -0.879613 0.0400047 -0.685331 -1.10956 -0.669754 -0.768374 0.932316 -0.118956 -1.20179 0.81773 -1.27098 1.87441 0.0734329 -0.343082 0.483261 -1.05666 -1.25995 -0.442145 -0.258921 0.419717 1.0097 1.58649 0.717533 -1.44743 2.23212 0.799281 0.239946 -0.816189 -2.48855 -1.18312 -2.4951 -1.60295 1.02913 0.303874 1.96329 
-0.0323807 -0.636242 0.864132 0.601856 -0.749945 -0.487548 -1.35009 -0.662673 -0.314364 -0.170571 0.488571 0.287334 0.478849 0.434486 -0.764315 1.00209 0.15408 0.754578 -0.592096 -0.826885 0.833899 -0.334916 -0.653938 -0.383228 -0.114255 2.27309 0.48431 -1.34901 1.56005 0.949433 0.508328 0.239877 -1.31057 -0.649651 -0.157551 -0.781762 -0.36244 -0.138876 0.778886 
-0.00518944 -0.737703 1.1761 0.926061 -0.172135 -0.376198 -1.35453 -0.3106 -0.944521 -1.41902 0.667771 -0.216801 0.70097 -0.0307137 -0.684047 0.630045 1.2442 1.04785 -0.13936 -0.516006 0.45666 0.270338 -0.750718 -0.888159 -1.19011 -0.662485 0.613961 -1.24293 0.0477958 0.391097 0.874185 -0.544796 0.746324 0.850348 1.18767 -0.133837 -0.877884 -0.596886 1.6766 
-0.0592504 -1.10825 1.15901 1.49939 0.235395 -0.586862 -1.75948 -0.227879 -0.0966997 -0.917667 -0.130973 -0.672443 -0.0536877 0.563065 -1.03711 -0.924261 0.39316 0.448061 -0.160033 1.71457 0.235878 1.64099 0.464655 -0.720829 -0.652621 -0.275298 0.412418 -0.995947 -0.809733 0.686986 0.12737 -0.360557 1.56864 1.09983 0.802814 0.0672465 0.0752257 -0.616586 0.212576 
0.167782 -1.45794 0.707009 1.20216 0.244937 -0.489981 0.100253 -0.0889363 0.388296 -0.954905 0.165871 -0.745963 0.489638 0.700987 -0.759731 -1.92823 -0.288694 -0.8615 -0.355424 2.38731 0.924651 0.61293 0.816032 0.95942 0.398009 0.909103 0.100308 -0.784628 -0.391029 0.525984 -0.0911945 0.189986 0.260522 0.53109 1.87144 -0.927742 0.147631 -0.00102893 0.383114 
0.160139 -1.63347 0.196449 1.2776 -0.588267 -0.837407 0.257528 0.65869 0.399695 -0.103377 0.548451 -0.359882 0.717538 -0.399617 -0.10067 0.297939 0.340198 -0.559137 0.434247 -1.40797 0.435238 0.416291 -1.65912 0.881375 0.648725 0.725902 -0.313334 0.0298069 -0.430245 -0.652935 -0.400149 0.997026 1.92081 0.862058 1.82098 -0.800428 0.562313 -0.614166 1.11405 
0.0167546 -1.51979 0.838654 1.43959 -0.292253 -0.187802 -1.05458 0.325179 0.724706 -2.6073 0.790425 -0.232538 1.10888 -1.20924 0.801288 1.23898 -0.604631 0.329991 1.75691 -0.0947668 0.159748 1.38891 -1.8493 -0.287512 -1.18701 0.415799 -0.221452 1.93485 -0.312693 -1.93711 -1.5085 0.422794 -0.482915 -0.671625 0.378664 0.139527 -0.449006 -0.355879 1.25292 
-0.263372 -1.06116 0.790636 0.825112 -0.283061 0.39056 0.200186 0.806861 1.52742 -1.9453 0.351201 -1.31718 1.07953 0.0405696 2.90081 -0.798559 -3.00544 -1.48064 0.165152 0.825316 -1.26597 0.0009978 1.81595 -1.45656 -1.107 0.765104 0.561016 2.7003 -0.709914 -3.23873 -0.78706 2.19246 -0.793804 -1.67951 0.264573 0.25737 -2.12332 -0.979485 -0.215587 
0.0138758 0.528671 0.431347 -0.765973 -1.70252 -0.0739744 -0.342979 -0.90296 0.723237 -0.796507 -0.228746 -1.12573 1.76065 2.12082 3.10725 -2.377 -3.8566 -1.38802 1.31436 -0.859762 -2.24903 -1.09696 2.15534 -2.35235 -0.0697728 -0.681323 1.08591 2.17025 -2.35966 -2.96178 -0.057759 0.901613 0.470869 -1.83295 -1.03072 2.48454 -1.88482 -0.326599 -0.787795 
0.433871 1.13245 -0.392506 -2.00196 -1.60557 1.30877 -0.496486 -1.37028 0.632658 0.203714 -1.29776 -1.37938 0.531363 1.72337 0.240201 -2.98671 -1.07365 1.41507 1.10306 -0.26711 -1.01493 -1.13208 1.30996 -0.889181 0.686219 -1.71507 1.83864 1.60369 -2.89191 -2.23847 -0.359236 0.476702 -0.581399 -2.04293 -1.61472 1.66167 -1.28186 1.55486 -1.18571 
0.577356 0.706491 -1.05148 -1.56094 -0.369264 0.696336 -0.544354 -1.88876 -0.200101 0.510024 -0.84901 -0.582266 0.35491 0.865454 -0.786638 -2.26233 0.775528 0.912186 -0.639661 0.159301 -0.294062 -0.675715 -0.0712849 0.750127 2.05816 -0.744603 1.2651 -0.181259 -2.74272 -0.185987 0.868252 0.475113 0.231552 -0.512505 -1.00566 1.74561 -1.04111 1.84255 -2.22417 
0.708614 0.58831 -1.51929 -1.44666 -0.748766 0.859272 -0.341496 -1.66019 0.0806182 0.133725 -0.765485 0.263221 -0.0692972 0.331551 -0.504276 -1.41323 0.824622 -0.220503 -0.430582 0.539057 0.382895 0.0285253 0.880377 -0.416161 1.67055 -0.952999 0.600485 -0.781725 -1.55379 0.683715 1.32023 -0.750942 -0.047052 -0.207775 -0.527919 0.107516 0.510818 1.33262 -1.34225 
0.67241 0.360877 -1.76091 -0.969783 -0.585618 0.393184 -0.07199 -1.52517 -0.179174 1.38844 -1.13671 0.749804 -0.418631 0.110214 -0.346936 -0.229805 0.175468 0.897448 -0.400411 -0.220605 0.0425477 0.0970161 0.187586 -0.141719 -0.354344 -0.868565 0.412405 -0.0198683 -0.813964 0.43611 0.304376 -0.315557 -0.144519 0.150783 0.9255 -0.163073 -0.46814 0.971019 -1.3557 
0.729174 0.35332 -1.64704 -1.32952 0.0940725 0.577237 -0.504005 -1.62516 0.157268 0.321721 -0.860233 -0.0269732 -0.772794 0.338701 0.473902 0.108252 -0.215273 0.647731 -0.00134632 -0.716945 -0.186674 0.989528 -1.10668 -0.182623 -0.429761 -0.676251 0.0860599 -0.264204 -0.0434307 0.829345 1.23794 -0.782934 -0.169005 0.057587 -0.262898 0.196649 -0.696892 -0.34954 -1.32366 
0.769869 0.703009 -1.7225 -1.13796 0.0206282 0.390472 -0.649306 -1.71142 0.623618 0.286603 -1.26022 0.399189 -0.962588 0.0300961 -0.0372457 0.161253 0.976471 0.800195 -0.684348 0.0134275 0.037299 -0.384558 0.0415691 -0.739149 -0.0958116 -0.722367 0.0556866 0.0952434 0.0877271 0.294037 1.45555 -0.492991 -0.29707 0.428721 -1.62465 -1.02967 -0.309541 0.0488829 -0.845664 
0.72277 0.33607 -1.58258 -0.627481 0.844769 0.0964635 -0.470926 -1.59519 -0.157888 0.3642 -1.37501 -0.110042 -1.35501 -0.247713 -0.337589 0.0336563 0.628589 1.34604 -0.678421 0.356583 0.72996 -2.77312 -0.216849 -0.220587 0.489776 -0.342931 0.176079 0.334437 0.150647 0.980976 0.660902 -0.793323 -0.106225 1.09877 -1.3816 -0.612346 -0.758943 0.554874 -0.266667 
0.669967 0.474591 -1.72075 -0.68995 1.28848 -0.0861533 -0.329441 -1.01279 -1.63485 0.0715484 -1.41041 0.78527 -1.23003 0.256394 0.519921 0.0816196 0.38469 0.112203 -0.414923 -0.145511 1.34269 -1.13201 -0.836705 -0.218237 0.803735 0.395745 0.13699 -0.609025 0.710067 1.11105 0.217639 -0.944842 0.148449 1.60383 -2.12812 -0.852474 -0.511298 0.414805 0.61041 
0.792529 0.710557 -1.55726 -0.357565 0.943635 -0.195728 -0.570676 -0.305072 -1.08116 -0.468589 -1.52356 0.527572 -1.00965 0.470727 -0.545909 1.10688 0.912055 -1.03685 -0.632491 -0.184039 1.28069 0.436405 -0.882319 -0.431417 0.0387941 1.06541 0.333994 -0.806368 0.646191 0.218221 -1.22889 -0.36154 -0.0649161 2.92954 -1.12445 -0.0333093 0.204244 2.57474 0.98651 
0.811861 0.0997054 -1.1915 -0.0349514 0.29869 -0.53063 -0.461391 0.217478 -1.28208 -0.806699 -1.70884 0.810043 -0.329131 0.286528 -1.68918 0.956421 -0.0759857 -1.77149 -0.0812333 0.0628389 2.32341 -0.10205 0.774703 0.448596 2.49058 0.776603 0.467043 -1.02894 1.34215 0.448758 -1.75167 -0.67478 0.196424 1.41714 -0.351113 -0.600042 -0.275689 1.37069 0.678507 
0.872429 -0.468148 -1.10196 -0.424035 -0.742189 -0.254356 -0.496303 1.93178 -1.16647 0.304514 -1.20328 2.51662 -0.348349 0.28825 -0.945648 1.04791 -0.285254 -1.33385 -0.301199 0.413968 0.496839 -0.820862 0.102762 0.0699519 1.71377 -0.261478 0.123607 -1.18077 1.54412 0.464418 -1.62634 -0.694545 0.544493 1.30026 -0.183967 0.108161 0.604445 1.44222 -0.511241 
0.89234 -0.556231 -0.691227 -0.254229 -0.972492 -0.743222 -0.0935675 0.69106 -1.95221 -0.703236 -1.65477 2.17674 -0.528999 -0.0852471 -0.0222232 1.52246 0.724394 -0.428657 -0.880064 0.583431 -0.69182 -0.0987776 -0.657585 0.275267 -0.646436 -1.39577 -0.210086 -0.205782 1.26186 -0.0691912 -1.25142 -0.994411 1.56398 1.25758 0.555134 0.445388 0.773153 1.21385 -0.877112 
0.827206 -0.474836 -0.368435 0.0939337 -1.15576 -0.87212 0.0131458 1.25789 -1.24912 -0.349768 -1.00486 1.99242 -1.48921 -0.628842 0.646063 0.978046 0.197383 -0.356093 -1.07895 1.45176 1.08145 1.43202 0.441327 0.861951 -0.16204 -0.795319 -0.736393 0.641425 1.32655 0.311272 -0.0119969 -1.62688 0.298113 -1.25962 -0.786199 -0.202859 0.111285 -0.308194 -1.43276 
0.664166 -0.0930551 -0.225296 -0.121085 -1.31731 -1.50019 1.14157 1.729 -0.789405 -0.262368 -1.04387 2.04061 -1.17173 -1.11 0.94943 0.607306 -0.287299 0.425356 -1.38351 -0.231867 -0.873146 -0.763673 0.380913 -0.159539 0.249222 -0.32566 -0.776121 1.28003 0.518491 -0.252835 0.236005 -0.264971 -0.342525 -0.00383859 0.84542 0.672174 1.21223 -1.18287 -1.01968 
0.437096 0.201634 -0.0847311 -0.126837 -0.760197 -1.84227 -0.158775 0.408964 -1.87272 0.0308924 -1.11213 2.18577 -1.74232 -0.630916 1.20586 -0.144918 -0.538648 0.690279 0.717681 -1.86649 -1.07831 -0.501948 0.389902 0.611401 -1.35517 -0.43201 -1.10275 1.46035 0.118259 -0.218674 0.3244 -0.978278 -1.73565 -0.585788 0.214738 0.633561 -0.6005 -1.03681 -0.0204921 
0.435294 0.76371 -0.311325 -0.525392 -0.670751 -0.999628 -0.396458 0.682013 -1.20007 0.127251 -0.609127 0.94859 -1.51307 -0.680167 1.16361 -0.416404 -0.00682971 0.0291203 0.0258962 -1.84925 0.149602 1.00087 0.401428 -0.602465 -1.57941 0.293497 -0.950598 1.40226 0.485953 -0.226487 0.57539 0.167363 -2.39212 -1.50807 -0.0365041 0.124398 -0.4891 -2.07673 0.0919015 
0.191647 1.02869 -0.304201 -0.14281 -0.740048 -1.82591 -1.68239 0.547342 -1.0607 0.431998 -1.53082 0.914103 -1.48179 -0.912168 0.823059 0.925835 0.233738 0.105752 -0.475067 -0.999855 -0.796903 0.463126 -0.252226 -1.23603 -1.30661 0.534284 -1.12648 1.42157 0.3598 -0.206775 0.589906 1.69706 -0.391473 -1.89604 0.22196 0.544664 0.30274 -2.30857 0.71102 
0.111764 1.35133 0.128943 -0.365701 -0.577998 -1.33392 -1.21021 -0.0933156 -0.825554 -0.123059 -1.47325 -0.104519 -1.05279 -1.14853 0.893273 0.994891 -0.270881 0.786665 2.3534 1.37596 -2.50928 -0.755739 0.268358 0.954283 -1.37923 0.549327 -1.6708 0.620186 0.814652 0.512009 0.302751 0.572383 0.612672 -0.916372 1.08358 -0.276815 0.0460792 -0.629817 1.2736 
-0.211431 1.66568 0.17001 -0.351593 -0.00217041 -0.180437 -0.510596 -1.88102 -1.67785 0.70049 -0.855005 -0.197192 -1.00903 -1.80044 0.0733931 0.382524 0.480337 0.319265 1.28341 1.72768 -0.339445 0.728593 -0.118085 1.27135 0.497561 0.981458 -1.56647 0.0749587 1.03338 0.134704 0.766339 2.22285 1.48268 -1.67979 -0.426448 -0.375884 1.3965 -1.22126 0.71164 
-0.510718 1.41187 0.302162 -0.0259433 -0.282955 -0.437371 0.25552 -0.427039 -0.235056 -0.239688 -0.574516 0.287799 -0.221538 -1.39465 -0.786334 0.664451 0.464347 0.269215 0.760312 0.392519 0.41964 0.288518 -0.764103 0.746298 -0.187136 0.294238 -1.45508 -0.479529 0.297119 0.562921 0.613601 1.70557 0.904251 -0.26041 -0.450598 -0.289439 1.82194 0.203088 1.05221 
-0.697342 1.12176 0.481802 -0.0235108 0.245454 0.349969 -0.160699 -1.48196 -1.44539 -0.0599454 -0.325419 -0.353425 -0.747882 -0.561853 -0.769375 0.0953823 0.303987 0.528766 1.10776 -0.651084 0.0222058 -1.22235 -0.268209 0.953857 -0.24009 0.269477 -0.850509 -1.16341 0.419561 0.0696111 0.311799 0.103455 -1.11993 0.757419 1.87444 -0.532513 0.580878 -0.0489802 2.93934 
-0.716347 0.879868 0.334246 0.185043 0.210579 0.33623 -0.266753 -0.411643 -1.23183 -0.505927 0.100998 0.0891406 0.0190644 0.014093 -0.899934 0.0099307 -0.360697 0.168115 -0.606965 -1.73714 0.534096 1.77205 0.0700451 -0.0514965 0.12184 3.21396 -0.408219 -1.23494 0.647555 0.592466 0.59454 0.436723 -2.7053 0.0232266 0.406746 0.0260621 0.646484 -0.468578 2.23858 
-0.709132 0.49796 0.471884 -0.297877 0.397293 -0.0766412 -1.59063 -0.972417 -0.00593995 0.0109118 -0.356735 -0.26212 1.93541 -0.10048 -1.02047 0.944847 0.521104 0.293326 -0.488907 -2.58987 0.0147347 1.67049 0.281379 -0.178154 -0.362492 2.40052 -0.0823262 -1.20375 0.259446 0.390604 0.00354067 -0.547359 -1.32553 1.84467 2.17508 -0.12217 0.410285 -0.4873 1.80145 
-0.766697 0.171321 0.783858 0.554569 0.481048 -0.00774612 -2.40933 -0.40346 0.124985 -0.224459 -0.0193671 -0.207581 2.02754 -0.147219 -0.844752 0.407525 0.907256 -0.150272 -0.148744 0.146589 1.7773 0.618809 -0.244556 0.535933 -0.748393 -1.06683 0.00605334 -1.55763 0.0853003 -0.0869425 -0.178364 -0.634726 -2.1233 0.630077 1.54813 0.331577 0.110048 -1.26834 2.05087 
-0.775212 -0.0870377 0.657392 0.353617 0.247478 -0.182523 -1.44626 0.737256 0.495238 -0.231755 0.0249505 -0.868012 1.06744 0.110871 -1.23664 -0.806832 -0.633468 -0.523024 -0.388836 0.0450719 0.779987 0.0316017 0.118611 0.292357 -1.26417 0.0449402 -0.00185437 -1.31047 0.299742 0.846422 -0.41304 -0.397747 0.439483 1.95154 0.825277 -0.372208 1.39608 -1.22267 -0.682887 
-0.745916 -0.68921 0.372486 0.0810245 -0.0219271 -0.281678 -2.34981 0.343458 0.148414 -0.105202 0.191068 -1.22669 2.08187 0.144769 -1.05447 0.07459 0.268246 -0.39878 -0.397986 0.374074 0.667541 0.289137 -0.246535 1.16413 -0.819785 0.242356 0.12021 -1.29463 -0.302127 0.00344453 0.148426 -0.0854566 0.932346 1.07646 0.305119 -1.25407 1.82174 -1.34196 -0.975195 
-0.743022 -0.819484 0.679256 0.538505 -0.137783 -0.46286 -1.11178 1.37563 0.728197 -0.476394 0.848301 -1.5311 1.28554 0.0848949 -0.639634 0.323167 0.645821 0.73803 0.278312 1.06513 0.572144 0.30489 -1.72625 1.9326 -0.456751 -1.21906 -0.0964374 -1.43584 0.213689 0.0246285 -0.137983 -0.0404091 -0.155433 0.51263 -0.230315 -1.96146 1.33426 -0.232098 -0.213795 
-0.733877 -1.12999 0.51653 0.541619 0.669872 -0.0886452 -1.43779 0.889734 0.394189 -1.82449 1.5547 -1.59893 1.08762 -0.30081 -1.0263 0.269442 -0.226663 0.224034 0.350385 -0.565017 -0.0194772 -0.540883 -2.25675 0.459695 0.520011 -0.505736 -0.320376 -1.38322 0.762486 0.509695 -0.227135 0.50421 2.1889 1.34637 1.03407 -1.38118 0.695158 -0.189943 -1.12092 
-0.860795 -1.53212 0.796894 0.36201 0.0670348 -0.21938 -1.56212 1.35078 0.285855 -2.72437 1.17639 -1.12079 0.88304 -0.604582 -1.36493 0.901485 0.0650607 -1.0341 0.434809 1.54809 1.11702 0.832437 -0.0423277 -1.09688 0.210955 -0.129371 -0.136124 -1.15828 0.479102 -0.224439 0.801808 -0.105177 -0.321666 -0.726845 -0.36638 -1.29065 0.687387 0.832233 -0.819976 
-0.953886 -2.08072 0.944829 0.578141 -0.317315 0.213927 -0.122146 1.96201 1.06917 -1.86562 0.788416 -1.43623 0.997341 0.0803226 -0.65255 0.500482 -0.0754203 0.880113 -0.488454 0.175235 -0.880205 0.139654 0.602793 0.366446 0.543065 -0.482719 -0.494213 -1.01367 0.776399 -0.209942 0.557906 0.470251 0.449684 -0.578047 0.38773 1.66025 0.774797 1.70433 0.859311 
-0.850294 -1.98199 1.02809 0.295953 0.893449 -0.563039 -1.39382 0.495037 0.397195 -2.12258 1.43891 -0.69202 0.499634 -0.197393 -0.104503 0.345492 -0.347141 1.80634 0.230878 -1.01522 -1.8309 -0.405187 2.12458 2.03081 1.96882 1.14957 -0.231652 0.252264 0.49244 -0.323151 -0.102999 -0.230336 0.89846 -0.152354 1.02566 2.25058 0.612582 -0.186875 0.321826 
-1.03685 -2.14526 1.09985 0.313673 1.38664 0.373759 -0.948743 0.188513 0.737234 0.252741 2.2211 0.134808 1.96805 -0.455934 1.01624 0.290845 -0.362866 -1.00725 0.175563 0.894432 0.697897 0.988434 2.2269 0.36745 -0.784932 0.860015 0.803851 3.05372 -0.106779 -2.68874 -1.35447 -0.330141 -1.18283 -2.19638 -0.98351 2.40034 -0.175172 -0.304024 -0.139432 
-1.02027 -1.25855 1.15625 0.0200024 -0.0683034 -0.441925 -0.624454 1.16271 1.1991 0.0977485 1.70214 -1.32718 1.23014 1.5033 4.52481 -0.515696 -3.35521 -3.63651 -0.683177 -0.404637 -0.903807 -0.674033 0.894732 -2.26832 -2.3607 -1.324 1.96204 3.09065 -1.48048 -2.8906 -2.30362 2.07012 1.35876 -1.56525 -0.250468 2.8921 -1.13393 -1.623 -0.497986 
-0.547439 1.04502 0.831573 -2.14729 -2.06618 -0.106195 -1.26505 -0.690015 0.186563 1.14546 0.631208 -1.7628 0.886735 3.64259 3.45755 -2.66534 -3.61801 -2.11456 2.72481 0.725816 -2.6445 -1.26232 1.41503 -1.78724 -1.29586 -1.46333 2.63806 2.97486 -2.25635 -2.9366 -2.51477 1.97105 0.0646446 -1.41426 -1.08388 0.975676 -2.90477 -1.53358 -3.06653 
0.189134 1.18135 -0.168618 -2.63286 -2.07917 1.46352 0.00398967 -1.39619 0.1698 1.50899 0.450482 -2.37168 0.0332367 2.78112 -0.218689 -3.10378 -0.689143 0.227361 3.44518 0.476939 -0.854266 -0.51546 0.32077 -1.33517 0.394403 -2.35164 3.02379 1.81541 -2.27758 -2.16616 -0.495955 2.37139 -0.242844 -1.9775 -1.87935 1.02857 -3.18588 0.0933174 -1.16597 
0.372034 0.900196 -0.708797 -2.66149 -1.85821 2.30346 -0.844604 -1.52072 -0.235095 1.46619 -0.302613 -1.45313 -1.04709 1.2682 -0.830371 -0.988217 0.636716 1.45268 0.596379 -1.02132 0.183106 -0.801084 -0.132559 -2.1629 1.41277 0.0610185 2.37622 -0.656474 -2.24548 0.340707 1.83796 1.9796 -0.099368 -0.349176 -2.00044 0.00205106 -2.01544 0.994718 0.0412981 
0.599421 0.606467 -0.669145 -2.17891 -0.710281 1.87918 -0.827698 -1.22547 -0.48424 1.37793 -1.06529 -1.24613 0.100906 1.0781 -0.733518 -0.498259 1.16685 2.28682 -0.671231 -0.60082 0.426182 -1.68098 -0.338001 -1.17165 0.87673 2.39339 1.07404 -0.799673 -1.01475 1.02285 2.12071 0.0312254 -1.60896 1.06544 -1.26746 -1.12257 -1.66993 0.66122 0.160621 
0.718345 0.393405 -0.9685 -1.82043 0.300975 1.83187 -1.32487 -1.11535 -1.60501 1.13039 -1.12147 -0.757033 0.955466 0.47646 -0.329194 -0.638948 0.782216 1.44627 -0.543922 -0.908257 1.15526 -0.590091 -1.30859 0.0821435 -0.56867 0.123454 0.544203 -0.463733 -0.781093 1.06737 2.05249 -1.54529 -0.983102 0.759278 -0.573017 -1.15717 -0.330388 0.455337 1.73951 
0.743245 0.383952 -0.998 -1.61872 0.652533 1.4967 -1.5649 -0.116288 -0.966617 0.0748798 -1.00265 -1.70804 0.220371 -0.193827 0.0604089 -0.753973 0.313507 0.519291 -1.47839 -0.580136 0.529875 1.05273 -1.14695 0.742733 -0.29626 -0.320353 0.0195848 -0.0365197 -1.09033 0.745317 1.53772 -1.57845 -0.238036 0.875631 0.184681 -1.00174 1.12972 1.37528 0.849391 
0.636578 0.444814 -1.35389 -1.6025 0.785532 0.795317 -1.78785 -0.609874 -0.750795 -0.0115767 -0.594391 -1.00069 0.706756 -0.444096 0.274707 -1.1095 0.253779 0.659323 -1.65201 0.618509 -0.0539119 0.794267 0.0204291 1.28945 2.32711 0.88488 -0.330531 0.353267 -0.800197 0.2748 1.02602 -1.85261 -0.11975 0.611573 0.0415834 -1.27284 0.156373 0.58081 -0.00520967 
0.577248 0.586032 -1.55814 -1.4444 1.26976 0.338615 -1.02614 -0.174372 -0.322687 0.0962909 -0.0911874 0.150043 0.971501 -0.34235 0.449533 -0.528914 0.073264 0.889963 -1.10049 0.431874 0.241741 -1.00577 -0.484451 -0.571406 1.03739 0.306469 -0.485581 0.449224 -0.594782 0.254349 0.684938 -1.65581 0.363575 -0.0676068 -0.963398 -1.49777 0.657471 1.69417 1.54752 
0.504825 0.769813 -1.62866 -1.55998 1.62128 0.0232688 -1.40506 -0.382551 -1.57136 -0.493317 -0.991238 -0.175881 0.978047 -0.343863 0.374183 0.156226 0.104774 0.285785 -0.651977 -0.188644 -0.0225724 -1.85139 -1.93662 -0.500202 -0.160345 0.958512 -0.411515 0.5389 -0.801866 0.146463 0.178244 -2.45719 0.76732 -0.141106 -1.33697 -0.979941 0.342298 0.486136 -0.00770141 
0.444986 0.858053 -1.49615 -1.37888 1.53309 -0.1195 -1.16193 -0.202203 -1.83125 -1.83265 -0.437973 0.0152726 1.78372 -0.325335 0.329213 -0.756651 0.136428 -0.63438 -2.32287 0.480929 -0.410004 -0.46177 -0.776108 0.972005 -0.417488 -0.323334 -0.137418 0.530813 -0.263976 0.41578 -0.160101 -1.54621 0.440136 0.545007 -1.19973 -0.61643 -0.06465 0.305586 -0.148129 
0.378798 1.01022 -2.01537 -1.47135 1.0128 -1.60438 -0.981278 -0.784388 -1.94934 -1.26572 -0.302965 -0.516664 0.726865 0.121275 0.392852 -0.578673 0.476523 -0.49063 -1.49893 0.710087 0.711066 0.534632 1.13631 0.398977 0.549062 -1.14335 0.139162 0.256409 0.109121 0.531973 -0.710532 -1.17192 0.735921 1.68571 0.103 0.707269 0.663728 0.0472853 -0.935725 
0.469269 1.1432 -1.79538 -1.0419 1.0608 -1.17043 -0.546634 0.478181 -1.39856 -0.699173 -0.152576 0.448851 0.852265 0.551875 0.0404745 0.932889 0.605194 -0.319507 0.694774 0.394316 2.5229 0.576209 1.65177 -0.175038 0.475457 -0.803572 0.426242 0.0631459 0.192232 0.777006 -1.11595 -1.14269 0.599811 1.00573 -0.392 1.47447 -0.313195 -0.742038 -1.72417 
0.548003 1.04761 -1.57163 -1.04042 0.702647 -1.11984 -0.629879 1.64505 -1.48282 0.381454 -0.421139 -0.142054 0.0772849 0.571446 -0.303018 0.888274 0.603197 -1.01496 -0.0883401 0.00235078 0.552733 -0.964009 0.710729 -0.806693 -1.5018 -0.926649 0.768979 -0.551463 1.79829 1.55861 -1.15943 -0.424052 0.691027 1.949 0.487925 0.885823 -0.207044 -0.124405 -0.907278 
0.64506 0.939088 -1.37357 -0.612433 0.0917422 -1.23404 -0.522812 1.00572 -2.18515 0.0101749 -0.714846 -0.760641 0.100583 0.697406 -0.84062 1.95385 1.55298 -1.24526 -1.27825 0.42723 -0.081227 -0.0388847 -0.550035 -0.101779 -0.637333 -0.289308 0.284013 -0.694511 2.11041 1.27722 -1.31169 -1.69976 -0.408284 0.794578 -0.0667017 -0.2428 -0.341475 -1.73927 -0.917099 
0.766187 0.465517 -0.626077 0.082585 -0.484603 -2.01631 -0.250972 1.5606 -1.51674 -0.165647 -0.487807 -0.658969 -0.14567 -0.109685 -0.704267 2.49931 1.16673 -0.757 -2.27704 -0.495741 0.447403 0.892011 -1.03797 0.364104 -0.72787 -0.177977 0.0859989 -0.147412 2.03057 1.65943 -1.16855 -1.6899 -0.501509 -0.158888 0.770396 -1.05983 -0.067668 -0.931273 -0.0274501 
0.591612 0.452863 -0.159908 0.22853 -0.632911 -2.8296 -0.915261 1.43158 -1.4617 -1.02319 -0.453967 -1.35009 -0.0300147 -0.557194 0.625556 1.30562 0.744313 -0.331907 -1.07337 -1.03213 -0.109241 0.886537 -0.811671 -0.00316776 -0.557717 0.248821 -0.502861 0.00462247 1.73187 1.04675 -0.338444 -1.91104 -1.30376 0.831505 2.4801 0.368945 0.760905 -1.3831 1.36322 
0.562126 0.914275 0.000863227 0.615098 -0.806507 -2.76938 -1.0917 1.4491 -0.797737 -0.973487 -0.485145 -1.1121 0.0777972 -0.706334 0.709356 0.280842 0.285187 0.30946 -0.383466 -1.06877 0.598844 1.83396 1.48528 0.552696 -1.04573 1.80092 -1.14496 0.92849 0.844537 0.664611 0.485585 -0.710659 -1.20324 -0.26956 2.04471 0.0117089 1.31947 0.0724676 1.47917 
0.337357 0.96054 -0.0366668 0.425789 -0.347157 -3.09977 -1.7866 2.00363 0.0281176 0.45805 -0.0604961 -2.1942 1.48104 -1.30151 0.717333 0.050693 0.180324 1.00573 0.0895603 -0.41214 -0.219425 1.3611 0.806668 1.60876 0.647931 1.51282 -1.5934 0.80774 -0.300313 0.0457328 0.672591 1.3038 0.0744456 -1.36078 1.00914 0.819354 0.691891 -0.154184 0.51902 
0.107559 1.42756 0.0109812 0.735786 0.138922 -2.70846 -1.41428 1.23124 0.307361 -0.168529 0.650805 -0.599308 1.34985 -1.88057 0.458682 -0.761597 -0.214485 0.618845 2.21345 1.15279 -2.29013 -0.724014 -0.467698 0.279 0.845723 -1.18775 -1.74161 0.957147 -0.0914204 0.122014 1.25943 1.41174 0.424909 -1.3527 -0.26503 1.18357 0.323437 -0.248008 1.13078 
-0.312094 1.29197 -0.425806 0.258187 0.231721 -1.55225 -0.801324 -0.213181 -0.563218 -0.00699418 0.140549 -1.52294 0.512756 -1.52608 0.667053 -0.196251 -0.00436754 0.721163 1.8912 0.91537 -1.46178 -1.65098 0.672049 -1.23142 -0.968077 -0.167906 -1.70479 0.781425 0.191356 0.852313 1.41875 2.81214 1.19463 -2.06507 -0.378925 0.380196 0.508636 1.34186 -0.0976616 
-0.422586 1.90549 -0.100279 0.721611 0.814741 -1.3865 -0.627419 -0.185924 -1.03815 0.502272 -0.210071 -1.3812 1.22761 -0.887229 0.671251 1.06979 1.39811 1.32485 1.72339 0.271137 -0.280615 0.309003 0.929246 0.326717 0.869916 1.06328 -1.49378 0.276649 0.616196 0.177536 0.595308 2.22412 1.34005 -0.975636 -0.101952 0.513662 -0.974785 -1.1856 -0.540559 
-0.627231 1.77286 0.0852202 1.26811 1.4795 -0.34775 -0.552869 -0.490113 -0.314097 0.920123 0.375142 -0.832309 1.41189 -0.899069 -0.268057 1.18616 0.256934 0.101972 1.22428 0.682505 0.251425 1.54026 -0.0415165 0.00786655 -0.552639 -0.486329 -0.915618 0.324234 1.09553 0.164167 0.167987 1.17162 0.504336 0.680575 0.428111 -0.534218 -0.283544 -0.369704 -0.24577 
-0.741707 1.72596 0.467944 0.898239 0.903913 -0.531339 -0.035171 0.0507477 0.212713 0.46195 -0.199651 -1.83026 0.841212 -0.599053 -0.203351 0.689274 -1.164 -1.08323 -0.0780203 0.3271 1.13839 0.162609 -1.62546 -0.697869 -1.34589 -1.36491 -0.907387 -0.639374 0.708653 -0.526083 -0.0845204 1.56106 0.580539 0.429124 1.05407 -0.436468 1.32315 0.243368 -0.377469 
-0.845379 1.63882 0.409214 0.40717 0.445767 -0.404129 -0.257645 0.602793 -0.18408 -0.698723 -0.110617 -1.91689 0.296631 -0.573847 -0.659388 -0.0478919 -0.975228 -0.203965 0.965055 0.00688177 0.292365 -0.380954 -0.530935 1.60226 0.861687 0.0271723 -0.760458 -0.460665 0.433089 -1.15812 -1.54331 0.290781 0.344598 0.855052 1.23289 -1.20367 -0.772826 -1.22393 -1.04857 
-0.951372 1.27129 0.429606 0.175142 0.703227 0.142375 -0.00756238 0.326941 -0.0995107 -0.0661163 0.931733 -1.14622 0.880803 -0.63527 -0.465315 0.00681552 -0.426391 -1.00393 0.493025 0.0800669 -0.0627439 1.19315 0.0816285 -0.276636 -0.223895 0.103031 -0.658651 -0.593928 0.00158039 -1.34161 -1.10603 0.17165 -0.628417 0.730315 0.125097 -0.915792 0.121998 0.144235 -0.136508 
-1.07572 1.3206 0.397765 0.0848337 -0.512834 -0.060809 -0.168873 0.536182 0.78438 -0.616322 -0.30022 -2.10258 0.399153 -0.495155 -0.202249 0.0515661 -0.868333 -1.28813 -0.716452 -0.763583 0.627525 0.519669 -0.648402 -1.47332 -0.679575 -0.198107 -0.768401 -0.509726 -0.124697 -0.740951 -0.511681 1.09105 -0.0575298 0.0714043 1.10588 1.00555 1.22207 1.88638 1.23856 
-1.13455 1.13803 0.440153 -0.469902 -0.52464 -0.36087 -0.623855 0.92668 0.321008 -0.711247 -0.0992208 -1.69698 0.733507 -0.611951 -0.274393 -0.20577 -0.58838 0.32064 1.0398 -0.153904 0.159844 0.0230702 1.1717 1.76211 2.63678 1.3708 -0.909532 -0.498686 0.0149525 -0.182886 -0.711898 0.356411 0.283681 0.459702 0.518183 0.099695 0.28935 1.00364 -0.914775 
-1.29821 1.13661 0.281826 -0.355788 -0.216487 0.665222 -0.275638 0.684447 0.800868 0.55242 0.94355 0.00360425 1.5534 -0.981245 -0.521473 -0.0264346 0.623586 0.332383 1.22313 1.09788 -0.0455522 0.0508974 0.754801 1.80863 1.96213 -0.903741 -0.849372 -0.271223 0.293903 -0.311616 0.573398 0.928871 0.678891 0.538047 -0.770616 1.3406 2.18861 1.97036 0.495186 
-1.48133 0.780325 0.412361 -0.0255438 -0.217167 0.49348 0.315538 0.876665 0.360136 0.0420219 1.17725 -0.1313 0.000829092 -0.766757 -0.119953 0.678516 0.16601 0.472681 0.266488 0.960933 0.519958 -0.868401 0.505847 0.915243 -0.116369 -0.786144 -1.07168 -0.601428 0.105428 0.490553 0.288153 1.39185 1.0084 -0.866031 0.141803 0.759778 1.82274 1.56034 -0.430674 
-1.5728 1.06121 0.600531 -0.245552 0.223909 0.849979 0.549301 1.18035 0.0920599 1.05759 1.59191 -0.0959341 0.918274 -0.758463 -0.351025 0.196747 0.0608845 0.0727679 0.729842 0.10329 -1.02793 0.106172 0.187346 0.417562 0.0332689 0.380944 -1.11625 -0.397255 0.682284 0.969079 0.571839 -0.351933 0.196508 -0.469363 -0.420047 0.547255 0.419856 -0.0948325 -0.932126 
-1.75313 0.542461 0.494267 0.00792898 -0.155664 1.00256 0.423718 -0.121688 0.444235 0.229779 1.47572 -0.110954 0.333903 -1.04532 -0.456893 0.41744 1.17874 0.318518 -0.749226 -0.730904 -1.09812 0.408212 0.167219 -0.419004 -0.00763985 -0.336458 -1.23639 -0.0579213 0.100603 0.508423 0.930859 -0.216129 0.362001 -0.870177 -0.101522 0.440929 -0.207144 -0.0443873 0.240942 
-1.94114 0.748914 0.790913 0.604177 0.518246 0.323795 -0.0396805 0.114238 0.421897 1.22529 1.30222 -0.108363 0.656204 -1.24871 0.265548 -0.034177 0.648242 1.207 -1.02289 0.324693 -0.0507293 -0.216424 0.351097 -0.694502 -0.0926841 -0.100396 -0.955231 -0.0388699 0.0716426 1.27336 0.677169 -0.277994 0.905432 -0.354456 0.374968 0.431468 0.542449 0.450607 0.109013 
-2.18993 0.738102 0.46267 0.470291 0.980453 0.284826 0.716931 -0.1767 0.265872 0.580726 0.992326 -0.191517 0.267665 -0.50529 0.399004 -0.301342 0.585864 0.616017 0.369765 1.80891 0.663445 0.00501667 0.359246 1.06642 0.582053 0.4592 -0.980269 0.160558 -0.0443349 -0.0728692 0.954246 -0.539078 0.455025 0.108387 0.128188 0.598565 -0.464406 0.771876 1.36981 
-2.12773 1.03839 0.627999 1.02099 1.09445 0.58084 1.49394 0.748651 0.423697 1.58435 2.05687 0.351647 1.0542 -0.342553 -0.0346576 -0.0358262 -0.741188 0.104593 0.278747 0.21456 0.19401 0.358535 0.386934 0.100322 1.07847 1.73122 -0.99652 -0.273422 0.243273 0.568559 0.921193 -0.231958 0.962011 0.550362 0.736382 -0.139719 0.618466 -0.756877 -0.254133 
-2.32175 0.722671 0.430262 -0.0819104 1.07211 0.478163 0.918103 0.00454602 0.555293 0.967388 1.06775 0.666206 1.72091 -1.11237 -0.796534 0.692844 0.20624 0.650592 -0.684922 -0.663227 0.0317357 0.805268 -0.555976 -0.325265 -1.55379 -0.770829 -0.410448 0.0539643 0.557147 0.0762987 0.290148 -0.277188 0.257463 0.468697 0.249818 -0.51924 0.35336 0.517274 0.518728 
-2.51864 0.487288 0.953747 1.1606 1.7034 0.0996639 0.961517 0.773247 1.07658 1.03133 1.83307 -0.8995 0.431781 -0.3234 0.111196 0.930983 0.854066 0.303273 -0.657081 0.0883805 0.399195 -0.0827985 -1.06419 0.313918 -0.418695 -1.11841 -0.933881 -0.685886 0.242145 -0.731808 -0.136787 -0.501567 -0.68447 0.0510089 0.241743 -0.861575 -1.01001 -0.75322 -0.0754945 
-2.44712 0.809789 0.87306 0.530744 1.352 0.0164746 1.01382 0.383867 0.485646 -0.0921031 1.29334 0.324456 0.810146 -0.403573 -0.198261 -0.303151 -1.2084 -0.823711 -0.0068239 -0.160522 0.0398969 -0.538402 -0.554716 -0.941719 0.586735 0.672875 -0.563514 -0.156242 0.841914 0.589271 -0.0874227 0.489855 0.642625 0.839086 0.37593 -0.713577 0.423925 0.0276558 0.194984 
-2.671 0.35683 0.789944 0.267244 0.915544 0.0931182 0.849221 0.80572 0.636254 0.479568 1.17587 -0.435738 1.00704 -0.591111 -0.339046 0.421121 -0.0333841 -0.409215 1.35015 0.67527 0.656519 0.497084 0.140878 0.187338 0.45153 1.34398 -0.42346 -0.031488 0.566525 -0.482906 -0.211688 0.48347 0.971977 0.653248 0.530859 -0.0924697 -0.135512 0.204642 1.11094 
-2.6626 0.580347 1.06525 0.495382 0.956853 0.959734 1.60002 1.0116 0.887789 0.0493444 1.42994 0.679896 1.94214 -0.28351 0.151061 1.21336 0.549678 0.548665 0.690976 1.31813 0.783759 1.1229 0.41781 0.753111 -0.327275 0.648309 -0.39906 -0.554397 0.421722 0.15366 0.101989 1.65001 1.70218 0.962322 1.09884 -0.120093 -0.465589 -2.21301 -0.237355 
-2.78295 0.471976 1.37153 0.657635 1.42793 0.574993 1.97268 1.55628 1.54755 0.896999 1.71025 -0.704246 1.56191 -0.0563489 -0.465349 0.256728 0.253005 0.561029 0.963416 1.35576 0.553081 0.711398 -0.312759 -0.782977 -3.28782 -1.63554 -0.113586 -0.23005 0.72081 0.213428 0.210586 1.14696 1.11624 0.373622 0.750576 0.412117 1.01196 0.0815555 0.961953 
-2.6981 0.262102 1.17664 0.669142 1.48095 1.6323 2.75493 1.53947 1.4643 -0.261292 0.884348 -1.96048 0.602371 0.0996214 -0.485787 -0.0555809 -0.247588 -0.249068 0.919941 0.0120401 -0.309275 -0.297018 0.0841547 0.473276 0.429127 0.494666 -0.323563 -0.381894 0.302318 0.283685 0.636906 0.353961 1.01851 -0.432886 0.575424 1.04531 0.342041 -1.37661 -0.584529 
-2.76595 0.139362 1.32942 0.46586 1.18451 1.21713 2.0046 1.25168 1.30362 0.981918 2.04788 -0.366754 1.98933 -0.468513 -0.0892533 0.229521 0.146027 0.318715 -0.460162 -0.142491 -1.08569 -0.0779449 1.61643 1.18326 1.52252 0.928715 -0.164998 -0.43326 -0.0861417 0.0410981 0.365536 0.582271 0.595283 -0.526048 -0.0693622 0.215589 -0.495956 -0.258886 -0.505928 