-0.847341 -0.457153 0.00091192 -0.0332225 0.458296 0.604386 1.28249 0.970785 0.271805 1.21006 0.749536 0.408262 0.0882622 2.44153 -1.85193 0.756378 -0.6941 -0.610196 -0.797861 0.842647 0.38527 -0.477756 0.171994 -1.36899 -1.51311 -0.476863 0.768338 -0.0633544 1.02984 -0.88387 0.13834 -0.140887 0.403697 0.0333071 1.19051 1.30901 -0.710543 -1.16319 -0.485277 
0.198793 -0.810181 0.123422 -0.449124 0.341556 0.69506 1.57049 1.66463 0.854312 1.20505 0.591446 -0.928786 -0.758089 0.952045 0.993039 0.750943 -0.941211 0.684111 0.143931 0.372129 0.0363295 1.62328 -0.0916994 -0.119134 -1.13407 -1.02828 0.155217 -0.0179501 0.976033 -0.308702 0.0807523 -0.28887 0.624374 -0.277369 -0.512705 -0.746191 -0.425664 -1.18995 0.40237 
-0.401749 0.0683316 0.412607 -0.617719 0.861541 0.67542 1.4777 0.99919 1.37736 1.15856 0.680641 -0.590078 -0.737277 -2.20338 1.8254 0.768509 0.258872 0.737591 0.417632 -0.000485232 -0.772956 -0.183546 -1.17201 0.779947 -0.0619535 1.02425 -0.381457 0.776076 0.361889 0.215695 0.464216 0.457797 0.319683 0.503815 1.1936 -0.521621 0.197947 -0.85055 0.232231 
-0.871977 0.152963 0.544622 -0.281281 0.776056 0.894156 1.57243 1.05743 0.73463 0.560159 1.03114 -0.988819 0.0825311 -1.56383 0.234869 -0.184128 1.24455 0.0507001 0.466885 0.0578444 0.6436 -0.0884487 -0.6057 0.393261 0.00978218 1.34531 -2.01152 1.13877 0.0509092 0.524491 0.71545 1.08746 -0.0232947 -0.755446 0.495432 0.134656 0.694764 0.905585 1.28396 
-1.16518 0.195168 0.318304 0.168053 0.894605 0.897561 1.50989 1.50453 1.32216 0.824724 0.901595 -0.587329 0.363965 -0.98997 -0.0244919 -0.686826 0.479384 0.395183 1.02893 -0.0335263 -0.2681 0.819784 1.35899 0.181851 1.27005 0.716778 -1.13672 0.514172 -0.347346 0.300523 0.29079 1.08609 0.207221 -0.300813 -0.291108 0.0951831 0.0621588 -0.501815 1.42351 
-1.35964 0.143426 0.178292 0.0248018 1.01044 1.37928 1.55722 0.846743 1.29532 1.30547 1.1325 0.116903 0.673561 -0.244075 0.57927 -0.355473 -0.821736 0.409401 0.977855 0.219988 -1.06333 -0.287643 0.739479 -0.307086 -0.670905 0.584662 -0.227455 0.0463927 -0.461334 0.107689 0.331198 -0.0164808 0.706522 0.285682 0.575281 1.14566 -0.430769 0.316617 -0.157398 
-1.29439 0.503091 0.131281 -0.341544 1.1373 1.35878 1.62618 0.669288 1.13189 1.22976 0.72638 -1.18031 0.847748 0.622083 0.0996111 -0.030597 -0.328159 0.128925 -1.04762 0.986819 0.649915 -0.0807748 0.190371 -0.777964 -0.844184 -0.927298 0.578135 -0.869687 0.0383705 -0.528744 0.346636 0.167001 -0.306222 -0.32741 -0.546806 -0.110777 -0.66095 0.823695 -0.723206 
-1.07261 0.199143 0.16707 -0.175369 1.08922 0.892789 2.07127 1.35705 1.24533 1.40889 0.690925 -0.62773 -0.0700033 1.15201 -1.95142 0.417595 0.076598 0.139161 -0.753011 -0.636747 0.60725 -0.41755 -0.883244 -0.607632 1.77024 -1.56127 1.37668 -1.31529 0.326556 0.0869676 0.188048 -1.23576 -0.236884 0.444489 -0.12071 -0.973016 -0.817726 0.314372 -0.386318 
-0.752703 -0.519631 0.36259 -0.28797 1.22206 1.01014 1.29808 1.14609 0.853526 0.743478 0.381155 0.363173 -0.410444 1.55052 -2.17574 0.542292 0.4502 0.16843 -0.589416 -1.30978 -0.051063 -0.0760038 -1.49605 -0.353757 1.26707 0.406828 1.31308 -2.24004 -0.0237024 0.0884097 0.181227 -1.15262 -0.769131 0.324115 -0.580056 -0.728973 0.265613 1.67991 -0.769409 
-0.339416 -0.941528 0.465858 0.112419 1.19109 0.620694 1.39407 1.31682 1.19857 0.586018 0.48931 0.475383 0.269422 0.919866 -1.58568 -0.452307 0.047474 0.147388 -0.773673 -0.406241 -0.17291 -0.330438 -0.0935742 0.97542 0.466269 0.522106 1.29594 -1.75126 0.0711521 -0.365707 0.0469303 0.0576021 -0.632687 -0.403424 -0.454019 -1.11109 0.0463542 0.66543 0.238855 
-0.322575 -1.35004 0.123167 -0.252654 1.31163 0.651834 1.08955 1.01016 0.634234 0.690941 0.93142 0.765434 0.0225588 0.494215 -0.589154 -0.42903 -0.965716 -0.0946101 0.669057 0.451372 -0.508898 -0.509765 0.00430556 0.418056 -0.37793 -0.0808375 0.950869 -1.14642 -0.238263 -0.696618 -0.0751659 -0.319416 0.183829 -0.0588689 0.0993396 -0.0562943 0.383121 -0.259352 0.153464 
-0.113838 -1.24797 0.23903 -0.48744 1.13923 0.93743 1.63038 0.917008 0.857677 0.587242 0.724289 0.13881 0.21298 0.578378 -0.223661 0.0828781 -1.02905 -0.266971 0.352899 0.652429 0.0838401 0.456878 0.0232289 -0.444984 -0.805368 -0.311732 0.479913 -0.694783 -0.517105 -1.37843 -0.41512 -0.0878917 -0.220799 -0.390118 -0.511875 -0.513024 0.619855 -0.570969 -0.93561 
-0.0565517 -1.46431 0.17335 -0.892217 1.15904 0.820642 1.43015 1.07588 0.948834 0.702559 0.678201 0.0547724 -0.221314 0.258167 -0.506672 -0.375395 -0.976142 -0.56347 -0.782529 -0.75257 -0.0328783 -0.150469 -0.690121 0.440057 -0.375039 -1.18335 0.764007 -0.251223 -0.0943907 -0.51649 -0.193676 0.300964 0.0823881 -0.0252288 0.0021911 -0.492106 -0.632319 -0.668837 -0.0821041 
-0.0016945 -1.51103 0.0412255 -1.09383 0.81336 0.574978 1.2422 0.891058 0.760424 0.207041 0.971713 -0.195232 -0.738438 0.623929 -0.171407 -0.227865 0.30117 -0.0403356 0.0497537 -0.543471 -0.126935 -0.455475 -0.680856 -0.430105 -0.0775829 0.203156 0.459737 -0.465678 -0.485673 -0.393319 0.267698 -0.284311 -1.06536 -0.263185 -0.261002 -0.442245 -0.872425 0.487494 0.382779 
0.231362 -1.55109 0.0553791 -0.697857 1.1389 0.84761 1.15043 0.976055 0.644752 0.327446 0.433398 -0.0189396 -0.0472213 0.462263 -0.227203 -0.379996 0.421738 0.986991 0.40835 -0.691153 -0.335423 -0.186875 0.0996845 -1.64749 1.02785 1.70421 0.175521 -0.232886 0.152435 0.656301 0.204003 -0.0507909 0.0511311 0.24794 -0.298745 -0.4067 0.215153 0.57808 -0.143422 
0.208529 -1.62716 -0.159068 -0.823891 1.39362 0.769731 0.885884 0.627494 0.638484 0.260654 0.0382695 0.698522 0.654148 -0.353617 -0.194692 0.467928 0.622731 0.362963 -0.113983 0.610144 0.45717 0.0695536 0.138319 0.728048 0.850709 -0.394753 -0.093074 -0.134772 0.349976 1.61515 0.804147 0.239207 -0.0923448 0.376796 1.02074 0.209213 -0.0851436 0.930902 1.31296 
0.0495076 -1.65012 0.313926 -0.301909 1.35446 0.797967 1.4691 1.33498 0.696701 0.40228 0.843732 0.719779 -0.358487 -0.617329 0.0161089 0.928227 1.85262 0.286281 -0.0876678 0.56373 0.84176 1.49921 0.187756 1.52977 0.213867 0.0760789 0.0430638 0.467243 0.0306655 0.0929878 -0.222347 -0.706493 -0.0028686 0.439902 0.231392 0.516647 0.713024 0.739672 0.0581348 
-0.100054 -1.61535 0.348561 0.343084 1.56436 0.732401 1.18048 1.28847 1.65991 0.362642 0.902118 0.879884 0.725084 0.414155 0.934692 -0.417826 -0.492211 -0.715686 -0.820555 -0.616523 0.135412 0.226846 0.563408 0.259025 0.137033 0.476056 0.375127 1.44 0.390916 -0.836195 -1.47689 -0.972119 -0.569044 -0.317556 -1.38908 -0.19719 0.806135 -0.669115 -0.913522 
0.236612 -1.15531 0.0931608 -0.604925 0.939629 0.417723 1.15149 1.4412 0.855312 0.710602 0.988751 0.833897 0.0371339 1.20376 2.26069 -0.316129 -3.03078 -2.62623 -1.19943 -1.33604 -1.28437 -3.28847 -0.447967 -0.413822 -1.09719 -1.31036 1.14602 1.99591 -0.735824 0.43625 -2.54172 -2.62734 -1.90685 -0.997783 -2.04079 -0.376501 -1.2901 0.466583 1.34308 
0.466502 -0.423323 0.182828 -1.55138 0.0329588 0.174882 0.489653 0.279622 -0.565275 0.115448 0.666526 -0.0861749 -0.329435 1.39316 2.22036 -0.727804 1.10619 -3.31098 -2.66351 -1.96558 -1.50766 -2.8549 -1.06525 -2.04459 0.488009 1.34501 1.96925 1.30429 -1.04559 0.393318 -3.32153 -2.58861 -2.33785 -0.731129 -2.92791 -0.195286 -2.21248 0.412635 0.505903 
0.894184 0.015503 -0.295343 0.0941049 -0.99196 -0.824826 0.13412 0.256983 -1.07586 0.124354 -0.169322 1.25519 1.13814 1.90731 -0.198291 -1.31274 3.58429 -2.63568 -2.23322 -1.82914 0.276544 -0.481365 0.190322 -2.64845 1.65058 1.99793 1.71837 0.288543 -0.688389 2.03705 -2.55344 -1.80422 -1.89965 -0.362557 -1.97015 -0.888736 -3.18737 0.393825 0.445886 
1.37116 -0.524244 -0.522206 0.701192 -1.50397 -0.866338 -0.456943 0.496687 -0.886914 0.218846 -0.833135 1.35258 1.30158 1.32058 -1.76268 -0.343828 1.76238 -0.734258 0.271965 -0.606789 1.00355 0.317758 -0.126859 -2.36708 0.0403999 -0.738709 1.47719 -0.627736 -0.699066 2.8294 -1.58743 -1.06886 -0.878177 0.213 -0.0441656 0.389263 -2.31024 1.38464 0.575243 
1.51688 -0.907982 -0.476065 1.20451 -1.41765 -0.693886 -0.17844 1.04503 -0.855598 0.053534 -1.50982 1.28473 0.547662 0.424469 -0.791609 0.224454 0.400244 0.120636 0.817716 0.63863 0.00593976 0.423105 0.339746 -0.549142 0.193764 -1.21648 0.888777 -1.27967 -0.314442 0.773316 -0.660507 0.764735 -0.993764 -0.0165807 0.201022 0.419283 -0.954924 -0.772445 -1.35827 
1.56322 -0.937135 -0.395412 0.957662 -1.43003 -0.480044 -0.123499 0.501224 -0.595217 0.404317 -1.14527 1.51635 0.323269 0.0793244 -0.257174 -0.144441 -0.673674 -0.312521 0.746248 -0.740085 -1.03483 -0.0604456 0.697382 1.04545 -1.06096 -1.09775 0.190492 -0.578638 -0.0657103 0.0866393 -0.12331 1.10377 -0.266004 -0.993645 0.142382 0.650165 -0.14388 -0.468953 -2.11364 
1.54308 -1.03986 -0.548892 0.787731 -1.59686 -0.341033 -0.56014 0.232164 -0.891804 0.435444 -0.919937 0.35038 -0.334266 -0.130448 -0.120724 -0.324699 -0.278665 -0.316481 0.6505 -1.00098 -1.37253 -0.241266 0.541902 0.350127 -0.811242 -1.64271 -0.16318 -0.0403268 -0.0459069 -0.162812 -0.0520659 1.17495 -0.387533 -1.74635 -0.695904 0.619634 0.711442 -0.469045 -1.8894 
1.48861 -0.997271 -0.565782 0.788519 -1.61156 -0.17199 -0.640528 -0.57687 -0.75404 0.700827 -0.94872 0.800547 -1.00104 -0.345418 0.195289 0.0750898 0.443921 0.229529 0.816445 0.213327 -1.36045 -0.836646 0.143125 -0.0605707 0.443357 -1.45784 -0.292067 0.458223 0.136997 0.33037 -0.470525 0.280947 -0.164289 -0.907216 -0.125258 0.247906 0.531865 -0.218635 -0.943188 
1.36517 -0.933839 -0.502924 1.07158 -1.45928 0.0446657 -0.447303 -0.836442 -1.45437 0.512917 -0.955704 0.732589 -1.5085 -0.339766 0.846473 0.54068 0.743519 -0.429362 -0.274416 0.776232 0.12406 0.0786345 -0.20232 0.386193 0.526221 0.368264 -0.458675 0.993332 0.550738 0.819252 -0.569267 -0.573703 0.21172 -0.180573 0.62495 0.699265 -0.107624 0.0714121 0.262531 
1.31341 -0.548851 -0.267868 1.26019 -1.85905 -0.296699 -0.23571 -0.479563 -0.695934 0.588559 -0.731765 1.25528 -0.692921 -0.388655 1.37585 0.786331 0.709484 -1.13178 -1.57473 0.0705912 1.10506 1.63958 0.80469 -0.0882599 -0.343156 1.81588 -0.740417 1.01151 0.588727 0.496818 0.0930486 -0.973379 0.11419 0.0835287 -0.368811 0.402903 0.524669 -1.55344 0.472219 
1.16647 -0.207071 -0.0720787 1.52192 -2.11729 -0.688453 -0.408503 0.0313227 -0.337753 0.953768 -1.00713 0.426451 -0.0252609 -0.840507 0.753379 0.380005 -0.0442361 0.576235 -1.01436 -0.624252 -0.0185201 -0.554736 0.75077 0.340168 -2.58404 0.273693 -1.15258 1.51511 0.643401 0.372572 0.295544 -0.729091 0.94235 1.02328 -0.346826 0.660904 0.637442 -1.96919 0.544136 
0.897577 -0.14938 -0.0568991 1.23801 -1.51885 -0.767622 -0.557328 -0.494236 -1.06733 0.999793 -0.540845 -1.01206 -0.461569 -1.44437 1.01962 0.219646 -0.185192 1.59941 0.610201 1.20173 0.284804 -2.08739 0.0914308 0.970715 -2.26685 -1.07655 -1.71931 1.32457 1.19572 0.105512 0.764539 -0.559803 -0.347005 0.179601 -0.572084 1.22876 0.317063 -2.68616 -0.817391 
0.460449 0.33239 0.0521137 1.41137 -1.17912 -0.399255 0.217024 0.254875 -1.74846 1.00285 -0.45953 -1.56328 -0.889985 -1.89006 1.34106 1.4876 0.192395 0.634297 0.27452 0.152322 0.255358 -0.182991 0.910564 0.0988333 -0.978195 -1.37782 -1.70052 0.711578 0.706662 -0.530529 0.845333 0.577569 0.384985 -0.626577 -0.0421954 0.904241 0.667266 -1.87252 -0.0966739 
-0.0226253 0.559096 0.753425 1.36418 -1.14472 -0.635487 -0.476134 -0.29381 -1.18663 1.4988 -0.486441 -1.87398 -1.57085 -1.25643 0.10639 0.885019 -0.562461 -0.260901 0.159588 -0.683419 -1.14974 2.03166 1.1326 -0.0469794 -0.214756 0.948252 -1.4007 0.418818 0.228939 -0.329464 0.261244 0.0708548 -0.262862 0.490437 1.04769 -0.391908 1.48508 1.2157 -0.621127 
-0.15526 0.391672 0.536362 1.06432 -1.32816 -0.320896 -0.135284 -0.64824 -0.365975 1.62381 -0.487609 -1.75705 -0.111054 -0.335916 -0.677568 -1.12819 -0.656864 -0.220997 -0.17729 -0.510423 0.406289 1.53002 -1.43317 1.95688 2.59817 0.539427 -0.380495 0.243371 -0.687418 -0.909582 0.985179 -0.476944 -0.862325 0.104174 1.51167 -0.654989 1.02343 2.06841 0.886064 
-0.195973 0.20617 0.14826 0.957942 -1.27045 -0.714751 -0.738708 0.0251549 -0.144315 0.710462 0.619008 0.394098 -1.12378 0.646174 0.279924 -1.95514 -0.719057 1.82093 -0.789446 -0.485644 1.28349 -0.087452 -2.00972 1.4637 2.96724 0.254035 1.14601 -0.522188 -1.86026 -1.4983 1.63486 0.317902 0.982437 1.20828 1.47861 -1.88471 1.36332 2.24762 1.64515 
0.143343 0.542198 -0.516293 0.619089 -0.260532 -0.686584 -0.385005 0.359668 -0.420495 0.518793 0.338864 0.834042 0.104339 2.1432 -0.145584 -1.77158 -1.45381 2.81015 0.602424 1.83698 1.23641 0.371631 -1.10107 -0.0696898 0.392332 1.69064 1.12234 -0.508853 -0.923087 -1.24005 2.21 0.395023 1.22265 2.16583 -0.11713 -2.89376 1.81229 1.17597 0.445768 
0.822039 0.132962 -0.805065 0.0520925 0.375308 -0.429192 0.216322 0.99608 0.112478 0.104537 0.578082 0.731651 0.257784 1.12364 -1.08201 0.517373 -1.0279 1.67926 1.31694 2.13716 1.66785 -0.0647187 -1.88427 1.04493 -1.40004 0.352109 0.743056 -0.731367 -0.587571 -0.579099 2.03452 -0.223127 0.549394 1.51987 1.10306 -0.985819 0.275301 -0.348451 0.41567 
0.671395 -0.0233852 -0.23099 -0.0197519 0.724301 -0.0667059 0.72573 1.66944 -0.459598 -0.517316 0.928449 -0.397071 0.399345 -0.974076 -1.00804 0.857224 0.637753 0.41207 -0.895394 -1.09625 0.832134 1.04667 -0.22186 0.450886 -0.849767 -1.12525 0.462104 -1.73332 0.49296 -0.366051 0.945796 -0.322572 -0.136264 1.10938 1.20855 -1.19018 -0.456006 0.156743 0.0210859 
0.342018 -0.393728 -0.335858 0.457458 0.619566 -0.844452 -0.350122 1.6495 0.827026 -0.0184638 0.831633 -0.0178679 -0.646466 -0.399457 -1.65455 0.253914 0.511898 -0.181609 -1.7419 -2.32399 -0.16032 1.61878 0.285948 -1.67598 1.61357 -0.320968 -0.280779 -1.67767 1.16855 -0.292793 0.314725 -0.878685 -0.585912 0.098529 0.462525 -0.945871 -0.412953 0.913257 -0.0740954 
0.467511 -0.890011 -0.0882538 0.306714 0.621597 -0.878044 -0.47755 1.5434 0.642908 -0.361394 -0.0211093 1.0093 0.147975 0.521739 -1.6406 0.967984 -1.05057 0.0859435 -0.267692 0.301121 -0.706094 -0.452786 -1.04724 -1.02234 2.06805 1.02752 -0.291539 -1.6266 0.600192 -1.28268 -0.158665 -0.793595 -1.80198 -1.94598 0.21912 0.301904 -0.817054 1.58674 -0.513236 
0.580823 -1.25302 0.193286 -0.195599 0.673227 -0.966015 -0.191745 1.09481 0.524767 -0.59482 0.25182 1.78626 0.196807 -0.0699208 -0.913407 0.684657 -2.31889 -0.0702394 0.691758 -0.11625 -2.5078 -1.33818 0.126399 0.545185 0.499187 -0.371343 -0.23056 -1.10893 1.4815 -1.88478 0.275714 0.301962 -0.111593 -1.08056 0.265139 0.512401 -0.78775 -0.306173 0.359128 
0.42199 -1.36694 0.287572 -1.14146 0.583981 -0.550686 -0.535665 -0.426312 -0.259749 -0.293107 0.285783 1.44037 -0.144288 -0.894544 -0.109522 1.34543 -1.60444 0.350276 0.67167 -0.454584 -0.779288 0.792621 1.74325 -0.0678909 -2.46934 -0.538679 -0.508056 -0.410503 1.35032 -0.871009 0.0562198 0.366157 0.0797536 -1.29045 -0.595761 0.309784 0.183882 -0.379376 0.166699 
0.139022 -1.30727 0.926678 -1.19588 0.88137 -0.648056 -0.425355 0.482646 1.06704 0.361549 0.211912 -0.380692 -0.231292 -0.742359 0.266701 1.42412 1.0917 0.158774 -0.202575 0.221643 0.735577 0.569975 0.296566 -0.290526 -0.997695 0.599637 -0.503306 -0.479017 0.777172 -1.25424 0.0874556 1.20611 -0.667261 -0.639541 0.183283 2.29488 -0.347943 -0.465932 -0.944203 
0.0533224 -1.22337 1.06354 -0.451511 0.680206 -0.641781 -0.418514 0.15127 0.131544 -0.131353 0.119937 0.561385 0.351651 0.0897873 -0.645425 -0.13077 -0.162506 -0.212263 0.93238 -0.450593 -0.103364 -0.55814 1.35475 -0.413578 1.85587 -0.737146 0.0918792 0.0322948 0.484518 0.115953 -0.496984 1.1368 0.0359191 1.84514 0.359884 0.821573 0.188984 -0.0875588 0.709759 
0.17025 -1.64329 0.861249 -1.2922 0.760751 -0.208113 -0.656896 0.401338 0.693339 1.10453 -0.0235419 1.23774 -0.820498 0.880207 -0.213854 -0.665998 -0.928838 -0.946528 1.71463 -0.175549 1.77749 -0.108197 0.816064 0.552246 0.886761 0.363941 0.199075 0.436219 -0.858372 0.119124 -0.798698 1.30896 -0.908597 0.947462 -0.897036 0.203796 0.151605 0.595226 1.3856 
0.464392 -1.33247 0.708484 -1.02825 0.130463 0.164173 -0.507389 1.54716 0.0629569 0.315745 0.430823 1.33166 0.656262 0.217828 1.33641 -1.20604 0.329836 -1.05341 0.808176 -0.781065 1.38961 -0.597823 -1.0746 0.623559 -1.05998 2.61579 -0.433568 0.94102 -0.893955 -0.102493 0.157914 1.34223 -1.26735 0.462583 0.926366 0.577395 -0.0291636 -1.22383 0.732793 
0.263008 -0.93726 0.213957 -1.07987 0.148542 0.173717 -1.05985 1.49259 0.292729 0.513141 0.327685 0.304244 1.31207 -1.57452 1.70235 -0.726319 0.784039 1.19615 0.0700833 -1.54143 -1.15391 1.29908 -0.0324776 -0.592475 -2.50682 0.630823 -0.877345 2.10282 -0.156512 0.559225 -0.451218 0.0466417 -0.414954 -1.53388 -2.52715 -2.17543 -1.25309 -1.80262 1.17145 
-0.304176 -0.434031 0.320784 -0.531178 0.832957 0.200653 -1.30475 0.640764 0.948666 0.296766 0.0941724 -0.868099 1.17752 -1.61496 1.98754 0.964142 0.457341 0.338156 -0.743083 0.217213 -3.49453 -2.65621 -1.8514 -2.35789 -1.32879 -1.0271 -1.06352 2.17932 0.212101 -0.416846 -0.217153 -0.44031 0.753287 -2.15225 -2.49037 -1.37297 -1.35975 -1.88592 -0.297494 
-0.524993 0.11114 0.741021 -0.787604 0.349602 -0.170278 -0.945 -1.25208 -1.50371 -0.504913 -1.00761 -0.864511 0.487494 -0.117462 1.74247 1.05946 -1.37158 -1.54064 -0.651318 2.55799 -1.7961 -4.50577 -1.81216 -1.2895 0.00741441 -1.03103 -0.870834 2.04437 0.617218 -0.428167 -0.357398 -0.837177 1.43624 -2.01444 -2.19495 -1.33669 -1.64745 -1.1912 -0.996962 
-0.372544 0.485507 0.899429 -1.38547 -0.0640014 -0.100406 0.0242714 -0.769992 -2.10199 -0.699736 -0.636764 -0.867422 0.349748 0.228139 1.24408 0.000988937 -1.06082 -0.904802 -0.36491 1.72326 0.732844 -0.17026 0.0556454 0.0776985 -0.247931 -0.320158 -0.301666 1.65995 0.500256 -0.932353 -1.22514 -1.60952 1.15385 -0.740007 -3.02007 -1.26132 -1.0619 -0.0822748 -1.56001 
-0.427279 0.768621 0.746891 -1.44709 -0.175754 -0.337329 -0.0489569 -0.676648 -1.61438 -0.475489 -0.965164 -1.08731 0.236781 -0.367954 0.881832 -0.276794 0.057989 -0.400529 -1.4818 -0.999546 0.776145 0.617323 0.117977 -0.180197 -0.111331 -1.07858 0.137223 1.05557 -0.279962 -0.8848 -0.65681 -0.297132 1.02362 0.905486 -0.530433 -0.448999 0.256213 -0.0093526 -0.618565 
-0.561288 0.952518 0.754981 -1.34357 -0.294647 -0.79004 -0.492013 -0.160548 -1.67859 -0.636075 -0.740201 -0.97067 -0.516618 -0.0184797 0.425391 -0.43547 -0.185789 -0.136121 -0.0262863 -0.340996 0.496035 -0.51386 -0.655183 0.277077 0.240866 -0.514764 0.0240121 0.931413 -0.448241 -0.336714 -0.27625 -0.0880022 -0.0712866 0.0498919 1.01325 -0.0499474 -0.576502 0.638364 -0.363482 
-0.448081 0.995634 0.516579 -1.55801 -0.251873 -0.345939 -0.223649 -0.287198 -1.95805 -0.8365 -0.809933 -0.882319 -0.171904 0.39832 0.591484 -0.420202 -0.53267 -0.0375765 1.36818 0.900611 -0.716575 0.685379 -0.179769 -0.617632 0.964521 0.589026 0.383642 0.499221 -0.507252 0.0604881 -1.34786 1.31134 0.929633 -1.16684 0.863401 -0.959359 0.103019 2.0933 -1.12828 
-0.381793 1.26686 0.532931 -1.67195 -0.313175 -0.14619 -0.0226789 -0.723462 -1.20904 -0.735957 -1.09108 -0.132343 -0.0292919 0.618397 0.365127 -0.353586 0.270536 -1.99945 1.77 1.59612 -2.09933 1.6237 -0.632094 -0.134346 2.54468 -1.01029 1.32303 -0.155261 -1.35995 -0.0778454 -1.73643 2.77387 1.41145 -1.03076 1.21909 -0.575068 -0.328084 2.12657 -1.51664 
-0.162826 1.19096 0.330576 -1.38285 -1.41697 0.485924 0.606447 -1.9361 -0.852213 -1.18483 -0.887433 1.33894 -0.982836 1.68933 -0.834947 -1.69907 0.422585 -2.71349 2.31675 1.00631 -0.700736 0.88226 -0.589654 0.163652 1.86522 -2.63991 1.89213 -0.656701 -1.83411 -0.558622 -1.91949 2.9362 0.703944 -0.105092 2.10028 0.197079 -0.777096 2.13752 -2.63718 
0.418105 0.831187 -0.381159 -1.40147 -1.89558 0.941491 0.501483 -1.27394 -0.605982 -1.06098 -1.00001 1.49426 -2.16308 2.37053 -1.40079 -2.50538 -1.05776 -1.04159 2.13038 -0.646311 1.94709 1.07809 0.903183 -0.941137 0.2996 -2.55776 2.27097 -1.62815 -2.0253 -0.527131 -1.18298 3.24089 0.403471 0.264561 1.18766 -0.629356 -0.546315 1.20827 -1.58091 
0.964432 0.457762 -1.01984 -2.04041 -2.02227 1.48641 0.273387 -0.407021 -0.116358 -0.68988 -1.42131 1.59534 -3.04994 1.89958 -1.73545 -1.45815 -1.16545 0.839108 1.98805 -0.462992 1.05369 0.644923 -0.252925 -0.919698 -0.255106 0.502015 2.35084 -1.86662 -2.17805 -0.705904 0.443798 2.23149 -1.47849 1.18046 0.431705 0.0366025 -0.96057 0.192038 -0.323665 
1.31904 -0.0779798 -1.16488 -2.12655 -1.40175 1.87537 0.263512 -0.446517 -0.163865 -1.20104 -1.52177 1.26518 -1.74639 1.34487 -1.54636 -0.890138 0.063101 1.74406 0.834647 -1.35631 -0.342416 -0.523874 -0.848345 -0.388303 -0.0391905 2.12212 1.71653 -1.54431 -1.46447 -0.534863 1.35082 1.30047 -1.55633 0.763161 0.262698 -0.026944 -0.717147 0.272872 1.1075 
1.5988 -0.351981 -1.49618 -1.9953 -0.999561 1.88062 -0.42795 -0.676077 -0.466823 -1.15699 -1.64247 1.55522 -1.31811 0.811248 -0.702497 -0.824181 0.411696 1.30011 -0.258757 -1.64492 -0.0193169 -0.30823 0.222131 -0.0728062 0.622873 1.00008 1.0122 -1.06758 -0.870272 0.764349 1.65791 -0.0707142 -1.18647 0.366234 -0.302236 -0.845456 0.166995 0.590767 2.34232 
1.69697 -0.444014 -1.60553 -1.8629 -0.638496 1.75799 -0.587532 -0.461816 -0.368098 -1.08017 -1.56445 1.8045 -0.925386 0.250501 -0.138418 -0.465233 1.01298 0.881602 -0.92532 -0.251263 0.834319 0.13346 -0.285441 0.619587 0.829165 1.05187 0.521769 -0.385607 -0.7989 0.99903 1.25466 -1.04069 -1.30988 0.647203 -0.303036 -0.438628 0.371684 0.945887 1.24081 
1.70726 -0.42142 -1.7426 -1.3547 -0.480897 1.45136 -0.556097 -0.0209444 -0.371538 -1.31491 -1.29349 2.27509 -0.455066 0.00742275 0.0951228 -0.419848 0.99491 0.68678 -1.11935 -0.129597 0.89521 -0.0832147 -0.807693 0.587412 0.63875 0.682519 0.0924219 -0.0134995 -0.590262 0.898069 0.972899 -1.28932 -0.0530427 1.20174 -0.152866 -0.867147 0.318402 0.41495 1.05984 
1.68862 -0.390657 -1.82739 -1.23363 -0.233692 1.23794 -0.65257 0.241139 -0.419744 -1.52495 -1.23367 2.35772 -0.362167 -0.111793 0.118916 -0.453319 0.251435 0.658978 -0.782805 0.177008 0.799441 -0.331625 -0.877576 -0.178732 -0.272699 0.385695 -0.0494426 0.185699 -0.41624 0.856767 0.542729 -1.30315 0.650956 0.827316 -0.114498 -0.895695 0.450907 -0.121557 0.268482 
1.64161 -0.355553 -1.98257 -1.19152 -0.0923404 1.08878 -0.462098 0.606795 -0.591636 -1.79808 -1.3961 2.03061 -0.132796 -0.0933886 0.200079 -0.227227 0.211331 0.172398 -0.607126 1.00772 0.226836 -0.065568 -0.393793 0.0368506 -0.794839 -0.316414 -0.0785901 0.302683 -0.211595 0.429973 0.360213 -0.870048 0.25827 0.40328 0.0037844 -0.48346 0.166776 -1.33641 -0.352519 
1.63182 -0.282114 -1.94502 -1.09559 -0.129505 0.95756 -0.127678 0.419165 -0.459424 -1.74239 -1.21433 1.65627 -0.60984 -0.0203337 0.361102 0.125493 0.353701 -0.0889093 -0.368818 0.169884 -0.256908 0.33508 0.2316 0.409713 -1.49689 -0.860402 -0.235871 0.274153 -0.269364 0.0187492 -0.115493 -0.694287 0.412894 -0.0105002 -0.261305 -0.724681 -0.662741 -2.03313 -1.35079 
1.61992 -0.162342 -1.90933 -0.96423 -0.140868 0.919899 -0.371795 0.404896 -0.35963 -1.67201 -1.16584 0.714743 -0.822057 -0.287826 0.234867 -0.19072 -0.18537 -0.35586 -0.311211 -0.451649 -0.249802 -0.272166 -0.577242 -0.954048 -1.90009 -1.50992 -0.27701 0.161369 0.204891 0.535676 0.265861 0.226737 1.2741 0.472867 0.724037 0.525476 -0.263824 -1.59135 -1.53916 
1.48158 -0.155279 -2.04289 -1.20624 -0.334045 0.815635 -0.359766 0.222847 -0.639201 -2.06059 -1.75552 -0.0124757 -1.82635 -0.426035 -0.104338 0.196404 0.40031 0.509521 0.67295 1.55123 0.894543 0.595388 0.482024 -0.774749 -0.611286 -1.22097 -0.391858 0.0802839 0.256317 0.774824 -0.420306 -0.52761 -0.483375 0.397286 -0.79156 -0.0354894 -1.14948 -1.35441 -1.70826 
1.40327 -0.213863 -1.79772 -0.707719 0.160342 1.23846 0.435018 1.10733 0.0488963 -1.40839 -1.6056 0.17394 -1.80402 -0.340428 -0.106205 0.592841 1.2762 -0.310434 -0.385896 -0.204764 0.784143 -0.748042 0.534933 -0.636873 0.106605 -0.800414 -0.453312 0.262283 0.837188 0.880733 -0.0849756 -0.232181 -0.0946148 0.70035 -0.0933863 0.294635 -0.772718 -0.442172 -1.08692 
1.30607 -0.207781 -1.71675 -0.400632 -0.512038 0.638766 -0.463794 0.838572 -1.14168 -1.76791 -2.11728 0.0750116 -2.46691 -0.299545 0.52053 1.11188 0.839686 -0.644644 -0.977937 -1.68173 0.0539841 -0.716999 -0.0794719 -0.294674 0.0293765 -0.248088 -0.506406 0.462425 1.1657 1.25068 -0.14317 -0.247847 -0.837549 0.984825 -0.206012 1.02273 -0.502897 1.24649 -0.416013 
1.2474 0.0631753 -1.1907 -0.175761 -0.212971 0.784575 -0.435115 1.1496 -0.43253 -1.45318 -1.77379 0.193837 -1.99622 -0.469239 0.838592 1.22792 0.484834 0.0831307 0.0601164 -0.93078 0.553165 0.481474 0.848764 -0.0590762 1.55426 0.239739 -0.663313 0.796121 0.729768 0.962509 -0.717956 -0.784921 -2.48724 -0.111383 -1.35596 0.698296 -0.760843 0.265096 -0.01943 
1.06865 0.236495 -1.04694 -0.0911322 -0.460021 0.670583 -0.944409 1.27289 -0.810399 -1.30285 -2.1522 1.42947 -2.26313 -0.758617 0.739045 0.0288275 0.515484 -0.493136 -0.0606976 -1.68554 -0.214823 -1.02963 1.02598 -0.758312 0.328063 0.224371 -0.952577 1.02576 0.937493 0.656089 0.260084 0.674889 -0.727235 -0.428534 -0.599742 1.22664 0.333307 0.464065 1.2457 
0.870916 0.455109 -1.16977 0.152954 -0.497738 0.759864 -1.30722 0.980752 -1.12595 -0.890781 -2.20425 0.475142 -1.80491 -1.04704 0.783773 0.236839 0.438769 0.32833 0.838844 -0.0555311 -1.14744 -1.2548 0.809724 0.520561 -0.932563 1.44948 -1.45775 1.2165 0.715074 0.168204 0.30488 0.238006 -0.0896375 -1.81157 -0.435266 1.31945 0.0717541 0.605485 1.42384 
0.553568 0.651947 -0.913446 0.189489 -0.264703 1.06676 -0.971029 0.37158 -1.65652 -0.859234 -1.85924 0.60749 -1.07732 -1.55771 1.18467 1.08896 -0.279028 0.975555 0.379786 1.56178 -2.2696 0.467994 0.757574 0.857768 0.48146 1.70604 -1.42554 1.23308 0.651366 0.210836 0.410822 0.0677652 0.638874 -2.66425 0.0370666 1.187 0.0101217 -1.29804 2.00852 
0.110426 1.08135 -0.575162 -0.0164166 0.0758339 0.941252 -0.494943 -0.801885 -0.803817 -0.47581 -1.72054 0.890699 -0.410837 -1.21828 1.16613 0.781563 -0.142268 0.321905 -0.745715 0.91731 -2.50231 1.30109 0.795344 -0.506414 -0.786054 1.27257 -1.39554 1.15117 1.14682 -0.276438 0.882555 0.250489 1.7624 -2.4734 0.475016 0.972223 0.133597 -0.931158 1.47967 
-0.0438088 1.26844 -0.485181 0.105854 -0.0731407 0.721535 -0.493034 -1.59382 -0.769442 -0.423517 -2.14721 -0.0862677 -0.0351225 -0.660091 0.635828 0.702363 -0.110758 0.421917 -0.0441287 0.819921 -1.11932 0.141967 0.558067 -0.672713 -1.71281 0.299969 -1.11151 1.01395 1.00998 -0.548787 0.542835 -0.842063 0.916888 -1.47175 1.34837 0.197309 -0.378826 -1.69048 1.05874 
-0.218707 1.41902 -0.189755 -0.0802972 0.325846 0.924293 -0.0674625 -1.68111 -0.702764 -0.170422 -2.10258 -0.614147 -0.158156 -0.549698 0.437587 0.796278 -0.631099 0.537442 -0.368764 0.320569 0.482306 0.432937 -0.523944 -0.0178015 -1.45377 0.16351 -0.602333 0.603334 0.760195 -0.0697706 0.535749 -0.325452 0.478999 0.060918 0.408127 -0.481707 -0.662536 -1.93851 0.257388 
-0.319891 1.50187 -0.0489534 -0.284231 0.244387 0.552682 -0.324569 -1.21515 -0.471077 -0.712443 -2.15878 -1.36441 0.106787 -0.301496 0.319175 0.485815 0.0120459 0.426206 -0.384656 -0.174424 1.19395 0.381903 -1.20168 -0.244202 -0.856443 0.051115 -0.626968 0.198122 0.578241 -0.467431 0.704636 -0.0247678 -0.211582 0.346663 -0.0131482 -1.3008 -0.51481 -1.77589 -0.097082 
-0.375514 1.59018 0.0784703 -0.0671913 0.578365 0.748004 -0.155753 -0.743521 -0.439006 -0.831607 -2.24222 -1.36951 -0.107484 -0.450903 -0.122758 0.108048 -0.0276852 0.578202 0.339075 -0.609297 -0.0171496 -0.451276 -1.22344 -0.694637 -0.899493 -0.292365 -0.555762 0.0408079 0.281823 -0.327069 0.572282 0.14047 -0.442629 0.503388 0.237349 -0.500408 0.796175 -1.03857 -0.122756 
-0.548497 1.44067 0.01485 -0.296033 0.585737 0.715021 -0.63843 -1.22875 -0.772312 -1.38558 -2.55322 -2.15745 -0.121365 -0.586335 -0.252878 -0.0439038 -0.473142 0.479786 0.574286 -0.426869 -0.514607 -0.0778347 0.532866 1.34637 -0.517569 -0.214731 -0.78871 0.00600717 -0.36289 -0.352728 0.573781 0.776499 0.0192894 0.312459 0.263535 1.19363 1.56362 1.26248 -0.0118309 
-0.669202 1.46056 0.0600473 -0.358252 0.862197 1.0204 -0.374987 -1.14781 -0.487004 -0.540061 -1.48212 -1.82829 -0.272615 -0.805852 0.134075 -0.671897 -0.46955 0.330164 0.694752 0.632894 0.43556 0.789046 2.83744 2.85907 2.58159 0.278937 -0.589751 -0.461634 -0.292351 -0.499398 0.0398818 0.357369 -0.598827 -0.0348743 -0.216845 0.929179 1.61233 0.792873 -1.03003 
-0.947677 1.5145 -0.343401 -0.584842 0.782126 1.04378 -0.307962 -0.886795 -0.232463 0.171794 -0.937428 0.0961214 0.114244 -0.355326 -0.474607 -0.409904 -0.230665 -0.417131 -0.0967677 -0.38573 0.45833 -0.202675 0.72477 0.885486 1.57597 -1.17731 1.44946 -2.41729 -0.048787 0.725556 -0.181977 1.51889 1.35333 2.45881 0.636358 0.08374 2.87014 1.58152 0.667044 
-0.851878 1.21435 -0.156431 -0.497303 0.621848 0.97881 -0.572882 -0.787975 -0.619658 -0.143107 -0.982726 -0.454833 -1.21913 3.09372 -3.9512 0.598053 1.49099 -0.618938 1.32445 1.19541 2.91619 0.0285733 -2.71908 1.11378 -0.475755 0.626805 1.71593 -2.99303 0.468059 0.820388 0.060606 1.1692 0.995849 2.72256 0.480482 -0.915409 3.31325 0.796502 -0.360623 
0.527116 -0.559714 -0.01444 0.355423 0.423836 1.66717 0.314287 1.4034 -0.208304 -1.32285 -0.308894 -0.326067 0.632236 3.06522 -4.2521 1.14234 1.38567 0.512614 1.65183 1.73043 3.25388 0.819672 -1.95282 3.7007 -0.51275 0.691628 1.84759 -3.33246 0.86314 0.94298 -0.0229615 0.747133 -0.0222731 2.30133 -0.32448 -2.40178 2.1386 -0.813509 -0.553726 
0.609215 -1.01808 0.467065 0.376935 0.924866 1.75538 0.32688 1.76744 -0.0590415 -1.21687 1.10916 -0.909398 -0.648512 -0.17533 -1.31175 0.750719 -0.163325 0.582048 -0.3296 -1.22804 0.220343 -0.447617 -0.511937 1.8465 -0.599341 -1.37394 1.33806 -2.24436 0.218743 1.04782 0.515287 0.23781 -0.45673 2.15312 0.950068 -2.54637 1.01611 0.0835591 1.44648 
0.430939 -1.2461 0.397134 0.258588 0.767432 1.51664 -0.320519 1.57633 -0.507058 -1.60518 0.734118 -0.856416 -0.473891 -0.953776 0.70818 -0.79884 0.0896533 0.303096 -1.333 -2.3508 -0.319907 0.401713 -1.47305 -2.29411 0.629084 1.26943 -0.467319 0.433512 -0.550111 -0.433261 0.384749 -0.655693 -1.9895 -0.69355 -0.0758698 -1.12249 -0.51662 0.635398 0.139974 
0.13895 -0.642377 0.040121 0.438694 1.10544 1.13537 -0.890302 1.51606 0.21815 -2.02711 -0.190062 -0.364644 0.391141 -0.572434 1.99846 -1.60663 -0.447334 0.0268857 -0.537511 -1.46587 -1.17681 0.348551 -0.995167 -2.56144 1.44859 1.56605 -0.332321 2.09099 -1.0582 -1.20958 -1.4418 -1.23581 -2.24511 -2.51093 -0.52833 -0.758054 -3.34758 0.619686 1.84854 
0.143931 -0.191958 -0.466935 -0.0162943 0.786578 1.26883 -1.07869 0.651957 -0.265916 -2.15294 -0.716326 0.405564 0.806541 0.419811 2.5971 -0.849696 -1.7937 -2.58747 -0.304097 -0.688908 -3.1203 -1.08313 0.457042 -2.33932 0.1993 1.23601 0.0310147 2.24532 -1.57604 -0.908144 -0.731706 0.16928 -1.63046 -3.2923 0.069777 -0.312519 -2.20597 0.665194 2.49795 
0.328772 0.726527 -0.414343 -0.680234 -0.403313 0.996769 -1.24546 -0.934703 -0.511553 -1.77721 -1.51486 -0.19603 1.40366 0.61389 1.55062 -0.849744 -0.832159 -1.18645 0.765381 -0.742334 -3.33127 -0.26016 0.579543 -0.491824 -0.559768 1.81867 0.550502 1.19579 -1.45693 -0.304425 -1.15951 0.816145 -1.51992 -3.07493 -0.0367369 0.199897 -1.46372 0.33737 1.7344 
0.427019 0.626706 -0.921425 -0.532425 0.0966225 1.63064 -1.46155 -1.9645 -0.437552 -1.83575 -0.996041 -0.0901508 2.29204 0.444364 -0.70611 -1.42087 1.3645 0.75025 1.39055 -1.36975 -1.09071 1.03443 -0.182155 0.313449 0.254129 1.11489 0.580863 0.422467 -0.803165 0.0434687 -1.35216 0.382443 -0.791633 -1.79373 0.960013 -0.0452278 -0.74854 -1.35993 1.19828 
0.530395 0.358593 -1.17789 0.180732 0.0385855 1.65109 -1.95377 -1.79145 0.194693 -1.8784 -1.33905 0.0205681 2.31786 0.298369 -0.881361 -0.400939 0.892935 -0.955931 -0.254582 -0.331095 0.871235 1.49434 -0.634976 -0.544134 -1.24105 -0.193651 0.432925 -0.429325 -0.70318 0.370563 -0.743691 0.0487655 -0.187488 -0.390696 2.0453 0.39356 0.976382 -0.903022 -0.499233 
0.558482 0.166624 -1.13305 0.0329153 -0.458615 1.51521 -1.63111 -1.28037 0.580572 -2.18566 -1.30535 -1.18212 2.14402 0.233603 0.0296676 0.326169 -0.843036 -1.92879 -1.32263 1.11362 0.54814 1.5966 0.718015 1.03815 -1.44811 -1.78824 0.419766 -0.131613 0.151179 -0.0716724 -1.31848 -1.49516 -0.677078 0.698732 2.18024 1.07838 0.630648 -1.45271 -0.954185 
0.630734 0.377533 -0.996055 -0.342218 -1.08522 1.03592 -1.37395 -1.36108 1.28216 -1.48516 -0.753299 -1.25261 0.875419 0.358758 0.675258 0.639044 -0.994326 -1.1331 -1.72675 -0.587362 0.0750804 1.31035 2.09367 1.41718 -0.682993 -1.09569 0.21914 0.531668 0.767404 -0.720966 -1.36338 -1.67373 -0.29461 -0.106677 1.73792 1.55664 1.14761 -1.36638 -0.954048 
0.718966 0.525018 -0.781909 -0.584879 -1.11739 0.710965 -1.93359 -1.22153 1.47393 -1.03682 -0.505188 -1.78568 1.26377 0.105789 0.812113 0.873253 -0.172833 -0.231356 -0.895707 -1.51467 -0.702546 0.638804 1.38516 0.550455 -0.361276 0.499087 0.143236 0.872237 0.657317 -0.457466 -0.582083 -1.11526 -0.0101477 -0.454586 1.48771 2.85041 1.72729 -0.429107 -1.79004 
0.669651 0.807886 -0.518174 -0.445013 -1.217 0.620515 -2.15742 -1.91298 1.72012 -0.725475 -0.443425 -1.57461 1.28974 -0.139576 0.704569 0.388642 0.349576 0.210544 0.249661 0.571136 -0.704962 0.603014 1.75295 0.973787 0.118435 -1.32536 0.0653971 0.682398 0.531731 0.120643 0.30898 -0.169703 -0.19256 -0.482702 0.52745 1.01026 0.672999 -0.117651 -0.476571 
0.639971 0.898825 -0.566267 -0.360174 -0.990913 0.831469 -1.63516 -1.77532 1.88762 -0.0751226 0.0441538 -1.68784 0.197071 -0.00988132 0.267798 -0.0414831 0.342303 0.720271 0.673647 1.25167 0.0342394 0.0386433 -0.0182647 0.381216 0.210375 -1.14176 -0.105152 0.593433 0.277203 0.316574 0.320987 0.300181 0.588082 -1.18054 0.374915 0.324497 -0.442785 0.344037 -0.254706 
0.652981 0.952036 -0.535287 -0.224867 -0.792617 0.939399 -1.50599 -1.88621 1.75111 -0.736648 -0.229285 -1.39631 0.372084 -0.0346189 0.23479 0.046062 0.0958468 0.29739 0.151953 0.22193 -0.917057 -0.121889 -1.31015 -1.58653 0.343849 0.983092 -0.0600906 0.184659 -0.0546998 0.210677 0.727911 0.37893 0.851045 -1.10057 -0.583738 0.0273434 -0.592997 0.0254756 -0.151364 
0.611413 1.02562 -0.536006 -0.294532 -0.813677 0.906255 -1.51786 -2.49569 1.80975 -0.795888 -0.854809 -1.39271 1.00428 -0.0929478 0.0257612 -0.0415854 -0.0460269 0.432241 -0.167511 -0.102866 -1.54697 -0.79137 0.060626 -1.20188 -0.171184 0.939405 -0.0610249 -0.0632391 -0.0781991 0.446978 0.827019 0.0604258 0.452254 -0.590697 -0.919344 -0.613311 -1.65858 -0.0761343 1.09186 
0.596394 0.968923 -0.552455 -0.248167 -0.536572 0.864711 -1.55717 -3.10131 1.21925 -0.704488 -0.910659 -1.55194 1.14383 -0.06969 -0.332872 -0.16579 0.533239 1.01211 -0.0685651 0.387386 0.101158 -1.06279 0.489195 -0.709054 -0.439609 0.497835 -0.169842 0.116662 -0.0670946 -0.207883 0.308336 -0.044332 -0.693206 -0.266117 -0.193202 0.869161 -1.03613 0.204137 1.13106 
0.566003 0.853935 -0.620386 0.0453128 -0.21874 0.877863 -1.31474 -2.41637 1.09384 -0.528329 -1.25741 -1.78327 1.41758 -0.183696 0.160372 -0.0608193 -0.247206 0.0556524 0.111855 -0.83741 1.17466 0.541289 1.11613 -0.232148 0.447661 0.594593 -0.229318 -0.160703 0.227923 -0.365059 1.06527 0.318521 -0.385068 1.36626 -0.840433 1.25694 -0.496808 -0.00998117 0.723781 
0.496196 1.05659 -0.580032 -0.397588 -0.500614 0.920736 -1.98935 -2.17887 1.59109 -0.0925716 -1.04348 -1.16596 1.63568 -0.301147 0.0808114 0.523616 -1.04784 0.674779 0.49452 -0.910808 1.75745 -0.0203244 1.21012 0.0215328 0.431709 0.484728 -0.669377 0.189064 0.120034 -0.296164 0.91197 0.623475 -0.658815 1.40243 -0.879159 0.35989 -1.65383 -0.0274108 0.889559 
0.409363 0.899767 -0.331705 -0.606031 0.179051 1.11293 -1.78499 -1.03623 1.08484 0.135213 -1.24673 -1.41125 1.82024 -0.884069 0.140145 0.250337 -0.170363 1.38841 0.718865 -0.0563415 0.733375 -1.67424 -0.625647 -2.05687 -0.47871 0.612426 -0.828642 0.0755211 1.18493 -1.29454 1.21464 -0.520862 0.127475 1.28235 -1.11477 0.709037 -0.854506 0.862266 -0.403152 
0.0594291 1.13362 -0.439231 -0.498835 0.314243 1.26078 -2.01639 -1.60302 0.460543 -0.43736 -2.2085 -1.59074 2.142 -1.01885 0.0403263 1.32715 -0.775858 1.24872 -1.18267 1.08076 -0.013522 -1.41588 -0.24914 -1.20416 0.718854 -1.02799 -0.632954 -1.33329 2.177 -1.12203 1.64414 -1.59167 0.376226 1.15048 -2.76991 -0.0927283 -0.784933 0.330017 -1.08007 
-0.0921732 0.924312 0.391798 -1.08687 0.912267 0.563259 -1.22221 -1.04698 0.129494 -0.00277197 -1.9294 -0.787933 0.994943 -0.126012 -2.24472 3.14807 -1.41038 1.21543 -2.82829 0.562806 0.830324 -1.89224 0.506205 0.970535 0.922374 -2.07221 -0.46025 -2.05119 2.12254 -1.5816 0.876051 -1.94357 0.678751 0.878629 -0.69866 0.117926 1.15706 1.03076 -1.0335 
-0.0130478 -0.0433229 1.26963 -1.37746 1.02801 -0.0588741 -1.72228 -0.951026 -0.817833 -0.160458 -1.661 -0.789295 0.46904 0.282281 -3.27906 1.9863 -1.45215 0.138452 -1.39383 -0.165036 1.2057 0.515238 0.413567 2.80585 0.65549 -0.368742 -0.0559822 -2.12456 1.87408 -1.17223 0.872363 -2.79795 0.510141 1.00383 -0.560123 0.0097397 2.90331 1.28125 -1.97861 
0.0315584 -0.796491 1.47199 -1.99167 0.996615 -0.0852154 -1.30564 -0.100173 0.483669 0.223247 -0.343707 -0.220067 0.704792 0.0296895 -1.10994 -0.222214 -0.24106 0.165896 -0.882224 0.12482 0.53296 1.16991 -0.487565 3.04824 0.784658 -0.604157 0.0842125 -2.0655 0.777855 0.483285 0.476298 -1.84328 -0.686949 0.287008 0.791247 -0.929667 2.06709 -0.0634457 -0.681678 
-0.010701 -0.623592 1.15472 -1.52302 1.12839 -0.467972 -1.65535 -0.532576 -0.0197167 -0.429402 0.0618024 -0.108384 -0.0122114 -0.156575 0.0177198 -0.770574 2.13237 0.615497 -1.04955 -0.766774 -0.822069 0.501734 -1.66083 0.0554663 -0.734399 -0.551633 0.154966 -0.875189 -0.150209 1.39371 0.0505168 -0.827589 0.408672 0.0897317 1.10887 -0.464965 2.3213 -0.0582619 0.380388 
-0.0556059 -0.783833 1.06034 -0.649322 1.35976 -0.572606 -1.70118 -0.74594 0.828686 -0.690136 -0.313835 -0.868617 0.266177 0.208069 -0.270901 -0.00984929 2.20354 -0.0863944 -0.213044 0.425537 -0.418943 0.255866 -0.133487 0.164939 -0.856682 1.12178 0.0793649 -0.399034 -0.98948 2.09233 0.114689 -1.09039 0.604055 0.0363091 -0.69577 -1.34 0.343178 -0.662445 -1.0054 
0.0773676 -0.762692 1.15472 -0.136057 1.08134 -0.563965 -1.43244 -0.861735 0.158573 -0.503863 0.1536 -0.863955 0.907581 0.274604 -0.646307 -0.770763 0.814061 -0.434345 -0.394532 1.58145 0.863075 -1.39865 -0.139386 0.419682 -0.140062 -0.807055 0.203564 -0.778576 -0.807705 1.95643 0.289296 -0.837157 0.258624 -0.429589 -0.274691 0.557834 0.782544 -0.579621 -0.352645 
0.0644364 -1.12032 0.648588 -0.133429 1.10935 -0.753517 -0.878693 -0.0682228 -0.114982 -0.767836 -0.0779365 -0.997011 -0.379779 0.106655 -0.957304 -1.24792 0.551495 0.544128 -0.894923 -0.0781654 -0.176776 -0.610828 0.890714 0.91836 0.0922221 -1.59666 0.226176 -0.720422 -0.975449 1.17478 -0.0525198 -0.594507 1.36817 -0.057127 -1.68957 1.08671 1.27553 0.335774 -1.12665 
0.116701 -1.26271 0.484766 0.215233 1.40277 -0.979005 -1.4708 -1.0007 -0.250857 -0.0157617 0.671588 -0.789055 -0.37934 0.0759312 -0.490024 -0.748685 0.840082 0.350634 -0.391367 0.266929 -0.949764 -0.777351 1.6093 1.34598 0.591372 -0.715795 -0.0556383 -0.934993 -1.09258 0.917694 0.558382 0.153597 1.53243 0.991471 0.190471 0.881142 -0.0243674 -1.37526 -2.02837 
0.089005 -1.37464 0.248784 0.398778 1.3177 -0.932946 -0.738052 -0.81428 -0.637334 0.114961 0.681944 -0.48526 -0.951653 -0.202433 -0.518016 -0.454257 0.740556 0.339846 1.10198 2.14876 1.52317 0.854561 0.302189 -0.951951 -1.91341 -1.14709 0.0947301 -0.676906 -0.897546 0.217667 0.195976 -0.21813 0.371669 0.0185825 -0.818003 0.367654 0.844784 -0.396132 0.157236 
0.00749918 -1.53174 0.244287 0.685046 1.60482 -0.459709 -0.354048 0.195444 0.333419 0.149081 0.131591 -2.46946 -1.30132 0.0664315 -0.577558 -0.649234 -0.533961 -0.0407219 0.10503 0.23337 0.966545 -0.27689 -1.10835 -0.176532 -1.11213 0.931278 0.0266303 -0.396266 -0.546949 -0.534911 -0.0688238 0.59802 1.52368 1.11332 -1.55697 -0.421857 0.736294 0.384265 0.846271 
0.109008 -1.67498 -0.0972034 0.0695887 1.29734 -0.880115 -0.614818 -0.0552994 -0.820314 -0.494961 0.580581 -1.4644 -0.186502 0.236945 -0.106198 -0.396727 -1.49438 -0.449384 -0.305043 -0.0900009 -0.0102546 -2.8599 -0.865151 1.97123 2.42912 2.2955 -0.212733 0.0520982 0.195121 -0.609816 -0.13894 0.199174 -0.272945 0.0936413 -0.530399 0.469467 1.13635 0.32147 1.68248 
0.109444 -1.58424 0.0349399 -0.246236 1.34562 -0.598748 -0.398548 0.187262 -1.60114 -0.327259 1.24516 -0.349333 0.571248 -0.411003 0.661691 0.955889 -0.325362 -0.179882 0.162518 -0.605112 -0.847184 -0.407186 1.7465 1.74956 1.54445 1.34932 -0.438666 0.00922145 0.382634 -1.03386 -0.358922 -0.37255 0.306079 -0.123464 -1.46101 0.350165 1.444 2.06834 2.0798 
-0.100423 -1.32372 0.425395 -0.128828 1.19564 -0.800385 -0.926507 -0.720792 -1.09165 0.463195 1.56876 -0.11853 0.918 -0.93933 0.122592 0.995904 0.0378259 -0.119677 -0.186254 0.50157 -0.167094 0.978065 1.34253 0.0276218 0.323278 0.523062 -0.294865 1.54737 1.11273 -0.400595 -1.30492 -0.149004 0.28108 -0.4708 0.358092 1.02327 -0.145461 1.34349 0.38234 
-0.353879 -1.51644 0.579192 -0.216968 1.27911 -0.682206 -0.136198 0.0559013 -0.933118 0.409011 1.25928 -0.0722162 1.00503 -0.0636417 1.78475 0.782248 -0.239289 -1.88766 -0.357104 0.982862 0.195143 0.866658 -0.362063 -1.95076 0.245244 -0.829057 1.0821 1.40197 -0.178546 1.61424 -2.37676 -0.830941 -0.21113 -0.252 0.0649681 1.1243 -1.68566 0.482705 -0.447804 
-0.142928 -0.381949 0.854031 -0.273286 0.0958788 -0.963783 -0.414509 -0.567658 -0.499172 0.263185 0.463759 0.0902929 0.254184 2.64541 2.09413 -1.27217 2.23526 -3.6457 -0.913463 -0.789687 -0.185921 -0.895863 0.178039 -2.3607 0.323176 -1.12678 1.58926 0.838457 -1.04279 1.19213 -2.47608 0.310485 0.201726 0.269552 -0.478512 0.280526 -2.99891 0.546194 -1.64121 
0.905473 -0.411992 -0.103889 1.18988 -0.848093 -1.10592 -0.543627 -0.0902457 -1.53583 0.505662 -0.0776061 0.204812 0.0995298 2.57291 -0.45829 -2.40674 1.91786 -2.03503 0.772394 -0.712463 0.164627 -1.48395 0.745603 -2.20006 0.485532 -1.39049 1.99032 0.735908 -1.09642 1.68189 -2.72199 0.256535 -0.688707 -0.464764 -1.56757 0.219956 -2.02616 0.46045 -2.12135 
1.08158 -0.619579 -0.443004 0.934587 -1.09001 -0.598696 -0.781882 -0.43849 -1.50068 0.671581 -0.782257 0.509413 -0.86538 0.499029 -0.929685 -0.435988 0.133109 -0.666533 1.25715 -0.144501 -0.457871 -1.12313 0.123878 -0.443679 0.29372 -1.74286 1.74211 -0.604379 -0.959469 1.99121 -1.99655 0.461068 0.287691 0.393145 -1.04511 0.444311 -0.529493 0.459182 -1.60728 
1.13336 -0.897483 -0.334482 1.27888 -1.2342 -0.514021 -0.616397 -0.449978 -2.29266 0.572565 -0.330087 0.45606 -1.30607 0.178432 -0.494711 0.912224 0.886151 -1.12808 -0.157237 1.09916 0.364054 0.137412 -0.141355 1.46729 0.12968 -0.783122 0.441223 -0.370011 0.278593 0.464291 -1.36242 0.433465 0.421121 0.317897 0.684299 0.196299 0.174121 0.558129 -1.08626 
1.15541 -0.876359 0.0559658 1.49567 -1.74585 -0.668577 -0.209562 -0.152696 -1.40272 0.592799 0.0462474 0.617095 -1.49191 0.192081 0.34695 0.872859 0.520362 -1.49209 -0.678626 0.7117 0.883713 2.00245 0.146161 0.684827 0.452908 0.274699 0.104547 -0.0875072 0.521175 0.956588 -1.36724 -0.442232 0.676669 -0.393924 0.147827 -0.172084 1.35558 -0.0532974 0.310724 
1.21375 -0.711714 0.143186 1.61065 -2.10278 -0.827857 -0.245051 0.243948 -0.929985 0.651706 0.0557972 0.846628 -1.07391 -0.0205226 0.358289 -0.0969211 0.46068 -1.03818 -0.42655 -0.186249 -0.911031 0.0514353 -0.0850234 0.409169 -0.19511 1.20642 -0.21665 0.475113 0.695789 0.907509 -0.651087 0.0375599 1.29613 -0.364651 1.1235 -0.0922457 1.06149 -0.297423 0.913173 
1.13363 -0.684628 0.00885333 1.79003 -2.34916 -0.864468 -0.303986 -0.868333 -1.36306 0.544958 0.276199 0.440525 -0.503407 -0.542855 0.405482 0.214843 0.757345 0.460233 0.731664 1.03922 -1.39068 -0.557839 -0.264953 0.784582 -0.84257 0.964293 -0.787575 0.782375 0.406131 0.962632 0.0209616 -0.492178 -0.0690592 -0.942452 -0.12796 0.729567 0.560818 -1.83887 0.528521 
0.940955 -0.495169 0.26478 2.09099 -1.83038 -0.481827 0.296178 -0.8484 -1.30348 0.505036 0.498111 0.103407 -0.281955 -1.23443 0.87957 0.732754 0.894664 1.07087 -0.223529 0.0903266 -0.385599 -0.217545 1.07367 0.367227 -2.24181 -0.488232 -1.73811 1.44556 0.6766 0.340573 0.623391 -0.523163 -0.244233 -0.864527 -0.614367 0.519002 0.128502 -2.53851 0.450682 
0.52849 -0.218805 0.410706 2.35646 -1.71988 -0.965367 -0.254949 -1.1713 -1.50579 1.13355 0.482426 -1.52729 -0.890555 -2.21749 1.88011 0.842925 -0.278122 0.526716 -1.42287 -1.37212 0.20055 -0.234309 0.969852 -0.606578 -2.52356 -0.351496 -2.0643 1.11556 0.584358 -0.759307 0.937551 0.175181 -0.110705 -0.168204 0.166493 0.840411 0.725625 -0.976811 0.550426 
-0.136596 0.49674 0.72625 1.92219 -1.51912 -1.14389 -0.41336 -0.691019 -1.45759 1.0366 0.153482 -2.111 -0.558106 -2.04249 0.884672 0.181116 -1.96453 0.413718 0.459231 -0.242588 0.147104 0.430417 0.0643463 0.637286 0.949826 1.23608 -2.03457 1.21816 0.309517 -1.31823 0.246861 -1.09282 -0.597128 0.419107 0.141051 1.37751 0.510745 -1.1108 0.419734 
-0.464965 0.2497 0.514049 1.13043 -1.47466 -0.746807 -0.378597 -1.0559 -1.20914 1.16775 0.841418 -0.701829 0.122021 -1.01237 0.0462186 -0.357811 -1.57894 -0.136201 -0.0244371 0.561818 0.363612 0.414435 0.891931 1.31367 1.05363 0.92239 -1.8726 0.60363 -0.218535 -1.88195 0.261356 -0.137972 -0.930636 0.783863 0.453992 0.75226 0.692894 -0.138728 0.867635 
-0.635017 0.524383 0.537961 0.937897 -1.59528 -1.15164 -0.119759 -0.405572 -1.17177 1.52537 0.895083 -1.19469 0.199831 -0.930847 0.0707963 -0.519769 -0.686494 -0.000242794 -0.639174 -1.01889 0.915557 0.152485 0.954881 0.321923 -1.12872 -0.0587427 -1.14897 0.0205407 -0.628523 -1.20547 -0.0623895 0.142134 0.0883512 0.0324269 0.858327 0.741011 1.34148 0.661451 0.781427 
-0.924212 0.290266 0.238119 0.705621 -1.47137 -1.04218 -0.904912 -0.336962 -1.10095 1.6911 1.02202 -1.69549 0.0835145 -0.814934 -0.0119416 -0.620429 -0.119317 0.036856 0.216276 -0.444794 -0.327911 0.688874 0.112139 0.543283 -0.169773 0.138223 -0.85903 0.0710135 0.232438 -0.597776 0.426806 -0.645279 0.712248 0.827277 0.585574 0.529928 0.183774 0.13536 -0.138602 
-1.03856 0.521446 0.207561 0.868651 -1.57031 -1.04675 -0.348291 -0.663236 -0.699849 1.58583 1.2009 -1.34908 0.321213 -0.437275 0.0432202 0.884639 -0.15587 0.675796 -0.214115 1.97993 0.206436 0.599772 -0.235258 -0.0674142 1.31385 -0.126329 -0.728449 -0.270224 -0.143801 -0.849267 0.430342 -0.171392 -0.675327 0.111826 1.21072 0.00641594 0.062829 -0.111821 0.118405 
-1.14627 0.316333 0.722162 0.613459 -1.07299 -1.13868 0.124266 -0.174959 -0.689453 1.56074 0.982379 -0.551427 -0.00985585 -0.346385 -0.413146 0.398361 -1.07725 0.644299 -0.440578 -0.471295 0.472124 0.867982 -0.0979784 -0.456181 0.026616 0.0246836 -0.149876 0.195776 0.0595722 -1.95366 1.20127 0.14336 1.22544 -1.54147 2.512 -0.826186 0.179195 0.385151 1.21017 
-1.21694 0.307553 0.428462 0.198869 -1.19033 -1.24921 -0.590569 -0.292565 -0.106472 1.53087 0.941347 -1.3316 0.350428 0.192251 0.267901 -0.789442 -2.59615 1.22654 0.407581 -0.324637 -2.32172 2.63192 -0.872561 0.315585 -0.796965 1.76744 0.334008 -0.585615 0.61274 -2.50123 1.96197 -0.763242 -0.0285331 -1.04325 1.37426 -0.683562 0.393692 1.04023 1.23538 
-1.0658 0.460537 0.300303 -1.00853 -0.352734 -0.944285 -0.0419403 -1.99853 1.10008 1.08033 1.15939 -1.25473 1.43406 0.867695 -0.510211 0.559784 -2.44597 2.46299 -0.569283 0.430196 -1.90651 0.899365 -0.817647 1.00125 1.36031 1.65056 0.201012 -1.36591 0.65209 -2.2764 1.41706 -0.47231 -0.44041 -0.612466 2.02067 0.717281 0.947957 0.219552 0.40641 
-0.811883 0.0426232 0.736715 -1.32897 0.252537 -1.51188 -0.365241 -1.79004 0.508186 1.08062 1.50622 -0.146882 1.69946 0.118432 -2.424 1.80897 -0.610414 1.0176 -1.03129 -0.273653 1.47607 -0.0326004 1.84465 0.99667 1.09392 -1.21458 0.347799 -1.49338 1.37654 -2.31127 1.79639 -0.304179 -0.025987 -0.611872 -0.164625 -0.736112 0.274287 1.45363 0.510245 
-1.02081 -0.810671 1.28453 -1.38565 0.245411 -1.42313 -0.181701 -0.839375 1.08276 2.0924 1.72168 -0.303163 0.457286 -0.324544 -1.84728 1.5899 -0.809721 0.382013 0.168733 -0.46785 1.06167 -1.11267 -0.168793 -0.621456 0.575668 -0.957118 0.216478 -2.16416 1.7962 -1.02531 0.796565 -0.433655 -0.695213 2.16058 -0.969638 0.173405 0.0701563 1.36583 -0.748791 
-0.979766 -0.92534 1.6024 -1.83103 0.479228 -1.42924 -0.605732 -0.956344 -0.241549 0.986771 1.15318 0.351125 0.931693 0.216745 -0.993208 0.995379 -0.834095 0.243659 0.458888 -0.669338 1.4681 -1.21681 -1.60546 -0.899426 0.725445 0.203338 0.0378429 -2.04388 1.02945 -0.302037 0.2341 0.0100047 -0.0373001 1.57714 -0.0496025 -0.0305876 -0.397335 1.39858 -0.176111 
-0.928572 -1.32956 1.8285 -1.90299 0.391245 -1.20473 -0.526705 0.313521 0.262406 1.20943 1.21139 0.325927 0.631526 0.376813 -1.37992 0.0183162 0.38388 -0.0117114 -0.152269 0.414892 1.08514 1.04741 0.133089 0.0716209 1.2872 0.721262 0.363207 -1.04705 0.207602 0.120907 0.620071 0.425863 -0.17305 1.13526 -0.397219 -1.35909 -0.562954 1.82232 0.470712 
-0.810606 -1.64757 1.61765 -1.58482 0.475817 -1.4968 -0.388343 -0.104221 0.473499 1.05873 1.19219 1.47186 1.52636 0.350809 -0.659145 -0.669253 1.00394 0.738032 0.109542 0.432735 0.0748034 0.704141 -0.220473 0.120348 1.7002 0.436579 0.26114 -1.10433 -0.192168 0.301425 0.022983 0.411142 0.326939 1.15886 0.645177 -0.366961 0.230563 1.76918 0.422611 
-0.771908 -1.6728 1.47168 -1.26806 0.826003 -1.14979 -0.30006 0.372142 0.744679 1.08719 1.27797 1.80811 0.995101 0.0290948 -0.36293 -0.315836 0.040207 0.0475985 0.70116 0.0248975 0.490013 -0.218437 -0.622075 0.247651 1.06787 -0.146472 0.128816 -0.580932 -0.302373 0.88611 0.58829 0.168055 0.666587 0.307226 -0.200457 -0.318906 0.0332647 1.48876 0.161611 
-0.808545 -1.83506 1.45207 -1.55406 0.507068 -1.16504 -0.373244 0.2805 0.330156 0.715905 1.33077 2.40063 1.41664 -0.154465 -0.256812 0.199812 0.24363 0.193317 0.116702 0.466534 0.336455 -0.963559 -0.203757 -0.0741675 0.28244 -0.215173 -0.0690186 -0.420617 0.0163117 0.371519 0.586773 0.935776 0.489429 0.503035 -1.40267 -0.571805 -0.354643 0.132073 -0.632658 
-0.858058 -1.80449 1.58514 -1.10978 0.942416 -1.09149 -0.0558832 0.636261 0.0960565 0.974131 1.23451 2.04949 0.829611 -0.146063 -0.299755 0.343547 0.482601 0.881347 0.544073 0.63471 0.188852 -1.58831 -0.142951 -0.738395 -0.887102 -0.707532 -0.107901 -0.250331 0.188971 -0.102344 -0.0170883 0.361396 0.423796 0.546584 -0.951796 -0.594372 0.459041 -0.270573 -0.481247 
-0.890658 -1.98933 1.64331 -1.24596 1.02558 -0.906786 -0.0418341 0.428693 -0.74212 0.636247 0.911581 1.61844 0.851473 -0.0240825 -0.136846 0.0972495 -0.388219 -0.220904 0.366161 0.104284 0.401925 -0.262884 -0.591678 0.709688 -0.636442 -0.433827 -0.118072 -0.264628 -0.051349 0.492562 0.650677 0.214961 -0.0779501 0.525311 -0.734411 -0.731213 -0.65615 -0.366362 -1.26807 
-0.881552 -1.87311 1.6431 -1.3476 0.816747 -0.916481 0.000393166 0.951799 -0.0774265 0.648001 1.63446 1.48667 0.486627 -0.0485916 -0.116492 -0.421388 0.210686 0.148824 -0.255572 -0.74266 0.520456 0.641657 -0.836887 -0.16968 0.405879 -1.00679 -0.264071 -0.296879 -0.223288 0.00483902 0.582973 0.247198 0.0734578 0.719974 -0.149542 -0.128371 -0.222211 -1.16528 -0.905233 
-0.925929 -2.04724 1.42062 -1.10833 1.11599 -1.02268 -0.42487 0.837322 -0.302219 0.175431 0.814093 1.96785 0.0433801 -0.401794 -0.330351 -0.443318 0.394589 1.14383 -0.0348713 -0.00740747 0.573421 0.0689965 0.424206 -1.01712 -0.905853 -0.789234 -0.322059 0.064165 -0.0845833 0.102921 0.0958413 0.308071 0.131968 0.388524 0.330726 -0.493598 0.483811 -0.718263 -1.33327 
-1.08656 -2.04347 1.40854 -1.09467 1.48866 -0.929108 -0.00126516 1.40203 -0.0258557 0.879863 1.05759 0.688061 -0.144862 -0.469121 0.219689 0.291701 -0.0661756 0.0024726 0.667657 0.918689 0.00191046 -0.217407 0.17725 0.839487 -1.35447 -0.795817 -0.512591 -0.175407 0.0731411 0.376568 0.554014 0.605755 -0.193068 -0.367214 0.124752 0.0739918 -0.831789 -1.17188 -0.563435 
-1.16329 -1.92839 1.5838 -1.14426 1.12087 -0.706596 0.0538407 0.838695 -0.444863 0.271648 1.28746 0.776612 -0.593453 -0.417667 0.05506 0.559683 0.135331 -0.266777 0.842071 -0.256275 -1.08389 0.0901516 -0.318983 -0.134062 -0.645212 0.0289553 -0.487345 0.146756 0.219026 -0.935691 0.0483359 1.27995 1.03558 -0.180662 0.569496 0.734519 0.103736 -1.49241 -0.676006 
-1.29919 -2.01117 1.71674 -1.00428 1.33619 -0.53142 -0.132012 0.550625 0.0400607 0.703516 0.980255 0.117565 -0.112179 -0.310358 0.0139896 0.0522462 -1.25211 0.0735741 1.0344 0.479752 -0.25743 0.94897 0.818071 -0.695763 -0.622297 -0.116879 0.157811 0.727929 0.201749 0.572505 -0.239983 0.0145979 0.129794 -0.943923 -1.12387 -1.16032 -0.92304 0.0744677 0.480155 
-1.32436 -1.91769 1.61741 -1.92366 1.1673 -0.218919 0.304874 0.636386 0.203433 0.719849 0.892386 0.226172 -0.679151 0.659933 1.09678 -0.242688 0.670549 -0.113881 -0.81951 0.429364 -0.214746 -1.53807 -1.23909 -1.14343 0.749472 0.623746 1.78177 1.66898 -1.61915 2.07284 -1.41222 -2.59463 -0.618416 -1.69173 -1.79128 -0.574339 -1.31349 -0.750805 0.321964 
-0.993977 -1.43114 1.59075 -0.578355 1.27306 -0.911175 0.0928845 0.381839 -0.998145 0.02178 0.331943 0.767683 0.403331 3.1245 2.62458 -2.57588 4.1711 -2.31109 -4.47505 -1.31885 -2.06321 -3.25588 -1.58651 -1.12217 -0.36952 0.555396 2.82869 1.46309 -2.33339 2.67792 -1.99029 -1.73723 -0.745263 -1.39232 -2.46852 -1.0702 -1.23953 -0.056496 -0.55921 
0.165229 -0.534335 0.228848 0.696776 -0.179923 -2.30908 -0.377035 -0.984154 -1.99965 -0.152712 0.256103 -0.10304 -0.219125 3.81224 1.2165 -3.39516 3.10064 -3.03931 -1.48311 -1.44006 -1.69671 -1.64051 -0.19754 -0.572128 -0.81915 -1.37831 3.07628 1.20837 -2.37644 3.19203 -2.34678 -1.31899 -0.694569 -1.4288 -2.97774 -1.73385 -1.89526 -0.211741 -0.00239873 
0.826104 -0.78816 -0.241152 1.37101 -0.499753 -1.60143 -0.651897 -0.950854 -2.10582 -0.0878629 0.00680197 0.044959 -0.706342 1.73978 -0.713709 -1.12913 0.324172 -1.4068 2.72754 0.376731 0.101904 -0.578097 -0.744431 -1.50103 0.0936547 -0.556054 2.72219 0.825993 -1.94409 1.72779 -3.30589 -0.797415 -0.272186 -0.504045 -0.071391 0.392904 -0.87311 -0.459987 -1.71609 
0.989372 -0.906265 -0.376828 0.905556 -0.998658 -1.02919 -0.179439 -0.904248 -2.38688 -0.562745 -0.594495 -0.0268867 -0.661328 0.491281 0.0902688 0.364617 -0.667632 -2.19783 0.427897 1.06935 0.999231 1.54721 0.732515 -0.636253 0.21358 -0.942623 1.20637 -0.185535 -0.275098 0.741622 -1.91046 1.31068 0.000666998 0.505666 1.17236 0.884218 -0.541506 0.267932 -1.42055 
1.05027 -0.737355 -0.0385111 0.958019 -1.78079 -1.39753 -0.0950387 -0.166203 -1.05185 0.313344 -0.354613 0.22607 -1.46235 0.163107 0.422418 0.702239 0.719897 -1.61993 -0.984707 -0.378327 0.580555 2.08558 1.94148 0.751643 0.267552 -1.36473 0.247891 0.298707 0.215774 0.310234 -1.68492 1.09447 0.472314 0.613317 1.32403 1.08162 -0.0305839 0.3728 -1.41548 
1.05583 -0.680815 0.00851219 1.36242 -1.94195 -1.48624 -0.373495 -0.448417 -0.967833 0.502509 -0.170814 0.20146 -1.75998 -0.106355 0.383469 -0.0257427 1.10413 -0.471649 1.02797 -0.432894 -0.169649 0.155494 0.730538 0.594057 0.286905 -0.971298 -0.0867155 0.581178 0.430442 1.01865 -0.821572 0.4301 0.256414 -0.275071 1.21943 1.10059 0.712392 -0.070736 -0.825265 
0.987242 -0.532384 -0.0471065 1.65576 -2.053 -0.912857 -0.317399 -0.29957 -0.941622 0.713466 -0.0200744 0.471354 -2.24163 -0.308102 0.49758 -0.0284808 0.714342 0.318022 1.55876 0.722709 -0.965101 -0.517507 -0.452862 0.234555 -0.356143 0.249945 -0.408419 0.716291 0.225522 1.47257 0.0675748 0.0882246 0.117225 -1.28175 -0.137643 -0.3279 0.65889 -0.739748 0.446145 
0.895852 -0.415844 -0.00156491 1.8158 -1.75266 -0.753215 0.00356069 -1.20652 -1.31398 0.252626 -0.0396367 -0.116045 -1.54791 -0.548128 0.749987 0.379823 0.969424 0.57817 -0.907685 0.58898 -1.59069 -0.334066 -1.16689 0.318085 -1.26404 1.57795 -0.801276 0.912798 0.17254 0.938846 0.56129 0.472353 0.272926 -0.768632 -0.283723 0.129233 1.12403 -0.861611 1.4696 
0.711914 -0.134697 0.163763 2.26905 -1.71166 -1.33387 -0.00970877 -1.549 -1.16337 0.0713913 0.158354 -0.64073 -0.951532 -0.968554 0.946327 0.299908 0.6075 0.570557 -0.928624 -0.35599 -0.0939757 0.150921 0.632526 1.32142 -0.782838 1.74243 -1.38214 1.08216 0.702754 0.196835 1.08769 -0.685221 -0.290298 -0.195782 -0.620959 0.126922 2.18636 -0.692856 3.33959 
0.418485 0.08508 0.16606 2.2022 -1.41578 -1.18402 -0.178909 -1.28045 -1.20685 0.598912 0.706348 -0.806989 -0.1243 -1.64844 0.961493 0.718745 -0.692645 1.14424 0.00138129 -0.984197 1.3145 -0.466566 1.34344 2.7083 0.349185 2.94632 -1.72907 1.03326 0.489519 -0.680954 0.936302 -0.689559 -0.36583 0.530112 -0.451123 1.18132 1.21507 -1.20923 2.18654 
-0.09218 0.374201 0.558035 1.84038 -1.03951 -1.32953 -0.518031 -0.516736 -1.47498 0.808158 1.68887 -0.340939 1.44934 -1.77746 0.687894 0.46601 -1.56701 0.912051 0.016563 -0.141408 0.809845 -0.732963 0.964888 0.360569 -0.817834 1.22066 -1.97756 0.704794 0.336459 -1.31373 0.498008 0.0815608 -0.500274 1.01654 0.350121 2.1438 1.36413 0.332937 1.78211 
-0.447607 0.450119 0.423569 1.22538 -0.879321 -1.17259 -0.250073 -0.644543 -1.69911 1.12775 0.908808 -1.52856 0.875761 -1.49111 0.1538 -0.191602 -1.15808 -0.355902 0.110059 0.304921 0.0661427 0.915779 1.55097 -0.820003 0.0983571 -0.530824 -1.93996 0.105153 0.308452 -1.38895 0.296614 0.0419662 0.145719 0.55204 -0.199191 1.01035 -0.251592 -0.261649 0.956237 
-0.820665 0.45841 0.459688 1.11993 -1.24407 -1.27435 -0.357683 -0.464917 -0.84919 1.65892 1.22351 -0.26067 1.02762 -1.30255 -0.519943 0.017443 -0.38966 -0.442726 0.0423238 0.33604 -0.064008 0.475175 0.402136 -0.708673 0.475684 0.0766376 -1.36264 0.161943 -0.230603 -0.943979 0.261032 -0.0859057 0.334776 0.158237 1.08347 1.45995 -0.190502 -0.135575 -0.954271 
-1.08548 0.180071 0.438343 0.986655 -1.13463 -1.14909 -0.0735843 -0.694941 -1.3721 1.34749 0.506428 -1.11806 0.947151 -0.674593 0.103872 -0.165877 -0.171887 0.768866 -0.220896 0.14547 0.141498 0.477307 0.421905 0.556455 -0.273063 -0.758632 -0.000356976 -0.337195 -1.33771 -0.669595 2.07842 -1.53144 0.524672 0.837842 1.3282 -2.08604 0.403865 1.12374 -1.14923 
-1.15677 0.516367 0.375261 1.01773 -0.791295 -1.37402 -0.280044 -0.353914 -0.520737 1.88952 1.53678 -0.505464 0.420975 1.29432 -0.0109474 -2.10202 -0.553856 3.73449 -2.07181 0.371245 1.20044 1.23289 -3.20768 1.26782 1.02215 -1.63007 1.73569 -0.729223 -1.44059 -1.42914 2.63504 -1.75341 1.0138 0.813732 1.63243 -1.90431 0.55329 1.42102 -0.912485 
-0.475403 0.177656 -0.693797 0.644993 1.05133 -2.11479 0.121166 0.247737 -0.531273 -0.415524 1.2221 -0.229299 -0.366891 3.41577 -1.25411 -2.0792 -1.84139 3.40459 -2.1032 1.22351 0.961984 1.62232 -2.98256 0.209521 2.16572 -0.474248 1.71706 -1.03222 -0.721052 -1.02036 2.91382 -1.54187 -0.108142 1.73393 2.22007 -1.9083 0.654286 2.78547 -1.03154 
0.472788 -0.139706 -0.744527 -0.131099 1.20187 -2.3544 0.35678 0.401484 0.584171 0.250151 1.65379 1.38414 0.0451785 1.41736 -1.61797 0.979436 -0.883681 0.880558 0.0284828 -0.520039 1.16065 1.62307 0.641651 -0.362052 2.68269 0.235994 1.63083 -2.21075 0.620531 -1.50408 2.23933 -0.666225 -0.261243 1.14626 1.53647 -2.79843 -0.568373 1.75353 0.00829383 
0.193798 -0.669738 -0.158456 0.096563 1.56939 -2.09778 -0.146396 1.15916 0.57414 -0.0642254 1.01579 2.11275 -0.166142 -0.840662 -2.23672 3.04949 -0.277423 0.142055 1.22211 -1.57942 0.595959 0.353807 -0.782975 -0.9961 0.16856 0.488068 0.328175 -2.09944 2.11635 -2.25788 0.00259906 0.442627 -1.41216 0.362422 1.23149 1.12332 -0.192725 1.31592 1.352 
0.0568801 -1.31244 0.910992 -0.299463 1.28832 -1.77889 -0.460288 0.869413 0.828877 -0.181052 1.08882 1.52585 0.45055 -0.905283 -1.697 2.32436 -2.2968 -0.87696 0.562198 -1.39284 -0.673954 -0.0394705 0.877604 0.0954278 -0.929618 1.59715 -0.98656 -1.54186 2.8505 -0.992218 -0.242621 1.25754 -2.27752 0.110153 -0.158209 0.976307 -0.817851 -0.278132 0.898058 
-0.253164 -1.55868 1.10467 -1.33776 1.0603 -1.83104 -0.866684 0.629722 0.552158 0.416675 1.06827 1.29335 1.13954 -0.729431 -0.19737 1.39958 -1.12048 -0.526891 0.450197 -1.50413 -0.454032 -0.55885 2.10412 -0.135795 -0.532601 0.730459 -0.837237 -1.01117 1.67491 -1.10256 -0.713742 0.626534 -1.19428 -0.0553625 -0.347473 1.04054 0.998532 -0.56798 0.475931 
-0.305574 -1.41288 1.67369 -0.996345 0.983826 -1.56456 -1.2383 0.512696 0.454694 0.973534 1.0105 1.05391 1.05268 -0.428326 0.101334 0.290787 0.743489 -0.254146 0.272582 -0.225298 0.589677 -0.409167 0.530096 1.28683 0.180618 -0.950168 -0.95094 -0.381791 0.50273 -1.0641 -0.0170535 -0.052081 -0.655882 0.160135 -0.636181 1.00069 -0.448524 -0.208706 0.0221756 
-0.47092 -1.50206 1.26736 -0.866111 0.915207 -1.69981 -0.981362 1.09272 0.279477 0.7067 1.79469 1.44561 0.377409 -0.784251 -0.403975 -0.613054 -0.378661 0.499359 -0.516138 0.614349 0.664267 -0.261375 -0.75011 -0.484894 0.260766 -0.697843 -0.562278 -0.100178 0.284143 0.00314315 0.043702 0.0842486 -0.727232 -0.00871425 0.654749 0.286346 0.374585 0.556037 0.579633 
-0.694373 -1.62195 1.34728 -1.22818 1.2791 -1.80237 -0.917453 1.03427 0.282234 0.560381 0.734707 1.27632 0.495383 -0.469826 -0.257774 0.154743 -0.739508 0.322852 -0.157574 -0.761008 -0.610202 1.25046 -0.138714 -0.768211 0.563231 1.73756 -0.608919 -0.313219 -0.42701 -0.0190907 0.175429 -0.0798929 0.92049 0.115622 -1.14912 -0.684882 0.55162 0.304401 -0.140231 
-0.708619 -1.63426 1.35643 -1.32416 1.10732 -1.76985 -1.37392 0.613346 1.13222 0.629368 1.35863 1.93273 1.79707 -0.187766 -0.0890363 -0.0508238 0.351328 -0.221994 0.413282 0.628403 -0.514867 -1.21903 -0.167293 1.24856 0.148876 0.510566 -0.588691 0.0441595 0.0327781 -0.175369 0.259741 0.460721 0.417472 -0.362559 -0.000216267 0.158154 -0.235017 0.663674 0.703037 
-0.796526 -1.66542 1.32511 -1.00237 1.15279 -1.60531 -0.589315 0.629777 -0.539628 0.467352 1.43948 1.4008 0.919018 -0.470157 0.329366 -0.101345 0.492069 0.0880661 0.772271 1.32327 0.106091 -1.25215 0.357351 0.443049 0.323575 -0.783083 -0.329653 0.529105 -0.164944 -0.0136115 0.0129986 1.13244 0.461987 -0.714775 -0.164446 0.345321 0.451113 0.345114 0.240551 
-0.946478 -1.45774 1.30692 -1.01012 1.16222 -1.40482 -0.685347 0.69654 0.287894 0.824509 1.60775 2.21011 1.17057 -0.341974 0.926767 -0.204226 -0.370944 0.242066 1.09298 -0.00592004 -0.470606 1.00596 0.638148 -0.624011 0.314839 -0.182279 -0.760285 0.568668 -0.0100262 0.486786 0.063826 1.13154 0.834492 -0.148337 -0.920975 0.404327 -0.518118 0.0245207 -0.270527 
-0.972785 -1.17478 1.21993 -1.22936 1.29769 -1.09022 -0.590201 0.260043 0.147314 0.816727 1.08499 1.67053 0.78023 -0.741582 0.570868 0.0879675 0.193084 0.0125174 0.732801 -0.196858 -0.317433 0.0653779 0.193018 -1.16007 -0.285653 0.41939 -0.749057 1.60628 0.0810069 0.477195 0.00538486 1.25083 0.478231 -0.847128 0.805153 0.0511254 -1.01774 -0.148454 -0.382537 
-1.31477 -1.15423 1.35986 -0.883523 1.17297 -1.05826 -0.785274 0.447106 0.337011 0.929387 0.950024 1.9543 1.52019 -0.851982 1.61274 0.332862 1.04259 -0.234055 0.570417 0.650379 -0.695749 0.0289086 -0.563739 -0.784561 -0.506651 -0.333071 -0.511362 2.16175 0.58073 1.52408 0.208327 0.454657 -0.914188 -2.15952 -1.7348 -2.07975 -1.67241 -1.67693 -0.633781 
-1.39413 -0.323457 1.40539 -0.570206 1.16434 -0.819636 -0.250664 -0.286515 0.171701 0.505942 0.639681 1.22131 0.519034 -0.0759329 2.84619 0.820241 1.95301 0.316959 -0.126154 -1.04236 -2.64252 -2.2996 -2.99008 -1.15466 -1.93618 -1.27491 -0.203489 2.58277 0.656306 1.42128 -0.765988 -0.524797 -1.38477 -2.17403 -1.37487 -1.34134 -1.90004 -1.58234 -0.717441 
-1.36318 0.34565 1.80905 0.346385 1.36164 -1.1136 -1.32377 -1.62841 -1.21761 -0.714111 0.295357 0.25396 0.494448 0.522051 2.46948 0.693247 0.958729 -0.979809 -1.26379 -2.52621 -2.28403 -1.79987 -1.23827 -1.84525 -1.58956 -0.635726 0.222603 2.70584 0.356585 1.49682 -0.64184 -0.236365 -0.724169 -1.85063 -0.591972 -0.863789 -1.76761 -2.49078 -1.71353 
-1.15518 0.978345 1.78586 0.0363814 0.595148 -1.40727 -1.55883 -2.08049 -1.04404 -0.175342 -0.405629 -0.175675 0.0121566 0.420809 1.43045 -0.2617 0.154697 -1.33417 -0.184387 0.060202 0.104709 1.53628 1.83159 -1.29184 -1.36656 -1.04255 0.413115 1.67049 0.12338 1.36719 -0.748985 -0.361157 -1.41078 -1.76619 -0.836668 0.187878 -1.7092 -1.7062 -0.293778 
-1.17288 1.10113 1.67277 0.44892 0.585355 -1.19618 -1.29036 -1.5463 -0.171046 0.290784 -0.436903 -0.947853 -0.34267 0.124544 0.171466 -0.498509 0.966404 -0.207122 0.787615 0.615196 -0.138362 0.721608 1.49696 -0.520408 -0.671146 0.240552 0.42144 0.894456 -0.570794 0.75371 -0.984539 0.199958 0.378317 -0.585282 0.851689 1.86465 -1.33895 -0.889196 -0.0517594 
-1.10725 1.07184 1.52144 0.64778 0.477534 -1.03506 -1.23754 -2.18928 -0.549923 0.645753 -0.701513 -0.768867 0.216605 0.238968 -0.0155236 -0.626481 0.906396 -0.225886 0.452975 0.449091 -0.913208 -0.441513 0.686642 -0.561334 0.190944 0.975057 0.369292 0.0473917 -0.764891 1.32876 -0.360191 0.389428 0.692639 -0.172726 0.917211 0.583348 -0.745375 -0.0973507 0.0840127 
-1.06996 1.09631 1.3391 1.0227 0.456775 -0.980549 -1.05523 -2.26365 -0.46566 0.666795 -0.755938 -0.786553 0.458019 0.452648 -0.0947686 -0.692467 0.904607 -0.363948 -0.267544 0.319317 -0.106312 0.457488 -0.705355 -0.511169 0.547207 -0.124212 0.675174 0.0350963 -1.38642 0.772363 -0.197106 -0.709235 0.142139 -0.181917 1.25006 -1.06073 -1.08884 0.903954 0.886838 
-0.901646 1.02536 1.15206 1.22044 0.268266 -1.15655 -1.06973 -2.27291 -0.23491 0.257183 -0.992171 -0.29577 0.124954 0.822652 0.0727963 -1.53409 0.180969 -0.0868545 -1.39115 -0.259302 0.655974 2.04901 -2.11053 -0.945649 1.01499 0.228278 2.08132 -0.189537 -3.30727 -1.00713 -0.43104 0.319674 2.2278 1.77938 1.37599 -2.9094 -2.00817 0.415306 0.11172 
-0.686551 1.13793 0.514287 1.1417 0.409448 -1.62777 -1.18755 -1.74859 0.928588 -0.493591 -1.29237 0.0959402 0.652504 2.83591 -0.202845 -4.46465 -2.32351 -0.319349 0.69503 2.69198 2.52951 1.31209 -3.20972 -2.26831 0.00973204 0.278067 3.11188 -0.997234 -3.83567 -1.44308 -0.811086 1.73492 3.02249 2.81645 1.30773 -2.9999 -1.39283 1.26009 -0.0448269 
0.449253 0.92204 -1.25858 -0.230632 0.0850637 -0.827663 0.328795 -0.286394 0.659627 -1.50695 -2.2768 -0.293065 0.359856 4.09801 -1.64645 -4.44734 -2.21388 -1.19845 3.69708 4.34566 3.18455 -0.367283 -1.9265 -0.982104 0.663936 -0.286382 3.15943 -1.46101 -4.31521 -1.93253 -1.00336 2.46165 2.28511 2.47795 -0.247827 -2.81306 -0.916902 1.46919 -0.319254 
1.27086 0.275558 -1.88698 -0.240636 -0.28752 0.105757 1.06875 0.752377 0.68431 -1.5529 -1.84942 0.671198 0.42921 2.16006 -2.10349 -2.26487 -0.398751 -1.27052 2.57549 0.396844 0.848396 -1.63248 -0.575526 0.999316 1.94691 -0.707734 3.02539 -1.60198 -3.46871 -1.35326 -0.807142 3.92883 2.67411 2.3904 -1.46091 -1.35184 -0.41573 1.34158 -1.08599 
1.47537 -0.180645 -2.47884 -0.475057 -0.654025 0.381083 0.536823 0.379794 -0.442603 -1.82421 -1.71302 1.40503 -0.205475 0.685683 -0.882604 -0.961631 0.30748 -0.0806073 1.52082 -0.730594 0.0737153 -1.51443 0.110331 0.406807 1.12322 -1.18142 1.43194 -1.37064 -1.62702 0.239133 -0.68563 2.38925 -0.0565881 0.573707 -0.737395 0.00642937 0.757741 0.87348 -1.6869 
1.58845 -0.185178 -2.40202 -0.0423205 -0.331196 0.821027 0.691969 0.810144 -0.337866 -1.49343 -1.62081 1.64841 -0.520637 0.100054 -0.0600793 -0.271037 0.735105 0.183941 0.598929 -0.475895 -0.0729469 0.681987 0.589704 0.0496519 -0.781449 -1.57368 0.262249 -0.465097 -0.697388 0.232383 0.0912161 1.02989 -0.385548 -0.708438 0.00959614 0.0306588 1.04971 -0.178302 -2.03356 
1.51153 -0.208894 -2.62017 -0.00866109 -0.543092 0.665007 0.292158 0.322375 0.0246475 -1.50145 -1.68643 0.715306 -1.47374 -0.278017 0.149647 -0.124038 0.0193677 0.224577 -0.150664 0.206522 -1.05053 1.52536 -0.0635024 1.04629 -1.35467 -1.56936 -0.0800516 0.126857 -0.00139652 0.82925 0.988945 1.11365 0.420865 -0.329779 1.09268 0.612438 1.27038 -0.913569 -2.04955 
1.44293 -0.103152 -2.4638 -0.0246245 -0.196514 0.754221 0.801277 -0.0150518 0.701291 -1.52945 -1.03046 0.457007 -1.7854 -0.234496 0.26232 0.271122 0.432381 1.38205 0.882398 1.04275 -0.386365 0.722951 0.241106 1.70889 -0.42654 -1.19874 -0.221152 0.0761712 0.166389 0.33915 0.838987 0.67481 0.689969 -0.81699 1.30522 -0.595447 1.27605 -1.51157 -1.67352 
1.38692 -0.067624 -2.46813 0.267955 0.268049 1.08156 0.835219 0.0188023 0.519676 -1.37015 -0.721264 0.33619 -2.43765 -0.079887 -0.0274823 0.385871 0.457852 1.10388 1.04952 0.724378 -0.0746388 0.15313 -0.733382 0.720107 -0.647543 -0.693933 -0.198315 0.220971 0.506657 0.323411 0.950273 0.616191 1.14027 -0.559525 0.315463 -0.939739 1.49738 -1.02633 -0.959157 
1.39261 -0.114261 -2.24966 0.26796 0.452055 1.24897 1.1792 -0.0737997 0.809915 -1.93342 -0.624614 -0.115528 -2.33953 -0.0872412 0.088606 0.521532 0.0226715 0.122685 -0.0613463 0.497321 -0.386933 -0.318345 -1.50194 0.363852 -0.931212 -0.0973316 -0.18783 0.256397 0.496979 0.960617 0.436212 0.652543 1.45369 0.127529 -0.730211 -1.05462 0.104411 -0.893199 -0.732404 
1.33307 -0.0176936 -2.18057 0.287722 0.343182 1.05655 1.09537 -0.285216 0.308584 -2.19626 -0.516946 -0.484609 -2.50748 -0.225246 0.434377 0.391686 0.894652 -0.413429 -0.180219 1.23969 0.240312 -1.09438 -0.682262 -0.575449 -0.533392 -0.295124 -0.103849 0.325462 0.705479 0.584213 -0.430853 -0.0110756 0.940313 0.0962408 -0.365018 -1.40063 0.294963 -1.09106 0.300149 
1.27245 0.117477 -2.03237 0.834377 0.21387 1.16834 1.82441 0.11481 0.0725813 -2.3093 -0.951634 -0.588159 -2.56992 -0.0848882 0.427401 0.581287 0.799699 -0.805686 0.0498311 0.772248 0.509846 -0.152874 -0.379975 0.0445592 -0.512514 0.506312 -0.241347 0.251106 0.621092 0.444429 -1.05698 -0.930217 0.191455 0.300834 -0.632038 -0.654159 0.0916933 -0.815334 0.286344 
1.28036 0.210377 -1.86068 0.794613 -0.124248 1.08355 1.49812 0.115081 0.2097 -2.40611 -0.493244 -0.938968 -2.0873 -0.164642 -0.0358422 0.579488 -0.269156 -1.26138 -1.05127 -0.983187 0.16221 0.279486 -0.19374 0.702504 -0.544127 0.685414 -0.169365 0.242923 1.06263 0.295944 -0.997971 -1.08055 0.764754 0.734257 -0.0228749 0.279962 -0.302917 -0.224488 0.390583 
1.18141 0.101972 -1.71346 0.671196 -0.51988 0.680147 1.31662 0.242079 0.266889 -2.41686 -0.55575 -1.07019 -2.00435 -0.191 -0.041793 1.07869 -0.383332 -0.775645 -1.48085 0.259823 0.485021 0.122016 0.762754 -0.463705 0.21972 0.0251124 -0.18058 0.241305 1.02846 -0.682886 -0.879908 -1.14682 -0.701748 0.689399 0.556179 1.26366 0.843627 0.166797 0.896876 
1.17665 0.191743 -1.27164 0.559854 -0.574122 0.394362 1.63507 0.49588 0.297224 -1.9883 -0.757053 -0.752484 -2.05774 -0.129009 0.418893 1.02719 -0.69308 -0.132935 -0.467714 0.0313562 0.77135 0.434937 1.9021 0.465344 0.771012 0.531513 -0.368535 0.129472 1.12831 -0.482788 -0.602184 -1.21775 -0.0338725 1.14537 -0.107144 1.4674 0.2308 0.80965 0.292068 
1.10749 0.325568 -1.15228 0.242254 -0.594137 0.464996 1.33506 0.847758 0.56661 -1.37323 -0.294022 -0.401217 -1.56371 -0.400318 0.248165 0.683759 -0.297082 -0.178749 -0.132274 -0.308144 1.0717 -0.261334 1.22016 0.783306 0.860962 0.372927 -0.509554 0.532447 1.06338 -0.137871 0.0157937 -0.969307 -0.382042 0.737493 -0.476531 1.69189 -0.126545 0.860297 0.876004 
0.972356 0.32557 -0.896297 0.379166 -0.675154 0.336161 1.47742 1.33745 0.124792 -1.31924 -0.315462 -0.00479125 -1.74583 -0.685642 0.424118 0.633966 0.498454 0.157434 -0.815655 -0.550685 0.227939 -1.04968 0.383336 -0.640364 0.376936 0.657153 -1.08624 1.14336 0.791053 0.403774 0.317654 -0.870201 -1.55719 0.332383 -0.903329 1.09982 0.000696324 1.10467 1.85064 
0.76608 0.551912 -0.80388 0.560292 -0.498696 0.0870447 1.05161 1.02665 -0.140413 -1.16382 -0.657762 -0.0771384 -1.02108 -1.32764 1.56 0.552556 0.865319 0.681403 -1.01955 -1.80094 -0.626061 -0.902728 0.26742 -0.782204 0.61155 2.13535 -1.21104 0.948204 1.14083 0.87881 0.75023 -0.935339 -1.29442 -0.294893 -1.62479 0.013741 -0.212092 0.961926 2.43296 
0.322425 1.14917 -0.591955 0.927194 -0.273492 -0.137193 0.545451 0.845623 -0.48258 -1.1735 -0.759438 0.524619 -0.00326175 -1.23997 1.07573 1.148 0.738833 1.03043 -0.422628 -1.20292 -0.639574 -1.04295 -0.359305 0.346934 0.905989 2.63958 -1.26625 1.32926 0.924829 0.560827 0.771616 -0.766925 -1.67359 -0.976022 -0.91039 0.783561 0.23638 -0.137791 2.44831 
0.158283 1.12087 -0.177324 1.02903 0.106948 -0.107012 0.429831 0.52421 -0.842871 -1.36232 -0.463015 0.709962 1.1308 -0.685402 0.541847 0.892452 -0.0758862 0.540339 0.00480423 -0.46561 -0.716448 -0.270422 0.793987 1.10953 -0.7892 1.18216 -1.24384 1.09455 1.04578 -0.163088 0.687576 -0.0925486 -1.18621 -1.53715 -1.16091 0.468692 1.02855 0.441221 0.831053 
-0.0188715 1.43741 -0.103685 0.885174 0.0457293 -0.131256 0.306122 0.282808 -0.661175 -0.738525 -0.133312 -0.171893 0.965546 -0.737587 0.655326 0.485693 -0.968974 0.0581877 0.302975 -0.404293 -1.4698 -0.452635 0.996408 1.07688 -0.314632 -1.51177 -0.979776 0.435518 0.921889 -0.661154 0.548756 0.566769 -0.517168 -1.10875 -0.86871 0.359234 1.17507 -0.532229 0.456411 
-0.208091 1.46879 0.0908361 0.427124 0.144388 0.0384371 0.222307 -0.630277 -1.14503 -0.81616 0.144644 0.428787 -0.08722 -0.873947 0.14803 0.547969 -0.855741 0.328387 0.75065 -0.236519 -0.807462 -0.849082 -0.304385 0.517089 0.0876831 -0.561606 -1.06039 0.219431 0.721793 -1.37616 0.503044 1.30633 0.444721 -0.499667 0.758638 1.4422 0.887291 -1.15125 -0.982088 
-0.450774 1.51859 0.198175 0.354259 0.24108 0.223657 0.185623 -0.351487 -1.23217 -0.906854 0.157688 -0.100966 0.518835 -0.949428 -0.306832 0.642575 -0.969683 0.738129 1.43409 1.00342 0.778311 1.42764 0.952549 0.151403 -1.20903 0.184652 -0.902181 -0.564092 1.31995 -1.24956 1.38574 0.138255 1.31378 -1.37509 0.319105 -0.968904 0.876217 -0.520213 -0.595147 
-0.676267 1.3108 0.44389 -0.175222 0.579203 0.713126 0.744967 -0.0191321 -0.172139 -0.294095 0.228785 -0.635157 0.0718517 -0.562514 -1.03738 1.51343 -0.904604 1.86615 -0.56396 2.01131 -1.08044 1.25838 -0.995755 0.695868 -0.773242 -0.241609 -0.635307 -0.687271 1.54196 -1.01724 1.52331 -0.00310556 1.1761 -0.584287 0.766494 -1.10192 0.412846 -0.483012 0.475114 
-0.733016 0.976468 1.02247 -0.207288 1.33514 -0.0365272 1.23108 -1.20017 -0.37406 -1.45493 0.549818 -0.783511 0.331885 -0.064381 -0.777125 1.76516 -0.463461 1.67432 -1.43502 0.585131 -1.58545 -0.442523 -2.43193 0.420177 0.572882 0.461224 -0.384221 -1.0437 1.73144 -1.21662 1.60159 -0.394925 1.69032 -0.440976 1.18167 -0.0749116 0.133652 -0.366986 -0.449496 
-0.719126 0.905521 1.40441 -0.460214 1.56115 0.0453765 1.05066 -1.26445 -0.467439 -1.63102 0.464964 -0.139589 0.455433 -0.0536452 -0.609679 1.1899 -0.809354 0.670298 0.0429634 0.272871 0.469154 0.261095 0.900322 -0.510735 0.29119 -0.364401 -0.115178 -1.22915 1.62209 -0.86501 1.29446 -1.22069 0.642096 -0.536048 -0.0592504 -0.97293 -0.346332 -0.252781 -0.701938 
-0.770716 0.659237 1.67171 -0.709122 1.73031 -0.0127361 1.3748 -0.831834 -0.192224 -0.961553 0.259405 -0.534477 0.0452579 -0.12569 -1.16292 0.767578 -0.755282 0.375614 -0.182007 0.281006 0.844239 0.364848 1.12637 -0.899417 -0.903254 -1.40903 0.244902 -1.08499 0.943142 0.244461 0.153574 -0.290605 -0.235059 0.595211 -0.25325 -0.131525 -0.375778 -0.192786 -1.41858 
-0.791449 0.297394 1.82511 -0.928151 1.7841 -0.0360946 1.1986 -0.601524 -0.215246 -1.01348 -0.0453155 -0.93592 -0.679182 0.433837 -1.10261 0.283673 1.15321 -0.427551 -0.425495 -0.59336 0.335684 -0.588461 -1.07204 -0.00926223 -0.541881 -1.55371 0.990143 -0.526496 -0.974944 1.14058 -0.470223 -2.89604 -0.647248 0.695777 0.0612512 1.99976 0.470193 -0.53167 -0.641497 
-0.574153 0.0828206 1.83055 0.0193867 1.48387 -0.208134 1.06921 -0.568321 -0.586487 -1.55153 0.252661 -1.01454 -1.2068 1.68613 0.332962 -2.28624 2.36125 -1.12098 -3.6587 -1.15911 0.0980382 -0.28743 1.57393 1.55037 0.20248 0.543058 1.9247 -0.139488 -2.45323 2.44986 -2.17967 -2.0937 -2.07985 0.491715 0.113482 0.971208 0.840215 -0.61715 0.0750098 
0.00691473 0.475808 0.593284 0.557688 1.13241 -1.74429 0.599554 -0.524654 -0.405374 -0.150109 0.830185 -0.764524 -0.229171 2.60667 0.884069 -4.10848 2.29677 -3.02562 -2.35027 -2.22278 0.32771 0.733104 2.38632 1.17239 -0.272423 1.65786 2.49935 0.0298743 -2.92779 2.79614 -2.6359 -1.65788 -2.38962 0.403957 0.448278 1.41457 1.27746 0.138672 0.798367 
0.666584 0.551009 -0.387353 1.4648 -0.280943 -1.30412 -0.0815698 -0.311071 -0.0845734 -0.241945 0.914345 -1.25877 0.14816 2.26446 -0.28394 -2.27889 1.57644 -3.05487 1.46139 -2.0761 0.44542 0.862978 0.33779 0.217963 -0.0129489 0.54049 2.44162 -0.202524 -2.97043 1.79679 -2.52103 -0.670951 -2.5283 0.267181 0.541947 2.7738 1.06917 1.05977 0.855072 
1.0832 0.329853 -0.634566 1.55152 -0.649502 -1.05683 -0.475142 -0.174957 0.184609 0.0342882 0.951977 -0.781669 0.218755 1.2525 -1.2022 -0.523166 0.233415 -0.968286 1.46291 -1.20004 0.0288202 -0.0369978 1.35705 0.307652 1.6853 -0.497536 1.74901 -0.815079 -1.48512 1.13639 -2.54742 2.0623 -2.43086 0.371297 -0.600967 0.790325 -0.249616 0.931548 -0.746106 
1.25656 -0.0777719 -0.665121 1.61668 -0.843401 -0.615948 -0.701848 -0.288563 -0.104879 0.5023 1.08687 0.210376 -0.24654 0.497808 -1.00194 -0.0356536 0.023629 -0.980832 1.27907 -1.21489 0.0534032 -1.63788 0.732733 -0.563332 1.25553 -1.5481 0.877821 -0.775015 -0.491382 0.492822 -1.25864 1.90247 -1.14561 0.533686 -0.808034 0.922939 -0.586772 1.28718 -0.853254 
1.3105 -0.193628 -0.648525 1.57189 -1.21929 -0.454669 -1.10313 -0.133142 -0.921282 0.435615 0.631811 0.311344 -1.02875 0.130057 -0.0203789 -0.241132 0.460238 -1.02596 1.06542 -0.352252 0.691933 -1.00441 -0.107822 -1.1197 0.0295974 -0.655147 0.307394 -0.491767 -0.135969 0.551441 -0.755518 2.03532 -0.0594853 0.537073 -1.11942 0.141492 -0.785762 0.607171 -0.685466 
1.30714 -0.0851461 -0.790271 1.91076 -1.43956 -0.113757 -0.882379 0.254741 -0.781206 0.441936 0.451986 0.230467 -0.769183 -0.0186465 0.226844 -0.174196 0.752584 -0.216447 1.42559 1.13192 0.671979 0.195699 -0.536549 -0.524146 -0.443767 0.622594 0.0681736 0.222539 -0.103446 0.891301 -0.656384 1.12008 0.757579 1.05908 -1.42971 -1.15951 -1.28203 -0.618235 0.405557 
1.28962 -0.0710115 -0.737453 2.04924 -1.34236 0.216043 -0.513811 0.394491 -0.783792 0.139765 0.333812 -0.0828483 -0.514174 -0.0297518 0.373783 0.0820184 0.794641 -0.0142895 0.424443 1.37461 0.74686 -0.837139 -1.44917 -0.6547 -0.845342 1.20685 -0.0930983 0.528214 -0.540111 0.664603 -0.0646213 0.290106 1.13717 0.993653 0.0138357 -1.59281 -0.651481 -0.875878 0.460468 
1.28092 0.114731 -0.740553 2.41448 -1.44448 0.0885264 -0.167177 0.841185 -1.3441 -0.355187 0.0801358 -0.515179 0.219663 -0.136458 0.609479 -0.66612 0.18301 0.113566 -1.03735 0.403951 0.677394 -0.179308 -1.60434 -0.377466 -0.714163 0.00345232 -0.211786 0.564701 -0.593981 0.235698 0.399624 -0.47919 0.740237 0.991133 0.291295 -1.63564 -0.128813 -0.268685 0.350923 
1.21212 0.252796 -1.09258 2.16953 -1.27255 -0.265636 -0.302096 0.926378 -0.9006 -0.742589 0.118786 -0.713688 -0.502193 -0.313321 0.520184 -1.00637 -0.463126 0.646786 -1.05728 -0.375711 0.599071 1.21064 -0.74943 0.47654 0.493846 -0.729119 -0.304922 0.994747 -0.86314 0.297863 0.584716 -0.611667 -0.552161 1.313 0.853026 -0.930182 -0.259923 -0.11307 0.120556 
1.11843 0.391588 -1.2798 2.1297 -1.06305 -0.402481 -0.359876 1.31156 -0.518363 -0.767965 0.348198 -0.088782 -0.363027 -0.354115 0.963895 -0.678125 0.236061 0.812121 0.228669 -1.15342 1.10842 1.27579 0.356381 0.0178291 0.569346 0.162367 -0.381736 0.803831 -0.745681 -0.807991 1.09164 -0.65451 -0.683073 0.103795 2.44139 -0.160116 0.121492 0.586928 -0.26952 
1.03003 0.762957 -1.4542 2.32307 -0.794494 -0.154954 -0.898195 1.79678 -0.0306798 -0.54798 0.127368 -0.221215 -0.361212 -0.298904 0.751572 -0.154636 -0.675309 1.08188 0.191743 -0.550856 -0.465833 1.93018 0.53918 -0.308239 0.29103 0.36679 -0.462867 0.983311 -0.793797 -1.03489 0.767252 0.488607 -0.510368 0.252522 2.33272 0.536776 -0.69002 0.330087 0.598712 
0.962872 0.790108 -1.35814 1.7119 -0.42734 -0.309077 -0.643423 0.945572 0.795311 -0.472951 0.172331 0.160112 -0.0561034 -0.386598 0.591413 -0.557944 -1.69407 0.402708 0.423041 0.460489 -0.77192 1.72516 0.37247 -0.972786 -0.12559 0.650856 -0.303565 0.915372 -0.605313 -1.399 0.636083 0.64274 -0.395919 -0.894248 2.18893 0.933655 -0.803666 -0.376893 0.737335 
0.832327 1.07727 -1.75079 1.2666 -0.555708 0.0466724 -0.657153 1.1904 1.14396 -0.344535 -0.424415 -0.336942 0.176305 -0.189519 0.696403 -0.787395 -1.29552 -0.0748247 0.664546 0.0127542 -0.764919 0.885698 0.724489 -0.804021 -0.78624 0.634124 -0.207793 0.846182 -0.423715 -2.1509 0.49542 1.04496 0.799834 -1.41899 1.42828 0.754045 -0.756989 -0.531392 0.929951 
0.859876 1.15962 -1.77889 0.905286 -0.467636 0.00554882 -0.634623 0.344689 1.4007 -0.0761523 -0.283985 -0.533809 0.467831 0.0498504 0.747251 -0.100793 -1.33574 0.381531 0.967108 0.619037 -1.17598 0.11172 0.649164 -0.0748655 -0.574816 0.610852 -0.16398 1.00779 -0.309599 -2.24693 0.120792 0.937482 1.14092 -0.991287 0.686029 1.5348 -0.276673 -1.20486 0.468839 
0.844362 1.47351 -1.79999 0.434772 -0.329298 0.502865 -0.333873 0.266675 1.2245 0.0108904 -0.468268 -0.845827 0.681348 -0.0778406 0.897578 0.306681 -1.86954 0.265643 0.582951 1.52819 -0.598453 -0.00414925 1.34926 0.4212 -0.808624 0.0032566 -0.135241 0.741364 0.271965 -1.89927 0.0890864 0.631324 2.18842 -1.49937 -0.083089 1.28635 -0.0583913 -1.32709 -0.311019 
0.810549 1.63491 -1.6076 -0.261186 -0.308954 0.281997 0.16024 -0.125454 1.40267 0.663811 -0.0472275 -1.24732 0.479653 -0.271696 0.425816 0.527325 -1.33968 -0.240935 -0.12597 2.33899 -0.881772 -0.220077 1.08978 -0.0058196 -1.18239 -1.02937 -0.393559 0.511705 0.578074 -1.67923 -0.0725561 1.55416 3.58378 -0.428761 -0.445799 1.0263 0.326886 -1.12742 -1.49007 
0.701875 1.70075 -1.50931 -0.399525 -0.466674 0.447613 0.881554 -0.425982 1.08005 0.608333 -0.473064 -1.88645 -0.145074 -0.553108 -0.0873365 0.597384 -0.495967 -0.381093 1.48306 3.31749 0.00386545 -0.571041 0.0392572 0.0313976 -0.683391 -2.01816 -0.522428 0.054912 0.807186 -1.89195 -0.634067 0.993742 3.28111 -0.644632 -0.123289 0.645162 0.337249 0.165889 -1.13274 
0.532828 1.59233 -1.279 -0.566556 -0.528242 0.9796 1.88322 -0.122546 1.02022 0.684233 -0.0309705 -1.85123 -1.14943 -0.563343 -0.337238 0.734158 -1.32542 -0.763962 1.44814 2.09723 -0.00783884 0.05998 -0.214876 0.472762 1.40807 -0.501719 -0.672529 -0.0834289 0.867121 -0.446437 -0.801718 1.34149 3.02955 -0.440466 -1.37626 -0.97066 -0.382037 1.23128 -1.31326 
0.419235 1.52677 -1.10669 -1.22489 -0.90972 1.12888 1.97158 -0.432266 1.12551 0.489169 -0.207139 -0.659939 -0.54317 -0.519649 -0.0426426 0.757598 -0.13325 -0.889369 0.300676 0.778426 -0.614449 -1.20172 -1.34176 -0.560057 2.32405 0.242646 -0.876939 -0.246766 0.803723 -0.872709 -0.483358 1.33424 1.95412 -0.236297 -0.357492 -0.271918 1.01817 2.17551 0.226363 
0.271185 1.57325 -0.863708 -0.644537 -1.04458 1.12397 2.28917 -0.605252 0.210098 -0.0538946 -0.349284 0.176945 -0.943278 -0.833141 -0.0507888 0.521924 0.095838 -0.00220805 0.325973 0.543823 -0.323715 -0.521512 -0.146035 0.936674 1.48667 0.810797 -0.752141 0.270041 0.826828 -0.158769 -0.836855 0.381082 0.506283 -0.498163 -0.421546 -0.319154 -0.239692 2.55051 0.835297 
0.00694219 1.50341 -0.818929 -1.15925 -0.907577 1.28509 2.25585 -0.686634 0.776642 0.407816 0.321208 0.635362 0.12418 -0.679191 0.471092 0.534526 -0.090809 -0.43675 0.208317 -0.0960179 -0.0749882 0.657745 0.917199 0.228425 1.06873 0.890905 -0.786053 0.205014 0.66778 0.299223 -0.42861 -0.158592 0.337416 0.193299 -0.807469 -0.403211 -0.0286283 1.50295 0.876597 
-0.0671261 1.82429 -0.569123 -0.695911 -1.29639 1.22513 2.24155 -0.664275 0.660909 0.448753 -0.221574 1.10648 -0.2109 -0.419406 0.376506 0.522084 0.325148 -0.677239 -0.533286 -0.0898614 0.579275 -0.519171 -0.3918 -0.976162 0.514815 0.378673 -1.19206 0.121939 0.618741 -0.0537406 -0.0275576 -0.346886 0.0705649 0.47959 0.387417 0.674898 0.898388 -0.379225 0.320766 
-0.206527 1.70472 -0.531077 -0.949859 -1.29994 1.03926 2.21142 -0.231809 0.429367 0.191472 -0.232484 1.08011 0.440749 -1.21636 -0.276621 0.432981 0.014674 0.392579 -0.66555 0.188981 0.721811 -0.160529 -0.00222046 1.01522 -1.56704 -0.45401 -0.637384 0.619181 0.817983 0.535565 -0.237121 -0.14584 -0.143011 1.12621 -0.542178 -0.52565 -1.06567 0.259924 0.041221 
-0.66358 1.68219 -0.329487 -0.681158 -1.06353 0.917414 2.34176 -0.097504 0.556834 0.446394 0.351205 -0.270793 -0.570268 -0.597693 0.603531 0.756242 0.428706 0.301115 0.3429 -0.106104 0.951262 -0.180065 -0.311029 -0.498751 -0.164245 -0.32027 -1.16112 -0.140172 0.676502 0.599559 0.875626 -0.668674 -1.30865 0.688627 0.433696 0.769393 1.45702 -0.716338 0.849545 
-0.505674 2.0254 -0.116514 -0.675546 -1.12053 1.20339 2.15857 0.515168 0.312044 0.0194935 -0.516118 0.930553 0.189945 -0.630176 0.0569976 0.624634 0.829311 0.993917 -0.21879 -1.96183 0.210695 0.717309 1.04454 1.00166 0.621001 1.60685 -1.09327 0.0307411 0.848459 0.86151 0.955551 -0.855703 -1.67418 0.685631 0.64195 1.37954 0.885077 -0.947771 0.278155 
-0.978337 1.7155 0.0138581 -0.155704 -0.479223 0.818732 1.32634 0.0678447 1.04804 1.01898 0.916314 0.266889 0.743287 -1.1414 -0.553139 0.569627 0.784215 1.21198 -1.47548 -2.16125 -0.0228501 1.00488 2.17555 1.72397 -1.08917 0.699471 -0.735162 -0.193757 0.544782 0.467329 0.707014 -0.426879 -2.13436 0.846123 1.27898 1.05106 0.900496 0.550292 0.89478 
-1.0661 1.73789 0.197065 -0.178363 -0.408779 0.516704 1.0397 0.497094 0.998255 1.21331 0.457582 -0.028488 0.766926 -0.541775 -0.361277 0.227496 -0.171561 0.125493 -0.344618 -0.928052 0.937054 0.92741 0.377346 0.2449 0.115218 -0.392763 -1.01205 -0.590533 0.554948 0.829073 1.15143 -0.669958 -1.20489 0.326261 1.08778 1.37073 1.33302 -1.23896 0.129859 
-1.25061 1.52888 0.142299 -0.257702 -0.402448 0.661176 0.847137 0.803664 1.68171 1.22511 1.05334 0.361914 0.433637 -0.469054 -0.377988 0.298362 0.383021 0.611385 0.589437 0.528762 0.460123 0.393745 -0.3229 0.121269 -0.550985 -0.521056 -0.555794 -0.119082 0.50485 0.385287 0.357272 -0.298269 -0.606407 0.447448 1.05745 0.52184 -0.00435152 -0.564543 -0.474779 
-1.30343 1.54249 0.363854 0.0673093 -0.0480372 0.796187 1.31616 0.85834 1.27004 1.03482 0.524677 -0.516517 0.353132 -0.346107 0.174973 0.56234 0.71376 0.439916 -0.0480867 0.1052 -0.334159 0.432188 0.331377 -0.250786 -0.859652 -0.247479 -0.574796 -0.393552 0.296531 0.344053 0.574984 0.177276 0.0965642 0.77589 1.00706 -0.479546 0.364057 -0.459017 -0.460624 
-1.42886 1.62422 0.451935 0.195313 -0.141917 0.642366 0.903889 0.541093 1.97957 1.40598 0.909977 -0.396257 0.241922 -0.448922 -0.241939 0.166494 0.101104 0.298886 -0.350955 -0.400627 0.591642 0.900997 -0.3178 0.382779 -0.0532959 -0.10002 -0.404887 -0.291623 0.428368 0.527308 0.671784 0.349865 0.0711647 0.250229 0.290489 -0.364359 -0.457818 -0.290833 0.1343 
-1.53109 1.41862 0.459284 0.136246 0.130073 0.635667 1.11054 1.32288 1.88581 0.859117 0.739701 -0.568973 0.281118 -0.302782 -0.633866 0.108182 0.0284643 0.623689 0.515645 -0.0114257 0.667522 -0.0597255 -0.816857 -0.382767 0.478741 0.431906 -0.499783 -0.489991 0.197675 0.409559 0.374959 -0.126356 -0.251694 0.258667 0.966697 -0.267653 0.286603 0.124437 -0.0746993 
-1.58628 1.29427 0.51581 0.218711 0.226016 0.887322 0.900146 1.06523 1.94385 0.956169 0.691952 0.0169203 0.601704 -0.350255 -0.530347 0.144146 0.475281 0.29454 0.186429 0.0576347 -0.246748 0.341791 -0.0373621 0.0140611 0.223922 0.00147068 -0.473748 -0.785485 0.148057 0.346398 0.48572 0.575067 0.854708 0.84854 0.046251 -0.40471 -0.149116 0.555492 0.610196 
-1.71133 1.1431 0.542621 0.439757 0.305643 0.726584 1.14261 1.12896 2.12236 0.837455 0.746151 -0.378811 0.291491 -0.455164 -0.605255 0.125053 0.458963 0.145186 0.250822 1.16519 0.483531 0.117837 0.277001 0.176505 0.264384 0.396867 -0.326948 -0.572403 0.139691 0.447233 0.558431 0.926544 0.146562 -0.0274189 0.306953 -0.118124 0.123971 0.517039 0.482055 
-1.81694 0.979366 0.588816 0.511992 0.314299 1.00837 1.50672 1.44486 2.02854 1.10718 0.790293 0.242494 0.933043 -0.175199 -0.372137 0.0760375 0.154165 0.58951 1.04655 0.138137 0.20066 0.0518621 -0.116302 0.157671 0.468132 0.653803 -0.371972 -0.517768 -0.0600796 0.246057 0.408449 0.0739781 0.910808 0.583275 0.244217 0.0886995 0.176501 0.135059 0.272419 
-1.80744 0.95077 0.589102 0.541958 0.6536 1.21995 1.21645 1.28643 2.16232 0.772434 0.833838 0.025081 0.8314 -0.141596 -0.210913 -0.216514 -0.112857 0.50129 -0.149447 0.0644681 0.304993 0.19507 -0.151959 0.0679366 -0.0796517 -0.025431 -0.410711 -0.575548 -0.010331 0.0224764 0.671855 0.711986 0.390532 0.209045 -0.184969 0.628012 -0.0194589 0.182042 0.231053 
-1.8969 0.871808 0.476988 0.446796 0.610699 0.942133 1.54234 1.68426 2.16561 1.02257 0.827219 0.166972 0.921577 -0.482913 -0.535315 -0.0898902 -0.122954 0.474208 -0.0983518 0.387681 0.0764181 -0.291347 0.968099 -0.184468 -0.220999 -0.338376 -0.307579 -0.389769 5.98325e-05 -0.837587 0.100769 0.857929 0.189167 -0.270978 -0.199868 0.321994 0.249675 0.0633295 -0.223131 
-2.05143 0.67264 0.545794 0.470432 0.934173 1.17762 1.41973 1.34632 1.96953 1.30304 0.727986 -0.174147 0.565898 -0.353184 -0.403036 0.218871 -1.06726 -0.342188 1.29136 0.188941 -0.683945 -0.453731 0.591379 0.27779 0.169118 -0.27409 -0.364666 -0.458814 0.0215091 0.168578 0.0491495 -0.227526 0.196526 -0.0619342 -0.519626 0.387197 -0.0944103 -0.201586 0.449323 
-2.07855 0.663231 0.600761 -0.216723 0.414149 1.55004 1.64253 1.14698 1.86271 1.34626 0.982853 0.30917 0.708261 -0.102277 -0.187714 0.125708 0.359937 -0.396873 -0.200456 -0.124317 -0.169677 -0.378864 -0.440814 0.0539268 -0.0413787 0.949333 -0.352788 -0.487302 -0.0129762 -0.0254699 -0.135317 -0.203654 -0.387982 -0.533724 -0.523007 0.230919 -0.0527603 -0.333464 0.553052 
-2.1125 0.57728 0.619154 0.701632 0.705664 1.08752 1.35743 1.21293 1.7174 1.05977 0.756987 -0.216174 1.34571 -0.213195 -0.365 -0.23685 1.03094 0.127324 -1.55848 -0.716306 -0.0540924 -0.22083 -0.274688 -0.350681 -0.606647 1.02549 -0.127498 -0.180562 0.0623432 -0.349577 0.203892 0.54907 0.15163 -0.749963 -0.352159 -0.351504 -0.130484 0.598858 0.871278 
-2.19292 0.474653 0.477928 0.435136 0.491994 0.824525 1.27316 1.10437 1.71774 1.19424 0.782979 -0.227574 1.54989 -0.107306 -0.0957207 -0.0261885 -0.852734 0.719325 0.932418 0.326946 -0.863885 -0.0758052 -0.0273438 -0.234399 0.8421 0.232935 -0.242365 -0.167529 -0.211605 0.188044 0.389288 -0.217499 -0.0315923 0.0966698 -0.17439 -0.219276 0.540509 -0.542228 1.15548 
-2.17599 0.530291 0.610317 0.172603 1.12949 1.52748 1.5292 0.534317 1.67078 1.04362 0.62289 0.515011 1.54397 -0.178305 0.102155 -0.090992 -0.766546 0.4888 1.27298 0.67107 0.177592 -0.00503791 -0.0152851 1.09897 -0.10815 0.541573 -0.235764 -0.260571 -0.241642 -0.486532 0.147687 0.158919 -0.513696 -0.534063 -0.568236 0.322919 1.29086 1.0332 -0.496805 
-2.29053 0.531708 0.434024 -0.0398617 0.781094 1.42383 1.62343 1.24372 1.71911 1.1847 1.40313 -0.328038 1.9987 -0.273739 -0.314115 -0.348512 0.167047 -0.485903 -0.718301 -1.02438 0.125385 -0.656969 0.46801 2.02128 0.535487 -0.903 -0.148823 -0.200248 0.0935082 0.0755659 0.303946 0.716335 0.143656 0.211918 -0.299406 -0.00877862 0.149908 0.016072 -0.0399371 
-2.31945 0.368469 0.427061 0.28288 0.848947 1.19508 1.00003 0.632664 1.23006 1.29954 1.76477 0.977851 0.820132 -0.0650503 -0.41669 0.23913 0.872528 -0.00786009 -0.319007 -0.479228 0.103413 -0.381734 0.00896996 -0.891332 0.134852 -0.593056 -0.136185 -0.274479 -0.0817883 0.150256 -0.261107 -0.60161 -0.730384 0.690141 -0.782123 0.124764 0.932539 -0.552319 -0.559695 
-2.33371 0.315952 0.56876 0.512686 0.779933 1.27826 1.37704 1.32481 1.46503 1.18849 0.897424 -0.215829 1.52646 0.0503984 -0.117694 0.223185 0.0441307 0.0717846 -0.0770267 0.0338074 0.80919 -0.351093 -0.294369 -0.730364 -1.26369 0.147784 0.0127917 -0.37642 0.252897 0.705601 0.266334 0.153837 -0.115638 -0.745463 -0.781098 -0.390128 -1.11182 0.0493123 -0.697471 
-2.30716 0.309926 0.553169 0.3161 0.894333 1.16273 1.01975 1.26806 0.996762 1.13671 1.35012 -0.133926 0.949275 0.0776459 -0.176171 0.157656 0.120808 0.429221 0.526379 0.320294 -1.13083 -0.625008 -0.529175 -0.647459 -0.0640022 -0.348702 -0.18588 -0.167828 -0.045997 0.28057 0.289507 0.276377 0.255264 -0.0410041 0.0418156 -0.388277 -0.926946 -0.996153 0.174787 
-2.30832 0.226662 0.659408 0.593975 1.03421 1.52824 1.54536 0.436547 1.04598 0.89669 0.52967 -0.277656 1.25257 -0.352442 -0.145623 -0.292677 0.350584 0.386283 0.447045 0.309019 -0.873844 0.403496 -0.223342 -0.552534 -0.0539848 0.0914609 -0.01572 -0.00229003 0.112103 0.344499 0.131686 -0.079389 0.58496 0.373419 -0.0905425 -0.232715 -0.253703 -0.231118 -0.474792 
-2.48845 0.236698 0.400126 0.541437 1.12352 1.37558 1.18223 0.58163 1.27516 1.0129 1.03606 -0.186985 1.0327 -0.110205 0.174379 0.0194899 0.363945 -0.221145 -0.628566 0.468548 1.63255 0.507057 0.221094 0.296432 -0.237598 -0.291557 -0.146648 -0.16854 0.129849 0.149692 -0.0705862 0.121016 0.599999 -0.770926 0.127448 -0.211671 -0.524371 -0.025209 -0.288188 