-1.56085 0.767165 -0.552418 0.116596 1.12397 0.781033 0.937892 1.5571 0.463758 0.175595 0.958067 -1.3588 1.28326 0.277016 0.236789 0.311153 -0.28998 -0.100408 0.122265 0.012579 -0.423066 -0.901319 -1.27458 0.484519 0.525227 0.124033 0.761308 -1.36785 0.333088 0.204098 -0.646858 0.0995542 0.334946 0.953429 0.317249 0.284715 0.265413 0.304052 -0.456832 
-1.39146 0.954141 -0.112732 0.273044 1.13201 0.998962 0.84038 0.833017 0.476011 0.386734 1.03582 -0.807132 0.109935 1.52382 -1.66017 1.21416 0.838574 -0.991761 0.707613 1.36977 0.504988 1.15943 0.903382 -0.680935 0.0690474 -1.93777 1.34464 -1.26951 0.576672 -0.675969 -0.738645 -0.0221594 0.524136 0.897845 -0.271408 -0.0358477 -0.136357 -0.387783 -0.15193 
-0.844287 -0.177998 0.207277 0.390146 0.6235 1.05189 1.83995 1.92041 1.26505 0.7077 0.550189 -1.26713 -0.249506 1.9596 -2.12076 0.570273 -0.730784 -0.983263 -0.161564 0.684301 1.57202 0.56481 1.22419 -0.686617 -1.02411 -0.307006 0.579862 -0.195699 1.06235 -0.46529 0.143125 0.140975 0.807171 -0.31529 0.138335 0.665048 -0.266313 0.206531 -1.20335 
-0.467089 -0.248297 0.247878 0.0318861 0.635794 0.935412 1.29235 1.95995 0.864608 1.10803 0.624532 -1.79756 -0.137795 -0.559984 1.36895 0.412407 -1.54062 1.2126 -0.499366 -0.292025 -0.905544 -0.993151 -0.0223038 0.295491 0.196886 0.395195 0.161078 -0.46446 0.235039 -0.222308 -0.103095 -0.910145 0.784424 0.707321 1.20576 0.49472 -0.753821 -0.682242 0.302111 
-1.12141 0.568826 0.47004 -0.116619 1.22708 0.858376 1.65085 1.27428 0.572345 0.693894 0.72773 -1.04893 0.0560974 -1.69273 1.43089 -0.212985 0.396314 0.83984 -1.2252 0.362838 -0.666417 0.911285 -0.56947 -0.386615 0.146289 0.711157 -0.63124 1.04404 -0.156625 -0.814078 0.43237 -0.736143 -1.10541 -1.36241 -0.170044 -1.58297 -1.07947 -0.685531 0.087732 
-1.28437 0.533127 0.123017 0.160386 1.05267 0.462636 1.53324 1.48495 1.49367 0.77154 0.393115 -1.62944 0.416786 -0.491766 0.178708 -0.656017 0.310932 -0.563845 -0.623359 -1.2039 -0.832469 0.781024 -2.08418 -1.82816 -1.07894 -0.26826 -1.11062 1.58738 -0.207459 0.386862 0.885103 0.202354 0.369959 -1.57694 -0.293013 -0.93395 -0.349551 -0.0838512 0.597024 
-1.36599 0.65081 0.0705852 -0.0161218 0.940928 0.617153 0.863011 0.68045 1.111 -0.535873 -0.367971 -2.09363 -0.161101 -0.156831 0.922688 -0.108614 0.190761 0.4787 1.52658 0.126573 -1.34562 -1.27431 -0.674476 -0.116262 -0.254047 0.074347 -0.432616 0.25278 -0.581623 0.850603 -0.55674 -0.181019 -0.468865 0.403942 0.57268 -1.04121 -0.42385 -0.857606 0.170323 
-1.36924 1.03068 0.0628473 0.22147 1.28868 1.04859 1.619 0.523883 0.605836 0.373125 0.323788 -1.8576 0.469561 -0.229422 0.195296 -0.239631 0.977685 -0.250712 0.343 0.564543 1.35057 -0.0817704 0.697684 1.22046 -0.0245561 0.501995 -0.124112 0.0933903 -0.334201 0.431533 0.326393 1.09551 -0.251731 -0.567907 -0.225242 -0.395222 0.233835 0.55652 0.380866 
-1.48548 0.74206 -0.07079 0.303052 0.811611 0.747731 1.23635 1.6489 1.05084 -0.125076 0.364139 -2.09463 0.22866 -0.0509285 -0.785104 -0.407435 0.463892 0.013271 0.130105 -0.473746 0.622399 0.994445 0.146485 0.43644 0.970379 0.431643 0.412721 -0.624026 -0.329372 0.951391 0.021319 -0.0419391 -0.0323132 1.17729 -0.530143 0.881316 1.09642 1.29376 0.607426 
-1.40361 0.574304 -0.182534 0.372134 1.29158 1.09726 1.31059 0.971222 1.29262 0.45886 0.585835 -0.873735 0.803885 0.915092 -1.12184 -0.26901 0.463402 0.291349 -0.412313 -0.616455 0.155315 -0.572226 0.47081 0.316673 1.68964 0.296962 0.963023 -1.9088 -0.0127636 0.016071 -0.515509 -0.684963 0.347132 0.186539 0.951503 0.677141 -0.406655 0.930972 -0.702346 
-1.05919 0.0975923 -0.230375 0.453556 0.953783 0.587707 0.834229 1.76198 0.650281 0.151925 0.55438 -0.39878 0.456856 1.65244 -2.04712 0.38454 -0.437745 -0.76683 -1.17517 0.932438 -0.381981 0.169654 0.750666 -1.01988 0.227833 -1.32636 1.31183 -1.80415 0.389691 -0.458686 0.374927 -0.0773268 0.431432 -0.278863 0.424612 1.11953 -0.0776092 1.66892 0.606246 
-0.62571 -0.587001 0.0629566 0.227084 0.903764 0.64373 1.92549 0.699779 1.40696 0.900903 -0.0252592 -0.624896 -0.247097 1.26692 -1.55515 0.863566 -1.15546 0.272424 0.289301 1.18859 -0.509344 1.08979 1.01426 -0.435888 0.45823 0.500468 1.63872 -2.04903 -0.0129514 -0.918182 -0.212326 -0.319015 0.0346503 0.266231 0.582042 0.559271 0.0298707 0.777254 0.365228 
-0.465132 -0.788913 0.312021 0.0731136 1.08648 0.697624 1.61731 1.39939 1.40324 0.749417 0.293421 0.0781238 0.845414 1.07361 -0.993104 -0.407723 -0.949435 0.461808 0.685409 -0.894239 0.724188 0.541088 -0.0101622 1.0523 0.77256 1.81213 1.55891 -1.58401 -0.250928 -0.858195 0.478209 0.840845 1.34131 -1.34891 0.355585 0.207722 0.0549104 0.557275 0.139181 
-0.123831 -1.15956 -0.182603 -0.0857857 1.13131 0.906047 1.34097 1.21996 1.77909 0.894258 0.60603 0.163156 1.17505 1.3263 -0.795314 -1.25186 -0.140969 0.444147 0.980956 0.607925 -1.21144 -0.656928 -0.740953 0.503634 0.259073 -0.307004 0.999124 -0.982617 0.00851215 -1.10091 0.584179 0.381406 -0.115001 -0.110255 -1.21369 -1.54244 -0.259648 0.251629 0.326794 
0.157242 -1.25099 -0.45674 0.0253988 1.30517 1.07365 2.01913 0.534346 0.94389 0.311798 0.595755 0.357887 0.597686 0.587986 -0.465328 0.417469 -0.714179 0.411537 -0.112322 0.731058 -0.862858 -2.03385 -2.04245 -1.42834 -0.448591 -1.37606 0.677126 -0.916402 0.128763 -0.79497 0.980636 0.146148 0.120899 -0.0652888 -0.616894 -1.18597 -0.0682671 0.236276 0.275168 
0.146472 -1.43732 0.0832974 -0.321498 1.33368 0.861443 1.82364 0.604382 0.364093 -0.310903 -0.249958 -0.25758 0.0849043 -0.200587 -0.564903 1.44609 -1.05982 1.01573 -0.76486 -0.453665 1.1302 -0.103519 -0.837917 -0.60967 0.0451384 0.676314 0.130868 -0.746228 0.664535 -0.132898 0.994693 -0.233549 0.280611 0.070788 -0.866962 -1.46396 -0.957036 -0.264346 0.114185 
0.0515061 -1.58437 0.446711 -0.323674 1.81015 0.777987 1.72391 1.34509 0.868634 -0.183004 0.230604 0.425882 1.12481 -0.371391 -0.642473 0.598758 0.514967 1.06913 -0.247748 -0.361879 0.95543 0.966548 0.094132 0.0684087 0.108555 1.53721 -0.129625 -0.535353 0.897094 -0.192608 0.321585 -0.885296 -0.603552 1.47161 -0.234342 -0.594247 -0.390836 -0.661819 -0.256678 
-0.0407144 -1.81402 0.461562 -0.154083 1.8654 0.764734 1.58868 1.29005 1.03152 -0.256043 -0.208564 -0.126811 1.29041 -0.0163462 -0.230113 -0.0730714 0.770277 -0.530869 -0.584196 -0.366939 0.751604 -0.187506 0.0454271 0.0485461 -0.896679 -0.994738 0.0786183 -0.129783 0.173568 -0.0455751 0.379593 -0.510953 0.0308235 0.328454 0.508323 0.302217 1.58798 1.16261 0.124174 
0.0336271 -1.73074 0.40857 -0.0725239 1.54051 0.551832 1.48562 1.8849 0.735087 -0.156866 0.260089 -0.438406 0.335149 0.501028 0.449031 -0.33578 -0.582078 -0.498456 -0.533266 0.394928 -0.533748 -0.346265 0.304754 2.16223 1.38775 -1.36315 0.23687 -0.180876 -0.441115 -0.158715 -1.02254 -0.883704 -1.47792 -1.13224 -0.660746 -0.759548 -0.177631 -0.624979 -0.00112687 
0.188122 -1.58105 0.260593 -0.34647 1.612 0.558174 1.85065 0.91 0.787782 -0.0769707 1.08819 1.2702 0.210443 0.409355 -0.0391153 -0.607007 -1.00854 -0.97281 -0.762444 -1.63027 -2.19563 -0.626751 -1.0576 -0.308875 0.0925487 1.00677 0.511945 0.369072 -0.691747 -0.320704 -0.368951 -0.0636215 -0.226272 -0.613548 0.0619088 -0.194876 0.926249 0.555006 -0.000187005 
0.218748 -1.77043 0.039492 -0.40478 1.04954 0.257097 0.417825 0.315518 0.296682 -0.781222 0.0752804 -0.323481 1.12267 0.349776 0.0974667 -0.728821 0.0987553 -0.0382819 0.431051 -0.707842 -0.247766 0.418762 -0.56649 -0.865177 -0.673367 1.37639 0.798566 0.440841 -1.24553 -0.33474 -0.159539 -0.0611028 -1.11797 -1.07448 -0.31834 -0.33716 0.284789 0.66587 0.573961 
0.344833 -1.54444 -0.183986 -0.315561 1.58908 0.722629 1.38852 0.734608 1.07501 -0.411703 0.569845 0.626966 1.28923 0.91846 0.692066 -1.30722 0.503987 0.745883 0.664051 0.117441 0.825377 0.232653 0.606768 0.700941 0.764505 -0.251087 0.61809 1.51678 -0.177821 0.171275 -1.66115 -0.520304 -1.48458 -0.981464 -1.4267 -0.714984 -0.743032 -0.333416 1.45856 
0.646642 -1.4017 -0.763583 -0.240966 1.41936 0.511197 0.497589 0.908119 0.454746 -0.424041 0.49591 0.456597 0.919005 0.677681 2.1514 0.452693 0.162182 -2.41016 -1.22625 -1.29832 -1.00368 -2.17291 -0.386457 -0.192833 0.244447 0.523168 1.65328 2.06566 -1.26447 1.33818 -1.89655 -1.61455 -1.30844 0.0542286 -1.20382 0.101887 -0.581088 0.648447 0.385182 
0.657908 -0.360559 0.103746 -0.26385 0.378207 0.249446 0.538686 0.0182485 -0.436499 -0.640263 0.454611 0.892251 1.69567 1.83181 2.37094 -0.63607 1.52223 -3.54259 -3.11971 -1.88658 -0.753956 -1.71331 -0.474116 -1.53048 0.0701265 0.762658 1.77189 1.16203 -1.28242 1.74283 -2.83442 -2.37336 -2.13953 0.217495 -1.54823 -0.118326 -1.44904 -1.06428 -0.405329 
1.51008 -0.0951857 -1.15067 0.256805 -0.358677 -0.69048 -0.738504 0.370473 -0.737781 -0.704296 -0.421313 0.549326 1.51417 2.27 -0.428726 -2.42351 2.47618 -1.77404 -2.38085 -1.58918 1.28364 0.269643 0.226453 -1.86123 -1.61391 -1.03381 1.43962 0.666073 -0.79431 1.48611 -3.08791 -2.38232 -1.1133 0.201896 -0.104287 0.699983 -1.22239 -0.864186 -0.618098 
1.7303 -0.617872 -1.39122 0.546791 -0.514061 -0.66796 -0.502132 0.938801 -0.252763 -0.507367 -0.660916 -0.682005 0.875221 0.562881 -1.38391 -0.585885 0.727776 -1.01664 -0.500983 0.380025 1.01399 1.58187 1.40162 -0.203822 -1.18209 -1.54844 1.34176 -0.386451 -1.75115 1.17129 -1.87796 -1.44499 -0.65905 1.09593 1.62814 1.3996 -1.28809 -1.83329 -2.51692 
1.76841 -0.886039 -1.50666 0.494015 -0.871608 -0.884619 -0.486325 1.09805 0.356703 0.121639 -0.543136 -0.597483 0.288194 -0.0381716 -0.145428 -0.266445 -0.702427 -0.995159 0.18249 0.693895 0.118322 1.72474 1.63082 0.0342431 -0.745185 -2.20735 0.362868 -0.525651 -0.163005 0.219239 -1.28042 -0.385288 0.612269 0.104665 1.18827 1.31746 0.286762 -1.23606 -2.05096 
1.70201 -0.716941 -1.54921 0.314933 -1.01623 -0.599137 -0.0438634 1.0254 0.940885 0.453736 -0.640007 -1.39633 -0.869976 0.0398208 0.603283 0.332487 -0.39428 -0.868545 -0.0893422 0.435451 -0.878147 -0.127235 0.346494 0.598671 -0.40843 -1.09019 0.102563 0.36714 0.139194 -0.680432 -1.0187 -0.226692 0.719104 -1.08756 0.84458 1.20486 0.741471 0.276304 -1.9441 
1.77731 -0.566898 -1.29343 0.363222 -1.31036 -0.920382 -0.197752 0.471529 0.264987 0.325327 -0.183822 -0.978466 -0.576686 0.207659 0.689059 0.476686 -0.325087 -0.502834 -0.532154 0.265345 -1.50528 -0.691848 -0.032352 1.00212 1.10091 -0.293086 -0.0368434 0.806599 0.357711 -0.436563 -0.616269 -0.0448368 0.252114 -1.59054 -0.251534 0.277654 0.530679 0.273535 -1.0218 
1.79095 -0.349887 -1.24661 0.206832 -1.27182 -0.80527 0.133016 -0.0499298 0.4573 0.434004 -0.0388037 -0.283256 -1.10674 -0.102342 0.592187 0.213005 -0.264314 -0.0340796 0.0156313 -0.104621 -1.15125 -0.184887 0.0197485 0.140301 0.76059 -0.217616 -0.0594949 0.402781 0.656762 0.261611 0.0427258 -0.238466 0.0937332 -1.37368 -1.21291 0.386592 0.897587 1.39877 1.11111 
1.71843 -0.253954 -1.15426 0.275053 -1.33118 -0.915758 -0.263796 -0.35044 0.133258 0.336321 -0.0993261 -0.202263 -0.753977 -0.307878 -0.0925629 0.527614 0.722684 0.575142 0.164623 -0.147641 -0.247128 -0.799957 0.543371 0.254495 0.699308 1.74336 -0.221497 0.601874 0.784894 0.600668 0.597699 0.0359891 -0.231564 -0.873655 -1.0992 0.548149 0.200434 0.323352 1.29177 
1.63405 -0.419428 -0.912438 0.442373 -0.987515 -0.743321 0.0387249 -0.224865 -0.101318 0.753798 0.114159 0.432285 0.261216 -0.267491 0.299619 0.987878 1.17483 0.927428 0.0333062 -0.215414 0.0375082 -1.16738 0.705974 0.132754 -0.344321 1.9015 -0.605882 0.525508 0.324316 0.817838 0.572446 0.0227606 -0.843338 0.582534 -1.67102 0.647177 0.697509 -0.239528 1.88945 
1.58079 -0.104431 -0.534815 0.658886 -0.870433 -0.904333 -0.402587 -0.321677 -0.680371 0.752007 -0.0193542 -0.519784 0.738591 -0.70167 0.871097 -0.0333562 0.516367 0.280846 -0.135758 -0.995634 0.993341 -1.25398 0.313958 0.719845 -1.00741 0.713398 -0.97026 0.688198 0.417777 0.0796447 0.596902 0.342126 -0.500306 0.388111 -1.23504 0.695616 2.07764 -0.337985 1.07199 
1.28937 0.0493079 -0.925962 0.610247 -0.850604 -0.796943 -0.612365 0.487938 -0.975051 0.938298 0.546123 -0.541608 0.817563 -1.34848 0.72023 -0.350232 -1.05251 -0.035259 0.480175 -0.466257 0.460372 -0.351579 0.215729 2.7887 -0.0904796 -0.501816 -1.18947 1.23169 0.512313 0.198574 0.718097 -0.368934 -0.798483 0.599811 0.529354 -0.472668 1.26919 -1.02984 -0.141287 
0.927668 0.280034 -0.744742 0.31221 -0.891842 -0.720978 -0.706084 0.009709 -0.927793 0.878578 1.653 -0.586034 0.337351 -1.27913 0.954908 0.816042 -0.214132 0.790621 -0.429751 -0.0872815 -0.225061 1.90007 -0.944873 1.06104 -0.317738 -0.882608 -1.4319 0.851412 -0.012114 -0.286612 0.469986 0.189368 1.18141 0.845713 0.771567 0.56081 1.54571 -0.600716 -1.13579 
0.669321 0.564858 -0.413023 0.538537 -0.458375 -0.963676 -0.667023 0.328795 0.340281 0.38042 1.18265 -0.832816 0.116259 -1.03577 0.54171 0.328333 0.620763 0.739665 -0.198494 2.0476 0.621993 1.29488 0.526821 -0.617695 -0.682428 -0.953399 -1.10155 0.412203 0.19855 -0.448322 0.413223 -0.577595 0.469846 0.355156 1.56898 -0.735574 1.0547 0.19388 -0.715799 
0.423664 0.564782 -0.534088 0.514323 -0.525134 -0.798736 0.641039 0.456758 -0.0324902 1.18861 1.28304 -1.23824 -0.419736 -0.555343 -0.344436 -0.514736 -0.46225 -0.170192 -0.452388 0.711105 0.68085 0.0217229 -0.035437 0.417232 0.567391 -0.0295074 -0.901666 0.183922 0.131668 0.597076 0.819858 0.281464 1.49098 0.722801 0.555539 -0.57757 -0.600496 -0.997931 -0.599366 
0.394416 0.354627 -0.724911 0.385451 -0.547364 -1.13912 -0.197455 0.817964 0.351949 0.358869 1.43318 -0.247856 0.0871971 -0.466035 -0.269843 -0.129639 0.284321 0.482351 0.619925 -0.0496775 0.303379 -0.616663 -1.29715 -0.239221 -0.601652 0.191843 -0.461876 -0.312324 -1.00638 0.186793 1.09755 0.741205 1.14794 0.769448 -0.0657603 0.410864 -0.655745 -0.30268 0.020284 
0.191346 0.396217 -0.607289 0.606092 -0.2873 -0.561613 0.611072 0.675792 -0.463893 0.422984 1.13999 -1.81049 -0.274374 -0.214543 -0.119766 -1.03258 0.746663 1.80303 1.57145 0.825199 0.304104 -0.105886 0.578712 -1.3521 -0.956757 0.0692256 0.578843 -0.50826 -1.94763 -0.519734 1.10242 0.965289 -1.84819 0.598184 0.31061 -2.3381 -0.802206 1.08805 0.690048 
0.282024 0.269892 -1.35776 0.628856 0.351924 -0.535904 0.347029 1.03752 0.27505 0.699504 0.622907 -1.17161 0.135937 1.42817 -0.484987 -2.86176 -1.06873 1.15769 0.839168 -2.44578 0.462823 0.994336 -1.81287 -0.902273 2.00201 0.713951 0.622816 -0.563556 -0.756166 -0.729389 1.13936 0.462499 -1.31222 -0.295976 0.172581 -0.998453 -0.623021 0.40916 0.100328 
0.862302 0.107479 -2.37388 0.254095 0.288775 -0.240138 -0.992198 1.00893 0.222816 -0.646785 0.59941 0.194561 0.282409 1.24987 -0.717083 -0.130855 -1.84824 -0.108333 -0.875307 -2.59943 -0.679991 0.314186 -1.90838 0.4634 1.48345 0.0739975 0.678194 -1.10814 -0.0733856 -0.643269 1.00904 -0.301825 -2.03808 0.302442 0.827729 -0.708524 -0.999771 3.15991 2.09355 
0.867952 -0.148489 -1.43172 0.0212019 0.293917 -0.874062 -1.35713 0.552804 0.489702 -0.42659 0.901119 0.320132 0.188437 -0.300688 -1.15963 2.74586 0.0974398 0.344206 -1.30284 -0.305211 -0.0743639 0.0178821 0.868511 -0.517952 2.06461 2.00672 0.765797 -1.6692 0.556836 -1.51347 0.890573 -0.55868 -1.85544 -0.0141192 1.08473 -1.04923 -1.16689 2.67811 1.03628 
0.708831 -0.558096 -0.664827 0.284572 0.45742 -0.742788 -1.18995 0.957633 0.231818 -0.135245 0.289249 2.26158 1.85789 0.023413 -1.75974 0.981847 -0.439492 1.43497 0.02187 0.0942152 0.664113 1.01339 0.511225 -2.1194 1.96314 1.27951 0.132271 -1.20152 2.13717 -0.921602 0.644443 -0.884166 -0.0208554 -0.392931 1.77946 0.531778 -0.721079 1.14681 0.191724 
0.869033 -1.14927 -0.81601 -0.124421 1.00886 -0.867037 -1.29261 1.03 1.18963 -0.125754 -0.369196 2.28671 1.19088 0.519618 -0.623505 0.529698 -1.48979 0.618296 -0.0444982 0.268718 -0.425361 2.16218 -0.164545 -0.509087 -0.588633 -1.74531 -0.142192 -1.21514 1.52162 -0.24838 0.194459 -0.00517956 0.502627 -0.0502665 1.08187 0.0964686 -0.902485 0.192289 -0.162108 
0.946533 -0.924207 -0.329365 -0.205521 0.763341 -0.761298 -1.01086 0.655145 1.72907 -0.232935 -0.0155973 1.70222 0.476778 -0.261261 -0.0435812 1.34933 0.0655812 -1.13818 -0.0354033 0.57372 -0.726161 0.310678 -0.385773 0.836431 -1.71553 -1.47564 -0.319708 -0.734384 1.47411 -0.734988 0.368278 0.797208 0.919975 -1.38076 -0.458755 0.193289 0.992988 -1.64462 -1.49149 
0.734364 -1.19145 0.0274693 -0.104392 0.435062 -0.882047 -0.913253 0.512241 1.40185 -0.353911 0.132668 0.611857 0.0222636 -1.0529 -0.466729 1.72859 0.379747 -0.0643596 1.24854 0.960825 -1.3361 -2.72858 0.41867 1.9003 -1.52767 -0.169855 -0.637421 0.0815217 1.5568 -0.233526 -0.175471 0.229779 0.902748 -0.905237 -1.03063 0.70289 1.30556 -2.55292 -1.10243 
0.434362 -1.20275 0.74918 -0.0824548 0.727357 -0.28232 -0.37732 -0.299109 -0.168108 0.013317 1.12411 0.213331 0.337123 -0.800776 0.163561 1.03582 -0.417022 0.887682 0.378404 0.632641 -0.427921 -1.57881 1.31714 0.99576 -1.56966 0.0635764 -0.780714 -0.633059 1.08094 -0.481655 -0.233576 -0.160101 0.741779 -0.069104 -1.18366 0.908987 1.39312 -2.06423 -0.690715 
0.342421 -1.11793 0.676632 -0.242645 0.875903 -0.737848 -0.495204 0.207921 0.30267 0.422204 0.730058 -0.918595 0.0665518 -0.247615 -0.473212 -0.0735159 -1.10655 -0.272101 -1.49716 0.0289278 1.24999 1.27267 0.786597 0.0554234 -1.12862 -0.709825 -0.411834 -0.281881 0.890089 -1.08417 0.440894 0.366643 0.921823 0.122056 -0.197305 0.797773 0.726617 -1.17987 -0.796038 
0.3062 -1.48491 0.710764 -0.446856 0.587327 -0.85973 -0.355675 0.597364 0.711776 0.47655 1.15772 -0.880553 -0.228028 0.114175 -0.582608 0.326451 -1.22127 -0.226316 0.17228 0.599388 0.585976 1.33323 -0.259676 0.0196462 0.0514442 -1.07945 0.0367685 -0.35362 -0.0882398 -1.03991 0.111257 -0.499682 0.0341268 0.547004 0.893842 -0.329368 -0.17829 -0.641131 -0.0268491 
0.386782 -1.4612 0.886119 -0.644669 0.758805 -0.672953 -0.0989891 0.629195 1.22459 0.268411 0.742215 -0.844359 -0.789863 0.307603 -0.0522444 -0.065176 -0.46477 0.445794 0.733244 0.00856628 -0.549157 -0.179324 -1.22707 -0.316681 0.303706 0.688595 0.378082 -0.412799 -0.269944 -0.890923 -0.391683 0.844355 -0.00276481 -0.398439 -1.35799 -1.37152 -1.28085 1.4848 0.672054 
0.4428 -1.53193 0.677518 -0.600769 0.806852 -0.579008 -0.347399 0.206281 0.583908 -0.247751 0.968229 -0.556609 0.308774 0.513847 -0.0306264 -0.743916 -0.124674 -0.344052 1.1033 -0.611538 -1.09274 -3.00307 -1.56579 -1.83642 1.85948 1.96198 0.087966 -0.131338 -0.580001 -0.166669 0.026338 0.92164 -0.682839 0.519116 -0.985709 0.708564 -1.33917 1.98454 0.926816 
0.621732 -1.49614 0.432183 -0.68704 0.582739 -0.249854 -0.497878 -0.150899 -0.863096 -0.655647 -0.358437 1.01961 0.750362 -0.162409 -0.143506 -0.827984 0.21447 -0.397731 0.659614 -0.935863 1.21437 -1.03369 2.16598 -1.58237 2.25034 0.523365 0.133995 0.279411 -1.21737 0.635098 -0.156231 0.850757 -1.26769 0.537148 -1.18237 -1.44073 -0.905933 1.11708 1.53408 
0.355269 -1.62992 0.171476 -0.531909 0.603901 -0.326615 -0.959243 1.07726 -0.136931 1.02895 0.0198924 1.69426 0.715375 -0.292049 0.44413 -1.1271 1.08728 0.122017 0.181994 -1.10276 1.78098 1.54874 -0.351649 0.548585 -0.421767 0.0352456 -0.32348 0.370399 -1.38464 0.671502 -0.235461 1.45531 0.783693 0.318815 -1.60136 0.130016 -1.43951 0.715304 0.312284 
0.472381 -1.2659 -0.259256 -0.331922 0.640101 -0.181222 -1.21931 1.12558 0.208397 -0.863679 -0.0291528 0.625427 0.772326 -0.377149 0.691971 -1.29966 0.803206 0.0584826 1.54305 1.98202 -0.804996 -0.934772 -1.99594 -0.458254 -1.32967 -0.10606 -0.956447 0.702772 -0.867893 1.38592 0.447685 0.186891 0.702465 0.200399 1.74192 1.30963 0.0382584 -0.0394467 0.156729 
0.165338 -1.26124 -0.626915 -0.269959 0.629442 0.265674 0.344818 0.503089 -0.789117 -0.148779 -0.254477 0.401366 0.62599 -1.30093 0.597335 -0.207743 1.01115 0.549396 0.0959271 2.03961 -1.52286 0.585259 2.08936 -0.504332 0.371153 0.18091 -0.880522 1.28855 -0.0239708 1.10995 0.337959 0.361947 1.60436 -0.500328 0.894647 -0.580182 0.915426 -0.790301 0.538463 
-0.158066 -0.950079 -0.380867 -0.00177079 0.911514 -0.145704 0.122567 0.0376665 0.611186 0.367838 -0.331148 1.01614 0.909073 -1.08947 1.21837 1.25957 0.877746 0.4506 -0.999491 0.168468 0.168096 2.0291 1.22215 1.74004 0.312789 0.815839 -1.4533 1.00607 0.886275 0.493956 0.707954 0.0116051 2.51648 -0.2644 0.58608 2.22365 0.179148 0.0450848 0.208688 
-0.364273 -0.598531 0.160928 0.0164374 0.851373 -0.120263 0.458087 0.625308 0.615771 0.571313 0.789147 0.734301 1.26306 -1.11894 0.89401 1.56417 -0.262069 0.507066 -0.0839907 1.33828 1.1873 0.130438 0.863066 0.747355 -0.312984 0.102434 -1.36742 0.931652 1.1985 0.335668 0.332719 -0.953109 0.172699 0.477008 1.69854 1.45048 0.642746 -0.0640699 -0.39666 
-0.701728 -0.468545 0.595767 -0.0892031 1.16173 -0.179408 1.00394 0.889279 0.698308 0.876167 0.11731 0.729634 0.983981 -1.18747 0.162588 0.575864 -0.368116 0.0507303 -0.452467 0.0554963 0.443331 0.0516661 0.702749 -0.842957 -0.39509 -1.31527 -1.21452 0.606603 0.945031 -0.431659 0.493102 -0.0670701 0.282417 1.7709 -0.0025509 0.555356 1.36068 0.3547 -0.116381 
-0.940616 -0.52555 0.525004 -0.105775 0.873032 -0.295736 0.497177 0.944498 0.648221 0.985097 0.284128 0.366524 0.220817 -0.903544 0.0048103 -0.1176 -0.389106 0.231539 -0.0234578 -0.966668 1.07678 -0.137038 -0.127765 1.16261 0.769595 -0.239439 -1.13915 0.227779 0.678549 -0.625448 0.211491 -0.272692 -0.0979356 0.508548 0.0839674 0.675606 -1.39231 0.0670468 -0.910384 
-1.14268 -0.483695 0.530028 -0.2183 1.27394 -0.189823 0.371871 1.66179 0.599788 0.800167 0.814733 1.51475 0.789494 -0.709576 0.174332 0.461862 -0.57622 0.271252 0.0330003 -0.195713 0.208381 0.0478988 0.192362 -1.13108 0.481522 0.151538 -0.791708 0.230339 0.6029 -0.191852 -0.0362904 -0.583585 -0.835692 0.810403 -0.0994277 0.091386 0.187328 -0.823588 -1.24355 
-1.28907 -0.44601 0.81842 -0.296241 1.00514 -0.284429 0.371322 1.09555 0.678056 1.09789 -0.393633 0.866484 0.334419 -0.415266 0.335907 1.03927 0.100709 -0.27613 -0.867771 -0.166317 -0.0395145 0.0115627 0.246462 -0.908041 -1.82931 -1.35512 0.0387436 -0.63217 -0.800907 0.34041 0.500932 -0.00777892 -0.0997541 -1.44206 0.862891 -0.245123 -0.308149 1.36903 0.404927 
-1.35078 -0.313904 1.18132 -0.186751 1.13189 -0.525081 0.265318 1.63544 0.604404 0.944863 0.270693 -0.272731 -0.28415 0.772852 -1.11296 -1.69394 1.09302 0.478937 -0.0504781 0.0530492 -2.04813 1.00747 -0.520875 0.686609 1.28042 0.385565 0.762732 -0.295504 -0.794595 0.534258 -0.708345 0.874257 0.456148 -2.44239 1.7033 -1.32195 -2.4915 -0.517345 -0.509483 
-0.93061 -1.08552 -0.224347 0.0607611 1.24126 -0.305239 0.408806 -0.368272 1.37388 0.790056 0.0184041 2.15726 0.632433 1.68344 -0.775161 -2.26166 0.709345 -0.762715 2.18873 0.771707 -3.07793 2.07505 -2.00605 -2.61675 1.1637 0.709794 2.00472 1.72737 -1.41046 -1.27856 -2.10477 1.12686 -0.214193 -3.88102 0.375456 -2.62492 0.0698989 0.00215769 -1.00294 
-0.5581 -0.764726 -0.213322 0.0444153 0.746143 0.315628 0.774678 -0.565359 2.04118 -0.23883 -1.29781 0.902498 0.269357 2.56232 3.67419 -0.473319 -3.02539 -3.58369 1.75475 -0.349708 -2.90685 -0.550222 -2.97032 -0.597717 -1.2775 -1.66898 3.24466 1.69527 -2.7644 -2.12654 -3.64516 3.26677 -0.678347 -4.00122 1.34489 -2.01615 -0.787524 1.62511 -0.71819 
0.281175 0.948957 -0.510564 -0.932966 -0.557362 0.368499 0.181836 -2.44664 0.988588 -0.962303 -0.33958 0.916008 -0.688533 3.7153 3.28877 -1.98284 -3.92451 -4.62092 2.76272 -1.69296 -2.03057 -0.428236 -0.676108 1.49597 0.927798 -1.625 3.02715 1.70562 -1.42743 -2.99321 -3.94861 3.07212 -1.37181 -0.744759 0.0375298 -3.06234 -0.923936 -0.988973 -1.95958 
1.2035 1.05446 -1.43515 -1.2442 -1.57197 1.37718 -0.334281 -2.01661 1.74055 -0.638208 -0.400517 1.84422 -1.01695 2.47443 -1.14523 -1.71997 -1.50087 -2.24888 2.90133 -1.50471 1.95775 0.592804 -1.1022 -0.715517 0.00494291 -0.851478 2.80461 1.23015 -1.11622 -2.71232 -2.87133 2.24437 -1.12978 -0.166281 -1.40509 -1.5838 0.152284 0.880378 -1.56082 
1.45105 0.291423 -1.56947 -1.42669 -1.68745 1.48338 -0.803518 -1.04366 1.39661 -1.61296 -0.768192 0.944214 -1.36531 0.951085 -1.46506 0.267004 -0.176819 0.382098 0.637307 0.164231 1.82034 -1.29939 -1.43147 -1.29084 0.205304 -0.379814 1.76461 -1.15951 -0.761622 -1.24643 -1.26497 2.33524 -0.747818 1.5365 -0.928768 -1.4015 -1.14672 0.11589 -0.606557 
1.64695 0.218279 -1.26251 -1.30367 -1.38435 1.62099 -0.223794 -0.711968 0.835304 -1.48305 -1.17407 2.07075 -1.32205 0.461135 -0.57558 0.548169 -0.382881 0.386547 0.636578 0.489975 0.00694603 -1.73595 -0.763117 -0.912023 0.144345 0.0806235 0.59099 -1.42546 0.283725 -1.07465 0.0262694 0.670842 -0.566401 0.827991 -1.28311 -1.61202 -0.698431 -0.582168 -0.416153 
1.66086 -0.0479186 -1.22256 -1.55375 -1.4976 1.72691 -0.479146 -1.03676 0.188375 -2.06365 -1.31462 1.11041 -1.30758 0.0312711 -0.650237 0.164978 -1.44707 -0.334136 0.374982 -0.934843 -0.760609 -0.278553 -0.713607 0.295758 -0.954342 -0.144827 0.24343 -0.408539 0.569784 -0.878944 0.290278 0.69551 0.379437 0.199461 -0.740264 0.126419 -0.358409 -0.146952 -0.0224532 
1.65178 -0.162764 -1.15311 -1.77975 -1.55545 1.76387 -0.834968 -1.25438 0.638566 -1.90454 -0.996367 1.14939 -1.44199 -0.0572094 -0.031336 0.322688 -0.944941 0.0519955 0.413143 0.0121887 0.249977 0.824113 0.928373 0.396649 -0.333306 -0.0961691 -0.200047 -0.407019 0.397216 -1.15973 -0.154492 0.469068 0.3682 0.248046 0.0618134 0.0726036 0.372612 -1.3596 0.112035 
1.6235 -0.0832592 -1.0154 -1.86514 -1.47531 1.88447 -0.468491 -0.855948 0.756941 -1.51681 -1.07643 0.803792 -1.38918 -0.365405 0.0455761 0.441124 -0.305528 0.114676 0.331126 1.42189 1.07959 0.350934 0.807344 0.22021 -0.795169 0.303189 -0.378619 0.0832411 0.832003 -0.46518 0.0397155 0.183005 0.784149 1.0576 0.988083 0.790232 0.63739 -0.681022 0.0424566 
1.46745 -0.155143 -0.872544 -1.88144 -1.50176 1.88988 0.101305 -0.47985 0.878722 -1.42908 -0.863961 0.385583 -1.20889 -0.574115 0.153866 0.950471 0.243057 0.0158586 -0.141118 1.03458 1.10303 0.384873 0.119072 0.492875 -0.542947 0.164559 -0.336561 0.724522 0.878356 0.197355 0.373393 -0.239238 1.40281 0.965595 -0.0855234 0.360483 0.166758 -1.37738 0.327651 
1.33964 -0.0151506 -0.419145 -1.78691 -1.47112 1.82879 0.213474 -0.0646487 1.02065 -1.44724 -0.780546 0.289655 -1.26531 -0.195923 1.02815 0.90315 0.605919 0.446828 -0.699829 0.457385 0.1559 -0.459347 -0.331023 0.00533373 -0.977216 0.133988 -0.397428 0.819376 0.962027 0.439863 0.0553912 -0.59296 1.23749 0.426351 -0.574601 -0.394409 0.176906 -1.06827 -0.00924446 
1.36393 0.401319 -0.305614 -1.6842 -1.28172 1.61923 0.404279 -0.36636 0.556504 -1.62494 -0.860384 -0.558427 -1.10911 -0.0885129 1.06056 0.522173 0.424198 0.0751864 -0.764336 0.622225 -0.556301 -1.09342 -0.645983 -0.253014 -0.831649 -0.163024 -0.284268 1.08277 0.986685 0.29332 0.197622 -0.643027 0.699039 0.0823636 -0.436594 -0.259898 0.242306 -0.694234 -0.100889 
1.28735 0.559411 -0.0883482 -1.64926 -1.43721 1.53333 0.624683 -0.460844 0.258355 -1.82885 -0.931862 -0.510261 -1.39959 -0.278376 0.576959 0.607324 -0.160353 -0.145363 -0.281598 0.474855 -0.0485423 -0.0798571 -0.0171265 0.326795 0.0839615 -0.250959 -0.252185 0.966051 0.488649 -0.0446607 0.0988522 -0.704552 0.557207 -0.53294 -0.811624 -0.541782 0.63723 -0.429548 0.403387 
1.2211 0.705757 0.0779603 -1.73827 -1.35827 1.5095 0.718724 -0.399178 0.49767 -1.6357 -0.664074 -0.452002 -1.31268 -0.332392 0.371426 0.224207 -0.489925 0.0801559 -0.310452 0.119156 -0.122254 0.0940267 -0.0767826 1.14231 0.279016 0.698136 -0.439267 0.702185 0.610573 -0.308927 -0.506963 -0.35897 0.182599 -0.716535 -0.148256 -0.446809 0.997249 0.286656 -0.473961 
1.11876 0.749043 0.0577674 -1.81143 -1.40081 1.41249 0.705573 -0.546413 0.320205 -1.87478 -0.246607 -0.210757 -0.855266 -0.453883 0.463636 0.326113 -0.305153 -0.595551 -0.26879 -0.237568 -0.864514 -0.105534 -0.579422 1.07043 0.285084 -0.348434 -0.584571 0.625878 0.302814 -0.263621 -0.646727 0.321902 -0.142146 -0.511737 0.623088 -0.319197 0.868772 0.844935 -0.100234 
0.99458 0.946895 0.287238 -1.83983 -1.6603 1.4047 0.565386 -1.01595 0.421015 -1.97806 -0.0219188 -0.146491 -1.59305 -0.64169 0.555984 0.237062 0.0929573 -1.02784 0.793245 -0.318866 -0.529219 0.667082 -0.350173 0.0736513 0.808475 -0.814261 -0.567373 0.753401 0.185643 0.356272 -0.618927 0.16764 -0.0298091 -0.464374 -0.529435 -0.684838 0.188959 0.275405 -0.368843 
0.802679 1.04176 0.21185 -1.78242 -1.91935 1.7163 0.498855 -0.923227 0.779783 -2.08195 -0.202071 0.612846 -1.50271 -0.491576 0.652927 -0.0446096 0.845952 -0.311006 0.517501 0.189026 0.273537 -0.547594 -0.333461 -0.813559 0.069483 -0.11503 -0.741979 0.991266 0.354518 0.505176 -0.66268 0.32004 0.0290745 -0.455307 -0.0126339 -0.0202854 -0.00537788 0.73594 -0.742498 
0.750082 1.29377 0.266739 -1.56386 -1.81982 1.60241 0.692154 -0.818268 0.0375494 -2.17536 -0.509312 -0.0543986 -1.68951 -0.594359 0.913398 0.303531 0.673102 0.0565543 -0.313278 0.349561 -0.0501772 -0.686054 0.320463 -0.090961 0.138752 -0.13238 -0.808066 0.755442 -0.135666 0.899123 -0.145019 -0.643957 0.186836 0.567401 -0.386245 0.488901 -0.030539 0.782698 0.722263 
0.509169 1.53413 0.407131 -1.56314 -1.89477 1.59438 0.731031 -0.957215 0.300219 -1.89361 -0.256228 0.773506 -1.61284 -0.854459 0.466663 -0.166844 0.516065 0.10556 -1.50034 0.053962 0.453347 0.0701715 0.980445 0.760751 0.937916 1.06248 -0.6138 0.795142 0.275403 1.01269 0.0721064 -0.0182204 0.0961174 -0.425952 -0.409184 0.372893 -0.091696 -0.00532961 -0.381571 
0.33254 1.53659 0.170477 -1.39609 -1.7707 1.02378 0.730237 -0.49191 0.0828428 -1.59781 -0.0528224 0.897335 -0.858083 -0.428366 0.265078 0.115683 0.860725 0.0592197 0.279956 -0.228649 -0.491725 0.180484 0.172351 -0.0481284 -0.14546 -0.347544 -0.90703 0.469543 -0.0191097 0.461276 0.0648186 0.553714 -0.520452 -1.26898 -0.00410962 0.680895 0.638179 0.742736 0.146996 
0.294814 1.66436 0.485983 -1.28233 -1.86886 1.7007 0.58355 -1.3072 0.422075 -1.79262 -0.284705 0.652832 -1.89251 -0.656278 0.228861 0.134213 0.183583 -0.000567516 2.33489 -0.762742 -2.07202 -0.078684 -0.0783054 0.129885 0.0180558 -0.858913 -0.608992 0.242496 -0.0644939 0.439564 0.677178 0.821978 -0.356472 -0.875041 -0.987211 0.876277 -0.0771802 -0.0117133 0.155416 
0.00950256 1.64659 0.260813 -1.33736 -1.77473 1.92072 0.232066 -1.97283 0.0248234 -1.64464 0.0254293 0.938521 -1.54071 -0.586357 0.0936711 -0.217944 -0.193924 0.951711 0.961671 -0.25947 -0.623788 -1.39534 0.989446 -0.0704818 0.130536 0.562002 -0.488383 0.495852 0.454881 0.432252 1.11941 1.30666 -0.412765 -0.931689 -0.748531 0.664575 -0.23102 -1.11613 -0.773963 
0.00511874 1.69884 0.358049 -1.34741 -1.39595 2.06931 0.415831 -1.75169 -0.549767 -1.20976 -0.326584 0.80536 -1.45546 -0.157722 0.505686 0.56036 0.472157 1.66575 -0.35779 0.198872 0.884156 -0.843292 0.958756 -0.465536 -1.45425 -0.128415 -0.80737 0.555092 -0.155358 0.122599 0.948657 0.412527 -0.162096 -0.91362 -0.498483 1.01008 -0.51327 -1.28779 0.192345 
-0.0757929 1.91122 0.615279 -1.18398 -0.9442 1.78168 0.365299 -1.33816 -0.563871 -1.07988 -0.253306 -0.477692 -1.64772 -0.758519 0.728744 -0.0237224 0.381225 0.460853 -0.341361 0.0329151 -0.541 0.780192 0.350165 -0.663374 -1.78763 -0.299791 -0.414933 0.288233 0.0684018 0.465439 1.48233 -0.47821 0.795546 1.09883 -0.398096 1.06652 -0.692074 -1.59338 0.109185 
-0.366673 2.08806 0.350496 -1.22386 -1.16889 1.93658 0.440095 -2.13693 -0.0116852 -1.00391 -0.723933 -0.940863 -1.69751 -0.534037 -0.0790962 -0.45873 0.233788 0.536341 -0.373538 0.863232 0.521505 0.351327 0.455865 -0.52058 -0.596107 0.283092 -0.147481 -0.850907 0.817051 0.243249 1.73469 -0.900767 -0.728682 1.01184 1.29484 0.645151 -0.280115 -1.61712 0.490941 
-0.340539 1.8492 0.338104 -1.10879 -0.679326 1.63657 0.934756 -0.963029 -0.323442 -0.811693 -0.565043 -1.04445 -1.43045 0.511868 -1.99181 1.27394 -0.0114065 2.11458 -1.03117 -1.0219 1.83555 0.805207 0.504471 0.258459 -0.29328 0.948119 0.462981 -2.152 0.668525 -0.475938 1.86853 -0.208417 -1.56822 0.784922 1.02966 0.333807 -1.85847 -0.203637 0.940724 
-0.132668 0.957649 1.14725 -1.22908 -0.11356 1.53846 -0.228242 -0.821401 0.543759 -0.707056 -0.568594 -1.20786 -0.956203 1.30335 -3.11386 1.48108 -0.951947 2.2371 0.0516043 -2.98196 0.483214 0.908673 -0.0149961 -2.11112 0.334198 0.946854 0.877639 -2.93984 1.21501 -1.50072 2.27337 -0.82694 0.134083 2.38119 0.256078 -0.185306 -1.0956 -0.164726 0.970659 
0.270896 0.0920398 1.26324 -1.42248 0.437366 1.65504 -1.02057 -0.615297 0.303812 -0.821189 -1.83039 -0.690323 -0.69014 0.947546 -2.36972 0.586826 -2.25703 1.2578 -0.229332 1.1939 1.20804 -0.494449 -0.75349 -1.81388 0.0814451 0.320536 0.719147 -2.6323 1.76043 -2.07396 1.60899 -0.691047 -0.486675 0.846748 0.109071 0.0843286 -1.53792 0.250087 1.15732 
0.309096 -0.383854 1.51812 -1.9708 0.512653 1.44883 0.558335 0.0450503 0.197178 -1.15207 -1.65573 -1.10393 -0.709431 -0.107711 -0.791505 1.21649 -2.18369 0.152372 -1.1059 2.31863 0.600473 -0.778304 0.124315 -0.0683412 -0.0122132 0.563178 0.358033 -1.55402 1.1584 -1.69767 0.513666 -0.475267 1.06124 1.47409 -1.14604 -1.01725 -0.2531 0.239623 -0.0473454 
0.209448 -0.367912 2.02438 -2.14015 0.509931 1.22816 0.504512 -0.183649 -0.239777 -0.748529 -1.87099 -0.679099 -0.252166 -0.352892 0.0637478 1.18709 -0.309348 -0.488771 -0.497531 0.225732 0.676935 -0.915298 -0.601164 1.44708 0.227074 -0.36827 -0.33402 -0.838544 1.21871 -1.0369 0.0536385 -0.900558 2.34576 1.57281 -0.90295 -1.37341 0.690148 -0.466203 1.12591 
0.130731 -0.366084 2.26103 -2.07374 0.264105 1.25602 0.709203 0.531418 -0.441492 -1.50725 -0.787754 -0.855838 -1.00544 -0.449388 -0.453227 0.649965 0.616919 -0.0639201 -0.266316 0.829536 1.41059 -0.333156 -1.95229 1.0323 -0.587591 0.906228 -0.774128 -0.158882 1.0374 0.368277 -0.108006 -0.429866 0.0293406 0.852357 -0.458962 0.328674 0.661427 -0.608617 0.0954904 
-0.0149314 -0.63891 2.43438 -1.9393 0.474168 1.12431 1.05184 0.82776 -0.474413 -1.90052 -1.25169 -1.23743 0.456131 -0.936661 -0.300353 0.401187 0.868308 0.338083 -0.160439 -0.194678 0.413916 0.348646 1.03521 -0.523645 -1.01015 0.505238 -0.879209 -0.132162 0.35072 -0.0785562 -0.360528 -0.00325014 1.29906 0.892488 -0.749507 -0.380994 0.708774 0.304079 -0.0581637 
-0.32601 -0.551691 2.51684 -1.79044 0.429682 1.19291 0.584028 0.829558 -0.202924 -0.8974 -1.10133 -1.83245 -0.61312 -1.01505 0.256256 -0.115199 -0.733923 -0.460356 0.25571 0.910131 -0.268482 -0.590018 1.44321 -0.0420629 0.979058 -0.967952 -0.84038 -0.25803 -0.0125266 0.14551 0.828874 0.459728 1.29187 0.177366 -0.857723 -0.0762343 -0.308836 0.217506 0.860639 
-0.509052 -0.513609 2.37013 -2.18149 0.239852 1.2213 1.6521 0.637542 -0.887323 -1.05006 -1.27653 -0.244969 -0.312424 -0.463153 -0.0833152 -0.423719 -0.646348 0.897271 0.852374 1.92467 -0.185214 -1.40461 -1.13928 0.0782084 1.2902 0.621149 -0.557088 -0.309339 0.096714 -0.757956 -0.311896 -0.864647 0.117639 -0.555028 -1.68468 -0.0619393 -0.273536 0.0131011 -1.19988 
-0.556953 -0.616066 2.26137 -2.00391 0.875327 1.51946 1.85043 0.69893 -1.1812 -1.56992 -1.05406 -0.531991 -0.129465 0.0867048 -0.71603 0.260266 -0.410869 0.00802653 -1.57343 -0.760258 -0.438285 -1.48069 -1.52827 -0.35357 -0.962048 -0.57013 -0.0329988 -0.605953 -0.0101482 0.00348434 1.16398 -0.376218 1.10871 0.559126 -1.02733 -0.788064 -0.20855 2.02656 0.965695 
-0.47779 -0.931403 2.53859 -2.31772 0.240122 0.614542 1.15555 0.325805 -1.9184 -1.95199 -1.48814 -1.17396 -0.767495 0.407031 -0.81642 0.404836 0.653453 0.83385 -1.42894 -0.441148 0.901529 0.140528 0.0892086 -0.382159 1.31791 0.641087 0.882288 -0.85979 -0.394834 0.892148 1.3111 -1.06225 -1.70014 1.60186 0.47648 -0.762666 -0.567927 1.50622 2.46585 
-0.372941 -1.08993 2.51944 -1.79107 1.28921 0.968298 1.56342 1.34603 -1.08708 -1.51797 -1.28281 0.795892 0.369901 1.38045 -0.560216 -0.869339 1.76233 1.94074 -0.0441359 -1.53597 2.48646 2.0619 0.511959 -0.457398 2.90054 3.77223 1.08085 -0.463136 -1.12467 1.7324 -0.0833808 -2.21651 -3.54333 0.305113 0.121538 -0.234246 -0.978138 2.40609 2.45688 
0.170406 -1.26216 2.00692 -1.7412 1.20838 0.596172 0.149675 2.10716 -0.490754 -1.65072 -1.76199 1.72052 2.1992 1.39058 0.128522 -2.13364 1.96913 -0.948108 -1.94016 -4.33539 -0.50966 0.00513888 -0.403267 -1.00755 1.77862 2.54941 1.55655 1.14471 -2.95479 4.00146 0.0195271 -1.32462 -4.19235 -0.937708 2.17113 1.28556 -0.0839881 1.03065 2.64653 
0.280087 -1.03598 1.20414 -1.14673 0.810602 0.220447 -1.28058 0.983212 -1.08692 -1.75644 -1.8865 2.57981 2.37302 1.20885 2.2572 -3.66726 4.29286 -1.90276 -1.97157 -4.11392 -3.68202 0.59877 1.19377 0.329183 -1.57406 -0.336485 1.74438 1.39011 -4.16422 3.33556 -1.71781 -3.44096 -3.68628 -2.87155 2.08029 1.01033 -1.03915 -0.279737 -0.106048 
0.736776 -0.0191863 -0.258929 -0.334739 0.251649 -0.163764 -2.54891 -0.52595 -0.0785871 -0.947364 -1.56425 0.185715 1.92824 1.51131 1.93245 -4.25848 3.0787 -1.58417 -3.28697 -0.633506 -3.15594 2.54407 1.74322 -0.468241 -2.13846 -2.67305 0.887503 2.04156 -3.74509 3.63703 -0.835714 -3.00672 -1.32507 -2.75471 1.67728 2.85628 0.421285 -1.64979 -2.82266 
0.990689 0.0256003 -1.42815 -0.138478 0.0134297 -1.04558 -1.6939 -1.27341 0.675381 -0.729055 -2.16686 0.48632 0.26085 0.266979 0.770064 -2.08182 1.21103 0.67548 -2.59663 2.32241 0.165647 1.45591 2.59939 0.255454 -0.548891 -3.30003 0.645844 2.20415 -3.00875 2.46427 0.0846158 -2.62807 -0.137703 -1.70366 2.17632 2.82458 0.829342 -2.58418 -3.44495 
0.854003 0.393114 -1.54211 0.0609663 0.586211 -1.16419 -1.02135 -0.405484 0.928476 0.58494 -1.41072 -0.334306 -0.677988 -0.437667 1.33597 -0.360902 0.651052 1.71845 -0.706647 0.439776 0.98205 0.122981 2.00783 1.62858 -1.18695 -1.76815 0.0271814 1.04096 -1.56733 0.644976 0.737445 -2.16261 1.26846 -0.552305 1.08419 1.7973 0.588833 -0.563362 -3.04344 
0.771898 0.754003 -1.64469 0.0735691 0.870357 -1.31885 -1.40248 -0.568687 0.757326 0.454381 -1.19006 -0.665301 -1.13826 -0.222946 0.773028 -0.326116 -0.233484 0.424611 -0.690667 -0.623919 -0.868936 -0.128987 -0.213587 0.565564 -0.175945 -0.621973 -0.322344 1.19264 -0.392106 0.631983 1.03958 -0.438047 0.403096 0.374882 0.722364 1.41801 1.38021 -1.08385 -1.74482 
0.737605 0.807071 -1.73709 -0.0170908 0.795126 -1.43131 -1.42837 -1.02542 0.835544 0.458327 -1.07125 -0.485157 -1.17391 -0.100001 0.432108 -0.243985 0.306839 -0.17137 0.0362638 0.0942238 -0.501066 0.759947 -0.126081 0.308933 -0.207694 -0.474601 -0.120717 0.819554 -0.425608 0.346451 0.285062 -0.337076 -0.498779 -0.534806 0.67471 -0.868555 0.36502 -0.645699 -0.346869 
0.714128 0.977531 -1.78876 0.172724 0.780778 -1.30629 -1.33796 -0.925352 1.28136 0.379374 -1.00446 -0.84758 -1.51805 0.0208384 0.441659 -0.330171 0.759425 0.00621363 0.173501 -0.0556969 0.187997 0.95344 -0.943451 -0.0603071 -0.65485 0.186923 -0.085956 0.458661 -0.17361 0.432389 0.119468 -0.122354 -0.408929 0.0598133 1.06558 -1.15339 0.158423 0.234816 -0.147049 
0.737458 1.03593 -1.93458 0.2305 0.794488 -1.36594 -1.46229 -0.888955 1.49387 -0.0987122 -1.10703 -1.11006 -1.03243 -0.044256 0.247274 -0.0256829 0.349108 0.357213 -0.227603 -0.652932 0.57962 0.544129 -1.4095 -0.0951475 0.510027 0.29794 -0.0608299 0.400936 -0.0580578 0.869303 0.00433986 0.0418199 -1.09583 0.457159 0.542148 -2.18754 1.03132 0.104308 -0.587977 
0.68294 1.09781 -1.79753 0.285741 0.955936 -1.39524 -1.76403 -0.508627 1.6556 -0.452509 -1.06113 -0.319403 -1.28909 -0.123279 0.1521 0.237785 0.55748 0.00930483 -0.115716 -1.42735 0.398078 -0.291651 -1.96648 1.50559 0.789233 -0.933751 -0.0292572 0.271933 0.250593 1.04107 -0.318447 -0.600963 -1.01865 0.860757 0.131871 -2.52645 1.51599 0.643442 -0.232083 
0.668587 1.10306 -1.78005 0.411858 0.795399 -1.41185 -2.39684 -0.60215 1.28804 -1.25907 -0.203967 -0.305508 -1.77403 -0.00563959 0.155139 0.406834 1.22764 -0.819232 -0.689995 -0.72625 0.521961 -0.385783 -1.95083 2.22422 0.318164 -0.584559 -0.0181996 0.158623 0.467691 1.37716 -0.689747 -0.556701 -0.811135 0.688589 -0.229462 -1.33737 2.28286 0.10371 -0.73758 
0.670166 1.16663 -1.53822 0.686895 0.541879 -1.66211 -2.23824 -0.133166 1.38444 -1.60364 0.272785 0.0188529 -1.75553 0.0917863 0.0822419 0.476441 1.52771 -1.02063 -0.734718 0.327407 0.483597 0.00661377 0.186399 1.70539 -0.655619 -0.0065305 -0.13267 0.103869 0.231314 1.50362 -1.20369 -0.898704 0.0505559 0.763905 -1.85344 -0.8587 2.52495 -0.859752 0.239819 
0.702272 1.13116 -1.4776 0.911426 0.28047 -1.69592 -2.17921 -0.254144 1.28922 -1.1498 0.818884 -0.931176 -1.78499 -0.216361 -0.00201162 -0.0552619 1.04885 -0.952437 -0.679407 0.785852 0.455913 -1.892 0.806894 1.32832 -1.42442 0.90816 -0.161526 -0.185069 0.148397 1.56911 -1.29456 -0.120207 1.3714 0.380259 -1.46487 0.308185 1.67807 -0.226042 0.765167 
0.556908 1.14767 -1.56532 1.02941 0.0611067 -1.92489 -1.7196 0.195028 0.0678894 -1.12844 1.06956 -1.36784 -1.04571 -0.361811 -0.35769 -0.252082 0.847856 -0.885475 0.546638 1.5096 0.00425471 -1.80759 0.220419 0.652346 0.364877 1.00946 -0.23234 -0.613208 0.0578915 0.714222 -1.98653 0.0102254 0.920946 -0.592844 -1.2933 1.41938 1.1189 -0.771644 0.26555 
0.519654 0.913523 -1.62669 1.18802 -0.166765 -1.487 -1.18534 -0.249179 0.0312536 -1.02046 1.21038 -0.54668 -0.995342 -0.171516 -0.908485 0.140767 0.0334538 -1.97738 0.689249 0.444997 -1.21098 0.301546 1.07668 0.240525 0.43155 -0.551286 -0.41016 -0.463411 0.641054 1.04508 -1.32248 0.758027 1.45251 -0.776318 -1.78727 0.611801 0.32384 0.527076 0.571565 
0.465034 0.622379 -1.47092 1.0389 -0.933003 -1.6611 -1.42476 -0.669689 0.273768 -0.494134 1.21415 -0.917341 -1.48593 -0.322006 -0.330616 1.23228 0.734965 -1.06194 0.597948 0.436557 -0.993671 -0.389002 0.589897 -0.205187 0.313563 -0.256878 -0.242481 -0.749318 0.807305 0.7296 -1.52795 1.26638 0.61513 -1.83611 -0.432398 -0.0481628 -0.573242 0.891094 0.285684 
0.356018 0.711012 -0.855763 1.42759 -0.702381 -1.25833 -0.896045 -0.958377 -0.242141 -0.673228 1.08774 -0.212978 -1.20357 -0.233239 -0.203901 1.0945 1.07211 -0.274011 1.22674 0.374329 -1.13209 -0.835602 -1.14344 -1.05899 0.715343 0.934195 -0.21492 -0.460126 1.30821 0.866955 -1.69632 0.902258 -0.366459 -1.20493 0.164011 1.14258 -0.310874 0.459525 0.407768 
0.343728 0.490648 -0.785395 1.38904 -1.07399 -1.19051 -1.17632 -1.47794 -0.309589 -1.16911 0.579605 -0.185928 -0.755599 -0.0368808 -0.352818 0.771478 0.578389 -1.43854 0.7655 -0.938115 -0.543197 0.586787 0.925811 -0.243124 0.277946 0.797655 -0.139178 -0.444511 1.5739 0.610784 -1.03724 1.50772 -0.0652905 -0.802636 -0.778892 0.491617 -0.507722 1.08737 1.05888 
0.328347 0.4961 -0.370444 1.6158 -1.42661 -0.965196 -1.50937 -1.34519 0.161708 -0.127896 0.942351 0.0854676 -0.580831 0.000407507 -0.456372 1.31689 -0.14629 -1.2514 1.05547 -0.470617 0.109055 -0.12363 1.79403 0.332962 0.684133 0.448536 -0.0915306 -0.270011 1.37054 0.428401 -1.04454 1.70464 -0.967687 -0.249583 -0.468838 1.34785 -0.6207 0.530123 1.00885 
0.333838 0.217893 0.0379757 1.33958 -1.7045 -0.785812 -1.48268 -1.39798 -0.398803 -0.11176 0.779612 0.514592 -0.407964 -0.116654 -0.0486227 1.32792 0.0715262 -0.0976877 1.81551 -0.372491 0.226568 -1.16556 0.862691 -0.642297 0.404416 0.520381 -0.15253 -0.13362 1.4359 -0.0528838 -0.481772 1.1402 -1.26221 -0.696114 -0.622648 1.37767 -0.372145 0.387315 -0.194504 
0.262635 0.451103 0.459761 1.63778 -1.47929 -0.268078 -1.7513 -1.18113 -0.650654 0.380212 0.557638 0.509102 -0.176581 -0.25546 0.257238 0.882768 0.0681224 0.547755 0.669048 -1.23631 -0.996028 -0.643878 0.0341087 -0.867716 -0.18555 -0.686561 -0.387712 0.0986428 1.15858 0.263802 0.492868 1.36404 -0.634831 0.102494 -1.1522 0.140302 -0.703932 0.653839 0.555079 
0.201935 0.343743 0.592273 1.36045 -1.43391 -0.529789 -2.2918 -2.10886 -0.849095 -0.0922968 0.259749 0.354233 -0.954782 -0.529803 0.193998 0.44628 0.329386 0.835947 0.248658 -0.490204 -0.0934989 -0.251752 -0.678985 -0.36055 0.437155 0.210884 -0.590568 0.57658 0.874449 1.11471 0.861809 0.644122 -0.552465 -0.0847699 -0.632334 0.652943 -0.724656 -0.374589 0.800732 
-9.10409e-05 0.541628 0.743519 1.74433 -1.06436 -0.173798 -2.07052 -1.24612 -0.828791 -0.020862 0.341848 0.965145 -0.0162147 -0.728601 0.597052 0.455511 1.62003 0.736324 0.302693 0.484454 0.889909 -0.135515 0.830883 -0.16437 -0.296355 1.73548 -0.819358 0.771311 0.4284 0.270236 1.15603 -0.34136 -0.354672 0.352248 0.807829 -0.242634 -0.148421 -1.10886 0.111903 
-0.155591 0.659403 0.881752 1.89029 -1.06887 -0.414719 -1.97105 -1.47008 -0.946557 0.397053 0.16158 0.0841918 0.406964 -0.835025 0.94913 0.207664 0.0812585 0.883412 -0.772326 0.00450785 0.545574 1.23955 0.353779 0.141431 -1.86399 -0.052692 -0.799951 0.73357 0.49934 0.95605 0.830127 0.356315 0.638101 0.992186 1.08128 1.22759 0.955537 -0.104859 2.22647 
-0.408366 1.05395 0.879381 1.7695 -0.625656 -0.472334 -2.06491 -0.853762 0.0281087 0.187122 0.427022 -0.85666 -0.0635458 -0.603928 0.490096 0.307271 -0.171892 0.500884 0.23232 0.365783 0.379542 1.45886 0.797801 1.50274 0.161563 1.15707 -0.701973 0.0864376 -0.305527 -0.627991 -0.017284 -0.411635 0.543001 -0.334397 1.79354 1.09109 1.14941 -0.174372 0.931975 
-0.453665 0.915321 1.07935 1.83244 -0.821755 -0.326725 -1.72822 -1.19654 0.0625521 0.866892 1.06293 0.267432 1.31292 -0.334443 -0.821858 -0.67972 -1.02944 -0.899885 0.142021 0.717757 -0.970534 0.957788 1.0935 1.47046 1.63974 1.27132 -0.818612 0.343138 0.00602308 -0.468293 0.515155 -0.18131 0.82223 0.149433 1.1266 1.05418 0.918499 -0.0441816 0.312975 
-0.577933 0.577045 0.465234 1.43039 -1.08011 -0.419082 -1.59097 -1.5464 0.689451 0.831344 1.30902 0.789793 0.932446 -0.759657 0.0179328 -0.301343 -0.534702 0.270347 -0.51312 0.732229 -0.186519 -0.0798981 0.600418 -0.216624 -0.21827 -0.738868 -0.441095 -0.265065 -0.158968 -0.794273 -0.139404 -0.162351 1.96151 -0.461629 -0.265525 1.34475 1.48454 0.792404 0.589258 
-0.826 0.907501 0.899726 1.65559 -0.690103 -0.525534 -1.24478 -1.3281 0.00368996 1.22033 0.933434 0.0746852 0.724885 -0.400858 0.427754 0.432516 -0.17029 0.702745 -0.394052 1.91334 0.383063 -1.28708 0.69089 0.614251 -0.619852 -0.495862 -0.860582 0.15707 -0.126652 -0.51579 0.206434 -1.15884 1.28555 0.438372 -1.10296 0.749615 1.85804 -0.478534 -0.692619 
-0.77917 0.79814 0.740461 1.37306 -0.731891 -0.572081 -0.332006 -1.27034 -0.207252 1.23813 1.67767 0.19953 0.535898 -0.673778 0.214106 0.103719 -0.243744 0.0441544 -1.25102 0.989255 0.748597 -1.27699 0.393049 2.82828 -0.397402 -0.143274 -0.905463 0.83167 0.495522 -0.103484 1.14246 -0.50053 1.41039 0.631091 -1.64464 0.357678 0.378923 -0.919285 0.00389392 
-1.15738 1.00926 0.971162 1.57416 -0.671737 -1.00825 -0.592578 -0.790448 -0.886015 1.45147 2.62951 -0.295381 0.606175 -1.10727 0.804904 0.324408 0.0155756 0.996536 -0.371145 -0.0238616 0.425171 -0.734493 -0.218297 -0.0893794 -0.56302 0.514386 -0.81482 0.275596 -0.084219 -0.618525 0.738295 -0.161654 1.38703 0.544595 -0.745646 -0.958291 1.06655 -0.0555711 0.781402 
-1.31727 1.2299 0.948682 1.37669 -0.236531 -0.716265 -0.345022 -0.96415 -0.720435 1.10874 1.62446 -0.334476 0.935423 -0.683498 0.193741 -0.236242 -0.690118 1.0572 1.00005 0.868779 -0.0508433 0.358558 -1.66934 -1.33329 0.326038 1.1672 -0.984996 0.636932 0.166669 -0.122364 0.525803 -0.160518 -0.626675 -0.262221 -0.806218 -0.698494 -0.0310124 -0.36519 0.681196 
-1.4934 1.09964 0.831887 1.34634 -0.145996 -0.624873 -0.0194792 -0.824913 -0.640567 0.466347 1.83052 0.05067 1.52012 -0.53322 0.138904 -0.0720156 -0.198851 -0.209553 0.121895 -0.827858 -0.757944 -0.258269 -0.712734 0.0359039 0.0932091 0.379962 -0.684567 0.198314 0.112121 -1.11831 0.470344 0.414162 0.0670919 0.374612 0.0330384 -0.810065 -0.728818 -0.447739 -0.0310306 
-1.58162 1.28965 0.911196 1.30999 -0.345234 -0.670757 -0.885949 -1.50465 -0.903096 0.687767 1.64637 -0.218898 1.22902 -0.457002 0.099475 0.404947 -0.999817 -0.352259 -0.377255 -0.786925 0.531482 -0.321487 0.590037 0.29533 -0.90208 -1.19384 -0.439444 -0.00639824 -0.285044 -0.444775 -0.0322283 -0.273504 0.653439 0.449618 0.143284 -0.99668 -0.571498 -1.1075 -0.642406 
-1.72141 1.13737 1.09003 1.01695 -0.326173 -0.771409 -0.533529 -0.442637 -0.867104 0.81366 2.00796 -0.818964 0.573565 -0.199333 -0.149333 -0.368616 -0.472164 0.170972 -0.542594 1.69873 1.33439 0.430621 -0.614579 -0.851909 -1.51829 -1.19717 1.25273 -1.27292 -1.28415 0.504547 -1.40221 -2.20014 0.257308 0.924332 0.324136 1.96903 -0.909635 0.771759 -2.80579 
-1.68676 1.1884 0.689875 1.15365 -0.263353 -0.880905 0.232105 -0.547778 -0.607633 0.324676 1.13598 -1.6985 0.279843 2.54067 -1.98851 -2.37842 1.76492 -1.71311 -2.967 1.12475 0.651301 0.715758 2.02399 -1.58839 1.8954 -2.42086 1.87881 -1.50942 -1.56812 0.365021 -1.46394 -2.07458 1.32063 1.76674 0.564179 1.08261 -1.45744 0.0975137 -3.03738 
-0.51995 0.00879869 -0.376985 1.59432 -1.18792 -1.91433 0.207639 0.0253858 -0.373742 2.00663 1.05602 1.08056 -1.33988 3.32495 -2.09049 -2.04053 1.0262 -2.32766 -2.61113 0.0699532 0.924385 0.258202 2.05059 -1.21401 1.64393 -2.717 2.49654 -0.69442 -2.53393 0.366767 -1.21384 -1.53861 1.29976 -0.0839008 0.784935 -0.463815 -2.65569 0.448461 -1.00988 
-0.111307 0.00286789 -0.567715 1.48874 -1.4329 -1.88691 0.280689 0.115677 -0.431837 1.53333 0.408495 -0.0479038 -1.86696 1.61302 0.957552 -1.51249 -1.20825 -0.0735757 0.626584 0.615857 -0.756309 0.243948 -2.64314 -2.16805 -1.31813 1.12846 3.14402 -0.746961 -2.30367 -0.987558 -1.04717 -1.06597 0.0325668 0.19273 0.659804 0.375679 -2.20862 1.00111 -1.16391 
0.239152 0.525826 -1.30729 1.19656 -1.22852 -1.67465 0.614667 -0.513945 -0.207838 0.44722 -0.243465 -0.200912 -0.456462 1.90631 0.981604 -1.49711 -2.51833 0.787558 0.987914 -0.0345584 -0.676059 0.54796 -1.55408 -1.91169 -0.355459 1.22542 1.91217 0.566308 -1.03195 -1.86082 1.01528 1.48937 0.587589 0.0228255 0.941533 -1.65901 -3.03522 -1.38712 0.485725 
0.787652 0.53333 -1.48849 0.661311 -1.04221 -1.5082 0.260649 -0.366222 -0.0549355 0.616184 -0.737285 -0.376451 -0.907133 1.56813 -0.1185 -0.0740611 -1.60495 1.5847 1.62777 0.166408 0.78762 0.907917 0.435619 -2.12383 -0.466789 -0.486882 1.4743 0.387384 -0.684971 -2.16102 1.55688 1.47865 0.231193 -0.178399 0.0881154 -1.417 -2.96166 -0.805353 0.88426 
0.976846 0.441798 -1.34604 0.668702 -0.438583 -1.04976 0.726584 0.0516351 0.418891 0.703468 -1.51644 -0.639662 -0.845935 0.546107 -0.407946 0.442904 -0.749003 1.52483 1.25017 0.337236 0.45035 -0.443305 -0.331832 -2.27642 -0.680795 -0.0684928 0.971113 -0.299892 0.235868 -2.00132 1.69893 1.44172 -0.0101529 0.730789 -1.4503 0.458414 -1.82732 0.195697 -0.170918 
1.03798 0.287624 -1.20682 0.414178 -0.282253 -1.0286 0.484732 -0.0420091 -0.36602 0.419838 -2.10174 -1.02704 -0.966915 0.0468516 -0.327262 0.432621 -1.42078 0.937843 0.554287 -0.1885 0.147956 -2.69102 0.17085 -0.463923 0.71878 0.279356 0.274589 -0.307455 0.624577 -1.00627 1.3855 1.7625 0.521512 0.20745 -2.1062 0.994811 -1.18338 2.16018 0.197755 
0.989104 0.24116 -1.07075 0.201242 0.0273807 -0.837896 0.605465 0.15944 -1.45222 0.803572 -1.7942 0.0951546 -0.631612 -0.0903238 -0.0490343 0.512018 -0.771434 0.534019 1.41865 0.356112 -0.183223 -2.14464 1.65116 0.597152 3.46086 0.3377 -0.1229 -0.275969 0.458682 -0.864752 0.166841 0.899437 -0.185536 -0.556799 -3.59986 0.433529 -0.472967 1.76768 0.881321 
0.984829 0.242398 -0.882318 0.159687 -0.0185421 -0.484172 0.72121 -0.171211 -1.85791 1.39293 -1.74334 2.4221 -0.706617 -0.252592 -0.0830145 0.267783 0.114432 -0.681915 0.80488 -0.0695971 -0.856986 -1.72976 0.402547 -0.213074 1.55619 0.873776 -0.472785 0.0892358 0.975303 -0.313911 -0.0784568 0.710544 -0.450471 0.0603192 -1.68462 0.936106 -0.0135182 2.18836 0.845741 
0.858568 0.176953 -0.897625 0.237292 -0.317903 -0.529612 0.562418 -0.451939 -2.65616 1.04032 -1.92157 1.6589 0.0511115 -0.697717 0.180457 0.980994 0.298388 -0.640992 -0.346117 -0.970721 0.262423 0.0740013 -0.409849 -0.625946 -0.644533 0.769422 -0.535508 0.160809 1.12427 0.664124 -0.906659 0.767159 -0.176281 -0.512491 -1.58671 -0.122529 -0.469733 0.853458 0.394939 
0.64203 0.325359 -0.26714 0.25607 -0.343329 -0.618728 0.086478 0.0185125 -1.80996 1.15058 -2.11825 1.8074 -0.106124 -0.639836 0.320599 1.45377 0.892082 -0.650319 0.353563 -0.176046 0.204549 -0.220726 -0.568137 -0.459359 -0.457729 -0.349588 -0.677159 0.475557 1.25334 0.919968 -0.973783 -0.335001 -0.740652 -0.00326127 -1.05499 0.196109 -0.116184 -1.42255 -0.0480277 
0.543371 0.338194 0.0105842 0.528391 -0.647361 -0.394971 0.449476 -0.303633 -2.81277 0.704613 -2.19661 1.22912 -0.230173 -0.430455 0.523987 0.938591 1.09516 -0.790548 -0.167901 -0.0343726 -0.264432 -1.37202 0.667721 0.452308 -1.18598 -0.818038 -0.690771 0.72836 1.5435 1.0478 -0.765934 -0.521726 -0.69805 -0.000596697 0.715779 0.124988 -0.206535 -1.36822 -0.838595 
0.426679 0.600208 0.321756 0.613774 -0.74302 -0.684716 0.0665601 -0.168807 -2.76562 1.54371 -1.84669 0.65674 -0.756547 -0.510989 0.758821 0.910969 0.694852 -0.473725 -1.15092 -0.77172 -0.203155 1.09557 0.731491 0.158251 -1.30287 -0.721316 -0.49729 0.263573 1.40971 1.46785 -0.768319 0.131835 -0.445775 -1.20111 -1.13068 0.158575 0.371905 -0.638839 -0.486855 
0.289616 0.744215 0.58236 0.754803 -0.888373 -0.839171 -0.0545897 -0.4471 -2.0558 1.13535 -2.10135 -0.0372468 -0.804379 -0.398369 -0.133973 1.2209 1.12722 -0.337024 0.362279 -0.573917 -1.26755 -0.0188799 -0.459731 0.062662 0.364015 0.201972 -0.790681 0.264191 1.01137 0.96056 -0.879524 0.0491671 -0.688417 -0.697053 0.786976 0.849517 0.660914 -0.23274 -0.535127 
0.226629 0.507536 1.08563 0.981991 -0.915566 -0.546721 -0.307627 -1.07401 -2.78213 1.27193 -1.80874 1.04038 -0.603203 -0.806112 -0.367892 0.637382 0.760107 -0.818366 1.21986 -0.163083 -0.685018 -0.133362 0.394742 0.76446 1.00351 0.0428287 -0.873969 0.25072 0.645645 0.759365 0.0250214 0.491129 0.115296 -0.821094 1.70897 -0.656404 1.2201 0.495356 0.455721 
-0.104871 0.520883 0.984565 1.00262 -1.302 -0.371227 -0.15902 -0.93541 -2.15176 1.36749 -1.64263 0.979414 -0.77644 -1.05735 0.504922 -0.233653 0.0233741 0.383139 0.377306 0.720637 0.220947 2.11246 -0.415364 1.64897 0.273605 0.400813 -1.20675 0.147949 0.150225 0.304355 0.858477 0.593097 0.305574 -0.566483 0.718352 -0.179469 1.99621 -0.126834 1.5214 
-0.287662 0.771736 0.947959 0.988177 -0.727423 -0.402944 0.1682 -0.913968 -1.31939 1.02633 -0.819717 1.33453 -0.293173 -1.20344 0.586402 -0.410217 -0.297848 2.09752 -0.325544 0.565852 -0.0363811 1.01137 -0.636003 2.04213 -1.16658 1.93799 -1.4327 0.660688 -0.013323 -0.201081 0.617011 -0.255047 0.27492 0.363145 0.372975 -0.0808061 1.88279 -0.587437 1.32819 
-0.688829 0.830595 0.737459 0.903451 -0.255216 -0.497868 0.215174 -0.959526 -1.45324 0.991763 -0.417892 -0.152041 0.744885 -1.32824 0.474122 0.2099 -0.325733 0.53878 -0.769998 -0.359117 0.245046 -1.65826 0.305223 0.997595 -1.02942 1.33016 -1.28637 0.520124 -0.335179 -0.667634 1.23187 -0.475319 0.640253 0.448618 0.846164 -0.336519 2.45521 -0.884032 1.63825 
-0.931134 1.01873 1.08521 0.879865 -0.461327 -0.700585 -0.0649471 -0.73668 -2.47371 1.20567 -0.221226 0.338842 0.749185 -0.938616 0.184148 -0.107333 -0.710307 -0.26596 -0.401397 0.287281 0.611547 0.0234737 0.186026 1.41202 0.0290742 0.193923 -1.22018 0.388694 -0.0957635 -0.452224 0.687332 -0.557622 0.0704653 0.0587272 -0.573519 0.510526 1.1012 -1.71991 1.74568 
-1.1465 0.915618 0.678083 0.669008 -0.39217 -0.653692 0.406457 -0.519952 -1.44035 1.10082 0.429065 -0.0999478 0.891886 -0.703654 0.101479 -0.360134 -0.356551 0.487173 -0.0818329 0.44551 -0.167878 0.951033 0.370501 0.546279 -1.18376 0.940677 -0.817488 0.118467 0.111418 -0.591086 0.08736 -0.605601 -0.542246 0.0304923 -1.02751 -0.679236 0.864408 -0.214466 0.905242 
-1.27676 1.05758 0.869142 0.761445 -0.221078 -0.733459 0.23023 -0.854901 -1.81706 1.42352 0.106675 -0.809624 1.48463 -0.423099 -0.00936788 0.27496 -0.182047 0.4043 -0.523239 -1.02539 -0.570443 -1.28778 -1.09146 -0.202211 -0.304918 0.990141 -0.686983 0.12523 -0.141237 -0.227002 0.674263 0.34754 0.517859 0.195161 0.969118 0.0272792 1.13493 -1.51185 0.310158 
-1.35835 0.892548 0.855655 0.607821 -0.193428 -0.856394 -0.26417 -0.926268 -2.33755 0.456488 0.308208 -0.378466 1.66631 -0.440868 0.0833333 0.140133 0.0149793 0.519446 0.60353 0.242922 0.41931 0.234682 -0.336999 1.04518 -0.761675 -0.52612 -0.645852 0.078308 -0.0375368 -0.402393 0.366957 0.0455309 -0.618312 0.308153 -0.611156 -0.470832 -0.188608 -0.851987 0.0228931 
-1.49708 1.08629 0.963148 0.764877 0.0353341 -0.502644 0.392386 -0.552902 -1.65759 1.22413 0.733698 -1.54028 1.06423 -0.652969 0.124581 -0.335863 -0.424854 0.147682 0.586655 0.184921 0.966196 0.534379 0.46299 -0.0736049 -0.791347 -0.947049 -0.675604 -0.295469 -0.108559 -0.30545 0.214135 0.252695 0.711687 0.736724 -0.0804695 -1.39715 -0.401193 -0.904822 -0.820244 
-1.67981 0.944299 0.654635 0.467 -0.123211 -0.632071 -0.140098 -0.232891 -1.97007 0.728878 0.264457 -1.13849 0.914223 -0.684715 -0.522535 -0.309998 -0.475226 -0.193551 -0.225755 0.706337 0.523847 -0.336894 -1.52253 -1.62092 -0.402583 -0.521054 -0.785151 0.0516344 0.0527982 0.0450001 0.664015 0.584615 0.443516 0.457738 1.23957 0.683801 0.542129 -0.716664 -0.884191 
-1.83368 0.776576 0.778158 0.607535 -0.0653543 -0.590891 0.858824 -0.176091 -1.89482 0.325585 -0.237751 -1.91547 0.647835 -0.65493 -0.0489323 0.413553 0.494764 0.843776 0.294788 0.40347 -0.379381 0.983201 0.443011 0.828731 -0.130773 -0.182816 -0.519572 -0.876472 -1.03456 -0.452237 0.00859547 0.600956 -0.49342 0.388363 0.554252 -0.656492 -0.564144 0.580355 0.527271 
-2.0022 0.899129 0.918109 0.627789 0.29564 -0.520043 0.127476 -0.502474 -1.29109 0.989486 0.761704 -1.24462 0.764354 -0.181191 -0.778455 -1.28055 -0.207078 0.215365 1.132 -1.37874 -0.0256447 1.01354 0.647315 0.815289 1.14959 1.21636 -0.606806 -0.219417 0.0558854 -0.596579 0.159311 1.26285 1.14177 0.203089 1.26746 -0.039721 0.432992 -0.312337 -0.0946609 
-1.93017 0.323914 -0.00838608 0.538138 0.0387608 -0.156752 -0.0438174 -0.192523 -1.19478 0.706678 0.251437 -0.754207 1.60052 -0.356157 -0.277462 -0.331126 -1.39543 -0.598989 1.61584 1.12453 0.640939 0.568606 -0.498551 -0.227578 -0.271021 0.0738982 -0.04328 -0.281902 -1.06779 -0.20952 1.2471 1.35999 -1.44833 -0.488409 2.09564 1.76583 1.35474 0.409167 0.921602 
-2.18212 0.726309 0.720024 0.168645 -0.00811003 0.10025 0.868503 -0.0418664 -0.89986 0.69482 0.625637 -1.48959 0.816776 0.107958 0.359377 -0.360984 -0.108046 1.63873 0.926031 -0.578642 -0.596032 1.5545 1.69668 1.08629 -0.622883 -0.0111409 1.73917 -2.28877 -1.69082 -1.06077 1.28607 2.16885 -0.297861 -1.27869 1.23268 0.758908 0.144776 0.657164 0.590114 
-1.88877 0.506815 -0.224977 0.501222 0.855759 0.198143 -0.421107 -0.617151 -0.11929 1.70662 0.903103 -1.34747 1.58593 3.24938 -3.11836 -2.26627 -0.207461 2.51073 1.66958 -1.53378 -2.27203 0.940516 1.50437 0.422109 1.11687 0.702671 2.55445 -2.47815 -0.227112 -1.0654 1.43826 1.19845 0.332726 -0.152595 1.16314 0.614101 1.21988 1.22742 -0.68829 
-0.642702 -1.03336 -0.677479 0.0991228 1.24563 0.741221 -0.135937 -1.66592 -0.250506 1.58135 0.879093 -0.360712 1.36467 4.1421 -4.03609 0.00923207 -1.50184 0.498166 0.886871 1.01795 0.403283 -0.130714 -0.883305 0.625032 2.20259 -0.865403 2.3824 -3.51514 0.361035 -0.271335 1.39852 -0.0258956 -1.41501 -0.735197 0.123352 0.8398 0.935552 1.74338 0.489182 
0.0763517 -1.76548 -0.212105 0.00717645 1.10151 0.537971 0.249938 -0.326622 -0.213421 1.18505 1.27822 0.856135 0.898181 0.714342 -2.09651 2.81686 -0.201177 -0.432631 -1.71455 -0.378765 1.33513 -0.792623 -0.391048 0.888069 1.12682 -0.0566172 1.86964 -3.55625 0.788612 -0.638792 0.289402 -0.198441 0.910085 1.46869 -0.0616446 -0.927682 -0.233754 1.49065 -0.832691 
-0.312144 -2.22226 1.07559 0.0316616 1.0252 0.0801703 -0.381985 -0.708511 -0.804033 1.35008 1.41192 0.778013 1.31425 -1.03174 -1.23974 1.19735 0.53732 -0.0609206 -1.19367 0.198286 1.47479 0.0516019 -0.35231 -0.96454 -0.28414 -0.197867 0.277983 -1.65793 1.02105 0.523387 -0.291074 -1.45666 -0.0912143 2.63605 -0.350548 -1.19462 0.0935008 1.59001 -0.460355 
-0.425729 -2.47581 0.537175 0.181923 1.06725 0.0773261 0.382786 0.730729 -0.181015 0.976625 0.700307 0.598185 0.736452 -0.252911 -0.363598 -1.25367 0.994785 0.0111077 -0.501514 0.247592 2.03399 0.359003 -1.19933 -0.765878 0.919508 -0.525182 -0.812856 -0.446849 0.84732 1.58787 0.0333427 -0.885186 -0.141834 1.86127 -0.073539 -1.0378 -0.400426 0.415495 0.870948 
-0.442832 -2.44319 0.305703 0.356444 1.02701 -0.114173 -0.216763 0.74903 -0.558276 0.642141 0.95311 1.71152 0.894593 -0.322266 0.576002 0.0993024 1.86663 0.119347 -0.155221 -0.397575 0.904722 -0.14531 -1.02965 0.389886 0.818988 1.33758 -0.80411 -0.0321702 -1.44249 0.771236 0.0223027 -0.170514 0.651899 2.99649 1.04814 -0.753704 -0.395773 -0.0971111 -0.205257 
-0.589489 -2.1719 0.605874 0.792648 1.12328 0.0162165 0.124386 1.38011 -0.285276 0.368753 0.934443 1.43219 1.78466 -1.08654 0.314941 -0.962741 0.173767 0.0309855 0.237096 0.621213 1.79552 0.923683 0.194922 0.197789 -1.04433 0.273252 -0.762695 1.07426 -0.162587 0.858212 0.242267 0.178627 0.0962144 0.489115 0.374297 -0.778451 0.473338 -0.159794 0.38641 
-0.971044 -2.28511 -0.283862 0.411954 1.03878 -0.0243415 0.193782 2.03591 0.0793957 0.756442 1.07207 0.701081 1.10411 -0.94826 1.01648 -0.352058 -0.566506 0.248167 0.420603 0.518618 -0.277831 0.601132 -0.00764616 0.268189 -1.02448 -0.824426 -1.05483 1.12899 -0.0838649 0.267272 -0.00789113 0.231323 0.534066 1.08397 0.956432 0.0820604 0.312058 -1.32501 -0.128219 
-1.05176 -1.62196 0.394815 0.605369 1.24382 0.176652 0.467566 1.18321 0.12853 0.363592 1.09562 0.441404 1.1292 -0.670181 1.35873 0.830761 0.232393 -0.0335618 0.108249 0.0890288 -0.408838 0.246465 -0.088618 0.232748 -0.66066 -0.425563 -1.25865 1.13802 -0.400344 -0.790567 0.181953 0.433188 -0.25174 -0.414525 0.659822 0.203434 0.0159622 -0.888638 -1.19538 
-1.30071 -1.544 0.238201 0.486693 1.01822 0.0159171 0.25489 1.74525 0.247045 0.703528 1.212 0.0704231 0.762952 -1.14767 0.67058 -0.265469 -0.62762 0.0301164 0.23106 -0.865803 -0.249476 0.205051 0.275252 -0.255392 -0.118956 -0.707838 -1.05013 1.31271 0.471581 -0.2666 -0.0666617 0.383827 -0.204124 -0.883549 0.215611 -0.717819 -0.958548 -0.85592 -0.702157 
-1.60912 -1.26523 0.237425 0.398046 1.25515 0.264161 -0.0982757 1.00659 0.267436 0.525265 0.942873 0.346965 0.565615 -1.07872 0.587451 -0.110567 -0.633868 -0.0559611 0.468512 -0.372139 -0.717541 0.0146364 -0.868096 -1.59481 -0.440668 -0.468912 -1.14972 0.910628 0.0794768 -0.701846 -0.3636 0.179588 0.0777241 0.436963 0.375548 0.211223 0.141539 1.45218 -0.185919 
-1.82519 -1.2337 0.17682 0.27732 0.986445 0.194785 0.0131924 1.23366 0.253795 0.190928 0.256201 -0.34247 0.38764 -0.76697 0.679194 0.384091 -0.432291 -0.558937 0.0357805 0.961964 0.809755 0.252306 0.00270583 0.445356 1.98791 0.480913 -1.01564 0.952119 0.00303654 -0.621456 0.117987 0.853301 0.530541 -0.102053 0.212811 -0.488603 -1.16698 0.350469 -0.0490624 
-1.98495 -0.903687 0.482637 0.254785 0.971465 0.276538 0.536009 1.58801 0.43914 0.526209 1.21027 2.33806 0.938764 -0.612771 0.823867 0.111913 -0.304429 0.239612 0.820646 1.07764 0.589348 0.243029 0.216004 -0.0613094 0.891834 0.418957 -0.910275 0.68968 -0.0537317 -0.361594 -0.448625 0.914595 1.44829 0.904183 0.247915 -0.202849 -0.110763 0.192627 -0.205448 
-2.12748 -0.791346 0.253335 0.175995 1.1027 0.509134 0.723429 1.65735 0.41906 0.317661 0.219821 0.563647 0.711968 -0.749167 0.342853 -0.46984 -0.11289 -0.0956717 1.34639 0.978514 0.347293 0.048435 -0.275038 -0.611346 -1.73987 -0.73309 -0.820196 0.564195 0.00587825 -0.535298 -0.341701 0.868139 1.17693 -0.053037 0.299239 0.827423 0.797317 0.824686 -0.454582 
-2.35228 -0.730015 0.198577 0.21628 0.919799 0.793163 1.18116 1.83847 0.469348 0.363357 0.844111 0.639121 0.35528 -0.753451 0.0120512 -0.106208 -0.503529 -0.736034 0.491029 0.497674 -0.654935 0.120691 0.880867 1.17646 0.169599 -0.993292 -0.708002 0.537327 -0.0900955 -0.0379197 0.416488 1.00763 0.699405 -0.83639 -0.461074 -0.468465 -1.20317 -1.04218 -0.465807 