-0.971295 -0.0103193 -0.0393621 0.309991 1.72052 1.28683 1.63646 0.797568 1.55104 0.69207 0.0378832 -0.275539 0.62307 0.218116 -0.170253 0.00902277 0.186942 0.362772 -0.0362073 -0.0321598 -0.00269279 1.1807 1.67822 0.39068 -0.0107355 0.00528132 1.44036 -1.06364 -0.0723784 -0.294739 -0.262545 -0.0399629 0.623953 0.894792 0.889977 1.1278 -0.0342697 -1.92005 -1.67528 
-0.890084 -0.0452432 -0.091327 0.196903 1.23383 0.839227 0.98528 0.828957 2.1182 0.680459 0.390002 0.993474 0.701401 2.47465 -1.52308 -0.406026 -1.25503 -1.24974 -0.278704 -0.361074 1.19786 0.575842 0.908452 1.15321 -0.261338 -1.45436 0.273448 -0.00214043 0.194928 -0.294327 -0.0370471 0.895989 0.705498 0.570717 0.112521 1.56265 0.330181 -1.17616 -0.78903 
-0.102744 -0.888426 -0.263084 -0.122989 1.07712 1.1795 1.38844 1.66498 1.96436 1.342 0.884239 -0.510674 -0.678963 0.218667 0.166466 0.304927 -0.628563 -0.415319 1.34917 1.01067 0.715552 -1.04492 0.194756 0.0329282 -1.53379 -0.924831 -0.469999 -0.0975311 0.176676 -0.756407 -0.122733 0.241259 0.560107 1.11277 1.25417 1.29112 1.01276 0.799765 -0.17713 
-0.828519 0.0526388 0.0850955 -0.019487 1.01991 1.36358 1.67886 1.3466 1.38228 0.823018 0.41625 -0.379088 -0.127126 -3.23407 1.37106 0.690525 0.120616 1.07062 0.630752 1.13803 0.194588 0.961926 0.639743 0.154768 1.30336 1.2519 -0.65342 0.179871 0.268599 -0.270528 0.430164 1.28643 0.898166 0.171792 -0.974062 -0.277458 -0.83863 -1.91471 0.190471 
-1.27626 -0.0946948 0.130364 -0.0803652 1.62803 1.42508 2.16945 1.80482 2.65145 1.8009 0.99968 0.652852 0.438938 -1.27321 0.112584 0.127891 0.222623 1.05293 0.536814 0.23493 -0.502831 -0.153655 -0.522827 -1.12365 -0.977518 1.15316 -2.16448 1.04579 0.429291 0.0813146 0.0819736 -0.590476 0.0457694 -0.970923 -0.527341 -0.0135515 -0.353442 0.670157 1.68439 
-1.30061 0.119395 0.161877 0.0584036 1.56172 1.57271 1.83995 0.980667 1.27834 0.455445 -0.404186 -1.2544 0.90248 -0.251771 0.253591 0.00157136 0.000961121 -0.947349 -1.4994 -1.07409 -1.41451 -1.61191 -0.652141 -0.616874 -0.430999 0.727151 -0.98847 0.376616 0.645265 0.0694913 0.614302 -0.492875 -0.714272 -0.653529 0.606708 0.927559 0.0558057 0.657529 0.615199 
-1.38297 0.0535163 0.136049 -0.0791099 1.14027 0.844066 1.43199 0.777735 1.5135 1.3414 0.550236 0.26606 1.08761 -0.320428 0.472197 0.912683 -0.118773 -0.143313 -1.26221 -1.22461 -0.319167 0.89632 1.63614 1.19178 1.83335 -0.427092 -0.437946 0.123021 -0.0662443 -0.346427 -0.699064 -0.638964 -1.01542 -1.42318 -1.50036 -2.51852 -1.64793 -0.858798 -0.906028 
-1.43189 0.393887 0.680362 0.0182632 1.4878 1.08373 0.999173 0.747929 1.91891 1.62269 0.470404 0.382868 0.519031 -0.456077 -0.062884 -0.109028 -0.520696 -0.0831201 0.55959 -0.333071 -0.372411 -0.232976 -2.35658 -1.5224 -0.69809 -1.78381 -0.309173 0.297894 -0.0488696 0.0182655 -0.116281 -0.96596 -0.94787 -0.852524 -0.293015 -0.455547 -0.0792732 0.987814 -1.08336 
-1.56277 0.0189109 0.0794862 -0.258207 1.09734 1.06203 1.20319 0.506383 1.35331 -0.329796 -0.562104 -0.359481 -0.509015 -0.180225 -0.00974598 -0.992106 0.145821 -0.0262766 -0.157506 -0.0889009 -0.752314 -1.25854 -2.17724 -1.29866 -0.545163 -0.837385 -0.35289 0.422412 -0.101145 -0.0331514 0.20444 0.635222 -0.0868597 -0.779652 -0.52473 -0.691385 -0.800228 -0.555257 -0.67782 
-1.51301 0.389978 0.126778 0.0696008 1.47413 1.02343 0.937977 0.20107 1.03152 0.0789938 -0.47815 -0.105973 -0.231303 -0.114917 0.718831 -0.0547422 0.470654 0.387295 0.370655 0.213156 -0.607708 -0.413801 1.53339 0.481426 -0.0336542 0.994588 -0.280229 0.0227679 -0.998195 -0.151737 0.200808 -0.228019 0.17543 -0.722399 -0.807514 -1.02867 -0.572171 0.126427 0.222252 
-1.62053 0.435875 0.0534766 -0.0945647 1.29654 1.20668 1.34933 0.0643928 1.0649 0.7644 -0.20753 -0.391093 0.378798 -0.273857 0.0446649 -0.619069 -0.373658 0.325086 -0.17918 0.332591 -0.156027 0.264499 0.950601 0.553168 0.705766 1.10296 0.0898342 0.667687 0.020393 0.695221 0.480067 0.268641 -0.122031 0.558133 1.78238 2.13496 0.703323 0.666548 1.06914 
-1.62763 0.4175 -0.216851 -0.0586609 1.6413 0.954721 1.16611 0.0866409 1.22407 0.758884 -0.0710575 0.52337 0.753414 0.256267 0.318261 0.0870764 0.571349 0.324032 0.0215789 -0.381829 1.30479 2.60022 1.02417 0.425631 0.901294 0.263457 0.559647 -0.1719 0.0830353 0.23378 -0.268175 0.39734 1.03889 0.613428 -0.199845 0.793509 0.781938 0.0931547 -0.613818 
-1.54551 0.621444 0.107287 0.103891 1.46317 1.21587 1.08706 1.00935 2.91366 1.49659 0.106199 0.413029 0.612836 1.17114 -0.31225 0.752477 0.723825 -0.719052 0.760298 1.10809 0.922433 -0.512306 0.00236961 0.455744 -0.588718 -1.81717 1.26624 -1.35403 0.512803 0.459759 0.538473 -0.171294 -0.108508 0.841244 -0.429214 -0.355333 0.170574 0.17581 -1.47707 
-1.22535 0.238845 0.211466 0.19251 1.27105 1.25057 1.92656 0.754314 0.86582 0.764675 0.264716 -0.00440391 -0.873045 1.77791 -2.42281 0.739769 0.117627 0.473572 -0.275012 0.231903 -0.252767 -3.1297 -1.44539 -0.208813 -0.676047 -1.98932 1.42397 -1.87251 1.17203 -0.325978 -0.0357106 -0.126361 0.789651 0.549507 -0.799324 -0.671191 0.339809 -0.312216 -1.55268 
-0.926191 -0.77641 0.528451 0.145481 1.70677 1.10997 1.24608 0.824768 0.69948 0.473165 -0.0445227 -0.192807 -1.16756 1.11684 -2.59801 1.13804 -1.2129 0.668479 -0.947786 -0.012924 -0.236164 -0.47168 -0.801405 -0.0196618 0.175122 0.00270098 1.56912 -2.17068 0.799896 -0.723168 0.595487 -0.753921 0.540502 -0.948147 -2.15766 -2.42922 -0.0355155 -0.618955 -1.55672 
-0.842504 -1.26021 0.85679 -0.225903 1.61497 0.883606 1.91752 0.581769 0.536373 0.19906 0.252464 0.150606 -0.872175 0.7436 -0.950786 0.550305 -1.20221 0.408251 -0.83351 0.517877 -0.938596 0.477633 -1.45652 0.158619 -0.13908 0.17012 1.17624 -1.57122 1.13757 -0.541193 1.17925 -0.948336 -0.775112 -0.269945 0.390652 -1.90201 -0.813647 -0.284967 0.21287 
-0.676853 -1.32393 0.842979 -0.269235 1.91675 0.787355 1.60139 0.142816 1.04317 -0.558171 0.0737373 -0.318658 -1.01698 0.772543 0.155948 0.696866 0.401154 1.07567 -0.446069 -1.0611 -0.104927 0.949022 -1.46987 -1.03869 -0.553047 0.251876 0.678502 -0.512795 0.582443 0.0324023 0.447877 -0.778968 0.148797 -0.417742 0.478087 0.463319 0.651663 0.167187 0.763706 
-0.582812 -1.1684 1.25381 -0.0862888 2.16848 0.711331 1.18898 0.504398 1.21431 -0.841771 -0.505777 -0.345283 -0.648493 0.344916 0.153466 0.388905 1.25045 0.255524 -0.311772 -0.311108 0.412209 0.107081 2.01453 0.681508 0.353039 0.729982 0.461682 -0.152086 0.0218012 0.403107 0.570053 0.396672 -0.281073 -0.121184 0.384282 1.13698 0.846326 0.181825 0.777891 
-0.570127 -1.23355 1.06667 0.164006 2.04812 0.667193 1.38767 0.440474 1.1241 0.87807 0.574782 -0.00461082 -0.365778 -0.0328899 -0.392744 -0.662259 0.202885 -0.231415 1.02621 0.671948 -0.0496602 -0.479503 2.83369 2.13103 0.786168 0.664849 -0.0297156 -0.411292 -0.474759 0.379159 0.140181 -0.052695 -0.72883 0.371275 0.547779 1.03799 0.897675 0.922612 0.768274 
-0.611231 -1.39356 0.885869 -0.0152224 2.04922 1.11036 1.65005 0.467106 0.879316 1.17681 1.0564 0.35593 -0.0555317 -0.395922 -0.793056 -1.15551 -0.682317 -0.0462721 0.2324 -0.698753 0.0506073 0.563218 -0.769127 0.477355 0.849797 0.175473 0.00227196 -0.526848 -0.462839 0.253312 0.0687724 -0.0374353 0.160614 -0.0599738 -0.320715 1.12028 0.110921 0.532009 -0.148439 
-0.728407 -1.68995 0.421116 -0.0709683 2.02416 0.758193 0.907848 0.475896 1.52848 0.335402 0.926376 0.753479 -0.210415 0.033352 -0.426414 -0.0851084 0.176567 0.335183 -1.08318 -0.448797 -0.0281874 0.083264 -1.48986 -1.9915 -0.0946447 -0.833689 0.27764 -0.356476 -0.315284 -0.400954 0.105005 0.38842 0.910361 0.397118 -0.211677 -0.845078 -0.0140542 0.976551 0.258345 
-0.615955 -1.63816 0.842769 0.0467451 2.22159 0.690859 1.34181 0.445386 0.943366 0.121777 -0.399348 0.2698 -0.80256 0.839451 0.238647 0.646219 0.0808309 0.203562 0.335628 1.96126 0.444609 -0.825555 -0.237904 -0.499744 0.423647 0.132396 0.467252 -0.209828 -0.441597 -0.174719 0.134048 -0.299963 -0.523105 0.300045 0.375769 -1.14213 -0.931358 -0.443479 -1.40527 
-0.444781 -1.55037 0.789627 -0.0420996 2.12878 0.88925 2.25394 0.79705 0.948107 0.170381 0.562676 1.13064 -0.0935718 0.715263 0.0998897 -0.627985 -0.43886 -0.13499 0.64091 -0.275873 0.401701 0.3758 0.127502 0.780633 -0.490778 -0.808027 1.1204 0.394344 -0.144935 0.114839 -0.332463 -0.15467 1.68795 1.43511 -0.150991 -0.123302 -0.532633 1.21528 0.44403 
-0.376753 -1.57874 0.494121 -0.104059 2.15196 0.940379 1.15227 0.735423 1.21485 0.216525 0.174262 -0.170428 -1.52664 0.960083 0.373682 -0.880645 0.0910079 -0.692494 -0.564663 0.379205 1.35195 0.637742 0.0942284 -0.194525 1.1623 0.393077 1.60258 1.68308 -0.548635 -0.537295 -1.76626 -0.737493 -0.963269 -0.587109 -1.02763 -1.49604 0.464219 1.17884 1.16691 
-0.118004 -1.33279 0.298776 -0.00971236 1.7722 0.670956 2.51407 1.77621 1.40532 0.241475 0.422415 2.16808 0.256372 1.86009 2.51508 -0.257817 -0.367042 -2.47192 -1.72532 -1.05898 -1.14043 -1.64016 -1.91318 -0.183363 2.02903 2.18065 3.21709 2.05571 -2.25537 -0.582636 -2.81353 -1.40647 -2.76856 -0.42011 -1.98102 -1.25214 -1.30731 -0.789469 1.46051 
0.271967 -0.124146 0.353815 -0.230034 0.879496 0.271699 0.425182 -0.0928964 0.0568598 -1.13945 0.042172 1.64176 0.421744 4.21303 2.82033 -2.759 -0.964889 -3.46143 -1.50156 -4.21669 -1.8813 -3.07289 -1.58816 -1.50343 -2.20064 1.32361 3.53336 1.4801 -2.52719 -0.470522 -3.03921 -1.10294 -1.6137 0.543382 -1.15787 -0.875243 -1.08442 0.684267 2.31238 
1.37238 0.298138 -1.24927 -0.342381 -0.00957074 0.0891037 -0.380567 0.410603 -0.768573 -0.883448 -0.676037 0.199431 1.43839 3.82189 -0.215529 -3.82042 -0.338747 -2.01537 0.104568 -1.17755 1.81902 0.215861 0.870067 -1.22581 -1.1382 0.534346 3.10591 0.763746 -2.7034 -0.602884 -2.82355 -1.16835 -3.4634 -0.620917 -1.3421 -1.27038 -2.10444 -1.77323 0.429082 
1.62244 -0.246929 -1.79163 -0.346226 -0.157981 0.313095 -0.383296 1.22498 0.214931 -0.516814 -0.853051 0.622815 0.89801 0.781187 -1.63397 -1.60355 0.0606493 -0.7073 -0.215188 -0.58403 1.10019 1.42235 0.0724012 -1.2273 -0.125473 -0.81565 2.5829 -0.432975 -2.61415 0.0357309 -1.17392 0.176656 -0.40319 1.73919 0.535608 0.845301 -1.68418 -0.68232 0.309891 
1.63517 -0.644029 -2.14699 -0.320489 -0.373772 0.00642048 -0.781635 1.20719 0.24499 -0.827872 -1.57235 0.0857442 0.707495 0.330808 -0.457754 -0.398117 0.39198 0.283462 0.152666 0.619115 0.35878 0.439492 0.144855 -0.960417 0.240122 -0.16607 0.554311 -0.975796 -0.852176 0.144282 -0.0904 0.46504 0.0257608 0.618239 1.04838 0.237791 -0.857421 0.697457 -0.622935 
1.72412 -0.509637 -2.0109 -0.209783 -0.0122299 0.373155 0.041511 1.48389 0.531572 -0.40973 -1.55399 0.835928 0.747965 0.107505 0.117169 0.227978 0.155334 0.575941 0.895666 0.620238 -0.327756 -0.137303 0.215845 0.11223 1.03357 0.0907473 0.0719406 -0.307063 -0.193347 0.164686 -0.369225 0.145906 -0.0777146 -0.180697 0.277547 -0.416271 -0.62536 0.300528 -0.103362 
1.65697 -0.574624 -2.01388 -0.265863 -0.0774803 0.354796 -0.356056 0.968222 0.152641 -0.670321 -1.48805 1.00811 0.787096 -0.21825 -0.0198678 0.0855779 -0.145405 -0.826697 0.0594384 -0.726352 -0.587981 -0.101046 -0.638967 0.146009 0.148385 0.0500555 -0.243674 0.234075 0.130113 -0.274139 -0.74601 0.652135 0.699273 -0.129729 0.0030208 -0.241788 0.649735 0.484674 -0.465269 
1.6294 -0.519393 -1.95793 -0.259131 -0.437886 0.397038 -0.457251 1.05621 0.464933 -0.859867 -1.44496 0.967037 0.791179 -0.50277 0.24611 -0.0186086 -0.566686 -1.67576 0.0594015 0.349641 0.162455 0.138622 -0.501248 0.725398 -0.404012 -0.630881 -1.00203 0.363291 0.0637249 -0.581879 -1.45922 -0.0602847 -0.251028 -0.958101 -0.264745 -0.720329 0.32157 -0.210762 0.280887 
1.46047 -0.430734 -2.01955 -0.46086 -0.940154 0.378666 -0.116223 1.08476 0.255943 -1.02255 -0.954872 0.64544 0.221419 -1.39721 0.583942 0.0166729 -0.727342 -1.32666 -0.14995 0.378855 -0.615863 -0.226461 -0.218846 0.266443 -0.429173 0.284231 -1.5313 1.04932 0.904321 0.105529 0.0303011 0.211321 0.35395 -1.00169 -0.291125 -0.415728 -0.567916 -0.839496 -0.217884 
1.11294 -0.18035 -1.94375 -0.509672 -1.12088 0.33967 -0.197365 0.608305 0.309364 -1.01134 -1.24777 0.581877 1.04379 -1.96429 1.38403 1.47718 0.724567 1.7227 0.248707 0.141526 -1.42095 -0.498523 0.0077852 -1.46538 -0.699811 0.380658 -1.65022 0.886891 0.94839 0.351175 0.341724 0.524548 0.823254 -1.01523 -0.262854 -0.555299 -0.158175 -0.283168 -0.719401 
0.741168 0.370489 -1.18335 -0.209432 -0.0536187 0.475994 -0.019247 0.0530042 -0.0925375 -1.01291 -2.02547 0.0183613 0.560257 -1.26119 0.793781 1.513 1.25352 1.83363 0.917765 0.762895 -0.659602 -0.0987233 -0.441566 -0.475557 0.0536028 -1.12218 -1.57649 0.563448 0.725934 0.650682 1.00857 -0.170453 -0.00314522 -0.305826 0.294711 -1.12151 -1.61254 -0.792859 1.2022 
0.645152 0.27991 -1.08739 -0.0753693 -0.177244 0.696622 0.326138 0.128681 0.244372 -1.32114 -1.59376 0.628262 0.0387951 -0.575466 -0.508915 -0.30644 0.250659 -0.23067 -0.500906 -0.14539 1.03487 0.858046 -1.34547 -0.628032 -0.342962 1.03331 -1.30864 0.331105 0.599357 0.738922 1.63703 0.482435 0.959521 0.983923 0.390529 -0.91021 -1.4094 -0.275198 0.633788 
0.518664 0.0782271 -1.35103 -0.121849 -0.172495 0.28244 -0.119219 0.802217 0.520891 -1.9653 -2.48309 -0.289736 1.4827 -0.847609 -0.279722 -0.546497 -0.145996 0.586747 -0.211757 0.567759 1.8905 0.575914 -0.643373 -1.35467 -0.41874 1.87003 -0.535043 -0.0995724 -0.0246986 -0.346836 -0.416493 0.258243 -0.312047 0.160476 0.61543 -0.127607 -0.911874 -0.145413 1.30504 
0.3253 0.120045 -1.39017 -0.124922 0.12461 0.61527 0.715693 1.4984 0.657747 -1.77441 -2.58331 0.252429 1.70943 -0.288611 0.353723 0.266019 -0.771007 -0.382389 0.877881 -0.286696 -0.836336 -0.10467 1.19664 -0.557589 0.147717 0.501174 -0.103028 0.11464 -0.480077 0.0523311 -0.206937 -0.530565 -0.45747 -0.27082 0.302235 0.0841015 -0.775069 -0.145824 1.57942 
0.39877 0.284281 -1.1965 -0.387486 -0.369462 0.623914 -0.316188 0.194425 0.451681 -1.1105 -2.88913 -0.159223 1.9293 0.678643 0.457405 -0.228686 0.224118 -0.890253 -0.568959 -1.20144 -2.23269 -0.207151 0.747783 0.346297 0.222957 -0.0140007 0.85088 0.0668049 -0.565336 -0.07362 -1.14351 -0.531663 -0.0463321 0.514866 0.177678 0.396223 0.435092 0.450953 -1.94346 
0.551402 0.385993 -1.51408 -0.0465142 -0.333759 0.395309 -0.109184 -0.122032 0.515871 -1.2387 -2.32766 0.450197 1.69536 1.65448 -0.250373 -1.17877 0.660291 -1.30461 -1.66021 0.222964 1.47917 0.320473 -0.718886 1.11712 0.437701 -2.7736 1.6283 -0.379609 -0.232337 0.062288 -1.32794 -0.916438 -0.745968 -0.206096 -0.222247 -0.95479 1.0352 -0.258482 -1.6025 
0.973941 0.14137 -1.85515 -0.15828 -1.04111 -0.0194987 -0.16331 1.26585 0.68393 -1.61745 -2.06919 0.230501 -0.552395 1.9381 -1.04776 -0.146765 -0.131068 -1.06918 -0.778081 0.167822 1.97165 -0.0681668 -1.88605 0.990743 -0.566213 -1.85886 1.5555 -0.845036 -0.452958 0.463706 -0.209752 -1.1152 0.526831 0.688508 -0.0305369 -2.38041 0.994907 0.254071 -1.89827 
1.22802 -0.217541 -1.59188 -0.0909052 -0.884222 0.0941988 0.0058427 1.30654 0.472545 -2.57539 -1.60024 -0.0574608 0.0316335 0.845116 -1.06323 0.447343 0.0346035 0.99695 0.0214525 0.507864 -0.618638 -0.360364 -2.12464 0.167717 -0.110007 0.554139 1.25891 -0.843992 0.00119281 -0.432506 -0.53696 -0.467881 0.241245 0.675566 -0.460286 -0.916749 1.04936 -0.691366 -2.83292 
1.25959 -0.471102 -1.59857 -0.145394 -0.528117 -0.0103553 0.185132 0.815933 0.433414 -3.12376 -1.94427 0.130638 -0.0584309 0.0842921 -0.264224 0.148119 -0.517724 0.278168 0.0893634 0.167106 -1.12734 -0.499471 0.793287 0.364644 -0.343703 -1.45593 0.588359 -0.127409 0.714984 0.00745306 0.800392 0.0760487 0.354719 -0.658863 -0.191225 -0.115831 0.753939 -0.581133 -0.815335 
1.24152 -0.368453 -1.50371 -0.268975 -0.741196 0.129695 0.120378 0.487708 0.123392 -2.00734 -1.33116 -0.36622 -1.2718 0.098361 0.864784 0.705724 -0.0237671 0.187557 0.0881252 -0.0156306 -0.210046 0.123142 1.9899 0.80492 -0.65561 -1.50451 0.0192653 0.676935 0.708099 -0.0355364 1.2713 -0.0340772 0.168898 -1.18532 -1.05155 1.09787 0.924865 0.0282192 -0.807086 
1.27812 0.0301745 -1.19656 -0.152688 -0.431729 0.02466 0.174231 0.662329 0.52574 -1.70503 -1.35288 -0.45693 -1.40531 -0.0564877 1.31569 0.99384 0.464107 1.60196 -0.141411 0.0675292 -0.361372 -0.794262 0.523751 0.829447 0.375748 0.51522 -0.393441 1.14681 0.902241 0.249445 0.814132 -0.0129329 -0.59481 -0.318336 -0.0464837 1.80788 0.891319 -0.0200911 -0.636229 
1.20466 0.393293 -0.939552 -0.107596 0.0831963 0.0756399 0.16656 0.224362 -0.434789 -1.6309 -0.721813 -0.031874 -0.812636 -0.734601 0.916836 0.749486 0.39742 1.01725 -0.109141 -0.808442 -0.191715 -0.182617 0.176416 0.345708 0.624416 0.764033 -0.801998 1.19208 0.881588 0.918267 1.63303 -0.00831232 -0.819388 -0.96749 0.0457791 0.268178 0.36422 0.929921 1.34164 
0.998695 0.561519 -0.769932 -0.0143646 0.0917052 -0.0168723 -0.380881 0.522019 0.40126 -1.57551 -1.09766 0.0996959 -0.723658 -1.23712 0.53628 0.428046 0.912309 0.81251 0.127177 -1.20293 -0.854243 0.848089 -0.199158 -0.361738 0.836655 1.06216 -1.15945 0.759302 0.373888 -0.42138 0.206517 0.181915 -0.377593 -1.64137 -0.581087 0.0882445 -0.486659 1.02356 2.04625 
0.745478 0.704803 -0.693835 0.20874 0.501252 0.125809 -0.659338 -0.396416 0.171578 -1.76837 -0.984484 0.714469 0.135602 -1.13415 0.262621 -0.146782 -1.02953 -0.710003 0.374093 0.285492 -1.86875 -0.533367 -0.0670501 -0.980413 0.710558 1.63908 -1.16963 0.423181 0.54573 0.125231 0.214835 0.199298 -0.487628 -0.0695428 1.57715 -0.0931342 -1.20852 0.873486 0.0586641 
0.576346 0.714946 -0.847744 -0.369382 -0.273888 0.129111 -0.185082 -0.834484 0.0280726 -1.61907 -1.81324 0.733323 0.740457 -0.648009 0.120861 0.451928 -0.724889 -0.492981 0.163287 0.527438 0.764398 1.08632 0.0915668 -1.20822 0.301873 -0.988299 -0.782272 -0.562468 0.892159 -0.836467 0.1783 0.449287 1.20422 -0.577202 -0.281382 0.441022 -0.70961 -0.664857 -0.665334 
0.497024 0.776341 -0.434676 -0.0409535 0.247362 0.18999 -0.29746 0.15665 0.946866 -1.69917 -1.86683 0.98278 -0.749678 -0.127722 -1.13713 1.58572 -0.224917 0.975565 0.283266 1.38438 1.14245 0.18543 0.598392 0.0568498 -1.58577 -2.41367 -0.152557 -1.45289 1.00648 -1.34516 0.967428 0.184112 1.95762 1.27242 0.821459 1.01469 -0.701639 -0.106373 -0.235002 
0.514004 0.0597871 0.0495477 -0.44622 0.228093 0.239849 0.765028 -0.00725547 0.164565 -1.18956 -1.76948 -0.685702 -1.41938 0.39935 -2.37905 1.17147 -1.29224 1.92423 0.10489 2.18685 0.8282 -0.0799287 1.12597 0.294986 -0.446013 0.718015 0.235393 -2.12105 0.57241 -0.972258 1.59295 0.221505 1.64944 1.47558 0.787538 1.63897 0.512458 -0.671095 -1.02727 
0.623222 -0.596231 0.229462 -0.486798 1.23763 0.231511 1.20349 0.755986 0.8952 -0.894611 -1.64874 0.582566 -0.109176 0.503276 -2.15934 -0.662702 -1.23312 1.37969 0.0397897 0.902683 0.704848 0.779301 1.36588 0.602919 0.702394 1.21492 0.341007 -2.28547 0.894897 -1.6735 0.963852 -0.596374 1.30526 0.819091 0.499293 2.08187 0.920365 -0.677608 0.473365 
0.677376 -1.18586 -0.318639 -0.871624 0.938082 0.256108 1.38449 0.502624 0.722157 -0.214445 -1.32596 -0.0593733 -0.334551 0.146136 -1.17292 0.27189 -1.21717 -0.498263 -0.98219 -0.37691 0.196049 0.690685 1.36808 0.893275 -0.445893 -0.158164 0.0763401 -1.4564 0.332985 -0.934209 0.866387 -0.65932 -0.000990688 0.168032 1.12955 1.68604 0.720417 0.391076 -0.193583 
0.658842 -1.27207 0.387291 -0.906688 0.98102 -0.148802 0.944597 0.896884 1.38996 0.0820684 -0.99267 0.182461 -0.252151 -0.383638 -0.104294 1.19941 -0.167871 -0.0976982 -1.00947 -0.90356 -0.49684 0.60543 0.654689 0.326286 -0.195356 -1.43667 -0.194619 -0.603226 0.607409 -0.336696 0.038722 -0.378501 -0.0820673 0.334314 0.162953 0.566726 -0.094198 -0.534154 -0.721335 
0.523491 -1.24439 0.361223 -0.928739 0.887646 -0.134791 0.764082 0.141036 1.15646 0.255081 -1.08496 -0.235528 -1.62076 -0.462472 0.235077 0.707603 0.712028 0.557642 0.424651 0.263638 0.220428 -0.492965 -0.686379 -1.0195 -0.258227 -0.682052 -0.391771 0.104555 1.54404 0.184312 0.745655 -0.23604 -0.176175 0.556204 -0.135089 -0.0863072 -0.748139 0.613283 -1.683 
0.476757 -1.13455 0.790351 -0.659596 1.26789 0.0167996 1.12539 1.05546 1.04542 -0.401774 -1.73686 -0.0498936 -0.863586 -0.249914 0.266306 1.29135 0.443872 1.20135 0.661013 0.659829 1.1915 -0.773715 -0.754114 -1.29977 0.993269 -0.530531 -0.570058 0.0168531 0.948607 0.570031 1.0285 0.372285 0.146559 0.0583664 -1.47941 -1.30612 -1.82552 0.149879 -1.3954 
0.41744 -1.08883 1.09283 -0.774356 1.50584 0.122529 1.21684 1.00384 0.61285 -0.276914 -2.03433 0.65081 -2.0967 -0.457945 -0.20935 0.822419 0.142278 0.963818 0.119697 -0.0599708 -0.149911 -1.32619 -0.872133 -1.34986 0.44953 -0.948103 -0.17139 -0.149417 0.329884 0.302802 0.577631 0.633546 -0.0712617 1.3605 -1.48391 -0.0492171 -0.352572 0.389282 0.552948 
0.296291 -1.25376 1.25803 -0.609483 1.76383 0.0640663 1.08406 0.945467 0.110059 -1.01767 -2.72289 0.350405 -1.71292 -0.0290452 -0.498953 -0.759648 0.00977998 -0.345901 0.266773 -0.758121 0.511513 -1.05096 0.699055 0.83879 -0.48858 1.18364 -0.342939 -0.497555 -0.338518 0.125338 -0.0937966 1.08809 -1.24754 1.15839 -0.975063 0.79491 1.82021 -0.591923 1.18076 
0.390396 -1.37534 0.670083 -0.770052 1.32765 0.226868 0.696268 1.37351 -0.127353 0.224152 -1.41814 0.212547 -1.03984 -0.0970379 -0.564288 -1.36919 0.0453021 -1.10019 1.4752 -1.66896 1.59954 0.126389 1.82678 3.70397 -1.22927 2.33695 -0.102079 0.0565368 -0.156094 0.964966 -1.59323 0.279247 -2.24134 -0.415477 -1.13253 -1.95797 1.20734 -0.126423 2.97467 
0.244925 -1.57801 0.492212 -0.592897 1.1974 0.637326 -0.0617388 2.10418 0.204688 0.285099 -0.00923132 -0.749949 0.37523 -0.138393 0.586347 0.507219 1.43665 -2.00542 0.141027 -2.34849 -1.03506 -0.342205 -3.03727 0.721283 0.318195 2.30748 0.796484 0.802204 -1.71829 0.898642 -1.52879 -1.16237 -1.57447 -0.968389 0.196632 -0.35676 1.06129 -0.0882901 2.23238 
0.324237 -1.03491 0.960361 -0.272435 0.295298 0.282411 -0.915976 0.621607 -0.364993 -1.93095 -0.887978 0.495447 1.02196 1.37539 1.81041 -1.40386 1.30169 -1.15593 -3.18318 -0.513188 -2.81629 0.112689 -2.24971 -2.33312 1.1088 0.284284 0.766181 1.35317 -1.17547 1.38427 -0.867025 -1.49428 -0.86711 -0.680612 0.673144 -1.97696 -0.141309 -0.673978 1.40423 
0.720261 -0.530481 -0.29312 -0.141941 0.602288 -0.597067 -0.414178 0.0605257 0.289602 -1.31012 -1.71507 0.239661 0.627891 1.36799 1.51596 -2.40443 0.638441 0.726844 -2.33614 1.14693 0.17911 1.16646 0.676331 -0.908546 -1.20535 -0.656742 1.01619 1.84038 -1.43425 0.822631 -0.659874 -2.69847 0.451276 -1.88495 -0.764883 -1.5294 -1.3152 0.416 0.145362 
0.796925 -0.157474 -0.38812 -0.0507838 0.669261 -0.623291 -0.128859 0.75022 0.467121 -1.44603 -1.55094 -0.583524 0.43316 0.256473 1.04899 -0.910892 -0.0686597 0.183349 -0.779241 1.13927 0.450434 -1.05438 0.424116 0.624945 -0.569137 -0.108819 1.12441 1.33381 -2.06793 0.0665371 0.458372 -2.19622 1.6549 -0.187262 0.709815 1.15837 0.625423 -0.591244 -0.864803 
0.79535 0.0772034 -0.800995 -0.164756 0.69651 -0.898627 0.367683 0.385904 -0.453023 -1.00451 -1.25543 -0.270611 0.52904 0.437995 0.55626 -0.932774 -0.539021 -0.0475649 -0.889173 1.14771 -0.416541 -0.297172 0.713064 1.71467 0.426497 -0.351605 0.741821 0.844509 -1.13944 0.0441563 -0.365252 -0.804093 1.47315 0.199761 0.000132348 -0.116784 1.24693 -0.306433 -0.921903 
0.936946 0.165579 -0.908311 -0.236216 0.64463 -0.96751 0.658792 0.446865 0.261413 -0.935009 -0.293561 -0.203815 0.11721 0.933923 0.262876 -0.928185 0.134525 -0.720716 -0.402917 0.903408 -0.202648 1.05215 -0.559996 0.986423 0.163112 -0.966443 0.655975 0.385155 -1.30415 -0.132868 -0.759197 -1.11547 0.925001 -0.0155874 -0.728682 -0.44143 0.758409 0.202872 -1.03906 
1.11277 0.230778 -1.3186 -0.117323 0.325403 -1.05416 0.987638 0.237665 0.298041 -1.3985 -0.531171 -0.126337 -0.336697 0.614275 0.0417904 -1.17206 0.339474 -1.07173 -0.749979 0.135091 0.394341 -0.600063 -1.23727 -0.736246 -0.165825 -0.860953 0.726977 0.00443687 -0.622558 0.589748 -1.10796 -0.89289 1.29739 1.00254 0.0052917 0.097651 1.33402 0.19882 -0.677253 
1.14002 0.19144 -1.56318 -0.117927 0.0928529 -1.25771 0.751351 0.731564 -0.159067 -1.81048 -0.830394 -0.353572 -0.654197 0.23259 -0.256443 -0.0768933 0.749343 -0.913775 -0.909563 0.895619 1.45689 -1.04804 0.680613 0.73778 0.0922555 0.177886 0.472085 -0.281474 -0.440245 1.61501 -1.56354 -0.647734 0.537039 0.0638217 -0.87814 -0.102875 -0.433046 -0.343419 -0.846825 
1.17931 0.0843609 -1.35708 0.14267 -0.145073 -1.40629 1.60225 1.29293 -0.440092 -0.910546 0.0110689 -0.0454 -0.179177 0.142116 -0.479648 0.461143 2.08156 -1.23572 -0.202699 0.609887 -0.316985 -0.480712 1.11803 0.171004 -0.288616 -0.126326 -0.0337882 -0.48288 0.0666879 1.75978 -1.2955 0.388086 0.319688 -0.899381 -0.871828 1.0939 0.404968 -0.353646 -0.395967 
1.17421 -0.083915 -1.29883 0.602654 -0.543333 -1.33555 1.16982 0.500408 -0.494918 -1.01157 -0.703066 -0.61309 -0.768703 -0.290149 -0.494391 0.183925 1.88875 -0.997735 1.4771 -0.451947 -2.58711 -0.0249794 0.631671 -0.217277 -0.560084 -0.636804 -0.279814 -0.363135 0.601296 1.5056 -1.96358 0.486655 0.654244 -1.27316 -0.49164 1.83508 0.282883 -0.701749 0.0783972 
1.05887 -0.199511 -1.24876 0.79659 -0.658764 -0.83229 1.29184 -0.584535 -0.452795 -0.457383 -0.145848 -0.547579 -0.750151 -0.595531 -0.085108 0.508488 0.175449 -1.66267 0.914901 0.297569 -1.28185 -0.12543 1.08082 0.191324 -0.63489 0.223315 -0.405753 -0.432203 0.609982 1.09204 -1.25945 1.26611 -0.324806 -1.34291 0.966632 0.958867 0.386645 -0.526191 -0.270398 
0.944524 -0.131358 -1.00784 0.664235 -1.39927 -0.979712 1.37391 -0.430475 -0.578848 -0.239105 -0.560864 -1.18214 -0.57056 -0.365902 -0.177692 0.799721 -0.25179 -0.860533 0.379061 0.00217473 0.900823 1.20964 0.519093 0.71404 -0.133612 0.32504 -0.540399 -0.0080554 0.922101 -0.105472 -1.68143 0.950736 0.0938491 -0.852367 0.0731754 0.987659 0.515623 -0.208982 0.309445 
0.91133 -0.300437 -0.793854 0.710462 -1.10184 -0.684379 1.29317 0.067467 0.409942 -0.0842522 0.379013 -0.668542 -0.461046 -0.277164 0.072129 0.978765 -0.33392 -0.81893 0.478406 -0.166973 0.21057 0.2129 0.104388 0.472545 0.356432 0.144438 -0.282456 0.322841 1.15834 0.00477549 -0.687547 0.136152 -0.597219 0.461008 0.922108 -0.260818 0.129454 -0.152299 0.632012 
0.828726 -0.0879714 -0.452161 0.549711 -1.82093 -0.793251 1.25913 -0.279046 -0.422877 -0.160789 -0.212792 -0.865058 -0.442949 -0.091764 0.67891 1.06871 0.258612 -0.152924 -0.181272 -0.829587 -0.325508 -0.079657 -0.82726 -0.550498 -0.0706463 0.420729 -0.414108 0.28742 0.908824 0.48738 0.806361 0.342131 -1.41943 -0.511062 1.37562 -0.0297573 0.989246 0.128146 -0.0455884 
0.861851 0.0934658 -0.187554 0.800795 -1.18069 -0.753902 0.72354 -0.16987 0.358468 -0.668247 -0.0218415 -0.733221 -0.0863761 -0.392329 0.374046 0.487066 1.06431 2.01225 0.0216862 -1.80025 -0.853954 1.47402 -0.136171 0.804959 -0.193579 -0.192748 -0.601182 0.472985 0.715258 0.842881 0.446975 -0.661381 -1.89803 -1.73595 0.0369886 -0.35702 -0.870613 -0.648046 -0.311126 
0.671731 0.129823 -0.173225 0.918598 -0.785357 -0.784017 0.0232076 -0.899615 0.627321 -0.253487 0.378627 -1.03962 -0.616849 -0.878732 0.0556251 0.0848023 1.00478 0.815367 -0.791435 -1.8011 -1.85354 0.122689 0.404021 -0.581663 -0.782562 -0.780222 -0.469337 0.345419 0.326784 0.90338 1.30202 -0.638237 -1.34761 -0.563914 1.26246 0.517349 0.508044 0.414644 0.135627 
0.530866 0.127319 -0.135024 1.1491 -0.761169 -1.06019 -0.512963 -1.51534 0.450473 -0.376921 -0.44551 -1.43427 -0.785594 -0.366027 0.162256 0.0396355 0.289786 -0.0867542 -0.960426 -0.0674151 0.144309 0.0739355 0.758812 -0.150908 0.731468 0.356805 -0.876376 0.158159 0.074492 0.537656 0.282162 -1.16377 -1.48226 -1.42 -0.449051 0.267897 -0.61185 -0.714177 -1.06315 
0.524146 0.225273 -0.146116 1.01971 -0.830159 -1.15588 -0.0232399 -0.79624 0.684756 0.290061 0.270295 -0.387307 -0.29934 -0.53455 0.189686 0.0348213 -0.199009 -0.396383 -0.918602 -0.253211 0.0706077 -0.676529 -0.0797642 -0.215241 -0.157214 -0.460569 -0.70045 0.417358 -0.273727 0.493107 0.658443 -0.891085 -0.0163808 0.065759 -0.341649 0.299004 -0.208063 0.409603 -0.247359 
0.322998 0.238614 -0.110625 1.08122 -0.965339 -1.41583 -0.686947 -1.46542 -0.0242271 -0.429519 -0.600937 -1.57633 -1.19898 -0.764191 0.485837 -0.481868 0.449189 1.06157 -0.349405 0.045203 -0.0645235 -0.495882 -0.397345 -0.122842 -0.200178 -0.641569 -0.798236 0.484899 -0.3955 -0.200024 0.793397 -0.415943 0.86827 0.139974 -1.70223 0.312826 0.283015 0.605658 0.472708 
0.234133 0.507644 -0.412525 1.17593 -0.283908 -1.29065 0.0076171 -0.84431 0.338148 0.0116935 0.18251 -0.567771 -0.874575 -0.753006 0.563362 -0.673537 -0.101223 1.57056 0.306111 1.45737 0.102223 -1.41625 0.457764 0.57774 0.945147 1.01965 -1.192 0.436889 -0.257758 -0.452785 1.21533 -0.0269943 -0.549363 -0.733198 -1.65002 -0.685683 -1.2331 0.333967 0.145614 
0.0369858 0.565769 -0.48491 1.04715 -0.157112 -1.29623 0.313262 -1.39256 -1.02345 -0.0999877 -0.175856 -0.733008 -0.288755 -1.15694 0.192606 0.0654007 -1.12838 0.73587 0.307752 -0.806273 -0.857355 -1.53279 -0.419025 -1.47896 0.632457 0.817329 -0.998228 -0.128851 0.125566 -0.857237 1.11462 0.469736 0.839082 0.763153 0.538407 1.59352 0.315287 1.88966 0.474147 
-0.19637 0.620626 -0.370914 0.786736 0.0947007 -1.17041 -0.546005 -1.46735 -0.743702 -0.282086 -0.898034 -0.00395746 -0.145266 -0.856336 -0.764052 0.87557 -1.18437 0.0781237 0.38126 -0.293675 0.851897 2.07504 1.45214 -0.173429 1.52359 -0.458883 -1.05442 -1.09704 0.303872 -0.908568 0.387192 0.359938 0.285858 0.766175 0.305129 0.0648289 -0.360158 1.16284 -0.413387 
-0.285988 0.126124 0.0126864 0.638598 -0.11705 -1.14746 0.111503 -0.776042 0.452923 0.936451 -0.300673 0.627373 -0.700632 -0.542817 -1.89781 0.424331 -0.234165 -0.161737 0.218474 1.20305 1.81526 1.9051 0.500382 1.00816 0.884842 -1.29666 -0.685026 -1.21362 0.332132 -0.639111 0.878051 0.274146 -1.42897 1.45002 2.31583 0.877183 -0.430559 1.44659 -0.355969 
-0.407195 -0.473953 -0.127288 0.706701 0.0113044 -1.08481 0.279631 -0.152188 0.612167 0.0777429 -0.157864 0.78546 -1.30628 -0.249065 -1.12231 -0.34024 0.225812 1.2211 0.0190546 -1.68677 0.963357 0.766477 -0.399086 -0.388591 0.365156 0.0468382 -0.335651 -1.35541 0.201254 -0.515847 0.634881 -0.250281 0.0229305 1.74786 2.12641 2.05374 0.135866 0.238638 0.332389 
-0.391735 -0.520476 -0.17401 0.717591 0.51131 -1.13925 -1.04652 -0.0786902 1.00142 0.656846 -0.583002 0.952251 -0.660295 -0.000439274 -0.208886 -0.100174 -0.53958 1.10175 -0.587832 -1.17076 0.373398 0.703809 1.96002 -0.836305 -0.577351 1.6913 -0.0782715 -0.776898 0.372832 0.608297 1.31252 0.117085 -0.915222 0.231367 0.239149 -1.35806 -0.573436 -0.959088 -0.476972 
-0.424006 -0.592898 -0.178868 0.521075 0.578236 -1.3121 -0.524188 0.117324 1.11623 1.47523 -0.767945 0.267846 0.204531 0.119932 -0.0854101 0.94124 0.685866 0.719913 0.15075 0.418524 -0.675946 -0.475186 -1.22155 -0.358543 -1.62553 -0.600686 0.150139 -0.312371 0.292817 0.104294 1.53705 0.652919 -1.52983 -0.746029 0.416876 0.746456 -0.785436 -0.67264 0.584989 
-0.365489 -0.568094 0.360548 0.955639 0.881705 -1.07993 -0.759406 -0.570167 0.669488 -0.207454 -0.843335 -0.502312 -1.19897 0.238819 -0.276984 0.572069 0.695609 1.17093 1.54405 -0.949506 -1.31136 -0.194263 -1.06333 -0.1855 -0.308051 -1.00064 0.0836139 -0.2113 0.285906 0.295038 1.13829 0.855351 0.0367176 -0.403444 0.195735 0.351292 -0.145783 -0.364263 0.956126 
-0.355233 -0.751182 0.14791 0.762491 1.18077 -0.712121 -1.17613 -0.83496 0.983492 0.723413 -0.9016 -0.00904566 -0.691785 0.0114087 -0.243401 -0.480496 -0.243856 0.963727 1.10257 -0.367127 0.167485 0.713163 1.64557 0.165485 1.1438 1.72629 -0.12048 -0.170919 0.135875 0.454234 0.455289 0.951078 0.0760119 -0.991202 -0.846038 -0.813014 1.19221 0.122241 0.170055 
-0.378062 -0.706978 0.0949116 0.872254 1.37759 -0.651273 -1.01159 -0.449984 1.18018 0.966489 -0.720048 0.518585 0.343124 -0.435865 0.0109237 -0.353403 -0.0149159 -0.496206 -0.150242 1.05537 0.0660217 -0.84709 0.0946494 1.72597 0.463174 1.20504 -0.0909132 0.175114 -0.871225 -1.28205 -0.185288 0.924253 0.73392 -0.0173034 -1.23706 1.33778 1.32029 1.50747 0.852642 
-0.5278 -0.743151 -0.0461947 0.758258 0.925223 -0.769602 -0.451859 -0.788359 0.387851 0.794806 0.364052 0.403449 0.384217 -0.160882 0.515058 -0.925809 -1.67865 -1.23525 0.251873 1.38504 -0.191836 -2.23471 -0.041559 1.54093 0.824631 -0.721959 1.34962 1.75795 -1.52242 -3.489 -2.65601 2.09112 1.7865 -0.946428 -1.80313 -0.393067 1.8086 0.327744 1.48064 
-0.452265 -0.407726 -0.421359 0.292815 0.74165 -0.552716 -0.0610256 -0.590382 -0.399381 0.941051 0.410141 1.25418 -0.303996 2.60422 2.72038 -2.10362 -5.21647 -3.42504 3.21722 1.4217 -1.25523 -1.3696 -0.561006 0.613104 -0.0390403 0.535237 2.1742 1.59716 -1.859 -4.24172 -3.87618 2.57585 2.00633 -1.95252 -1.75602 -0.837163 0.144518 -0.744555 -1.62652 
0.3871 0.830037 -1.22537 -1.04431 -0.837817 0.479637 0.523867 -1.69993 -0.578291 0.400092 0.815021 0.367022 0.86128 3.65598 1.96639 -2.0743 -4.68127 -4.48841 3.52652 1.39677 -2.25873 0.0758669 -0.956004 -1.35787 -1.80417 -1.17904 2.98894 1.44702 -1.44598 -4.47978 -2.9348 3.50405 1.50816 0.0536455 -0.0186689 -0.785067 -1.01308 -0.323628 -0.966154 
0.83886 0.729907 -1.58403 -1.32472 -1.56871 0.816543 0.897591 -2.2297 -0.340577 0.265531 -0.581753 -0.360069 -1.35984 2.20179 -0.472236 -0.230055 -1.50039 -0.908032 1.92345 0.669515 1.31983 1.34429 -0.374243 -1.92984 -0.389494 -1.66236 2.65722 1.02808 -0.707939 -4.08172 -2.87194 2.99029 0.782634 -0.58154 -0.315532 -2.36995 -2.02718 -0.65419 -0.841913 
1.15805 0.558963 -1.35005 -1.56212 -1.30534 1.22684 0.983271 -0.744068 0.379918 0.138148 -0.595592 0.017331 -0.626742 0.616301 -0.369268 0.931453 -1.43877 0.2482 0.860126 -0.311333 1.52698 -0.465742 -1.87501 -1.27276 0.942922 0.197523 1.30029 -0.501974 0.707906 -0.951387 -0.500074 1.80701 0.198166 0.142742 1.14539 -1.40373 -2.4595 -0.0147784 -2.07492 
1.04266 0.518314 -1.05498 -1.82122 -1.44111 1.15113 0.683711 -1.1236 -0.665813 -1.06331 -1.51135 0.481265 -1.18476 -0.112812 -0.308269 1.3717 0.0736426 0.171508 0.726566 -0.394306 -1.14353 0.0599004 -1.30103 -1.26091 0.365254 -0.764121 0.349053 -0.397832 1.02071 -0.931304 0.148826 1.1689 0.405696 0.739432 0.989224 -1.12497 -1.40336 0.528881 0.539337 
1.10104 0.382607 -0.573219 -1.53573 -1.21721 1.50959 0.712436 -1.57464 0.427401 -0.78265 -1.51651 0.342297 -1.31156 -0.0578688 -0.249406 0.714907 0.0421339 -0.0261781 0.853363 0.874234 -0.602604 1.67815 0.533183 -0.549639 -0.255494 0.439641 -0.269314 -0.0757706 0.715197 -0.534652 -0.276031 0.599636 0.108222 -0.685993 0.508099 0.110767 -0.724759 -0.0238452 -0.959226 
1.00531 0.375962 -0.647811 -1.80573 -1.45474 1.48309 1.28364 -1.56189 0.529129 -0.680165 -1.91157 0.251354 -0.79318 -0.323709 0.190064 -0.218292 -0.875582 -0.577078 0.151452 0.544827 0.280832 0.56167 1.43733 0.317721 -0.401363 -0.35488 -0.18319 0.106984 0.182672 -0.132636 -0.422406 1.11409 1.41419 -0.431774 1.93179 1.57239 0.659845 -0.377089 -0.569576 
0.968592 0.494121 -0.691279 -1.83753 -1.51438 1.56918 1.08625 -1.37226 0.830676 0.24326 -1.28178 -0.0180041 -1.63044 -0.240077 0.415192 -0.420734 -0.241333 -0.595615 0.779694 1.08672 0.0586254 0.691764 1.35144 1.40037 -0.243022 -1.10201 -0.227393 0.266079 -0.209219 -1.18262 -0.62199 -0.285161 0.443971 0.0131916 0.339873 0.536241 0.494963 -0.441289 -0.919492 
0.902776 0.617524 -0.879811 -1.88824 -1.76145 1.78646 2.02943 -1.52065 1.02465 0.284686 -0.884282 0.0325911 -1.78014 -0.0453601 0.222948 -0.119857 -0.897858 -0.339538 -0.572002 0.0711341 -0.266951 -0.146686 -0.792095 0.319382 -0.181193 -0.717557 -0.338152 0.448186 0.215848 -0.508718 -0.183848 0.330289 -0.00434127 -0.46778 -0.437859 -0.430475 0.700459 -0.142706 -1.33892 
0.935712 0.624631 -0.753937 -2.14702 -1.6893 1.34804 1.13491 -1.56713 0.731674 -0.315736 -1.04583 -0.181499 -2.27362 -0.307203 0.280806 0.768439 -0.521724 0.326216 -0.296982 -1.09224 -0.647747 -1.23186 -1.86255 -0.497018 0.0513205 -0.461952 -0.373936 0.538527 0.479526 -0.303757 -0.184607 0.340059 -0.412261 -0.389675 -1.32273 -1.83191 0.605391 0.514056 -0.477962 
0.776232 0.781457 -0.442511 -2.0677 -1.5937 1.67204 1.27951 -1.99168 0.156179 -1.0353 -1.24599 0.0769365 -2.19476 -0.559496 0.613435 0.893009 0.442099 0.0690178 1.06905 -0.642144 -0.224249 -1.48006 -1.39534 0.460792 0.849215 0.162548 -0.264624 0.475226 0.83716 -0.124179 0.123666 -0.413263 -1.70781 -0.278117 -1.75201 -2.15845 0.189995 0.411018 -0.701703 
0.71892 0.980712 -0.246525 -1.99325 -1.65392 1.7637 0.693947 -1.73103 -0.312789 -1.30358 -0.706361 0.576072 -2.12982 -0.12177 0.457211 0.581762 0.335205 -0.14136 -0.311575 -1.27475 0.296409 -0.922053 -0.715476 0.738999 0.481822 -0.355258 -0.580857 0.694538 0.880338 -0.0343584 0.0895105 1.00894 -0.416383 -0.35428 -0.560695 -0.878475 0.988255 1.45857 0.628862 
0.716019 1.04729 -0.110278 -1.95088 -1.6666 1.55195 0.404309 -1.778 -0.492616 -1.53982 -0.702854 0.5061 -2.51398 -0.378297 0.465381 0.526859 -0.49395 0.0653845 0.409673 0.0654206 -0.222575 0.789117 0.348363 0.815428 1.0552 0.57953 -0.447357 0.495784 0.276563 0.393491 0.176524 0.00352176 -1.01609 -0.452446 -0.132947 -0.402962 0.768414 1.41218 0.838276 
0.566945 1.25127 0.0548077 -2.1631 -1.62042 1.92349 0.738682 -1.89372 0.251763 -1.05182 -0.107279 1.51777 -1.61315 -0.601221 0.312752 -0.136094 0.254416 0.404297 0.314709 -0.133338 -0.866306 0.756398 0.237283 0.252391 1.36187 1.34275 -0.432732 0.365804 0.226231 0.317001 0.168799 -0.293689 0.123131 -0.149001 0.609544 0.432954 0.248955 0.501534 0.434958 
0.484302 1.22968 -0.182074 -1.862 -1.45866 1.67489 0.312609 -2.40753 0.0487358 -1.36703 -0.515947 1.72192 -1.31484 -0.321162 0.102599 -0.162402 0.96889 0.186141 -0.842738 0.105769 0.0331123 -0.0429688 0.173329 -0.497059 -0.403571 -0.0646881 -0.643362 0.38727 0.127462 -0.182188 0.0931211 0.0935452 0.243213 0.509102 1.28593 0.980883 0.179004 0.185041 0.716332 
0.435408 1.31225 -0.0317958 -1.8272 -1.52476 1.59729 0.811114 -1.87099 0.226304 -0.924497 -0.469012 1.1555 -1.67254 -0.437142 0.288586 0.341185 -0.527907 -0.264561 -0.179453 0.470994 1.50192 0.820369 0.939815 -0.0246509 -1.12454 -0.498163 -0.503485 0.161712 -0.150519 0.848127 0.306735 -0.981929 -0.485219 0.527108 0.218398 0.318978 -0.102221 -1.34037 0.125899 
0.311278 1.3981 0.0147553 -2.04359 -1.59498 1.60608 0.635743 -1.31961 0.635448 -0.694809 -0.531851 0.715188 -1.76185 -0.492139 0.148233 -0.0810331 0.302365 0.269142 -0.600419 -0.777919 0.625074 0.308777 0.21203 0.360439 -1.35591 0.217344 -0.422987 0.31125 0.180601 -0.089223 -0.225747 -0.492981 0.225417 1.08723 0.611687 0.826937 0.158565 -1.443 -0.585782 
0.242711 1.3996 -0.0726027 -1.72174 -1.38638 1.36512 0.276955 -1.41896 0.450259 -0.769658 -0.203008 -0.0580595 -1.47974 -0.246638 0.194621 -0.0503526 0.393797 -0.0667305 -0.546103 -0.158008 -0.141499 -0.0715888 0.0531402 0.225911 -0.769292 -0.183199 -0.523499 0.22633 -0.245915 0.0547649 0.455328 -0.0111432 -0.444182 -0.106248 -0.655997 0.456642 0.498115 -0.39374 0.544387 
0.206399 1.51225 -0.00878369 -1.90652 -1.62947 1.39498 0.527109 -1.4235 0.589695 -0.652925 -0.364329 0.0260008 -1.92721 -0.353364 0.203011 -0.316325 -0.220594 0.40564 0.58203 0.162657 -0.760936 -1.11675 0.337996 0.280748 0.835596 0.425738 -0.805855 0.402578 -0.441766 0.33066 0.629891 -0.0463103 -0.288039 -0.310064 -0.619179 1.19513 0.422344 -0.200048 0.811124 
0.0996549 1.5186 -0.245839 -1.79709 -1.17774 1.59179 0.388436 -1.97207 -0.336592 -0.52527 0.00465755 0.687337 -1.10059 -1.05318 0.430505 -0.663015 0.101621 0.999375 0.476101 -0.240796 -0.24989 -0.691174 1.38023 0.317106 0.502529 1.13887 -1.12916 0.0212252 -0.34487 0.194602 0.492669 -0.549293 -0.0854557 -0.347944 -0.580235 0.788477 0.277152 0.738498 1.11344 
-0.186987 1.76266 -0.377146 -1.87046 -1.11524 1.58055 0.361648 -1.606 0.104611 0.33239 -0.130047 0.473674 -0.910376 -1.46665 -0.17049 -0.240698 0.512022 0.324302 -1.39023 -0.280626 0.322056 0.401814 0.608956 0.0741548 0.126229 0.88422 -1.1095 -0.443185 -0.358954 -0.493306 0.613555 -0.734652 -0.42064 0.595999 -1.32657 0.414796 -0.697802 -0.132865 0.897208 
-0.441633 1.42183 -0.37651 -1.61914 -1.01097 1.05314 0.195634 -1.73979 -0.0466669 -0.0882555 0.0610852 0.798642 -0.311464 -0.735202 -1.11965 0.083266 -0.841571 -0.0908621 -1.55634 -0.34183 0.994446 -0.940292 -0.880259 -1.22537 -0.681347 -0.0823173 -0.480973 -1.54969 1.13087 -1.03485 0.799497 -0.659174 -0.51637 1.82376 -0.59618 1.89849 0.0580507 -0.168953 0.25264 
-0.46663 1.11759 -0.325481 -2.1605 -1.16215 0.977441 0.126834 -0.886103 -0.557117 -0.289282 -1.02495 -0.1369 -0.98553 0.689568 -2.23812 2.06481 -2.0639 0.858883 0.420764 -0.434708 1.96177 -1.13633 1.66574 -0.00312353 -0.352287 -0.583037 0.657811 -2.49578 1.59346 -0.166511 0.717929 0.0136272 -0.634509 1.37218 -1.36698 1.00095 0.225658 -0.0897971 -0.102726 
-0.211622 0.130669 0.790423 -2.33177 -0.569045 1.21723 -0.102935 -0.318391 -0.847403 1.10003 0.0609407 0.482209 -0.834359 1.79043 -2.75913 2.48723 0.591584 1.15355 1.57431 -0.537276 0.723218 -0.740801 2.08136 1.51356 0.558906 -0.0329525 0.977847 -2.43192 1.97303 -0.752456 0.563084 0.664948 -0.406338 2.03176 -0.84254 0.0960547 0.177551 -0.567185 -1.29605 
0.157169 -0.474538 1.07921 -1.95505 -0.568561 1.58916 -0.242141 -0.362901 -1.07739 1.19447 0.0852061 0.361167 -1.01654 0.880594 -1.54142 1.11813 0.935412 -0.0249241 0.553108 -0.128091 0.582831 0.0992769 -1.54704 0.228982 -0.395071 -0.930687 0.818036 -2.23594 2.37865 -0.400571 0.719833 0.820744 -0.557092 0.979998 0.0964101 1.29241 1.43913 0.365738 -0.169864 
0.0867206 -0.758037 1.42454 -2.00745 -0.582023 1.43268 -0.191032 0.103002 -0.771999 0.0043467 0.23071 0.127532 -1.66812 -0.4774 -0.715879 1.35019 -1.1925 -0.0880491 -0.371783 -0.234509 0.502763 0.856804 -0.531624 0.346819 -0.0850361 -0.160996 0.245921 -1.19381 1.36343 -0.186997 0.108565 0.571268 -0.679742 1.07143 -0.563557 0.529785 0.70394 0.457297 -0.366063 
-0.0302555 -0.886356 1.84393 -2.36641 -0.61403 1.44571 -0.403287 0.000426739 -0.464843 0.82064 0.34124 0.283626 -1.16205 -0.488102 -0.314167 1.08122 -1.21611 0.187473 0.283275 -0.81372 0.757785 -0.793734 2.18455 0.678876 0.988794 0.506813 -0.405262 -0.792148 1.02712 -1.22866 -0.114947 0.456617 -0.0363099 1.28639 0.0797795 0.594393 0.905718 0.587524 0.623697 
-0.104532 -0.9378 2.03788 -2.42697 -0.485679 1.54342 -0.749766 0.651273 -1.32981 1.56146 0.729828 1.00987 -1.21648 -0.177861 -0.515541 0.306515 -0.649967 -0.0795709 1.0399 0.18467 1.10734 -0.761224 1.24642 0.822465 0.849231 0.89702 -0.272622 -0.521164 0.839941 -0.64354 -0.0156465 0.543887 0.810131 1.9362 -0.328803 1.14942 -0.0256934 1.56303 0.965671 
-0.110532 -1.18245 2.02125 -2.5902 -0.655134 1.85006 -0.276695 0.802197 -0.999598 1.71083 0.945473 1.04121 -0.361479 0.0462594 -0.496157 0.273466 0.25092 -0.208407 0.512922 1.93728 1.667 0.387562 -0.805856 -0.716345 1.05237 0.629971 -0.218034 -0.267619 0.366466 -0.726081 0.057997 0.32632 0.242891 0.926141 -0.963798 0.301313 0.142436 0.156673 -0.817039 
-0.104639 -1.22269 2.1966 -2.3393 -0.593096 1.74328 0.57987 1.85891 -1.04999 0.992679 0.207565 1.94903 -0.654703 -0.176149 0.0992134 0.284214 -0.43898 0.167422 -0.563013 0.15254 0.0511183 -0.424742 -0.882193 -0.642102 -0.649034 -1.84939 -0.14066 -0.598481 -0.168361 0.65678 0.411196 0.429843 1.31952 0.881079 -0.121692 -0.78315 -0.506534 0.281874 0.651274 
-0.190197 -1.12341 2.18601 -2.74104 -0.56911 1.6324 -0.172159 0.83799 -1.29576 1.08778 0.47756 0.459519 -2.01675 -0.275775 -0.434314 -0.54569 0.733449 0.817998 0.115901 -0.107563 -0.565038 -0.539395 -0.127099 0.0558903 -0.688278 0.138371 -0.409314 -0.366591 0.5796 0.085288 0.45859 -0.194393 -0.39281 0.584386 -0.700681 -0.973142 -0.544136 1.09635 -0.622086 
-0.219941 -1.47186 1.89427 -2.0848 -0.172216 1.78907 0.505864 1.44787 -1.42745 0.90643 0.250622 1.33226 -0.532517 -0.48563 -0.66934 0.650411 0.566514 0.512179 0.275678 -0.696585 0.678877 -0.438108 -0.278022 -0.0670706 2.0793 1.12549 -0.570197 -0.624608 -0.187775 0.835651 0.430953 -0.969819 -0.152159 0.175517 1.03214 0.28602 0.342595 -0.271926 0.652196 
-0.380566 -1.50835 2.55688 -2.54426 -0.305637 1.7402 -0.650488 1.32904 -1.6014 0.894243 0.430602 2.31665 -1.01189 -0.644865 -0.536759 0.242142 0.5191 -0.179221 -1.54128 -0.102874 0.78243 1.8045 0.473035 0.383801 0.327424 0.631051 -0.446731 -0.333697 -1.14721 1.91185 0.605644 -0.276664 0.258233 0.434562 0.189315 -1.29812 0.439003 1.36845 2.74951 
-0.46727 -1.78021 2.03536 -1.90441 -0.264611 1.19181 0.435076 2.01401 -0.142914 1.24682 0.533729 1.62341 0.0302234 -0.236354 0.15033 -2.50203 2.29958 0.384648 -0.683757 1.05506 -0.136718 0.668202 -1.27092 0.63167 -0.292856 2.10178 0.228052 1.32329 -0.787726 1.0564 0.561206 -1.96977 -2.91557 -1.49463 -0.350229 -1.4307 -1.12566 -1.03071 1.28704 
-0.481766 -1.41979 1.15347 -1.7483 -0.107805 1.47569 0.0735673 1.22861 -1.12259 -0.00514809 0.895163 2.05334 0.86598 1.00861 2.59262 -1.51372 1.06442 1.01041 -1.35167 -3.9384 -2.65892 -2.23698 -2.18056 -1.8464 -1.68155 0.88234 1.2339 1.51199 -2.54121 2.57489 0.503327 -2.79371 -1.84992 -0.771192 0.810707 -1.19664 -1.71436 -2.54771 1.88387 
-0.123135 -0.28082 1.18819 -1.53548 0.255303 0.668118 -2.26853 0.0844694 -1.72409 -0.299243 -0.815803 0.11877 0.817665 2.21851 2.19876 -1.59882 1.5606 0.361039 -3.41845 -3.61906 -0.832795 0.324981 -0.156636 -2.85701 -3.04708 0.111035 1.95255 1.8905 -2.55368 2.49922 0.90854 -2.49485 -2.32267 -0.794856 -1.14146 -0.643798 -1.17868 -2.09912 0.398574 
0.295163 -0.147916 0.258409 -1.20783 0.0778747 0.15 -2.41084 0.623386 -0.887145 -0.112395 -1.19419 -0.671926 0.963722 2.12985 0.344658 -2.60725 2.68231 0.333856 -2.31192 0.719043 1.65974 0.832846 1.41429 0.315103 -1.07116 -0.410136 2.20281 1.54675 -1.95264 2.84615 0.44517 -3.7038 -1.30486 -0.227927 -0.417781 0.48272 -1.17496 -1.74325 -0.803241 
0.622078 -0.0800027 -0.274444 -0.607205 0.426991 -0.228188 -1.77513 1.28684 -1.12853 0.710287 -0.582987 -0.840248 0.449377 1.32261 0.204351 -1.55237 2.70628 0.298739 -2.01945 1.81066 0.544381 -0.840421 0.737855 1.33053 0.760208 -1.04724 1.75305 0.139327 -2.27361 2.95173 -0.914245 -2.72879 1.48055 1.81007 0.830273 0.881319 0.669217 0.734701 -0.406451 
0.75162 -0.0281489 -0.610507 -0.271265 0.231489 -0.632814 -1.16812 1.0169 -1.47806 0.416254 -0.21802 0.00608225 0.0257392 0.687611 -0.128612 -1.06183 1.74286 -1.68219 -1.69501 1.3339 0.606909 0.184364 -0.356288 0.547767 2.02801 -0.0610687 1.16324 -0.0525236 -1.63212 2.70785 -0.875342 -2.18599 1.77564 1.51992 0.152782 0.736651 0.87709 1.21101 -0.642939 
0.851389 -0.152577 -0.867269 -0.00372323 -0.438991 -0.885106 -0.859676 1.7257 -0.992796 0.461107 -0.179849 0.971028 0.393224 0.545845 -0.286432 -1.08165 1.35326 -1.5896 -1.19084 0.651357 1.3585 1.02565 0.147105 -0.198339 0.820149 0.298893 0.588003 -0.215424 -1.10261 2.02007 -1.17693 -1.53092 1.38952 -0.32605 0.399678 -0.422027 0.244878 1.29391 -0.857522 
0.93022 -0.19189 -1.21449 0.197519 -0.58684 -1.09409 -0.721179 2.00081 -0.745784 0.524938 -0.361073 0.737671 0.291464 0.255292 -0.206608 -0.717815 1.28548 -0.0541841 -0.553862 0.592858 -1.01834 0.304062 -0.144709 -0.234679 -0.339137 -0.938746 0.309809 -0.273359 -0.485056 1.68027 -1.12964 -0.896817 1.26879 -0.201769 0.322867 -0.504016 -0.104006 0.485335 -0.529543 
0.926055 -0.270207 -1.26648 0.44163 -0.467029 -1.09921 -0.452892 0.985915 -0.772184 0.36234 -0.349505 0.66635 -0.447746 -0.050555 -0.138816 0.298433 1.16563 -0.0769097 -0.127404 1.10803 -1.61412 -0.631552 -0.746174 0.0594073 -0.189723 -0.914349 0.0616141 -0.0271908 -0.0906274 1.2986 -0.467514 -0.588333 1.08066 -1.18096 -0.37085 -0.2285 0.35804 -0.801301 -1.16941 
0.895482 -0.270358 -1.04172 0.601434 -0.626575 -1.14271 0.0392351 0.828964 -1.18859 -0.00141307 -0.315442 0.566551 -0.527691 -0.159348 0.163893 0.571016 0.661158 -0.634243 -0.311636 0.905724 -0.464902 -0.761869 -0.124801 0.694382 -0.714687 -0.426575 -0.164991 0.193404 0.552342 0.998007 -0.52308 0.110373 1.19506 -1.87754 -0.721303 0.730384 0.848911 -0.41241 -0.987857 
0.8524 -0.173811 -0.94029 0.671135 -0.793627 -1.21932 0.168653 0.647488 -1.3074 0.277725 0.160964 0.0259744 -0.830734 -0.218109 0.438894 0.59221 0.330344 -0.693599 0.287358 0.549149 -0.742435 -0.256623 1.62364 1.03628 -0.35503 -0.238205 -0.300311 0.245097 0.670079 0.337585 -1.0685 -0.126719 1.08733 -0.706235 0.405859 0.627465 0.307157 -1.31114 -0.0729734 
0.800808 -0.0151038 -0.703608 0.716567 -0.983724 -1.03038 0.416016 0.28927 -1.36555 1.15694 0.445314 0.247667 -0.742239 -0.327045 0.216514 0.509598 -0.155357 -0.941957 0.123624 0.602111 -0.423173 1.25789 0.879156 -0.300604 -1.00653 0.346173 -0.483337 0.133751 0.620413 0.374653 -1.03162 0.29484 1.2634 -0.264447 0.717814 0.75684 0.465545 -0.933424 0.13802 
0.718759 -0.0470175 -0.648673 0.618347 -1.27861 -1.17053 0.581789 0.339323 -0.410452 0.906826 -0.0569527 -0.875273 -0.522732 -0.562774 -0.231514 0.408266 0.231033 -0.82812 0.143328 1.20276 0.408236 1.13573 -0.71453 -0.437289 -0.871747 0.405066 -0.500722 0.545187 0.798498 0.405384 -1.07321 0.261194 0.698995 -0.606206 1.00493 0.780286 -0.420094 -0.71498 0.485678 
0.582844 -0.147121 -0.469023 0.797365 -1.41011 -0.973948 1.24146 0.584046 -0.555221 0.653087 0.127336 -0.533103 -0.381574 -0.481811 0.630218 0.778222 0.762808 -0.6412 0.257681 0.367382 -0.339494 -0.0261879 0.057997 -0.247858 0.0657001 0.228108 -0.454161 0.436449 0.761678 0.212878 -0.0604182 0.0274518 -0.839724 -0.992117 -0.332942 -0.743086 -0.363479 -1.36648 0.131296 
0.529756 0.318758 -0.205867 0.882996 -1.60879 -1.06972 0.8338 0.0918429 -0.424012 0.952162 -0.236257 -0.818074 -0.320303 -0.171164 0.909273 0.820143 0.0877964 0.74105 -0.105073 -2.36635 -1.65473 -1.54698 -0.170503 -0.0378213 -0.921909 -0.246086 -0.501828 0.719191 0.786196 0.312134 0.365541 -0.0261993 -1.0076 -1.31276 -1.48141 0.212976 0.00398096 0.496457 0.466423 
0.504963 0.379855 -0.00262271 0.828642 -1.02884 -1.0139 -0.383051 -0.617245 -1.64714 0.535982 0.101791 -1.35871 -0.603168 -0.328825 0.486908 0.489748 -0.295165 1.18335 -0.298167 -1.7637 -1.30899 -1.79542 0.200567 0.248835 0.579284 0.323607 -0.548841 0.833936 0.504021 -0.0716771 0.334857 -0.507826 -2.30312 -1.61845 -1.02793 0.783679 0.629358 0.401814 0.521297 
0.395478 0.601748 0.0745784 0.781871 -0.999858 -1.1846 -0.377027 -0.858719 -1.69209 1.09885 -0.0519529 -0.301791 -0.0324794 -0.715115 0.386162 -0.00746781 -0.1956 -0.244225 -0.64227 -0.8259 -0.377013 0.282266 1.11172 0.849049 1.443 0.862108 -0.476993 0.375606 0.187849 -0.449595 1.18093 -0.334895 -1.68933 -1.68515 -1.61181 -0.215434 0.461009 0.105612 0.514418 
0.232505 0.604647 -0.00202494 0.761941 -1.15469 -1.26231 -0.950146 -0.891935 -1.44198 1.33041 0.725485 -0.0703641 0.166182 -0.44185 0.0963037 -0.187221 -0.379249 0.563279 -0.195374 -0.577683 -0.806363 -0.186324 -0.454447 0.344276 -0.445928 0.284354 -0.842613 0.35888 0.111903 -0.293582 0.420206 -0.114902 0.431322 -0.20849 -0.209331 1.53211 0.123118 1.17773 0.795589 
0.22077 0.6591 -0.0259941 0.651676 -0.710083 -1.2596 -0.773738 -1.44477 -1.8192 0.779891 0.202219 -0.701928 0.220244 -0.643842 0.171059 0.187454 -0.244904 0.867126 0.4716 1.42433 0.112969 -0.541723 0.724732 -0.693716 0.0937918 0.0753572 -1.13755 0.204389 0.184422 -0.763987 0.755274 0.46056 -0.293076 0.102582 0.0706877 -0.280671 0.145174 0.165373 -0.383212 
-0.0144584 0.705183 0.108281 0.678193 -0.708525 -1.07849 0.0273833 -0.811287 -1.82109 1.84973 0.219788 0.0119458 0.232021 -1.39166 0.220845 0.484219 -0.76653 0.55458 0.869277 0.171897 0.932314 0.270739 0.122533 -0.160366 0.657513 -0.728325 -1.05976 -0.179115 0.649307 -0.630794 1.2693 0.931267 0.837707 0.852488 -0.335143 0.0399812 -0.684457 0.229405 -1.0643 
-0.293694 0.788395 0.251339 0.387587 -0.424786 -0.921459 -0.655915 -0.769935 -1.62222 0.871106 0.0869638 -0.115717 -0.432567 -1.06451 -0.449856 0.859643 -0.70118 1.01005 0.893134 -0.262539 0.953151 0.127765 -0.673096 -0.197259 0.201613 -1.3175 -1.08523 -1.07243 1.15561 -0.833571 1.08342 0.614769 0.935158 2.64249 -1.16851 1.00903 -0.155244 1.42187 -0.775184 
-0.411898 0.447037 0.596913 0.436697 -0.188794 -0.731098 -0.153003 -0.121337 -1.72549 1.37533 0.077525 0.190635 -0.947627 -0.357677 -1.88781 1.3798 -0.483576 1.048 0.0309499 1.12498 2.37796 -1.70809 1.08823 -0.0449504 1.19887 -0.174998 -0.319567 -1.63366 1.63004 -1.20918 0.601892 -0.0160903 -1.1616 2.06643 -1.02964 0.230209 1.10354 0.503713 0.228597 
-0.438293 -0.300404 1.03273 0.221323 0.11448 -0.90863 0.116137 0.953293 -2.82837 1.64884 0.0561996 0.954401 -0.590596 0.547134 -2.08923 1.76989 -1.11208 -0.118764 -0.918784 -1.34726 1.6349 -1.39459 0.952274 1.62285 0.45287 1.5905 0.342282 -2.45467 1.78973 -0.360603 0.733637 0.450898 -0.469084 2.81874 -1.01795 0.832808 0.923448 -0.276677 -0.684488 
-0.232837 -0.758115 1.59786 0.053139 -0.250072 -1.08681 -1.07798 1.06302 -2.70935 2.05641 1.26769 0.593919 0.473054 0.905215 -1.92709 1.50739 -0.0574114 0.0378921 0.628773 -1.77477 1.15328 0.455629 -0.0882499 1.23721 -1.56594 -0.622038 0.556763 -2.06704 1.81644 -0.236492 0.785096 0.33679 -0.856066 1.4847 -0.561818 -0.623357 0.447025 -0.59449 -0.156636 
-0.131143 -1.41189 1.88593 0.202397 0.133834 -0.663821 -1.10229 1.78838 -2.50029 1.59021 0.964047 -0.446896 -1.14837 0.345505 -1.12332 1.1604 0.757174 1.28068 1.41104 0.161014 0.223836 0.702269 -1.69409 -1.04786 -1.23597 -1.76895 0.605244 -1.39367 1.3461 0.53828 -0.195108 0.441817 -2.00684 -0.472655 1.07841 -2.06753 1.52204 -1.00459 -0.0654305 
-0.125901 -1.4053 2.25576 0.31584 0.408952 -0.538445 -0.967622 1.22407 -2.20638 0.856182 0.502737 -0.512425 -1.11028 0.0654289 -0.239068 0.663992 0.864115 -0.323925 0.0176224 -1.00676 -1.74851 0.8663 -2.38103 0.730593 0.246003 0.550475 -0.0853621 -0.852849 0.849743 0.33791 0.477593 1.10072 -0.956896 -0.799821 1.60644 -1.63613 1.12873 -0.501707 -0.591586 
-0.124393 -1.54827 2.26445 0.502071 -0.0330409 -0.656164 -1.79353 0.519072 -1.88101 -0.0983653 1.50103 -0.228527 -0.657677 -0.486046 -0.202427 0.210105 -0.250884 -0.573004 0.202396 -1.48704 -1.22924 1.2681 -0.259162 2.50608 0.574326 1.08079 -0.423864 -0.478392 0.102365 -0.392367 -0.74668 0.179426 -0.26823 -1.6221 1.61517 -1.49222 1.54535 0.776778 1.5194 
-0.316419 -1.52051 2.37882 0.230025 0.113874 -0.459088 -1.98854 0.331342 -1.30219 0.676049 2.33948 -0.000573025 -0.145391 -0.750619 -0.504791 -0.499395 -1.45273 -0.776882 0.243677 0.635418 -0.287798 1.11479 0.599918 1.26741 0.765931 1.23523 -0.498341 -0.660998 -0.388388 0.220283 -0.855852 0.482509 -0.813232 -0.649826 1.66272 -1.33683 1.5777 0.32943 1.08419 
-0.409551 -1.83815 1.98818 0.000742369 -0.433057 -0.560788 -1.35753 0.309082 -1.08553 0.332224 2.43098 0.454597 0.445317 -0.318978 -0.825194 -0.837346 0.580815 -0.68907 0.503721 0.360172 0.411887 0.77138 -1.33608 -0.466166 -0.147986 0.194888 -0.676579 -1.06602 -0.41523 -0.146045 -0.729337 1.44299 0.25344 0.257669 2.64803 -0.863719 0.651322 0.363865 -0.0052728 
-0.447175 -1.99548 1.91234 0.431753 -0.240945 -0.262804 -1.74148 0.628766 -0.750219 -0.269664 2.00036 -0.134385 0.0273326 -0.341191 -1.15222 -0.171156 1.23342 -0.298306 1.87209 -0.283584 0.608184 2.13469 -1.62925 -0.427727 -0.294514 -1.23629 0.0998531 -1.35022 -0.851929 0.866376 -0.400978 1.32231 0.157481 -0.258525 2.80179 -2.16254 -1.52697 0.529198 -1.21671 
-0.548252 -2.50203 1.89664 0.428097 -0.586746 0.166481 -1.55237 0.748861 0.433134 -0.821905 2.12001 0.189806 -0.661719 0.476448 -1.27344 -0.537825 0.7178 0.0989299 1.43493 -0.141364 -0.738661 2.66691 -1.24685 -1.51639 0.83583 -1.61563 0.345378 -0.629593 -0.637886 1.15279 -0.279602 1.12505 -0.621026 -1.24295 1.27053 -1.63678 -2.12423 0.555929 -1.36187 
-0.293399 -2.72938 1.61443 0.680841 -0.190174 0.294828 -1.83869 0.0918081 1.14583 -1.15194 0.892417 0.611221 -1.41891 0.89371 0.173401 -0.858653 0.494616 -0.11254 -0.222944 -0.576831 -2.16915 -0.576833 -0.324782 -2.32864 1.01735 -0.354573 1.39337 1.16194 -1.81147 -0.0995737 0.0184762 -0.34202 -1.03751 -1.05947 0.973591 -1.74575 -3.16695 0.262025 1.24676 
-0.245218 -2.40014 1.41817 0.600024 -0.64482 0.0807886 -1.94849 -0.825491 0.0291257 -1.04869 0.417449 1.09767 -0.980322 1.76229 3.07858 -2.38559 -0.867428 -0.0694584 -1.93892 -1.29641 -0.592267 -1.4737 -0.837531 -2.59095 -0.497725 3.08182 1.83495 2.03473 -2.80811 -0.301611 0.947996 -2.01199 -0.117758 -1.3102 -0.724338 -0.44182 -3.44115 -0.0629565 2.17637 
0.320335 -0.949268 0.276559 0.381868 -0.226074 -0.456739 -2.72876 -0.338984 0.105874 -1.74324 -1.00216 0.164783 1.33531 2.05553 2.98801 -3.67285 -0.947159 1.51508 -2.73198 0.414083 0.523871 -0.315069 -0.199892 -2.13395 -1.10466 2.91017 1.84139 2.40485 -2.87327 -0.570607 -0.133322 -2.26903 0.653092 0.308893 -0.474577 0.423155 -2.14545 -0.305739 2.93032 
0.473412 -0.672351 -0.644213 0.273486 0.134855 -0.978519 -1.66442 -0.446856 -0.189273 -1.18668 -1.14258 0.108706 1.6204 1.19731 0.657976 -2.25104 0.0115826 -0.125304 -1.39323 2.20227 0.976873 0.888518 1.3475 -0.192913 0.0926087 0.357333 1.85918 2.33188 -2.91432 0.0101503 0.350066 -1.80941 0.949212 1.75234 0.715102 0.315212 -1.1799 -0.862092 2.76053 
0.731971 -0.567458 -0.985592 0.386796 -0.290718 -0.996553 -1.21722 0.36817 0.740909 -0.781191 -1.14125 0.246036 1.65329 0.932692 0.635154 -1.03002 0.962039 -0.995794 0.0743747 0.90228 1.67041 1.19085 0.580746 0.601073 -0.0287448 0.330006 0.985417 0.857998 -1.72806 0.540159 -0.0519318 -1.34828 2.1075 1.47331 0.449275 0.974527 0.0916054 -0.103749 -0.140272 
0.790391 -0.303724 -1.21914 0.607015 -0.377836 -0.948839 -1.04524 0.763252 0.660136 -0.769725 -0.700419 0.0814825 1.91395 0.385031 0.674849 -0.537771 0.797937 0.05077 -0.587601 0.719791 0.867577 -0.339185 -0.178006 0.307418 -0.233314 -0.516602 0.825198 0.769949 -0.89607 0.859695 -0.381913 -0.775873 1.35455 1.68217 0.551973 0.56401 0.944276 0.126919 -0.738348 
0.853046 -0.175901 -1.28346 0.66359 -0.264735 -1.22375 -0.723307 0.996061 0.505411 -0.90363 -0.914055 0.0359504 1.1898 0.391857 0.560847 -0.416369 0.32656 0.433816 -1.21512 0.975991 0.435903 -0.515398 0.0977082 0.618167 0.189992 -1.19016 0.622195 0.677053 -0.253173 0.629292 -0.0284646 -0.908858 1.90669 0.412747 -0.00556523 -0.302754 1.98995 -0.205349 -1.49112 
0.913908 0.0219782 -1.44868 0.72084 -0.154697 -1.41954 -0.375465 1.07809 0.29969 -0.696157 -0.245743 0.249784 0.848163 0.612888 0.376797 0.128701 0.145219 -0.0906389 -0.748315 1.92389 -0.352767 0.329959 -0.180323 2.26662 -0.0403888 -1.22572 0.378271 0.327087 -0.154129 0.304513 -0.9639 -1.22861 1.36372 -0.477622 -0.492352 0.019607 1.10922 -1.04257 -2.56491 
1.05563 0.0434822 -1.20623 0.714719 -0.311537 -1.51331 0.597142 0.738956 0.744386 -1.02772 0.747383 -0.00168171 0.0922125 0.213588 -0.0530305 0.16711 0.129657 -1.8555 -0.590087 0.914989 -1.03736 -0.0916174 -0.0704436 0.814779 -1.55964 -1.81054 0.258305 0.190059 0.210766 0.782241 -1.37495 -0.294126 1.75302 -0.149193 0.222994 0.359353 1.4698 -0.579835 -1.55379 
0.973657 -0.00693506 -1.34983 0.766589 -1.10988 -1.6477 0.25244 0.324515 0.239736 -0.74213 0.352863 -1.14588 -0.772363 -0.200469 -0.0819162 0.210803 1.02725 -1.93824 0.314608 0.506765 0.163063 -0.0585068 0.613977 -0.366499 -0.723529 -0.590051 -0.0842464 -0.0137851 0.324823 0.551497 -2.04909 0.0143883 1.15567 -0.996256 -0.2672 -0.340409 0.394224 -1.48019 -1.3039 
0.967264 -0.00211739 -1.08278 1.07079 -1.30931 -1.39041 0.944829 0.855932 0.70791 -0.587132 0.481227 -0.649962 -0.436955 -0.352334 0.0311477 0.356427 0.696862 -1.16921 0.609169 0.687576 -0.214316 -0.238905 -0.332926 -0.308196 -0.382874 0.287615 -0.330149 0.298063 0.597401 0.99413 -1.3941 0.633238 0.153721 -1.10359 -1.0059 1.05578 -0.652341 -1.55111 -0.358945 
0.830969 0.0127785 -1.14442 1.00844 -1.71183 -1.41049 0.724242 0.167814 0.0753437 -0.974701 0.129389 -1.48966 -0.516723 -0.333935 0.54463 0.752542 0.462903 -0.118931 0.612725 -0.293169 -1.54931 -1.17916 0.65271 -0.482866 -1.31182 0.174519 -0.42988 0.5676 0.927318 1.36356 -0.186686 0.786122 -0.229644 -1.14437 -0.343028 0.150639 -0.207894 -0.321442 1.14667 
0.831158 0.314217 -0.654426 1.23176 -1.37067 -1.15183 0.743417 -0.26891 -0.123191 -0.119012 0.129883 -1.82411 -0.282446 -0.342537 0.850414 1.13925 1.34718 0.895618 0.542544 -1.00543 -1.22305 -0.184736 0.516924 0.0346637 -0.0427988 1.06128 -0.551371 0.514966 0.788562 0.376371 -0.281569 0.0306431 -0.994473 -1.6334 -0.47812 0.151885 -0.322422 -0.898305 0.242509 
0.691786 0.505753 -0.498419 1.47512 -1.251 -1.19914 0.0339125 -0.720424 -0.0506389 -0.603112 0.156907 -1.52944 0.430728 -0.556414 0.255141 0.519246 0.10105 -0.29482 -0.569787 -1.08495 -0.501163 0.589619 -0.467221 0.0609501 0.131018 0.114793 -0.762848 0.469722 0.857213 0.583594 0.22513 0.303258 -0.290305 -0.390228 0.983465 1.4539 0.85069 0.885357 0.411831 
0.615469 0.463323 -0.357379 1.26762 -1.52257 -1.37211 -0.00149428 -0.633633 0.299903 -0.447055 0.176645 -1.70852 -0.181344 -0.888078 -0.12095 0.243311 -0.472537 -0.560881 -0.0995035 0.603483 0.731158 1.39007 1.22597 1.06333 1.19687 -0.573542 -1.05216 0.277089 0.584581 0.22754 -0.455293 -0.137519 -0.243742 -0.495831 -0.325216 0.0758177 0.8363 0.787643 0.0577721 
0.357457 0.437606 -0.356676 1.31267 -1.53984 -1.23694 0.44799 -0.191464 0.940034 0.27254 0.937464 -0.461115 -0.0836774 -1.13971 0.174981 0.423414 0.239761 -0.375553 0.365922 0.747549 -0.123126 -0.991386 0.561722 1.01839 0.895138 -0.0419746 -0.949817 0.159941 0.675023 -0.716399 0.152016 -0.058098 0.0679026 0.238054 -0.766152 0.493028 0.817457 0.281083 -0.536306 
0.19113 0.566124 -0.114268 1.35143 -1.71602 -1.2293 0.511475 -0.724202 -0.398055 -0.0436185 0.92431 -0.909903 -0.220423 -0.64337 0.36903 0.845279 -0.601895 0.787616 0.0122016 -0.508855 -0.435364 -2.33332 -0.632422 -0.0083933 -0.833813 -0.0498396 -1.11043 0.442377 0.619563 -0.348083 0.671754 0.302171 -0.275326 -0.285674 -1.61787 0.635085 1.4402 0.766097 0.149669 
0.110663 0.652501 0.123872 1.1055 -1.1346 -1.23138 0.0985245 -0.50847 -0.709455 -0.172944 0.933461 -1.20798 -0.129789 -0.650168 0.511989 0.575691 -0.761978 1.37004 0.0755227 -1.12873 -0.237686 -0.997803 0.201748 0.843375 0.102813 0.222487 -0.835371 0.523779 0.303307 -0.628522 0.975375 0.500857 0.0772675 -0.551609 -3.33525 -0.499171 0.305919 -0.0706816 -0.163104 
-0.0580953 0.863603 0.214548 1.08892 -1.011 -1.19917 -0.263492 -0.897851 -1.10056 0.103911 1.54385 -0.819529 -0.0230204 -0.703936 0.444436 -0.356459 -0.340783 0.655373 0.720844 0.616465 -0.258855 -1.76487 0.0391488 0.400568 0.736394 -0.136187 -0.494565 -0.198109 0.620815 -1.21839 1.78613 0.195604 -0.416391 0.340917 -2.22656 0.441075 -0.279311 1.37156 -0.592052 
-0.157796 0.910957 -0.0719524 0.988608 -0.797421 -0.950847 0.521513 -0.69747 -1.95587 -0.141007 1.22884 -0.551254 -0.253112 -0.148781 -0.820303 0.425433 -1.06508 1.27059 0.20952 0.551994 0.662441 -1.73887 0.329657 -1.20943 1.68772 -0.911197 -0.35516 -1.2889 1.56101 -0.848207 0.891039 -0.0781252 -1.12466 1.37963 -1.22032 1.50969 -0.897493 1.81728 -0.389001 
-0.12797 0.391464 0.458795 0.721607 -0.357165 -1.11705 0.115243 -0.418724 -2.32854 0.342371 0.660617 0.687564 -0.839356 0.12929 -2.44779 2.8746 -0.931268 0.663035 -0.837538 -2.17505 1.98586 0.263883 1.77049 -1.56756 1.6376 -0.314568 0.0803816 -2.41909 1.46705 -1.21151 1.34974 0.338903 -1.07896 2.2535 -0.715522 0.851656 -1.61551 0.912671 -0.0468191 
-0.128202 -0.501323 1.55075 0.667564 -0.456301 -1.27503 -0.971682 0.741402 -1.76375 1.12174 0.0834434 0.911037 -0.535944 0.274922 -2.93931 1.94111 -0.751665 0.725408 0.285834 -2.04724 2.16015 0.857797 0.692866 -0.887825 -0.497893 0.861445 0.296042 -2.54642 2.57361 -1.23767 1.7276 0.25257 -1.76083 2.31911 1.05927 0.532572 -0.921511 -0.268261 0.0474041 
-0.0462821 -1.30475 1.55611 0.462657 0.0160586 -1.00531 -1.29022 1.14655 -1.71529 0.839038 0.0128204 0.240976 -0.070599 0.343849 -1.50969 1.2774 -0.924698 1.89113 1.20619 -0.265443 0.918991 1.03454 -1.12964 0.36945 -1.99365 0.375236 0.191104 -1.9158 1.90949 -0.115981 1.84816 1.18731 -1.35301 1.38506 1.47681 -0.0240968 -0.396102 -1.1993 0.723656 
-0.0218577 -1.3717 2.27451 0.348791 0.516928 -0.806157 -1.15406 1.40658 -1.02517 0.322787 0.356044 -0.872585 -0.201953 0.0293705 -0.0382158 1.13931 0.577437 2.00685 1.45468 0.17209 -0.426339 0.953386 -0.717878 0.370448 -1.07692 -0.00827817 0.214193 -1.26511 0.0995953 -0.48524 2.02276 1.11234 -0.15321 0.378912 -0.215433 -2.29647 0.229916 -1.2769 0.352592 
-0.0524302 -1.32511 2.20215 0.663218 1.04885 -0.440018 -1.17226 0.836088 -1.03426 0.332803 0.286151 -0.723199 -0.0795464 -0.00240592 -0.456696 -1.11727 0.196842 1.09904 0.424295 0.0535484 -0.446601 -1.30149 -1.61348 -0.075747 0.31725 0.0430808 0.113365 -0.558627 0.520741 0.148928 0.809956 0.511073 -0.601834 -0.395464 1.43729 -0.793034 2.25786 0.99842 0.488066 
-0.0393726 -1.63379 1.65048 0.417768 1.08246 -0.640694 -1.11748 1.08142 -1.94302 -0.820135 0.302735 -0.59053 -0.164976 0.149841 -0.830325 -0.299659 -0.354488 -0.808215 -0.706639 -1.0059 -0.0721181 0.809261 -0.2269 2.55069 2.379 0.585358 -0.0533985 -0.482491 -0.428087 0.382163 -0.0983542 0.72768 -0.266572 -1.08499 1.38518 -0.945963 1.76112 2.78449 1.33903 
-0.015485 -1.80303 2.03829 0.541583 0.632706 -0.713405 -1.86291 0.78251 -0.455425 0.175605 2.15555 1.40182 0.442334 -0.0867058 -0.293533 0.425976 0.375795 -1.24215 0.641645 -0.422593 -0.916322 3.00014 0.485777 2.3533 3.32284 1.53125 -0.0718991 -0.982345 -0.890967 -0.00842952 -1.0372 1.20123 0.0981989 -0.0672973 1.6438 -1.80315 1.42011 2.05312 0.98535 
-0.0870424 -1.80164 1.89503 0.548615 0.442971 -0.390889 -1.40773 0.415627 0.189319 -0.470689 2.02763 2.37817 1.20272 -0.26872 -0.696653 -1.1385 0.341512 -0.721748 2.46758 1.14253 -0.0149111 1.20699 -1.92613 -0.714949 0.303706 0.574489 -0.146544 -0.924742 -0.277497 1.073 -1.56711 1.78139 -0.0868189 -0.722607 3.56625 0.568573 0.653663 2.77349 0.453712 
-0.128263 -2.20375 1.40231 0.660577 0.261068 0.244942 -1.07882 0.770418 0.405431 -1.18958 1.63431 1.67177 0.954496 -0.152277 -1.14393 -0.874292 1.23261 -1.07058 1.97076 0.302735 0.00772044 1.37694 0.198135 -1.51058 0.302859 -0.994428 -0.0468993 -0.353666 -0.804482 1.13643 -0.917808 1.94789 0.708614 -1.26469 1.76611 -1.47231 -1.80164 0.51306 -1.74189 
-0.158168 -2.46073 1.40776 0.975687 -0.108215 0.374671 -1.20009 0.419948 1.17068 -0.325728 0.923937 2.64737 0.311957 0.190065 0.146612 -0.160114 1.362 -0.631846 0.389194 -0.159698 -1.57331 0.959456 0.168838 -1.62347 0.363012 -2.61069 0.954898 0.977896 -1.6669 0.598913 -0.768526 -0.21675 0.465639 -0.805841 -0.0813584 -1.49429 -2.43525 -0.700698 -1.19151 
-0.0769289 -2.11733 1.317 1.13239 -0.0642968 0.396785 -1.18861 -0.37183 1.09077 -1.06545 0.447976 1.99473 -1.38153 1.68551 2.66307 -1.81584 -0.334996 -0.0624932 -2.29091 0.343264 -1.02067 -1.47924 -1.98173 -1.64875 -1.22499 -0.396786 1.44253 2.06079 -2.02257 0.309645 -0.567058 -2.71304 0.373614 -0.5042 0.0683906 0.400589 -1.68924 -0.60519 -0.747274 
0.428103 -0.920641 0.39055 0.860792 -0.14053 -0.513482 -0.964639 -0.321526 0.126798 -1.73044 -0.280898 1.55084 -0.0443938 2.12777 3.05529 -3.1039 -0.89809 -0.203625 -4.37301 0.678125 0.938529 -0.877862 0.314139 -0.569318 -1.16012 1.74008 1.91442 2.67949 -2.60345 -0.648516 0.333582 -3.41099 0.996141 -0.0585168 -0.909445 -0.642039 -1.33266 -2.53359 -0.316354 
0.667542 -0.350677 -0.425167 0.822812 -0.169253 -1.29931 -0.723297 0.307517 0.473306 -0.838018 0.0333449 0.956186 0.172904 1.39159 1.50026 -2.38544 -0.637659 0.557434 -2.71725 1.03815 0.944653 0.360023 1.21756 -0.082056 -2.09645 0.0311667 1.98321 2.49275 -2.74146 -0.729623 0.548935 -3.23726 1.14239 1.43145 -0.54036 0.548936 -0.792443 -2.35222 1.26522 
0.909234 -0.0522758 -0.947243 0.641257 0.146237 -1.56707 -0.25219 0.362261 0.38709 -0.860762 -0.338825 -0.324677 -0.0180697 1.06002 0.817852 -1.32007 -0.196169 1.01668 -0.380175 0.906039 0.853439 0.211891 0.346285 -0.461566 -1.92391 -0.252248 1.11116 1.13256 -1.9398 -0.357082 -0.0673299 -1.72287 0.953784 1.15647 -0.0218927 1.30255 0.541293 -2.4551 -0.0817221 
1.03007 0.123488 -1.16334 0.755914 0.353891 -1.44602 -0.101536 0.925156 0.628562 -0.587737 -0.302406 -0.76509 -0.054201 0.393067 0.259232 -0.745024 0.101949 -0.654714 0.186653 0.284546 0.502578 -0.389299 0.344294 0.779185 -1.12225 -0.121822 0.706614 0.663622 -0.992213 0.203416 -0.486769 -0.606099 1.53773 0.23629 -0.564833 0.120287 0.622556 -2.07287 -1.27562 
1.03318 0.0991939 -1.36176 0.677427 -0.190899 -1.49382 -0.0570405 0.725455 0.116057 -0.611896 0.233725 -1.32937 -0.128548 0.0737327 0.212924 -0.281456 0.500812 -1.73355 -0.511397 1.22617 -0.559856 -0.907915 -0.198592 1.26398 -0.794439 -1.23754 0.327479 0.297868 -0.294376 1.00927 -1.19315 -0.0723376 0.725025 0.22216 -0.698122 0.113893 0.688461 -0.782164 -0.403165 
1.03979 0.248207 -1.31695 0.929982 -0.53853 -1.64364 0.739975 0.517868 -0.0102087 -0.72481 0.625042 -1.47676 -1.16235 0.130654 0.203179 0.269474 1.41091 -1.10561 -0.294854 0.721032 -0.22671 -0.470408 -0.204248 0.108618 0.0934773 -0.345532 0.0361474 0.144422 0.202045 1.06415 -0.460907 0.485554 0.201214 -1.14223 -1.23325 0.232626 1.00783 -1.15385 -0.233281 
1.06327 0.218284 -1.20529 1.16614 -0.760114 -1.60742 0.437726 0.559766 -0.212488 -0.752991 0.315381 -1.24734 -0.439067 -0.0187651 0.0110398 0.606889 1.09433 1.05489 1.22198 -0.946739 -0.874832 -0.60895 0.48066 0.0376069 -0.720884 0.96927 -0.0518159 0.169152 1.08675 1.444 -0.71738 0.163363 -0.158146 -0.53481 -0.377864 0.095667 0.65484 0.199853 0.21892 
1.01642 0.256305 -0.970572 1.30925 0.00427849 -1.16864 0.0899326 -0.117842 -0.43699 -0.379001 0.654715 -2.12267 -0.297175 -0.217219 0.0592139 1.48345 0.753742 0.048087 0.532578 -0.939769 -0.446447 0.00398751 0.322492 0.735624 0.163242 0.607199 -0.373969 0.160923 1.06975 1.19843 -0.828589 0.48431 -0.619362 -0.637512 0.385909 0.448243 0.365633 -0.539055 0.430073 
0.96891 0.25421 -0.365568 1.42766 -0.735512 -1.39994 -0.207532 0.234723 -0.204651 -0.519624 0.856042 -1.10295 0.102344 -0.586145 0.238566 1.11861 0.702124 -2.27669 -0.513223 0.0886309 0.0729162 1.08047 0.0593182 0.431933 0.0103486 -0.460153 -0.726185 -0.0413101 0.95994 0.587751 -0.574269 0.653964 0.0654933 -0.64731 0.67011 0.194139 0.916258 -0.320019 0.527963 
0.790096 0.395836 -0.336188 1.55292 -1.1677 -1.36697 0.1506 -0.0662405 0.334151 -0.332725 0.973057 -2.11495 -0.710188 -0.954406 -0.123869 0.0648618 0.127133 -0.89421 0.425173 1.03106 -0.367753 0.816537 -0.0864603 0.447316 -0.587053 0.0166361 -0.684093 -0.178141 0.8719 0.145722 -2.29785 -0.1029 0.680325 0.42887 0.678841 -0.148719 0.894384 1.49957 0.457349 
0.610855 0.184376 -0.324261 1.47253 -1.19592 -1.23414 0.500045 -0.0332511 0.379344 -0.576982 1.18565 -1.62923 0.115675 -0.517754 -0.51585 0.287649 -0.483982 -1.11548 0.360168 0.854981 0.462107 -0.24922 -0.233397 0.722666 1.94775 1.00123 -0.829027 -0.0150164 0.531582 0.0504486 -1.15436 0.582792 0.960181 -0.781201 0.726447 -0.55078 0.17334 -0.314464 0.474674 
0.588236 0.0995686 -0.16949 1.38651 -1.74199 -1.22639 0.737313 0.267603 0.162445 -0.494542 1.50423 -0.375418 0.183569 -0.382691 0.100073 0.792283 -0.0518333 -0.808816 0.428124 0.300512 -0.614308 0.0731708 -0.568545 -0.226914 0.170514 0.544749 -0.449322 0.0219861 0.463316 -0.263604 -0.0124282 0.793011 0.143299 -0.590254 0.00861031 0.00707902 -0.0385326 0.988934 1.1648 
0.457309 0.243905 0.12646 1.45554 -1.61237 -1.06719 0.706155 -0.480027 0.436237 -0.977056 1.02167 -1.47834 0.601243 -0.208399 0.549554 0.459349 0.0884242 1.0993 0.801655 -0.655833 -1.20478 0.257402 0.245676 -0.776769 -0.658096 0.368906 -0.59268 0.358665 0.334023 0.0166213 -0.186382 -0.0931173 -0.382213 -0.893398 -0.0514996 0.321603 0.522338 0.572163 -0.186054 
0.497035 0.418747 0.0938455 1.41801 -1.17632 -0.9145 0.286958 -0.607383 0.349972 -0.315783 0.937734 -0.965208 0.511899 -0.574126 0.456814 -0.253903 0.0764155 0.535674 -0.566822 -0.829867 -0.508416 -0.138805 0.957043 0.899484 0.573571 -0.757671 -0.482577 0.514629 0.0845182 -0.153951 1.09613 0.223441 -0.882057 -1.41026 -0.0675236 0.433102 -0.369994 -0.21019 -0.320154 
0.235284 0.509511 -0.0116429 1.48288 -1.3368 -1.28632 0.136337 -0.850011 0.342823 -0.292586 1.68229 -0.967166 -0.0778093 -0.571261 0.249694 -0.323548 -0.31958 0.522061 -0.475758 -0.566443 -0.565946 -0.342715 0.276191 0.293219 0.378056 -0.738979 -0.82539 0.595346 -0.207718 -0.00362732 0.911427 -0.468255 -0.684483 0.0607191 -0.72005 0.116329 0.227024 0.826474 -0.698455 
0.276035 0.564707 -0.0834557 1.30844 -0.907764 -1.0983 -0.102038 -1.01909 0.111971 -0.115332 1.15453 -0.628799 -0.15044 -0.75712 0.467864 -0.081824 -0.0821919 0.812852 -0.122446 -0.118517 0.581883 -0.747831 -0.814085 -0.609528 0.503416 -0.0557334 -1.19207 0.375156 -0.0448815 0.185555 0.804959 -0.218757 -0.232692 -1.07879 -0.627245 -0.54202 -0.362891 0.406862 0.183572 
-0.0521994 0.7815 -0.052895 1.45538 -0.918573 -1.33301 0.0548114 -0.429305 -0.182435 -0.867214 1.23822 -0.5187 -0.129191 -1.34997 0.332818 0.25056 0.597444 0.669191 0.152665 0.244364 -0.789203 -0.429954 -0.920719 -0.767566 0.149646 0.959222 -1.1836 0.0668585 0.324594 0.0229436 1.29287 0.545172 0.306419 0.25051 -0.448531 -0.75414 -1.56957 1.01622 0.786706 
-0.223516 0.758685 0.0623678 1.51592 -0.563476 -1.03824 0.0655298 -1.5927 -0.187889 -0.765767 0.594768 -0.496563 0.705749 -1.15048 -0.36443 0.604992 0.116253 1.09914 0.920529 0.543793 -0.270472 0.19463 -0.0841715 -1.42822 0.821949 0.982789 -1.6379 0.369253 0.365525 0.834912 1.60591 0.217637 0.614511 1.094 -0.355608 -1.15436 -0.957801 0.664468 0.0479724 
-0.480393 0.572702 0.292413 1.4965 -0.352986 -0.974989 0.427916 -0.626731 -0.0394193 -0.922945 0.194825 0.214498 0.748071 -1.2886 0.240521 0.33865 0.653998 1.70521 0.164713 0.608012 2.15811 -0.00913573 -0.456259 -0.477558 0.715271 -0.897888 -1.44165 -0.0614358 0.267792 0.927856 1.47435 0.569755 -0.0264822 0.551908 0.0691992 -0.257818 -1.79077 -0.522407 -0.907393 
-0.701116 0.899346 0.257771 1.74295 0.314059 -0.973501 0.482716 -0.0289079 -0.189358 -1.08602 0.24731 0.141277 -0.0986854 -1.17232 0.2685 -0.173475 1.27454 1.08093 -0.0863656 -0.580009 0.95975 -0.112042 -0.220407 -0.896112 -1.51069 -2.04105 -1.28532 -0.0401356 -0.0843627 0.784525 1.01244 -0.244768 1.00822 1.52383 -0.591623 0.0111369 -0.191269 0.716324 -0.788548 
-0.916399 0.729526 0.199577 1.93807 0.203226 -1.00768 0.0296087 0.0680057 -0.113856 -1.07553 -0.459038 -1.13741 -1.07857 -0.782671 -0.303351 -0.475341 0.521898 -0.207467 -0.52598 0.790152 -0.250313 -0.719787 0.473392 0.225566 0.217527 -0.0210963 -1.20586 0.163212 -0.254185 0.753457 0.396939 -0.550419 0.140703 0.723314 -0.530366 1.29872 1.07517 0.399615 0.483803 
-0.997739 0.725832 -0.00496403 1.92431 0.207126 -1.17678 1.02493 -0.211714 -0.694731 -0.745375 0.41458 0.334191 -0.119095 -0.771102 -0.0153387 -0.237226 -0.145222 -0.492396 -0.723489 0.775558 -0.0555777 -0.541656 1.77769 2.28494 2.02891 2.61313 -1.13462 -0.326248 -0.365057 -0.180999 -0.366513 -0.424716 -0.172076 -0.244283 -0.574255 2.44788 1.61701 1.00532 1.44129 
-1.20888 0.722386 0.0708601 1.88879 -0.0503624 -1.28761 0.561804 0.0264225 -0.492921 0.19234 1.21581 0.674664 1.25654 -1.04612 -0.204084 -0.114255 -0.793607 -0.331762 -0.0993864 -1.0282 -0.0586064 0.0121923 2.45846 1.86528 1.09357 1.71526 -0.837189 -0.358051 -0.804624 -1.00384 0.295464 -0.341518 -0.125842 -0.559296 -0.996011 1.27477 1.45612 1.86723 2.28267 
-1.3886 0.60966 -0.0644691 1.65086 0.0362162 -1.21453 0.318969 -0.255493 -0.681077 1.00646 1.78221 1.31019 1.41314 -0.579128 -0.541517 -1.06162 -1.36017 0.93103 0.220226 -0.949513 -0.648278 -0.683869 -0.249058 -0.402542 0.410462 0.0670401 0.481961 -1.52539 0.495987 -2.51504 0.309402 1.20238 -3.00058 0.849269 -1.52769 2.11537 0.988466 0.747879 1.23116 
-1.4327 0.411291 -0.521849 1.41946 0.428696 -1.20133 -0.090143 -0.444989 -0.972826 0.0193905 0.923266 1.04004 1.31494 1.8184 -2.16676 0.913967 -2.97752 0.790985 1.86202 -3.13092 1.12069 -1.89064 0.0756561 -0.588787 -0.119468 -0.267349 2.72941 -2.478 1.33823 -3.34984 1.5445 2.41064 -2.43811 1.80283 -1.2863 -0.239479 0.757365 0.61829 -0.953501 
-0.754795 -0.640279 0.454739 0.622362 0.443193 -0.49117 -1.83036 0.555957 -2.01667 1.06435 1.35333 1.20187 1.17253 4.96756 -3.30964 3.2203 -3.66256 1.35266 3.3157 -2.42987 2.90586 -0.898144 -0.0335838 1.37962 0.394006 -1.17933 2.97321 -3.01098 1.25684 -1.61128 1.72324 3.03061 -2.12905 2.69007 0.959669 -2.18619 -0.205334 -0.238943 -1.72009 
0.327593 -1.49885 1.29543 0.154121 1.12477 0.0861179 -1.75825 1.66107 -1.60467 -0.000378084 1.93537 1.39071 0.258837 2.9623 -2.51262 1.11339 0.561393 1.75674 2.5838 0.179973 2.24923 3.06675 -2.68686 0.318572 -0.198211 -1.7433 2.91917 -2.43691 1.19043 -0.450357 1.91328 2.48965 -2.28663 2.6834 1.56602 -1.04864 1.2285 0.967862 -0.901103 
0.288195 -2.09001 1.08619 0.817375 1.34725 0.512273 -1.707 2.18583 0.162894 -0.841639 1.58869 1.02316 -0.387872 -0.273814 -0.477667 -1.3001 2.98701 1.47579 0.336191 -0.739521 0.455707 2.81887 -1.21694 0.207871 0.868063 0.128445 1.22895 -0.979094 -0.739015 0.994969 1.95011 1.237 -0.247173 1.4269 3.47555 -1.71515 -0.204325 1.2314 0.582038 
0.212992 -1.77306 0.568498 1.18774 1.88422 0.217393 -2.26606 1.99028 0.39913 -0.861397 2.08968 2.16512 0.372147 -0.988113 0.990693 -2.30637 0.930023 1.12612 -0.770356 -0.522126 -0.462964 1.19894 0.639088 -0.58748 1.80527 2.43051 -0.210383 1.4291 -1.90226 0.169527 -0.259113 0.358952 -0.658075 -1.21091 1.47444 -0.908482 -2.46474 -0.442038 1.81997 
-0.0819168 -1.516 -0.207105 1.13984 1.92672 0.214161 -2.06557 1.84881 1.01804 -0.383203 1.16076 2.63533 1.78394 -0.067885 2.69796 -1.76979 -2.73317 -1.85637 0.188588 -0.172253 -1.97651 -1.01061 0.134066 -3.40541 -1.4516 2.0095 0.741423 2.68064 -2.20155 -2.29942 -1.70885 -0.70699 0.188082 -2.56568 -0.461084 0.573596 -2.85134 -2.34771 1.66649 
0.172055 -0.212823 -0.422792 0.243726 0.928584 0.291393 -2.38447 0.555627 -0.312455 -0.761982 -0.401134 0.866034 2.16749 2.17787 3.17443 -1.24644 -4.37787 -3.64822 -0.269289 0.783355 -2.75633 -1.76755 0.0508322 -3.11095 -4.88339 -0.472431 0.968558 2.28995 -1.98174 -2.87222 -2.54595 -0.156707 0.50962 -2.54671 -0.281434 0.717354 -2.93137 -3.88985 0.675004 
0.680474 0.319479 -0.903837 -0.372805 0.0488048 0.110484 -1.52803 -0.15137 -0.23028 -0.34296 -1.11449 -1.73138 1.35995 1.6231 0.860054 -1.42835 -1.57347 -1.90229 -0.420613 0.879221 -1.21901 0.662605 0.727811 -0.396697 -3.64524 -1.21334 1.31815 2.26826 -0.921074 -3.06734 -2.7806 -0.547408 1.56254 -2.52375 -1.05968 0.415922 -1.2011 -4.53496 0.402894 
0.736 0.28572 -1.22191 -0.299349 -0.0506872 0.128996 -1.78112 -0.329678 0.162391 -0.240473 -0.689397 -2.39391 1.08097 -0.0601667 0.349877 -0.240295 -0.221309 -0.457068 -0.536145 1.38325 -0.410387 0.463846 0.450486 1.5506 -1.05791 0.949697 0.677419 0.93198 -0.582773 -1.69708 -1.34187 -0.396384 1.47008 -1.58833 0.626825 1.64986 0.860797 -3.38551 -1.02611 
0.642298 0.523311 -1.03428 -0.448395 -0.186601 -0.0967439 -0.578694 -0.450261 0.103631 -0.0186023 0.0227779 -2.67856 2.20762 -0.536328 0.587737 0.48747 -0.971287 -0.0777237 -0.163172 1.1592 -0.774962 0.104765 1.24949 1.50778 -0.791402 0.0159638 -0.143749 0.737715 0.30458 -0.642968 -0.341761 0.0254373 1.06871 -0.980293 0.742812 0.971902 1.8448 -0.781392 -0.474337 
0.527496 0.626956 -0.942746 -0.634229 -0.0908413 0.0664969 -0.985576 -0.892961 0.241686 0.651897 0.416527 -3.10286 1.0937 -0.174319 0.796035 0.73117 -0.743028 -0.0455979 0.571443 0.0987787 -0.821279 0.445959 0.71587 0.83538 0.030147 -1.50046 -0.364909 0.893028 0.607789 -0.60082 -0.347848 0.162333 1.14208 -0.399112 -0.075629 0.905705 1.62338 -0.116254 0.109008 
0.563288 0.984873 -0.617957 -0.704359 -0.210219 0.125819 -0.511061 -1.04713 0.424858 0.494417 0.636466 -2.65314 0.864368 -0.0540048 0.799524 0.492638 0.0701425 -0.433934 0.399384 0.424536 0.271931 -0.200031 -0.162313 0.591312 0.634327 0.116897 -0.331603 0.874823 0.668372 -0.277419 0.403233 1.07611 -0.209901 -0.414998 -0.822301 1.24907 0.698998 0.282975 -0.840352 
0.491524 1.09053 -0.660675 -0.609056 -0.314339 0.222294 -0.694333 -0.697034 0.104859 0.540614 0.851544 -2.53738 1.19669 -0.362423 0.562936 0.346689 0.326757 0.643426 1.00587 -0.389263 0.298333 -1.45816 0.782022 0.0660739 0.335383 0.520764 -0.382028 0.96734 0.87524 0.520526 0.329002 0.523817 -0.490279 -0.261199 -1.63745 0.197381 -0.528459 0.232599 0.598101 
0.416991 1.31178 -0.41803 -0.590466 0.120808 0.51696 -0.778435 -0.83206 -0.604078 1.05447 0.686978 -2.35488 1.32849 -0.563872 0.703213 0.919006 0.709942 0.922109 0.367358 -1.1037 -0.602058 -1.8132 0.402222 -1.28017 -0.334741 0.589132 -0.547735 0.604583 0.392717 0.293403 0.191861 0.145146 -0.545868 -0.0468042 -1.51865 0.475885 -0.624195 1.08685 1.08997 
0.273167 1.49848 -0.138631 -0.362684 0.160128 0.365664 -1.45212 -1.13493 -1.17583 0.830662 -0.0834747 -2.83813 1.72194 -0.522076 0.376095 0.286396 0.112802 -0.357834 -0.794883 -0.366963 -0.359669 -0.409179 -0.208979 -0.878972 1.08245 0.761691 -0.704847 0.706877 0.419216 0.103978 0.369722 -0.2103 -1.17026 -0.425718 -1.85379 0.835094 -0.558842 1.06887 0.495712 
0.213585 1.53076 -0.252037 -0.550544 -0.063521 0.20933 -1.0305 -1.09417 -0.889207 0.910007 0.0456621 -1.38883 2.00805 -0.573421 0.394777 -0.243164 -0.554387 -0.373783 -0.678038 -0.518107 0.0656711 -0.465698 0.60049 0.551948 1.72903 -0.00309235 -0.499891 0.243102 0.395476 -0.0939812 -0.0953195 -0.281772 -0.201877 -0.320508 -0.243041 0.269829 -0.164094 1.20564 -0.194572 
0.0513946 1.72825 -0.27069 -0.553429 -0.0324099 0.103374 -1.80794 -1.08858 -1.50103 1.26166 0.322725 -1.2941 1.71763 -0.285443 0.00121178 0.351142 -0.254046 0.219208 0.379307 0.087602 -0.0448142 0.108326 0.535548 0.662189 0.490887 -0.984594 -0.792218 0.446529 0.0198552 -0.386723 0.250073 0.386377 0.793764 0.0246399 -0.0197059 0.567586 0.651533 0.803261 -0.0816012 
0.0948255 1.53318 -0.0496036 -0.637452 0.0491578 0.357336 -0.97054 -1.12795 -0.807387 1.29484 0.532564 -0.951559 1.12608 -0.704452 0.298645 0.274631 -0.0257634 0.745366 1.24307 1.61898 -0.0374371 0.439107 0.0822414 0.28801 -0.682433 -0.087421 -0.624925 0.226421 0.194267 0.0203503 0.484065 0.522499 0.462221 -0.274238 -0.307392 -0.257567 -0.0213763 0.396303 0.161924 
-0.217249 1.90248 -0.111319 -0.561414 0.351086 0.586557 -0.696792 -1.11701 -1.18466 1.32423 0.535707 -1.90564 1.63792 -0.723255 0.350174 -0.0382597 0.284219 0.498025 0.3855 0.553658 -0.301659 -0.488204 -0.839826 -0.694064 0.0229927 1.17947 -0.630461 0.157395 0.258302 -0.0616813 0.531734 0.673766 1.07449 -0.828894 -0.172282 -0.57369 0.0155808 0.20521 0.184624 
-0.180544 1.73718 -0.0663365 -0.538266 0.305346 0.507746 -0.590664 -1.34799 -1.14855 0.701908 0.0266114 -0.932535 2.17921 -0.313153 -0.0545218 0.141574 -0.067053 0.0422827 -0.256253 -0.128946 -1.00442 -0.653067 -0.764651 -0.272004 0.946166 0.308896 -1.0084 0.722556 0.102982 -0.0475905 0.574546 0.772734 0.219051 -0.385661 -0.60057 -0.0410907 -0.202043 -0.661775 -0.537934 
-0.345921 1.87271 -0.0268361 -0.583673 0.3727 0.487938 -0.785476 -1.84669 -1.64273 0.784743 0.338727 -1.06141 1.91259 -0.902451 0.772182 0.203852 -0.355909 0.352865 0.746564 -0.249497 -0.184508 -0.251706 0.794487 0.428113 -0.894172 -1.80476 -0.638892 0.346254 0.724751 0.0788347 -0.153129 0.271681 0.229273 -0.159452 0.52885 0.00846524 0.00228319 0.492377 -0.621589 
-0.520014 2.18497 0.0531982 -0.660392 0.486819 0.798264 -0.762098 -1.48308 -1.32202 1.27082 0.342157 -1.73335 0.563856 -0.718018 0.592122 1.02725 0.184911 -0.266304 0.652949 0.447278 0.801852 1.30012 0.778589 0.270782 -0.306522 -1.03222 -1.33189 0.491712 0.463685 -0.120828 -0.233609 0.371105 -0.802085 0.0663211 0.525129 0.886777 0.545691 0.039646 -1.41709 
-0.619418 2.21648 0.556132 -0.51882 0.235482 0.74213 -0.478623 -1.26646 -0.715837 1.34235 0.539097 -1.33694 0.988031 -1.24375 -0.00854652 0.54374 0.174415 -0.695771 -0.203949 -0.861914 0.264998 0.89419 0.270047 0.274713 0.941176 0.149179 -1.4467 -0.154601 0.308762 0.0278652 -0.52471 0.440897 -0.179325 0.68958 1.24495 0.976938 0.407962 -0.591384 -1.62068 
-0.98157 2.18175 0.364032 -0.599168 0.128551 0.719942 -1.35391 -1.29218 -0.682963 1.4669 0.545405 -0.893578 0.695707 -1.61292 -0.832827 -0.529632 -0.143471 -0.50661 -0.00790373 -0.695375 0.060028 0.22633 0.393791 0.253601 -0.472513 -0.861937 -1.39347 -0.530086 0.117715 0.179016 -0.274549 -0.362041 -0.79735 -0.779698 0.67688 0.637193 1.05733 1.59771 0.225467 
-1.21303 1.7371 0.262841 -0.5675 -0.0254228 0.739882 -0.956121 -1.22421 -0.550343 1.6264 0.726889 -1.76084 0.215743 -1.00154 -0.815643 -0.354376 0.0936453 0.29239 -0.329433 -0.242934 -1.24518 -0.0653504 0.495946 1.091 1.14538 0.12016 -1.47465 -0.507893 -0.315135 0.52899 0.500707 -0.0304722 -0.428687 -0.264769 0.69331 0.949279 1.4368 2.16366 0.247579 
-1.35648 1.7123 0.169379 -0.565869 0.278898 0.592927 -1.52084 -2.19646 -0.724292 1.82358 1.34622 0.128734 0.801609 -0.762979 0.0431247 0.0205853 0.936245 1.24843 -0.0388534 0.101594 -0.394631 0.622686 0.745503 1.60377 3.29992 1.15719 -1.08212 -0.641487 0.0774294 0.938334 1.32251 0.568937 1.10764 -0.0920302 0.75283 -0.500503 0.57658 1.0431 0.323562 
-1.50261 1.76373 0.279228 -0.242888 0.617002 0.725624 -0.886556 -1.51168 -0.103803 2.16049 1.90308 1.18738 1.24895 -0.742783 -0.181658 0.47874 1.31286 1.66338 1.1624 1.77892 1.12714 0.987458 -1.09081 -0.348148 0.215172 0.264136 -1.05886 0.0810004 0.340206 0.911542 1.36603 0.672178 0.666991 -0.198531 0.840481 0.460455 0.200176 1.03287 0.23862 
-1.63884 1.60909 0.443629 -0.111052 1.1349 1.0448 -0.299908 -1.38033 -0.0191013 1.05222 1.0935 0.319544 1.03625 -0.94392 0.0822847 0.527772 0.430087 0.771632 1.02334 0.823534 0.143072 0.40706 -0.190917 -1.34859 -1.95276 -0.872435 -0.979587 -0.0891574 0.511343 1.00687 1.27661 0.907437 0.999256 0.551441 -0.111587 -1.13229 -0.0661573 -0.246301 0.355737 
-1.85691 1.81299 0.581074 -0.0932712 1.01402 1.12354 -0.321428 -1.4092 0.189842 2.02887 0.917973 -0.559688 0.46728 -0.836566 0.0426504 0.34575 0.196404 0.224589 0.167365 -0.393185 -0.438445 -1.12688 -0.25977 0.258254 -0.542483 0.157867 -0.924918 -0.218032 0.254487 0.425472 0.809508 0.237042 0.934933 0.99559 0.613686 -1.1472 -1.38109 -0.569314 -0.607516 
-1.95474 1.63544 0.643027 -0.0422256 1.25035 1.11057 -0.569974 -1.69957 -0.813135 0.871656 1.28469 -0.166902 1.17587 -0.547467 -0.421557 -0.117724 0.207484 0.42634 -0.677479 0.473034 1.10246 0.344175 -1.17749 -0.444945 1.20261 0.165603 -0.982102 -0.165637 0.432916 0.487595 0.157081 -0.616684 0.254904 0.166789 0.490781 0.591172 -0.0370929 0.0628112 -0.0752729 
-2.0694 1.57119 0.519617 -0.0206148 1.23331 0.861469 0.00310487 -0.610969 0.438898 1.1959 0.59439 0.51378 0.613816 -0.74683 -0.300504 0.352198 0.534307 0.0096273 -1.07447 0.747048 0.644893 1.72718 0.970714 -0.310492 0.619811 -0.240964 -0.754288 -0.681559 -0.205039 0.0332936 0.138407 -0.134633 0.583859 0.187134 0.421093 -1.07951 -0.0150074 0.137196 -0.367351 
-2.23854 1.46357 0.846055 0.143423 1.25516 0.694446 -0.0573496 -1.23317 0.416577 1.56585 1.05954 0.385607 0.958859 -0.669376 -0.638014 -0.213681 -0.157905 -0.219708 0.477851 0.33685 -0.870502 0.170549 -0.10995 0.421321 -1.02791 -0.590986 -0.974642 -0.754863 -0.205175 -0.0118608 -0.229932 -0.586798 0.182435 0.0571616 0.6282 -0.140864 -0.441366 0.509661 -1.12849 
-2.3255 1.20435 0.404152 -0.0742842 1.12007 1.04772 0.234157 -1.24354 0.564839 1.12184 0.904963 -0.406585 0.0838126 -0.824563 -0.872978 -0.683821 -0.552427 -0.347101 0.211227 -0.493646 -0.575886 -0.958126 -1.1354 -0.26553 0.0424581 -1.0764 -0.73165 -0.587074 -0.0935905 -0.112426 -0.544153 -0.685968 0.158068 0.214009 0.270407 0.577864 0.611053 0.637684 0.793858 
-2.55015 0.961006 0.465982 -0.0466444 1.07635 0.77723 -0.396375 -1.65208 -0.257796 0.762795 0.867298 0.422031 -0.00520193 -0.511043 -0.274731 0.0621007 -0.0109935 -0.581928 -1.48664 -0.117228 1.13615 0.159128 0.804976 0.36619 1.85777 1.52642 -0.509825 -0.315361 -0.0537506 -0.141681 -0.609356 -0.210619 -0.445753 0.452758 -0.200612 -0.565643 0.248348 0.619689 1.09025 
-2.52496 1.04737 0.443905 -0.0771619 0.820403 0.471653 0.153516 -0.420876 0.682682 1.6982 1.17518 1.25252 1.44719 0.00106027 0.38246 0.596524 0.339667 -0.550853 -0.522376 -0.123792 1.14086 0.709377 0.462612 0.583113 0.763841 2.35918 -0.421223 0.0989903 0.292269 0.337563 0.106724 -0.7602 -0.251459 0.604422 0.73334 0.333251 0.234139 1.49227 1.54429 
-2.56643 1.18366 0.806523 0.0717118 0.792677 0.575345 -0.481522 -0.826008 0.250214 1.09577 1.29631 1.10329 2.10282 -0.169898 0.428096 0.408909 0.516762 0.741758 0.368906 -0.230867 -0.381034 0.739046 -0.402545 -0.0670149 0.0907667 0.288448 -0.146037 0.0975891 0.579078 0.659626 0.304506 0.0105896 1.0659 0.800439 2.23434 0.987486 -0.195654 0.662781 1.67427 
-2.60239 1.29639 0.678852 0.102422 1.20204 0.615623 -0.00512939 -0.698481 1.21173 1.41614 1.12826 1.33212 1.70358 -0.239228 -0.231273 0.337258 0.64897 1.00284 0.535883 1.60192 -0.139994 2.03207 0.722384 -0.840786 0.0988668 -0.391983 -0.387968 -0.218057 0.515131 0.48037 0.127336 0.672454 1.01663 1.54489 1.71712 -0.322484 -0.641627 -0.342554 0.461544 
-2.66866 1.05178 1.00114 0.297003 1.3087 0.784109 0.617912 -0.92881 1.69612 1.61342 0.682951 1.19013 1.75077 -0.457536 -0.767408 0.421692 0.203116 -0.551481 0.615983 1.64069 2.31523 1.36724 0.0206163 -0.768468 -0.544075 0.25755 -0.398706 -0.620148 0.104474 0.726017 0.989784 0.729902 2.10739 1.10537 0.55579 -0.227919 -1.0693 -0.242744 -0.809957 
-2.7827 0.854803 0.920993 0.173568 0.918041 0.85547 1.12092 0.979254 2.18621 1.4349 0.56784 0.844253 1.93233 -0.405483 -0.732868 -0.169258 0.439207 0.461431 0.533319 1.32 1.52316 -1.35194 -0.991199 -0.548797 -0.421521 -0.55209 -0.365277 -0.696918 0.179826 0.399674 0.128025 0.574154 1.12974 0.890068 1.01383 0.189311 -0.54335 -0.791655 -0.342072 
-2.83035 0.630151 0.91068 0.449773 1.54605 0.991879 1.52383 0.174514 0.742501 0.912885 0.283342 0.811813 1.25555 -0.133388 -0.31603 -0.13211 0.395775 0.742777 0.224636 -0.0740645 -1.202 -0.124617 0.20964 0.060315 -0.497122 -0.653309 -0.497887 -0.896767 -0.461206 0.240303 0.165127 0.480224 0.0548236 1.12438 -0.666493 -0.891075 0.0825142 -0.287807 0.171094 
-2.84707 0.673964 0.851438 0.311322 1.3002 0.943457 1.06991 0.106285 2.10286 1.58804 0.614136 0.398355 1.3466 -0.398811 -0.661125 -0.575476 -0.0792591 -0.215329 0.169444 -1.2435 -0.116168 0.531071 -0.0708522 0.651524 0.0398779 0.75771 -0.176959 -0.587677 -0.433738 0.0505649 0.155054 -0.253033 -0.417723 -0.802589 -0.453565 -0.443696 -0.628184 -0.973224 -1.25196 
-2.98967 0.249962 0.591587 0.423294 1.43507 1.05845 0.670078 0.088991 1.12408 0.866623 0.762437 0.84593 1.93154 -0.154532 -0.597652 -0.568304 -0.320301 -0.511555 -0.598034 -0.504517 0.19312 -0.434767 -0.736557 -0.878382 -0.781756 -0.808744 -0.326724 -0.48074 -0.40055 -0.343573 -0.664469 -0.123891 -0.559131 0.417858 1.24943 0.0954084 0.296247 -0.0725166 0.0326181 
-2.919 0.330442 0.536381 0.201508 1.03675 0.712213 0.72342 0.245058 1.79958 1.06853 -0.0267479 -0.301973 0.621877 -0.130081 -0.0863818 -0.0713887 -0.436197 -0.764036 -0.353307 0.468888 0.637385 1.00087 0.188787 -0.271882 -0.139699 -0.71437 -0.312712 -0.565187 -0.201931 0.264289 0.224266 0.427375 0.0587252 0.273249 0.359692 -0.513646 -0.171189 -0.340022 -1.33185 
-3.05285 0.201783 0.556208 0.273411 1.04167 0.92217 0.991766 0.549947 1.83878 1.00494 0.565546 0.719526 1.29121 -0.351815 -0.281082 0.241915 0.71621 0.845016 1.22323 0.586422 0.146799 0.874088 0.12597 0.652407 0.331761 -0.746932 -0.0879904 0.0595353 -0.22481 -0.386226 -0.233283 0.17469 0.845627 0.95872 0.61739 -0.970742 -0.564027 -0.418221 -0.911406 
-3.06151 0.169791 0.677339 0.450046 1.47154 1.1877 1.12579 0.350239 2.42439 1.16219 0.452993 -0.00694579 -0.0475739 -0.0146893 0.178435 -0.291916 -0.143208 0.421611 0.607656 0.703877 0.56192 -0.245091 -1.34613 -0.463062 -0.412661 -0.348591 -0.492763 -0.166633 -0.29338 -0.0920454 0.889737 0.724902 0.113002 0.0917591 0.563811 0.814456 0.562199 0.711959 0.599461 