-0.41144 -0.396192 0.512437 0.498807 1.38801 0.248986 1.46565 0.388884 0.861902 2.1196 0.695872 -0.0113983 1.27085 2.65728 -0.632334 -0.606303 -0.0878204 -0.258737 -0.000144723 -1.3225 -0.548362 -0.417315 0.830569 -0.598137 1.70559 1.22647 1.51492 -0.149037 -0.256708 0.191705 -0.301785 -0.583369 -1.63391 0.0148642 -0.469551 0.596839 -0.712169 0.571351 0.000801669 
0.444796 -0.622228 0.166965 0.715385 1.36836 0.461618 1.19216 0.609262 0.408892 2.07537 0.553664 0.548126 0.696631 1.38247 -0.0315745 -0.812783 0.124806 0.0863868 0.109591 -0.730118 0.282654 -1.19707 -0.215205 -0.247155 0.144079 -1.1279 0.471944 0.017556 0.0947626 0.171762 -0.23582 -0.208071 -0.251833 -0.167394 0.0233897 0.995794 -0.644095 -0.275104 0.482785 
0.265082 -0.414266 0.13537 0.574539 1.43605 0.310405 0.990918 0.555814 -0.0366011 1.99252 0.556668 0.0979947 0.37838 -1.93618 0.66377 0.766109 0.353458 -0.0900905 -0.292785 1.00654 0.303167 0.451173 0.447559 -0.281563 -2.09703 -0.590923 -0.38782 0.280269 -0.0581412 0.0738993 -0.125709 0.455683 0.340058 0.755675 -0.162241 0.101397 0.377108 0.128674 -0.208669 
-0.534923 -0.258206 0.521783 0.931875 1.30832 0.307003 1.845 0.788364 0.745121 2.32744 0.394699 -1.02618 0.230708 -1.98628 0.475518 0.725296 -0.0074531 -0.272146 0.500365 1.14797 0.845599 0.981792 0.3504 0.756202 0.0339223 0.855003 -1.77529 0.395374 -0.0493243 -0.260109 -0.282169 0.167293 1.22726 0.66991 -0.274809 -0.614711 0.672054 -1.1346 -0.2048 
-0.739642 -0.153689 0.47127 0.568854 1.2645 0.581629 1.73559 1.05678 0.697125 2.189 0.993682 0.124629 1.06102 -0.805746 -0.0390922 -0.839336 -0.742206 -0.327378 0.510452 0.511237 0.697476 -0.817525 -1.22746 1.19171 0.493439 0.32311 -1.41612 0.0559354 -0.118492 0.0465959 -0.153352 -0.341359 0.96582 0.560949 1.32405 -0.995526 1.05608 0.208087 -0.505072 
-0.950476 -0.280411 0.132408 0.473877 1.10294 0.583643 2.17626 1.20144 0.130941 1.62126 1.08182 -0.654317 0.490841 -0.202158 -0.383819 -0.910389 0.0834349 0.0454484 -0.974602 0.0456875 -0.00708097 0.79767 -1.61694 0.67619 0.256076 -1.51732 -0.131583 -0.447294 -0.439695 -0.257532 0.188851 0.175009 0.865537 0.176691 0.230574 -1.7248 0.618836 1.59707 -0.129088 
-0.853961 -0.365323 0.0489592 0.619118 1.28747 0.0609502 1.76457 1.05179 1.29292 1.26001 1.38475 0.318163 -0.140779 0.5968 -0.659369 0.134759 0.357363 0.607467 -0.282289 0.558088 -0.430701 1.12944 -0.971 -0.353936 1.75544 -0.491453 0.446547 -1.04098 -0.547102 -0.177253 -0.0097671 -0.508639 -0.207875 -0.0365151 -0.168182 -1.96868 0.0906546 1.13391 -0.586695 
-0.666059 -0.643461 0.194569 0.692771 1.47014 0.434663 2.53793 0.94508 0.975276 1.0618 0.881294 0.665651 0.103932 0.88412 -1.24684 0.0321003 -0.346636 -0.0595027 0.272819 -0.307154 -0.0433768 -1.02092 -0.893178 -0.556694 1.33961 0.747765 1.20981 -1.11398 -0.252812 -0.238497 0.0514469 -0.0899677 0.415107 0.041422 0.477543 -1.19758 0.0372443 0.94174 -1.13234 
-0.426151 -1.05119 0.0635328 0.404632 1.24616 0.210006 1.56446 1.02526 0.526376 0.745069 1.06778 1.32573 0.456677 1.26136 -1.08591 -0.537088 -0.713364 -0.530866 0.150013 -0.0471968 0.496207 -0.48607 -0.553744 0.400798 -0.430767 -0.994976 1.33978 -1.10028 -0.264764 -0.806891 -0.403867 0.444159 1.33595 0.222809 -1.04415 -0.786213 -1.10326 0.482764 -0.615045 
-0.0499805 -1.2409 -0.0547013 0.252529 1.14012 0.517785 2.50661 1.23873 0.609396 0.741039 1.1142 0.343176 -0.682948 1.17433 -0.476929 -0.453759 -0.870614 -0.538195 0.321461 1.95968 0.378771 -0.377955 -0.105886 -0.947426 -0.662234 -1.55456 0.926171 -1.05847 -0.430909 -1.30596 -0.416959 -0.203538 -0.97728 0.0800033 -0.691812 -0.465922 -0.486178 0.120807 -1.26178 
0.146493 -1.31399 -0.147111 -0.132413 0.911656 0.385177 2.83617 1.24922 0.241487 0.680521 0.526412 0.829358 -0.774706 0.159711 -0.57222 -0.15328 -1.26009 -0.0862188 -0.436775 -1.16816 -0.373296 -0.439937 -0.0360265 -1.06574 0.597673 -0.661505 0.604835 -0.790888 -0.0962963 -0.0821136 0.531232 -0.37719 0.204799 0.026155 -0.394597 -0.802135 -0.231231 -0.165946 -1.16162 
0.016298 -1.55606 -0.12606 -0.524274 1.08245 0.285863 1.74746 1.01643 0.278075 0.716457 0.50489 0.793343 -1.20494 -0.248442 -0.761037 0.304564 0.751571 1.32533 -0.844437 -1.70953 -0.335981 -0.149163 -0.913525 0.629185 0.424732 0.029671 -0.109289 -0.297755 0.513608 -0.490569 0.44612 -0.617926 -0.806271 -0.511036 0.279402 -0.274066 -0.342346 0.634803 0.961371 
0.00907447 -1.73291 -0.0062382 0.329154 1.71854 -0.0656174 1.72552 1.04907 0.127991 0.153941 0.890481 1.1496 -0.747665 -0.334302 0.108561 0.99049 0.522138 0.747312 -0.413667 0.164817 -0.383208 0.817387 -0.308575 0.596397 0.294123 1.92582 0.059005 0.155067 0.452482 0.379368 0.867262 -0.6432 -1.72803 -0.487729 0.74418 1.09851 0.53762 -1.13116 0.912109 
-0.163971 -1.49713 0.332769 -0.203945 1.5353 0.0663469 1.85379 0.788253 0.888642 0.535955 0.850129 1.01546 0.328296 0.333196 1.00839 0.433785 -0.171362 -0.0405496 -0.0403844 -0.436598 -0.385844 1.15039 2.32291 0.0981437 -2.02348 1.16992 -0.304072 0.161669 0.776285 1.16139 1.09432 0.0586789 -0.503404 -0.145897 0.674628 1.14165 0.750072 -0.0478025 1.06953 
0.161934 -1.17951 0.194534 0.222567 1.68884 -0.0847193 1.44137 0.819327 0.988016 1.47886 0.949578 -0.369443 0.185127 -0.140453 0.149158 0.27155 1.24302 0.873733 0.48359 -0.792673 0.17 0.0904911 1.77309 0.419849 -0.365007 -0.519405 -0.317814 0.345356 0.500636 0.163109 0.56824 0.969019 0.316575 0.160369 1.51486 1.61576 -0.65039 -0.184819 0.468554 
-0.247495 -1.41589 0.458338 0.560159 2.06559 0.328564 1.33844 0.888337 0.954676 1.54633 1.09398 0.742389 -0.0808171 -0.829125 -0.462249 0.382445 0.423888 0.882496 1.34862 0.825331 0.628333 0.885156 -0.252542 -0.986404 1.75936 -0.553075 0.00286767 0.231328 0.26013 0.556708 0.512655 1.4613 0.141194 -0.0786269 -0.466232 1.08131 0.0451739 -0.337289 -1.11734 
-0.265287 -1.43424 0.371508 0.482414 2.22449 0.641926 1.97656 1.19137 1.64935 1.33041 0.38583 0.953471 -0.250732 0.138698 0.217938 0.155708 -0.394101 -0.114105 1.49428 0.963973 -0.283117 -0.713749 -0.385681 -0.362203 -0.11414 -0.947317 0.347627 0.20604 -0.187515 0.0992198 -1.54665 0.176645 -0.214185 -0.257853 -0.377537 -1.22835 -0.442534 0.491338 -1.00649 
-0.191704 -1.29685 0.530209 0.316453 1.99083 1.13341 1.96365 0.719551 0.418237 1.32172 0.888703 0.657788 -0.829839 1.35865 0.789638 -0.679169 -0.268169 -3.17261 -1.11823 -1.09462 -1.00812 -1.38938 -1.31152 0.38081 -1.06989 -0.768002 1.18971 1.55535 -0.573774 0.246304 -2.50163 -0.943098 -1.31618 -0.331859 -0.98719 -2.68686 -1.23992 -0.15654 0.492535 
0.399347 -1.00106 0.056377 0.316232 0.276442 0.0441356 1.26516 0.592387 0.606783 0.576144 0.60726 0.150837 -0.857316 1.6885 2.22811 -1.07713 0.772687 -3.59027 -2.78704 -2.59949 -0.206787 -0.608682 -3.04219 -1.32776 -0.110096 1.59567 2.36279 1.28678 -1.97367 -0.49464 -3.30571 -2.584 -2.22521 -0.234375 -2.12182 -1.95134 -0.226431 -0.454905 0.689916 
0.637546 -0.0732125 0.0306049 0.79102 -0.213033 -0.360354 0.275174 0.596058 -0.039494 -0.422627 0.128914 0.576225 0.441142 2.27627 1.23471 -2.50632 -0.475948 -1.72259 -2.40661 -1.66789 0.663267 -1.45583 -1.17644 -0.692523 0.42487 1.67568 2.39495 0.699952 -2.43169 -0.0045977 -2.83349 -2.45213 -2.19347 0.279349 -1.23718 -1.79889 -1.53806 -0.856201 0.20991 
1.52194 -0.3233 -1.10572 0.0221414 -0.783489 -1.24538 0.18155 0.985163 -0.485566 -0.100843 0.212284 0.471181 0.477218 1.99599 -1.12519 -2.84913 -0.774276 -0.605585 -0.558418 -0.123682 0.626308 -1.04925 0.749047 -0.767648 -1.10087 -1.31863 1.68646 0.330772 -1.80517 -0.386973 -1.09571 -0.700661 -1.03684 0.639766 -2.14093 -0.925712 -1.39988 0.145585 0.545774 
1.62026 -0.692236 -1.2904 0.31328 -0.588813 -0.657586 0.194188 0.966903 -0.827267 0.00191447 -0.309205 -0.249685 -0.602832 0.316416 -0.711471 -0.406646 -0.105028 0.100305 1.44363 0.378684 0.292523 -1.41502 -0.00089169 -1.21498 -0.223019 -0.957378 1.4435 -0.84447 -1.93988 -0.955682 -0.48403 0.467938 0.562217 0.936487 -1.3877 0.315023 -1.02271 -0.200844 -0.667054 
1.66642 -0.71498 -1.29452 -0.0436109 -0.726919 -0.467725 0.426741 1.15795 -1.54734 -0.105326 -0.482733 0.304782 -0.279796 0.222296 -0.196905 -0.281714 -0.668427 -0.110829 1.18504 0.816957 0.770979 -0.810701 -0.340864 -0.626935 0.814155 0.443505 0.316104 -0.561598 -0.449412 -0.460504 0.27123 1.79779 0.461066 0.538804 -0.513885 -0.11326 -1.01192 0.0540724 -1.01708 
1.71777 -0.80116 -1.42129 -0.0993 -0.661561 -0.0187612 0.723942 1.42359 -1.43634 -0.197059 -0.666513 0.363119 -0.247063 0.164531 -0.16647 -0.313648 -0.587366 0.301784 0.991959 0.189187 0.513045 0.727804 -0.13822 -0.164926 0.295809 -0.377612 0.0988682 -0.165512 -0.372447 -0.735627 0.178951 0.947073 0.867674 0.298092 0.193423 -0.737026 -0.458883 0.683173 -0.139672 
1.73511 -0.80718 -1.44022 -0.40629 -0.546946 0.0674328 0.548895 1.46159 -1.00388 -0.188371 -0.574714 0.528167 -0.576276 -0.076112 -0.0591088 -0.314102 -0.440841 0.376258 0.0933347 0.255016 -0.32357 1.07276 -0.595346 -0.000892489 0.145858 -0.625753 -0.0516762 -0.132352 -0.429744 -0.527147 -0.158578 0.548683 -0.229556 -0.00365111 1.40036 -0.549835 -0.904089 0.359889 -0.651878 
1.66636 -0.834364 -1.56719 -0.371778 -0.435973 0.03393 0.888838 1.2308 -0.634464 -0.541617 -0.664292 0.473849 -0.740653 -0.250339 -0.0374763 -0.374836 -0.206006 -0.53622 -0.255498 -0.477535 -0.514604 1.15408 -0.558782 -1.06834 0.208275 -0.477576 -0.424767 0.432562 0.0145616 -0.119478 0.265942 0.25143 -0.678601 -0.729599 1.96572 -0.888501 -1.26707 0.704707 -0.361809 
1.59674 -0.828496 -1.61428 -0.534204 -0.88024 -0.0671625 0.23816 1.15544 -0.141093 -0.512011 -1.18552 0.685788 -0.952163 -0.584635 0.742178 0.344199 0.265182 0.0180002 0.238782 -1.10008 -0.758138 1.56788 -0.53443 -1.726 0.844524 0.15166 -1.04161 0.815299 0.438359 0.590846 0.49421 0.133397 -0.735157 -1.54528 1.08802 -0.547344 -1.67861 -0.0846034 -0.0744902 
1.36115 -0.427256 -1.40795 -0.209631 -0.429814 0.164711 0.173898 0.780151 0.538316 -0.851325 -1.65279 1.10947 -0.61671 -1.36098 1.32151 1.09034 1.10665 1.26853 0.427058 -0.437644 -1.78076 0.308618 -0.135036 -1.21821 -0.331059 0.380965 -1.35298 1.05084 0.726008 0.495643 0.224167 -0.174031 -1.96566 -1.28754 -0.394001 0.284574 -1.23813 -0.196333 0.506616 
0.904091 -0.103042 -1.10916 0.145952 -0.108145 0.164703 -0.0466749 0.0979888 0.0883447 -0.593235 -1.88239 0.438221 -0.646073 -1.5065 0.911692 0.836527 0.491212 0.31439 -0.485408 -1.34064 -1.15374 -2.0942 0.903704 0.038473 -1.12488 0.515192 -1.35549 1.17723 1.28448 0.462952 0.547965 -0.489932 -1.23909 -0.734199 -0.241727 0.46272 -0.453353 -0.584166 1.05561 
0.595873 0.0730008 -1.02049 0.0916603 -0.24212 -0.0933216 -0.697238 0.0947599 -1.03225 -0.338308 -1.62796 0.265523 -0.203998 -0.734032 0.530822 0.993606 -0.399796 -0.456611 -1.10339 -1.1023 0.69221 -0.63057 0.731959 0.597899 -0.496259 1.00716 -1.0635 0.717559 1.19981 0.241781 0.170143 0.121865 -1.13916 -0.427827 -0.662058 0.718225 0.033948 -0.852713 0.646705 
0.524328 0.187925 -0.648889 -0.101259 -0.39268 -0.425124 -0.763057 0.50794 -0.385783 -0.178469 -1.53629 0.0665433 0.157433 -0.138542 0.218873 1.11048 -0.119479 -0.0620069 0.641282 -0.0754057 0.521041 1.20813 0.019723 0.0039069 -0.0811704 0.33571 -0.208336 0.308483 0.650949 -0.22404 -0.0211033 -0.161297 -1.43722 0.458363 -0.00515496 0.507401 0.578355 0.225368 1.09821 
0.513302 0.19255 -0.506038 0.0170114 -0.284964 0.25356 -0.746879 0.403143 -0.12897 -0.330998 -1.62298 0.205691 0.0661434 0.406808 -0.0425786 0.0657263 0.0657012 0.425769 0.874091 -0.683282 -0.0063321 0.626119 -0.0779393 0.184827 0.810628 0.436926 0.452345 -0.241407 0.186061 0.365003 0.193537 0.275554 -0.764537 0.64731 0.743042 -0.282892 -0.205759 0.54134 0.401592 
0.713926 0.163805 -0.618728 -0.0619115 -0.136768 0.0467517 -1.20738 0.503392 0.0815007 -0.227029 -1.42741 0.676698 0.507975 0.829438 -0.594055 -0.803019 0.677922 0.349036 -0.27635 -0.876199 0.445975 -0.20843 -0.375603 -0.287507 0.841156 0.193161 1.09847 -0.724352 -0.457478 0.0666172 -0.297248 0.238153 -0.682699 0.59301 0.493493 -0.436269 0.0145018 0.649395 -0.495251 
0.913822 -0.13461 -0.878579 0.433241 -0.0760497 0.107769 -1.31646 0.666983 -0.286864 -0.549845 -1.78536 0.838781 0.223052 1.27978 -1.09091 -0.799066 0.0406175 -0.865568 -0.560034 -0.166861 0.892554 0.0386604 -0.473939 -0.168892 0.101748 -1.08634 1.39165 -0.93378 -0.657856 -0.229973 -0.28871 -0.482965 0.17168 1.47969 0.586827 -0.180849 0.0646387 0.209921 -0.873703 
1.3392 -0.436382 -0.989436 -0.0380052 -0.671784 -0.251348 -1.3164 1.03222 0.108707 -0.502132 -1.52167 0.754289 -0.351475 1.30895 -0.868276 -0.254393 -1.02101 -0.776191 -0.390509 1.0853 1.75956 0.998472 0.150122 0.371624 -0.548572 -1.33978 1.02655 -0.929632 -0.545723 -0.354966 -0.189773 -0.0261357 1.43725 1.06098 -0.26393 -0.197789 -0.242408 -1.06841 -1.74899 
1.55365 -0.612456 -0.996808 -0.196386 -0.556324 -0.0993134 -0.612479 1.71027 0.459358 -0.467936 -1.5692 0.427801 -0.837724 0.295969 -0.364906 -0.0769927 -0.573096 0.584933 0.514586 1.94498 0.689969 -0.390412 0.22681 -0.164548 -1.612 -1.21024 0.617413 -0.439928 0.145556 -0.33082 0.190004 -0.162321 2.39762 0.950338 0.226545 0.435338 0.457762 -1.08647 -1.66318 
1.47348 -0.637623 -1.02543 -0.391899 -0.318386 0.0275115 -0.0542438 1.44084 -0.185513 -0.376352 -1.61343 -0.455618 -1.30935 -0.363681 0.18138 0.496349 0.525115 1.05799 0.159813 1.88347 -0.34166 -0.691961 0.41181 0.247105 -0.987149 -0.844058 -0.194355 0.178832 0.262762 0.502615 0.656781 -0.438561 1.63854 0.159277 -1.2368 0.204962 0.130015 -1.0352 -0.872071 
1.35872 -0.51351 -0.767035 0.125776 0.0868161 -0.0109303 0.60974 1.50675 -0.0607592 -0.236321 -1.42456 -0.31267 -1.50472 -0.601647 0.649573 0.508507 1.34005 0.388139 -1.12104 0.0826952 -0.449104 -1.26702 0.0407292 0.337571 0.148583 0.0657652 -0.773216 0.635792 0.325244 0.988315 0.836868 -0.478963 0.386053 -0.815264 -1.56074 -0.115411 0.0438628 -0.298353 -0.0414728 
1.15979 -0.281402 -0.790023 0.431937 -0.0855207 -0.571791 -0.00123236 1.17356 -1.13642 -0.357024 -1.41683 -0.342842 -1.25364 -0.83403 0.820797 0.0362168 0.977791 0.181782 -0.821228 -1.4086 -0.86751 -1.40022 -0.55367 -0.191242 0.562912 0.790826 -0.906238 0.962696 0.832159 1.3753 1.02497 -0.610651 -0.181444 -0.778917 -1.1009 -0.688388 0.831127 0.675444 1.19881 
0.929052 -0.0632008 -0.750553 0.726604 0.193289 -0.449264 -0.305516 0.991196 -1.11145 -0.557036 -1.53165 0.111382 -0.873063 -0.801054 0.865901 0.843898 0.749232 1.13021 0.280497 -0.311394 -0.705984 -0.208014 -0.914786 0.788902 0.80053 1.5105 -1.14792 0.916151 0.68923 1.08315 0.544609 -0.797311 -0.897712 -0.623653 -0.766357 -1.15016 0.843971 0.16342 1.18484 
0.746575 0.193692 -0.399146 0.892064 0.601853 -0.418613 -0.204096 0.753858 -1.294 -0.884326 -0.96104 0.259727 -0.0503096 -0.941114 0.621594 1.08503 0.668805 0.625168 -0.273227 0.291885 -0.0565591 0.374171 -0.910473 1.33518 -0.335909 0.767078 -1.25955 0.85623 0.820179 0.800634 0.723099 -0.182617 0.527734 -0.692167 -0.434803 -0.713013 -0.0985397 -1.17663 0.766827 
0.445941 0.277645 -0.247901 1.13722 0.571332 -0.593377 -0.116682 0.956845 -0.832907 -1.08187 -0.762136 -0.139828 -0.260267 -1.14611 0.482403 0.489132 0.469293 -0.0589227 -0.538802 0.961918 -0.320027 -0.373064 0.00926146 -0.926694 -2.4634 -0.501782 -0.960467 0.882463 1.08333 0.00308617 0.397997 -0.215218 0.13845 -0.742675 -0.241384 0.36761 0.586372 -0.730685 0.353222 
0.161157 0.458052 -0.172718 1.17986 0.560897 -0.705313 0.419779 0.563171 -1.57523 -0.883001 -1.4905 -1.58982 -0.445424 -0.545155 0.767901 0.673598 -0.65875 -0.0353431 -0.0294243 -0.123986 -1.0446 -0.695662 1.38586 -0.541554 -0.698047 -0.301758 -1.0178 0.180095 0.957924 -0.322439 0.127606 -0.304453 0.570457 -0.589159 0.948015 0.897246 -0.396566 -1.57322 -0.773533 
0.160441 0.698888 0.0640347 0.730598 0.544818 -0.606595 -0.197864 0.33621 -1.3558 -0.293024 -1.07041 -0.663104 -0.496493 -0.428508 -0.195751 1.06667 -0.952484 0.248311 0.114767 -0.258427 -0.552717 1.64785 1.14293 0.383613 0.241212 -0.513237 -0.281467 -0.573714 0.900111 0.0268817 0.239702 0.353096 1.26158 -0.757022 0.965527 0.0702424 0.0158003 -0.373406 -0.30895 
-0.0661279 0.349763 0.321426 0.592417 0.708119 -0.641115 0.251306 0.23441 -0.34254 -0.233126 -1.26746 -1.40745 -0.849638 0.105236 -1.66487 0.788707 0.70486 0.39074 0.499834 1.68431 -0.0779061 1.99395 -1.29047 0.559254 0.167963 -0.102888 0.286986 -1.63597 0.242591 -1.14211 0.429844 0.825429 0.233386 -0.786539 1.37625 0.197093 2.34799 1.90469 -0.206688 
0.199532 -0.216688 0.429329 1.16341 0.779276 -0.335656 0.895045 0.289191 0.136162 -1.03525 -0.746503 -0.535768 -0.574749 0.864585 -2.36915 -0.667783 -0.772704 0.388678 0.998143 0.544025 -0.613713 0.201661 -0.88545 2.80566 2.44151 0.242944 0.43953 -2.13122 -0.292667 -1.3063 0.778425 0.742038 2.39829 0.164018 1.33037 0.352662 1.98991 1.10567 -0.624219 
0.351933 -0.952819 0.0115728 0.115645 0.941314 -0.102636 0.60385 -0.130543 -0.193226 -0.743646 0.346538 0.427949 -0.653184 0.565913 -1.67766 -1.25549 -2.67883 0.76248 0.499643 1.28529 0.325825 -0.206005 1.74675 2.14306 1.3879 -0.715961 0.722192 -1.79168 -0.720545 -1.23792 0.569117 0.497815 1.7675 -0.328184 -0.611263 -0.0616444 1.29855 1.15387 1.02652 
0.468534 -1.13929 -0.152954 -0.486765 1.24142 -0.0648203 1.72888 0.481738 -0.0199154 -0.0399407 0.486972 0.508076 -1.13999 0.242151 -0.440245 -0.491017 -1.09765 0.454567 -0.330876 1.64353 0.129276 -1.01956 0.812298 -1.04352 -0.817671 1.10697 0.390768 -1.40014 -0.873565 -1.72086 0.151051 -0.161702 0.538561 -0.329209 -0.917254 1.79665 1.45202 1.01915 0.5777 
0.459355 -1.19546 -0.216341 -0.561162 1.21487 -0.277702 1.67028 -0.0546246 -0.958757 -0.28292 -0.250014 -0.185198 0.229599 0.0300934 -0.516945 -0.150786 0.0767013 -0.538369 -0.729497 -0.621345 -0.811786 -1.02257 0.554775 -0.172233 0.0459399 1.4762 0.181009 -0.591168 -0.150586 -1.14513 0.523037 -0.61931 -0.982326 0.403097 0.0967143 0.867813 0.0798454 -0.195549 -0.00604655 
0.470125 -1.42408 -0.223156 -0.440646 0.906809 -0.453903 1.32477 -0.000748374 -0.787695 0.273462 0.390794 0.54374 0.0360905 0.0306128 -0.484125 0.254019 -0.632113 0.320436 -0.521449 -2.86515 0.474371 1.15183 0.302284 1.14832 0.53842 -1.11365 -0.110052 -0.38982 0.00301008 -0.674764 0.162683 -0.587944 -2.20645 -0.257866 -0.336337 0.775918 -0.922263 0.0706206 0.558233 
0.461204 -1.46221 -0.0988986 -0.951387 1.40626 -0.555085 -0.190683 0.226065 -0.0976516 -0.113962 0.41219 0.220454 -0.651551 -0.205859 -0.0912734 0.1622 -1.09375 0.779706 -0.080162 -2.11791 0.431978 0.573637 0.442378 -1.08575 0.0501886 -0.741537 -0.108178 -0.170785 0.589579 -0.768918 0.0933713 -0.281022 -2.09745 0.235435 0.848359 0.681561 0.438898 0.693866 -0.567028 
0.353958 -1.47496 -0.148276 -1.11505 1.3795 -0.494362 -0.0510305 0.254786 -0.359726 0.522564 -0.230008 0.582595 -0.549471 -0.20349 0.219831 0.70606 -0.527599 -0.181747 0.129287 0.261025 -0.120189 -0.0107891 0.574291 -0.555243 0.436674 0.369943 -0.391046 -0.197245 0.867111 -0.430541 -0.159246 -0.320687 -1.18339 0.458281 0.712083 -0.303992 -0.523219 0.304414 0.114344 
0.346219 -1.34214 0.228085 -1.27727 1.29008 -0.483091 -0.0218848 0.153957 -0.107489 0.210605 0.0960528 0.549666 -0.354217 -0.402924 -0.214566 1.24673 0.446756 -1.01513 -0.365955 0.647026 0.253778 0.384509 -0.825222 0.370433 0.375659 0.893018 -0.17674 0.306389 0.272232 -0.27011 -1.22953 -0.353096 1.04948 0.12383 -0.215626 0.581814 0.108141 -0.333407 0.0641208 
0.139442 -1.59359 0.429334 -0.841127 0.752882 -0.688261 0.36839 0.404582 -0.073437 0.0464995 -0.0145378 0.865968 0.163364 -0.0750433 0.265124 -0.259231 0.123698 -1.63872 -0.619489 1.03635 0.308312 -0.276134 0.174819 0.698519 -0.910346 -0.284446 -0.108919 1.2247 0.600612 1.17293 -1.53477 -1.53753 0.718297 -0.411887 -0.599167 -1.13237 0.47076 -0.137466 0.891237 
0.295339 -1.19717 0.107613 -1.20222 0.281514 -0.813112 0.650316 0.336111 -0.316101 0.306643 0.49994 -0.133106 -0.576691 0.228904 2.14144 -0.268812 1.33588 -1.25738 -1.73539 0.239754 -0.862758 -1.18618 -0.616196 0.265973 -0.572996 0.279153 1.00161 0.593971 -0.948417 1.5528 -1.92771 -2.2373 -0.166059 -0.176402 -1.37812 0.479915 -0.436357 0.0718577 -0.418863 
0.240253 -0.417577 0.304421 -0.0198579 -0.0221145 -1.61741 0.523377 -0.10815 -0.963783 -0.309986 0.140942 0.43664 0.38858 1.61236 0.671386 -1.26811 2.23454 -1.21572 -2.43374 -1.24598 -0.56691 -1.57096 0.444077 -1.29571 1.00822 -0.264605 1.45506 0.626085 -1.26978 1.89842 -1.34164 -1.21901 -1.16986 -0.499344 -0.889882 1.11812 -0.349665 0.0995048 -1.77707 
1.08659 -0.828966 -0.480516 0.172255 -0.467966 -2.11719 -0.159352 -0.00107083 -1.49469 0.556718 -0.241442 0.625495 -0.783406 2.00719 -1.15451 -1.77828 1.54604 -0.729117 0.0673197 -1.69386 0.123651 -0.0056568 2.05064 -0.745274 0.70986 -2.61263 1.32337 -0.131105 -0.961235 2.31827 -1.40996 -0.984048 -1.34643 -0.320943 -0.659702 1.16706 -1.05624 0.971624 -0.898546 
1.22855 -1.05271 -0.520193 0.930785 -0.473556 -1.57868 -0.577097 -0.0355689 -0.969775 0.85917 -0.284327 0.97109 -1.68328 0.420797 -0.873374 -0.279962 1.28356 -0.87196 1.08527 -0.427043 0.0932472 0.688045 1.05291 -0.144464 0.358597 -0.914658 1.45575 -1.02229 -1.1461 1.23884 -1.05784 0.1798 -0.692036 0.352776 -1.00505 1.55896 -0.312369 0.0382274 -2.18828 
1.28317 -1.30961 -0.610597 0.961316 -1.0069 -1.53194 -0.437304 0.0534691 -0.981019 1.15509 -0.321672 0.89605 -1.50649 0.229971 -0.446796 -0.0687782 0.336464 -0.837079 0.16736 0.832144 0.405123 -1.34074 -0.0528569 0.316693 -0.659416 -0.261088 0.300698 -0.543404 0.0284097 1.19295 -0.982164 1.42936 0.407758 0.147794 0.0646332 0.746942 0.0201869 0.419662 -1.24698 
1.3299 -1.29895 -0.552381 1.13681 -0.991123 -1.48625 -0.0374827 0.204031 -1.9759 0.824959 -0.0997193 0.476837 -1.8872 0.0364092 0.0240014 0.332455 0.529409 -0.582167 0.849156 0.928823 0.130532 -0.598835 -0.0927878 0.16813 0.229786 -0.722379 0.0527157 -0.0826374 0.273733 0.423337 -1.91865 0.718345 0.715923 0.202107 -0.256264 0.681417 0.00952624 -0.273725 -1.01928 
1.28791 -1.29715 -0.456796 1.28612 -1.36833 -1.07345 0.165082 0.130133 -1.43137 1.09804 -0.222382 1.06983 -2.07683 -0.154909 0.32091 0.518035 0.310368 -2.00394 0.799887 0.0516935 -0.100531 0.999275 0.929247 -0.307525 0.269913 -1.0768 -0.0785792 0.369027 0.908633 0.586659 -1.44755 0.121137 0.750695 -0.0699422 -0.769553 -0.248543 0.75108 -0.201868 0.0570074 
1.23916 -1.12333 -0.312556 1.32678 -2.22338 -1.05421 -0.00460009 0.143587 -1.22908 1.35259 -0.273594 0.680765 -2.73907 -0.163675 0.559307 1.14363 0.364894 -1.56117 -0.694272 -0.00187658 -0.230726 -0.431509 -0.219199 0.849486 -0.517948 0.798531 -0.348606 0.579248 1.31074 0.941598 -1.74249 -0.329338 0.98914 -0.10857 0.609478 0.350724 0.366492 -0.708404 0.766095 
1.1928 -0.990528 0.0730213 1.50965 -2.3294 -1.44362 0.163182 -0.0075655 -1.75638 0.968667 0.268204 0.68186 -1.43905 -0.388473 0.592482 1.60838 1.12175 -0.576191 -1.25777 1.17087 -0.0571381 -0.178834 -0.475443 0.802135 -1.27245 2.08456 -0.660546 0.749927 1.38654 1.37275 -0.531758 -1.66683 0.282196 0.0958648 0.313618 0.281626 0.316474 -2.04005 0.62183 
1.03185 -0.79848 0.432692 2.01623 -2.58116 -1.72692 0.754943 0.108892 -1.3648 1.07663 0.189799 -0.274042 -1.07975 -0.86041 0.622082 1.10538 1.72052 0.774077 -1.58296 0.347988 0.377238 0.85488 0.584705 -0.422895 -2.36261 0.0196899 -1.133 1.19335 1.19622 1.46856 0.597452 -1.48174 0.823059 0.741371 0.275733 0.674449 0.834249 -2.38788 1.46097 
0.749965 -0.649414 0.585106 2.5677 -1.86015 -2.29092 0.388443 0.215488 -1.11773 1.29919 0.0280731 -1.09196 -1.41994 -1.36368 1.28515 0.332828 1.10885 1.4614 -0.767688 -0.15421 1.16411 0.55136 1.34293 0.328584 -2.09865 -0.16387 -1.62838 1.55307 1.25411 0.948195 1.63362 -0.331618 0.613006 -0.119394 0.186474 1.06187 0.0950791 -1.40366 0.453919 
0.337853 -0.093004 0.586666 2.69773 -1.69093 -2.13651 0.654136 0.798855 -0.953524 1.84091 0.381236 -1.84956 -1.20644 -1.65513 1.82039 0.92945 -0.278407 1.64565 1.12197 0.408254 -0.551013 -0.602148 0.777854 0.548408 0.379554 0.577928 -1.82988 1.15247 0.39781 -0.18792 1.69406 0.0769079 -0.20846 0.342182 0.705639 1.89213 1.25517 0.0747903 0.801438 
-0.0894899 0.350178 1.01564 2.39522 -0.857077 -1.68596 0.652834 -0.112261 -1.57056 1.74021 0.345753 -0.80566 -0.95739 -1.46238 0.528295 0.3171 -1.38821 1.04783 0.862408 -0.107983 -0.651097 0.398139 1.08061 1.37455 2.20066 1.21806 -1.46651 0.7267 -0.409996 -0.503188 1.49129 -0.307246 -0.317693 0.712918 1.73856 0.929952 1.5587 1.60466 1.29596 
-0.405405 0.196574 0.733349 1.84206 -1.05402 -1.67091 0.583344 0.411719 -0.657025 2.45514 1.17336 -0.195106 -0.235411 -0.610959 -0.675472 -1.586 -0.478662 0.563285 -1.54981 -0.805871 1.61565 2.93792 0.416135 1.5675 1.88003 1.12596 0.0887845 -0.65076 -1.28528 -0.801813 2.75625 -0.802962 0.8066 0.272243 1.44946 -0.915451 0.956888 2.06137 1.06955 
-0.40783 -0.021721 0.280156 2.09946 -0.516937 -2.51546 0.128916 0.845636 0.628541 1.9743 1.24869 0.60791 -0.0595144 1.59302 -1.54623 -2.38925 0.178653 3.03445 -1.96455 1.10424 1.06004 1.54963 -2.24482 -0.0770492 0.703025 0.188373 1.33581 -1.67984 -1.96252 -0.78079 2.1396 -1.31696 1.16094 1.28754 1.60138 -1.6153 0.918234 1.1431 1.36868 
0.376197 -0.653814 -0.374481 1.95094 0.799685 -2.72308 1.29962 1.03993 0.502082 1.16695 1.13184 0.334209 -0.0823045 2.66329 -1.95831 -1.58147 -0.699039 2.60578 -0.251516 2.24143 0.303978 -0.786257 -2.47467 -0.322565 -0.271376 0.673475 0.932554 -1.18026 -0.699125 -0.488025 2.22355 -1.41014 -0.44152 0.850579 -0.0493905 -2.3921 0.480813 1.29085 -0.524593 
0.907914 -1.09855 -0.45323 1.66803 1.0742 -2.64792 1.58355 1.02522 0.0377848 0.554622 1.06617 0.405182 0.478929 -0.162114 -0.303118 1.2651 -0.912747 0.258929 0.0364803 -1.65537 0.209417 -1.61345 -0.806375 0.727126 1.11399 -0.876333 0.773276 -1.89331 0.277278 -1.88664 2.00092 0.169514 -0.274868 0.099159 -0.833601 -1.51467 -0.0927179 0.46707 -0.247961 
0.281862 -0.821102 0.211641 1.38795 0.95341 -2.70092 0.224141 1.16341 -0.708342 0.701664 1.55216 1.17227 -0.774941 -1.47784 -1.01065 2.03646 -2.15429 0.357904 0.472204 -2.58596 -0.152564 -0.330043 0.544722 0.19269 0.926618 -0.997994 -0.409686 -0.986833 2.12773 -2.26198 0.461998 0.995396 -1.02836 -0.420014 -0.377648 0.81515 0.655158 0.622635 -1.21078 
0.156939 -1.65463 0.490451 0.340762 1.28855 -2.39182 -0.0961385 0.933899 -0.211212 0.862273 1.17957 1.10248 -0.310348 -0.475391 -1.24252 2.18265 -2.5093 0.425678 1.30763 0.376692 -0.830488 1.10908 1.85366 0.160045 -0.239356 -0.713144 -1.29135 -0.617224 2.39133 -1.90165 0.113045 0.697349 -1.59206 -0.532498 0.411157 1.19308 0.632901 0.462451 -0.4276 
0.031179 -1.5046 1.22309 -0.157863 1.20927 -1.99628 0.468038 0.669824 0.120738 1.75813 1.64681 0.993602 -1.33795 -0.518331 0.0453693 1.83761 -0.721783 -0.19008 0.466482 0.608413 -0.635873 0.88432 0.985507 0.664213 -0.277889 0.437464 -0.636237 -0.976668 1.57565 -2.05892 0.00479855 0.88947 0.621553 -0.271536 1.62348 1.29748 0.399261 -0.331913 0.296863 
-0.115173 -1.63042 1.34196 -0.104663 1.16726 -2.13878 0.298211 0.555796 0.449496 1.42209 1.56375 0.894855 0.0406213 -0.511234 -0.287158 0.372214 -0.60507 -0.418161 -0.107607 0.390147 0.430339 1.07224 -0.19002 0.379128 -0.232209 1.10442 -0.548703 0.0166877 1.33951 -0.348857 -0.310735 -0.0540617 0.478908 -0.289107 1.15598 1.32831 0.190347 -0.467514 -0.815759 
-0.237392 -1.66311 1.39532 -0.53144 0.948282 -2.05147 0.720672 0.924386 0.922219 1.64545 1.86727 0.820298 -0.457188 -0.333403 -0.0152969 0.33535 0.198561 -0.269694 -0.549917 -0.0184219 0.20958 0.669583 0.717533 -0.409144 -0.384914 -1.50796 -0.476554 -0.221926 0.360677 -0.918391 -0.405247 -0.649053 0.0314499 0.592868 0.474355 -1.03326 -0.0397175 0.592986 1.3262 
-0.294994 -1.63955 1.4971 0.0164728 0.997212 -2.43145 0.285569 0.679365 0.949339 1.8286 1.33152 0.606828 -1.15374 -0.229317 -0.0574364 0.217658 -0.781129 -0.18158 -0.785176 -0.354905 0.455672 -0.433144 -1.12475 -0.436927 1.06503 0.639212 -0.401915 -0.185685 -0.135668 -0.617427 -0.615124 -0.287734 -1.11258 0.447012 0.97152 0.564338 -0.290396 0.500678 0.0365162 
-0.365266 -1.6954 1.49591 -1.0134 0.832201 -2.47045 0.489558 1.19398 0.595988 0.998036 1.61908 1.62158 0.0540388 -0.292129 -0.272392 -0.548222 -1.12873 -0.640864 0.148625 -1.36468 0.459409 0.636752 0.00924496 0.0104445 1.08755 1.55719 -0.300467 -0.0812036 -0.322064 -0.241833 -0.44303 -0.09864 -0.46203 0.493619 0.131432 -0.324402 0.0914564 0.874081 0.435746 
-0.454215 -1.78996 1.24267 -0.679467 0.599824 -2.34908 -0.60117 0.951177 1.42459 1.82992 1.34025 1.42503 0.0866728 -0.23988 -0.066198 -0.73199 0.420075 -0.474116 0.641103 -0.221658 0.282664 0.612005 0.715822 0.557513 0.16422 -0.0654692 -0.43858 -0.380827 -0.701172 -0.431205 -0.119032 0.450196 0.161576 0.521958 0.216491 -1.17496 0.576498 1.22469 1.2979 
-0.498412 -1.7325 1.15629 -0.7559 0.536944 -2.12366 0.344959 1.36092 1.0527 1.40357 1.94199 1.7461 0.00550668 -0.389904 -0.321705 -0.579245 0.48073 0.464994 0.453866 1.56125 0.321094 -0.343734 -1.50508 0.769756 0.636165 0.149258 -0.56388 -0.538988 -0.38017 0.899333 0.37371 0.727344 -0.586279 -0.315235 -0.0630598 -0.170717 0.111909 0.462054 -0.492533 
-0.662234 -1.96746 0.973857 -0.384629 0.879762 -2.10282 0.411836 1.14092 1.16534 0.964922 1.78505 1.90412 0.208708 -0.635242 -0.77624 0.123682 0.948002 1.02797 0.338386 -0.508947 -0.747833 -0.69417 -0.928356 -0.409113 0.483949 -0.58037 -0.500336 -0.356493 -0.385169 0.476524 0.726136 0.329048 1.3737 -0.205542 -0.0587237 -0.45171 0.545007 0.927672 0.295075 
-0.828871 -2.15977 1.21332 -0.173409 1.1617 -1.9394 0.0138289 0.916378 0.530927 0.868505 1.70977 2.11083 -0.452033 -0.387295 -0.234184 -0.0371462 0.246694 0.610789 -0.0161676 0.138085 -0.623049 0.267388 0.933468 -0.0323803 0.668666 0.239669 -0.446547 -0.0525089 0.14572 -0.156834 0.86698 0.577622 0.700739 -0.776671 0.204369 0.193684 -0.346907 -0.293913 -0.037023 
-0.86895 -2.09687 0.956331 -0.233862 1.249 -2.10892 0.500811 0.770422 1.36389 1.49497 1.76919 2.40762 0.40256 -0.0590675 0.697661 0.118538 -1.18026 0.256393 0.43744 1.37396 -0.403913 0.970918 1.18148 -0.0664368 -0.901923 0.532984 -0.388914 0.0838959 0.174778 0.0678256 0.390335 0.718263 -0.238162 -0.456267 -0.733708 -0.344699 -1.17336 -0.430877 -0.231706 
-0.871779 -1.77712 1.26796 -0.901075 1.31387 -1.70196 0.905233 0.675915 1.25651 1.54043 1.67436 1.43439 -0.0251884 -0.218202 0.369786 0.326363 -0.138544 -0.0323122 0.983303 -0.437101 -0.0519637 -1.24962 -1.36833 -1.56707 -1.2798 -0.542831 -0.409189 0.0317984 -0.261059 -0.502372 0.413796 0.198844 0.887221 0.0552315 0.406607 0.770162 0.241215 -0.709354 0.641096 
-0.991277 -1.89439 1.10731 -0.320247 1.22434 -1.57841 0.216329 0.738797 0.426013 0.708202 0.871969 1.44728 -0.0251612 -0.577674 -0.643863 -0.534206 0.424431 0.356829 -0.176855 -0.27775 0.489966 -0.422747 -0.191685 0.390681 -0.101949 0.310549 0.0665386 0.777441 -0.137179 -1.67967 -0.443634 0.506957 0.214643 -0.478037 -1.08679 -1.09537 -0.664986 -0.890836 -0.491162 
-1.17351 -2.13165 1.02002 -0.640894 1.52756 -1.79434 0.724214 0.965859 0.938064 1.4268 1.90145 1.35895 0.224967 0.314565 0.854806 -0.541679 -2.40117 -0.624278 -0.3036 0.699462 -0.65544 -0.20648 -0.0257951 0.658961 0.0199851 -0.101207 0.681647 1.23289 -0.761922 -0.118038 -0.249747 -0.01204 -0.410225 -0.636452 -1.45493 -2.03693 -1.8547 -0.371481 0.0880612 
-0.847715 -1.42539 0.855911 -1.7995 0.837111 -1.73883 0.669795 0.349083 0.26958 0.689472 1.25314 1.46345 -0.102082 1.62193 2.58359 -0.691514 -0.597908 -0.726281 0.150581 -0.234586 -1.43308 -1.52743 -2.40564 -2.91669 -0.425419 -0.193598 2.45082 2.34451 -2.95772 -0.254921 -1.34281 -0.828455 -0.969823 -0.334042 -0.695114 -1.1264 -1.65871 -1.35306 0.664626 
-0.377479 -0.712679 0.699171 -1.01006 1.07785 -1.71091 0.571221 0.114712 -0.207922 0.0466106 0.229157 1.04049 0.0746562 3.45601 2.83036 -4.23533 2.02029 -1.36395 -0.833219 -1.90557 0.162288 -0.723959 -1.40798 -2.91845 -1.93168 0.975654 3.33429 2.05656 -3.64767 0.155054 -2.08661 0.907291 -0.987968 0.214745 -1.22273 -3.30121 -2.97842 -1.63848 -0.336462 
0.86365 0.129185 -1.10765 -0.556915 -0.0031577 -2.1836 -0.568139 0.44459 -0.274507 -0.119978 -0.420165 0.0133746 0.676395 3.51009 0.649448 -5.20135 0.83823 -2.36348 1.07368 -0.994024 1.75647 -0.111113 -1.80729 -1.13748 -1.88881 -0.247193 3.14736 1.14118 -3.75034 1.78593 -1.59658 1.48882 -0.446628 0.962029 -0.770385 -2.81104 -2.41897 -1.28255 0.0988277 
1.36088 -0.356527 -1.71219 -0.495148 -0.374614 -1.13187 -0.0748604 1.15617 -0.292914 -0.991275 -0.42135 -0.377377 -0.118227 1.38795 -1.03463 -1.82359 0.691188 -1.00009 2.84853 1.34811 1.273 -0.3075 -2.17856 -0.374925 0.119425 -0.844559 2.5794 0.331948 -4.24279 1.2195 -2.21061 1.54625 -0.297287 0.885122 -0.936762 -1.73151 -1.2145 -0.772787 0.0610904 
1.54291 -0.440074 -1.95327 -0.132519 -0.620569 -0.651658 0.30648 1.19917 -0.506617 -1.37026 -0.632747 0.104246 0.0089989 0.458629 -0.12436 -1.65401 1.01498 -0.909925 1.01973 0.621706 -0.435615 -1.14364 -0.399752 -0.517929 0.795477 0.328709 1.0575 -0.520006 -1.93794 1.00012 -0.948992 2.24435 1.42226 0.444564 -0.799804 -1.20299 -0.0534949 0.411773 -0.908471 
1.57634 -0.425587 -2.4792 0.128572 -0.936799 -0.581804 0.32812 0.896898 -1.15139 -1.22394 -0.716058 0.221396 0.146354 0.235503 0.221999 -1.30411 0.829599 -0.404908 0.194503 0.411431 -0.607656 -0.763442 0.646907 0.29839 0.457831 -0.347743 0.440592 -0.0670768 -1.15459 0.733881 -0.360982 0.799606 0.859273 -0.571297 -0.459174 -0.721753 0.607874 0.700265 -0.156179 
1.64701 -0.318807 -2.55809 0.377082 -0.873437 -0.544651 0.572934 0.83781 -1.08028 -1.00415 -0.45865 0.449353 -0.263756 0.214156 0.0229077 -0.206772 0.102401 0.375739 0.058051 0.439853 -0.410552 0.529853 -0.51694 1.3408 0.18864 -0.532643 0.123638 0.0409942 -1.19152 0.493096 -0.454299 0.50326 -0.364201 -0.408243 -0.774303 -0.21722 0.539307 0.12794 -0.762453 
1.66979 -0.413723 -2.57536 0.190512 -0.711529 -0.548057 0.613027 0.652495 -0.756223 -1.52364 0.056684 0.364266 -0.273275 -0.0511492 -0.153761 -0.616394 -0.0770655 -0.267477 0.48017 -0.866707 0.00409828 -0.273276 -0.918866 0.431233 -0.280865 -0.652719 0.158738 0.0168165 -0.105785 0.047985 0.171191 0.3548 -0.000676818 -0.191345 0.411907 -0.382664 1.12182 0.0837246 -0.534105 
1.60806 -0.404023 -2.84412 0.328543 -1.04213 -0.284269 0.00951606 0.839451 -1.28675 -1.53379 -0.208263 0.239495 -0.778766 0.024287 0.00736692 0.0422314 -0.0243145 -0.121803 0.414677 -0.444441 0.129721 0.0254306 0.0335634 0.180993 -0.0740306 -0.167814 -0.029254 0.222898 -0.0994366 0.391384 -0.199472 0.797069 -0.606116 0.215195 0.649043 -0.456764 0.5758 0.129043 -0.538419 
1.66848 -0.410398 -2.55609 0.174447 -0.790998 -0.322838 0.323779 0.728677 -0.738928 -1.50841 0.163361 0.309798 -0.403104 -0.000105445 0.50762 0.46212 0.675481 -0.027521 0.594162 0.11151 0.319967 1.14682 0.340797 0.348018 0.459387 -0.0534059 -0.205612 0.335061 -0.159236 -0.022413 -0.615983 0.140731 -1.40272 0.0833482 0.527321 0.000664242 -0.677437 -0.0645293 -0.673587 
1.59458 -0.125806 -2.63022 0.74327 -1.06385 0.0373136 0.0812364 1.02852 -0.429402 -1.3428 -0.00566574 0.585771 -0.817716 -0.347312 0.522609 -0.293219 -0.00426825 -0.790028 -0.23314 -1.29836 -0.001832 0.684749 -0.0270929 -1.10603 -0.0204432 -0.715896 -0.278761 0.628 0.917372 -0.0546447 0.220448 -0.186107 -0.442125 -0.390277 2.71527 0.645278 -0.600275 -0.319865 -0.0366061 
1.48172 -0.123944 -2.69231 0.170721 -1.27975 -0.44543 -0.519905 0.7268 -0.227723 -1.52788 -0.469091 0.295589 -0.968298 -0.435644 0.482322 1.0281 -0.752903 0.354404 -0.857214 -0.663395 -0.896793 2.49978 0.489412 -1.16813 -0.913962 0.00656759 -1.05886 0.948971 0.849526 -0.1006 0.460274 0.0013295 -1.19224 -0.830852 1.67958 0.504507 -1.54869 -0.400428 0.26042 
1.36373 0.138509 -2.15395 0.278687 -0.851649 -0.42034 -0.350174 0.495595 1.44148 -1.06679 -0.673775 -0.0997166 -0.809026 -1.29058 0.971316 1.67371 -0.142786 1.47208 0.225053 -0.183495 -1.23053 1.57187 0.677414 -1.00384 -0.54775 1.05929 -1.40486 0.653803 1.78362 -1.70486 1.19973 0.426305 0.0457192 -1.59841 0.316304 0.479489 -1.78695 -1.513 0.763537 
0.8242 0.409076 -1.91678 0.0817251 -0.382979 -0.32202 -0.639726 -0.00415995 0.948043 -1.14432 -1.04285 -0.114772 -0.123382 -1.73544 0.548136 1.86311 -1.82497 1.42274 1.42721 0.716328 -1.47763 -2.07281 0.128939 -1.26576 -1.22329 0.997829 -1.55633 1.23684 2.10235 -0.905624 1.08786 0.842115 0.807641 -1.10011 0.180931 1.94162 -0.660991 -0.997812 0.887136 
0.484195 0.43899 -1.29063 -0.845859 0.0148986 0.348501 0.114243 -0.381988 -0.113055 -0.996998 -1.39795 -1.0176 -0.0129344 -1.11392 0.974609 1.73299 -1.22407 0.13939 0.910555 1.18104 -0.402468 -1.32658 1.80937 0.101165 -0.862935 0.107489 -1.75145 1.02858 1.14695 -0.930543 1.429 1.64272 0.321852 -0.129761 -1.21575 1.38169 -0.454252 -0.796854 0.575983 
0.254845 0.943905 -1.11377 -0.672905 -0.30247 0.169433 0.126421 -0.243766 -0.0474777 -0.113192 -0.98202 -0.761925 -0.0345261 -0.969751 1.0708 -0.00158984 0.420362 0.693951 0.797443 -0.321053 1.28843 0.44362 1.64231 0.644229 0.0960171 -0.239842 -0.865242 0.601263 0.585906 -0.269959 0.357676 1.34293 -0.0890493 -0.205056 -0.570562 0.615519 -0.546564 -0.850307 0.323031 
-0.0132077 1.02667 -1.29167 -0.588183 0.435069 0.779224 -0.0948915 0.381747 0.217515 -0.0614374 -1.02525 -0.94431 -0.199979 -0.225602 -0.0266474 -0.778848 0.820394 0.390721 0.906299 -1.29519 0.101236 0.563297 -1.01719 -0.84823 -0.339723 0.318166 0.457299 -0.17621 -0.475182 0.494027 -0.568872 -0.391042 -1.32076 0.82341 1.23828 0.205014 0.245407 0.38777 -0.781412 
0.128825 0.928539 -1.47511 -0.168971 -0.0680239 0.6586 -0.715203 -0.184485 0.372745 -0.699078 -1.46642 -1.016 0.22168 1.66828 -1.34361 -0.760381 0.333583 -1.53601 -1.33926 -1.32015 -0.0593933 1.22073 -1.37471 -0.314284 0.447388 -0.785528 1.48094 -1.53204 -0.392885 -0.0707279 -0.180954 -0.270883 -1.79694 1.13997 1.64127 -1.69049 -0.730879 0.594675 -1.97886 
0.805954 0.287632 -1.64445 -0.383928 -0.510586 0.0627613 -0.952718 0.345713 1.13023 -0.851853 -1.203 -0.607049 -0.820485 2.50158 -2.37505 0.149977 -0.922185 -0.658295 -1.28467 -0.936365 1.59881 1.64191 -1.13743 -0.149487 1.17493 -2.91675 2.07378 -1.80603 0.313831 -0.0972191 -0.793084 -0.776807 -0.280051 0.596534 1.50006 -1.72383 -0.828858 0.762502 -2.5446 
1.36386 -0.377289 -1.40589 -0.737763 -0.476088 -0.0285521 -1.32385 0.763423 1.60098 -1.35375 -1.54953 -0.132158 -2.09175 1.52127 -1.48831 1.27449 -0.475515 0.361903 0.272699 0.969197 0.950859 0.794956 -0.822521 -0.816676 0.624502 -2.55634 1.85277 -1.75143 0.492223 -0.47235 -0.334979 -1.29185 0.358478 1.21535 0.422239 -1.1907 -0.35072 0.784921 -3.05849 
1.55175 -0.530927 -1.05397 -0.677751 -0.293791 0.211752 -0.324118 0.90914 1.724 -1.32637 -1.66928 -0.136726 -2.84762 0.347384 -0.371134 0.652646 0.211843 0.162618 -0.482491 1.37705 0.213399 -1.07276 -0.378527 -0.331247 -0.0714182 -1.10027 0.720999 -0.942744 0.909063 0.220511 0.220247 -0.127365 0.687882 0.884227 -0.273633 -0.490429 -0.892374 1.05883 -1.57184 
1.5238 -0.581953 -1.10367 -0.608451 -0.381352 -0.285019 -0.430437 0.889258 0.795598 -1.57427 -1.73703 -0.184663 -2.96227 -0.41637 0.0119039 0.202293 0.815018 -0.0353175 -0.455847 -0.120125 0.368669 -1.15973 0.201433 -0.400661 0.865302 0.4925 -0.0362934 0.0657736 0.865825 0.638056 0.0895951 -0.552966 1.02196 0.19321 -0.977939 0.907798 -0.377372 1.02272 0.57344 
1.33052 -0.525109 -0.960507 -0.177126 -0.320288 -0.0304092 -0.402794 1.12711 0.853463 -1.21511 -1.89664 0.514504 -2.45294 -0.409487 0.47828 0.754208 0.760338 -0.0295219 -0.279589 -0.113793 0.0779545 -0.237257 1.54421 -0.185732 1.5103 1.85491 -0.637262 0.442703 0.32698 0.763773 -0.276614 -0.523099 -0.686501 0.220822 -1.39024 0.989373 -0.454315 1.22046 1.77916 
1.30601 -0.319859 -0.754367 -0.141486 -0.4043 -0.432548 -0.505002 0.934724 0.616109 -0.694833 -1.84096 0.951139 -1.48536 -0.571835 0.68709 0.333081 0.347654 -0.373924 -0.265605 -0.734731 -0.0362315 -0.703632 1.06849 -0.220954 0.852451 1.84623 -0.861718 0.916492 0.781322 0.751118 0.113195 0.0960892 -1.55015 0.138596 -1.04227 2.1166 0.0426886 1.21765 2.03538 
1.0317 -0.148272 -0.806416 0.0357916 -0.554178 -0.170431 -0.880522 1.10482 0.324603 -0.607822 -2.0208 1.15608 -0.982925 -0.924607 0.964647 0.515978 0.383159 0.197568 0.4004 -1.8118 0.132138 -1.1591 1.16618 0.239998 0.203484 0.820437 -1.07909 1.12426 1.01378 0.658271 -0.145371 -0.258839 -1.79689 -0.402785 -0.882937 0.672021 0.177814 0.61313 2.90602 
0.83114 0.209497 -0.515494 0.0932879 -0.288158 -0.214996 -1.68205 1.01234 -0.253951 -0.0316598 -1.7004 1.10516 -0.830175 -1.09723 1.08207 1.31306 0.655158 0.159047 -0.0963823 -1.49676 -0.559205 -0.478882 -0.204106 0.458978 0.00878009 1.97298 -1.64271 1.25138 1.51858 0.85549 0.115851 -0.142167 -0.748531 -0.400265 -0.558597 0.970664 0.19483 -1.14981 1.5307 
0.470681 0.44561 -0.198063 0.438008 -0.46163 -0.219598 -1.85302 0.772209 -0.0358926 -0.728559 -1.75448 1.16383 0.587773 -1.613 1.00411 1.94658 0.918487 -0.0255879 -0.603682 0.880039 -0.723824 0.411878 0.0798356 0.0211666 -1.82854 1.19186 -1.42268 1.28372 1.48994 0.592512 0.29595 -1.22541 0.435742 -1.19176 -0.338834 1.08078 0.950259 -0.815611 0.830611 
0.0127086 0.76054 0.386526 0.657608 -0.308696 -0.536529 -1.11134 0.582049 0.0528412 0.0100398 -1.68551 -0.267426 0.120043 -1.10131 0.93747 1.10319 0.248014 0.279651 -1.5804 2.03324 -1.21016 0.0266033 1.59084 0.829504 -1.16251 -0.880463 -1.45416 1.05322 1.70259 1.38595 0.208304 -1.02768 0.903807 -1.4005 -0.00888597 0.259716 0.22046 -0.88143 0.891354 
-0.0923822 0.960032 0.313006 0.589587 -0.295213 -1.06553 -0.533561 0.0533367 -0.0177181 0.177553 -1.27536 0.291612 -0.108145 -0.634055 0.653493 0.813586 1.18693 0.334486 -0.804142 0.236732 -1.35613 -0.421337 0.257672 0.274853 0.581987 -0.0195352 -1.10502 0.714188 1.27762 0.676207 0.82133 -0.93799 1.41627 -1.15775 -0.718505 1.00758 0.763168 -1.6079 -0.653948 
-0.317159 1.11891 0.763352 1.38718 -0.108693 -0.965688 -0.958313 -0.223435 -0.264546 0.153476 -1.52493 0.170957 0.107998 -0.607715 0.187802 0.969673 0.781975 0.937109 0.294588 -0.281131 -0.508604 -0.988434 -0.297653 0.20455 -1.10859 0.0225549 -0.78695 0.443252 0.527859 0.312229 0.578732 -0.281687 0.510191 -0.396148 0.233706 -0.0436688 0.447265 -0.633767 -0.787966 
-0.409104 1.06251 0.762185 1.06987 0.273889 -0.904786 -0.716776 -0.249248 -0.75993 0.00329915 -1.15516 -0.540095 -0.0867555 -0.584822 0.0463621 0.0466722 -0.708452 0.522998 0.411075 0.392043 0.770565 0.737458 -0.307854 0.329601 -1.47926 -1.01445 -0.969679 0.136163 0.46501 0.571917 0.617125 0.761791 0.658491 0.127444 -0.0530167 -0.200468 -0.545132 -1.33677 -1.0429 
-0.622455 1.14367 0.784681 0.949963 0.206771 -0.742404 -0.704448 0.233009 0.286145 -0.0266134 -1.33291 -0.939225 -0.694348 -0.89275 0.029868 -0.211063 0.0899897 -0.0227656 0.731758 1.09376 0.702103 0.919748 0.0470999 -0.949668 -0.780128 -1.39146 -0.896548 -0.530213 -0.552609 -1.19242 0.0984727 0.391614 1.25146 1.45031 1.07118 0.657302 1.09946 -1.01873 -0.753333 
-0.868078 1.0782 0.664042 1.12417 0.25508 -0.509329 -0.00729638 0.166573 -0.0726817 0.0262714 -1.69781 -1.12504 -1.18858 -0.802947 -0.875021 -0.933867 -1.09296 -0.376754 0.111729 1.15574 1.39125 0.702628 1.15343 1.16179 0.0390752 0.0259662 -0.842554 -0.412583 -0.491022 -0.737108 -0.206149 0.174238 0.572875 1.30285 1.15134 1.11158 0.852652 0.174431 -0.515578 
-1.03661 0.662116 0.351486 0.276039 -0.0288524 -0.679837 0.0452736 1.05775 0.810744 0.629267 -0.662969 -0.908719 -0.670249 -0.411813 -0.673827 -0.576526 -1.2015 -0.28212 -0.504642 -0.387275 1.2403 0.627918 1.37898 2.10541 1.02266 0.715349 -0.856968 -0.636882 -0.0363288 -0.313331 -0.436854 0.576831 0.656056 0.293217 0.150857 -0.386376 1.68673 0.85787 -0.406045 
-1.08703 0.707201 0.396491 0.383431 0.0774187 -0.777688 -0.259428 0.901748 0.39595 0.811186 -0.485958 -0.355587 -0.616878 -0.523828 -0.121128 0.881658 0.623573 -0.269795 0.663021 -0.346129 -0.95109 -0.497698 -1.64155 1.12823 1.16731 -0.558177 1.52453 -2.19663 -0.290229 -0.766957 -0.990484 2.44152 1.15544 0.965685 0.663643 -0.841467 3.8987 2.13002 -0.266709 
-1.31147 0.594832 0.759867 0.658812 -0.198965 -0.321284 -0.180143 0.492606 0.436153 -0.313802 -0.0123005 -0.0305952 -1.11016 2.75496 -2.77141 0.113681 0.0447611 -1.18433 3.81587 1.81601 0.200428 0.265218 -2.44866 3.19268 1.97784 -1.0645 1.96045 -2.49249 0.868485 0.0458749 -0.175989 1.60385 0.702968 0.489986 -0.145295 -1.50747 3.19367 2.36781 -0.159112 
0.274463 -0.816428 0.448881 0.409889 -0.652835 1.27361 0.918993 1.01989 0.592876 -0.593611 1.35031 1.13147 -1.45898 3.53874 -3.78866 0.529498 -0.548683 0.00957452 1.50875 1.2139 1.68402 0.305167 -0.27919 3.21109 2.16855 0.350388 1.91997 -3.06461 0.254464 0.556095 -0.113915 1.06974 -0.126682 0.428014 0.32686 -1.87481 1.75611 1.84777 0.723821 
0.441187 -1.48778 1.00501 0.319946 -0.197966 0.491338 0.607341 1.49107 0.663005 -0.477494 1.83453 1.59973 -0.828358 0.197573 -2.0367 0.304411 0.803231 1.01604 -2.37063 -1.97682 0.440293 0.175925 0.0584913 -0.808311 0.624604 2.01672 2.00492 -2.53121 -0.999409 -0.0215137 0.651599 -0.0686872 -1.10049 1.48937 1.87972 -0.775994 0.442624 1.54438 1.93928 
0.359638 -1.93633 0.589683 0.903258 -0.0353906 0.00341409 -0.365198 1.28036 0.72291 -0.564122 0.888834 1.60187 0.146455 -0.455303 -0.181932 -2.13931 0.521463 0.955822 -1.61208 -2.58201 0.535903 2.22006 -0.706815 -2.61295 0.00602448 2.19871 -0.211564 -0.255325 -0.505902 0.741342 2.16562 -1.51309 -2.94144 0.423926 0.95815 -0.449456 -3.30616 -0.921741 2.25593 
0.20053 -1.58847 0.0130376 0.639859 0.382598 -0.3716 -1.06979 1.80828 2.32434 -0.88582 0.336676 1.60541 0.921645 -0.529769 1.63966 -1.11607 0.325454 2.19155 0.302525 -1.67366 0.194346 1.11247 -0.627221 -3.69156 -1.92801 0.948404 -0.191442 1.68421 -1.14123 -0.11799 1.01905 -0.553875 -2.96048 -1.74281 -0.0766748 -1.28013 -4.55974 -1.30448 2.16948 
0.0818164 -1.03605 0.072031 1.10251 1.30204 0.168419 -1.45256 1.39489 1.55453 -0.926914 -1.22846 0.154553 0.903287 0.154115 2.83031 0.300122 -0.694868 0.553756 0.848764 -1.09207 -3.12519 -2.3205 -0.923416 -3.59168 -1.8492 0.652829 0.267828 2.47319 -1.48109 -1.53118 -0.109381 1.81438 -2.1252 -3.04992 -0.199733 -1.327 -2.11042 -1.81533 1.80286 
0.264015 -0.033925 0.151851 0.211003 0.716901 0.0866774 -1.77953 -0.0469277 0.584256 -1.41806 -1.72326 0.217298 1.44369 0.936322 2.24755 -1.27276 -2.64017 -2.35313 2.15563 -0.964855 -4.72848 -1.37806 -1.0629 0.817782 -0.63562 1.42146 0.503027 1.9212 -0.885789 -0.957216 -0.16153 2.94706 -0.858945 -4.28042 -1.3241 -0.510662 -1.01931 -1.75742 0.489665 
0.535679 0.198272 -0.518257 -0.523871 -0.144087 1.32834 -2.0797 -1.41168 0.52044 -1.53895 -0.756081 -0.321823 2.03589 0.614883 0.190189 -1.72617 -0.75016 -0.792564 3.15014 0.0234218 -3.23984 0.54591 0.276474 2.20172 -0.632759 -0.00824735 0.73184 1.21192 -0.72073 -1.67872 -1.60923 1.92737 0.295243 -3.87538 -0.0344811 -0.390411 0.960769 -1.45571 0.661388 
0.557457 0.069862 -0.648611 -0.251891 0.226599 1.78055 -1.76501 -1.97016 0.991454 -1.26387 -0.456097 -0.256929 1.44061 0.18528 -0.340746 0.113665 0.101891 -0.0296553 0.456224 1.32714 -1.03388 1.33425 0.569628 0.484993 -1.42084 -0.551266 0.342162 0.185126 -0.908948 -1.28446 -1.70674 1.63278 -0.0375005 -2.06133 1.1325 0.560502 1.60753 -1.61777 -0.0941978 
0.614718 0.010307 -0.465874 -0.462245 -0.167116 1.57587 -1.21869 -2.02595 1.5182 -1.21705 -0.47482 -1.38811 1.60146 -0.0937808 0.104362 0.262666 -1.19072 -1.73463 -0.939012 -0.0736626 0.176632 0.976474 0.445403 -0.0194116 -1.65226 -0.114255 -0.00596253 -0.0299098 0.234299 -0.238291 -1.07406 -0.153348 1.63385 -0.553187 1.7631 1.53287 0.712232 -1.57941 -1.0643 
0.497225 0.126486 -0.52716 -0.985991 -0.840707 1.27898 -1.81351 -1.86614 1.7212 -1.01303 -0.464511 -1.49708 1.35332 -0.200643 0.297652 0.271815 -0.457579 -1.56056 -0.674714 0.694724 0.214659 1.03446 1.39481 0.479793 -0.810074 -0.845771 -0.0379881 0.313036 0.549061 -0.513174 -1.64088 -0.574819 0.607034 -0.0595422 1.77605 0.997049 -0.265159 -1.2654 -0.763942 
0.501155 0.173145 -0.340182 -0.745028 -1.12781 1.2162 -0.768303 -1.89937 2.29138 -0.423083 -0.196546 -1.99555 0.933104 0.0290667 0.391031 0.631881 0.418518 -0.695027 0.147206 0.822501 -0.261352 1.40961 0.834328 -0.344968 -0.135809 -0.888163 -0.1715 0.593427 0.494355 -0.547675 -0.788136 -1.06535 -1.18959 0.188646 1.03557 0.579449 0.246325 -0.702351 0.327206 
0.498303 0.340636 -0.234562 -0.729451 -1.27127 1.3606 -1.28016 -2.02202 2.77541 -0.539706 -0.659889 -1.59796 0.651291 -0.069816 0.638005 0.534257 -0.366898 0.393782 -0.784346 -2.1733 0.0699031 0.357842 -0.648725 -0.1486 -0.183921 1.27691 -0.172485 0.49944 0.79711 -0.140137 -0.327741 -1.01236 -0.0962854 0.197105 0.881626 0.940309 -0.134344 -0.562 0.00613686 
0.452883 0.523009 -0.0928373 -0.971987 -0.891488 0.797668 -2.18007 -1.85868 2.55769 -0.798177 -0.279151 -2.13258 1.95088 -0.301043 0.397049 0.663838 -0.62548 0.21007 -1.53418 -0.945622 0.558501 -0.223925 0.372896 0.158485 -0.660249 0.897481 -0.318006 0.363209 0.882454 0.431841 -0.371716 -0.74878 -1.21389 0.183945 0.449867 0.474364 -0.38201 -0.500861 -0.321382 
0.334632 0.558094 0.0728497 -1.11559 -1.14747 0.539484 -1.89482 -1.6914 2.60591 -0.330353 -0.566138 -2.09284 1.36767 -0.42641 -0.0638322 0.899492 1.02662 -0.943865 -0.244094 0.664607 0.207665 0.248387 1.26053 -0.374686 -0.525913 -1.69789 -0.407326 0.324271 0.823465 -0.00526491 0.109897 -1.11928 -0.314406 0.572512 -0.928635 1.28289 0.540895 -1.33813 -0.444131 
0.226646 0.48721 0.32381 -0.341103 -1.47446 0.669195 -1.74923 -1.73625 2.74201 -0.0810291 -0.491596 -2.52654 0.605648 -0.332827 0.115985 0.674505 0.622881 -0.0469077 0.00176372 0.55208 0.297221 -1.01992 1.2721 0.573299 -1.23039 -1.47973 -0.421214 0.115598 0.551731 0.643641 0.143336 -0.0727352 0.731861 0.167622 -0.674734 1.12432 0.355226 -0.368646 -2.27879 
0.155099 0.621105 0.385206 -0.733246 -1.18107 0.543011 -1.53704 -1.51583 1.84011 0.393416 -0.234164 -3.01605 0.195731 -0.228862 0.249211 -0.000624888 -0.0459707 1.15655 0.135258 0.238989 0.045615 -1.15147 0.181847 0.853976 0.00254192 -1.29475 -0.455151 0.283746 0.468546 1.27188 0.900598 0.0391198 -0.543725 -0.884161 -1.12764 0.381979 0.174509 -0.116568 -1.16342 
0.0989985 0.623429 0.323214 -0.3705 -0.770953 0.744395 -1.59474 -1.70997 1.87766 0.0190292 0.00156896 -2.52348 -0.419356 -0.374742 0.333417 0.0898257 1.30968 1.38106 0.0415536 -1.22993 -1.6089 -0.491012 -0.778354 -0.339768 1.06252 -0.047522 -0.308278 0.28557 -0.193785 0.132131 1.33489 0.247779 -0.179324 -0.650549 -1.83656 1.04395 0.48269 0.378876 -0.488106 
-0.0453519 0.803596 0.426538 0.0718947 -0.340049 0.567901 -2.33629 -2.47131 1.47053 -0.0558365 -0.426555 -2.21665 0.161455 -0.252373 0.203056 -0.30624 0.251558 0.820769 0.191892 -0.46506 -1.0097 -1.31089 1.15782 -0.201346 0.52832 0.654728 -0.373524 0.173498 -0.301265 0.559251 0.722771 0.739405 -0.463896 -0.93638 -0.676964 0.0238022 0.525022 1.23333 -0.413507 
-0.040382 0.734286 0.180952 -0.216739 -0.273108 0.850001 -1.89738 -2.3099 0.893892 0.677419 -0.111328 -2.12541 0.104196 -0.207038 -0.0571234 -0.570519 -0.456912 -0.310262 0.95434 0.65105 0.219524 -0.415067 0.814392 1.04997 0.673384 -0.494491 -0.416066 0.346037 -0.301649 0.341117 0.273895 0.299715 -0.515818 -0.319839 -1.19258 0.0861228 0.176762 1.60127 0.819008 
-0.162107 0.771483 0.161771 -0.210477 -0.534947 1.08286 -1.91426 -2.34184 1.15784 0.406088 0.179164 -1.70961 -0.227868 -0.394966 0.344154 -0.175075 0.270692 -0.414734 0.205906 -0.178189 0.537684 -0.287197 -1.04214 0.437941 1.72648 0.422547 -0.533777 0.0928391 -0.160186 0.231041 0.0194049 -0.0104276 0.968157 0.881797 -1.00372 -0.185698 0.58627 1.55658 -0.285296 
-0.250926 0.922678 0.0994912 -0.0511992 -0.531994 0.963131 -2.01375 -1.99164 0.676993 0.07726 0.142911 -0.8272 0.443316 -0.621695 0.206767 0.317995 0.812371 0.33941 -0.978421 0.545501 1.09639 -0.929553 -1.04607 -0.256477 1.51839 0.120923 -1.15613 0.332057 0.526693 0.998933 -0.252541 -0.975103 0.627182 0.216052 -0.610533 -0.335272 -0.308367 1.58129 -0.476074 
-0.485806 0.88438 0.308869 0.288519 -0.331928 0.560133 -1.56076 -1.69206 0.459739 -0.19632 0.0346063 -0.567725 -0.128341 -1.39282 0.181105 1.03345 1.2483 0.0411436 -1.54221 0.952006 -0.212344 -0.529727 0.619324 -0.861079 0.500142 -1.04676 -1.38196 0.227207 0.220133 -0.0724464 0.249765 -1.49191 0.73228 1.3257 -0.293394 0.541167 0.570741 1.3501 1.20081 
-0.959473 1.02147 0.578233 0.716155 -0.51166 0.137708 -1.39632 -2.11843 0.278408 0.42759 -0.348865 -0.450305 -0.3847 -1.5141 0.153859 0.044574 -0.916766 0.0308909 -1.06088 0.358614 0.880014 0.538258 1.74324 1.02885 0.382184 1.45796 -1.43549 -0.100474 0.591305 0.486817 1.02808 -1.23691 0.644343 0.461939 0.234104 1.11127 0.112653 -0.164274 -0.41835 
-1.25488 0.968202 0.329225 -0.276937 -0.317874 -0.00686566 -1.3286 -1.17067 0.861204 0.796978 0.628198 -0.279449 1.03325 -0.825468 -0.334998 -0.0705782 -0.505283 1.4818 -0.150219 -0.156914 0.903544 0.846383 0.806374 1.01049 -0.735286 0.498385 -1.27314 0.0421723 0.583032 0.361311 0.384015 -1.13995 1.5732 1.16918 -0.110495 1.0992 0.210871 -0.151022 -0.118138 
-1.38487 0.836666 0.545211 0.404006 0.391061 0.0596369 -1.49888 -1.58308 0.910697 0.884927 0.234185 -1.00156 0.0146617 -0.454006 -0.0837708 0.904916 1.46961 0.538227 -0.499664 1.58805 0.863495 -0.684085 -0.332975 -0.745869 -0.598639 -1.61192 -0.709948 -0.0226595 0.219114 -0.278798 0.662937 -0.133559 0.462491 1.04058 -0.324333 -0.189048 0.35431 0.0863148 0.420047 
-1.49489 0.921447 0.748387 0.626656 0.00691815 -0.272552 -0.298187 -0.659082 0.346987 0.602517 0.202587 -0.728043 -0.243689 -0.274747 0.303288 0.431499 0.0882169 -0.499614 -0.0413534 0.726551 0.648623 -1.2792 -1.04233 -0.532446 0.853548 0.0547317 -0.353141 0.0922795 1.11449 1.37949 0.380499 -0.471565 0.254791 0.318359 -1.00652 0.064816 -0.421673 -0.575676 -1.22275 
-1.53542 1.0026 0.744923 0.457215 0.0801871 0.0400147 -1.02782 -1.19899 -0.049334 0.284657 -0.0688597 -0.359158 0.0616103 -0.0963635 0.232536 0.904109 0.626008 0.0256836 -0.151688 -1.27591 -0.385931 -0.664293 0.421424 0.168644 -0.216706 0.006717 -0.245306 0.246533 0.367824 0.419993 -0.113801 -0.339938 1.04324 0.498356 -0.673741 -0.51194 -0.107088 0.12913 -0.0828774 
-1.55641 1.0485 1.16717 1.01093 0.0177831 -0.351412 -1.12729 -0.888875 -0.152403 0.839632 0.302172 -0.8897 -0.234881 -0.109447 0.0876827 0.169933 0.553548 0.331491 -0.43095 0.563086 0.0967623 0.377447 0.393756 0.383029 -0.674904 -0.162362 -0.20886 -0.399075 0.24402 1.05792 -0.275438 0.524965 -0.317542 -0.0953536 0.31083 -0.00408133 0.503299 0.501054 0.0249609 
-1.60347 1.05006 0.823388 0.79688 0.278356 -0.18878 -0.662903 -1.14236 0.231665 0.505944 0.153844 -0.865048 -0.0638878 -0.231667 -0.855285 -0.502907 0.982358 -0.433183 0.855886 0.878484 0.247927 1.08392 -0.421018 0.512012 0.919877 0.027332 1.37185 -2.29451 -0.706866 1.7452 -1.02894 -0.456236 0.42137 1.50575 0.221968 -0.244483 1.80468 2.03259 -1.18464 
-1.68546 0.577796 0.933749 1.61457 -0.252403 0.110689 -0.557592 -0.742552 0.657832 0.594804 0.598949 -0.197469 -0.209697 2.21732 -3.6866 -1.30661 2.09621 -1.85489 -0.199551 -0.0444293 2.14753 -0.0770785 -0.700554 2.06739 3.53801 -1.39277 2.50799 -3.07078 -0.421312 0.547082 -0.297137 0.0683126 0.17176 2.05393 0.859331 -2.36653 0.891299 3.1473 1.23396 
-0.510298 -0.976471 0.217411 2.08621 -0.862609 -0.293338 -0.692431 0.131141 0.172169 0.1012 1.34386 1.79412 -1.16675 4.09034 -3.96253 -0.17194 -0.148023 -0.00645225 -0.772859 -0.669288 2.81202 0.0718436 -2.5975 0.69629 3.5153 1.59511 2.40339 -3.46306 -0.104791 0.854887 0.775779 0.414485 -1.2765 3.31999 1.38825 -1.7102 0.79895 2.66224 1.29647 
0.342485 -1.60036 0.853741 1.52235 -0.26122 -0.301675 -0.992829 0.925243 0.709896 -0.895143 1.00156 2.44464 1.06084 1.48017 -1.74716 1.14368 -0.795482 3.00419 0.753466 -1.54189 2.79619 1.94271 -1.47925 -0.984674 0.213093 3.09734 2.08534 -3.03964 -1.1628 -0.108908 1.60207 -0.529821 -0.804188 2.35836 0.587363 -0.963537 -0.0174402 1.84188 2.10488 
0.214986 -1.93727 0.747249 1.59541 0.972557 0.113775 -1.69423 1.78955 1.62574 -0.749023 0.781106 1.95536 1.29707 -0.882968 -0.806387 -1.70213 -0.0116199 2.37945 0.0422632 -0.331474 0.700896 0.718918 1.37184 -0.723794 -0.921164 1.17156 0.288619 -0.457787 -0.638199 -1.90111 2.22568 -0.450714 -2.60508 -0.156489 1.06741 0.710944 -2.52424 -1.61687 2.66598 
-0.111608 -2.0442 0.0644252 1.5141 1.1913 -0.276404 -1.20873 1.34035 1.2467 -0.114317 0.588623 1.75375 1.99493 -1.04158 1.03222 -2.1693 -2.07976 0.292343 -1.37646 -1.69157 -3.02516 -0.507685 2.39338 -2.45186 -2.49684 0.406508 -0.925213 0.905032 -1.04088 -1.27902 1.65216 0.958732 -1.12324 -1.0844 -0.796815 1.91911 -1.87113 -2.36066 0.121025 
-0.318266 -1.37078 -0.258621 0.314016 1.14675 -0.622657 -2.79322 -0.00630485 1.24367 0.616205 -0.624241 0.080695 1.62345 -0.548973 2.23132 0.0252488 -1.92102 0.0677321 1.25197 -1.06484 -2.31052 -1.78585 1.08618 -1.82457 -2.41155 -1.0113 -0.0673781 2.52477 -1.19876 -3.00031 -1.09574 1.00067 0.363916 -3.16508 -2.84183 -0.706002 -1.98414 -2.39769 -0.0342887 
-0.399013 -0.818796 0.0758229 0.330425 1.22792 0.398356 -1.90079 -0.0314537 -0.0928736 0.503091 -0.456477 -0.0568397 1.19509 0.931578 2.93599 0.237067 -2.46102 -1.91468 2.72774 2.139 -1.68033 -3.30383 -3.28994 -0.250188 -0.888097 -0.450302 0.719096 2.41936 -0.332906 -3.84126 -1.70075 3.61553 -0.0717686 -4.11614 -2.4357 -0.98331 -0.410397 -1.81852 -0.781221 
0.133229 0.24184 -0.149036 -1.20208 -0.0308351 0.844434 -1.40509 -1.00417 -1.23306 -1.26987 -0.765188 -0.585361 1.26923 1.65094 1.57137 -0.557116 -3.89401 -2.58604 3.65622 0.972119 -3.81007 -1.48061 -2.33711 1.26268 -0.156592 -0.0138218 1.02874 1.57889 0.384104 -2.40242 -1.8601 3.9313 2.41189 -2.67592 -1.4893 -2.11128 1.39973 -0.45145 -0.624777 
0.411493 0.0439595 -0.182731 -2.06781 -0.360872 2.36394 -1.2703 -2.29305 -1.20379 -0.837894 0.271402 -0.173333 1.18758 0.647549 -0.452986 0.390694 -1.17383 -0.839637 2.61 0.847465 -2.29733 1.30753 0.597596 2.14991 0.247948 -0.369281 1.08521 1.04525 0.0623451 -2.67822 -2.33606 2.83717 1.71311 -2.12824 0.498601 -2.3048 0.709407 -1.10958 0.00843803 
0.442973 -0.00780158 0.0317611 -1.92579 -0.549969 2.24831 -0.855528 -2.36814 -0.255318 -0.931974 0.472221 -0.397934 0.979365 0.0152194 0.0737236 0.664493 -0.15874 -0.873137 0.193202 1.14801 0.647313 2.15225 -0.602521 -0.301735 -1.41172 0.0261629 0.388527 -0.0861911 0.633135 -1.01574 -1.66387 1.77976 1.49693 -0.665577 1.96538 0.747313 1.02679 -0.749087 -0.171783 
0.40566 0.0837478 0.124984 -2.16663 -0.900524 2.47025 -0.525597 -1.90974 0.406753 -1.18656 0.100853 -1.23277 1.21184 -0.0549973 0.32152 0.639829 -0.35988 -1.62407 -0.198933 1.00465 1.31088 1.33266 0.363003 -0.757352 -1.30785 0.144846 0.000305316 0.263198 0.701254 -0.173123 -1.66759 -1.17239 1.84166 0.708212 1.8521 0.0380965 -0.243253 -1.01838 -0.934856 
0.402097 0.168152 0.328043 -2.14843 -1.54956 2.14408 -0.203909 -1.59108 0.741251 -0.72828 0.0400145 -1.37934 1.0979 -0.0209228 0.343414 0.476198 -0.0982031 -1.59607 -1.79787 1.13149 0.410319 0.335901 0.656825 -0.0328541 -0.0279666 -1.25313 -0.0550877 0.394248 0.610699 -0.1486 -1.34332 -2.17778 0.970722 1.29234 0.0770873 -0.47733 0.0174983 -1.08637 0.148301 
0.38179 0.271732 0.345417 -2.22818 -1.88297 1.50757 0.208377 -1.66706 0.656629 -0.814773 0.084719 -1.25264 0.219894 -0.0360675 0.30139 0.354407 0.140096 -0.364907 -2.77333 0.195079 0.615887 -1.22673 -0.967352 0.777362 -0.227722 0.0512477 -0.203324 0.595996 0.668183 -0.67372 -1.06099 -2.40934 -0.912322 1.03002 -0.431443 -0.68819 0.573802 0.0221153 0.076561 
0.370668 0.333044 0.49202 -2.06328 -1.77793 0.657673 -0.0779283 -1.22642 -0.179476 -1.28565 0.489181 -1.54928 1.14208 -0.298576 0.596276 0.611007 -0.917262 0.0252092 -1.48938 -2.26631 1.12613 -0.91247 -1.53063 0.809388 0.055688 1.35497 -0.205554 0.46206 0.219062 0.182597 -0.387002 -2.56739 0.710767 0.766929 -0.631745 -0.637787 0.821321 0.241828 -0.633493 
0.21935 0.598666 0.628339 -2.79394 -1.87239 0.710504 -1.26378 -0.99963 -0.0286763 -1.69439 0.552277 -1.20965 1.29968 -0.286868 0.427996 0.00643106 0.14196 -0.207814 -0.728901 0.682365 0.529111 0.381343 0.157958 0.335775 0.565304 -0.882281 -0.42647 0.644857 0.779583 0.466779 -0.248977 -1.36098 -0.00640032 0.839513 -0.193724 -0.36037 0.271187 0.0704324 0.34248 
0.214072 0.567508 0.494695 -1.97699 -1.91008 0.26891 0.364437 -0.913249 0.104441 -1.19926 0.684747 -1.12343 0.444715 -0.364794 0.420135 0.656366 1.62992 -0.393522 -0.371814 2.25463 0.126863 0.654941 1.07574 -0.444384 0.0401752 -0.903764 -0.438444 0.674074 0.558099 0.237808 -0.0328091 -1.03138 0.446396 0.860622 0.536573 0.397285 -0.0222355 -0.288156 -0.849288 
0.0238634 0.828809 0.932287 -1.79167 -2.11828 0.51346 0.199429 -0.925143 0.460199 -1.08295 0.299806 -1.17832 0.585253 -0.394954 0.63429 0.902734 0.223753 0.159636 -0.683952 -0.132683 0.755294 0.341255 0.355346 -0.3698 -0.97516 -0.232266 -0.250317 0.347224 0.525285 1.26119 -0.121556 -0.180172 2.57566 0.327496 0.911346 1.69707 0.44936 0.0937001 -1.28702 
0.00353261 0.91533 0.912845 -1.84034 -1.81717 -0.0957199 0.277608 -0.465866 0.358327 -0.99995 0.475109 -1.85489 0.263689 -0.0271226 0.128939 0.199729 0.286458 0.213914 0.116835 0.93487 0.364298 0.570634 1.09853 1.05169 0.0885025 -0.785883 -0.324142 0.49324 0.491881 0.887607 0.477656 0.0767285 0.627604 -0.47268 -1.24705 0.0922971 -0.675979 0.245532 0.10105 
-0.0031013 0.898939 1.02456 -1.61642 -1.99213 0.578768 0.805741 -0.709768 0.885919 -0.458476 0.906514 -1.11068 -0.0355346 -0.110728 0.144055 -0.100663 1.12656 0.548161 0.778427 0.907023 -1.45473 -2.01244 -0.231779 -0.553258 1.31797 0.366282 -0.3333 0.502085 0.324663 0.657823 0.66648 0.721696 0.720612 -0.344249 -1.75625 -0.352873 0.421826 1.08623 0.442952 
-0.0651571 0.993766 0.865877 -1.14794 -1.48629 0.324794 0.86584 -1.32986 -1.15099 -1.13652 0.160112 -0.863586 0.558116 -0.492671 0.663293 0.331899 0.715675 0.773521 0.854971 -0.04522 -0.872637 -2.92521 -1.54384 -0.481827 1.43994 1.36909 -0.509372 0.340134 0.209233 1.00561 0.375597 1.0242 0.339262 -0.714836 -1.86021 -0.0486388 -0.443399 1.94368 0.326596 
-0.262408 1.2627 1.17811 -1.17695 -1.52322 1.04038 0.775699 -1.22836 -1.30717 -1.34565 0.632539 -0.0277384 1.05547 -0.680396 0.393887 0.445603 0.402551 0.00849083 0.604867 -0.490162 0.394987 -0.481658 0.175247 -0.053512 1.41975 0.0640576 -0.630361 0.528781 0.27777 0.321948 0.270643 0.238243 -0.672995 -0.503642 -2.06646 -1.09344 -0.282439 1.41098 0.0882943 
-0.418151 1.20949 1.07213 -0.901224 -1.48596 0.652125 0.546906 -1.09627 -1.51357 -1.04024 0.132114 0.204188 0.612472 -0.484899 0.170857 0.123888 -0.222471 -0.372301 -0.540793 -0.792892 0.127134 0.154303 0.152177 0.0939492 0.546504 -1.25184 -0.572127 0.711384 0.173136 0.0399219 0.155195 0.396347 0.9196 0.69464 -0.186657 0.266617 -0.318785 1.50664 0.577211 
-0.517835 1.35586 1.23523 -1.315 -1.75612 0.752609 0.260209 -1.15371 -1.19333 -1.26256 0.689228 0.383987 0.0645534 -0.207435 0.726983 -0.159043 -0.336682 0.221755 -0.0756249 1.62651 0.642451 0.233614 0.17108 -0.383794 0.701594 0.695543 -0.544711 0.595113 0.0944699 -0.232112 -0.30835 -0.602284 1.06474 0.769728 0.0344469 -0.19376 -1.58622 0.739603 0.229267 
-0.535105 1.60824 0.998098 -1.10958 -1.355 0.614102 1.60229 -0.715849 -1.34032 -0.946337 -0.0855607 0.732428 1.16844 -0.360683 0.767447 0.0354453 -0.123855 -0.0839409 -0.288373 2.10918 1.02203 -0.105605 -0.394157 -2.25486 0.493091 1.5543 -0.578712 0.706402 0.176634 -0.0419874 0.217737 -0.649607 0.787905 0.689892 0.8178 0.468157 -0.439292 0.132456 0.226529 
-0.711271 1.77686 1.25135 -1.39235 -1.8124 0.600364 1.62898 -0.548056 -1.2742 -1.49202 -0.602982 0.755584 1.30268 -0.690543 0.386064 0.451261 0.278439 0.101114 -0.817912 -0.653435 0.387923 0.866414 0.43279 -0.217391 -0.518258 -0.396672 -0.633389 0.621079 0.0997421 0.631962 0.681106 -0.965653 1.02556 0.868876 0.399982 0.499499 -1.17729 -0.18151 0.317929 
-0.893163 1.81967 1.20697 -0.939273 -1.29793 0.17755 1.17734 -0.486455 -0.693021 -0.70272 -0.207672 0.344223 0.856824 -0.621553 0.211629 0.132414 1.0868 1.09304 -1.03507 -0.841469 0.274656 0.644884 1.03808 0.650062 -0.752543 -1.13535 -0.784488 0.138281 0.806038 1.05518 0.502425 -0.907128 -0.752083 0.308334 0.632665 0.915741 -0.899355 -0.911412 -1.06934 
-1.0349 1.89242 1.31243 -0.72441 -1.14779 0.0472186 1.08195 -0.385872 -0.792858 -0.902133 -0.226923 0.191366 0.404291 -0.524539 -0.165068 0.858899 1.32579 0.643364 -0.425923 -0.28273 0.0747251 -0.014853 0.743039 -1.00944 -0.770576 -1.00698 -0.670847 -0.0333749 0.336718 1.57054 1.30576 -1.19452 -1.04921 0.0556717 -0.300254 1.19031 0.125845 -0.907394 -0.897084 
-1.16837 1.72824 1.6048 -0.12422 -0.908748 -0.048546 0.993093 -0.442906 -0.705902 -0.281616 -0.784649 -0.233542 0.0604105 -0.418408 -0.260164 0.418709 1.29832 0.841138 -0.599698 -0.46306 -0.187948 -1.04539 0.488611 -0.48271 -0.530625 -0.0419907 -0.370966 -0.105708 0.453043 1.35161 0.896732 -0.642285 -0.866432 0.0762672 -0.31658 0.645375 -0.0789067 -0.61525 -0.38697 
-1.25714 1.74874 1.50621 0.0737328 -0.637472 -0.272176 0.780611 -0.498187 -1.57773 -0.626582 -0.501405 -0.20613 0.374409 -0.0532998 0.00295833 -0.119642 0.727602 0.685064 -0.457654 -0.795202 0.0426275 -0.407559 0.0872955 0.898346 -0.100581 0.499829 -0.369473 -0.323349 0.353945 1.04929 0.930975 -0.249738 -0.813794 0.167756 0.0411633 0.986 0.342355 0.495048 0.28403 
-1.2084 1.72914 1.54904 0.322592 -0.49402 -0.291678 0.476103 -0.418402 -1.01297 -0.235648 -0.266004 -0.307957 0.460919 -0.15713 -0.243682 0.160276 0.29698 0.538001 0.250091 -0.549612 0.441428 1.1031 0.777 0.944497 1.22532 0.416406 0.00617658 -0.28128 -0.227735 0.670913 0.648771 -0.551846 -0.864573 0.211582 0.109174 0.188705 0.329255 -0.503133 0.2133 
-1.34899 1.61411 1.5802 0.255455 -0.312818 -0.135323 0.423078 -0.237045 -0.753135 -0.186049 0.0437447 0.715577 0.708651 0.0566442 -0.440749 -0.242132 0.294366 0.276146 -0.302901 -0.280425 0.276062 0.556547 0.159468 -0.454374 -0.612457 -0.218339 0.0965225 -0.129939 -0.067836 0.0143848 0.237676 0.0890747 0.19254 0.453653 0.503383 -0.000690966 0.291768 -0.0462818 -0.129833 
-1.19356 1.48622 1.43649 0.502706 -0.32975 -0.451724 0.293347 -0.255384 -0.597801 -0.148393 -0.524213 -0.766931 0.290956 0.299699 0.0435255 -0.263442 -0.269805 -0.185604 -0.138821 0.784569 0.237442 -0.425045 -0.772262 -0.551505 -1.29406 -0.585727 0.822081 -0.372246 -0.887731 -0.898078 -0.585771 0.0444177 0.494887 0.358675 0.572386 -0.622418 0.113138 -0.457362 -0.356931 
-1.21285 1.63731 1.45778 0.088266 -0.431364 -0.207276 0.931803 -0.0969427 -1.0733 -0.631816 -0.270245 -0.255472 0.246856 1.20402 -0.139873 -1.18706 -1.64979 -1.14323 0.353425 0.890227 0.261488 0.214114 -0.949222 0.604445 -0.0360293 -0.249346 1.76628 -0.365351 -1.42553 -1.80574 -1.89498 0.0666924 0.437185 -0.043769 1.10592 -0.814557 -0.0620026 -1.31005 -1.97441 
-0.606098 1.40864 0.885931 -0.513996 -1.03483 -0.259392 0.870673 -0.101014 -0.439159 -0.695395 -0.174351 -0.792849 0.0963628 2.41599 -0.613323 -2.03554 -2.46094 -2.62035 0.219645 -0.246306 -0.298693 1.91175 -0.263023 0.4634 -0.556971 -2.00701 2.06955 -0.121325 -1.72811 -3.04275 -2.98703 2.82494 0.784068 -0.172637 1.33427 -0.97395 1.20346 1.12992 -2.42514 
-0.0205255 1.29956 0.513907 -1.42778 -2.04117 -0.0867691 0.7712 -0.274971 0.357079 -0.786258 -0.00138465 -0.672762 -1.34393 1.97901 -0.0467581 -1.60128 -2.95531 -3.28001 3.47936 0.0780936 -0.514484 1.57906 -0.289748 1.02837 1.62609 -2.93558 2.67723 -0.991365 -2.54782 -3.19051 -2.17271 3.18939 -0.696282 -0.121333 2.16745 -0.569322 0.0459893 0.0461216 -1.80898 
0.36814 1.38222 0.143362 -2.33437 -3.04867 1.61124 0.920697 -0.407088 0.741993 -0.865126 0.418965 0.429939 -2.23202 1.70349 -0.939428 -2.07853 -2.36805 -0.596915 4.10889 -0.620677 0.122035 0.999636 -0.458881 -0.404645 0.618549 -0.368384 2.42402 -1.31033 -2.8124 -2.55023 -0.734106 3.20396 -0.738815 -0.0578897 1.28954 -0.289125 -0.16475 0.20855 -1.03982 
0.816209 0.782613 -0.449886 -2.88665 -2.41164 2.12186 0.367525 -0.20335 1.10417 -1.05275 -0.231034 -0.206911 -1.63308 1.75027 -2.00682 -2.9407 -0.903501 2.19324 0.868994 -0.997808 0.432223 0.154081 -0.0740978 -1.2562 -1.33543 1.5707 1.84582 -1.2703 -3.03398 -1.27661 0.983013 3.00504 -1.32056 0.564883 -0.113247 -0.503804 0.0161428 0.266289 0.147087 
1.22822 0.278738 -1.22009 -2.89166 -1.7102 2.08038 0.272158 -0.151407 0.855663 -0.911489 -0.299725 -0.572191 -0.980868 1.13478 -1.05129 -2.82181 0.439065 2.05312 -0.0311239 -1.02027 0.722337 -1.14916 -0.179298 0.422811 -0.246469 0.562883 1.41878 -1.74604 -3.03273 -0.0369632 2.76623 0.0268797 -1.25538 0.341175 -0.680596 -0.77373 -0.692863 -0.729163 1.75617 
1.36912 0.204199 -1.75823 -2.61746 -1.15899 2.10773 -0.295594 0.224478 0.241561 -1.15929 0.0145163 -0.390928 -1.18248 0.429923 -0.730903 -1.95762 0.852871 1.90383 -0.842327 -0.562333 0.0792896 -1.06503 -0.909015 0.310179 0.303626 0.737818 0.645472 -1.07748 -2.93519 0.608583 2.29272 -1.66969 -1.65107 -0.480353 -1.4634 -0.711992 -0.798352 -1.09486 0.0261816 
1.42935 -0.12362 -2.12783 -2.36774 -0.548989 1.63072 -0.0936347 -0.10515 0.0560692 -1.43549 -0.118857 -0.342934 -0.391314 -0.14627 -0.636679 -1.91876 0.488459 1.3427 -2.25001 -1.03044 -1.43319 -0.812393 -0.724921 -1.51229 -1.30108 -0.52723 0.180464 -0.314937 -1.56514 1.55042 2.58017 -1.06784 -1.09587 -0.275939 -0.877069 0.149433 -0.469875 -0.440732 -0.289211 
1.28269 -0.146383 -2.64796 -2.31786 -0.341467 0.902289 -0.965323 -0.626733 -0.368775 -1.57798 -0.851241 -1.36725 -1.59781 -0.158 0.240265 -0.567157 1.50175 1.91768 -0.620119 -0.800052 -0.485989 -0.109605 1.10559 -0.952954 -0.92866 -1.11653 -0.153722 -0.150184 -1.06033 1.65705 1.59525 -1.12863 -0.471111 -0.179227 -0.707216 0.302807 -1.30319 -0.332789 -0.67107 
1.33707 0.00768357 -2.39104 -1.44436 0.620703 1.30036 -0.613774 -0.394315 -0.0277927 -0.806975 -0.663396 -1.03946 -1.27475 -0.0967912 0.404733 0.210413 2.02774 1.0202 0.704875 0.442623 1.17039 -0.134287 1.11749 -0.263718 0.828276 -0.353173 -0.396307 0.257494 -0.752478 2.20199 0.908962 -0.981846 -0.494059 -0.349657 -0.818687 0.0597746 -1.80012 -0.167524 -1.85304 
1.22095 0.0752966 -2.55073 -1.07068 0.278526 1.28331 -0.678618 0.0669562 -0.471127 -0.942656 -0.999958 -0.743832 -1.87488 -0.45889 0.167917 -0.643287 1.84017 -0.571143 -0.725353 0.18378 -0.030397 -0.98668 -1.02359 -1.49884 0.688932 -1.31676 -0.0870393 0.139545 0.428163 2.68167 0.857256 0.176391 1.61269 0.649299 0.088235 0.10749 -0.835443 0.68783 -0.210758 
1.09462 0.0992318 -2.68954 -0.312659 0.266019 0.913503 -0.49513 -0.413143 -0.76869 -1.39652 -1.52143 -0.520736 -2.31723 -0.0435117 -0.181752 0.488606 2.04099 0.249767 -0.474832 1.553 -0.200412 0.255173 -0.974512 -0.876197 0.138305 0.0775317 -0.266622 -0.0853727 0.14562 0.965777 -0.385028 -0.581743 0.403367 0.476596 -0.663601 -1.48318 -0.85006 0.0127727 -0.739576 
1.18581 -0.0253005 -2.32455 0.184647 0.426639 1.03096 0.329036 -0.0527545 -0.281726 -1.50413 -1.50042 -0.638777 -1.80982 0.0418475 -0.298098 0.885345 -0.37141 0.00134467 -0.0758703 0.312557 0.743405 0.0985336 -0.866112 0.339048 -0.674387 0.34635 -0.0349294 -0.124424 0.731195 1.2345 0.0199427 -0.735163 1.04991 0.121354 0.185894 -0.3688 0.505557 0.629764 0.246303 
1.10208 -0.0652979 -2.27945 -0.542396 0.261976 0.875349 -0.292874 0.0271859 -0.696631 -1.89598 -1.32399 -1.02624 -2.03864 -0.016489 -0.00974624 0.70051 -0.165062 -0.219822 -0.535084 -0.255094 0.38485 -0.00321931 0.508851 1.55992 0.746384 0.247319 -0.0262584 -0.00265712 1.28699 0.823385 -0.293727 -0.321615 0.365632 1.24954 0.279803 -0.458819 0.530556 0.64628 0.713258 
1.16415 -0.0313793 -2.00014 0.0819372 0.287135 0.746255 0.162727 0.174816 -0.285892 -1.217 -0.601832 -0.076887 -1.60989 -0.0884861 0.297796 1.20267 1.62441 -0.43593 -0.371509 0.136997 1.11967 0.279454 0.285419 0.378676 1.58237 0.591989 -0.247881 0.203469 0.903922 -0.601324 -0.621839 -0.550936 -0.917661 0.743766 -0.516847 -0.0171661 -0.0437746 0.7487 0.0941508 
1.04449 0.0976192 -1.72227 0.456488 -0.00989151 0.678468 -0.204605 0.690782 -0.489041 -1.73667 -1.10378 0.163708 -1.56492 -0.371674 0.333099 0.767958 -0.740706 -0.70068 -0.224233 -0.886349 0.725684 -0.687969 -0.525166 -1.62324 0.306042 -0.122367 -0.43577 0.461266 1.36004 0.550442 -0.286265 -0.882371 0.354863 0.785708 0.554685 0.79174 -0.386529 0.853615 1.23504 
0.965231 0.150937 -1.64446 -0.375137 -0.14689 0.628445 -0.413443 0.604629 -0.803018 -1.5214 -1.53131 0.154185 -1.70362 -0.589216 0.430344 1.00349 -0.784982 0.0123954 -0.83865 0.299205 0.0532695 0.46745 0.731952 -0.908107 -0.381981 1.03187 -0.807003 1.0025 1.16929 0.156351 0.0671013 -0.640315 -0.977989 0.345351 0.324411 0.920074 -1.2465 0.0623304 1.30692 
0.737 0.333373 -1.25741 -0.0278426 -0.00716542 0.230781 -0.011018 0.7216 -0.140619 -1.32191 -1.62257 -0.122115 -0.741793 -0.878105 1.24487 1.12969 0.982992 0.800464 -0.656664 -0.329888 -0.207957 1.12582 1.70653 -0.0756825 -0.221605 1.84066 -1.32602 1.30363 1.47646 -0.455335 0.908738 -0.0866009 -0.0940335 -0.906701 0.0648669 1.93805 -0.744573 -0.123111 1.82856 
0.513566 0.834277 -1.12111 0.228892 0.33852 0.278466 -0.628314 0.480441 0.0386053 -0.549107 -1.57204 -0.0111523 -0.238034 -1.46038 1.62046 1.39094 0.100422 1.33381 0.710953 -0.419534 -1.39849 -0.377926 1.75027 -0.108233 0.20489 1.37177 -1.41344 1.37485 1.86171 1.25618 1.29369 0.0488045 -0.0331994 -1.50394 -0.281785 2.01153 0.717194 0.227644 2.55644 
-0.00526223 1.2231 -0.612956 0.0328794 0.804913 0.615069 -0.284095 -0.109022 -0.425485 -0.324588 -1.68199 0.0329634 0.351334 -1.3062 0.917756 1.88783 0.925787 1.11584 0.713155 0.28498 -2.02591 -1.50154 0.86958 1.04722 0.539184 1.51927 -1.27599 1.19683 1.52521 1.55138 0.943339 0.293161 -0.433329 -1.78264 -1.06818 1.42259 0.361947 0.363188 1.40121 
-0.151749 1.33787 -0.246323 0.797707 1.01709 0.663936 -0.443963 -0.722476 -1.08798 -0.0556105 -0.967898 0.395073 0.972258 -0.512109 0.262655 1.08234 2.25565 0.0636381 -0.322071 -0.121446 -1.25005 -1.0532 0.0732563 0.596663 0.303847 0.470413 -1.22202 0.79296 1.26221 0.352525 1.12885 0.873646 0.456911 -1.84684 -1.6417 0.478266 0.933025 -0.0902242 1.68556 
-0.27427 1.36671 -0.111548 1.42036 0.839024 0.44473 -0.363628 -0.851564 -1.21622 -0.286652 -1.3366 0.262386 0.728476 -0.58312 0.331203 0.160099 -0.386252 0.556338 0.465343 0.27774 -0.718158 -0.699303 -0.252792 0.217829 -0.669895 0.696495 -0.760759 0.345725 0.830732 0.572818 0.106963 0.553076 0.901671 -1.29523 -1.53283 -0.147646 1.08921 -0.176163 0.628958 
-0.456196 1.51914 -0.172416 0.558833 1.35298 0.916357 -0.264313 -1.1494 -1.6136 -0.2042 -0.840067 -0.107053 1.52899 -0.666406 0.284065 0.267753 -1.38232 0.0951786 1.06451 1.23557 -0.673263 -1.00153 -0.256308 0.880778 -0.555758 0.357173 -0.535153 0.212469 0.139088 -0.512862 0.305979 0.459549 1.03363 -0.917715 -1.32254 -0.326156 0.024217 -1.37608 -0.885384 
-0.620282 1.52208 0.0122609 0.568304 0.892454 1.01884 0.437922 -1.25185 -1.96824 -0.437253 -0.82804 -0.153992 1.01567 -0.247733 0.0062803 0.0713942 -0.385474 -0.102788 0.149871 0.999979 -0.643449 -1.0732 -0.158375 -0.188682 -1.27427 -1.85847 -0.51069 0.00568011 0.389466 -1.21614 0.614629 0.611632 0.485015 -0.791441 -0.987577 0.0367445 0.624248 -1.17617 -0.180992 
-0.593261 1.52187 -0.139628 0.320439 1.28515 0.999402 0.384273 -1.532 -2.41931 -0.298776 -0.945692 -1.06323 0.0562006 -0.12675 -0.271276 0.368681 -0.455028 0.815467 -0.242418 -0.638007 -0.50046 -0.321418 0.308885 -0.0356423 -1.10647 -0.593707 -0.447583 -0.183146 0.612816 0.450521 0.157682 -0.174482 1.06921 0.345338 -0.735862 -0.424839 0.468267 -1.07043 -2.05287 
-0.696968 1.37229 0.182855 0.287092 1.38705 0.891267 0.0229953 -1.54961 -2.21078 -0.264519 -0.845774 -0.984103 0.547532 -0.448173 -0.289982 0.926265 1.0735 0.336718 -0.39711 0.321851 1.16116 0.0880748 -0.378897 0.821698 -0.238836 -0.837362 -0.301093 -0.375478 0.595933 0.121548 0.414134 -0.377502 -0.212118 0.0574632 -0.0454802 0.573895 1.12929 -1.08778 -1.49112 
-0.83036 1.3618 0.28943 0.980183 1.48652 0.788776 0.592563 -0.843791 -2.35509 -0.519507 -0.471064 -1.24151 -0.605479 -0.343413 -0.314422 0.601673 0.64458 -0.201744 -0.280983 0.371279 0.589834 0.262846 0.430106 1.56759 -0.431105 -1.36408 -0.739434 -0.818717 0.281646 0.391307 -0.036263 -0.324729 0.368524 0.960988 0.57579 0.441119 1.17984 0.761966 0.0864829 
-0.881784 1.19879 0.46145 0.682796 1.25862 0.742988 0.263379 -1.2004 -2.01563 -0.022437 0.0572123 -1.30683 -0.532546 -0.697481 -0.991681 -0.46421 -0.475197 -0.390012 -0.0545052 0.131288 0.272586 0.687155 0.948216 0.77899 1.30997 0.952239 -0.732776 -0.384646 0.136327 0.686756 -0.216804 -0.102386 0.948438 1.15683 1.10084 0.732806 1.1767 0.560579 -0.323091 
-1.19188 0.816141 0.0739425 0.686555 1.24278 0.762092 0.677125 -0.682836 -1.84208 0.0189745 -0.0209629 -0.256213 0.154398 -0.79198 -0.285671 -0.374643 0.401394 -0.118921 0.131814 0.800824 1.13531 1.21704 0.511954 0.0288255 1.21822 0.940859 -0.650336 -0.293653 0.507534 0.584404 -0.235228 -0.190409 -0.53542 0.120037 0.512771 0.913379 0.935574 0.427586 0.738584 
-1.29047 1.04109 0.28748 0.928795 1.18092 0.816339 0.782657 -0.527529 -1.10567 0.266468 0.0765007 -0.390461 0.218292 -0.310871 0.534464 1.2916 1.36608 0.0420609 -0.214399 -0.798838 -0.0901082 0.00349754 0.224595 0.489522 -0.710413 0.0193743 -0.510804 -0.695878 -0.0195281 0.12281 -0.452326 -0.0422852 -0.693052 1.19672 0.3813 0.446488 0.87931 0.850962 0.15917 
-1.36046 1.10911 0.672347 1.52641 1.26368 0.649563 0.157774 -0.737095 -1.84122 0.143488 0.262899 -0.788779 0.173261 -0.00135093 -0.803113 0.349606 -0.20993 -0.550542 -0.199229 -1.6638 0.649182 -0.702838 0.0642262 1.16317 -0.0215769 -0.730485 1.82857 -1.7325 0.969236 0.143235 -1.31215 -0.483577 -1.10755 2.06543 0.817768 0.380118 1.96708 0.638071 -1.41585 
-1.30457 0.599049 0.449232 0.798465 0.83885 0.711954 -0.298299 -0.143111 -1.63393 0.299238 0.747234 -0.405522 -0.358492 3.12256 -3.25093 0.282505 -1.14367 -1.98488 -0.453293 -0.57803 3.16717 1.09649 0.266773 2.18175 1.60682 -1.87827 2.41634 -2.8032 1.00347 -0.346703 -0.525392 -0.336713 -2.19186 2.25365 0.972157 -0.633174 1.78718 0.612187 -1.23667 
0.184492 -0.678021 0.802995 0.821276 0.0430926 0.408773 -0.218211 1.14144 -1.02157 0.29213 1.51859 0.419534 -1.31526 3.71879 -3.59454 1.27986 -0.310028 -0.227127 -0.268687 -1.05736 2.70793 2.01003 -0.867725 1.26344 0.881478 -0.893012 2.23252 -3.28226 0.150011 -0.0493365 0.0144214 -0.43555 -1.54239 2.75672 2.79004 -1.07689 -0.324692 1.9884 0.114058 
0.537944 -1.37689 1.0422 0.606515 0.694871 0.570277 -0.985506 1.46292 -0.129934 -0.201142 1.47555 0.257862 -1.06438 0.311617 -1.89894 -0.0333455 1.07429 2.00665 -0.149069 -1.33794 0.938467 2.65047 -1.63729 -2.62709 1.19396 2.02938 1.87033 -2.25325 -0.300619 0.561561 0.355738 -0.413262 -0.654357 1.28953 1.93116 -1.79006 -1.11346 0.601783 -0.185068 
0.326582 -1.72222 0.787231 1.48151 1.26728 0.331318 -1.08759 1.69751 0.962198 -0.648501 0.0126133 1.31768 0.300236 -0.842766 0.0603998 -1.75951 1.1663 0.754368 -0.303357 0.242358 -0.785352 0.58423 -1.41414 -2.78143 -0.0362507 0.651124 -0.407976 -0.461164 -1.03978 0.700759 1.86416 0.130768 -0.535293 -0.282696 1.4361 -1.89568 -2.61206 -0.255611 1.8834 
0.103915 -1.34442 0.226281 1.32339 1.15205 0.409987 -0.828828 0.996123 0.30597 -1.01411 -0.119065 0.231777 -0.543689 -0.946488 1.1787 -1.64176 -0.00710075 0.754493 0.317053 0.670547 -1.35522 -0.720623 -0.779542 -0.928864 -1.55792 0.446311 -0.994106 0.860602 -1.07629 0.355412 1.2067 0.446075 -0.534664 -1.09791 0.269467 -0.75726 -3.06948 -0.076837 2.41087 
-0.159211 -1.07524 0.0258977 1.47604 1.72453 0.504123 -0.652898 0.892566 0.42061 -1.09843 -0.51809 0.148401 0.658233 -0.695341 1.29477 0.0253639 -0.622391 1.0331 0.900243 -0.90897 -0.844372 -0.220114 0.452071 -1.39658 -0.0755806 2.51755 -0.218954 2.39528 -1.23275 -1.7626 -1.11412 0.786429 -0.348082 -2.75647 -1.34096 -1.30564 -1.65803 -1.7855 1.0511 
-0.256538 -0.633665 0.237732 0.939149 1.77995 0.895903 -1.41969 0.494301 0.139323 -0.759465 -0.918375 0.176145 1.45959 0.602902 2.58619 -0.345435 -2.65827 -2.40404 0.742806 -1.10584 -2.74229 -1.0766 -0.883283 -1.3297 -0.963641 0.935889 0.487745 2.17267 -0.938503 -2.20598 -1.86141 1.21271 0.193315 -2.82878 -0.0942483 0.992913 -0.37991 -1.47418 1.10772 
0.128251 0.345161 -0.134533 -0.16148 0.24722 0.905512 -1.37158 -0.735437 -0.387645 -1.60771 -1.27899 -0.574409 1.40512 1.44079 2.12059 -1.53667 -2.71481 -3.78936 0.739468 1.14489 -3.36073 0.0960916 0.822374 0.876151 -2.00693 -1.06096 0.958059 1.71939 -0.740734 -2.54993 -2.70312 0.852352 -1.39065 -2.62036 0.208801 1.7329 -0.141824 -1.56834 0.575836 
0.44909 0.530887 -0.474887 -0.733176 -0.545858 1.2955 -0.677013 -1.50067 0.209553 -0.292974 -0.412475 -1.33046 0.620292 0.867308 0.11742 -0.846016 -1.20009 -1.59875 0.406726 -0.622003 -1.1527 1.35929 3.10334 1.13305 -1.25167 -0.178096 1.12124 1.23147 -0.894027 -2.09288 -2.40135 -1.02775 -0.531906 -1.79446 0.737807 0.949178 0.70034 -2.22839 -0.289455 
0.54767 0.408961 -0.527004 -0.901351 -0.736862 1.12646 -1.77611 -1.42021 0.628874 0.163669 -0.625559 -1.51361 1.26713 0.280892 -0.183085 0.097295 -0.451021 0.233483 -2.14738 -1.80808 0.694606 0.89658 0.396184 0.0724631 -1.13924 0.681927 0.42533 0.318532 0.190215 -0.793064 -1.05881 -1.03425 -0.156724 -0.308598 2.23741 1.99566 1.15088 -1.59875 -0.0757139 
0.575846 0.429557 -0.430093 -1.01192 -0.407718 0.145164 -1.85165 -1.0893 0.879444 -0.0702984 -0.368126 -2.1852 1.16545 -0.218042 0.386603 1.1602 0.0037926 0.0311135 -1.82348 0.423952 0.697404 1.64598 -0.547505 0.428266 -1.00653 0.079877 -0.0278641 -0.0924883 0.990482 -0.0720987 -0.683069 -1.1255 -0.781171 0.495088 1.23974 0.190787 0.351371 -1.05207 0.0522598 
0.425423 0.620678 0.0104916 -0.900114 -0.722672 0.150026 -1.50153 -1.00718 1.86016 -0.15352 -0.376876 -2.26863 1.33405 -0.330005 0.0417317 1.51117 0.347153 -1.24467 0.606501 0.835856 0.045916 0.769731 -0.146759 0.401584 -0.347974 -0.612013 -0.275063 0.47563 1.15086 -0.198489 -0.234953 -0.594822 1.44506 0.184003 0.7483 0.372281 1.59794 -0.741405 -0.952967 
0.397722 0.451766 0.270092 -0.799312 -1.17493 0.473371 -1.30962 -1.06284 1.45431 -0.158229 -0.134766 -2.44547 0.682774 -0.212009 0.364092 0.707651 -0.299172 -0.378657 1.00446 1.36386 -0.41975 -0.639224 1.02886 1.74101 -0.0425478 -1.33064 -0.351261 0.338451 1.00722 0.395138 -0.485467 1.04285 1.51449 0.323419 0.647061 1.08265 1.45811 0.0103872 -1.14669 
0.306187 0.820025 0.338212 -1.08538 -0.95946 0.691897 -0.616687 -1.25704 1.37955 0.431095 0.625705 -2.29945 0.280538 -0.217467 0.493567 0.124364 0.256951 0.526121 0.802164 1.03803 0.439178 0.101151 1.53588 1.57754 0.359155 -0.893261 -0.253101 0.271652 0.6867 0.720011 0.257517 0.812837 0.833767 -0.490957 -1.121 0.309235 1.12965 0.517555 -1.40555 
0.275762 0.72226 0.327434 -0.642232 -0.85755 0.90663 -0.636332 -0.803037 1.52833 0.716442 0.773932 -2.1745 -0.0233087 -0.184198 0.06632 0.409502 1.39553 0.760437 0.0913209 -0.333919 -0.306879 -0.862788 -0.62807 -0.208579 0.768989 -0.51473 -0.414806 0.643281 0.521214 0.313723 0.792927 0.990576 1.02308 -0.776737 -1.14095 0.0546532 1.22437 1.23301 -0.0624047 
0.200831 0.855745 0.527728 -0.227392 -0.498568 0.743507 -0.834175 -1.43993 0.731458 0.0678165 0.508654 -1.72058 -0.124861 -0.427929 0.52037 0.725148 0.22379 0.648575 0.535391 0.226615 -1.59102 -1.62995 -1.46042 0.0837088 1.37629 0.812528 -0.263021 0.0149262 0.274136 0.671765 0.827046 0.397954 1.23418 -0.174844 -2.26917 -0.794523 -0.151589 1.76962 1.16308 
0.048766 1.00748 0.663265 -0.505565 -0.465171 1.19666 -0.489876 -1.7479 0.30555 -0.123004 0.824739 -1.13937 0.62559 -0.227295 -0.0390134 0.0404072 -0.372276 0.464789 0.440108 1.86027 0.0505998 -2.18017 -0.381614 -0.00135553 1.72325 2.04405 -0.484553 0.535536 0.286252 -0.441298 0.436056 0.0156965 1.45814 -0.876843 -1.84168 -1.10788 -0.0890161 2.31175 2.07711 
0.0739658 0.833584 0.546152 -0.457661 -0.218756 0.982379 0.372984 -1.41069 -0.903511 -0.154469 0.51061 -0.424795 1.50229 -0.324949 0.324387 -0.255643 -0.887082 -0.00238708 -0.523936 1.5774 0.290227 -0.839289 0.0503027 -0.208549 1.8805 1.91765 -0.475895 0.425326 -0.0892941 -1.02118 0.400703 0.00386934 1.63115 0.276657 -2.04705 -0.276956 0.464636 2.00228 1.95908 
-0.126835 1.18501 0.544458 -1.05275 -0.471499 0.917941 0.53362 -1.57648 -0.324934 -0.0981995 0.707705 0.274554 2.15233 -0.51224 0.710721 -0.178278 -1.16968 0.129043 -0.444741 0.158244 0.364915 -0.564686 0.0333184 0.629433 1.09711 0.531069 -0.550481 0.579879 0.0798186 -0.93562 0.0558274 -0.436079 1.59066 -0.15194 -1.59669 -0.270089 0.395254 1.9364 0.847712 
-0.195107 1.22341 0.463207 -1.17881 -0.144585 0.74618 0.475047 -1.19495 -1.32828 -0.139381 0.874822 0.40059 1.92761 -0.529525 0.589997 0.39128 -0.525223 0.0854752 -0.0791457 0.390915 -0.512427 -1.30114 -0.389822 0.742274 0.846942 -0.802663 -0.798674 0.89564 0.399053 -0.524233 -0.448909 -0.109173 -0.0743395 -0.275483 -0.445911 -0.0860955 0.27847 1.18831 -0.843774 
-0.404534 1.5085 0.725527 -1.37717 -0.424012 0.878028 0.786753 -1.88133 -1.3014 -0.325181 1.13672 0.911991 1.51822 -0.724704 0.699464 0.830216 0.38072 -0.793444 0.28634 -0.254157 -0.770938 -0.0313005 -0.137716 -0.254524 0.575298 -1.63837 -0.791143 0.346417 0.205318 -0.157219 0.165298 -0.670777 -0.448861 0.191585 -1.31002 0.381993 0.630783 0.984439 -1.46362 
-0.570214 1.60704 0.847742 -0.945536 -0.635426 0.902494 0.309347 -1.6532 -1.35349 -0.222138 0.731385 0.833947 0.629652 -0.695813 -0.0421911 -0.0526706 0.292378 0.159733 -0.843189 -0.951151 0.801363 -0.454552 0.883585 0.111749 0.537948 -1.119 -0.758655 0.330575 0.310172 0.667476 0.0778274 0.0207072 0.0865225 -0.356828 -0.317848 -0.15827 0.0244156 0.375606 -1.70964 
-0.765223 1.48459 0.700805 -1.19828 -0.331043 0.427904 0.168508 -1.40661 -1.64367 0.176327 1.20363 1.31729 0.63282 -0.450569 -0.176533 -0.322025 0.63604 0.909113 -0.268068 0.357677 0.243882 -0.392813 -0.0589123 0.283941 -0.0490472 -0.606517 -0.586764 -0.143985 0.103398 0.974133 0.14062 -0.144957 0.13777 0.930238 -0.542654 -0.226108 -0.806602 0.115132 -1.18372 
-0.808509 1.50931 0.698163 -0.55509 -0.0834709 0.76115 0.540899 -1.50927 -1.64951 -0.259814 0.897183 0.798249 0.151342 -0.214574 -0.180021 0.226443 1.18904 0.0489288 0.636112 1.11821 0.586625 -0.271271 -1.1669 -1.21244 -0.379044 -0.434928 -0.586549 -0.185747 0.110157 0.499904 0.490433 -0.92194 0.102294 0.906219 -0.160797 0.381784 0.622917 0.374403 0.217025 
-0.885739 1.38494 0.805465 -0.46741 -0.305941 0.77201 0.893857 -1.05931 -1.84864 -0.495206 0.51007 1.03367 0.29081 -0.459485 -0.111253 0.50673 0.126809 -0.182395 -0.995916 -0.234603 1.10837 0.179476 0.552408 0.559385 0.573601 0.892901 -0.632576 -0.0237451 0.409367 1.13249 0.477012 -0.124378 0.0840924 0.75446 0.910948 0.803802 -0.0986685 -0.578077 -0.180912 
-1.05125 1.44746 0.932748 -0.478124 -0.200052 0.229028 0.387895 -0.852386 -1.51681 0.052235 1.22117 1.23033 0.864085 -0.76641 0.146606 0.442176 0.532325 0.657914 -0.815196 -1.0177 0.539821 1.49631 2.19969 1.07448 -0.439687 0.198499 -1.00591 -0.551597 0.532743 0.904139 0.405039 -0.337396 -0.418004 1.25797 1.38037 1.89782 0.371827 0.175566 -0.302662 
-1.28166 1.46478 1.01013 -0.14081 0.0921576 0.336916 0.232403 -0.739789 -0.729477 0.759216 1.12987 0.704494 0.451959 -1.09682 -0.750984 0.361426 1.24855 0.782649 0.52707 -0.287377 0.767251 1.67557 1.87841 -0.0575191 -0.329467 -1.28929 -0.837966 -0.330534 0.529635 1.46872 0.833235 -0.825302 -1.00366 1.27499 2.13859 2.3925 0.819116 -0.519651 0.528866 
-1.61207 1.03406 1.09998 0.289383 0.274445 0.51459 0.200625 -0.397908 -0.263362 1.12286 1.19087 0.98396 -0.156578 -0.531082 -0.661734 0.420954 1.6985 0.576478 -0.317334 -0.230362 1.36113 1.37634 0.863265 0.0356622 -0.296646 0.497585 -0.724998 -0.473385 0.0310156 0.892878 0.451721 -0.210137 -0.0232804 0.68357 1.69259 2.14023 0.604323 -0.0110861 0.321622 
-1.56014 1.10043 1.20495 0.903684 0.440377 0.169121 0.0821527 0.0670842 0.299812 1.2491 1.15308 0.482781 0.850685 -0.026591 0.0115539 -0.304719 0.109746 -0.113261 -0.822809 0.254766 0.253717 0.598501 0.862168 0.875559 0.310364 1.71309 -0.510371 -0.617382 0.0964785 0.56956 0.0938377 -0.541006 -0.342066 0.307186 1.12364 0.839027 0.589957 1.02215 0.860454 
-1.63877 1.03969 0.958422 0.355844 0.200208 0.0754078 0.365359 -0.248149 0.183233 1.61211 1.69643 1.21828 1.20768 -0.261582 -0.303798 -0.258373 -0.830104 -0.437098 -0.428477 -0.197472 -0.900191 0.134162 0.214533 0.762841 1.73473 0.634142 -0.235202 -0.273477 -0.224747 -0.00746054 0.291001 -0.767228 0.0391491 0.158034 0.152078 0.828275 0.278292 0.371832 1.96381 
-1.70411 0.932769 1.08488 0.391576 0.167794 -0.0583459 -0.0467431 -0.467859 0.398561 1.36786 1.59391 1.78719 1.35788 -0.342032 -0.437092 -0.0522217 -0.115672 0.544631 -0.230723 -0.209978 -0.0147021 -0.391931 0.201889 -0.500892 0.210564 0.868242 -0.401661 -0.584121 -0.354025 -0.789472 -0.353997 -0.760945 -0.0897909 -0.121659 0.211299 0.805332 0.999529 1.02292 0.928739 
-1.8229 0.79878 0.933908 0.283539 0.528922 -0.0458862 0.228343 -0.257664 -0.112125 1.72364 1.4115 1.37762 1.90083 -0.363558 -0.609507 -0.30765 -0.360752 -0.0867447 -0.61651 0.0824028 0.723046 0.151887 0.820206 0.592644 -0.295567 0.587298 -0.269997 -0.406891 -0.155151 0.289779 0.290879 -0.133069 0.157788 0.579896 -0.111324 -0.0191934 0.0935538 -0.373287 -0.186736 
-1.89898 0.597119 0.941963 0.1684 0.109798 -0.386767 0.00607845 -0.0396113 0.510588 1.83311 1.93699 1.56628 1.82787 -0.0802109 -0.197931 -0.192159 0.560133 -0.113442 0.0398173 0.401852 0.881411 0.244991 -0.220795 0.62433 -0.740479 -1.11232 -0.283395 -0.402768 -0.287092 0.102659 0.335574 -0.170052 0.6199 0.510448 0.123318 0.00164608 -0.174377 -0.339869 0.120254 
-1.87636 0.689293 0.844528 0.627258 0.454574 -0.0219282 0.488576 0.264554 0.0696478 1.59335 1.77279 0.822466 1.02074 -0.0793312 -0.0190409 -0.150122 0.521682 0.584124 0.375297 0.682386 0.0403302 0.016084 -0.812481 -0.833567 -0.187219 -0.428052 -0.163752 -0.359662 -0.072991 0.10804 0.603827 -0.168621 -0.113097 0.344329 0.321654 -0.112069 0.482515 -0.540846 -1.00145 
-1.952 0.585933 0.872069 0.488449 0.462701 -0.182691 0.448458 -0.0164711 0.520882 1.36433 1.46102 1.42678 1.49133 -0.178307 -0.362933 0.0806559 -0.39105 1.00809 -0.279083 -0.545815 -0.365206 0.189164 0.083205 0.0280612 -0.0257458 -0.202142 -0.170899 -0.242802 -0.0705564 0.394857 0.644719 0.934781 0.663702 0.0173684 -0.502552 -0.754168 -0.714931 -1.10782 -0.735759 
-1.97877 0.489136 0.881609 0.385431 1.06715 -0.169186 0.133508 0.0470587 0.2096 1.63698 1.79164 0.804274 0.863641 -0.1902 -0.358332 0.0425556 0.0819962 0.371085 0.886361 0.136708 -0.0106138 -0.688087 -0.145634 -0.142463 -1.37861 -0.53734 -0.344834 -0.678528 -0.298374 0.110783 0.166934 0.511503 0.48929 -0.395658 0.338479 0.256491 -0.262852 -0.531883 0.277281 
-2.06036 0.388304 0.891489 0.537828 0.68512 0.295772 0.536538 -0.0235599 0.00366701 1.27704 1.38193 0.392216 1.06797 -0.359261 -0.698609 -0.556673 0.564289 -0.76046 0.96497 1.14868 -0.219625 0.267572 0.250182 -0.389303 -0.727838 0.567691 -0.204622 -0.762291 -0.0988531 0.404084 0.899441 1.07246 0.627256 0.154611 -0.510551 0.13938 -0.241451 -0.558666 -0.0903047 
-2.1715 0.104524 0.623261 0.731709 0.596513 0.351482 0.878641 -0.0840528 0.40829 1.77613 1.5708 0.258616 1.31806 -0.131299 -0.834732 -0.195886 0.535663 0.961355 0.562572 0.637201 0.244536 0.00534842 0.329366 -0.189675 0.587251 0.419952 -0.153775 -0.673148 0.136581 0.733745 -0.179144 0.320657 0.66296 0.444472 0.216353 -0.511686 -0.544314 -0.000784024 0.570794 
-2.13931 -0.071109 0.800381 0.866483 1.26907 0.600394 0.94958 0.120751 0.00591895 1.46149 1.27574 0.834554 1.40503 0.116117 -0.354485 0.784113 0.552883 0.495567 -0.538687 -0.330504 0.884836 0.0252593 -0.898434 -0.354702 0.723264 0.183478 -0.175743 -0.831802 -0.224024 0.621853 0.659204 0.24433 0.995825 0.514827 0.817759 0.469846 -0.714321 -0.136411 0.236166 
-2.12698 -0.0909911 0.986425 1.07096 0.895176 0.0648436 0.66337 0.440197 0.425457 1.25819 1.36983 0.803137 1.46727 -0.145698 -0.467476 -0.159884 0.411968 0.0153045 -0.240113 0.593652 0.525356 1.09463 0.276662 -0.785524 -0.783099 -0.108419 -0.138747 -0.482316 0.035646 0.367201 0.226693 -0.346301 0.77882 0.865065 0.505627 0.0549201 -0.667539 -0.164433 -0.0273668 
-2.22545 -0.328713 0.725961 1.11899 1.27358 0.474059 1.33435 0.431694 0.824171 1.61579 0.827355 0.24738 1.32238 -0.336103 -0.398968 -0.719916 0.00889095 -0.159434 0.0577279 1.29232 0.40618 0.655805 0.974237 -0.556878 -0.958632 -0.218178 -0.264796 -0.290444 -0.308492 -0.122986 -0.186258 -0.149502 -0.373142 0.0513318 0.0362267 -0.249779 -0.598525 -1.02056 -0.580541 
-2.30814 -0.31095 0.652406 1.07534 0.792658 0.0984177 1.50177 0.680424 0.91498 1.81155 1.05275 0.0840892 1.29744 -0.268531 0.0152977 -0.332498 -0.592941 -0.290733 0.0268535 -1.06001 -0.445105 -1.04354 -0.590228 -0.0322036 -0.659665 -0.653046 -0.259001 -0.168922 -0.343457 -0.568264 0.00647631 0.135956 0.913457 0.236569 0.293249 0.00954455 -0.601165 -0.763883 -0.326284 
-2.3729 -0.32103 0.571528 0.752881 1.09064 0.491057 0.645418 0.166789 0.0406797 1.27416 0.811595 -0.247061 0.807107 -0.0691949 0.1376 0.170986 -0.864565 0.169436 0.117313 -0.163585 -0.0503117 -0.259771 -0.956418 -0.26444 -0.122141 -0.209242 -0.141204 -0.0401742 0.0428356 -0.150113 -0.252015 -0.593795 -0.17696 0.18028 -0.732925 -0.483594 0.00988293 -0.198815 -0.0703996 
-2.35611 -0.236061 0.731359 0.542018 0.89157 0.163983 1.39487 0.64978 0.718625 1.26043 0.90362 -0.00652302 1.1347 0.0447596 -0.0745086 0.408322 0.370864 -0.0820783 -0.844471 0.836875 0.717219 0.0623548 -0.0221262 0.041857 0.375807 0.561809 -0.000230391 0.208792 -0.0529797 0.112398 0.167171 0.161407 -0.159967 0.250206 -0.516734 -0.00276519 -0.184848 -0.207104 0.0561958 
-2.36399 -0.362696 0.760497 0.980086 1.03551 0.0402447 1.1881 0.591579 0.0856363 1.25753 0.838367 0.0364236 1.25685 0.062666 0.194111 -0.250125 1.04025 0.0785468 0.0923478 -0.0384872 0.426471 -0.431265 0.958506 0.00927741 -0.173406 0.284328 -0.0314638 -0.235721 -0.179319 -0.527903 -0.453101 0.355681 1.11991 0.527987 0.749025 0.2221 0.505633 0.17794 0.0863579 
-2.33826 -0.130119 0.615109 1.1813 0.934813 0.216144 1.3692 0.902047 0.393801 1.8048 0.911682 -0.135649 1.36403 -0.0994197 -0.291746 -0.691791 -1.16538 -0.588532 1.3184 0.547818 0.0722544 0.945371 0.311565 0.641972 -0.128325 -0.447096 0.0374735 -0.115748 -0.390117 0.19098 0.107413 0.639513 0.503419 -0.188284 -0.379796 -0.000772769 0.239722 -0.358704 -0.145305 
-2.42704 -0.523736 0.439515 0.261582 0.670171 0.750665 1.54311 0.633662 0.792079 1.4318 1.20978 -0.0588342 0.905174 -0.0110927 -0.371987 -0.374271 -0.745494 0.0809371 0.767667 0.658866 -0.702748 -0.0759893 -0.953872 0.312937 -0.335943 -0.473976 -0.00280566 -0.0581857 -0.231639 -0.509123 -0.0855635 0.313149 0.168461 0.0570898 0.390544 0.521483 0.0716297 -0.225879 -0.379427 