-0.461108 -0.190884 0.183131 0.18909 0.961715 1.03394 2.08613 1.5142 0.247874 1.03508 0.230081 -0.594631 -0.379386 2.26282 -0.791175 -0.739604 -1.55511 -0.267378 -0.792826 0.588438 -1.07577 -1.85492 0.0467035 -0.0333465 -1.82668 -0.600743 0.190364 0.372291 0.275155 -0.366656 0.433178 0.545072 0.258335 0.471606 0.052226 -0.0354574 0.682855 -0.559247 -0.784193 
0.0682771 0.0238739 -0.0117704 -0.747153 0.802367 1.19898 2.03856 0.726798 -1.47334 0.835809 0.364043 -0.906815 -0.661168 -0.951356 1.95586 0.651712 -0.967223 -0.139197 1.1495 -0.530799 -1.31331 0.136925 -0.412677 0.95341 -0.151893 0.0554734 -0.0848532 0.336258 -0.0145027 -0.476646 0.186126 0.80566 -0.332084 -1.20531 0.198459 -0.153409 0.369553 -0.963958 0.5408 
-1.04769 0.947414 0.607435 -0.488696 0.889222 1.80402 1.67214 0.459308 0.382671 0.770864 0.664874 -0.694169 -0.315049 -2.40733 1.30647 0.720171 0.926955 0.561942 1.76606 -0.975236 -0.426881 2.09607 -0.23543 0.536412 0.639653 1.3062 -1.08805 1.12519 0.150525 -0.532204 -0.536222 0.802989 -1.16597 -1.10947 -0.0706388 -0.436984 0.527153 0.449333 1.40938 
-1.39116 0.779657 0.456014 -0.133348 1.13525 2.3859 1.2813 0.376011 0.441517 0.683734 0.611225 -0.444535 0.463742 -0.80177 -0.218671 -0.432157 0.264404 -0.686248 -0.1795 -0.832388 -0.0676553 -0.198114 -0.139118 -0.237769 0.718694 1.78028 -1.74267 0.670541 0.382316 1.17775 0.0716771 0.339417 -1.04351 -0.52222 2.31442 0.131846 0.866649 1.38279 1.36528 
-1.54459 0.804823 0.343356 -0.326667 0.500442 1.6756 1.02521 0.393863 0.213053 0.679722 0.563746 -0.175788 1.21187 -0.39548 -0.273441 -0.164944 0.668293 -0.444833 -1.35781 -0.244565 -0.208428 0.522413 0.411924 0.637149 1.08552 0.472171 -0.285842 -0.421954 -0.443083 0.314736 0.154719 -0.225315 -0.0461702 -0.481836 0.35652 0.569969 0.231169 0.537801 0.483555 
-1.64449 0.604804 0.361646 0.304082 0.886047 1.46086 1.08839 0.198747 0.926564 0.941215 0.90373 0.33421 0.881425 0.334981 -0.44034 -0.207931 0.171008 0.932114 -0.0965782 0.780361 -0.516376 0.616848 0.876553 0.55418 -0.0421083 -1.14932 -0.0872413 0.161098 -0.254965 1.29005 -0.576618 -0.94887 0.0538644 -0.140406 0.592874 0.112313 -0.236568 0.530862 0.158178 
-1.36001 0.531659 0.221687 -0.228323 1.04734 1.60324 1.62393 -0.0280115 0.783903 1.23116 0.818922 -0.197404 0.254578 0.247147 0.517452 -0.202717 1.07788 -0.443247 0.204944 0.309667 0.0579259 0.16187 -0.260438 -0.951635 -0.417545 -0.26463 0.455294 -0.610102 -0.413734 1.32737 0.418086 -0.0502975 1.2149 0.123616 0.769338 0.284375 0.165744 -0.228018 -0.888192 
-1.51257 0.895821 0.243288 1.0208 0.637762 1.59235 1.32356 0.233055 1.08403 0.773317 0.481428 0.0461187 0.674324 0.386639 -0.510073 -0.389655 1.62531 -0.277893 0.0325823 0.644177 0.701114 0.265697 -0.504771 -0.326017 -0.231651 -0.00479727 0.875413 -0.956509 -0.600383 -0.0695328 -0.421184 -0.439736 1.12478 1.09864 0.768076 -0.0152138 -1.06816 -0.507049 -0.941801 
-1.14446 0.21742 -0.0153988 0.861675 0.894662 1.6182 2.11747 0.517198 1.0357 0.908678 0.678091 -0.353552 0.267808 1.14813 -2.00437 -0.665166 -1.1589 -0.20383 -0.740851 1.00935 1.36484 0.719257 0.248648 -0.484517 -0.202477 -0.959251 1.03636 -1.25033 -0.682209 0.118882 -0.5567 0.470125 1.28144 1.58047 0.606901 -0.698578 -0.452499 0.927677 0.669877 
-0.840503 -0.298626 -0.16878 0.212314 0.5279 1.08441 2.09915 1.30548 1.74792 0.9275 0.269286 -0.0893227 -0.121792 1.26671 -1.43192 -0.596726 -1.45311 -0.579303 0.534057 0.858273 1.33346 0.434346 -0.381949 -0.279721 1.39205 0.878219 1.50702 -1.72528 -0.576414 -1.71818 -0.318809 0.244328 0.0177929 1.00702 -0.446039 -0.766528 -0.417149 0.348725 -0.146156 
-0.401309 -0.639825 -0.383999 -0.147428 0.567714 1.97219 2.77637 1.56469 1.44073 0.663905 0.558088 0.642763 1.02981 1.25993 -0.673207 -0.168007 -1.13779 -0.284513 1.03388 -0.986487 -0.0584039 -1.20222 -1.22237 -0.0735395 0.644428 0.770756 1.13673 -1.21557 -0.17439 -0.898735 -0.273208 -0.0922647 0.47949 1.1253 -0.639476 -1.00029 -1.23786 1.37303 0.982626 
-0.101413 -0.708959 -0.265092 -0.581779 0.37139 1.77632 1.33319 1.24738 0.665987 0.151025 0.242046 0.376347 0.549082 0.547588 -0.456235 0.345751 0.257702 0.161664 -0.648908 -0.294813 0.123162 -1.13464 -0.891056 -1.38533 0.321011 0.402188 0.885467 -0.848062 0.203053 -0.745479 0.0915131 1.10134 0.00326682 0.408366 0.0138006 0.200512 0.411192 1.19854 1.24555 
-0.0892708 -0.922351 -0.154015 0.0100308 0.669169 1.52642 2.54465 1.65082 0.420197 0.0970392 -0.0593365 0.878879 1.38815 0.151468 -0.645753 0.463631 0.148347 0.432379 0.297649 0.992345 0.604702 1.2359 1.48678 0.632769 0.852098 0.851802 0.339244 -0.569391 0.343766 0.0427945 0.517214 -0.533366 -1.69349 -1.31408 -0.55875 0.540844 0.120547 -0.327202 -0.00708571 
-0.0268497 -1.10312 0.0397584 -0.498886 0.629362 1.97048 2.09565 1.71601 1.7993 1.08853 0.53258 0.989415 1.28868 -0.0120535 -0.431124 0.153648 -0.187761 0.646255 -0.000457576 -1.68603 -1.76393 0.525043 1.5912 1.55253 -0.717852 -0.409708 -0.261392 -0.479575 0.48449 0.915265 0.863204 0.0625497 0.107162 -0.457481 0.649735 0.598279 0.840136 0.490448 0.291702 
-0.112738 -1.19009 -0.0460394 -0.13626 1.0508 1.51904 1.23838 0.237979 0.907634 1.10061 0.645005 0.377638 1.05802 -0.57905 -0.102501 0.239561 1.09414 0.912003 -0.224899 -0.864838 -1.15781 -0.487729 -0.713096 0.505031 -0.234276 -0.470506 -0.247157 -0.177428 0.139642 -0.0309222 0.136879 -0.00363567 -1.10621 -0.109808 2.05144 1.06024 0.584942 -1.21415 -0.962683 
-0.390232 -1.17728 0.202299 0.228917 1.16464 1.81137 1.42365 0.784628 1.36654 0.634249 0.765644 0.831403 0.907003 -0.392703 0.150832 0.0501467 0.158631 -0.428048 -0.0069946 0.392816 1.65228 1.79797 -0.226055 -0.758941 -0.779646 -0.841347 -0.354614 0.32517 0.122098 0.746496 0.518843 -0.60379 -0.821488 -1.30014 -1.01356 -0.918272 0.575831 -0.0963602 -0.28747 
-0.364405 -1.11502 -0.00379925 -0.0463547 0.8113 1.50724 1.53777 1.53873 2.55164 0.954461 0.309397 -0.167463 0.361887 0.00198729 0.600624 -0.0611733 -0.0784689 -0.101557 -0.509804 -0.094996 -0.465259 -0.632857 -0.454905 0.276267 0.123898 0.098117 0.387538 1.45461 0.0989986 -0.816818 -1.32971 -0.590986 -0.591381 0.184 -1.08526 -1.98179 -0.575371 -0.225368 -0.439125 
-0.405282 -0.837272 0.173838 0.157149 1.11391 1.45964 1.34627 0.403357 0.801919 0.343319 0.895785 0.927615 1.0075 1.00568 2.09655 0.0947894 -1.24395 -1.62771 -0.712194 -1.08322 -1.39087 -2.99911 -2.3036 -0.0125308 0.509176 0.271607 1.59507 2.25605 -1.32954 -0.326243 -2.17188 -3.03218 -2.12543 -1.10988 -1.91798 -0.92204 -1.27419 -0.738427 -0.157206 
0.222257 0.106149 0.0667942 -0.912836 -0.121803 1.01868 0.697102 0.422216 -0.162935 -0.50607 0.309606 0.202208 0.609499 2.54726 2.88802 -1.86264 -0.347552 -3.25999 -3.16757 -2.39161 -0.91623 -1.50386 -0.717921 -1.99033 -1.03105 -0.300992 2.21616 1.28968 -1.54457 -0.227066 -1.81895 -2.27971 -2.46383 -1.34278 -2.05362 -0.763903 -0.787642 -0.469634 -0.0121725 
1.10556 0.85011 -0.998769 -0.098099 -0.762926 -0.688932 -0.504969 -0.336132 -0.554087 -0.114011 0.00616533 0.204074 0.769567 2.53949 -0.10461 -2.33001 0.95122 -1.18662 -2.05335 -1.7996 -0.286336 0.709997 1.33324 -1.04526 -1.08277 -0.285747 2.40423 0.76489 -1.85494 -0.359991 -2.06544 -1.68183 -1.61838 -0.690315 -1.07292 -0.608449 -1.94316 -1.71457 -0.445082 
1.72844 0.0307444 -1.40264 -0.282485 -0.799883 -0.376593 -0.696883 0.183067 0.49255 0.334295 -0.154818 -0.558041 0.384491 1.29948 -1.70886 -0.822048 -0.123824 0.063471 1.12652 0.498706 0.0674835 0.316588 -0.0534056 -0.626047 -1.08745 -0.2765 1.78142 -0.328136 -1.8053 0.926509 -0.789239 -0.567801 -0.552741 -0.111096 -0.413032 -0.14043 -1.22831 -1.04095 0.374042 
1.86835 -0.170268 -1.51047 -0.200793 -0.718244 0.0656106 -0.123792 -0.294232 -0.256051 -0.150926 -0.269652 -0.5595 0.5524 0.308569 -0.409098 -0.282793 0.306376 -0.0311265 1.36225 1.15444 0.17305 -1.15587 -1.50535 -0.606918 -0.199806 0.774195 0.85469 -1.12456 -0.788667 -0.0252802 -0.360184 1.71423 0.726005 1.5351 -0.192105 -1.02531 -0.918127 -0.44581 0.000831572 
1.89719 -0.224016 -1.57186 -0.091837 -0.809894 0.537321 0.190768 0.308822 -0.547279 -0.621212 -0.422029 -0.691586 1.05828 0.0625725 -0.0383399 -0.318503 0.102277 -0.615967 0.947695 0.353396 1.90948 -0.514247 -1.25164 -0.607742 0.543424 0.279283 0.162661 -0.26819 -0.495337 0.220176 -0.409151 1.64473 1.0143 1.33877 -1.09787 -1.55801 -0.8186 0.685163 0.0419221 
1.88963 -0.206636 -1.70237 -0.149314 -1.06639 0.699253 0.14515 1.21081 -0.712904 -0.94592 -0.537234 -0.16552 0.806521 -0.0561841 -0.0117662 -0.432967 0.00195382 -0.597294 0.627746 0.0352242 1.55463 -0.059434 -0.481731 -0.492626 1.05926 -0.717941 -0.0302496 -0.0139752 -0.358791 -0.116203 -0.68039 1.03467 -0.136006 1.62716 -0.248743 -1.01861 -1.0156 0.922804 -0.26189 
1.84726 -0.244731 -1.83645 -0.108766 -1.14724 0.954656 0.213961 1.532 -0.590893 -0.929113 -0.63782 0.0685206 0.466788 -0.119519 0.0112004 -0.199516 -0.246018 -0.433013 0.30305 -0.51061 0.184382 0.252954 -0.0448282 -0.757517 0.610931 -0.618385 -0.226604 0.32971 -0.153009 -0.16859 -0.438943 0.507978 -0.830996 0.976428 0.93446 -0.513054 -0.968267 1.55005 -0.89308 
1.80173 -0.213823 -1.81869 -0.335329 -1.30876 0.89707 -0.253246 1.34557 -0.472685 -0.977409 -0.872202 0.276374 0.299448 -0.315616 0.516921 0.212955 -0.216101 -0.0773193 -0.0152374 -1.00619 -0.287036 1.1275 -0.167459 -0.808793 0.873476 -0.442538 -0.695436 0.653716 0.114157 0.220699 0.314218 0.603353 -1.67477 -1.32707 0.548714 -0.0210539 -1.90359 0.91005 -0.86148 
1.64181 0.0459728 -1.69081 -0.274381 -1.18396 0.937287 -0.56721 1.29229 0.443929 -1.03819 -0.995856 0.696762 0.108827 -1.00405 0.995771 0.366403 0.555051 0.926185 0.425032 -1.44832 -1.84164 0.381714 0.0255602 -1.80549 0.527597 -0.500972 -1.24656 1.22325 0.778445 -0.0249791 0.869584 -0.158891 -1.79071 -2.56009 -0.34508 -0.0405165 -1.53444 -0.226628 0.0676241 
1.18356 0.358944 -1.57559 0.0248844 -0.765282 1.17735 -1.3759 -0.129004 -0.115475 -0.964366 -1.67866 0.65912 -0.108063 -1.69167 1.37214 0.915931 0.194958 1.43159 -0.180349 -1.08848 -2.93585 -1.49703 0.123272 -1.25629 -1.14551 0.532239 -1.45579 1.57125 1.06382 0.482564 1.017 -0.320806 -1.46445 -1.4878 0.277685 0.44813 -0.0480114 -1.0697 0.202264 
0.611409 0.840436 -1.09869 -0.159705 -0.348277 0.808292 -1.41194 -1.05143 -0.90587 -0.963324 -1.55522 -0.108019 0.577446 -1.33875 1.43226 1.17576 0.105911 0.656665 -0.816823 -0.264357 -0.0197005 -0.051553 0.555881 1.74534 -1.84584 0.765882 -1.32385 1.51409 1.26115 0.356264 0.454437 -0.431667 -0.508932 -1.30409 -0.416742 0.782698 -0.344829 -2.19589 0.760577 
0.364738 1.18882 -0.818461 0.0788412 -0.377635 0.618057 -1.5841 -0.156356 -0.151929 -0.615808 -0.887574 -0.642738 0.558678 -0.439562 0.967367 0.911988 0.296265 -0.72101 -0.345781 0.494617 1.30777 1.04698 0.886526 0.795777 -1.57028 0.459213 -0.848445 1.07443 0.975794 0.00206276 0.103631 -0.154058 0.266362 -0.403183 -0.106622 0.728249 0.561725 -1.625 0.895434 
0.33165 1.39647 -0.509084 0.0240486 -0.757155 0.567452 -1.03392 -0.0243405 0.055797 -0.40558 -1.19135 -1.21429 0.984141 -0.0301689 0.226307 0.238925 -0.0907113 -0.49001 0.627092 0.578269 -0.464462 -0.0500639 0.384204 -0.983068 -0.161509 0.40106 -0.0500814 0.161122 0.046103 0.586607 -0.343173 0.389079 -0.306638 1.16642 1.66321 0.701558 0.455856 0.551526 -0.195208 
0.33041 1.30834 -0.656325 -0.00127392 -0.652957 1.03495 -1.14147 -0.536994 -0.187029 -0.375864 -1.32402 -0.749101 0.916061 0.350815 -0.723319 -0.843653 0.504525 0.19489 0.814211 -0.851622 0.201067 0.839844 0.0193867 -0.176304 2.2639 -0.71154 0.7317 -0.517518 -0.592979 0.238312 -0.639184 0.823391 -0.0496028 1.00729 1.00856 0.110514 -0.959367 1.43286 -1.45237 
0.525723 0.956622 -1.03451 0.34981 -0.636491 1.11085 -1.69571 0.123668 0.829259 -0.396442 -1.26483 0.400835 0.398075 1.195 -1.03333 -1.09609 0.423414 -0.495079 0.367626 -0.634315 1.77124 1.20138 -0.235022 -0.306346 1.94882 -2.28935 1.07809 -0.871767 -0.924932 0.406042 -0.0683675 0.567133 -0.354321 1.40807 0.626938 0.0810346 -0.878202 1.39734 -1.84803 
1.03058 0.685883 -1.34208 0.26918 -0.931209 1.27642 -1.63541 0.858246 0.914923 -0.527682 -1.456 0.642394 -1.00793 1.36946 -0.632356 -0.494231 0.0535963 -0.294921 -0.13002 0.438786 1.6146 -0.117289 0.092052 -1.00363 -0.520664 -1.69163 0.976535 -0.849581 -0.723666 0.331283 -0.176379 -0.45746 0.293488 0.913414 -0.443844 -0.861034 -0.905254 -0.605405 -1.80567 
1.33047 0.570352 -1.33801 0.368094 -0.799018 1.01588 -1.36081 1.39448 0.733078 -0.341332 -1.71052 0.0395528 -1.01907 0.362423 -0.287988 0.0496681 0.0342359 0.227574 -0.925012 0.979988 -0.583663 -1.68187 -0.859696 -0.91008 -2.6909 -0.0587043 0.638808 -0.0943782 -0.00882418 0.334906 0.31444 -0.409808 1.21883 -0.00527278 -1.10492 -0.720728 -0.192072 -1.91961 -0.618173 
1.23161 0.502461 -1.30014 0.274263 -0.791648 0.643983 -0.882505 0.382924 -0.602827 -1.07471 -1.85961 -1.25926 -1.04042 -0.353573 0.48069 0.483021 0.408924 0.788437 -0.369622 0.990358 -1.59351 -1.10594 -1.00713 0.749165 -1.85228 0.88889 -0.192958 0.328251 0.54177 0.275304 0.72057 -1.23346 0.909171 -1.00741 -1.90081 -0.473026 0.739169 -2.12483 0.308809 
1.10226 0.839714 -1.02085 0.628667 -0.335185 0.758922 -0.599897 0.117007 -0.26138 -0.981636 -1.36762 -1.26687 -0.248026 -0.680272 0.790883 0.736475 0.348182 0.895652 -0.572706 0.0865788 -0.667708 -0.435549 0.261755 1.91169 0.0632835 0.462263 -0.792462 0.721333 0.920991 0.0770743 0.901937 -0.503883 1.45317 -0.791075 -1.55526 -0.550612 1.33737 -1.48643 0.878256 
0.807542 0.954541 -0.822002 0.493418 -0.265827 0.249726 -0.819646 -0.159158 -0.988176 -0.912233 -0.993674 -1.20608 -0.631134 -0.925578 0.631006 0.852295 -0.292913 0.616 -0.244018 0.713171 0.616828 -0.623258 0.309857 1.05932 0.0168843 0.255699 -0.971429 0.930002 1.20424 0.574488 1.14763 -1.06874 0.0680439 -0.587835 -1.03902 0.217352 2.04994 0.259801 1.5271 
0.531137 1.19762 -0.46915 0.410676 0.0289512 0.586882 -0.0530722 0.595265 -0.817279 -0.788729 -0.885179 -1.24662 -0.0139048 -0.885851 0.643995 1.00903 0.436319 0.88974 -0.725414 -0.00487403 -0.0509143 -0.713639 0.0242149 0.857918 0.268317 1.52668 -1.07418 0.87654 0.893923 0.00962769 0.59278 -0.673969 0.288576 -0.266596 -0.380691 0.598401 1.46387 0.468025 1.23416 
0.260232 1.3201 -0.170756 0.772672 0.256577 -0.247773 -0.827423 -0.211305 -1.6262 -0.900041 -0.601843 -1.00736 0.680737 -0.805303 0.721072 0.443822 0.31828 0.309086 -0.575728 -0.373249 -0.92756 0.213718 0.463981 0.919791 0.573112 1.35204 -0.950346 0.769666 0.94884 -0.0425708 0.194613 -0.227574 0.197389 -0.341083 -0.108427 0.416399 0.00617225 -0.740208 0.75188 
0.0321153 1.60858 -0.17688 0.609441 0.21564 0.190582 -0.345373 -0.153223 -0.612709 -0.498313 -0.465512 -0.831566 1.14988 -0.646465 0.542557 0.366611 -0.481104 -0.582016 0.446599 0.238026 -0.354397 0.609994 0.5166 -0.844989 -1.17768 -0.546545 -0.535873 -0.166671 1.14212 -0.590311 0.289543 -0.579073 0.0211602 -1.33571 0.356649 -0.0980126 0.300232 -0.28674 -0.235641 
-0.143566 1.6259 0.0724768 0.426358 -0.0719398 0.0470929 -0.64759 -0.504515 -1.06157 -0.576335 -0.976165 -1.83498 0.234583 -0.0624083 -0.984705 1.21173 -1.09919 0.145827 -0.129025 0.400058 -0.740679 0.20516 -0.581781 -0.510227 -0.919742 -1.65698 -0.045564 -1.1387 0.924926 -0.480842 0.165483 1.42141 1.20646 -0.980568 1.56577 0.108519 0.565689 -0.215649 -1.46947 
-0.0215399 1.01476 0.603099 -0.15833 0.307938 0.0962847 -0.0403901 -0.753268 -0.415915 -0.869512 -0.689221 -1.4761 -0.237892 0.564962 -2.31165 0.974404 -0.152689 0.844572 1.27278 1.17663 -0.862897 1.16736 -0.369972 1.61261 0.91927 -1.364 0.394038 -2.24134 0.522547 -0.614482 0.140604 0.516996 1.07419 -0.322158 0.341061 0.339857 1.45685 0.152717 -2.27912 
0.178888 0.250456 0.701729 0.303982 0.424349 0.900516 0.257203 -1.20164 0.00947084 -0.81353 -0.244793 -1.17423 -0.904751 0.685805 -2.49214 -0.453421 0.285796 0.0781546 0.752462 0.859725 0.359399 0.196205 1.0246 2.47987 1.11846 -1.30718 0.819921 -2.42964 -0.135403 -0.661205 0.74071 1.19381 1.70576 0.410305 -0.422542 0.167067 1.89111 1.57146 -0.84166 
0.373359 -0.467002 0.325515 0.0182855 0.36111 0.597936 0.61963 -0.479493 -0.227257 -0.224416 0.432338 -0.673981 -1.32904 0.741335 -1.45683 -1.16892 -0.7235 0.30988 0.170809 0.822641 1.41166 -1.62392 0.591561 0.942771 1.04003 0.270438 0.676049 -1.66998 -0.335174 0.0197944 0.22913 0.8007 0.475284 0.29963 0.113745 0.919837 1.13816 1.24931 -0.221856 
0.607078 -0.621463 -0.0302812 -0.207615 0.611497 1.00893 0.88858 -0.0920296 -1.45563 -0.4424 0.185214 -0.427772 -0.658131 0.389794 -0.0997922 -0.0303971 -0.246765 0.283088 0.21476 -0.301189 0.0488322 -0.0502342 0.160784 -0.940085 0.441075 1.02017 0.418441 -0.662263 -0.129807 -0.695558 0.0658715 0.363579 0.0866049 0.629118 -0.97811 0.722618 0.165696 0.346133 0.952458 
0.5908 -0.539568 0.3166 -0.168239 0.532768 0.736062 0.382986 -0.452408 -0.262513 -0.125821 0.0152314 -0.352646 -0.446669 -0.0788081 0.42563 0.982507 -0.198857 -0.201772 0.26672 -0.719204 -0.585059 0.54317 0.341315 -0.714673 -0.601297 0.970711 0.0614772 0.0226285 0.310465 -0.562068 0.135636 0.839115 -0.244656 -0.392826 -0.215443 -0.215316 -0.0551193 -0.350849 -0.211588 
0.543591 -0.384533 0.604117 -0.361472 0.502825 1.18218 0.329071 -0.568461 -0.951718 -0.22959 -0.130477 -0.846285 0.182298 -0.299657 0.129344 0.481571 -0.49619 -0.0668103 0.799012 0.0167581 -0.519843 -0.173646 -0.428771 0.870343 -0.867261 -1.29382 -0.305597 -0.156243 0.760398 -0.0237095 0.37696 0.366761 -0.888239 -0.949841 0.798057 -0.378594 -0.151005 -0.439778 -0.494136 
0.394914 -0.477163 0.632845 -0.524839 0.502126 1.26918 0.391917 -0.877037 -0.409898 -0.400217 0.412652 -0.959934 -1.52649 -0.419656 -0.673112 0.120244 0.179421 0.792227 0.174666 -0.318788 -0.593218 0.371641 -0.818352 0.515597 0.0647532 -1.61204 -0.298109 -0.518012 0.0374964 0.551337 0.486534 0.558268 -0.872533 -0.462639 -0.558609 -0.338596 -0.47704 -0.85899 -0.290234 
0.275765 -0.79481 0.690877 -0.257391 0.968849 1.2932 0.0788344 -1.05137 -0.603661 -0.750459 0.10734 -0.792054 -1.16736 -0.186801 -0.937128 -0.425701 1.24958 0.827161 -0.125563 -1.03636 -0.0398123 -0.435788 0.00294529 -1.50918 -0.189504 0.91783 -0.492417 -0.436782 0.175164 0.0504548 -0.0483269 -0.841715 0.347168 0.534943 0.79957 0.179354 0.527162 -0.519746 -1.66534 
0.266685 -1.04296 0.372867 0.308955 0.988348 1.17723 -0.412557 -0.920365 -0.795465 -0.401481 -0.260495 -1.08617 -0.730898 -0.378374 -0.0088649 0.134992 -0.099185 -0.861185 -1.19768 0.727315 1.30024 0.54487 1.05567 0.200055 -0.700533 -0.55339 -0.313541 0.340445 0.280743 -0.880053 -0.750334 -1.40164 0.877116 0.868417 -0.667497 -0.0511409 0.462874 0.518356 1.21974 
0.0326886 -0.813816 0.787004 -0.343284 0.478927 0.476418 0.636584 -0.0302664 -0.0982093 -0.0857022 0.203193 -1.281 -1.61932 -0.324401 1.45891 0.833833 -2.41988 -1.98459 -1.57596 2.0654 1.17026 -0.295985 -0.0607345 2.13812 0.841959 0.671134 0.705973 0.887973 -1.0724 0.61405 -2.17586 -2.67403 -0.848225 0.212619 -0.755446 0.358671 -0.8815 1.33255 1.51125 
0.0559647 -0.197381 0.91284 -1.35936 -0.151089 0.1047 1.1787 -0.00250256 -1.05401 -0.443034 0.707309 -0.480296 -0.144501 1.50196 1.37865 -1.68643 0.936856 -2.50655 -2.04569 -1.71846 -1.00249 -1.37546 -0.588767 -1.38444 2.36336 2.52171 1.13689 0.738342 -0.976497 0.401903 -2.24533 -2.39222 -1.1703 -0.00523845 -0.735853 0.647357 0.481451 1.12895 0.164722 
0.916871 -0.0155166 -0.273686 0.277272 -0.962287 -0.913683 -0.694725 -0.838272 -1.33755 -0.461322 -0.413833 0.404723 0.536305 2.13895 -0.320871 -2.24639 2.97244 -1.49085 -1.32593 -3.43365 -1.14913 -0.512588 0.897251 -1.48412 0.568215 -0.455078 1.46743 0.306139 -1.34713 1.31378 -1.85819 -0.925096 -2.26291 -0.970669 -1.55291 0.998647 -0.672525 1.07563 0.959549 
1.32203 -0.400172 -0.503491 0.649208 -1.00506 -0.798788 -1.47739 -0.926992 -1.50935 0.121496 0.0454354 -0.0687203 -0.513095 0.842627 -0.91 -0.262873 0.841201 -0.368631 0.921636 -0.92912 -0.202238 -0.351095 1.87505 0.481926 -1.01936 -1.27133 1.49445 -0.353395 -1.36 2.41804 -1.19134 0.184407 -1.63399 -0.911823 -0.677792 1.06734 -1.58973 0.479504 -0.94237 
1.40579 -0.56533 -0.43025 0.832604 -1.16743 -0.297658 -1.41637 -1.01062 -1.64616 0.721826 -0.191164 -0.310521 -0.524446 0.248949 -0.231957 0.27846 0.289675 -0.350365 1.54634 1.52247 0.0191275 -0.230752 0.476986 -0.655536 0.0360261 -0.769543 0.527769 -0.680306 -0.0136633 0.656314 -0.749462 1.05724 0.562865 -0.437891 -0.465885 1.06855 0.315591 0.178282 -1.43063 
1.45503 -0.550589 -0.316246 0.828468 -1.19965 0.239582 -0.30548 -0.923502 -1.70862 0.42014 -0.24365 -0.0348785 -1.14835 -0.00479296 -0.149143 0.244656 0.0532707 -0.787444 0.356459 1.5902 -0.325995 -0.154162 -0.499266 -0.0516466 1.2498 -0.588667 -0.0180753 0.0554378 0.617505 0.481191 -1.32252 0.0168908 1.45599 0.174401 0.776274 0.837888 -0.656122 0.0584932 -1.1583 
1.38667 -0.666966 -0.264473 0.850666 -1.61472 -0.0637323 -0.192144 -1.28127 -1.77585 0.402831 -0.208554 0.584826 -1.00632 -0.286375 0.312323 0.617359 0.369441 -1.69425 -1.52892 0.184357 0.230094 1.12109 0.603473 -0.224854 0.0457614 -0.736072 -0.292782 0.626521 0.35789 1.28098 -0.926895 -0.70892 -0.00837045 -0.625286 0.762965 0.446616 -0.102477 -0.212153 -1.80329 
1.26711 -0.380402 0.0862405 1.06212 -2.17122 -0.801144 -0.167099 -0.752437 -0.679626 0.798807 -0.338967 0.00587316 -1.75521 -0.473123 1.114 0.275197 1.68072 -0.643744 -1.21856 -1.59797 -0.440181 1.02955 1.07877 -0.0819736 -1.50387 -1.75628 -0.499009 0.520435 0.242009 1.81953 -0.655629 -0.834337 -0.503468 -1.7314 -0.536141 -0.545905 0.354546 -0.321128 -0.131764 
1.08679 -0.0245599 -0.0792999 1.97844 -1.97893 -0.894632 -1.43039 -1.64262 -0.830023 1.0822 -0.239588 -0.474312 -2.47829 -0.522225 0.488223 -0.265319 2.08831 0.68366 0.514843 -0.771826 -2.40075 -1.70528 -1.29472 0.707678 -0.435065 0.566307 -0.639976 1.09163 0.638252 1.99009 -0.0182612 -0.721328 -0.108373 -0.925428 0.0620666 0.178031 1.15295 -1.1186 0.349488 
0.937793 -0.106602 -0.0718774 2.46782 -1.76796 -0.46014 -0.767253 -2.67112 -2.21864 -0.0234441 -0.0147309 -0.294653 -1.25771 -0.561516 0.57121 0.650667 1.00627 0.621403 0.341424 1.47311 -0.707099 -0.941637 -0.843143 1.6417 0.124944 2.21278 -1.11018 1.35289 0.323151 1.2435 0.995473 -0.122816 -0.0875655 -0.398601 -1.34551 1.49738 2.90701 -0.257818 2.38245 
0.73392 0.298123 0.344341 2.64633 -1.61167 -0.670872 -0.296607 -2.21599 -1.6752 0.545647 0.504874 -0.377359 -0.584632 -1.26638 1.60161 0.734865 -0.404697 0.865805 -0.666715 0.67133 1.92241 0.211748 3.21954 3.21797 0.124326 2.53571 -1.55923 1.0598 0.706626 -0.731278 0.741278 -0.00534481 1.12444 0.385384 -0.234445 1.10487 1.64596 -0.323287 2.92199 
0.162355 0.823031 0.405239 2.17361 -1.2594 -0.917954 -0.252745 -1.15581 -2.01586 2.01031 1.43891 -0.198138 0.90979 -1.94714 1.0647 0.374214 -1.97663 0.533931 -0.350947 -0.154487 1.22422 0.696407 2.26542 0.583018 -0.516926 1.59135 -1.59288 1.26358 0.642218 -1.98555 0.192529 -0.226205 0.923822 2.57641 1.12015 2.52678 1.48612 -0.13778 2.02282 
-0.449631 0.911493 0.592402 1.28025 -1.29498 -0.915204 -0.419941 -1.25527 -1.03206 1.97577 0.773024 -0.735988 0.78208 -1.29624 0.34991 0.196743 -2.25133 -0.561313 0.389559 0.412392 1.37676 1.06494 0.0232538 -1.20886 -0.286105 0.0983238 -1.61221 0.964687 0.420096 -1.66855 0.54614 0.178313 0.155425 2.0531 1.20775 2.25048 0.327703 -0.292228 0.233219 
-0.630981 1.01536 0.540585 0.620225 -1.57595 -0.661651 0.061765 -0.0739165 -1.03788 2.0219 0.900879 -0.392937 1.01046 -0.646474 0.423897 0.235724 -0.253361 0.318839 0.563976 0.338505 1.41047 0.678707 0.623614 -0.136401 0.163486 -1.28616 -1.18326 0.294905 0.583272 -1.60991 0.434429 0.729571 -0.227223 1.06596 1.24193 0.103053 -1.1229 -0.337141 -0.726367 
-0.853434 1.1474 0.752506 1.08923 -1.10265 -0.540983 -0.1625 -0.146597 -0.405008 2.36718 0.717503 -0.611678 -0.291244 -0.609561 0.10134 0.649502 0.10014 1.24087 0.491469 -0.67641 0.00451717 0.348569 0.116376 -0.301135 -0.12307 -1.04186 -0.273131 0.296816 -0.793786 -0.771258 1.61257 0.687501 -0.64706 1.26249 0.402007 -1.07455 0.133609 0.614219 -1.33474 
-1.01266 1.06127 0.963486 0.670247 -0.850528 -0.336449 -0.464691 -0.0820324 -0.710786 2.0924 0.771242 -0.472017 0.1443 0.200068 0.0303122 -1.38369 -0.770731 2.18744 0.266075 -1.0941 0.220344 -0.208867 -1.9917 0.32122 0.60793 -0.449061 1.01896 -0.396739 -1.82386 -1.711 3.08621 -0.751221 -0.941754 1.0329 0.0124573 -2.26521 -0.58348 2.32399 -0.874991 
-0.749734 1.15147 -0.115907 0.54543 0.170041 -0.368164 -1.01157 0.0167231 -0.584395 1.10398 0.867868 -0.171914 -0.654736 2.23501 -0.7213 -3.28918 -2.38718 3.5503 -1.40483 -0.424241 1.33477 -0.316398 -3.0089 -0.481273 3.01623 -0.0950829 1.31859 -1.13381 -1.11808 -2.1022 2.29181 -1.05994 0.540612 1.2607 0.0790474 -2.29598 0.754322 3.31702 0.701655 
0.310996 0.622607 -1.11514 -0.97577 1.21012 -1.29328 -0.796378 0.96651 -0.987875 0.18565 0.560559 1.6771 0.0809702 1.90584 -1.79184 -0.233905 -2.04206 1.372 -1.55353 1.72913 1.4082 0.315854 -0.940219 0.700832 3.51753 1.36384 1.2113 -1.9381 -0.410025 -0.808643 2.24258 -1.11544 1.01518 1.0379 0.5974 -1.89257 -0.000317455 2.54986 0.269307 
0.376579 0.0822168 -0.254073 -0.865259 0.971271 -1.42553 0.319956 1.12359 -0.287026 0.506009 1.18902 2.33301 0.519051 -0.301148 -2.28589 2.69697 1.31284 -0.0671855 0.0501131 1.61493 0.0108695 1.00577 0.593477 0.485449 0.157216 0.447237 0.769182 -2.34199 1.02693 -1.13768 0.742265 -1.259 0.664655 1.15667 0.911719 -0.127328 1.01401 1.71923 0.800563 
0.114216 -0.737667 0.608142 -0.0988372 1.17926 -1.26647 0.446947 0.96344 -0.0636571 0.557993 0.784813 1.79696 0.47751 -0.680906 -1.84089 1.72264 0.525515 -0.215136 0.024855 -0.948865 0.0882529 0.726658 0.784885 0.671495 -1.37485 -0.32035 -0.492253 -1.49255 2.35508 0.279519 -0.609136 -0.177203 -0.0513375 -0.239055 1.93044 1.28002 1.14577 -0.0670553 0.542292 
-0.0478655 -1.01593 0.850395 -0.525185 0.854872 -1.41579 -0.416938 1.18198 0.383597 0.999449 1.49698 1.36545 0.264701 -0.496618 -0.0312474 0.715146 -0.924761 -0.871314 -0.26789 -1.67301 -0.28663 1.1813 1.05306 1.0646 -0.231228 0.260156 -0.870875 -1.42798 1.2249 -0.262962 -0.745743 0.203387 -0.810181 -0.0955216 1.18836 1.0205 1.06808 -0.470684 -0.327118 
-0.199748 -0.769857 1.07274 -0.747669 0.683486 -1.45465 -0.84926 0.724058 1.02005 1.2211 1.26963 1.64111 0.715412 -0.723979 -0.376233 0.052786 -0.866491 -0.935174 0.218558 0.00227067 -0.181763 0.626661 0.529377 0.773757 0.799957 -0.103634 -0.573782 -0.722764 0.322829 -0.451817 -0.626348 0.225976 -1.29604 -0.817603 0.572686 0.349529 1.63646 -0.367708 -0.0749554 
-0.498133 -1.25133 0.894311 -1.13428 0.322172 -1.2751 -0.419197 1.0259 0.963364 1.33124 1.85095 1.94151 0.19412 -0.431879 -1.09365 -0.246067 0.329976 -0.0938729 0.538675 0.157526 -0.72374 -0.519703 -0.597862 1.1473 -0.21588 -0.355997 -0.348487 -0.386456 0.105256 -0.196552 -0.748628 -0.0957173 -0.00274236 -1.11845 0.470687 -0.660462 0.418966 0.711053 -0.5015 
-0.474902 -1.42785 0.926845 -0.540928 0.637198 -1.09753 -0.731603 0.137469 0.558243 0.839725 1.79166 1.49615 0.430835 0.15674 -0.227799 0.101212 0.614765 -0.21961 -0.337593 -0.00344834 -1.21061 -0.0796588 -1.3673 -0.204042 0.0916261 -0.547276 -0.048086 -0.776408 -0.438337 0.272208 -0.662236 0.440797 0.466294 -0.0485416 0.419385 -0.712904 0.296418 0.617141 -0.106118 
-0.420409 -1.3993 0.968984 -0.733353 0.203187 -1.5104 -0.425873 0.0525765 0.901374 0.463072 1.76499 2.01481 -0.252655 0.346332 -0.114332 -0.387148 0.0482813 -0.926958 -0.00757518 0.390484 0.689882 1.00907 -0.307202 -0.742876 0.990922 0.219604 0.442075 -0.249957 -0.64618 0.321601 -0.344751 0.533288 0.194312 -0.745412 0.619067 -1.36449 -1.37372 0.881184 0.489671 
-0.283517 -1.50898 0.691352 -0.526268 0.109247 -1.10972 -0.434015 0.673755 1.48546 0.642242 1.46327 2.20776 0.634349 0.543683 -0.164826 -1.03542 -0.170127 -0.308957 0.980771 0.232999 0.291904 0.79337 -0.372007 -1.64426 1.01108 1.18619 0.145815 -0.120942 -0.230066 0.0128067 -0.57642 0.299166 0.508321 0.374942 -0.337165 -1.00481 -0.700018 0.898672 0.41798 
-0.110712 -1.51017 0.321764 -0.86762 0.032544 -0.854397 -0.249922 0.27274 1.63261 0.224589 1.03107 2.74072 0.770496 -0.12096 -0.0784764 0.0555442 -0.0186421 0.0391864 0.367051 0.206734 -0.186023 -1.3697 -0.971598 -0.196721 0.133486 0.326021 -0.075065 -0.24983 -0.316662 -0.29431 0.0953321 0.309473 -0.390832 0.565675 -0.970441 -0.0899397 -0.380563 0.0625148 1.22916 
-0.372274 -1.56899 0.73702 -0.557241 0.139889 -0.868633 -0.278351 0.514288 0.251345 0.0244201 1.38061 2.31077 0.928102 -0.672491 -0.227602 0.578407 -0.212979 0.462744 -0.608807 -0.688585 0.454136 -1.86551 0.264543 1.13555 -0.924302 0.415029 -0.413046 -0.0201806 0.177323 -0.0916472 0.354446 0.508148 1.19196 -0.312546 -0.812361 -0.0749175 -0.112099 0.0412456 -0.404868 
-0.530112 -1.65803 0.699511 -1.03111 0.308073 -1.27306 -0.785782 0.621767 -0.051987 0.388827 1.54781 2.09295 1.13972 -0.5498 0.041726 0.202819 -0.092098 0.51636 0.245664 1.19094 -0.183053 0.475173 0.883367 0.0501226 -0.0731022 -0.851182 -0.766969 0.0878572 0.634786 0.0364136 0.470732 0.272417 0.152503 -0.32322 -0.348482 0.677346 0.38653 -0.932356 0.239832 
-0.71812 -1.5582 0.876225 -0.638302 0.446417 -0.709613 0.637496 0.35718 0.693471 0.580166 1.40901 2.26716 0.223625 -0.565782 0.358179 0.342438 0.274345 0.273105 0.935868 0.869182 -0.836765 1.49216 0.61037 -0.609588 -0.223506 -0.10123 -0.781929 0.148476 0.491303 -0.189408 0.477748 0.158225 1.13519 -0.8716 0.152317 0.813339 -0.0294002 -0.381301 0.232858 
-0.88554 -1.46083 0.92739 -0.862299 0.473958 -0.647413 -0.118458 -0.0546004 1.31416 0.771858 1.2794 1.94258 1.07118 -0.712462 0.182736 0.510239 -0.150026 0.230367 -0.0569772 0.14026 -0.895879 -0.285866 0.165662 -0.0851747 -0.390874 1.1559 -0.706672 0.412502 0.449208 0.365191 0.466605 1.17836 1.48124 -0.91422 1.30211 0.505731 -1.00153 -0.562826 -1.03861 
-1.16148 -1.46434 1.21068 -0.758862 0.587593 -0.755201 0.741817 -0.366143 0.444123 0.681846 1.37654 1.998 1.22109 -0.575804 0.275203 0.309659 0.228876 0.456344 0.488996 0.867217 -0.296284 -0.0110348 0.0448196 -0.7367 -0.465733 -1.24863 -0.676643 0.325884 0.446145 0.109379 0.508865 0.319506 -0.237334 -0.623783 0.0659612 -0.0126908 -0.481374 -1.0717 0.199873 
-1.24698 -1.31251 1.13445 -0.724496 0.745787 -0.323884 0.547348 -0.30165 1.31452 0.797086 0.953799 1.62029 0.0296847 -0.380974 0.316494 0.137422 0.309452 0.564607 0.441099 -0.416117 0.131611 0.37815 -0.174222 -0.55951 -0.929853 -0.894106 -0.50817 0.379918 0.177169 -0.74186 0.130607 1.67073 1.92058 -0.369574 0.875603 0.307804 -0.515715 -0.352849 -0.66412 
-1.40612 -1.2917 1.30835 -0.566116 0.922015 -0.464053 0.416405 -0.273305 0.798094 0.568495 1.13065 1.34628 0.480216 -0.247485 0.307713 -0.0515185 -1.21346 -0.247864 1.5325 1.38359 -0.145204 1.01297 0.356958 0.0456941 0.0370639 0.386095 0.64911 1.12538 -0.734464 -1.6682 -0.356415 1.62548 1.07004 -1.49348 0.122176 -1.33264 -2.42974 -1.08283 -1.22548 
-1.41159 -1.14503 1.11212 -1.57018 0.610466 0.705129 1.61199 -0.428694 2.24528 1.01979 0.980203 1.65486 0.374379 1.41338 1.42098 -1.19948 -2.53898 -1.11126 1.52557 1.67104 -2.00017 -0.222708 -1.5243 -2.71317 -0.404685 -0.698929 1.22295 2.15537 -1.08833 -0.393471 -0.757488 -1.43648 -0.643998 -0.319865 -1.73956 -1.8715 -2.23637 -1.78187 0.691789 
-0.57504 -0.468466 0.55693 -2.31564 0.287508 0.560274 1.70307 -1.8738 0.606131 -0.399003 -0.0841798 1.06732 -0.0951559 2.20004 3.02499 -1.52299 0.697087 -0.920657 -3.27624 -2.13561 -0.233166 -2.94922 -2.7454 -3.05755 -2.23908 0.515841 2.69763 2.29431 -2.84581 0.0232231 -1.7763 -1.33587 -1.70351 -0.0484295 -1.54442 -1.62859 -2.90038 -2.10639 0.219257 
-0.1089 0.623032 0.155236 -1.11312 0.086159 -1.51691 -0.0415146 -0.625607 -0.423969 -0.720252 -0.38957 0.0738982 0.829092 2.90381 2.12691 -2.92015 2.58262 -1.63694 -3.14739 -3.66363 1.96645 -1.49431 -0.553145 -1.19433 -2.20005 0.985952 3.02078 1.52594 -3.10599 1.28579 -1.93309 -1.8653 -2.77223 1.31088 -2.73723 -3.23324 -2.9584 -1.94749 0.434608 
1.14956 0.770593 -1.28732 -0.572883 -0.650927 -1.57465 -1.13065 -0.323495 -0.741196 -0.752085 -0.615673 -0.485943 0.758197 2.63533 -0.667141 -2.97342 1.04335 -2.07064 1.01287 -1.10833 1.92542 -0.107941 -1.38652 -0.928205 -0.16846 0.0514216 2.3761 0.771388 -2.54142 2.43743 -1.78339 -1.40349 -2.2117 3.53007 -1.01574 -1.77091 -1.5193 -1.11309 1.22669 
1.45474 0.216273 -1.72284 -0.419944 -1.10303 -0.839204 -0.901573 0.8921 -0.511656 -1.60058 -0.801331 -0.0373987 0.889994 0.897804 -0.937694 -0.758673 0.705556 -1.12225 1.44363 1.07602 2.54362 0.371277 -1.70651 -0.850338 0.82795 0.612061 1.95407 -0.624881 -2.45429 0.672719 -1.89544 0.891242 -0.37386 1.92727 -0.652278 -1.65382 -1.78455 -0.151782 -0.83655 
1.67155 0.204467 -1.75877 -0.110044 -1.29179 -0.605727 -0.303566 1.68526 -0.393469 -1.83486 -0.992401 0.109986 1.2945 0.489576 -0.30616 -0.579221 -0.126837 -0.862294 0.0640695 0.672613 0.549504 -0.606734 -0.723229 -1.47424 -0.0106938 -1.13834 0.758071 -0.726204 -0.719054 0.367764 -0.695137 1.85523 1.42596 1.83428 0.163348 -1.06431 -0.917461 0.732268 -1.0817 
1.732 0.0221469 -2.08033 -0.524692 -1.59359 -0.802955 -0.386075 1.31688 -1.05254 -2.06126 -1.45876 -0.0367175 -0.0579824 0.309318 -0.192536 -0.281066 -0.198878 0.0504057 0.801446 0.59565 -0.186771 -0.169577 0.351539 -0.382553 0.0899595 -2.018 0.467748 -0.0244356 -0.14324 0.575004 -0.0474376 1.42498 1.31226 0.726016 -0.102405 0.0193859 -0.927272 0.469384 -0.918953 
1.84075 0.0772703 -1.92689 -0.263915 -1.25466 -0.070959 0.152488 1.5252 -0.537158 -1.61558 -1.15867 0.182108 -0.399398 0.252014 0.26282 0.373356 0.912032 0.794715 1.65964 0.865927 0.400129 0.509854 0.755737 0.228113 0.602377 -0.055811 0.206516 -0.0142581 -0.240094 -0.126543 -0.103269 0.996988 0.370526 -0.00633664 -0.0110215 0.389339 -1.16304 0.237023 -1.90728 
1.86684 0.163174 -1.83281 0.0789378 -1.12613 0.312016 0.278735 1.62301 -0.578905 -1.58627 -1.35028 0.399105 -0.088011 0.0133878 0.164958 -0.0650601 0.04124 -0.204552 0.403632 -0.159774 0.206502 0.175369 0.154631 -1.18158 0.213375 -0.462274 0.0262148 0.445515 0.159554 0.593103 0.216642 1.48098 0.398115 0.725746 1.78671 1.12936 -0.408926 0.385314 -0.855982 
1.83253 0.160653 -1.95782 -0.254055 -1.36494 0.194858 0.02507 1.67753 -0.367432 -1.52088 -1.68443 0.341828 -0.774094 -0.21842 0.421692 -0.140726 -0.102512 -0.452836 0.131931 -0.397747 0.54916 1.51573 0.697906 -0.775078 -0.115021 -1.05639 -0.510183 0.686199 0.211917 0.253564 -0.0889424 0.398721 -0.332835 0.21201 1.83099 1.03477 -1.38716 -0.210742 -0.897562 
1.71966 0.397785 -1.9118 -0.00922401 -1.37996 0.394143 -0.0324883 2.04752 0.808664 -1.14785 -1.69315 0.325738 -0.9665 -0.839905 0.892323 0.37352 0.311962 0.0726192 0.0764818 -0.227903 0.0904733 1.89996 1.1779 -0.684842 -0.465695 -0.704037 -1.29579 1.04268 0.508828 -0.161802 0.592477 0.282437 0.213866 -1.17782 1.07288 0.796963 -0.873047 -1.82387 -0.899489 
1.31277 0.672485 -1.7102 -0.0595983 -1.31497 0.239499 -0.15497 1.73769 1.36924 -0.778799 -1.9867 0.0195608 -1.3538 -1.86781 1.18769 0.879163 -0.102511 1.37745 0.207273 0.650193 -2.01691 -0.292157 0.330157 -0.397906 -2.13911 -0.112427 -1.61394 1.45885 1.32926 0.706739 0.740158 -0.382149 -0.21398 -0.409438 0.331178 0.305037 -0.272965 -2.22318 -0.0576198 
0.583662 1.0836 -1.34303 -0.0973851 -0.575578 0.527208 0.465694 0.433726 0.5536 -0.942104 -1.86632 -1.18427 -1.04454 -1.75648 1.36162 1.55304 0.650278 1.08098 -0.542606 -0.0206093 -0.582578 -1.5097 -0.779661 0.321264 -2.28397 0.630756 -1.72301 1.51495 1.59744 0.058698 0.982183 -0.372509 -0.298709 -1.49749 -0.555414 0.504639 0.417917 -2.54349 0.128152 
0.24351 1.46076 -0.713444 0.365548 -0.681998 -0.134409 -0.1749 1.26323 0.00793109 -1.27519 -1.83631 -1.59327 -0.80164 -0.903468 1.15315 1.43577 0.193825 0.151408 -0.661716 -0.997914 0.143258 -0.313688 0.323635 0.966206 -1.00803 0.280894 -1.46646 1.2054 1.28917 0.292369 1.22186 -0.00168881 -0.602941 -1.66832 -1.78661 -0.71518 0.937512 -1.94245 0.699145 
0.0257903 1.74907 -0.420763 0.0165179 -0.480054 0.0727732 -0.309085 0.535816 0.278973 -0.74048 -1.42577 -1.89148 -0.789051 -0.603415 0.499782 0.315465 -0.244925 0.819512 0.537513 -0.683331 -1.50798 -0.479422 -0.128317 0.947879 -0.117311 0.280754 -0.52855 0.326895 0.485415 1.43013 0.943254 0.0883786 -1.33897 -1.48664 -0.407882 -0.116965 0.686303 0.772452 0.66898 
-0.134479 1.74136 -0.502696 0.180279 -0.200198 0.221922 -0.706702 0.0536958 -0.41728 -1.3595 -1.40401 -1.66826 -0.546272 0.0474986 -0.652352 -0.731237 1.74061 1.31709 0.765764 -0.567826 -2.00313 -0.126402 -0.4657 -0.0359003 1.97581 0.591361 0.700873 -0.308211 -0.924064 0.387501 -0.169856 0.866454 -0.567201 -1.07762 1.39636 0.0495091 0.184697 2.03457 -0.591531 
0.0380243 1.35102 -0.874793 1.18513 0.28943 0.583418 -0.751673 -1.06703 0.174513 -1.03824 -1.43608 -0.480829 -0.270298 1.71882 -0.98263 -1.65209 0.778128 -1.0769 0.509388 0.021238 0.16746 2.06644 0.199392 -0.694152 2.65132 -1.04882 1.20034 -0.87623 -1.23923 0.694631 -0.439625 0.511883 0.130958 -0.452336 1.03899 -1.36462 -0.386211 1.74711 -1.26863 
0.879714 1.14877 -1.54158 0.692603 -0.814841 0.559237 -0.694311 0.17501 1.47066 -1.23648 -1.71047 0.221844 -1.41834 1.86879 -0.710235 -1.0618 -0.794641 -1.99276 -0.148524 0.723196 1.45656 1.3119 -1.27377 -0.480427 0.201476 -2.24055 1.34311 -1.06127 -1.13346 0.260994 -0.463476 0.581649 0.454125 0.297674 1.32796 -1.12696 -0.573369 0.964044 -1.71777 
1.14213 0.918881 -1.53877 0.625025 -0.854732 0.475938 -0.197105 0.0782494 1.37688 -1.84724 -1.64638 -0.329556 -2.15292 0.42641 -0.666544 0.0122232 -0.414941 0.36425 0.192394 0.512523 0.238287 -0.556267 -1.63459 -0.0746193 -1.44578 -1.18484 0.961584 -0.548488 -0.68195 -0.835764 -1.02395 -0.693293 0.278872 0.877003 0.124658 -0.666829 -0.489427 -0.290622 -1.50756 
1.11911 0.74236 -1.52342 0.391404 -0.596258 0.682242 -0.302462 0.352583 0.975623 -2.27375 -1.73819 -0.796064 -2.40575 -0.335338 -0.144751 0.0757982 -0.316144 0.411084 -0.694637 -0.394636 -0.315212 -1.15367 0.427701 -0.175121 -0.552923 0.280438 -0.181572 0.183263 0.364616 -0.300972 0.60444 -0.987191 0.363848 -0.836905 -0.767704 0.624241 0.880368 -0.498203 0.763351 
0.924848 0.819832 -1.48024 0.391193 -0.609071 -0.000753264 -0.505926 -0.183836 0.339055 -1.57977 -1.71932 -0.713734 -1.89782 -0.726001 0.944885 0.517371 0.0228818 0.578914 -1.39169 -0.0844654 -1.27317 -0.288091 2.44151 1.26668 0.836739 2.1799 -0.863894 0.617094 0.657289 -0.458953 0.76539 -0.740347 -0.210198 -0.546585 -1.56806 1.27692 0.352923 -0.360437 1.98672 
0.667626 1.28515 -1.18444 0.388745 -0.253564 -0.26571 -0.371714 -0.670429 0.724253 -0.732225 -1.16245 -0.193897 -0.539968 -1.05835 1.095 0.877635 -0.288231 0.781636 -0.205544 0.150552 -0.351034 -0.589907 1.21486 0.655756 0.114838 2.30661 -1.30477 1.02492 0.872354 -0.0469326 0.758401 -0.0287029 0.549905 -0.529415 -1.63997 1.23261 0.0763146 -0.898205 1.86344 
0.274123 1.45105 -0.912448 0.176395 -0.14917 -0.146782 -0.393655 -0.474375 -0.186542 -0.814304 -1.41845 -0.623954 0.0754139 -1.37464 0.637004 0.747511 -0.0735284 0.60297 1.35387 0.730373 0.628722 -1.53627 -0.855678 -1.15915 -1.94217 0.246723 -1.4637 1.19971 1.13168 0.197607 0.758708 1.11472 1.27474 -0.402023 -2.3601 0.45751 1.22434 -0.683635 1.46659 
-0.172711 1.64659 -0.699293 0.320346 0.103038 0.642534 0.188397 -0.182723 -0.661205 -1.27671 -1.67812 -1.56413 -0.313457 -1.29712 0.757601 0.7628 0.566229 0.400723 1.55329 1.34406 -0.131656 -2.04355 -0.621411 1.00027 -0.953995 -0.396412 -1.34506 0.626588 1.07422 0.121123 0.305943 0.675501 1.14392 0.978135 -1.29347 -1.12289 -0.738385 -0.745745 -0.172826 
-0.519743 1.88353 -0.41759 0.54423 0.0905001 0.896284 0.640453 -0.590656 -2.0329 -1.21058 -0.962572 -1.2928 -0.243433 -0.790599 0.327951 0.809705 0.248737 -0.122629 -0.538357 0.611055 0.641037 0.10121 -0.574301 0.167797 1.02594 -0.469925 -0.995044 0.176248 1.42545 -0.252148 0.428556 -0.446893 1.18924 0.195633 0.238917 -0.959277 0.482895 -0.787107 -0.438766 
-0.662917 1.82598 -0.174644 0.471693 0.0401238 0.271499 0.65635 0.314765 -0.558859 -1.64318 -1.59678 -0.827672 -0.69464 -0.30687 -0.490126 1.30306 -0.892671 0.269732 -2.09787 0.0504408 0.407838 2.33015 -0.59909 -0.344324 -0.0135666 -0.172861 -0.44426 -1.01432 1.89232 -1.33247 0.404766 -2.00708 0.778364 -0.266612 2.55301 0.121099 2.77173 0.639561 -0.627415 
-0.719953 1.58104 0.420395 -0.0827202 0.254436 -0.529091 0.6754 -0.278405 0.0946378 -1.59273 -1.11164 -1.29416 -0.372717 0.0697877 -1.90441 1.93226 -2.02707 0.756196 -1.89681 0.302352 -0.951788 2.78533 0.737035 3.57538 -0.22307 -0.34484 0.194061 -1.85808 1.47149 -1.69041 0.432493 -2.00238 1.10693 -0.0472599 2.07008 -0.779298 0.259265 0.0220418 -0.760234 
-0.637321 0.690419 1.06296 -0.928774 0.485317 -1.01795 0.885868 -0.452969 1.98225 -1.18001 0.0176626 -0.97773 -0.969757 0.609605 -2.39314 0.829466 -1.3667 0.406826 -0.331614 1.24768 -0.440068 0.0138081 -0.390978 0.69863 0.0501197 -0.814744 0.479599 -1.92649 1.22452 -1.6695 0.812049 -0.745435 0.451595 -1.37374 0.321041 0.374775 1.76734 0.132914 -0.287129 
-0.370736 0.157589 0.957595 -1.0329 0.497634 -0.760353 1.63507 -0.639666 0.117571 -1.84321 -0.791475 -1.25032 -1.0463 0.690805 -1.0848 -0.157373 -0.204203 0.508869 0.990469 0.228447 -0.764738 -2.40646 -0.249511 -1.18695 0.39721 -0.0271047 0.318432 -2.25299 0.727025 -1.35581 0.658547 0.56099 0.15284 -1.5356 -0.449107 0.221694 -0.290976 -0.885904 -0.997962 
-0.239424 0.0376388 0.973396 -1.08628 0.787513 -0.355389 1.0583 -1.07212 -0.193845 -1.34099 -0.510511 -0.68753 -0.975443 -0.107443 -1.10174 0.224956 -0.442995 0.620232 1.00836 -1.06669 -1.48198 -0.500215 0.682507 -1.0865 -1.14028 -0.48222 0.145231 -1.24716 0.383217 -0.339118 0.182593 1.05131 -0.0509546 0.28974 -1.92038 -0.179245 -1.16292 0.064118 -0.766142 
-0.451389 -0.50517 1.11086 -1.35323 0.864217 -0.0856958 0.807169 -1.82854 -0.326533 -1.41454 -1.27446 -2.05139 -1.43791 -0.466369 -0.852281 0.713904 -0.239122 -0.219783 0.280434 -0.286075 1.16041 0.267045 0.0277064 -0.377019 -0.308442 -0.968188 -0.372873 -0.768927 0.668085 0.336093 0.294735 0.771842 -0.509766 0.29058 -0.771659 0.774351 -0.577764 -0.00592574 -0.409196 
-0.535254 -0.478175 1.4372 -1.26759 0.668427 -0.172863 0.833332 -0.162084 0.0591771 -1.32659 -0.674289 -0.898182 -1.77914 -0.498898 -0.0946545 0.744111 0.90711 -0.157268 -0.0761083 0.471843 1.87872 -0.348586 0.316604 0.311804 1.14213 -0.0485724 -0.566467 -0.671901 0.691658 -0.0271158 0.175097 0.875776 -0.208736 -0.0994084 -0.733133 0.641105 -0.502605 -0.586211 -0.396891 
-0.766721 -0.57471 1.59385 -0.752957 0.781276 -0.144217 1.1676 -0.347933 -0.632868 -1.21737 -1.12833 -1.23246 -1.4618 -0.450399 -0.193844 0.289301 0.215108 0.497246 0.777763 0.0437032 -1.25886 -1.07256 0.800806 -0.296304 -0.409816 0.453407 -0.0681989 0.151537 0.197022 0.346041 -0.364041 -0.0460238 0.275574 0.959995 -1.2205 0.558002 1.88092 1.16491 -0.104119 
-0.82151 -0.606143 1.63133 -1.13917 0.963904 0.345894 0.863075 -1.17373 -0.904956 -0.82308 -0.801752 -1.18079 -1.37737 0.3811 0.323857 -0.457221 -0.429626 -0.401207 0.0172913 -0.147145 -0.63199 -1.00449 0.40551 2.22983 0.312664 -0.0852184 0.483389 1.13588 -0.79338 2.03111 -1.28957 -2.17038 -0.4684 -1.63753 -2.14306 1.30846 0.67724 0.454609 0.565135 
-0.554492 -0.397729 1.31385 -1.06417 0.557297 -0.139594 1.04993 -0.861643 -1.53516 -0.963943 -0.11926 -1.00227 -1.51676 1.21707 1.94759 -1.43668 2.52699 -2.49076 -3.41082 -0.590112 -0.792611 -1.31704 0.882146 1.21439 0.983164 0.283713 1.54931 1.04335 -1.92785 1.99367 -2.01688 -2.35403 -1.29259 -1.4191 -1.2438 1.72237 1.94402 1.02376 0.448098 
-0.108117 0.527286 0.729264 0.565657 -0.468184 -1.96713 0.403273 -1.81503 -2.09122 -0.268106 -0.249544 -0.474692 -1.11949 2.09477 1.28657 -2.33305 3.12142 -2.72002 -2.87289 -1.3643 -1.14213 -0.374774 1.80738 0.39692 0.966967 0.670035 1.70651 1.02691 -1.9738 2.79951 -2.93673 -2.84053 -0.487489 0.30827 -0.0572575 1.87748 1.21585 0.710618 -0.0326264 
0.685081 0.346332 -0.157521 1.04598 -1.00734 -2.08894 -0.00783039 -1.78057 -1.86528 0.176392 0.0651635 -0.307671 -0.931296 1.51087 -0.362614 -1.42014 1.24779 -2.0567 -0.0343146 0.0213514 1.21181 1.27089 1.52933 0.430188 -0.0921218 -0.32447 1.51585 0.705877 -1.69177 3.3782 -2.65919 -2.47269 -1.95848 -0.330702 1.23661 2.39801 0.097855 0.124518 -0.885499 
0.781408 0.299906 -0.162301 1.39823 -1.64931 -1.9974 0.415752 -0.864156 -0.926117 0.696319 -0.0501527 -0.531807 -1.37733 0.32745 -0.198813 -0.115335 1.4311 -1.39711 -0.126498 -0.926825 0.749996 1.78231 1.27055 -0.260327 -0.803247 -1.82065 0.912422 -0.205712 -1.19557 2.45304 -1.46466 1.39647 -0.624261 0.426725 1.03106 0.888734 0.78473 -0.219022 -0.552813 
0.865147 0.215438 -0.220381 2.00355 -1.80712 -2.18153 -0.727702 -1.19653 -0.235501 0.977095 -0.0461139 -0.869523 -2.45785 -0.0562452 0.0385153 -0.309675 2.06136 -0.208304 1.72347 -0.750256 -0.642203 -0.0942898 -0.383776 0.632878 -0.170473 -0.393214 0.03039 0.00483951 0.0551548 1.82124 -0.68118 1.37489 -0.233649 0.132259 0.736721 0.545106 0.261865 -0.196369 -0.328994 
0.731448 0.308809 -0.34859 2.78556 -1.76176 -0.839273 -0.167741 -1.38598 -1.0014 0.45039 0.240431 -0.644533 -1.69347 -0.287161 0.200814 0.196778 1.02896 0.346909 1.78951 0.655283 -0.554284 -0.936416 -0.564948 0.618141 0.568763 1.39422 -0.415609 0.182046 0.208237 1.6826 -0.0106202 1.29704 -0.982369 -1.21836 -0.51198 0.0321995 0.946977 0.496135 0.864961 
0.676752 0.319942 -0.0850131 2.68691 -1.59856 -0.978758 -0.225588 -1.64852 -1.07593 0.616545 0.237839 -0.457558 -1.2583 -0.618623 0.237939 0.612806 0.212382 0.197811 -0.154796 -0.397951 -0.87703 -0.462756 0.43269 0.649031 0.795352 1.5205 -1.06235 0.652638 0.558127 1.11093 0.650096 0.686205 0.950677 -0.878492 -0.770442 -0.0879446 1.37645 0.955067 2.17889 
0.344342 0.435181 0.0510046 2.91211 -1.63941 -0.950993 -0.479122 -2.09433 -1.41147 0.72101 0.538281 -0.0717409 -0.386834 -1.42476 0.804487 0.613052 0.476485 0.667045 -0.961033 0.459882 -0.5334 0.0889821 0.460038 1.24305 0.625628 1.44291 -1.42671 0.897617 0.653344 -0.850774 0.915185 -0.2294 0.210178 0.358667 0.155802 1.69204 1.10478 -0.0142073 1.83948 
-0.193635 0.780034 0.314738 2.99355 -1.20491 -1.63555 0.125602 -2.08391 -0.984698 0.904466 0.802942 -0.00523225 -0.017461 -1.67754 1.14678 0.334913 -1.34334 1.22717 -0.126231 0.646078 1.36022 0.655978 1.74136 0.84572 -0.803783 0.874942 -1.75826 0.770997 0.59937 -1.13751 0.682023 -0.389256 -0.885681 -0.19571 -0.09522 0.639335 0.99146 0.425523 1.65009 
-0.677589 1.0969 0.274105 1.97786 -0.921915 -1.0434 0.0158819 -1.02557 -0.805066 1.81958 0.924624 -0.633973 0.372387 -1.40304 0.384126 0.256505 -1.9928 0.396413 0.486296 -1.49488 0.312675 -0.177789 0.366209 0.0988638 -0.0883744 0.706086 -1.70415 0.662656 0.449964 -1.89296 0.841752 -0.237685 0.673422 1.60835 1.36935 1.05637 0.4707 -0.509951 -0.0858454 
-1.051 0.992517 0.48804 1.61646 -0.967736 -1.31385 -1.03302 -1.84725 -1.13585 1.13303 0.853268 -0.0596866 0.598575 -1.06349 -0.125964 0.318279 -1.18825 0.0839519 -0.164836 0.144455 0.709745 0.900698 -0.381177 -0.206226 0.180158 -0.984954 -1.27657 0.316579 0.0634424 -1.80677 0.376143 0.523771 -0.280629 1.46316 0.0388547 -0.0429253 -0.43391 -0.717283 -0.771438 
-1.33139 1.00892 0.48664 1.14936 -0.865391 -1.16191 0.123443 -0.473509 0.023688 1.57529 0.837688 -0.49783 -0.445525 -0.652379 0.100693 -0.16306 -0.422959 0.192774 0.14535 1.16833 1.57295 0.239618 -0.41348 -0.679529 -0.792539 -1.70827 -0.9327 0.125871 0.355339 -0.720763 0.152463 0.058563 0.0178407 0.738037 0.918348 0.0907055 -0.441975 -0.263423 -1.10169 
-1.45835 1.03804 0.394868 1.30979 -0.848295 -1.22265 -0.134643 -0.609523 -0.907746 0.868304 0.553388 -0.613939 -0.832686 -0.440532 0.315417 0.197881 0.232021 0.158418 0.232755 -0.121532 0.255152 0.149262 0.504998 -0.385317 -0.497853 -0.446996 -0.551063 0.358252 -0.0854402 -0.0764422 0.628488 0.330839 -0.271115 0.545394 1.45066 0.230154 0.543773 0.333969 -0.722415 
-1.61173 1.18093 0.622709 1.28931 -0.765813 -1.01162 0.025562 -0.28254 0.169694 1.89166 0.670176 -0.842922 -0.807267 -0.23969 0.448668 0.0408985 0.332653 0.787677 0.252505 -1.48374 -0.852658 1.40841 0.71584 1.41759 1.21618 0.769881 0.45385 -0.14405 -1.67558 -0.557487 2.15457 0.729105 -2.74455 -1.21443 0.552308 -0.996106 0.512324 0.257224 1.30344 
-1.61828 1.28854 0.431235 1.51836 -0.384901 -1.059 -1.28466 -1.29851 0.382314 1.31806 1.19702 0.257545 -0.162555 1.15984 -0.544014 -2.62282 -0.968819 3.18825 0.64771 -3.08999 -1.76939 0.489444 -1.77265 1.08096 0.826256 2.14489 1.48789 -0.546351 -2.38351 -1.83241 2.94644 -0.167712 -2.36023 -0.472447 0.799438 -1.66457 0.777849 1.42017 2.49714 
-0.932652 0.846695 -1.0327 0.610437 1.08551 -0.580786 -2.36509 -1.69971 0.624785 0.767039 1.16235 -0.248196 1.02883 2.61707 -1.30034 -3.49104 -2.78286 3.78679 -0.458781 -1.27778 0.280549 -0.49205 -2.83934 -0.363801 0.55538 2.48138 1.31456 -1.56998 -1.1113 -1.4022 2.81797 -0.558761 -1.14811 -0.537602 0.124537 -3.22613 0.122594 1.19975 2.01152 
-0.0655843 0.508803 -1.7756 -0.39747 1.81248 -1.37624 -2.27561 -1.08737 -0.054372 -0.481413 1.03919 0.66001 1.95887 0.939604 -1.89304 1.01505 -0.903218 1.18702 -1.32785 1.74772 1.11455 -0.331348 -2.35016 -0.910994 0.671773 0.47443 1.43655 -2.68511 -0.342791 -2.50046 2.12566 -0.470042 -0.478098 1.05373 0.737832 -1.73889 -0.196453 0.88971 1.01379 
-0.3856 -0.282172 -0.377636 -0.0237059 1.77979 -1.48557 -1.0192 -0.826103 0.334112 -0.72295 0.758336 0.236882 1.44843 -0.32201 -2.86382 2.9962 -0.56516 -0.484959 -0.113851 0.720019 1.0852 1.3392 0.620674 0.103425 0.557907 -1.16042 0.539543 -2.49689 1.8506 -1.46797 0.398319 -0.400394 0.998437 1.69913 0.0904023 -0.100107 0.0279869 1.61995 -1.15839 
-0.274871 -1.19189 0.137731 -0.801099 1.54008 -1.46028 -1.72349 -0.237073 1.1728 -0.091863 1.09156 1.06427 0.99217 -0.0828912 -1.9796 1.6665 -1.0572 -0.563447 0.839616 -0.576632 1.07068 0.451093 2.22968 0.953346 1.34771 -1.98016 -0.598732 -2.19536 2.93245 -0.685427 -0.559205 0.983629 0.868512 1.13307 0.722865 1.79237 -0.464726 -0.187137 -1.24826 
-0.451535 -1.46203 0.691178 -0.762848 1.46201 -0.925001 -1.46859 0.0126649 0.754358 0.684559 1.1931 1.20172 -0.213387 -0.646496 -0.541829 1.25205 -0.343581 -0.37612 1.30274 0.298942 0.381292 -0.508866 1.68183 -0.725655 -0.780935 -0.462258 -0.332963 -1.22266 1.7054 -0.81346 -0.618009 1.26194 -0.260298 1.43551 0.298551 1.60839 0.373621 0.941397 -0.263038 
-0.678687 -1.52484 0.943321 -1.05364 1.3306 -0.586597 -1.49661 0.054093 0.720834 0.969044 0.770933 0.518254 0.617488 -0.459455 0.0804667 0.804767 -0.023604 -0.38881 0.686519 0.273886 0.779829 -0.0974889 -0.162727 -0.444793 -0.170282 1.63956 -0.590175 -0.60279 1.17897 -0.128339 0.0379687 1.65071 0.645938 0.394011 -0.275394 0.702229 -0.460596 -0.340038 0.161425 
-0.74322 -1.42841 1.21269 -0.797204 1.2452 -0.467931 -1.26106 0.620399 0.676168 0.578479 0.99883 1.08913 1.19421 -0.308289 -0.397258 0.456862 0.183529 0.440965 0.694497 0.459411 0.146779 0.217631 -0.775063 0.108995 0.368164 0.674024 -0.537566 -0.316363 0.74432 -0.962367 -0.397378 0.110155 0.212522 0.666355 -0.140873 -0.3488 -0.130571 -0.292693 1.98864 
-0.879748 -1.77262 1.24387 -0.946757 1.59354 -0.124134 -1.14578 0.158979 0.928958 0.475562 0.825817 0.787838 1.20634 -0.41097 -0.575941 0.274701 -1.25733 -0.221356 -0.556082 -0.0230137 0.0940498 -0.04261 -0.276163 0.273279 -0.183735 0.949983 -0.314015 -0.00316472 0.533161 -0.234989 0.242694 0.422896 0.450341 0.158843 -0.000409814 -0.421661 0.256925 0.75861 1.10765 
-1.00584 -1.78145 1.39755 -1.6728 1.1252 -0.85095 -1.28285 0.683401 0.64784 0.400634 1.12763 0.966993 2.01706 -0.203674 0.386862 0.316813 -0.486912 -0.0586921 -0.185088 0.0699193 0.0826886 -0.199916 0.242886 0.242155 0.582435 0.769078 -0.41439 -0.234323 0.409432 -0.740623 0.404667 0.699541 0.787576 0.884433 0.503853 -0.12111 -0.187616 0.33342 0.172292 
-1.01809 -1.55853 1.45548 -1.29703 1.56759 -0.256334 -1.09579 0.212957 0.757704 0.626099 0.940611 1.20951 1.87579 -0.261944 0.20753 0.319794 0.274405 0.854771 1.40072 0.947208 1.05673 0.626876 0.128791 -0.521737 0.606694 -0.724076 -0.368549 0.148648 0.616077 -0.121792 0.192293 0.0668337 0.487242 0.781901 0.856911 0.627132 -0.0288743 0.318648 0.392581 
-1.17912 -1.67299 1.61105 -1.50396 1.62739 0.0889721 -0.55526 1.51109 1.2278 0.478987 0.898739 1.40588 1.42036 -0.395734 -0.162132 0.576939 0.335658 0.362818 0.263029 0.502618 0.937903 1.18085 0.567736 -0.276498 -0.177808 -0.256505 -0.411529 0.316313 0.205057 0.600296 0.367814 1.0448 1.16007 0.298176 0.590031 0.579867 -0.295365 -0.252824 -0.00307906 
-1.27158 -1.66782 1.83229 -1.08642 1.78535 -0.0855741 -0.711593 0.946254 1.841 0.982157 0.822058 1.09157 1.67558 -0.406381 0.276876 -0.0212677 0.544782 -0.278497 -0.137706 0.41313 -0.650346 0.0542135 0.621317 0.127945 -0.911236 0.721769 -0.508899 0.00171192 0.0863062 -0.352981 -0.32609 1.03351 1.22472 1.33736 0.328772 0.57441 0.0741517 -0.358301 -0.555983 
-1.43898 -1.52368 1.60793 -1.15074 1.47436 -0.0111941 -0.24018 0.982796 1.28745 0.868943 0.962149 0.76738 2.0497 -0.428725 0.159289 -0.450384 -0.797614 -0.862452 0.986301 0.933421 0.787976 -0.793292 0.175385 0.381119 -0.257626 -0.465304 -0.549022 0.155326 -0.0943402 -0.0683548 -0.439632 0.579199 0.864402 -0.318962 -1.04631 0.463963 0.0523289 -1.37878 -0.401497 
-1.54484 -1.58777 1.55664 -1.64855 1.29469 0.57417 0.00534741 1.56046 1.13061 1.08999 0.999373 0.91699 1.29831 -0.482414 -0.0418047 -0.113783 -0.624219 -0.397185 0.836519 0.601018 0.273123 -1.21159 -0.0196051 -0.0527586 -0.790557 -1.24254 -0.454207 0.291868 -0.257199 -0.428016 -0.323979 0.59231 1.33201 0.750385 -0.830262 -0.200738 0.110228 -0.193228 -0.259796 
-1.74443 -1.56209 1.54606 -1.59464 1.2527 0.547286 0.22002 1.18804 0.196992 0.853412 0.944258 0.214535 1.01336 -0.308035 0.287257 0.0794875 0.234817 0.366092 -0.271601 0.62824 0.1926 -0.121351 -0.424707 -0.227838 0.0270395 0.128928 -0.438318 -0.0319812 0.0362309 0.0661049 0.284058 0.910138 1.17781 0.483031 -0.0689819 -1.05086 -0.820704 -0.308171 -0.914861 
-1.74575 -1.43235 1.61751 -1.5067 1.51434 0.383481 0.486573 1.70174 1.03074 0.818165 0.902713 0.944453 1.42493 -0.228869 -0.0132222 0.167821 0.725487 0.843593 0.263317 0.780098 0.36798 1.15226 -1.31816 -1.04962 0.417331 0.0537202 -0.462768 0.412327 -0.258087 -0.209532 0.242635 -0.334352 1.81764 -0.529354 0.954359 0.0646247 -0.25902 -0.950937 -0.0346238 
-1.89788 -1.58367 1.66303 -1.11821 1.74842 0.71824 0.818538 1.46863 1.25432 0.0163338 0.47787 0.519017 1.07621 -0.442453 0.345854 -0.45167 -0.503987 0.0160903 -0.136605 1.50203 -0.836966 1.21177 0.515136 -0.116931 -1.19791 -0.172284 -0.257523 0.682084 -0.360724 0.378289 0.338071 0.529707 1.78034 -0.805745 0.689593 -0.299872 -0.239966 0.275104 -0.190246 
-2.02724 -1.24241 1.34104 -1.86861 1.53163 0.284059 1.6427 1.02521 2.14213 1.14094 0.855951 0.102483 1.29614 -0.19251 1.06413 -0.68864 -0.204663 -0.313436 0.375522 1.30651 -1.36329 -0.359315 0.941912 0.730554 -0.0667398 -0.29959 -0.421579 0.698867 -0.711934 0.586395 0.0262457 0.442391 0.83654 -0.751466 0.0318403 -0.0740601 -0.380891 -0.448577 -0.183406 
-2.02953 -0.970634 1.23606 -1.27603 1.57519 0.965053 1.82364 0.37403 0.938233 0.609119 0.812399 0.479918 0.839465 -0.241989 0.731046 -0.577759 1.30449 0.0305775 0.669637 -0.52051 -0.0894264 -1.15782 -0.602269 -0.392221 0.650444 -0.0646843 -0.438391 1.00306 -1.04666 0.704538 -0.296087 0.232128 0.724397 -0.193918 -0.48894 0.921593 0.765469 0.554716 0.282554 