-0.834169 -0.731221 -0.070907 0.273263 1.38029 1.11274 1.21122 1.77915 1.72809 1.09882 1.31751 2.03046 -0.317131 -0.10389 -0.301697 -0.172929 -0.820431 -0.940499 0.219199 0.257914 1.19676 -0.556157 -0.621014 -0.0321651 0.342464 0.101605 1.31501 -0.855133 -0.0441799 -0.603431 -0.550339 0.807743 0.0829476 0.411945 -0.408171 0.879152 0.122809 -1.41511 1.36672 
-0.804168 -0.819058 -0.00569444 0.0269311 0.901442 0.832775 1.16397 1.7664 0.78346 0.453672 1.05838 0.958571 -0.396777 2.4047 -0.974518 0.199471 -1.9044 -1.35564 0.611729 0.110301 -0.0319619 -0.923325 1.12637 -0.482053 -3.48517 1.00494 0.979167 0.321168 0.257244 -1.4208 -0.456817 0.778544 -0.0970136 0.141226 -1.16863 -0.228914 -0.0627181 -1.11252 -0.489868 
0.143282 -1.25417 0.025583 -0.597401 0.547346 1.45517 1.26293 1.75459 1.00331 1.98063 1.05297 -0.868979 0.31881 1.69078 0.819081 0.565598 -1.45926 0.236384 0.926525 -0.402753 -0.998913 -1.00591 0.331193 -0.0564987 -1.80578 -0.759181 0.0792662 0.645744 0.803969 -0.540254 -0.194287 -0.365553 0.463349 -0.233598 -0.664378 -0.458728 -0.537976 -2.16949 -0.398635 
-0.121056 -0.376061 0.26031 -0.640252 1.04323 1.35295 0.96968 1.1287 -0.00553122 0.715136 1.02828 -0.54817 -0.85637 -2.27648 2.01507 1.03187 1.03944 1.05792 -1.15079 0.55527 -0.298436 0.0387574 -1.71442 -0.2885 0.629974 -1.53999 -0.176039 0.863807 0.540715 0.214138 0.484205 0.186668 0.259641 -0.457451 0.482535 0.801836 -0.0455219 -1.17305 1.25715 
-0.809252 -0.16707 0.50747 -0.122396 1.19213 0.802354 1.52801 1.56106 1.02646 0.646236 0.895061 -0.35577 -0.625672 -1.97639 0.572957 0.261914 1.80633 0.516189 -0.652389 0.773717 0.353032 1.6623 0.71663 -0.00749231 0.262758 2.4479 -1.86711 1.22531 0.141417 0.919714 0.653776 -0.140457 0.874108 -0.421129 -0.309935 -1.35965 -0.864132 1.0247 0.203219 
-0.949867 -0.0656138 0.385711 0.185311 1.35633 0.981572 1.33951 1.34826 1.27981 1.27729 1.02518 -0.33949 0.675658 -0.750232 -0.0403431 -0.81688 0.441243 -0.0428533 0.943204 0.70435 -0.296255 -0.447106 -0.0427948 -0.950014 0.721116 1.81325 -1.69759 -0.110167 -0.124415 0.644172 -0.022979 0.0592684 1.16828 -0.0483393 0.482049 0.178336 -0.417636 -0.71819 1.24268 
-1.13253 -0.18692 0.133394 0.0791669 1.16295 1.33195 1.86458 1.36891 0.671902 0.61594 0.372715 0.233021 0.512234 -0.775544 -0.75082 -0.454709 -0.768348 -0.548729 0.738917 0.911344 -0.422341 -1.00656 -0.477947 -0.5904 -1.20681 -0.778613 -0.71783 -0.12504 -0.35076 -0.521878 -0.449153 -0.00214756 -0.609662 -0.853776 -0.554286 0.553625 -0.345367 0.287349 1.77914 
-1.28359 -0.468094 0.179319 -0.166047 1.01742 1.39581 1.77532 1.07616 0.490312 0.90752 0.700952 -1.3495 0.203998 -0.413585 -0.161492 0.276872 -1.27669 -0.649398 -0.947116 -1.59059 -0.908176 -0.289547 0.768504 0.455812 -0.341015 0.576511 -0.72626 0.052684 0.224956 -0.370012 0.00811757 0.0719393 -0.427942 -0.641447 -0.974579 -0.166015 -0.172828 0.263215 -0.155335 
-1.31702 -0.272014 0.26572 -0.50456 0.762405 0.794146 1.10071 0.788748 0.439829 1.21857 0.624853 -0.0590017 0.882116 -0.401937 0.835449 0.797848 0.1769 0.564326 -0.63373 -1.53478 -0.482849 -0.294783 0.269753 0.343753 1.55513 0.570323 -0.273645 -0.0102829 0.64585 -0.546954 0.315103 -0.577623 -1.23276 -0.309852 -0.663642 0.93441 0.569699 -0.684958 -0.752687 
-1.46327 -0.016281 0.552855 -0.0853196 1.35999 1.03497 1.03822 0.765696 0.254168 1.12105 0.891356 -0.0690773 0.570037 -0.0302407 0.144628 0.711916 0.400956 1.1402 0.0957648 -0.196783 0.47031 -0.594033 0.451364 0.362903 -0.559271 -1.58706 -0.1095 0.523448 0.475073 -0.449293 0.204423 -0.473971 -0.420272 0.692795 0.217846 0.85047 0.772225 1.35385 -0.13314 
-1.34346 -0.192246 0.59947 -0.321413 1.45756 0.845221 1.00518 1.08267 -0.0289583 1.57378 0.825807 -0.532022 -0.0915973 0.224179 0.00798072 -0.071031 -0.895725 -0.244851 -0.064983 0.922436 1.45804 0.595547 0.841184 0.765541 0.229406 -0.748803 -0.158986 0.416049 0.538669 0.599576 0.756883 0.280787 0.43999 0.759501 0.266437 0.0239204 0.400259 -0.042004 -0.916848 
-1.38482 -0.0101052 0.524103 -0.494903 1.20714 0.995275 1.47936 1.68594 0.710188 1.78038 1.31413 0.111944 0.116888 -0.227731 0.52569 0.112457 0.565377 0.0344712 0.316968 0.828573 0.59889 0.960083 -0.413073 0.212702 0.505662 0.356037 -0.13213 0.0455117 -0.479053 0.111053 0.278585 0.579184 0.75598 0.0440759 0.0704657 0.891463 0.0786702 -0.647701 -0.573439 
-1.45133 0.0927445 0.655673 -0.0631065 1.47573 1.0212 1.40131 1.45813 0.71046 1.25462 0.944014 -0.121905 0.141368 -0.438618 0.0650876 -0.665777 1.07718 0.679128 0.917133 0.166345 -1.39711 -0.492799 0.322951 -0.651344 -1.08063 -0.0210116 0.56621 0.508414 -1.45215 0.277976 -1.22902 -1.42672 1.0206 0.753111 2.23903 0.415517 0.783187 1.52187 -1.26499 
-1.57963 0.0268257 0.219987 -0.00264699 1.62 1.51015 1.55795 0.795744 0.320102 2.03541 0.956322 -0.793434 0.115704 1.14525 0.293507 -2.34199 -0.11574 -1.93394 -2.41869 0.642903 0.461304 2.05628 0.959554 0.91232 1.50012 -2.05462 0.317578 0.107776 -1.55487 0.192005 -1.19545 -1.75997 0.742249 0.704245 1.12404 -0.713991 -1.23921 -0.82338 -1.26758 
-0.993128 0.252692 -0.424523 -0.116149 0.288716 -0.347548 1.70841 1.74635 2.30209 2.00629 1.44765 1.11291 -1.1227 0.953122 0.108342 -1.72133 -0.765664 -2.52663 -3.50959 0.902578 2.38843 2.0111 -1.24227 -1.12533 -0.0019378 -1.68106 0.214495 0.136904 -0.680819 0.0346994 -0.0304856 -0.0411622 -0.108808 -0.828822 0.780903 0.191291 -0.672276 -0.855047 -0.241684 
-1.20064 0.0870515 -0.572846 -0.352778 0.0701068 -0.474598 1.98956 2.30594 1.87661 1.06936 0.337393 -0.804263 -0.916384 -0.797836 -0.0731278 1.29567 0.174518 1.88978 2.35732 -0.8048 -1.63057 -0.999012 -0.704059 -1.87556 -2.62439 1.73037 2.88169 -0.888213 -1.03388 -0.150846 -2.32511 -2.30951 -0.305544 0.510628 0.961664 -2.03347 -1.08039 1.04923 -0.900493 
-1.33604 0.215186 0.179505 -0.0365094 1.44281 0.980554 1.32134 0.708119 1.51846 1.46012 0.415406 -1.07269 -0.0362703 3.71761 -1.5403 0.133423 0.526336 -1.06957 0.107886 -1.349 -1.66997 -0.710966 -1.38938 -0.423476 1.38533 0.472003 3.41734 -1.61468 -0.169575 0.125581 -1.40321 -0.0952707 -0.599283 -0.459046 -0.60375 -1.59647 -1.60915 -1.1706 0.462634 
0.318106 -0.740606 -0.506936 -0.112318 -0.587687 -0.416678 1.34154 1.24272 1.31691 -0.0114533 0.105122 0.33535 -0.611402 6.33682 -2.52979 -1.55774 0.0302741 -4.0589 -2.49837 -0.0664332 0.982438 0.195902 -1.36049 -0.431893 1.08458 -1.1087 4.32408 -1.99424 -0.353487 0.444866 -1.42799 -0.110998 -1.66283 -1.56679 -0.844777 -1.03304 0.0252406 0.418619 0.379383 
1.26257 -1.14537 -0.537588 -0.0228062 -1.04523 -0.43319 1.28831 1.32678 1.66379 0.401845 0.178498 -0.182487 -0.71292 3.29114 -1.67441 -0.677614 0.191432 -1.13792 -0.27209 -1.06036 -0.53933 -0.415982 0.0560231 0.461014 -0.832361 0.0378505 4.573 -1.89155 -1.62571 -0.130388 -2.81878 -1.9242 -0.882317 -0.680208 -0.548479 -1.99596 -0.256712 0.156829 -0.548833 
1.66102 -1.64049 -0.816533 -0.0249473 -1.28733 -0.573317 0.831928 0.896443 0.986548 0.0353417 0.360127 -0.364141 -0.576033 1.0754 -0.519398 -0.938027 -0.236733 -0.301498 -0.335939 -1.21413 -1.94225 -0.924753 -1.2225 0.0648909 -0.876353 0.371935 2.19969 -0.827143 -0.776811 0.277827 -0.512424 0.0326421 -0.958725 -1.33402 -0.401718 -0.456013 0.28199 -1.08343 0.168857 
1.69197 -1.42321 -0.967755 -0.131155 -1.23277 -0.625883 0.704958 0.0909151 0.937894 -0.548776 0.215274 -0.91846 -0.470082 0.274123 0.34089 -0.515954 0.257966 0.347722 0.319409 -0.330709 -1.34191 -0.115684 -0.64056 -0.0550978 -0.59266 0.189259 0.816337 -0.493966 -0.717134 -0.0122497 -0.308033 -0.102069 -1.08809 -1.56468 -1.16858 -1.01086 0.239284 -0.652278 0.595908 
1.76007 -1.45502 -1.05128 0.092837 -1.07737 -0.395957 0.672179 0.0412475 0.88964 -0.461291 0.330799 -0.86485 -0.446637 0.247554 -0.277092 -0.163996 0.22008 -0.1723 0.184883 -0.364031 -0.264076 -0.637248 -0.0820828 0.279751 0.0191022 0.428717 0.263222 0.313602 -0.0385303 0.103772 -0.164417 0.311428 -0.115372 -0.787103 -0.509698 -0.738606 -0.0704041 -0.427294 0.485038 
1.78006 -1.57056 -1.03955 -0.0306893 -1.3412 -0.524485 0.529232 -0.0808292 0.43551 -0.609722 0.370418 -0.911841 -0.191981 0.152274 0.1643 0.454906 -0.0882133 -0.599206 0.138447 0.15932 0.231447 -0.56106 -0.310708 -0.0445937 0.0316796 0.462492 0.0841677 -0.00564861 0.134859 -0.0253734 -0.394331 0.141718 -0.317611 -0.0382885 -0.58134 -0.0838329 -0.253122 0.457012 0.0737156 
1.80888 -1.36466 -0.836526 0.052378 -1.44718 -0.32078 0.747401 0.183712 0.446487 -0.700595 0.307259 -0.847801 -0.147562 -0.111391 0.267698 0.368926 -0.257818 -0.435087 0.0230592 -0.0998415 0.208932 -0.135753 -0.0194609 -0.641601 0.58442 -0.329385 -0.101202 0.0406144 0.226615 -0.402845 -0.778502 -0.456769 -0.523571 -0.140521 -1.00545 -0.41195 -0.458626 0.261408 0.0251574 
1.72017 -1.42452 -0.864602 -0.148677 -1.61053 -0.514464 0.480185 0.0473588 0.323 -0.621814 0.0179797 -0.43641 -0.384667 -0.316581 -0.0991258 -0.109221 -0.555986 -0.602872 -0.811829 -0.921056 -0.43067 -0.781765 -0.216646 -0.61211 0.314261 -0.428375 -0.115598 0.572786 0.684907 0.265376 -0.255925 -0.0960132 -0.00481877 0.181329 -0.172524 -0.160037 -0.279176 0.946097 0.101934 
1.66438 -1.41617 -0.882959 -0.201906 -1.81924 -0.782193 0.30458 -0.0936687 -0.168247 -0.866519 -0.0289324 -0.59641 -0.401722 -0.0762516 0.655259 0.679776 0.687209 0.0419502 -0.165197 0.088337 0.045436 -0.0879739 -0.180976 0.242369 0.663156 0.466616 -0.335456 0.231998 0.391329 0.302437 0.0491729 -0.231464 -0.200618 0.083246 0.315677 0.394524 -0.432154 0.509914 -0.380773 
1.67476 -1.06975 -0.545733 0.165321 -1.58779 -0.610744 0.52137 0.0718745 0.247635 -0.75991 0.15253 0.104316 -0.0830314 -0.227435 0.472782 0.707576 1.04492 0.682023 0.470228 0.626383 0.546808 1.21397 0.735885 -0.00661241 0.358925 -0.0826848 -0.300617 0.589223 0.527254 0.661896 0.55903 -0.0753532 0.355483 0.0684886 0.224882 0.362262 -0.00940347 0.370376 -0.460055 
1.55664 -1.15967 -0.551219 0.275607 -1.40461 -0.51967 0.603759 0.248764 0.76855 -0.289341 -0.0315485 -0.30798 -0.441206 -0.411294 0.294192 0.127087 0.379248 0.826452 0.0534829 0.421236 0.0499038 0.398191 0.658347 -0.254538 -0.173721 -1.08415 -0.374119 0.608036 0.77973 0.848612 0.841148 0.189672 0.850271 0.698026 0.680923 1.09081 -0.109382 0.256022 -0.18691 
1.49121 -0.909429 -0.482756 0.338545 -1.08473 -0.583544 0.722181 0.0992233 0.550226 -0.243222 0.013329 -0.0489723 -0.744434 -0.379252 0.506991 0.486584 0.321522 0.623093 -0.191669 0.598764 0.435754 -0.29103 0.686954 -0.149004 -0.020077 -0.168011 -0.627725 0.377103 0.689752 0.626368 1.1033 -0.101481 0.0194282 -0.513067 -0.651344 0.441567 -0.201382 -0.400495 -0.281221 
1.38631 -0.884752 -0.321798 0.422444 -1.02605 -0.630898 0.889695 0.520779 0.535324 0.249665 -0.11261 -0.333853 -0.533678 -0.606469 0.313352 0.929046 0.630129 0.884473 -0.203672 -0.397674 -0.774164 -1.26525 -0.0780592 -0.033078 -0.351968 0.706795 -0.907497 1.01019 0.970756 0.272174 0.931603 -0.427978 -0.406584 -0.111486 -0.847822 0.377264 -0.279138 -0.0249336 -0.0742049 
1.2272 -0.738794 -0.0484765 0.62645 -0.546142 -0.70155 0.530322 -0.395965 -0.440379 -0.301029 -0.00386729 -0.350078 -0.293646 -1.092 1.12099 1.00061 0.118792 0.822046 -0.439316 -1.19131 -0.594056 -0.840008 -0.190115 -0.250174 -0.0110528 0.0686813 -1.61841 1.05024 1.2557 -0.291041 0.13284 -0.654401 -0.926612 -0.137866 -1.33791 -0.144472 -0.409353 -1.0505 -0.171631 
0.922119 -0.279161 0.145616 0.476609 -0.52569 -0.881965 0.317286 0.139796 -0.12469 0.10444 -0.249407 -0.352241 -0.479162 -2.01712 1.37919 0.995246 -1.0947 -0.675808 -0.760742 -0.94695 0.578683 -0.524265 -0.102178 -0.55293 -1.02968 -0.93697 -1.86634 1.0718 1.03168 -0.28782 0.492011 -0.094206 -1.14494 -1.13901 -1.34789 1.16316 1.41299 -0.0129728 -0.3097 
0.381599 0.00585324 0.416453 0.125912 -0.962853 -1.13412 0.075085 -0.0333202 -0.854927 -0.377652 -0.307456 -1.21321 -0.863647 -1.93347 0.606312 0.580037 -0.578187 -0.0573886 0.299839 -0.469061 -1.01236 -0.962909 1.70684 2.27882 -0.00432636 -0.484288 -1.965 0.786639 0.388467 -0.842389 -0.321929 0.39156 0.190741 0.69502 0.0278407 1.1745 0.633915 0.111441 0.117137 
0.111005 0.0492492 0.418306 0.212177 -0.563769 -0.715655 0.0911974 -0.506434 -0.88025 1.43909 1.00705 -0.365052 -0.768044 -1.16827 -0.111536 -0.401282 -0.255691 0.180498 1.3366 1.21827 0.399642 0.569743 1.63362 1.46378 1.17814 1.09462 -1.52852 0.125975 0.351097 -0.304656 0.186442 0.133323 0.377202 0.230408 0.223163 0.767106 1.16714 -0.730917 0.570629 
-0.114037 -0.0523375 0.234798 0.00889697 -0.855283 -0.382381 0.658075 0.215796 -0.418968 0.899876 0.499983 -0.245411 -0.172016 -0.544418 -0.403549 -0.0433983 0.0917412 0.349029 -0.10426 1.01004 1.3359 1.27082 -0.704086 -0.602914 -0.95648 1.25099 -0.357076 -1.26247 0.545224 -0.829601 1.77599 0.800675 1.01454 0.473788 0.521642 1.33493 0.997368 1.1886 1.54424 
-0.127423 -0.166206 0.402348 0.253977 -0.353014 -0.777527 0.574342 0.336359 0.100739 0.8929 0.67592 -1.16747 0.0206935 0.589213 -1.92366 1.23571 -1.07415 2.57173 -0.158285 0.24444 0.266896 0.139193 0.106029 -0.0314564 0.388785 0.97967 0.356437 -1.4481 0.452644 -1.48099 1.06877 0.134706 0.855909 0.705967 0.60261 -0.122031 -0.153083 0.518536 1.47205 
0.114915 -1.08646 0.811061 -0.482249 0.716342 -0.474759 0.774112 0.380738 -0.317729 0.985683 0.48368 0.0677816 0.44823 1.12191 -1.93086 0.735809 -2.46813 1.30844 0.301877 0.223258 -0.342148 -0.453094 0.552972 0.384597 1.64102 0.726346 0.247084 -1.39118 0.95482 -0.507605 1.16634 -0.387138 0.489817 0.820545 0.91045 0.276836 0.88961 0.18058 0.241568 
0.321152 -1.2042 0.74716 -0.874374 0.445147 -0.610066 0.680222 0.11511 -0.258479 1.32738 0.888825 0.184185 0.483624 -0.188975 -0.319001 0.227037 0.261641 -0.763227 -0.412561 0.45941 0.888335 1.09213 0.260481 1.30917 -0.149284 -0.654907 0.156686 -0.60179 0.423974 -0.45892 1.15764 -0.571033 -0.985759 0.159066 -0.215117 -0.552897 0.158773 1.1639 0.400864 
0.0230306 -1.25638 0.920314 -0.362785 0.246108 -0.710718 0.993227 0.939732 0.524349 1.19198 1.20594 -0.0652408 0.0533918 -0.868201 0.960576 -0.0873775 1.73384 0.486597 -1.14352 -1.65342 0.56514 0.17214 -1.26324 -0.15547 -0.106629 -0.187644 0.0564936 1.31355 -0.346087 1.0091 -0.341447 -1.14124 -0.753181 0.0912784 -1.19372 -1.93609 -0.0422891 0.548408 0.0790302 
-0.0507679 -0.685003 0.710841 -0.0819486 0.740128 -1.25878 -0.11377 0.469167 -0.131625 0.344977 0.804202 0.086536 0.37896 0.28028 2.43596 -0.759875 1.36266 0.237703 -1.26877 -1.55321 -0.760877 -2.68791 -2.76577 -1.36852 0.873162 0.761377 -0.39627 1.6996 0.151751 1.82193 0.110818 -0.561314 -1.04903 0.598527 0.0342405 -1.07433 -0.372833 0.0123865 -0.850055 
0.124613 0.0573942 0.572631 0.259969 0.388702 -1.43015 0.247285 0.452969 -1.57227 -0.962601 0.453036 0.649641 0.538077 0.225609 1.77863 0.31822 1.19638 -0.31202 0.316188 0.131754 0.277196 -0.118064 -0.123717 -0.378139 0.124645 -0.953675 -0.118183 1.08191 0.917982 0.843872 1.00978 0.0745561 -1.0149 -0.837842 -0.546265 -0.585306 -0.83317 -0.690939 -1.08576 
0.0282751 0.274768 0.862311 0.464798 0.546149 -1.08323 -0.0517661 0.640641 -0.230383 0.25155 0.596908 0.18068 -0.201416 -0.472113 -0.692368 2.16611 -0.00382747 1.32846 1.37781 0.0809092 -0.421097 1.96204 2.01345 0.174433 -1.78132 -2.21925 -0.114029 -0.0208316 1.45504 -0.145426 0.0993375 0.906514 0.64423 -0.245423 -0.299593 0.389847 -0.171296 -0.185244 -1.14265 
-0.0840048 -0.313606 1.57967 0.258084 1.19912 -0.655145 0.284908 0.181658 -0.0539068 0.611248 0.55016 -0.836816 -0.828231 -0.410708 -1.8125 1.91185 -1.427 0.468825 1.01798 0.795411 -0.62426 -0.27639 0.636886 0.133691 -0.36688 -0.580606 -0.694859 -0.592825 1.55528 -0.876615 0.459364 0.878186 0.410949 -0.979081 0.611726 1.29698 0.239415 -0.862947 -0.390234 
-0.155027 -0.699486 1.75163 -0.187639 0.83025 -0.511411 0.328462 0.240506 -0.452227 0.751496 0.671586 -0.132793 -0.550112 -0.654468 -0.263466 0.217731 -1.40155 -0.614339 -0.0853577 0.508879 -0.959928 -1.13207 -0.323055 0.170397 0.646653 1.69549 -0.976479 -0.756245 0.464537 -0.986319 0.260487 0.895366 1.35378 -1.55781 -0.949626 -0.0153104 0.0682636 -1.09414 -0.262071 
-0.367805 -0.45362 1.68461 -0.38272 0.820045 -0.706343 0.527744 -0.431322 -0.940975 0.362312 0.64506 -0.309776 0.236542 -1.17236 0.593259 -1.2012 -0.154635 -0.0625632 0.299771 1.15792 -1.57238 -0.991429 -0.649506 -0.034425 -1.07224 0.228966 -1.0903 0.218358 -1.20611 -0.410856 -0.830495 0.2575 0.64186 -0.567075 -0.500521 0.755252 -0.00418831 -0.118518 1.3892 
-0.652347 -0.378106 1.19961 -0.25846 0.789003 -0.34514 0.882514 -0.760827 -1.22996 0.247885 0.653648 -1.03122 -0.396058 -1.1131 0.615136 -2.06984 0.744479 -0.668224 0.463799 0.414859 0.159552 0.467653 1.31042 -0.175083 -0.80102 0.170577 -1.06979 0.547538 -1.04914 0.178507 -0.528768 -0.605904 0.20264 -0.42736 -0.137373 -0.460715 0.163346 -0.0997773 1.46568 
-0.840693 -0.120457 0.73042 -0.0425434 0.407978 -0.44745 0.725497 -0.334446 -0.584382 1.38771 0.549631 -0.983276 0.354336 -0.561954 0.289001 -0.410121 0.44446 -0.752931 -1.19277 -0.869392 0.968909 0.814931 0.0588672 0.270114 0.942556 1.73982 -0.62709 -0.131736 -0.776267 -0.249633 0.00776374 0.209504 -0.370387 -0.310235 0.591092 0.811006 0.316563 -0.765521 0.191717 
-0.898005 -0.220585 1.01386 -0.0554268 0.325073 -1.02166 0.464466 -0.150742 -0.603386 0.296899 0.803483 -0.258787 0.696248 0.0963665 -0.827764 0.877108 -1.14252 0.683273 -0.156036 -0.955057 -0.597956 0.334593 -0.250702 0.630604 -0.205356 0.0872345 -0.0485387 -0.575431 0.162018 -0.510438 -0.229332 0.107364 -0.610969 0.74861 0.709268 0.317089 0.506809 0.357608 0.205734 
-0.814935 -0.564376 1.14065 -0.564942 0.823376 -0.538558 0.266373 -0.717902 -0.331234 1.19522 0.898064 -1.1628 0.420373 0.483009 -1.2168 0.656713 -1.26152 0.40096 1.35012 -0.0187418 0.0849433 0.146093 0.35988 0.458367 -0.469934 -1.46319 0.270804 -1.3291 0.860645 -0.543103 0.223306 0.60965 -0.906896 0.476844 1.13747 0.0292961 1.36415 0.426778 -1.02187 
-0.712839 -0.874021 1.32205 -0.632221 0.567622 -0.262286 0.454307 -0.101175 -0.496782 0.580743 1.05703 -0.657721 -0.200537 0.34232 -1.31484 0.441174 0.272979 -0.334567 1.05305 -0.361054 1.2688 1.20175 0.29597 1.32796 0.769064 -1.4593 0.468106 -1.38445 0.578506 -1.21845 0.299748 0.704004 -0.404552 -0.115155 0.828323 -0.0588402 0.247809 0.301594 -1.44158 
-0.687774 -1.27061 1.34905 -0.440295 0.615593 0.0530648 0.0920737 0.0823431 0.59606 1.4292 1.63068 -0.534244 -0.473998 0.27549 -1.01502 0.228769 -0.693061 0.0660776 -0.314164 -0.570867 -0.248417 0.974891 -0.42899 -0.101494 0.868793 -0.472563 1.13152 0.0247954 -0.784863 0.716338 0.158682 -0.672176 -0.309338 0.632207 -1.15195 -2.51993 -1.19836 1.05395 0.164196 
-0.613231 -1.41879 1.43211 -0.949165 0.605137 -0.442683 0.179402 -0.26299 0.254149 0.249163 1.00214 0.0535376 -0.482138 1.49153 1.35452 -1.64709 0.880948 0.583237 -2.04364 -0.0908537 -0.378999 -2.7414 -3.55894 -3.04603 0.62054 1.68015 1.89696 0.272641 -2.43356 1.46198 -0.961928 -1.30141 -1.18342 0.678299 -1.58655 -1.6129 -2.1061 0.4402 0.0817093 
-0.08681 -0.539253 0.590589 -0.0377366 0.969743 -1.10391 0.0473363 -0.162273 -1.54214 -1.34415 -0.0463816 -0.0288594 0.581252 2.79908 1.45419 -3.96378 3.04498 -1.5521 -1.60303 -1.14515 1.20318 -3.09847 -1.65688 -2.91897 -0.28741 0.582631 2.13928 0.832093 -2.40466 1.48132 -1.37074 -1.44283 -0.47351 0.657424 -2.13125 -1.5543 -2.82762 0.91099 0.0991814 
0.526817 -0.63375 -0.398967 0.4426 -0.348089 -1.35086 -0.370874 0.495643 -2.16164 -1.04033 -0.604927 -0.194031 -0.108456 1.97582 -0.0135957 -2.04359 1.50203 -2.70209 -0.0817992 -0.598484 1.30434 -0.114017 1.54911 -1.00966 0.580806 -1.54662 2.16462 0.631693 -2.57902 2.20135 -1.61242 -0.638035 -1.06845 1.0606 -2.1051 -0.104804 -2.30623 0.64205 -0.303515 
0.713819 -0.544697 -0.35145 0.648726 -0.687578 -1.1531 -0.240811 0.660507 -1.63775 -0.132554 -0.601587 0.443574 -0.367345 0.709338 -0.436281 0.00563753 0.494831 -0.940869 0.662718 -0.404599 0.290366 0.278184 1.52812 -0.388625 1.1346 -0.989931 1.44053 -0.305465 -1.29679 1.33367 -2.13993 0.844869 -0.989319 0.987121 -0.435603 1.52374 -1.01676 0.845205 -1.65344 
0.805294 -0.866834 -0.392221 0.668659 -0.927086 -0.979646 -0.566053 0.675468 -1.95235 0.154893 -0.817998 0.737658 -0.711346 0.358915 -0.479058 0.052383 0.643723 -0.607459 1.32519 -0.836829 0.0856511 -0.463176 0.435561 -0.447844 0.533909 -0.67367 0.516283 -0.283509 -0.034144 0.880827 -1.051 1.41007 -0.476827 0.218166 0.513622 0.850891 -0.0303597 0.521379 -0.687409 
0.847822 -0.800818 -0.323061 0.942845 -1.06244 -0.407805 -0.643245 0.710523 -2.00481 0.210331 -0.847282 0.877117 -0.773835 0.127253 -0.0209826 -0.059957 0.923371 -0.683038 1.41298 -0.289536 0.0159185 0.419977 -0.416637 0.346388 -0.446315 0.0670493 0.196009 -0.541677 -0.553068 0.850051 -0.85627 1.56971 -0.578767 -0.276703 -0.385296 -0.670649 -0.395501 -0.500306 -0.275798 
0.843786 -0.876256 -0.415845 1.09061 -1.34822 -0.18478 -0.706059 0.681266 -1.63282 -0.16705 -0.626142 0.358311 -0.657843 -0.0414654 -0.394334 -0.90273 0.725033 -0.715003 0.985595 -0.00473314 -0.476798 -0.0464255 -1.29864 -0.11829 -1.19104 0.303595 0.0542899 0.0431881 -0.770635 1.31204 -0.69955 1.69194 0.0482281 -0.288554 0.0275616 -0.573761 -0.0411656 -0.890472 0.270332 
0.816754 -1.01131 -0.736885 1.27413 -1.50315 0.145729 -0.646687 0.403893 -2.04788 -0.79969 -0.911423 -0.119819 -0.573436 -0.0395194 0.0903057 -1.12414 1.18763 -0.396824 1.0778 0.354749 -0.423768 -0.374874 -0.320705 -0.404129 -0.724602 0.296344 0.00336116 0.120823 -1.03297 0.910401 -0.665254 0.300664 0.222529 -0.383418 0.430979 -0.857154 0.917917 -1.58963 0.768092 
0.81352 -0.825744 -0.932179 1.63336 -1.59412 0.420819 -0.537128 0.408263 -1.93123 -0.414153 -0.847754 -0.251817 -0.461947 0.0466469 0.588793 -0.683778 0.740683 -0.311769 -0.54359 0.322025 -0.0647449 0.633549 0.193527 1.43662 -0.900571 0.728306 -0.0940881 0.604297 -1.12683 1.02555 -0.289405 -0.408341 0.285646 0.205134 0.152618 -0.338591 0.892132 -1.00781 0.587298 
0.822013 -0.692336 -1.04934 1.61257 -1.69697 -0.164218 -0.493448 0.358544 -1.56231 -0.645624 -0.118947 -0.875877 -0.109289 -0.113257 0.883441 -0.606366 0.463093 -0.0481405 -1.67987 0.0538228 0.711686 0.588 -0.111448 1.68546 -0.600826 0.492745 -0.138445 1.14304 -0.704651 0.503321 0.365904 -1.61751 0.501539 0.689203 1.21887 -0.360443 1.59756 0.0800735 0.699606 
0.752853 -0.348085 -1.20879 1.84491 -1.62654 -0.530747 -0.512493 0.855244 -1.48108 -0.498008 0.0818125 -0.759299 -0.144085 -0.271323 1.25333 -0.399096 0.0710012 0.881215 -1.83908 0.398777 1.03487 1.01216 -0.654038 0.856842 1.00772 0.211616 -0.130201 1.18206 -0.612965 -0.434014 0.874433 -2.52776 -0.0590778 0.381856 1.80479 -0.792747 1.17748 0.0088554 -0.00944306 
0.696178 -0.0154739 -1.22998 1.64489 -1.16038 -1.20569 -0.303407 1.01046 -0.782407 -1.15277 0.354124 -0.049407 0.0339905 -0.0980555 1.02158 -0.335863 -1.15737 1.40478 -2.04323 -0.143798 -0.17471 1.84494 -0.910081 0.00528037 0.614192 -0.505097 -0.0076482 1.38791 -0.796262 -0.632199 1.36636 -0.952136 -0.520891 -0.123138 2.33057 -0.0899285 0.0266874 0.934909 -0.246472 
0.698454 0.20397 -1.36016 1.31572 -0.769392 -1.68749 -0.582617 0.740166 -0.0537481 -1.2049 0.0857482 -0.259179 -0.44589 0.258659 0.983482 -0.824309 -1.08369 1.23692 0.436231 -1.15664 -1.2096 2.1272 0.544583 -0.817228 0.225123 -0.542304 0.275579 0.824243 -0.773238 -2.46052 1.58187 -0.135441 0.028039 -0.779179 2.77716 -0.466511 -0.786164 0.308641 -0.274275 
0.788847 0.516063 -1.6075 1.14939 -0.406011 -0.962362 -0.85919 0.239162 0.864353 -0.724834 -0.0950699 0.128062 -0.29092 0.544483 0.306686 -0.852223 -2.79278 1.04697 1.84303 0.179813 -0.924589 1.89444 0.311921 -1.13193 -0.206052 0.137067 0.24026 0.836265 -1.07121 -2.05089 0.766996 1.27542 -0.216593 -1.80061 1.70865 0.0672572 -2.01929 -2.06527 -0.965356 
0.908964 0.371015 -1.7506 0.0389675 -0.13132 -0.649791 -0.497569 0.149595 1.41206 -0.958473 -0.536817 -0.439278 -0.348906 0.130518 0.364162 -0.820862 -2.20832 -0.0465902 1.44118 0.838861 -1.32924 0.176566 -0.450052 -2.07867 -2.94308 -0.753868 0.333447 0.616142 -0.450171 -2.44995 0.787695 2.02881 0.929282 -1.44688 1.10997 0.6413 -1.30108 -2.18942 -0.793056 
0.828685 0.714062 -1.98342 0.139797 -0.437478 -0.151574 -0.458127 -0.607994 0.994647 -1.07284 -1.23921 -2.32183 -0.747214 -0.00425638 0.686153 0.15972 -1.14039 0.175405 1.14382 1.1596 -1.11572 -0.395041 0.527568 -0.733508 -2.67539 -1.20184 0.0831368 0.526269 -0.0484601 -2.19004 -0.175483 1.47171 1.8461 -0.797912 0.0505137 0.692215 -0.285917 -2.07648 -1.38812 
0.893236 0.742424 -1.67251 -0.482455 -0.0268682 -0.00691437 0.0572893 -0.562171 1.09798 -0.54381 -0.939888 -2.66718 -1.08339 0.00397421 0.483815 0.744582 -1.30725 -0.222024 0.725297 1.82648 0.203537 -0.100625 1.35561 1.66977 0.210362 -1.11008 -0.0966425 0.612019 0.397494 -0.933063 -0.398274 1.33988 1.89698 -0.413624 -0.311195 1.35211 0.36073 -1.2256 -1.49363 
0.816351 0.976501 -1.63454 -0.457903 -0.576356 0.254978 0.416501 -0.483228 0.909447 -0.0121946 -0.318286 -2.1566 -1.42472 -0.152661 0.30004 0.448091 -0.355682 -0.788896 0.828525 1.57932 0.531604 -0.0149994 1.23437 1.2524 1.06316 -0.803827 -0.0899127 0.462353 0.695119 -1.19769 -0.500918 1.04258 2.26595 -0.00947723 0.244882 1.47065 1.69626 1.39732 -0.714167 
0.816324 0.90589 -1.46091 -0.645178 -0.512818 0.457927 0.813402 -0.229378 1.07934 0.422254 -0.248901 -1.79473 -1.57071 -0.149983 0.261138 0.319785 -0.613976 -0.550359 0.809248 1.44606 -0.218076 0.437714 0.560153 0.765306 1.63142 0.151265 -0.311253 0.221396 0.210915 -0.948084 -1.30515 1.0172 1.70753 -0.472166 -0.40913 0.391514 0.821724 1.29885 -0.677063 
0.740542 1.11902 -1.48235 -0.738696 -0.91626 0.708934 1.10872 -0.625804 1.24276 0.427889 0.104356 -0.812905 -1.31892 -0.352124 0.0565263 -0.126492 -1.16452 -1.22843 0.668649 0.885617 -1.19822 -0.526625 -0.719039 -0.0720844 0.648939 -0.105158 -0.362565 0.451533 0.178228 -0.639802 -0.649604 0.902578 1.52073 -0.43617 -0.276056 0.294556 -0.100089 1.38479 0.030554 
0.657175 0.93821 -1.51534 -1.17763 -1.26788 0.832492 1.23688 -0.993459 0.662961 -0.135603 -0.287586 -1.26579 -1.62415 -0.437976 0.466376 -0.0483259 -0.410929 -0.452187 0.519128 0.74873 -0.397812 -0.800543 -0.170648 -0.907589 0.193849 -0.1099 -0.551151 0.570187 0.137371 -0.385938 -0.963748 0.0992148 0.455119 -1.07236 -0.38717 0.152473 -0.307505 1.31086 1.07983 
0.545998 1.37206 -1.50059 -0.926673 -1.19606 0.999069 1.46656 -0.882349 0.61343 0.297851 -0.394618 -0.661371 -1.3753 -0.541518 0.86224 0.335275 0.547485 -0.260405 -0.523296 -0.231948 -0.314264 0.0145063 0.924159 -0.367794 1.07897 1.55574 -0.590827 0.366444 0.364686 -0.36113 0.0991494 -0.222326 -0.558185 -0.670412 -0.487631 0.119461 -0.580072 0.194427 1.07528 
0.419942 1.40445 -1.35597 -0.927504 -1.43026 0.534004 1.12449 -1.19703 0.667266 0.588454 -0.489182 -0.380233 -0.646161 -0.519979 0.123987 0.605809 -0.166248 0.6087 -0.847272 -1.56053 -0.548199 0.153446 0.332926 0.0766377 0.0638873 1.55436 -0.602515 0.725488 0.195919 0.577631 0.842725 -0.318728 -1.05004 -0.504435 0.108069 0.707614 -0.273313 0.374094 0.590135 
0.317646 1.44071 -1.21596 -1.0028 -0.826316 0.517644 0.717112 -1.23425 0.725751 0.560667 -0.351371 -0.617613 -0.398169 -0.435381 0.306848 -0.0366799 0.38359 1.56796 0.0531901 -1.29118 -0.397831 0.138764 0.00138809 -0.0230259 -0.584642 -0.762838 -0.491976 -0.048866 0.303585 0.261687 1.08297 -0.57936 -2.23524 -0.609517 0.650397 -0.0859661 -0.471728 -0.156532 0.874632 
0.226468 1.57158 -1.36882 -0.752295 -0.473198 0.56104 0.504195 -1.45359 0.768172 0.592627 -0.50084 -0.874293 -1.10803 -0.277744 -0.203042 -0.142053 0.589713 1.07075 -0.0066363 -1.67666 -0.311992 0.728481 -0.437238 -0.75214 -0.268313 -0.379375 -0.513868 -0.0505982 -0.134378 0.43269 1.44114 -0.568425 -1.92512 0.355793 0.730315 0.0110967 -0.377505 -0.415932 1.10622 
0.189163 1.33324 -1.2776 -0.733372 -0.173684 0.510897 -0.0880231 -1.43638 1.28512 0.222653 -0.764706 -0.849345 -0.621899 -0.397828 -0.388695 -0.171397 0.314615 0.66594 -0.890997 -1.4975 0.898076 0.850539 0.020262 -0.517286 0.0386235 2.24885 -0.359715 -0.0344312 -0.431867 0.781367 0.761035 -0.526056 -1.57051 0.143015 -0.402964 -0.646699 -1.05388 -0.665185 1.48407 
0.048477 1.36413 -1.44404 -0.608616 -0.0684127 0.0549235 -0.215034 -0.888415 1.42243 0.611523 -0.784792 -0.851485 0.300391 -0.305594 0.147254 -0.522371 0.668692 0.110357 -0.768778 -0.599188 0.512363 -1.26182 -0.394759 -0.758622 -0.605935 2.37285 -0.238409 -0.162068 0.550488 0.626656 0.991967 0.0597547 -1.89234 1.2022 -0.29388 -0.78606 -0.885818 0.210298 3.04056 
0.0491988 1.41442 -1.51532 -0.427839 -0.109059 0.073794 -0.376508 -1.11579 0.297175 -0.0822222 -1.18161 -1.36106 0.863522 0.0111182 0.127175 1.0139 0.695225 0.872643 0.978241 -1.24378 0.795027 -1.23732 -1.03311 -0.752343 0.240012 1.83505 -0.497316 -0.0192688 0.54756 0.225481 1.02013 -0.399417 -1.73495 0.475918 -1.38206 -0.525779 -0.620597 -0.00645083 1.53493 
0.0390883 1.4345 -0.970473 -0.290954 0.462929 0.604305 -0.812604 -0.388588 0.453537 -0.191353 -1.19824 -0.661668 1.45183 -0.500786 -0.178602 1.36038 -0.303397 1.47182 0.179852 -1.91448 0.157178 -0.586999 -0.280316 -0.130473 0.599144 -0.311062 -0.375802 -0.0276923 1.20714 0.103043 1.06786 0.225409 -0.443267 0.498071 -0.851264 0.148582 -1.01298 -0.655266 0.231024 
-0.171241 1.32012 -0.88133 -0.566662 0.789133 0.172351 -1.29568 -1.02042 -0.166144 -0.297816 -1.25246 -0.873422 0.682214 -0.620533 -0.172101 0.835908 -0.526644 0.783427 -0.647056 0.598186 -0.0942655 0.101655 1.23318 -0.699737 -1.1012 -1.52444 -0.545064 -0.487814 1.82139 -0.210192 1.97726 -0.0655825 -0.0689692 0.427661 0.501531 0.802755 -0.228627 -0.137894 -0.813291 
-0.230721 1.34369 -0.579316 -0.531826 0.939647 0.235934 -0.526945 -0.452656 0.525594 0.773784 -1.58271 -1.5841 0.517005 -0.382989 -0.607971 1.43168 -0.0312774 1.59198 -0.277178 1.8102 0.444353 1.26891 1.32933 -0.196233 -0.779026 -0.780882 -0.336836 -0.794583 1.51155 -1.40583 1.10407 -1.4681 0.307448 -0.730661 0.484248 0.497212 -0.456576 -0.669261 -1.39809 
-0.343114 0.994567 -0.214333 -0.581094 1.76089 0.0128384 -0.428856 -0.742952 0.813367 0.742329 -1.35954 -1.52868 0.209145 0.0742784 -1.10894 1.48086 -1.72899 0.928691 -1.51561 -0.158082 -0.936655 0.557039 -0.580682 0.0459751 0.221584 -0.352897 -0.00705651 -0.616616 1.24747 -1.00439 1.3619 -0.952723 0.655277 -0.0190182 1.00305 0.703031 -0.934785 0.0441117 0.207151 
-0.21407 0.748343 0.110453 -1.32231 1.5053 -0.622878 -0.603919 -1.05088 0.951677 0.323864 -1.55635 -1.40957 0.309718 0.371284 -0.386212 0.479989 -1.57939 0.51925 -1.12654 -0.867054 -0.472339 0.0868313 -0.409731 -1.14365 0.838819 1.05942 0.199026 -0.725745 0.802904 -0.806693 1.59168 -0.735113 -0.0798796 -0.395781 0.355353 -2.1146 -0.176844 0.141047 0.313508 
-0.204012 0.788449 0.0120357 -1.30319 2.07587 -0.626281 -0.845783 -1.04675 0.8739 0.425774 -1.98857 -0.842281 0.878918 0.248061 -0.061144 -0.251155 0.435953 1.53824 0.432337 0.038023 0.377688 -0.0715258 -2.15626 -0.298384 -0.0341417 0.774278 0.684074 -0.457717 -0.150381 -0.267489 0.167065 -1.16495 -0.537249 0.587625 -0.270675 -2.21863 -0.0984509 0.241459 0.588094 
-0.12577 0.717291 -0.00169488 -1.12316 2.44416 -0.381751 -0.58686 -0.815684 0.889099 -1.35522 -1.71971 -1.44711 0.802414 0.737283 -0.351849 -0.712616 1.15266 -0.257605 -0.589698 0.0855365 1.29931 -0.442432 -2.46222 1.00372 -0.519149 -0.269264 0.759153 -0.22928 -0.90306 0.816522 -0.133128 -0.6961 -0.793132 1.80244 -0.636849 -0.980034 0.913493 1.18038 1.00561 
0.0859868 0.600837 -0.313767 -0.77643 1.9152 -0.962264 -0.805941 -0.227164 0.522971 -1.492 -1.43458 -1.28203 0.723567 0.982203 -0.308711 -1.13608 0.878933 -1.74129 -1.45816 -1.1896 2.16136 -0.776056 0.891683 1.61037 1.59023 0.576615 1.23117 -0.893044 -1.05436 1.40584 -1.66336 -0.922418 -0.794582 2.32886 -1.34976 -1.45713 2.02561 1.36239 -1.25851 
0.265206 0.552911 -0.523558 -0.721525 1.3751 -1.20812 -1.15845 0.550525 0.278803 -0.656497 -0.831512 -0.137568 1.17236 1.25809 -1.08789 -0.906709 1.10906 -2.31422 -0.769395 -1.23922 1.98163 -1.363 0.578493 1.9039 2.31492 -1.42063 1.73581 -1.11921 -1.04888 2.14011 -2.63572 -0.789484 -0.884027 2.37419 -1.36804 0.638243 2.05423 1.59246 -1.90081 
0.590709 0.0168235 -0.729433 -0.2696 0.495358 -1.39972 -1.40132 1.02508 -0.543628 -1.03761 -0.384675 0.62849 -0.146788 1.83116 -1.49558 -0.474837 2.56249 -2.33574 0.29482 -0.0934319 1.18346 -1.05394 -0.0561613 1.33832 0.508517 -3.12913 1.72356 -1.49237 -0.637352 1.59014 -2.83252 -0.367202 -0.476458 1.08267 -1.226 1.30508 1.59979 0.876348 -2.13099 
1.00619 -0.250664 -0.73927 0.449687 -0.057913 -1.04465 -1.20442 1.29666 -0.547526 -0.697221 -0.0931911 0.274918 -0.758987 1.5354 -1.31787 -0.0729294 1.44876 -2.06745 0.227907 0.545615 -0.456984 -0.276156 1.12241 0.392766 -1.1592 -1.44103 1.71212 -1.57102 -0.209206 1.65194 -2.56594 0.377553 0.763408 0.236022 -1.21255 0.938205 0.879074 -0.0134963 -2.17788 
1.20976 -0.691042 -0.759063 0.392514 -0.773397 -1.27402 -1.14087 0.731016 -0.765291 -0.15889 -0.167269 -0.342043 -1.02982 0.943796 -1.03695 0.151973 0.0946223 -1.63327 0.26041 1.19296 -0.852012 -0.567135 1.28095 -0.0757201 -0.524586 0.204501 1.30482 -0.994999 0.00582567 1.23134 -1.93024 0.783506 1.07846 -0.195654 -0.742074 1.36038 0.451363 -0.795972 -0.709702 
1.38133 -0.807242 -0.664771 0.492805 -1.06084 -0.900601 -0.633572 0.752105 -0.995402 0.305185 -0.133879 -0.169339 -0.620126 0.579354 -0.286213 0.0799232 0.532584 -0.917498 0.925125 1.00955 0.180061 -0.712803 0.650265 0.256162 0.112721 0.488212 0.634637 -0.698371 -0.172087 0.353698 -1.65548 0.482976 0.788497 -0.574576 -0.728087 0.940635 0.127547 -0.0353331 0.142591 
1.43465 -0.843306 -0.717923 0.63583 -1.33808 -0.754634 -0.657962 0.840897 -1.32641 0.351493 -0.0251195 -0.257787 -0.714769 0.0846383 -0.0890065 -0.417896 0.476672 -0.92636 0.450064 -0.0571475 0.0410651 -0.403031 -0.0530074 0.260044 0.479761 -0.0126659 0.232158 0.0785727 -0.354573 0.833787 -1.11401 0.713635 0.546442 0.0906128 -0.306641 0.501639 0.0952621 0.591218 0.474485 
1.40226 -0.8533 -0.854119 0.710563 -1.63095 -0.649464 -0.662148 0.773849 -1.3157 0.266921 0.0104085 0.2193 -0.616128 -0.203309 0.412571 -0.625779 0.81004 -0.803948 0.125016 -0.223807 -0.0535412 0.308879 0.00798089 -0.11816 0.667531 0.149365 -0.12706 0.409304 -0.449057 0.9316 -0.606616 -0.162933 0.0522791 -0.22917 0.759546 -0.238285 0.428201 0.3792 -0.0453292 
1.33685 -0.619236 -1.00352 1.00598 -1.83325 -0.687042 -0.76645 0.802652 -1.09325 0.360809 -0.0891883 0.286567 -0.610148 -0.290861 0.748453 -0.272898 1.0231 -0.00964196 -0.690748 0.128219 -0.365223 1.43161 -0.248975 0.355652 0.0212937 -0.0478824 -0.519923 0.669634 -0.570481 0.883553 -0.126126 -1.04249 -0.187729 -0.349011 1.06001 -0.645887 -0.0437498 0.0851068 -0.117582 
1.26837 -0.448339 -0.976334 1.1781 -1.6398 -1.04251 -0.601839 0.537968 -0.209707 0.0757774 0.207368 0.227736 -0.633999 -0.639714 0.666489 -0.251279 0.612541 0.611738 -1.66092 -0.0522263 -0.439511 1.1234 -0.838924 0.0567111 -0.553753 -0.306951 -0.699624 1.16587 -0.474365 0.947521 1.10566 -1.36757 0.319313 0.00147683 1.59237 -0.769593 -0.169633 -0.108847 0.207587 
1.05913 -0.258417 -1.11573 1.28584 -1.46165 -1.62791 -0.792666 0.519665 -0.226871 -0.290574 -0.0569188 -0.181878 -0.788903 -0.843445 1.13046 -0.456718 0.502252 1.72422 -1.32386 0.329044 0.366122 0.715927 -0.742507 -0.597716 -0.162925 0.327008 -0.836188 0.986252 -0.701564 -0.0950135 1.92886 -1.37671 0.36783 -0.692923 1.48549 -1.69361 -0.710925 -0.924687 -0.150436 
0.906654 0.162355 -1.18366 1.40755 -0.58707 -1.79305 -0.445234 0.765829 0.3399 -0.500387 -0.120893 0.0834009 -0.419061 -0.715952 0.922911 -0.826859 -0.762165 2.37714 -0.367149 0.579655 -0.538225 0.880536 -1.35169 -1.07541 -0.66222 0.105241 -0.704045 1.40579 -1.12644 -0.862141 1.81166 -0.374742 0.144411 0.133543 1.92096 -0.844994 -0.286205 -0.435015 -0.0769836 
0.749985 0.240499 -1.49442 0.937309 -0.00916788 -1.83823 -0.515893 0.174084 0.450706 -1.34198 -0.648346 -0.740273 -0.711683 -0.298027 1.13517 -1.27318 -1.88438 1.08324 0.771273 -0.124729 -0.1791 1.8731 -0.346825 0.188398 -0.408222 -0.430069 -0.453306 1.24741 -1.09047 -1.43471 1.57207 0.545191 0.757705 -0.260962 1.69893 -0.722301 -0.750299 -0.959239 0.141102 
0.769808 0.775585 -1.769 0.546043 0.0732124 -1.36054 -0.506215 0.647967 1.78912 -0.767867 -0.016076 -0.264356 -0.674273 -0.0190903 1.08744 -0.847858 -1.53987 0.059433 1.16924 0.511621 0.169262 1.41017 0.421583 0.000218428 -0.599254 0.0845931 -0.228079 0.739361 -0.832282 -1.99025 1.00962 0.991426 0.575494 -1.14905 0.334477 -0.741414 -1.53854 -2.33985 -0.562224 
0.728141 0.828024 -1.88284 0.233278 0.0242789 -1.18099 -0.271742 0.277118 1.54003 -1.01 -0.647199 -1.24645 -0.647286 -0.0719383 0.0562785 -0.00547806 -1.31022 0.482661 0.687939 0.952486 -1.44147 -1.41563 -0.608087 -2.39453 -2.67131 -0.324684 0.00966486 0.740683 -0.21808 -2.06834 0.299807 1.60474 1.09061 -0.562112 0.233098 0.899083 -0.914802 -1.77645 -0.324998 
0.726177 0.807772 -1.7674 -0.0530131 0.365784 -0.975078 -0.0506683 -0.270358 0.6816 -1.23917 -1.33422 -2.48887 -0.86404 0.0344896 0.106139 0.511382 -1.78018 0.407695 1.19313 1.06111 -0.962643 -1.08891 0.75244 -1.31143 -1.73837 -0.520745 0.0274565 0.263201 0.448998 -1.71774 -0.179114 1.41012 1.65455 -0.903553 -1.1191 0.77031 -0.905998 -1.88883 -1.1689 
0.728388 0.887063 -1.64194 -0.580603 0.270952 -0.51027 0.23589 -0.337584 0.686512 -0.41991 -1.36866 -2.69728 -0.958808 0.116177 0.367672 0.692296 -1.44654 -0.756896 1.38783 1.43583 0.166892 -0.0798927 1.615 1.09595 0.185712 -1.24486 0.0827647 0.0529971 0.786185 -1.73865 -0.614817 1.32577 1.63504 -0.537888 -0.929212 1.42811 -0.00595866 -0.522963 -1.85583 
0.760102 1.00766 -1.44273 -0.714381 -0.100574 -0.194413 0.636642 -0.168828 0.612517 0.0238361 -0.729426 -2.34409 -1.62524 0.0993992 -0.021005 0.692679 -1.01018 -1.35639 0.758436 1.29899 0.203401 -0.151477 1.10812 1.30421 1.0514 -1.97136 0.0846275 0.166375 0.971256 -1.70346 -1.22712 1.94655 1.66935 -0.221466 -0.664902 1.67856 0.351661 2.1352 -1.5712 
0.755397 0.877628 -1.31709 -1.04251 -0.562452 -0.0850056 0.857585 -0.212904 0.561778 0.447664 -0.649127 -1.83459 -2.17117 0.0207316 -0.0997894 0.795663 -1.28729 -1.13963 1.47789 0.973896 -0.480192 -0.80538 0.570585 -0.590072 2.62774 -0.864978 0.115165 -0.232927 1.24928 -1.4892 -1.65403 1.57308 1.47725 0.0378617 -1.09279 0.597765 0.44444 2.98896 -1.68407 
0.754677 0.955797 -1.07021 -1.30295 -0.801264 0.637101 1.10245 -0.47761 -0.0205761 0.472058 -1.05348 -0.174153 -2.15054 0.0870082 -0.354728 1.22176 -1.3794 -1.201 1.55731 0.832905 -0.151225 -1.30869 -0.325131 -0.665211 2.88632 -0.290066 -0.095142 -0.362135 1.02805 -1.36554 -1.77052 1.18293 0.772544 -0.578678 -0.996233 0.320183 -0.84126 3.66768 -0.897188 
0.777296 0.688465 -0.747288 -1.67318 -1.30072 0.791358 1.25579 -0.313089 -0.462604 0.197107 -1.01457 0.549788 -2.33944 -0.175217 -0.484208 0.779424 -0.903618 -1.59808 0.263329 0.138841 -0.336536 -0.52506 -0.147821 -0.615626 2.20376 -0.339642 -0.194817 -0.0312426 1.15519 -0.747802 -1.12894 1.37677 0.602289 -0.575731 -0.553732 -0.311586 -0.850119 3.75723 0.573313 
0.668465 0.696902 -0.705204 -1.71615 -1.78265 0.782794 1.16786 -0.695301 -0.435742 0.359827 -1.39161 1.64418 -2.34959 -0.403059 0.30408 0.548346 0.180976 -0.543546 0.469348 0.0336048 -0.66135 0.572788 -0.0719766 -0.553198 2.06311 1.06037 -0.392538 -0.129162 0.967019 -0.0697795 -1.13272 0.22707 0.303001 -0.362917 -0.142583 -0.673048 -0.322822 2.37152 0.546983 
0.597148 0.854107 -0.489271 -1.59059 -1.63645 1.05338 1.27073 -0.736743 -0.0242778 0.144046 -1.31831 2.25148 -1.66908 -0.461326 0.275728 0.702036 0.794536 -0.152314 0.070301 0.294831 -0.176115 0.341561 -0.718369 0.153772 0.920892 1.07459 -0.587536 0.410458 0.478856 0.19829 -0.627974 0.274496 0.0622998 -0.52704 0.785558 -0.679511 0.0754608 0.711105 0.95944 
0.464294 0.847274 -0.376029 -1.35309 -1.87884 0.819492 1.30806 -0.81127 -0.177177 -0.197507 -1.30586 2.39865 -1.6704 -0.54956 0.357227 0.184273 0.140633 -0.425518 -0.0658782 0.0519591 -0.0826043 0.490737 -0.802602 0.66279 -1.12498 0.228514 -0.498259 0.304854 0.534914 0.411099 0.00681023 0.493299 0.105961 -0.420904 0.942179 -0.753647 0.590422 -0.119491 1.18108 
0.3566 1.04837 -0.399817 -1.52644 -1.89992 1.01318 1.29447 -0.793417 0.350261 -0.479001 -0.952143 1.30932 -1.51531 -0.346582 0.215361 0.116577 -0.131019 0.165887 0.655376 -0.146124 -0.418258 0.932396 -0.252418 0.694675 -1.07654 0.511975 -0.511078 0.495031 0.430908 0.484358 -0.184158 0.354484 -0.348259 -0.852372 0.419933 -0.8336 0.252686 -1.18391 0.231991 
0.307431 0.965136 -0.317919 -1.41311 -1.78022 1.18656 1.23682 -1.08078 0.540718 -0.391337 -0.922133 1.49666 -1.3406 -0.279126 0.440399 0.474794 0.640586 0.143475 0.587137 -0.560155 -1.11985 0.0815451 -0.271944 -0.298918 -0.432355 0.083386 -0.393942 0.444117 0.540071 0.270063 0.29899 0.727319 0.0369693 -0.562357 0.29944 0.214436 1.22241 -0.834819 0.32471 
0.227547 1.28743 -0.175854 -1.23376 -1.81501 1.34172 1.02471 -1.5078 0.406684 -0.688064 -1.11579 0.941551 -1.45166 -0.292236 0.5002 0.709948 0.567943 0.299976 0.414916 0.195055 -0.375468 -0.522005 0.537949 1.06053 -0.02109 -0.0755497 -0.59285 0.709059 0.407591 0.560738 1.05662 0.703622 0.238469 0.035396 1.01769 1.31722 1.12492 -0.588047 0.717285 
0.172974 1.2364 0.0149197 -1.15363 -1.5995 1.41785 1.32917 -1.32316 0.127927 0.0314248 -0.336848 1.46995 -1.37565 -0.682108 0.702209 0.148506 0.263348 1.49518 0.448259 0.900499 1.16855 1.29387 1.9886 1.91424 -0.340313 0.880279 -0.922562 0.755541 0.608923 0.741394 1.75701 0.435266 -0.821157 0.867188 0.144041 1.47981 0.709772 -0.70501 0.959713 
-0.0676487 1.66748 -0.102961 -1.11351 -0.902518 1.59184 1.45532 -0.771125 1.4056 0.866399 -0.0601885 0.65011 -0.893136 -1.20344 0.717329 0.222195 0.62624 2.42289 0.225302 -1.38717 1.59643 0.723606 1.3897 -0.0408443 -0.905601 1.3648 -0.951515 0.313257 0.745251 0.716835 2.18383 -0.315275 -1.40436 1.07655 0.502882 2.7922 1.49319 -0.916754 1.50736 
-0.337158 1.6246 0.121931 -0.867507 -0.119007 1.54207 0.66285 -0.315161 0.683502 1.11867 -0.358323 0.709717 -0.516233 -0.860495 -0.197575 0.992762 0.891377 1.88839 -0.913279 -2.93605 0.347479 -0.610143 1.64219 0.229471 -0.865214 1.14448 -0.975316 0.644802 0.248826 0.868028 2.03545 -0.715351 -2.04318 0.591107 0.53647 0.876269 -0.167945 -1.51151 1.85825 
-0.436391 1.56296 0.360819 -0.706187 0.250723 1.07314 0.0463109 -0.555086 0.924286 2.15062 0.0672563 -0.0766257 -0.170539 -0.377747 0.321705 0.15756 0.771398 0.730999 -1.27947 -1.57226 -0.764555 0.0052522 -0.245285 -0.198796 -1.08314 1.13121 -0.952707 0.0952976 1.02758 0.590314 1.62146 -0.683271 -1.70157 0.342607 -1.65123 -0.304334 0.21223 -1.8281 0.873193 
-0.506871 1.79973 0.199016 -0.515026 0.325612 0.816599 -0.0922247 -0.804257 0.680613 0.930403 -0.466815 -0.197742 0.19812 -0.684039 0.350891 0.581595 0.0600733 0.624637 -0.093648 0.470658 0.134183 -1.60033 -2.02989 0.0763541 -1.54042 0.0285701 -1.01842 0.264945 0.694517 0.837055 0.443172 -0.994407 -0.0735059 -0.720946 -0.843536 -0.703998 1.03247 -1.76509 -0.656001 
-0.732383 1.75381 0.634231 -0.678862 0.63022 1.01726 0.27082 -0.474296 -0.326823 0.570124 0.110347 -1.3633 -0.140933 -1.2733 0.105056 0.905883 0.576479 -0.0419437 -0.185633 1.46142 -0.252674 -1.13053 -0.66107 1.68149 -1.23952 -2.01191 -1.02694 0.224076 0.453756 0.224293 0.129371 -0.343809 0.625745 -0.24198 -1.6233 -2.13349 0.0231657 -0.461236 -0.451477 
-1.04581 1.85819 0.622572 -0.251645 0.29699 0.708779 0.607356 -0.968771 -0.205261 0.417769 0.460564 -1.23489 -1.03943 -0.980815 0.00999556 0.112521 0.303314 -0.421341 -0.41339 0.429773 -0.476395 -0.57261 -0.731575 -0.0417937 0.934743 -0.634588 -0.559578 -1.76459 2.05544 -0.514405 0.747266 0.0101368 0.863349 1.81333 -1.4631 -0.667495 0.339356 -0.481158 -1.84259 
-1.15073 1.76107 0.690463 -0.540349 0.369309 0.780835 0.475724 -0.78067 -0.778955 0.00248723 0.0883495 -0.597353 -0.523152 0.366 -2.9496 2.24521 -1.39991 1.20173 0.19981 -0.217358 2.80706 -0.827178 -0.197915 -1.19327 0.607609 -0.462409 0.43757 -2.72016 0.956489 -0.803267 0.669189 0.265599 0.646278 2.23427 -0.0686959 -0.658622 -0.334076 1.1322 -0.986322 
-0.908884 0.271543 1.66623 -0.891701 1.02982 0.818606 0.501959 0.806878 -0.855301 0.266459 -0.195794 -0.740224 -1.31472 1.68982 -4.39478 1.35279 -1.59085 1.46027 0.803759 0.500355 3.62402 0.488383 -0.115895 -0.436208 0.5579 -0.689742 0.269739 -2.65777 2.52423 -2.16492 1.11506 -0.0796003 0.159382 1.955 -0.322497 0.319042 0.112058 1.288 0.389662 
-0.468017 -0.603886 1.32093 -1.26768 1.26043 1.23169 0.714472 1.51301 -0.406247 -0.0848367 -0.150936 -0.143915 -0.939623 0.0709601 -1.33462 1.625 -2.07531 0.527396 -0.317779 0.443325 -0.0530178 0.401951 0.619197 1.35537 1.09021 0.986067 0.966642 -2.77353 1.61354 -1.1468 1.98958 -1.27128 -0.60246 1.82184 -0.330343 -0.91021 -1.59216 0.363964 -0.470142 
-0.8936 -0.445347 2.42273 -1.84049 1.34978 0.636167 0.713362 0.768965 -0.549787 0.752605 0.55192 0.154651 -0.690502 -0.123228 -0.0760154 1.12043 -0.248623 1.62261 -2.67658 -1.37618 -1.05764 -0.924151 -1.05807 -1.84686 -0.0769079 0.0586571 1.1469 -0.486315 -1.60492 -0.0519173 0.876622 -2.99164 -2.22246 0.583265 0.394112 -1.58446 -0.707674 -0.081981 1.48984 
-0.532795 -0.642946 1.84382 -1.38147 2.25094 -0.282685 0.0534173 0.838069 -1.13168 -0.907183 -1.16736 -0.216916 -0.891333 1.78781 0.550464 -4.08888 1.99493 0.832634 -4.08842 -3.66203 0.873845 0.135639 -2.66817 -2.3694 -1.19646 1.01516 1.00777 0.630596 -1.59155 1.82654 -0.346486 -4.65952 -3.10016 1.0837 -0.0511916 -0.849819 -0.247518 -0.607667 1.91411 
-0.170482 -0.147014 0.533737 -0.928717 1.85663 -1.67543 -1.04376 1.31877 -0.45131 -1.32583 -0.752382 -0.846784 -0.0482142 1.75648 1.09215 -3.5638 3.18624 -2.15593 -4.18572 -3.11188 2.58375 0.863443 -0.037523 1.49305 -0.721597 2.51238 1.96422 0.110366 -3.39286 3.20772 -1.08576 -3.84512 -2.69377 1.42251 -0.328963 -1.2368 -0.411623 -0.748472 1.36409 
0.177407 -0.0528849 0.197935 0.0748734 0.928014 -2.64922 -1.43991 2.47211 -0.467387 -0.933366 -0.3438 -0.824552 0.680736 1.39578 -0.37286 -1.1177 3.16175 -2.51035 -1.57461 -0.2383 1.12974 -0.569554 1.07037 1.78014 0.212536 0.817187 1.69484 0.0672157 -2.41825 3.02797 -2.74801 -2.60026 -1.35245 1.10271 0.407118 0.428244 1.71023 -0.288455 1.08286 
0.391006 -0.345941 0.020384 0.51643 0.316703 -2.56756 -1.1592 2.03084 -0.901067 -0.487712 0.229341 -0.679753 0.471129 0.99046 -0.9841 -0.147734 1.68165 -2.09492 0.355854 1.1514 -1.03085 -0.308379 0.60052 0.962068 0.343447 -1.05773 1.37772 -0.588617 -0.519495 2.78034 -2.79273 -0.709935 0.182842 0.582645 0.15236 0.78111 1.07648 0.178005 0.262743 
0.571787 -0.580999 0.13367 0.843444 -0.357558 -2.45128 -0.888982 1.81416 -0.7141 -0.461791 0.187241 -0.548957 0.0357425 0.837138 -0.576191 0.318853 1.30829 -1.80973 0.528414 0.498196 -0.309791 0.782332 -0.0494422 -0.234303 0.0235745 -0.463986 0.967725 -0.750315 -0.245132 1.61516 -2.15055 0.657114 0.595128 -0.905845 -0.292728 0.690454 0.518925 0.0408432 -1.07754 
0.722173 -0.654375 0.172147 1.11433 -0.79426 -2.27218 -0.921487 1.83011 -0.299836 -0.523194 0.101288 -0.669425 0.194854 0.577884 -0.225585 -0.23024 0.916364 -1.23108 0.611055 -0.295251 -0.246961 -0.0768505 0.302758 -0.216204 -0.287959 -0.389104 0.652969 -0.496925 0.00292383 1.42881 -1.56427 0.812355 0.0830623 -0.43735 0.226126 0.231832 -0.625842 0.0275261 -0.904495 
0.796068 -0.700611 0.0312062 1.26219 -1.11424 -2.10924 -1.03173 1.65327 -0.780818 -0.22251 0.069158 -0.796981 -0.19403 0.22101 -0.225067 -0.316311 0.990329 -0.608704 0.667101 -0.382605 -0.30776 -0.470443 0.357548 -0.662319 0.0143774 -0.750448 0.323431 -0.22968 -0.385389 1.15026 -0.901137 0.889247 -0.452275 -0.380842 0.234887 0.264997 -0.848219 -0.188388 -0.682921 
0.79932 -0.773708 0.0298325 1.56689 -1.16989 -1.89849 -1.10612 1.63066 -0.672542 -0.241169 -0.262564 -0.666725 -0.259315 -0.0538937 -0.144915 -0.362888 0.93472 -0.160837 0.697691 -0.363375 -0.290953 0.40051 0.048389 -0.999478 0.0415831 -0.52775 0.0315869 -0.0194737 -0.677408 0.903801 -0.897975 0.571663 -0.302583 -0.517859 0.532321 0.487448 -0.11284 -0.315757 -0.930513 
0.759875 -0.776778 -0.132673 1.68933 -1.21565 -1.71828 -1.20714 1.46448 -0.476424 -0.18167 -0.480439 -0.77172 -0.509902 -0.170077 0.193388 -0.724772 0.464784 -0.778318 0.173974 -0.059533 -0.423254 1.19373 0.282282 0.501741 -0.428479 -0.498929 -0.112651 0.43437 -0.681029 0.745126 -0.307476 0.506763 -0.0255129 0.0859314 1.00286 0.457633 0.500202 0.0248306 -1.28683 
0.715227 -0.66768 -0.301598 1.77921 -1.64936 -1.80325 -1.13584 1.35799 0.248518 -0.0178624 0.0148771 -1.03128 -0.55729 -0.128972 0.844765 -0.683751 0.265458 -0.312099 0.047813 0.321942 0.410875 0.954974 0.552748 1.71848 -0.00718077 -1.20017 -0.219539 0.804408 -1.08222 0.544496 0.531531 0.257775 0.30309 -0.820849 0.792903 0.0438815 0.838136 -0.0426685 -1.05103 
0.692729 -0.319948 -0.445111 1.81054 -1.40968 -1.69428 -1.05394 1.72072 0.259022 0.252636 0.467317 -0.786897 -1.24335 -0.186046 1.10291 -0.93729 0.413055 1.60415 0.204872 0.493333 -0.734771 -0.120334 -0.218085 0.70212 0.373995 -0.9123 -0.184009 1.16889 -1.12927 0.158753 0.849529 0.0336548 1.04003 -0.794656 0.137367 -0.826278 0.84112 0.69786 -0.161939 
0.624551 -0.0718259 -0.731423 1.96789 -0.670145 -1.69056 -0.900458 0.887776 0.147995 -0.184909 0.40271 -0.730353 -1.11197 -0.169559 1.03902 -1.05049 -0.00737028 1.63019 0.000996752 1.17763 -1.53199 -0.762339 -1.61779 -0.510335 0.927864 0.983011 -0.100724 1.27202 -1.31091 -0.442502 1.65361 0.283016 1.13384 -0.657873 -0.0547924 -2.03775 -0.622691 1.07752 0.351596 
0.60885 0.241499 -0.927349 1.80703 -0.414525 -1.69671 -0.490435 0.745004 -0.34061 -1.00637 0.187194 -0.0266512 -0.621032 0.022513 0.947104 -1.07559 -1.12097 0.958645 0.211144 1.14192 -0.193567 0.0547877 -2.41913 -1.59422 1.04664 1.38483 0.00495184 0.933749 -1.30836 -1.12461 1.50359 0.126871 0.942554 -1.47436 0.873471 -2.02466 -2.18204 0.175868 1.4191 
0.61986 0.440119 -1.22528 1.45534 -0.0861476 -1.57434 -0.354075 0.760741 0.183616 -2.06906 -0.474537 0.128391 -0.240115 0.177319 0.465753 -0.958467 -1.79645 0.700382 0.185082 0.180974 -0.547046 1.94398 -1.00244 -2.61908 -0.694568 0.92321 0.0299356 1.12076 -1.36939 -1.90253 0.938677 0.863265 0.995195 -0.805347 2.1286 -0.188962 -1.32403 -0.747558 1.10399 
0.667984 0.49421 -1.36698 0.985714 0.0113482 -1.5952 -0.40483 0.393831 1.16371 -1.78532 -1.25466 -0.611872 -0.0358471 0.0257436 0.859098 -1.027 -1.93268 0.497444 1.05934 0.292815 -0.94261 2.81321 2.18116 -0.304152 -2.02936 0.0981895 0.179151 0.891757 -0.703173 -3.02708 0.546126 1.20239 0.479501 -1.36077 1.66115 1.35783 -0.433338 -1.22035 -0.0629101 
0.616501 0.904669 -1.69664 0.571752 0.215475 -0.979161 -0.214843 0.158742 2.3637 -0.364381 -0.641071 -1.56376 -0.167274 0.112805 0.971335 -0.12214 -3.06395 0.148045 1.5848 0.507955 -1.37191 0.295964 2.7718 1.99866 -0.910755 -1.00737 0.00333739 0.925191 -0.668516 -2.83593 0.0431041 1.4464 1.4879 -1.74082 0.635363 2.65357 0.656726 -1.20671 -0.589627 
0.700519 1.01921 -1.41939 -0.414996 0.0990483 -0.70332 -0.162437 -0.480384 1.38683 0.38015 -0.152549 -1.37637 -0.649567 -0.0206007 0.631882 -0.00044393 -2.6206 -0.427688 1.06986 1.85449 -1.51196 -1.95148 1.26973 1.24773 0.442003 -0.889746 -0.188633 0.949476 -0.0474789 -2.54277 -0.379938 1.83669 2.24523 -1.34991 -0.848006 2.74538 1.79411 0.447948 -0.397518 
0.594035 1.24685 -1.69271 -0.626299 -0.0493221 -0.378048 0.673214 -0.804278 0.839599 0.629267 0.0473438 -1.20643 -0.707949 -0.418832 0.558789 0.0473648 -1.01834 -0.733153 1.11914 2.73461 -0.531738 -1.42725 0.798227 0.576808 1.50234 0.473822 -0.393063 0.559102 0.906281 -1.86961 -0.941972 1.75689 2.39869 -0.936569 -2.53455 0.86378 0.620619 2.15846 -0.934609 
0.513868 1.32202 -1.39333 -0.880631 -0.352772 -0.0743748 1.14764 -0.821851 0.270282 1.00596 0.166248 -0.139721 -0.343456 -0.616793 0.269017 1.38873 -0.380162 -1.02744 1.51658 1.61002 0.190846 -1.4458 -0.141518 -0.355957 2.40208 -0.365132 -0.725489 0.379205 0.977432 -0.706204 -1.1724 1.27593 2.32708 -0.36654 -1.62948 -0.325364 -0.157651 1.98932 -0.0806769 
0.325767 1.39361 -1.0456 -0.800212 -0.681322 0.475314 1.44405 -0.687559 -0.291368 0.521953 -0.14773 0.776368 -0.922835 -0.757399 0.052143 1.45007 -0.113243 -1.07868 0.759018 0.626329 0.0139807 -0.753999 -1.21322 -0.80168 1.11901 -0.581844 -0.895452 0.288743 1.55631 0.0626777 -1.02806 1.51178 1.88198 0.733675 -1.03868 -0.963989 -0.870602 1.56462 -0.367838 
0.18763 1.35198 -0.717817 -0.932532 -1.01614 0.351218 1.4468 -0.817281 -0.322867 0.0625834 -0.274379 0.779038 -0.692922 -0.834936 0.196104 0.9967 0.483891 -0.56095 0.708909 1.10721 0.841957 0.0583253 -1.10224 -0.891839 -0.340001 -0.128556 -0.822255 0.0357413 1.5306 -0.0300653 -0.899302 0.87991 0.726533 0.455805 -0.0530635 -1.02858 -0.901396 0.638876 -0.373761 
-0.0324374 1.5011 -0.579993 -0.579154 -1.02771 0.872612 1.97378 -0.157973 -0.252997 -0.33485 -0.638028 0.485186 -0.990805 -0.575684 0.0051768 0.895922 0.0679673 -0.310396 0.535978 0.419865 0.627213 0.690776 -0.114358 -0.490301 -0.275997 0.0802014 -0.899895 0.144872 1.164 -0.00526668 -0.954785 0.380288 0.884826 0.949939 0.545163 -0.00589913 -0.16116 1.07158 1.12476 
-0.0636885 1.35665 -0.298874 -0.901599 -1.20913 0.650868 1.64695 -0.423864 0.207186 -0.0235419 -0.543465 0.540934 -0.631252 -0.623994 0.0371172 0.786925 -0.489324 -0.914012 -0.149651 0.167913 0.495632 0.682213 1.10183 0.661933 1.75282 1.63947 -0.883408 0.274895 0.500944 0.223494 -0.191728 0.847789 0.299151 1.17441 0.375931 0.17957 -0.123982 0.355736 0.0728204 
-0.303674 1.52297 -0.211515 -0.802966 -1.59026 0.785109 2.05313 0.152009 0.270399 0.527815 -0.272335 1.92956 0.0391826 -0.856523 0.437622 -0.129418 0.294135 0.0166351 0.711716 0.0082393 1.02673 -0.177613 0.354643 0.313738 0.746154 0.0179287 -0.705863 0.25879 0.900304 -0.510592 -0.345224 -0.306505 -0.527124 -0.0461991 0.214625 0.167187 0.195248 0.34793 1.23174 
-0.430793 1.59421 -0.354658 -0.767281 -1.20189 1.04975 1.64973 0.222886 0.0621336 0.256216 -0.369596 1.15049 -0.608254 -0.520425 0.379723 0.592195 -0.327986 0.382641 -0.302454 -0.934787 -0.561924 -0.385777 -0.877617 -0.380473 -1.29295 0.0151171 -0.785453 0.489632 1.03447 0.135382 -0.265604 -0.992092 -0.802065 0.54211 -0.203628 -0.126518 0.239843 -0.186905 1.44932 
-0.53221 1.72935 0.0668043 -0.953029 -1.35893 0.611324 1.60372 -0.208599 -0.0364849 -0.153754 -0.480915 0.848112 0.0604345 -0.416906 0.351302 1.71435 -0.0735961 -0.424755 -2.17341 -1.17274 -0.263905 -0.0879044 -0.51158 0.0317059 -0.990577 1.92888 -0.348969 -0.0380242 1.2653 -0.0166249 0.45468 -1.27877 -1.78095 -0.247294 -0.265461 -0.974961 0.267192 -1.36946 1.45141 
-0.616651 1.78528 0.443215 -0.801058 -1.46489 -0.180501 1.08622 0.05125 -0.0131775 -0.139795 -0.351103 0.319792 0.601461 -0.0454944 -0.441302 1.34683 0.304304 0.324228 -1.58139 -1.6454 0.212223 0.0371827 -0.380377 0.765157 -0.508735 1.9345 -0.308408 -0.0505683 1.59389 0.187973 0.429551 -1.55243 -1.47056 -0.775747 -0.90615 -1.07656 0.443197 -0.727686 2.11646 
-0.56494 1.49356 0.694518 -0.814063 -1.16336 -0.284637 0.813573 -0.078324 -0.0145505 -0.447409 -0.0583547 0.417 1.27364 -0.083268 -0.4331 0.728726 0.378629 1.09272 -0.113426 -0.95855 -0.830557 -1.1215 -0.87827 0.605506 0.0340248 0.913914 -0.177684 -0.348864 0.982339 0.460214 0.91371 -1.01639 -1.89964 -0.602312 -0.959835 -0.446449 1.30338 -0.244178 1.34679 
-0.664953 1.55391 0.784747 -0.628117 -0.798798 -0.247548 0.625424 -0.479697 -0.892031 -0.821873 -0.0164957 0.338785 1.18087 -0.242786 -0.121304 0.158127 0.438123 1.09321 0.0839255 -1.10644 -1.06226 -1.31872 -0.191748 1.10623 0.188892 -0.125394 -0.269799 -0.436362 0.432652 0.0826254 1.01974 0.0975444 -1.05375 -1.13568 -1.35103 -0.150903 1.49963 0.615072 0.988292 
-0.679009 1.43011 0.771866 -0.613926 -0.496973 -0.240246 0.28186 -0.756192 -1.04673 -0.593909 0.552106 0.564424 1.20763 -0.354323 -0.270539 -0.0669822 -0.242852 0.488855 0.256319 -0.569942 -0.771173 -0.685634 0.689687 1.54746 0.77764 0.413721 -0.654408 0.45155 -0.110422 0.202554 0.542992 0.299016 -0.447593 -0.340794 -0.384397 0.720447 1.116 0.745521 -0.708828 
-0.825008 1.41009 0.75787 -0.739263 -0.502434 -0.105813 0.350963 -0.972988 -1.43203 -0.280735 0.837041 0.974451 1.44966 -0.818229 0.848845 -0.329457 -0.109663 -0.249638 0.355653 0.454586 0.580787 0.810325 1.13395 0.496306 0.794555 -0.826253 -0.252371 -0.107796 -0.5054 -0.837017 -0.654402 -0.415665 -0.192773 0.346422 0.670673 0.63229 0.298771 -0.454738 -1.46707 
-1.03033 1.88913 0.623464 -0.66419 -0.652757 -0.0424205 0.498662 -0.392213 -0.423732 0.293813 0.826554 1.21412 0.706384 -0.0550188 0.0964984 -0.710242 -1.09891 -1.49883 -0.869172 0.286613 1.25821 1.5948 0.13811 -1.11746 -1.37476 -2.38371 0.624196 0.391268 -0.842276 -0.662644 -1.69793 1.6149 0.817857 -0.0656049 0.866847 0.0258145 -0.291071 0.269712 -2.73634 
-0.861664 1.46394 0.433167 -1.24172 -1.42305 -0.599605 0.487222 -0.179459 -0.199167 -0.169902 0.222446 -0.174845 -0.0187758 1.82974 -0.21847 -0.964533 -0.951941 -2.3757 2.02168 0.723682 -0.674428 0.362418 -1.0932 -0.912606 -0.437679 -2.8484 2.09034 -0.62228 -1.19087 -1.1997 -1.33533 2.06436 0.874482 0.976123 1.57655 -0.598215 -1.16672 -0.589934 -3.66218 
-0.289924 1.77335 0.181026 -1.09947 -2.11024 1.09616 0.844496 -0.82416 -0.148951 -0.555939 0.324816 0.841931 -1.05063 3.44304 -1.09981 -1.11848 -0.825549 -0.565212 3.90838 0.973549 0.116281 0.531474 -0.907186 -0.555193 0.599606 -2.53438 3.35084 -1.88669 -1.76852 -1.47887 -0.825944 2.62288 -0.478897 0.222941 1.09576 -0.6295 -3.03822 -0.903425 -3.04884 
0.543879 0.873505 -0.0805501 -1.61923 -1.77204 1.60433 0.952867 -0.11002 0.207042 -0.874539 -0.08239 0.313179 -1.58078 3.60146 -2.82289 -1.75031 -1.42104 1.10018 1.84 -1.42081 0.987442 1.11789 0.283523 -3.44524 -0.750295 -1.24595 3.64071 -1.71317 -1.95924 -0.533109 0.615318 3.3723 -0.437515 0.0712182 0.346313 -0.111347 -2.39939 1.06289 -1.70087 
1.18093 0.254952 -0.625223 -1.74918 -1.43959 2.13214 0.162042 -0.202323 0.713147 -0.331664 -1.57218 0.210496 -1.81251 2.45802 -1.66185 -1.88892 -0.0279384 1.52075 1.05688 -1.61083 -0.0170944 -0.058106 0.769936 -2.88607 0.801767 0.250398 3.0066 -2.4868 -1.97788 -0.39264 1.87431 0.92287 -0.794802 0.960037 0.198615 -0.123739 -2.91261 0.34036 0.301857 
1.54331 -0.0196161 -0.950975 -1.63214 -0.843894 2.19811 0.179299 -0.125155 0.154897 -0.270796 -1.67133 0.968854 -1.41342 1.27175 -1.18576 -1.2857 0.793239 1.80425 -0.481741 0.266813 0.364378 -0.842961 -0.436854 -0.732382 1.2002 1.65169 1.88564 -1.69769 -1.86388 0.633393 2.08748 0.214706 -1.10305 0.117933 -0.26238 0.369033 -2.38965 0.684798 0.65159 
1.69128 -0.381766 -1.21636 -1.38672 -0.33786 1.85712 0.288807 0.0244327 0.0508369 -0.669379 -1.97463 1.19659 -0.774939 0.598194 -1.07486 -0.972203 1.0486 1.71368 -0.741453 0.0110388 0.182117 -0.286348 -0.283778 -0.541216 0.101716 0.625037 0.878534 -1.1272 -1.29478 1.19734 2.13575 -0.492301 0.0615011 0.324547 -0.888059 -0.377281 -0.630751 0.2627 0.344428 
1.77597 -0.596608 -1.39696 -1.15294 0.202379 1.77644 0.183419 -0.0139704 -0.0746896 -0.489092 -1.96847 1.04398 -1.0134 0.152024 -0.631404 -0.702423 1.13348 1.50489 -0.243966 -0.182404 0.0918307 -0.342138 -0.0455088 -0.171282 -0.852562 -1.18878 0.245538 -0.856096 -1.04333 1.09741 1.56318 -1.02232 0.106971 0.277751 -0.590539 -0.73891 -0.733657 -0.213647 -0.162006 
1.73999 -0.719934 -1.53744 -0.868726 0.580582 1.71636 0.200171 0.0783671 -0.222122 -0.701792 -2.06796 0.480347 -1.50132 -0.200462 -0.305332 -0.630206 0.717573 0.709133 -0.76476 0.13913 0.208142 -0.499012 -0.667884 -0.510095 -0.381353 -0.842286 -0.0937308 -0.562158 -0.774658 0.571624 1.22367 -0.92751 0.225518 0.0361974 -0.282454 -1.06621 -0.348518 -0.437835 -1.12784 
1.67935 -0.759168 -1.68461 -0.825064 0.633611 1.3416 0.248959 0.113716 -0.469606 -1.00704 -2.24846 0.718508 -1.5246 -0.304222 -0.275001 -0.487841 -0.212058 0.392368 -1.12262 0.504018 -0.0419997 -0.0292877 -1.33091 -0.327441 0.277701 -0.325612 -0.285282 -0.206333 -0.43099 0.483076 0.845194 -0.804102 0.315764 -0.0711139 -0.226765 -1.35249 -0.0845659 -0.262968 -1.10036 
1.60059 -0.866159 -1.75918 -0.965796 0.817871 1.07945 0.440676 0.0474404 -0.251863 -1.73699 -2.24733 0.701419 -1.69166 -0.262225 -0.0275362 -0.0328741 0.0615848 0.602246 -0.420101 0.313 -0.309547 0.202409 -1.08005 0.390085 0.0367664 -0.635203 -0.261487 -0.0990887 0.0510025 0.154368 0.344297 -0.598972 0.463526 0.142802 -0.165571 -1.30538 0.460583 0.440094 -0.732424 
1.55726 -0.77212 -1.6957 -0.797048 0.9994 1.10139 0.397871 -0.086861 -0.31922 -1.84653 -2.03253 0.739776 -1.9072 -0.119897 0.114995 0.564136 0.4631 0.14363 0.239836 0.161809 0.24207 -0.185097 -0.355886 0.989599 0.303542 -0.657725 -0.280463 -0.127246 0.30009 0.312463 0.170627 -0.441711 0.431405 0.323445 0.358342 -1.4373 0.45046 -0.354466 -0.600407 
1.53719 -0.802351 -1.49385 -0.754242 0.902868 1.21188 0.51709 0.196641 -0.402734 -2.01154 -1.70112 0.943921 -2.08825 -0.192652 -0.177855 0.491268 0.443459 -0.335087 -0.231107 0.306373 0.764203 0.287121 -0.777938 0.257548 -0.501843 -0.170831 -0.308567 0.0450596 0.580337 0.466682 -0.25026 -0.368258 0.120609 0.237044 0.436132 -0.941873 0.775609 -0.512777 -0.305473 
1.46386 -0.866028 -1.46411 -0.594472 0.791298 0.967889 0.543604 0.393421 -0.102978 -2.45034 -1.88962 0.31438 -2.00143 -0.380534 -0.0426551 0.324155 0.289719 -0.527997 -0.782879 0.00808331 0.090818 0.779143 -0.85917 0.124551 -0.977091 0.247796 -0.46856 0.172947 0.766468 -0.20491 -0.661022 -0.510726 0.178948 0.836658 1.02695 -0.809968 0.679873 -0.295058 0.366152 
1.36633 -0.823445 -1.33963 -0.621943 0.576656 0.766815 0.519794 0.249933 0.196018 -2.67871 -1.63148 0.124406 -1.9225 -0.567117 0.456331 0.682548 -0.769647 -0.685134 -0.521732 -0.0521094 0.413737 1.10073 -0.265939 0.719241 0.114998 0.662915 -0.892704 0.477304 0.648131 -0.104218 -0.897269 -1.03302 -0.129668 0.580965 1.10776 -0.519831 -0.0373596 -0.960675 0.852383 
1.21608 -0.618391 -1.14395 -0.946424 0.368877 0.670285 0.517445 0.651475 0.74578 -2.65472 -1.49235 0.400524 -1.57789 -1.06674 0.811709 0.668132 -0.454132 -0.857931 -0.739084 -0.200148 0.726767 0.717288 0.191814 -0.176831 -0.286274 0.89731 -0.981386 0.935584 0.97608 -0.0213001 -0.744055 -0.862201 -0.584707 0.411233 0.441339 0.0954236 0.756069 0.425156 1.22138 
0.91255 -0.384418 -1.02615 -0.829668 0.0484381 0.346479 0.422649 0.706478 0.746682 -2.52598 -1.72787 -0.122221 -1.3534 -1.0239 1.0514 0.812811 0.738454 -0.46362 -0.748686 -0.798043 0.164641 -0.499685 0.397024 0.366873 0.446574 0.977762 -1.2794 1.59924 1.03461 0.0066871 -0.382253 -0.474445 -1.14287 0.173028 -0.521025 1.80588 0.575558 0.843316 1.32238 
0.779961 -0.0502761 -0.76349 -0.609002 0.0820799 0.244528 0.133609 0.751577 0.350342 -2.3419 -1.28921 0.761641 -0.958828 -1.00735 1.76574 0.917011 0.467904 0.269241 0.0396712 -1.45723 -0.484098 -1.40925 2.159 1.00395 1.3985 0.879012 -1.64205 1.71837 1.33935 0.30417 0.279575 -0.213377 -1.53854 -0.863949 -1.91379 2.07621 0.53529 0.367044 1.22121 
0.483263 0.568407 -0.597444 -0.615918 0.210342 0.365881 -0.277267 0.395219 -0.355875 -0.838588 -1.17376 1.02832 -0.795664 -1.63801 1.71806 1.2398 -0.246733 0.899429 0.433719 -1.43157 -1.38341 -2.06355 2.30461 0.402472 0.0384735 0.66269 -1.5118 1.63128 1.39238 0.445772 0.798657 0.371731 -0.611305 -1.90124 -1.88744 2.18814 0.833759 1.06567 0.86065 
0.0906623 0.876872 -0.185334 -0.721923 0.629822 0.486435 -0.554006 -0.129929 -1.26089 -0.540908 -1.06646 0.784324 -0.535429 -1.44344 0.863359 1.21695 0.25132 0.9701 0.506986 0.568607 -2.19656 -1.11858 0.68789 0.19363 0.00653067 0.277197 -1.46232 1.62226 1.01686 -0.379712 0.781109 0.913646 0.533609 -1.53334 -1.87083 2.5206 0.633636 -0.574194 1.03652 
-0.125818 1.03525 -0.0298643 -0.501172 0.801352 0.64916 -0.00579119 -1.0019 -1.23246 -0.298852 -1.06606 1.02451 -0.611658 -0.732574 0.896485 0.318115 -0.360299 0.312747 0.910955 2.19876 -0.778744 -0.441974 0.973717 0.507978 -0.792899 0.729719 -1.22571 0.989048 1.1181 -0.316082 0.801081 0.855263 1.04885 -1.65865 -1.39353 0.257692 0.322288 -0.771665 1.58632 
-0.22534 1.36156 -0.0339123 -0.886756 0.818362 0.997822 0.499129 -0.628021 -1.61146 0.22181 -0.785581 0.117558 -0.0704039 -0.543621 0.730548 0.49626 -0.756121 0.272993 0.751714 0.94373 -0.142204 -0.745656 -0.346224 0.270103 -1.021 1.85361 -0.789717 0.720417 0.73913 0.0537353 0.236132 0.203745 1.24059 -0.959266 -0.00748414 -0.251341 0.87929 -0.653717 1.14837 
-0.363918 1.43057 0.204038 -0.846941 0.965553 1.07063 0.445556 -1.09637 -1.81912 -0.565863 -0.916225 0.168589 0.55131 -0.547766 0.26443 0.813764 0.449661 0.0558136 -0.611672 -0.409123 -0.574357 0.439991 -1.29264 0.754931 -0.0662468 0.812906 -0.624316 0.288847 0.602717 -0.0128339 0.610639 0.270129 -0.0652651 -0.75734 -0.457092 0.0744976 0.709401 -0.773346 1.4154 
-0.465149 1.50584 0.346992 -0.681346 0.849593 0.649431 0.301781 -0.996513 -1.27637 -0.783533 -0.368654 0.0533971 0.446281 -0.468617 -0.265261 0.426363 0.73853 0.675299 -0.354675 -1.04265 -0.926317 0.139592 0.450152 0.749052 0.00431632 0.0476496 -0.608744 -0.00505384 0.748166 0.591114 0.673152 -0.213376 -1.15546 -1.27379 0.393196 -0.205927 0.439404 -0.230145 0.728001 
-0.571094 1.28959 0.405577 -0.509484 1.37607 0.867356 -0.0555708 -1.68803 -1.71757 -0.211595 -0.502538 0.162946 0.592765 -0.439231 -0.272865 0.331976 0.503076 0.989247 0.296707 -1.26646 -1.22202 0.0963683 1.03265 -0.123162 -0.235117 0.165152 -0.585005 -0.267376 0.372131 0.473729 0.105304 -0.264563 -0.568535 -0.618896 0.702553 0.537003 0.152591 -0.339872 -0.0164966 
-0.66021 1.36077 0.504832 -0.451518 1.45233 0.813973 -0.306662 -1.77568 -1.20843 0.0251626 -0.435479 -0.150805 0.560705 -0.4799 -0.165999 0.142542 0.0256111 -0.509258 -0.035667 0.215889 0.0529092 0.81241 0.253986 -0.528795 -0.450174 -0.0694749 -0.937289 -0.396127 0.022829 0.332303 0.221114 0.312665 0.483187 0.214951 -0.156431 -0.109839 -0.414428 0.541425 -0.419413 
-0.782923 1.20207 0.475709 -0.497913 1.06133 0.844217 0.0467756 -1.65878 -1.09296 -0.0103624 -0.79283 -0.219601 0.561485 -1.08031 -0.365922 -0.298899 0.0338447 -0.643934 0.162969 1.96072 1.52377 -0.298474 -1.16794 -0.470128 0.949798 -0.728106 -0.755285 -0.222804 -0.050626 0.373269 -0.0822173 0.229691 1.06675 1.24891 0.629046 -0.190585 -0.270741 0.0805589 -0.395304 
-1.11958 1.16558 0.370578 -0.436183 1.05513 0.902997 0.632336 -0.813762 -1.44744 -0.882901 -0.693451 0.62763 0.12041 -0.744628 -0.193418 -0.222145 0.577127 0.385018 0.373157 1.32233 1.70603 0.04083 -0.494067 0.141665 0.557963 -0.461101 -1.11445 -0.798792 -0.680612 0.026866 -0.340869 0.201081 1.62332 2.15049 1.52911 0.460306 0.255645 -0.431031 -0.318608 
-1.10389 1.09978 0.376993 -0.234235 1.29412 1.05193 0.679663 -0.581293 -1.06819 -0.392711 -0.713758 0.233889 0.287002 -0.726402 -0.921901 -0.747099 0.0123476 0.119305 0.132391 0.382432 1.50579 2.36102 1.77255 0.838244 -1.5157 0.300536 -1.05238 -0.777551 -0.686034 -0.433865 -0.167637 1.01979 0.54557 1.74622 1.18655 0.423183 1.35912 -0.0152153 -0.796093 
-1.43304 0.67096 0.0288107 -0.430674 1.12523 0.974754 0.81454 0.136754 0.381099 0.503015 -0.230626 -0.638547 0.318909 -0.961475 -1.06017 -0.832171 -1.27116 -0.641486 1.12783 -0.53785 0.753783 1.56146 1.0505 1.80969 -0.576295 -0.607746 1.54557 -3.22214 0.480413 0.36268 -0.279215 0.120928 -1.5074 2.84574 0.78433 0.842983 3.00198 0.604961 1.45469 
-1.51427 0.530697 -0.00416275 -0.815438 0.898422 1.68577 0.42059 -0.107618 0.13875 0.429907 0.284244 -0.25325 -0.0785484 3.23139 -4.27199 1.48211 0.573377 -0.548494 0.0449362 -2.567 2.50361 -1.29914 -0.671331 3.47025 2.31405 1.65348 1.91558 -3.64792 1.82304 0.340684 -0.135411 0.207237 -1.16436 2.61135 -0.0576153 -0.212166 2.90397 1.24682 1.80314 
-0.114756 -1.62787 0.719156 -0.168711 0.786473 0.997129 -0.417515 1.71998 -0.635855 -0.0176225 1.6822 1.27125 1.3576 4.06622 -4.82002 3.62676 1.82155 0.434903 -0.8234 -1.15061 2.92527 -1.63079 -1.31858 2.35819 2.21988 3.02975 2.38702 -3.63392 1.72649 0.433328 -0.528848 -0.162422 -1.33232 2.3336 -1.60915 -1.43765 2.65951 1.84663 1.48676 
0.148201 -2.06327 1.67915 0.0170824 1.16175 1.21783 -0.132303 1.74299 -1.13604 -0.595675 1.58442 1.57845 1.81481 0.637535 -1.58563 1.16437 0.125855 -0.267123 -0.284867 0.635629 0.784006 -0.854791 -1.18712 0.346873 0.119402 0.343615 2.38591 -3.19023 0.878909 1.52242 0.155181 -2.12185 -1.27094 2.93813 -1.1737 -2.38659 1.27525 1.0899 1.0487 
0.134118 -2.47994 1.26239 -0.111316 0.619983 0.833274 -0.113903 2.21282 -1.30736 -0.940645 1.87432 1.36104 1.58285 -0.199096 -0.322446 -2.28046 0.627463 -0.191654 -2.30196 -0.691986 1.21433 0.0619206 -1.77133 -0.527166 -0.782934 -1.62098 -0.124092 -0.497083 -0.637077 0.715327 0.421745 -0.807789 0.502789 0.859776 0.758109 -1.98066 -1.52559 0.132712 -0.736354 
0.0521442 -2.23505 0.627439 0.303769 1.04147 -0.0850133 -0.465285 2.50869 -1.09487 -1.97446 1.29503 0.919949 0.820033 -0.838946 0.784121 -2.14359 1.02645 0.92301 -0.905424 0.0869807 0.426515 1.88144 -1.376 -2.53443 0.0570641 -1.33223 -0.313968 1.14039 -1.32782 0.822792 0.472228 -1.53575 -1.95923 -0.571174 0.0646363 -2.90452 -2.62712 -0.480967 -1.18212 
-0.225741 -2.05577 0.274054 0.357752 1.18216 0.319011 -0.073368 2.47898 0.148339 -2.01102 0.479103 1.39914 0.767389 -0.31009 2.16029 0.241651 0.697498 0.925687 0.0396872 -2.14603 -2.02048 0.0329946 -1.99073 -3.24084 0.151274 0.0336908 -0.0307028 2.66531 -1.31436 0.439489 0.434931 -0.998259 -2.55498 -2.46589 1.0981 -2.1147 -3.35339 -0.836064 -0.233692 
-0.0896743 -1.06974 0.743458 0.622469 1.60529 -0.0656027 -1.49548 1.22322 -1.0762 -3.52441 -0.48936 1.03618 0.852819 0.788913 3.51167 0.12542 -0.317319 -0.246712 -0.565351 -3.78659 -3.90294 -0.39799 -1.36108 -2.27562 -1.15633 1.01871 0.385552 2.53543 -1.0164 -0.195654 -0.328784 -0.00815851 -2.39792 -3.64923 1.98346 0.298907 -2.6284 -0.698891 1.10385 
0.0855443 -0.162663 0.336259 0.212566 1.02817 -0.003223 -1.89022 -0.000150545 -0.16804 -3.06976 -0.773533 0.430985 1.41188 0.934775 1.92616 -1.80274 -1.00881 -1.43161 -0.0524512 -1.32643 -3.12366 2.63999 2.38589 -0.529004 -1.06991 1.44915 1.17724 2.23411 -0.739051 0.00310401 -0.97675 -0.916704 -2.9288 -3.46782 1.80304 0.791461 -1.44366 -1.51704 1.16781 
0.281747 -0.0305172 -0.0870674 0.161191 0.725832 -0.0982196 -2.13268 -0.761772 0.969226 -1.66001 -0.779767 0.13969 1.76461 1.11904 0.0890866 -1.26106 0.325334 -1.26225 -0.785326 -0.45364 -0.98552 2.82857 2.39544 0.205603 -0.839678 0.550032 1.22963 0.906831 -1.3858 -0.372406 -1.83811 -0.28424 -0.55047 -2.04341 3.49165 2.07165 -0.770595 -1.96913 1.03728 
0.532936 -0.112807 -0.243472 0.361145 0.252403 -0.44967 -2.10891 -0.629358 2.02398 -1.19791 -0.659238 -0.274574 1.76531 1.05811 -0.464775 -0.325013 0.41352 -1.41073 -0.366868 0.525792 0.242643 2.05937 0.309824 -0.575306 -1.52144 -0.0557132 1.01439 -0.163952 -0.620044 -0.0741179 -1.00815 -0.316629 0.176131 -0.666458 3.03494 1.85372 -0.46069 -2.18807 0.233895 
0.704017 -0.278946 -0.233411 0.350081 -0.140841 -0.308377 -1.88174 -0.612208 2.56325 -1.41521 -1.09568 -1.13125 1.74188 0.524949 -0.353643 0.307977 -0.441387 -0.29532 0.318312 0.703829 0.0450812 1.25716 0.0174604 -0.865267 -2.03999 -0.235574 0.598983 -0.214725 -0.130877 -0.363925 -0.985563 -0.385431 0.502229 -0.0479774 2.08152 0.962647 -0.353246 -2.28794 -0.34904 
0.735392 -0.301386 -0.0967441 0.159245 0.0686485 -0.272929 -1.7726 -0.605068 2.99436 -1.18119 -1.1349 -1.97554 1.63089 -0.0874657 0.118381 0.122305 -0.995189 -0.111877 -0.201463 0.196007 -0.311442 0.745385 0.94669 0.0697992 -1.48973 -0.412727 0.257393 -0.0985491 0.150711 -0.756373 -0.28768 0.619465 0.616346 -0.523891 1.1439 0.902366 0.0739947 -1.57582 -1.01945 
0.653984 -0.213314 -0.172649 -0.104969 -0.21228 -0.425136 -1.78892 -0.813987 3.13576 -0.673581 -1.0562 -2.37589 1.49744 -0.108001 0.194507 -0.0787304 -0.770805 -0.146972 0.593154 0.18301 -0.784597 0.287818 1.16082 0.972756 -0.0334388 -1.13324 -0.122844 0.276222 0.187115 -0.628819 0.339638 1.14511 0.529446 -1.80193 -0.575159 0.331347 0.281405 -0.573181 -0.720517 
0.676893 -0.194755 -0.12906 -0.193236 -0.0242781 0.0590062 -1.68602 -1.10687 3.21115 -0.272508 -0.597968 -2.01249 0.938998 -0.111922 0.326558 0.162785 -0.0120698 0.640664 1.88699 0.565155 -2.22925 -1.51008 -0.509438 0.335277 0.736641 -0.554618 -0.247763 0.403863 -0.0209503 -0.646647 0.101085 1.53258 0.397808 -1.90278 -1.3421 0.0130926 -0.109409 0.180508 -0.708604 
0.593867 -0.035567 -0.0931442 -0.110622 0.17703 0.637385 -1.5191 -2.23184 1.95482 -1.06792 -0.870468 -1.77423 1.16488 -0.293872 0.456171 0.04465 -0.265097 0.306482 1.66295 0.387773 -1.89823 -2.08296 -1.13658 -1.12841 0.272846 0.181896 -0.30572 0.433285 0.371375 -0.0754575 0.528082 1.90987 0.868368 -1.98132 -1.90647 -0.0663772 0.267703 0.933488 0.210298 
0.541761 0.0527953 -0.104252 -0.314551 0.160427 0.995022 -1.50125 -2.31482 1.58483 -1.1561 -1.21859 -1.79545 1.06382 -0.383895 0.371542 0.404961 -0.106135 0.179831 0.924721 0.686164 -0.564261 -1.04333 0.430548 0.0501396 0.49433 0.837384 -0.545915 0.530421 0.632983 0.0100192 0.141339 1.29814 0.960313 -1.08138 -0.96156 -0.0203107 -0.51475 0.480078 0.600627 
0.42162 0.166406 0.0984864 -0.159274 0.284191 1.15655 -1.19126 -2.59393 1.13673 -0.728947 -0.841819 -1.37351 1.69676 -0.591283 0.398499 0.9244 0.284223 -0.0846598 0.24792 0.996519 0.373027 0.799103 1.11747 0.391182 0.361051 0.625095 -0.532375 0.619109 0.750879 -0.0740642 -0.300953 0.502849 0.70644 0.123024 -0.444068 0.802844 0.593414 0.707602 0.698793 
0.28401 0.269286 0.327877 -0.184764 0.105651 1.13201 -1.02459 -2.08258 2.1991 -0.281236 -1.00206 -1.50525 1.46387 -0.479313 0.626079 0.744942 -0.00983131 -0.64267 -0.184981 0.330972 0.736459 0.454765 0.618583 0.802601 0.439182 0.101446 -0.716438 0.491028 0.648631 -0.0242358 -0.448541 0.852054 1.4284 -0.179786 -0.821561 0.87932 1.1654 1.04325 0.823913 
0.210033 0.505462 0.447527 -0.163903 -0.11223 1.04909 -1.03373 -2.13124 1.48331 -0.24328 -0.398631 -1.01852 1.77163 -0.570278 0.392675 0.0686535 -0.320133 -0.606644 1.00605 1.06474 -0.627587 -1.89486 0.0309025 1.28224 1.01447 0.481775 -0.643173 0.461065 0.584281 -0.271529 -0.387731 0.65926 0.85983 -0.180871 -1.07265 0.615946 1.19138 1.28445 0.259309 
0.0349205 0.482641 0.363799 -0.331237 -0.268713 1.6971 -0.515221 -2.48483 0.719024 -0.254038 -0.294637 -0.673187 1.77492 -0.563491 0.116799 0.149399 -0.42339 0.0454991 1.15505 0.907999 -0.992547 -1.88787 0.188003 0.908089 1.25396 0.247144 -0.650747 0.325657 0.20219 -0.247459 -0.46938 0.747053 0.641878 -1.26493 -3.09229 -0.290508 2.01846 1.50263 0.00180821 
-0.0362585 0.570242 0.520834 -0.357576 -0.0873148 1.69831 -0.599517 -2.7649 0.00866005 -0.0935225 0.102672 0.012153 1.93697 -0.484802 0.131946 0.239562 -0.0744163 -0.116918 0.0932974 -0.140975 -1.15629 -2.25178 -0.400656 1.61513 0.965985 -0.479016 -0.675017 0.113791 0.0556291 0.0777271 0.0260727 0.970955 0.578685 -0.936979 -2.43607 0.196906 1.04187 1.20157 -0.221776 
-0.178929 0.555579 0.478851 -0.365389 -0.343239 1.74678 -0.583992 -3.22232 -1.03854 -0.563514 0.596182 0.118672 1.48931 -0.53093 0.066325 -0.0660075 0.551298 -0.00210752 0.274017 -0.0756258 -0.329143 -1.3771 0.0747791 0.588089 0.330037 -0.544666 -0.669981 0.330498 0.293977 0.0837973 -0.0510597 0.367328 -0.183675 -0.126278 -1.36716 0.734801 1.17947 0.49184 -0.461278 
-0.269126 0.60784 0.494408 -0.105706 -0.0915468 1.85004 -0.636952 -2.9779 -1.0689 -0.0320952 0.427684 0.276627 1.61059 -0.601456 0.400477 0.209455 0.212077 0.0409099 0.446876 -0.129196 0.977144 0.422982 1.36148 0.0784689 -0.3166 -0.140163 -0.704263 -0.658994 1.06184 -0.470174 0.635188 0.133455 -0.745134 1.77903 -0.973328 0.819433 -0.0939575 0.237564 -1.09815 
-0.440873 0.773136 0.579963 -0.268581 -0.321133 1.99612 -0.647115 -2.60701 -0.716674 0.501715 0.640438 -0.153104 1.41414 -0.610896 -1.12881 1.69293 -1.30367 0.988401 -0.0782426 -1.00654 2.83519 0.0774313 0.99588 -0.721575 -0.015496 -0.929853 -0.136288 -1.8328 2.41712 -0.612903 1.17392 -0.203267 -2.00794 2.79672 0.826917 0.930014 -0.007343 0.754753 -0.500162 
-0.534962 0.00178901 1.28236 -0.701767 0.510669 1.80286 -1.12076 -1.18442 -1.01567 0.747914 0.031187 0.254553 1.04501 0.380276 -3.35497 3.49646 -1.19376 1.77934 -0.746955 -2.77927 2.96316 0.696113 -0.14732 -0.0876817 1.3122 -0.53124 0.139259 -2.43746 2.5816 -1.31832 0.803537 -0.479614 -2.45272 2.50026 0.723255 0.274212 0.688541 0.247491 -0.775434 
-0.298064 -1.03182 2.20294 -0.814403 0.765341 1.57134 -1.98095 -0.732386 -0.182472 0.389876 0.59316 0.92587 1.0961 0.836358 -2.8003 2.2653 -0.811364 0.258494 -0.628781 -2.54517 0.687303 0.902386 -0.632775 1.7108 0.343109 -0.111248 0.196094 -3.02155 2.5172 -1.8845 0.770358 -0.696892 -1.86368 2.68866 0.217684 0.117929 0.21704 0.796843 -0.442335 
-0.204116 -1.50445 2.33532 -1.07279 0.665992 1.44481 -2.34235 -0.7529 -0.32111 0.257355 0.974713 0.529867 0.987789 -0.0626889 -1.5156 0.362977 -1.83092 -0.583805 -0.28003 0.0794435 0.824857 -0.395567 0.30761 0.400409 -0.261173 -0.0624997 0.36496 -2.43035 1.65366 -0.566527 0.471052 -0.999382 -1.02475 1.20025 0.304059 0.123636 1.34989 0.732169 -0.671422 
-0.337882 -1.84618 2.37513 -1.65148 0.40496 1.41022 -1.94403 -0.213643 -0.496967 0.632942 0.814776 0.700059 1.06915 -0.245051 -1.11736 0.269472 -0.0958126 0.473719 -0.843647 1.05862 1.00305 -0.485789 0.800472 0.227311 0.622755 -0.790162 -0.158185 -1.2583 0.789655 -1.012 0.252273 -1.00945 -0.206238 0.662247 -0.0469247 0.785509 0.0440672 0.101936 -0.640366 
-0.31912 -2.10433 2.46422 -1.11672 0.953089 0.965431 -1.83592 -0.121164 -0.705746 0.884919 1.10097 1.03709 0.508957 -0.193984 -0.512883 0.846407 0.208027 0.977351 -1.20722 -0.382245 0.10728 0.340592 0.719024 -0.335859 0.397112 -0.797201 -0.332955 -1.0203 0.423446 -0.368724 0.305254 -0.882823 0.946482 1.32207 -0.912396 0.578267 -0.602475 0.554119 -0.347812 
-0.431831 -2.12052 2.77115 -1.55652 1.00041 0.725539 -2.12849 -0.149912 -0.239155 1.19697 0.630774 1.02016 0.585944 -0.294912 -0.5275 0.378149 -0.493567 0.00184071 -0.457139 0.305674 0.858994 -0.732009 -0.0427834 -1.09041 0.108644 0.32337 -0.194343 -0.676556 0.3431 0.358811 0.685879 -1.10037 -0.0489978 0.529123 -0.0189967 0.35551 -0.555448 0.506013 -0.55012 
-0.454681 -2.38654 2.64344 -1.34247 0.951274 0.7043 -1.69052 0.419224 -1.2818 0.854632 0.501278 1.11796 0.721636 -0.121298 -0.577914 -0.322036 0.371482 0.0874107 -0.41392 0.306848 0.637243 -0.358044 -0.250416 -0.459762 0.270937 0.0587034 -0.254719 -0.639328 -0.196628 -0.333088 -0.219801 -0.675773 0.0683341 0.434006 -0.00238578 -0.366598 -0.822046 0.578504 0.394399 
-0.495813 -2.42988 2.62619 -1.38685 1.05099 0.488813 -1.98253 0.249866 -0.524479 1.0047 0.378513 1.23562 0.634263 -0.118236 -0.50329 -0.681718 -0.038558 -0.339059 -0.538746 -0.211383 -0.248521 0.736875 -0.425715 -0.0877257 0.654866 0.20665 0.183355 -0.734166 -0.913989 1.01376 -0.16501 -0.030966 0.836352 1.19441 0.858577 -0.917957 -0.61489 2.24327 -0.462485 
-0.5174 -2.65571 2.33194 -1.36023 0.740741 0.397089 -1.79305 0.257343 -0.715907 0.525607 0.453976 1.65181 0.861831 0.418237 -0.605741 -1.08196 1.26029 -0.339813 0.367569 0.898169 1.04489 1.51968 -0.933603 -0.421145 2.68483 -0.679504 0.127363 -0.419618 -1.26578 0.806916 0.0373457 -0.24182 0.158431 0.819432 2.33628 -0.830496 -0.650588 1.39457 0.0109528 
-0.337353 -2.75423 2.12938 -0.810885 0.839991 0.693368 -1.55303 0.908128 0.64998 0.279453 0.147526 3.4529 0.22415 0.324415 -0.173362 -1.26193 1.33801 0.399901 0.181895 0.435975 1.40218 2.41016 -0.644801 -0.844401 1.18328 -0.19161 0.158567 0.240233 -0.895141 1.59686 0.332071 0.0198496 -0.319791 1.0838 0.68579 -1.98765 -0.741341 0.934814 0.0159286 
-0.397621 -2.7472 1.75181 -0.748746 0.982642 0.496799 -1.58517 1.14217 1.15084 0.025665 -0.0101875 2.62387 0.754704 -0.161479 0.992671 -0.293123 1.30831 0.856885 -0.339089 -1.36519 0.481357 -0.590195 -1.6386 -0.641192 -1.45211 0.701227 0.955112 1.61368 -1.54298 2.22173 -0.0453387 -0.211642 -1.07599 -0.679846 0.582705 -2.55017 -1.71703 -0.243822 0.471506 
-0.417901 -2.21774 1.9978 -0.212972 1.36168 0.498896 -2.20882 1.20906 0.184177 -0.995781 -0.204687 2.23946 0.671481 1.22348 2.77408 -1.10693 2.23455 -0.467053 -0.494307 -1.99664 -2.36149 -1.61918 -2.6574 -1.61783 -1.50265 0.825187 1.05961 2.07304 -2.22095 2.78444 -0.681933 -1.30248 -1.36951 -0.818169 0.622502 -1.42574 -1.87124 -1.28428 0.545605 
0.0928316 -1.25132 1.24344 0.272561 0.693743 0.214681 -2.54374 -0.359538 -0.114927 -2.04437 -0.900442 1.36852 1.27901 1.87876 2.34847 -3.11574 3.16831 -1.90948 -1.57968 -0.619961 -1.6356 1.43464 -0.204392 -2.0423 -0.237389 0.0318674 1.21723 2.40939 -2.33095 2.61178 -0.785373 -1.48608 -0.72345 -1.35788 -0.37067 -0.0332425 -1.66195 -1.63334 -1.09085 
0.342714 -0.951084 0.559363 1.23517 0.18965 -0.396095 -2.50726 0.167636 1.29253 -1.15214 -1.32878 2.03337 0.703135 0.749291 1.10921 -2.47068 1.96467 -0.745662 -1.69483 0.945834 0.446612 1.12923 2.62151 -0.765368 -0.646516 -2.2899 1.16668 2.14867 -3.02492 2.09301 -0.534916 -2.15823 0.5031 -0.830951 0.693404 1.52935 -1.20801 -1.68956 -1.15269 
0.387781 -0.652074 0.103664 1.1705 0.234264 -0.745335 -2.09138 -0.0806392 0.755992 0.00384468 -1.32106 0.823143 -0.131168 0.012068 1.11457 -1.52642 0.197437 1.08447 -1.59925 1.34302 0.463342 -0.494934 2.19633 0.310392 -1.98582 -1.57964 0.373692 1.26861 -2.18978 1.75336 0.441248 -1.74512 1.31979 0.283653 1.01595 2.22409 -0.435243 -0.875268 -2.40451 
0.333717 -0.348949 -0.143229 1.32529 0.850682 -1.30214 -1.86445 0.457143 0.900784 0.564379 -1.15676 0.377329 -0.265967 -0.14383 0.935311 -0.890373 0.855378 1.43174 -0.875767 0.958342 -0.0480356 0.243837 0.272023 0.142213 -0.504381 -0.939094 0.142093 0.977063 -1.21881 0.590325 0.778158 -0.829414 1.21363 -0.545441 -0.438271 1.34337 0.258249 -1.15625 -2.21821 
0.31451 -0.14648 -0.304439 1.56137 1.10792 -1.24285 -1.63303 -0.115393 0.938584 0.219148 -1.24169 0.395643 -0.702488 0.217988 0.46002 -0.345162 0.754032 0.123144 0.377119 0.407621 -1.23323 -0.0858438 -0.445741 0.0614609 0.46491 -1.39915 0.193336 0.519505 -0.587459 0.850179 0.0697881 -0.098892 0.677648 -0.44777 -0.619358 -0.672683 1.16891 -0.16949 -1.08676 
0.409618 -0.0993253 -0.298901 1.66983 0.923136 -1.09219 -1.67017 -0.329136 0.827075 0.219731 -1.12187 0.753652 -1.12299 0.456947 -0.0982362 -0.012729 0.513583 -1.32068 0.729389 0.0171531 -0.5842 -1.06792 -1.13774 1.53624 0.282892 -0.520127 0.316381 0.199361 -0.142455 0.823688 -1.32581 0.681883 1.2846 -1.22118 -1.39911 -1.353 1.60031 -0.213901 -0.202085 
0.48893 -0.197508 -0.306196 1.796 0.29638 -0.833988 -1.62597 -0.490127 0.101387 -0.665351 -0.394335 0.621019 -1.01363 0.294576 -0.138969 0.124693 0.572368 -2.17245 0.626264 1.44566 -0.488997 -1.78589 -1.30285 2.23596 -0.744882 1.12807 0.434395 -0.292768 0.356751 0.871082 -2.2612 0.311185 1.32055 -0.206298 -1.77606 -0.848342 2.29154 -0.663819 1.42862 
0.517095 -0.17229 -0.237033 1.93133 -0.409908 -0.741563 -0.978147 -0.643501 -0.568288 -0.793576 0.110967 0.126706 -0.410579 0.24691 -0.373952 0.558041 0.888962 -2.17659 -0.271892 1.88812 0.292277 -1.31028 0.0440638 1.75294 -1.15534 2.43914 0.141818 -0.286048 0.584337 1.06098 -2.103 0.53104 1.52393 -0.265135 -1.23722 -0.880153 1.82564 -1.87675 2.38094 
0.576754 -0.397024 -0.04369 2.20223 -1.0392 -0.990516 -0.721791 -0.309091 -0.924224 -0.627886 0.572407 -0.346315 0.512958 -0.0649657 -0.322388 0.769735 1.13527 -1.07994 0.15499 0.753749 0.114153 0.131659 0.167891 0.384754 -1.72482 2.06993 -0.102968 -0.393058 0.70877 0.833763 -1.58653 0.438579 0.708964 -0.712148 -0.794879 0.705815 1.33797 -1.3938 2.37608 
0.476338 -0.344036 0.123486 2.45015 -1.07405 -0.657044 -0.617895 -0.575412 -0.472905 -0.659509 0.323959 -1.31289 0.886729 -0.414081 -0.259888 0.527265 0.453624 -0.276302 0.916989 -0.867332 -1.29711 0.25037 0.879149 0.168072 -0.678382 0.752343 -0.209064 -0.453858 0.700786 0.869884 -0.962664 0.559362 0.506627 -0.215444 -0.585367 1.23449 0.985007 -0.637488 1.06845 
0.392062 -0.53511 0.204567 2.40945 -1.21131 -0.475722 -1.13885 -1.13587 -0.736553 0.0610572 0.666026 -0.918114 0.992032 -0.274179 -0.409453 0.303325 0.265346 -0.407221 0.66797 -0.0255889 -0.418966 -0.91007 1.44141 1.02983 0.887043 -0.634646 -0.711709 -0.147571 1.01357 0.727285 -0.277945 0.466411 -0.305471 -1.03812 -0.289308 0.540772 0.427758 0.68499 0.721705 
0.349325 -0.562671 0.26806 2.57131 -1.32632 -0.282863 -0.631338 -0.845371 -1.18739 0.468069 0.892333 -0.586497 0.504474 -0.739815 0.0217353 1.02561 0.717891 -0.15092 -0.230907 0.421017 -0.16713 -0.631005 -0.170118 0.446988 1.58212 0.217259 -0.639337 0.0557445 0.806985 -0.0919156 -0.552907 -0.0588153 0.109377 -0.586399 -1.0707 0.536332 0.981509 1.41007 -0.582404 
0.0730744 -0.521527 0.683555 2.73747 -1.30666 -0.609107 -0.938146 -1.24615 -1.23408 -0.0685683 0.913303 0.384699 1.13882 -0.762407 0.499016 0.932644 -0.409993 -0.445639 -0.755331 0.179237 -0.408644 -0.520421 -0.738137 0.379735 0.971515 -0.147211 -0.73381 0.132843 1.24328 -0.242291 -0.0858922 0.280078 0.999067 0.0437603 -0.0398734 0.0543409 0.403891 1.52385 -0.535945 
0.0210228 -0.292046 0.704006 2.38376 -1.60211 -0.712373 -0.546566 -1.10878 -1.59895 -0.104687 1.10256 0.209948 0.424919 -0.449904 0.192098 0.879637 -1.10414 0.020992 0.642596 1.01932 0.227619 0.585504 0.247888 0.133829 0.42628 -0.936719 -0.963463 0.346012 1.41635 0.0277394 0.213894 -0.589728 0.187082 -0.393872 -0.314222 -0.436714 0.690442 1.37039 0.0181327 
-0.126387 -0.416194 1.09496 2.23262 -1.29674 -0.249254 -0.450551 -1.10611 -0.785871 0.127907 0.988058 0.728985 0.56897 -0.799563 0.0584149 1.23809 0.457589 0.779775 -0.113846 0.0867893 -0.147633 0.106313 0.178646 0.612219 0.834794 0.171894 -0.787919 0.449112 0.571416 -0.568511 0.632776 0.294411 1.37635 0.490575 -0.0247505 0.424013 0.573568 -0.242556 -1.51013 
-0.322598 -0.258709 1.28137 2.59279 -1.12762 -0.779657 -0.506123 -1.20669 -1.52327 0.0377703 1.44086 0.893011 0.54353 -0.827522 0.531514 -0.00503023 0.193771 0.961568 -0.2098 0.966648 0.462576 -0.610686 0.309619 0.690436 -0.743986 -1.0911 -1.16143 0.234676 0.525063 -0.158838 1.08267 -0.0494448 -0.0833226 0.0442234 -0.476796 0.341809 0.510228 0.519367 0.0696273 
-0.481536 -0.128066 1.09677 2.32106 -0.710958 -0.37072 0.011786 -0.817086 -1.2676 0.372541 1.36945 0.102783 -0.096747 -1.0833 0.319558 -0.434586 -0.709757 0.899221 0.0402844 -0.211828 0.208775 -0.738852 0.272182 0.121166 -0.14916 -0.0780521 -1.34194 0.750935 -0.417425 -0.27308 1.29017 -1.24352 0.327971 0.980158 -1.22497 0.693441 0.964404 -0.524828 0.151326 
-0.783198 -0.0847319 1.08429 2.26822 -0.580009 -0.75991 -0.608868 -1.0786 -2.10464 0.253198 1.50864 0.760092 0.506923 -1.34793 0.678591 -0.637241 -0.629485 1.03863 -1.62215 -0.496864 0.917602 -1.02708 0.597535 0.694592 0.0545678 1.29467 -1.26632 0.560944 -0.763882 -1.0077 1.14235 -0.802286 0.668352 1.49983 -0.134827 1.32998 0.381615 -0.802909 0.360904 
-1.05124 0.23927 0.805862 2.03318 -0.0779899 -1.28969 -0.227634 -0.239534 -2.07305 0.841788 1.75314 0.138812 0.719114 -0.969577 0.584311 -0.739148 -0.906227 0.872152 -1.22247 1.17388 1.90379 0.565773 1.46103 0.427689 -0.906451 0.563087 -1.31369 0.357309 -0.435093 -0.949243 0.537164 -1.05194 0.192089 0.61042 0.188052 1.03144 0.952312 0.601968 1.00283 
-1.19691 0.231829 0.746208 1.85383 -0.048968 -1.4532 -0.0471634 0.124281 -1.67177 1.39609 1.74529 -0.000841681 0.868468 -0.781732 -0.102953 -0.0321329 -0.892581 -0.204075 0.0723174 0.770132 -0.0585043 1.28781 0.748254 0.673085 0.73984 0.0524978 -0.932019 0.516314 -0.351851 -1.26851 0.747543 -0.54385 0.656194 0.828968 0.856321 1.1688 0.420317 0.282317 0.435744 
-1.38751 0.185702 0.795121 1.62503 -0.205878 -1.25186 0.140473 -0.280927 -1.07885 1.42862 2.12498 0.743131 0.76358 -0.541424 0.247621 0.197467 -1.12878 0.288064 0.420854 -0.229411 -0.736685 0.592828 0.0630166 0.176695 1.27993 0.0224609 -0.732129 0.0643059 -0.139639 -0.694547 0.361083 0.619655 1.35318 0.672078 1.42472 0.779182 0.229424 0.395595 0.653669 
-1.43411 0.367064 0.841771 1.33771 0.12446 -1.21856 -0.158339 -0.347142 -1.21786 1.44834 1.84366 1.05136 0.894281 -0.405262 0.206314 -0.184016 -0.220279 0.766058 0.839429 1.18234 1.0045 0.634477 0.27017 -0.34259 -0.217194 0.825729 -0.52503 0.214279 0.0504488 -0.546616 0.372874 0.681491 0.371646 -1.01574 0.78233 -0.548502 -0.218552 1.43264 1.02039 
-1.56857 0.298691 0.714058 1.5242 0.260206 -0.780858 0.706234 0.351725 -0.592565 1.64247 1.93727 0.553792 1.28823 -0.309878 0.0974751 -0.122022 0.253591 0.292171 0.581953 0.76236 -0.696007 0.46636 -0.76758 -0.488946 0.608351 1.34828 -0.396897 0.371624 0.201885 -0.574971 1.10616 0.472767 0.0766712 -0.140862 -0.0426817 0.435734 -0.508973 -0.273987 1.00773 
-1.57584 0.421438 0.789411 1.4535 0.300403 -0.892945 0.206041 -0.792772 -0.862275 0.852614 1.57532 1.54664 1.74344 -0.238346 0.392398 0.491764 -0.700465 0.9493 -0.143988 -1.07599 -1.2042 -0.683751 0.302548 -0.386351 -0.141903 0.528011 -0.493662 -0.020973 -0.177084 0.0244303 0.117771 0.00989524 0.462593 -0.0747482 0.801918 -0.121265 0.188543 0.386135 1.09875 
-1.68081 0.511897 0.945878 1.20388 0.838482 -0.865162 0.189122 -0.416147 -1.1311 1.88159 1.72545 0.42689 1.62799 -0.490579 -0.13157 -0.151567 -0.211312 -0.106831 -0.568131 -0.0978819 0.58948 0.619147 0.617459 0.760786 -0.098164 0.127699 -0.352321 0.154445 0.168632 -0.162258 0.486064 0.193216 -0.413452 -0.551727 0.395542 0.0983705 0.144426 0.48592 -0.223376 
-1.79207 0.352458 0.723372 1.35677 0.232053 -1.21675 0.157934 -0.42328 -0.387909 1.3374 1.99547 1.45601 1.8346 -0.333007 -0.143745 -0.235027 0.442802 -0.193849 0.427766 0.47351 0.425455 1.22326 -0.167639 0.594893 0.783493 -0.827682 -0.537074 -0.117298 0.115984 -0.395966 0.248759 0.556542 0.456441 0.696486 0.181117 0.205131 0.523136 0.0217582 0.321204 
-1.83207 0.43636 0.841197 1.40615 0.716854 -0.626616 0.414998 -0.150663 -0.187081 1.7539 2.05421 1.06741 1.12586 -0.380246 -0.0577863 0.327542 -0.421836 0.494938 1.38694 0.753463 0.390912 -0.367731 -0.344003 -0.00888022 0.12852 0.304018 -0.398425 -0.237914 -0.146551 -0.13612 -0.464358 0.193019 0.0299684 0.34923 0.835489 -0.851569 0.253243 0.869888 0.141664 
-1.96281 0.323214 0.879158 1.16381 0.532141 -0.436591 0.518048 -0.1797 -0.680764 1.07212 1.99161 1.55337 2.03527 -0.313078 -0.240026 0.00827538 -0.65847 -0.521939 -0.144278 -0.434704 0.0655393 -0.0926509 -0.930225 -0.230223 0.363726 1.01827 -0.310042 0.0398271 0.161926 -0.589433 0.675339 1.28627 0.469406 0.314398 0.156785 0.0676332 -0.0254356 -0.137754 -0.845754 
-1.97512 0.30897 0.849165 1.10502 0.394351 -0.711085 0.205383 -0.1134 -0.266082 1.03129 1.9284 1.35982 1.77008 -0.122577 0.121692 -0.0810919 -0.522144 0.553508 0.506462 -0.0791322 0.0509932 0.586455 0.439023 -0.0262915 -0.308218 -1.43956 -0.3424 -0.273045 0.0378001 -0.785957 0.0404473 0.683486 0.466925 0.0260578 -0.252028 -0.711754 -0.643978 0.791147 0.773431 
-2.02732 0.39063 0.845749 0.924992 0.86809 -0.153607 0.478931 -0.15166 -0.231812 1.41771 1.97815 1.28855 1.15315 -0.242194 -0.200371 0.047767 -0.601253 0.587582 1.15002 1.10545 -0.0299984 -0.237895 0.013804 -0.69242 0.679803 0.0208003 -0.279583 -0.268821 -0.0401361 -0.568062 0.0532497 0.44496 -0.0116588 0.182845 0.58694 0.456864 0.318346 -0.449224 -0.413813 
-2.08895 0.202937 0.875416 0.830043 0.751162 -0.0647046 0.734275 -0.136717 -0.457999 1.04515 1.54797 1.91435 1.79486 -0.330873 -0.555281 0.0175804 -0.387499 -0.468047 0.14803 0.0577355 0.205512 0.210214 0.161117 0.484369 -0.281641 0.884128 -0.442356 -0.392155 -0.0373685 -0.583397 0.514306 0.754189 0.110493 0.228699 0.224564 0.47339 0.0926705 -0.308395 -0.350411 
-2.17771 0.093458 0.858024 0.747725 0.578582 -0.073019 0.505442 -0.0256411 -0.0753596 1.54649 2.24602 1.04576 1.71407 -0.4751 -0.432014 -0.107033 -0.333029 0.211588 -0.040161 -0.950185 0.351127 0.547686 0.607782 0.826704 -1.08421 -0.491083 -0.450033 -0.499652 -0.148484 -0.671461 -0.288975 0.448373 0.187748 -0.0912353 0.281079 -0.25205 -0.652367 0.120699 0.451133 
-2.2988 -0.0278486 0.829996 0.677675 0.877767 -0.0903816 0.277486 0.0816362 -0.0391882 1.52239 2.00443 1.00601 1.50175 -0.398864 -0.250373 -0.247297 -0.688269 0.0237491 0.511489 0.209255 -0.335275 0.175508 -0.480962 -1.41905 0.442287 -0.277912 -0.387719 -0.367272 -0.308865 -0.717047 0.333614 0.201477 -0.0788525 1.0079 0.734035 0.460546 0.540646 -1.10588 -0.509001 
-2.35613 -0.0395038 0.747663 0.432972 0.590181 0.212803 0.604608 -0.242532 0.0541119 1.17437 1.46528 1.40332 1.55334 -0.153631 -0.160263 -0.368707 -0.81598 0.307873 0.336104 0.831612 1.06815 0.446615 -0.00286388 -0.0496742 -0.370372 -0.19219 -0.406955 -0.256491 -0.0455212 -0.424279 0.518522 0.190273 0.286094 0.982622 0.418015 -0.0231804 -0.911516 -0.978746 -0.736618 
-2.37611 -0.112281 0.663422 0.304544 1.06332 0.0964057 0.675073 0.754647 0.301048 1.52324 1.97809 0.689637 1.39427 -0.261048 -0.163342 0.175525 0.00963299 0.781946 -0.232044 0.199966 1.71893 0.394198 0.45813 0.112549 -1.72945 -0.711058 -0.272423 -0.217424 -0.245712 -0.482313 0.140511 1.18505 1.35224 0.944763 0.424616 -0.0386762 -0.720861 -0.936316 -0.609158 
-2.47773 -0.125595 0.833065 0.43724 1.06599 0.0787753 0.699319 0.843135 0.353598 1.53486 1.52831 -0.0401152 1.12364 -0.288214 -0.190482 -0.0101579 0.0441044 -0.0873322 1.40824 1.11949 0.262149 0.131959 -0.0400782 -0.983278 -0.860916 -0.625598 -0.154423 -0.193444 -0.144326 -0.448631 0.378128 0.139269 0.714984 1.0326 0.606344 0.485652 0.0719994 -0.393726 0.159524 
-2.50891 -0.212989 0.662855 0.324569 1.00691 0.888593 1.2107 0.916579 0.396664 1.49507 1.43742 -0.0335341 1.01763 0.0104726 -0.14875 -0.398863 -0.727393 -0.193579 0.436381 0.829525 -0.26484 0.428541 0.179369 -0.0079233 1.21267 0.925634 -0.11139 -0.0222229 0.136057 -0.0269888 -0.3263 0.499334 0.401899 0.402181 0.856952 0.16549 -0.607456 0.235231 0.0174371 
-2.48738 -0.203827 0.652529 0.104603 0.944531 0.322186 1.09591 0.670906 0.679784 1.67788 1.52497 0.956321 1.71033 0.107392 0.154372 0.216927 -0.0844373 -0.414744 -0.673675 -0.542789 0.303471 1.02749 0.26209 0.113037 1.17239 0.649346 -0.142199 -0.224053 -0.227691 -0.17802 -0.0520971 0.212814 0.361419 0.271287 0.388339 -0.296283 0.370954 0.543698 0.213112 
-2.47861 -0.127973 0.767427 0.285836 0.750039 0.505191 0.949257 1.10471 1.18849 1.70262 1.50072 0.929491 1.43274 -0.241233 -0.21268 0.0476438 0.444407 0.115965 -0.123743 -0.311368 0.645988 0.101292 -0.556617 0.541482 -0.494999 -0.639089 -0.153166 -0.273415 -0.379543 -0.336926 -0.141964 -0.688413 -0.832273 0.0437979 1.00173 0.905766 0.033041 -0.17335 -0.164157 
-2.60081 -0.316489 0.678724 0.307612 1.01259 0.249313 0.945431 1.07623 0.751558 1.24673 1.82431 0.5366 1.32531 -0.355929 -0.595367 -0.801086 -0.453854 0.198017 -0.340824 -0.665399 -0.242928 0.326472 0.920606 -0.0643073 -1.39896 -0.869484 -0.130085 -0.204847 -0.212064 0.168099 0.219659 0.227956 -0.242958 0.327609 0.105579 0.0525219 -0.0556096 -0.415628 -0.664984 
-2.63932 -0.446733 0.400663 0.0782375 0.868335 0.309739 0.629024 0.946379 1.43532 2.42391 1.46632 -0.239874 0.904652 0.0301086 -0.117792 -0.374892 -0.171304 0.227096 0.458678 -0.0445388 -0.185464 0.0486319 0.632027 -0.619947 -0.0506179 -0.253675 -0.220399 -0.453212 -0.277458 0.168297 0.202739 0.0382606 0.110475 -0.434503 -0.809953 -0.603424 -0.410758 -1.01568 -0.365629 
-2.60237 -0.378049 0.509286 0.229171 1.14869 0.505314 0.922902 0.954332 0.782394 1.74289 1.4838 0.4854 1.17964 -0.00158901 -0.135433 0.373525 0.727275 0.118851 0.396416 0.820635 -0.37061 -1.40663 -1.69644 -0.523716 0.0631604 0.378763 0.0790671 -0.140652 -0.269966 -0.254554 -0.198367 0.204288 -0.110217 -0.199086 -0.135737 0.148052 -1.0377 -0.624147 -0.385499 