-0.869322 0.0687685 0.47639 0.0609456 1.23704 0.302001 0.838669 1.08845 0.469974 1.3269 0.967724 -1.76025 0.61434 -0.447176 0.298803 0.544374 0.4078 0.217087 -0.114497 -1.56584 0.708475 -0.552048 0.478728 0.334598 -0.55249 -1.63567 -0.417032 -0.361832 -0.271898 0.391958 -0.289077 -0.753623 -0.881609 0.033327 2.00983 0.774881 -0.0786427 -0.0660072 0.189426 
-0.960826 0.373002 0.593021 0.13015 1.2809 0.54223 0.926165 1.43691 0.0248971 1.42353 0.879717 -1.38155 0.168337 -0.327074 -0.199176 -0.0550896 -0.0605445 -0.464984 0.732724 0.306135 0.607098 2.26591 2.05787 0.429569 0.93337 -0.378621 0.932012 -1.55633 -0.947102 0.705897 0.370741 0.493182 -1.86877 0.00374711 0.941387 0.878707 0.458888 0.286825 -0.433744 
-1.02354 -0.0794567 0.452484 0.0404572 0.985056 0.646449 1.0821 1.47278 2.58383 2.47246 1.17998 -0.92307 0.354875 1.89278 -2.60958 -2.06503 0.686788 0.359636 0.800901 -0.796506 -0.710668 1.75984 0.696199 0.242871 0.912889 1.05329 1.22122 -0.9366 -0.686805 0.232668 0.0953532 0.830438 -0.0720249 -0.454401 -0.257896 0.119728 -0.462323 1.01106 0.0821696 
-0.191114 -1.52406 -0.337449 0.380653 1.46632 0.91849 0.278781 0.973987 1.66697 1.81332 1.00144 -0.562363 0.920572 2.22205 -1.19271 -1.04935 0.421849 0.608472 0.432242 -0.402842 -1.22894 -2.58939 -1.90502 -1.02459 0.349919 0.500884 0.427385 -0.459067 0.172909 -0.293115 -0.378811 0.403027 0.759044 0.251689 0.658059 -0.31639 0.0521325 -0.801593 -0.232344 
-0.116785 -0.948528 -0.0198719 0.19489 1.30247 0.850688 0.752756 0.676637 0.171295 1.4185 0.687078 -0.598561 0.716811 -1.23124 1.92574 2.33529 -1.1402 -0.962097 -0.242426 1.74775 1.04382 -0.913808 -1.13065 -0.183108 -1.93946 -1.3606 0.0363274 0.299763 0.14129 0.175896 0.512351 -0.0696972 0.404802 0.3833 -0.668974 -0.626547 -0.287803 0.45855 0.424129 
-0.721652 -0.130579 0.716802 -0.0313321 0.950653 0.807922 1.68688 1.63909 0.816508 1.18916 0.91659 -2.24952 -0.0326938 -2.1681 1.63401 1.26905 -0.148515 0.19103 -0.544557 0.907398 1.74009 1.74103 1.0529 0.651694 0.229308 0.0884284 -1.52086 1.66706 1.09519 -0.530248 -0.345398 0.248403 1.54078 0.0907617 -0.627866 -0.814629 -0.651378 0.125141 -0.666676 
-1.03725 0.233285 0.553461 0.142502 1.39845 0.599143 1.48194 1.78941 1.79583 2.00627 1.00704 -0.380033 0.787333 -1.13428 0.542876 -0.59029 0.319342 0.412201 0.581492 0.189231 -0.928323 0.117939 0.025246 -0.652536 2.09383 0.460083 -1.5097 1.27858 0.528755 -0.457213 -0.205987 0.407677 1.01325 0.505177 1.15014 0.983611 1.36646 0.282305 0.52683 
-1.21184 0.25958 0.451499 0.0859306 1.16396 1.0818 1.83587 1.03623 0.927902 1.20656 0.604108 -0.392652 0.300415 -0.180088 0.258604 -0.429785 -0.559178 -0.521607 1.10963 0.364395 -1.0641 -0.266704 0.263297 1.08091 0.125331 0.641153 -0.724001 0.534955 -0.769176 -0.0322256 -0.0676043 -0.236439 -0.226203 -0.829231 0.365435 0.506214 -0.201799 1.78551 1.65417 
-1.13029 0.417195 0.360552 -0.0587961 1.11644 1.11946 1.77244 1.09925 1.54864 2.15579 1.53515 -0.25287 1.24838 0.00687389 0.247142 -0.645859 -0.368501 -0.525076 -0.930411 -0.480351 -0.200476 0.354464 0.648063 0.389103 0.176344 1.80923 -0.200491 0.0138497 -0.422309 0.441212 -0.524736 0.339731 -0.661393 -0.899087 -0.581434 -0.974369 -0.393228 0.0797911 -0.212389 
-1.22706 0.435174 0.161133 -0.0462263 0.8801 0.650213 1.4439 0.901335 1.2598 1.56963 0.796738 -0.220664 1.58674 -0.13392 -0.24124 -0.251719 1.24363 -0.310421 -0.64097 -1.20428 -0.159179 -0.46988 -1.58382 -1.58799 -0.0287557 -0.9212 2.58405 -0.781214 -1.28597 1.38233 -2.14797 -1.87624 0.142892 1.03074 -0.885673 -0.716743 -0.730847 1.59235 -0.790306 
-1.20412 0.238451 0.247958 0.393623 0.946441 0.822925 0.795625 0.990902 1.11204 1.28011 0.769043 -0.261102 0.605558 4.00557 -1.40864 -1.41665 2.51124 -2.8606 -1.74537 0.654648 1.58729 -1.47951 -1.62165 -1.32589 1.84768 -2.8786 4.03698 -1.24817 -1.91511 1.06374 -2.74255 -2.36694 -0.803377 0.358883 -1.48051 -2.55681 -2.00209 0.0445037 -2.50386 
0.422017 -0.590557 -0.476892 0.865843 -0.642582 -0.161645 1.9689 1.91586 -0.118039 0.672953 0.157731 1.41992 -0.439043 6.40384 -1.61262 -2.81681 0.405454 -4.01065 -2.7311 0.185359 0.637308 -1.41467 -1.86769 -0.966803 0.080364 -2.48855 4.23953 -1.28264 -2.00138 1.22437 -2.44085 -1.5466 -0.553682 0.283814 -1.31531 -2.53568 -0.719148 0.300912 -2.16877 
1.44314 -0.935279 -1.02159 0.542111 -1.18626 -0.448885 0.941483 1.39465 -0.205354 0.246871 0.304166 -0.173451 -1.14465 2.57907 -0.49633 -1.78981 -0.613259 -0.985835 -0.462646 -1.35871 -1.21069 -0.194113 -1.80141 0.403993 -1.46933 -0.0734846 4.2444 -1.15386 -2.24736 0.328926 -2.6379 -1.60981 -0.117292 -0.145579 -1.46931 -2.56295 -1.07216 0.530659 -0.925411 
1.47737 -0.954378 -1.28323 0.644934 -1.17084 -0.374969 0.867315 1.13146 -0.297557 -0.323497 0.357582 0.145862 -0.482919 0.188357 -0.101405 -0.782988 0.105005 -0.145785 0.433385 -0.339147 -0.841465 -0.455583 -1.59209 -0.404405 0.590752 1.23465 1.7598 -0.489861 -1.17153 -0.545176 -0.909159 -0.0673917 -1.73598 -1.26907 -0.5458 -1.67678 -0.63649 -1.12114 0.183149 
1.50346 -1.01257 -1.37381 0.581652 -1.26893 -0.244112 0.663596 0.847632 -0.62863 -0.633401 0.112008 0.362677 -0.264275 0.152703 -0.233168 -0.089715 -0.230736 -0.450961 0.353603 -0.83619 -0.512991 -0.496972 -0.465008 -1.22069 0.0355607 0.333665 0.124675 0.0551702 -0.0537293 0.319479 -0.208975 0.18525 -0.693266 -0.667436 -0.180507 -0.681987 -0.560638 0.16375 1.26361 
1.52284 -1.12727 -1.32275 0.562733 -1.41538 -0.207424 0.18787 0.795628 -0.759418 -0.578208 -0.230408 0.194144 -0.239128 0.00285898 0.180036 0.690849 0.390816 -0.189491 -0.183933 -0.540924 -0.0685062 0.230914 0.665307 -0.315748 -0.387189 0.501221 0.0218661 0.283527 0.429505 0.0834854 -0.272365 -0.230011 -0.511703 -0.360971 0.138191 0.00657097 -0.847116 -0.863159 0.638786 
1.48656 -0.885662 -1.06127 0.724832 -1.37478 -0.327387 0.222694 0.797582 -0.411914 -0.260755 -0.0371582 0.0394911 0.0978993 -0.121226 0.650388 0.770276 0.360875 0.0159606 -0.6934 0.185063 0.0175156 0.679225 0.465474 0.135914 -1.14059 0.548827 -0.0696329 0.442912 0.579464 0.115092 0.0874354 -0.202802 -0.0267758 -0.271869 0.93188 1.15257 -0.332092 -1.40957 -0.135635 
1.4543 -0.659102 -0.974382 0.695056 -1.41225 -0.528421 0.333489 0.800885 -0.124761 -0.316475 -0.160555 -0.79105 0.156682 -0.113547 0.473508 0.2295 -0.2117 0.320523 -0.117255 0.501275 -0.306458 0.964741 0.878411 -0.113519 -1.41413 -0.676436 -0.13148 0.490713 0.531451 0.142102 0.360467 -0.208192 0.395193 -0.418398 0.727245 0.747588 0.187221 -1.32893 -0.274916 
1.42122 -0.545832 -0.956811 0.649533 -1.2101 -0.379549 0.623779 0.594543 0.488918 0.23017 -0.0882596 -1.18606 -0.371983 -0.0855566 0.0740313 0.0732984 -0.139906 0.5446 0.384563 0.307376 -0.590662 0.255147 0.532882 0.0957852 -0.557965 -0.914273 -0.21366 0.289477 0.121787 0.0428423 0.0319152 -0.0854717 0.530126 -0.525682 0.200699 0.456439 -0.166355 -1.06943 -0.939545 
1.40061 -0.609106 -0.94038 0.64579 -1.12872 -0.346429 0.577923 0.41512 0.114547 -0.0173286 -0.11016 -1.2643 -0.481241 -0.220923 -0.0474651 -0.0409855 0.278862 -0.276835 -0.0174435 0.16131 -0.41179 -0.702677 -0.272131 -0.104803 0.0462504 -0.596763 -0.177524 0.278627 0.534331 0.651636 0.437572 0.361985 0.0089141 -0.897899 -0.451467 0.333715 0.134717 -0.0945728 -0.557632 
1.31118 -0.583985 -0.974355 0.752117 -1.36229 -0.385138 0.750207 0.323781 -0.164714 0.0825119 -0.135135 -1.12839 -0.785573 -0.192767 0.335923 0.774881 1.15042 0.137262 0.115674 -0.302021 -0.631011 -0.825785 -0.0918686 0.0690887 0.432348 0.162692 -0.373029 -0.0362652 0.447021 0.293088 0.122586 -0.244696 -0.851463 -1.0369 -1.41379 -1.00752 0.111666 0.609332 -0.266637 
1.30229 -0.369098 -0.589936 1.06441 -1.06126 -0.289904 0.33003 0.00341337 -0.653853 -0.0649362 -0.0727118 -0.867359 -0.358249 -0.361165 -0.00947705 0.749556 0.176065 0.463164 -0.343191 -1.24086 -0.997885 -1.09668 -1.09303 0.240338 0.725119 0.242625 -0.52048 0.26864 0.797114 0.697614 0.116998 -0.41713 -0.0228636 -0.52694 -0.570025 -0.191949 0.54207 0.952733 0.113169 
1.14278 -0.594577 -0.635335 0.817426 -1.12195 -0.542724 -0.256169 -0.323804 -1.18566 -0.520769 -0.0146436 -0.474191 -0.606106 -0.618421 0.0592246 0.493492 -0.0686619 0.0402776 -0.720992 0.267305 -0.0889384 0.10377 -0.175003 0.614253 0.776617 0.00191045 -0.752345 0.485569 0.981478 0.502537 0.522879 -0.912641 -1.05724 -0.458027 -0.973102 -0.177835 0.631829 1.01324 0.5424 
1.02681 -0.329845 -0.36641 1.04098 -1.04523 -0.623776 0.542092 -0.0597735 -0.555668 -0.158686 0.229098 -0.167912 -0.348855 -0.810281 0.72627 0.81362 0.60341 0.3529 -0.96525 -0.0981681 0.371141 -0.139993 0.845167 0.557245 0.560955 0.508223 -1.094 0.827648 0.601574 -0.28141 0.469971 -0.736149 0.918307 -0.220305 -0.1985 0.364097 1.02066 0.696128 0.580766 
0.787445 -0.0713589 -0.267418 1.03769 -0.940103 -0.990569 -0.339371 -0.0911871 -1.31472 -0.0482959 0.259522 0.0357541 -0.238984 -1.08387 1.16478 0.462209 -0.366617 0.692554 -0.33701 0.884764 -0.216286 -0.351413 0.656931 0.678221 0.105356 0.801337 -1.44697 1.68423 1.12328 0.225044 0.753143 -0.437613 0.947352 -0.106219 -0.611671 1.42921 1.32247 0.221736 0.996206 
0.55761 0.511525 -0.156994 0.909503 -0.683224 -0.778478 1.25299 -0.204837 -0.881831 0.209311 0.561927 -0.0583009 0.225362 -1.44044 1.7678 0.976305 -0.253921 0.825414 0.330867 1.28686 -0.522064 -0.635198 1.0711 1.11936 -0.2835 0.862435 -1.72201 1.34235 0.892874 -0.101496 0.634355 0.494961 0.544128 0.576499 0.00487551 2.20494 0.770939 -0.350348 1.92415 
0.169834 1.20752 0.173876 0.947086 -0.507622 -0.833632 0.696384 -0.432848 -1.90545 0.549575 0.80627 -0.196321 0.378401 -1.59418 0.822387 0.959287 0.210121 0.298884 1.02594 -0.204522 0.988742 0.363445 2.30396 0.296418 -0.556907 1.83671 -1.68646 0.653524 0.280411 -0.592886 0.292236 0.557171 0.512542 0.255409 0.893468 1.94139 0.168491 -0.501743 1.14229 
-0.123991 1.10448 0.276624 0.987161 -0.530028 -0.297213 1.08387 0.42486 -0.541562 1.49146 0.709612 -0.530618 1.53111 -1.18238 -0.801975 -0.534148 -0.664002 -0.372193 0.446336 -0.64645 0.860245 1.78181 1.5349 -0.911501 -0.360974 0.707739 -1.44204 0.218293 0.3571 -0.0994624 0.520509 0.718714 -0.419459 0.900936 0.421957 2.079 0.50173 -0.886609 0.429471 
-0.340368 0.621947 -0.0661046 0.707777 -0.710383 -0.622817 0.170229 0.114233 -0.242898 1.40487 0.36821 -0.496471 0.886488 -0.648863 -0.50189 -0.394503 -0.363465 0.513453 -0.0195068 -0.330287 0.222516 0.181128 0.487337 0.33558 -0.578002 -1.2401 -0.828688 -0.0531827 0.16537 -0.140999 -0.125246 1.14367 -0.416975 0.912753 1.09279 1.18455 0.417078 -0.653985 -0.217602 
-0.412139 0.736624 0.099629 0.85683 -0.26302 -0.303765 0.813141 0.561919 -0.37126 1.76533 0.876288 -1.02147 0.662975 -0.107686 0.719949 0.792352 0.446295 0.168638 1.1631 0.114772 0.366996 -0.380698 0.0518887 1.43576 -0.477503 -0.994905 -0.428789 -0.0129579 -0.155104 -0.210684 0.090024 0.365448 -0.16012 -0.066829 -0.445213 -0.276781 -0.182258 -0.777417 -0.784069 
-0.403273 1.14058 0.292219 0.871074 -0.626274 -0.0775509 0.25906 0.344185 -0.596362 1.43705 1.06838 -0.899016 0.191596 -0.019861 0.479506 0.140264 0.0377783 -0.378348 0.524658 0.122495 -0.320163 -0.743781 -0.868448 -0.574142 -0.417763 0.179253 -0.0530196 0.415666 0.838342 -0.415321 0.665716 -0.216971 0.199684 -0.758256 -0.376203 -0.422457 0.222841 -0.776225 -0.749837 
-0.43849 1.08081 0.163835 0.871995 -0.469047 -0.056403 0.908211 0.350069 -1.06321 1.28669 0.601821 -1.37152 0.797668 0.0228104 -0.106803 0.541947 -1.08907 0.872137 -1.4844 0.131138 -1.3998 -0.0938413 -0.629173 -1.15872 -0.516744 -0.01919 1.62889 -1.3249 0.0604315 -1.75998 0.985229 0.0372077 0.572725 0.155179 0.327621 -1.72874 0.243133 2.33589 -0.824259 
-0.411863 1.05937 0.5376 0.47763 -0.169009 -0.767635 0.361113 -0.561808 -0.682402 1.09122 0.510443 -1.33604 0.186082 2.54824 -2.44714 -0.0498577 -2.76416 1.92178 -0.485276 0.593806 0.522782 1.1679 -1.46795 0.877005 3.38928 -1.29499 1.6803 -2.05534 0.733263 -2.38324 1.30779 -0.987044 0.968415 0.722753 0.496579 -0.801617 -0.628362 1.48659 0.12505 
0.604027 -0.698395 0.142289 -0.128854 0.544975 -0.280287 1.38405 0.680181 0.0270202 0.475325 1.03104 1.62366 -0.109247 2.58545 -2.94386 0.624328 -2.60307 1.17874 0.0703773 1.08412 2.37007 0.733694 -0.458707 0.352369 2.406 0.200019 1.76294 -2.79323 0.196172 -2.63123 1.57687 -0.853881 -1.35002 1.19759 1.46408 -0.959683 0.231493 2.90295 -0.0946877 
0.646143 -1.08022 0.820139 -0.464806 0.450885 -0.732246 1.23307 0.955997 0.00303407 0.84001 0.68526 0.79514 0.335446 0.188423 -1.69761 0.357315 -1.31226 0.552419 -0.739786 -2.30202 1.0897 0.707276 0.167206 -0.588956 0.304845 1.1757 1.0579 -2.98617 -0.232017 -1.28168 1.30172 1.13096 -0.443213 1.46432 0.926777 0.0267761 0.941538 2.77223 0.479217 
0.664366 -1.93379 0.304394 -0.603227 0.832653 -0.622929 -0.47963 1.37479 0.687828 0.571511 0.749394 1.90857 0.729473 -0.94425 -1.48696 -1.00155 0.61784 0.862597 1.52102 -1.64888 -0.396835 0.455446 0.486382 0.839403 1.12155 0.464533 -0.606798 -0.934479 -0.0607553 0.938046 0.0697924 -0.0401601 -1.53708 0.711626 -0.117521 -0.0417373 -0.165151 0.371894 0.28355 
0.235052 -2.16278 0.369341 -0.239305 0.903089 -0.019971 -0.10294 0.694851 0.429072 1.11335 1.09625 1.79768 0.671699 -1.13373 0.308867 -0.460688 2.76657 -0.449143 0.669384 0.357936 -0.13448 -0.851522 -0.231795 0.372167 0.163957 -0.778395 -0.443795 -0.859693 -1.00939 1.65589 0.30912 0.47082 -0.871965 0.189971 0.449817 -0.547799 -0.542246 1.49532 0.844959 
0.174412 -1.71341 0.0975466 0.401427 0.589075 -0.308036 -0.194349 1.28232 -0.104565 0.44624 0.933811 2.06967 0.187554 0.252211 0.209105 -0.618699 1.9488 -0.382814 -0.866347 0.543474 0.646511 0.124699 -1.23246 -1.53615 0.778826 0.699551 -0.533601 0.0361469 -0.522948 1.7379 -0.30383 -0.101501 0.0947054 -0.72339 0.211027 0.1951 -0.02749 0.334978 0.0359407 
0.32194 -2.01478 0.0912245 0.468817 0.694693 -0.421667 0.332237 1.10451 0.546767 0.432681 0.355287 2.49907 1.174 0.302153 -0.258442 -0.381739 -0.0728526 -0.0353581 -0.826827 -0.244401 -0.851169 1.12677 0.486143 -0.413745 0.257803 0.837518 -0.0240879 0.399358 -0.690167 1.04861 0.147625 -0.527451 -1.07386 -0.220996 0.206443 -0.288386 -1.46167 -0.273175 0.170067 
0.282087 -1.90463 -0.0736912 0.376475 0.564979 -0.691292 -0.395691 0.729063 0.947322 0.719446 0.737124 2.31324 0.787334 -0.292134 0.37986 -0.491114 -0.323169 0.608536 0.104485 -1.90347 -0.952669 0.1447 0.835719 -0.33081 -1.13204 -0.457237 -0.180601 -0.0180358 -0.11915 -0.603222 -0.393703 -0.55741 -1.22743 -1.25311 -0.183616 -0.586462 -2.15511 -0.942319 0.159883 
0.182266 -1.7429 -0.129346 0.353098 1.01214 -0.370363 -1.20945 0.486 0.683109 0.899911 0.198816 1.52139 0.858991 -0.585257 0.228529 0.184991 -0.861085 -0.590529 0.0224543 -1.30923 -0.850929 -1.35541 -1.28429 -2.3358 -1.4637 -0.609114 -0.731389 0.448866 -0.127252 -0.672047 -0.416046 0.219979 -0.93535 -1.02629 0.569743 0.353681 0.320399 -1.62533 -0.562553 
0.0204122 -1.74254 0.0106888 0.0657018 0.246405 -0.678264 -1.4573 0.175961 -0.314826 0.0100128 -0.391607 1.04412 0.365017 -0.846753 0.282513 0.281411 -0.717416 -1.26957 0.194247 0.718134 -0.442649 0.58857 -0.367818 0.732015 -0.944229 -0.301064 -0.560005 0.706087 0.551978 -0.147818 -0.0960372 0.840402 -0.607333 -0.997895 -1.12314 -0.133731 -0.335728 -0.145158 0.247174 
-0.188246 -1.54164 -0.00147654 0.0944209 0.33338 -0.277174 -0.633169 0.195398 1.23325 0.699143 0.557731 0.708733 0.654322 -0.287343 0.815229 0.691405 0.632812 0.432925 1.15665 0.537517 -0.505988 -0.0728305 1.09581 1.90191 1.27363 0.956741 -0.425824 0.693477 0.752023 -0.0835794 -0.572352 0.403667 0.752271 -0.392474 -0.221031 -1.00121 0.0188264 -0.703357 -0.315978 
-0.117267 -1.15478 0.323482 0.296632 0.4707 -0.136008 -1.02694 -0.155363 -0.381278 0.621602 0.534612 2.18029 1.04903 0.182635 0.74255 0.914862 0.588683 0.362637 0.365136 0.224568 -0.0954348 -0.864981 -0.988849 -0.714643 0.0428382 -0.120464 0.0790255 0.186341 0.0592719 -0.172731 0.402843 1.00506 0.238739 -0.725324 -0.765447 0.346484 0.978576 -0.131022 0.0664758 
-0.130316 -1.00661 0.412104 0.30935 0.520392 -0.104247 -0.455635 0.128035 0.428312 0.153686 0.215132 0.76341 0.577254 0.407631 -0.542108 -0.602853 -0.899689 0.194302 0.256096 -0.242361 -0.482277 -0.898705 -0.637604 -0.662993 -1.44569 -0.855912 0.353153 -0.188497 0.84362 -0.0512585 -0.414831 0.515245 -0.477597 -0.409434 -1.40355 -0.344499 -0.0392475 0.42445 -0.000134272 
0.0343082 -1.55182 0.0525124 -0.0281393 0.568422 -0.0139604 -1.22663 -0.471443 -1.21766 0.271096 0.217059 0.926999 0.452344 0.363577 -1.02521 0.427875 -0.667334 -1.02176 0.352575 -0.832689 -0.465587 -0.9213 0.516546 0.6581 0.492936 0.130316 0.276082 -0.315865 -0.457446 -0.571563 -0.356285 -0.0676711 0.978127 1.17716 0.468532 -0.620395 -0.734504 -1.28278 -0.719338 
0.00292384 -1.75415 0.606034 0.0688326 -0.0269197 0.0628185 -1.13225 -0.177315 -0.429132 0.443766 0.538205 1.21359 0.677371 0.0188322 0.070597 -0.134835 0.0148062 -0.761324 -0.365536 1.46986 2.06713 1.50275 -0.206235 -0.278451 -0.194064 -0.116526 1.51745 1.57285 -2.01982 -1.66175 -0.582042 0.709382 0.73345 -0.125195 -0.188122 -0.114209 -1.65723 -0.98088 -0.207336 
0.0240617 -1.50431 -0.00736212 -0.0213047 0.159254 -0.181973 -0.0430332 0.851595 0.184732 0.160012 0.0859788 0.773511 0.378058 1.99165 3.35413 -3.66383 -1.90683 0.0995822 0.640615 1.75166 0.289 0.686908 -0.678728 -2.77397 -1.74798 -0.403462 2.06156 1.61536 -2.68557 -1.26808 -1.36939 0.94782 1.42063 0.216871 0.700489 -0.161411 -2.86134 -0.329774 -0.564946 
0.813786 0.675672 -1.04556 -0.62114 0.0205609 0.364287 0.279011 0.00249015 0.212687 0.0704343 -0.803002 -0.305317 0.400355 3.18181 2.32136 -4.16565 -1.97897 -1.3995 1.69707 0.315619 -1.78108 -0.602536 -0.019513 -3.36996 -0.23127 -0.645044 2.36278 1.33339 -3.56347 -1.18226 -0.0678135 1.95469 1.30128 -0.171568 0.165605 -0.767439 -3.24516 0.040093 -0.573092 
1.33028 0.176197 -1.8853 -0.737435 -0.588419 0.612446 0.208061 -0.299535 -0.375542 0.152564 -1.54424 0.587331 -0.0696449 1.677 -1.38026 -2.04045 0.0756468 -0.212786 2.11965 -0.116669 -0.528308 -0.469652 -0.363126 -1.36296 1.79396 -0.369234 2.38412 0.855869 -2.97102 -1.05184 -0.436654 1.76859 -0.111572 -1.1869 -0.78241 -0.865652 -2.58083 0.768374 0.0608263 
1.49368 -0.329472 -1.96494 -0.592244 -0.0976471 1.35589 0.180862 -0.343185 -0.223704 -0.127729 -1.45998 1.28807 0.147522 0.520008 -1.05551 -0.591276 0.349875 0.706041 0.799133 -0.462194 0.168525 -0.390658 -1.1546 0.0785754 1.20531 0.738156 1.21274 -1.03274 -1.4958 0.222532 0.0355113 0.61905 -0.348715 0.154908 -0.654105 -1.03068 -1.24771 2.01225 -0.0515665 
1.52863 -0.593332 -2.15104 -0.609101 -0.219256 0.987881 -0.169235 -0.197188 -0.738291 -0.48489 -1.50219 1.66346 0.459933 0.204783 -0.15417 -0.357577 0.269951 0.262131 -1.25464 -0.328935 0.730561 -0.359719 -1.03323 -0.231672 0.76515 0.308839 0.389295 -0.688098 -0.538991 0.288225 0.973446 0.599587 -0.70337 0.216469 0.1442 -0.596949 0.0977461 0.200543 -0.561481 
1.56083 -0.445043 -2.12528 -0.492891 0.036054 0.77301 -0.0887742 0.120517 -0.55761 -0.697817 -1.56838 1.97744 0.373772 0.0823594 0.0320859 -0.276804 0.0975149 0.81885 0.0382586 -0.430618 0.116989 0.580583 0.342336 0.0392433 -0.954858 -1.49499 -0.0226367 -0.0589553 -0.485349 0.0220393 0.566462 -0.252556 -0.744273 0.194656 -0.16792 -0.232349 -0.214079 -0.823099 -1.56345 
1.54482 -0.573768 -2.27495 -0.572275 0.209744 1.00828 -0.52102 -0.127976 -0.195594 -0.291502 -1.47922 0.84147 -0.58829 -0.242452 0.0635844 -0.424729 -0.235024 0.622498 0.882849 -0.615455 -0.474548 0.151121 0.711951 -0.0473911 -1.81913 -2.43417 -0.121705 0.247017 -0.16565 0.283676 0.887409 0.431933 -0.135239 0.656845 0.641243 0.426054 0.709969 -0.641535 -1.82144 
1.44184 -0.402627 -2.31591 -0.576648 0.360904 1.18751 -0.589888 -0.190594 -0.415282 -0.299282 -1.58742 0.396011 -1.33801 -0.273954 0.331 0.00570123 0.342827 0.570689 0.561234 0.254201 0.764135 0.243979 0.223027 0.857795 0.132246 -0.982699 -0.264051 -0.056678 -0.0355676 0.207897 0.481053 0.43689 -0.522632 -0.036331 -1.08573 -0.170546 -0.299015 -1.16099 -2.16516 
1.41271 -0.337332 -2.27144 -0.446497 0.507113 1.27271 -0.319546 0.357312 0.0333022 -0.164334 -1.05931 0.97471 -1.27456 -0.170312 -0.150793 0.361632 0.557944 0.127767 -0.276322 -0.0494522 0.418149 -1.53161 -0.950001 -0.339776 0.334575 -0.512973 -0.206137 0.173287 0.40332 0.518207 0.327797 0.184712 0.458788 0.82287 -1.11123 -1.23392 0.0186261 0.230772 -1.28931 
1.35287 -0.515749 -2.15185 -0.372866 0.423334 1.06112 -0.633733 0.0722463 -1.84169 -0.823178 -1.74823 0.707037 -1.6924 -0.0488259 -0.0772345 0.632989 0.460929 -0.0615243 -0.312545 0.318429 0.341539 -1.65702 -1.89308 -0.840677 0.156724 -0.768205 0.0421156 -0.114174 0.711075 0.590893 -0.0269809 -0.291143 0.988603 1.24142 -1.15471 -0.975813 0.195222 1.1448 -0.676725 
1.37431 -0.397085 -1.98499 -0.277893 0.469138 1.12943 -0.0661812 0.570896 -1.51003 -1.21166 -1.46302 1.12946 -1.80928 0.233252 -0.0216663 0.769164 0.358442 -0.176734 -0.15022 1.29016 1.25361 0.0630547 -0.372462 0.58166 1.11914 -0.401265 -0.0143506 -0.424689 0.704947 0.715446 -0.47188 -0.925561 1.30696 0.703157 -1.35261 -1.26571 -0.830189 0.0633488 -1.03562 
1.43186 -0.535185 -1.80399 -0.241425 0.324249 0.993579 0.404688 0.872238 -1.78146 -1.02652 -1.46223 1.70745 -1.96787 0.024032 -0.555632 0.488008 0.648457 -0.687351 -1.01423 1.32371 0.602223 -0.0642126 0.180229 -0.222552 -0.0811017 -0.63621 0.0346773 -0.13452 0.861394 0.782818 -0.61269 -1.23514 2.07478 1.58029 0.975654 -0.602785 -0.180318 0.144348 -0.661702 
1.36622 -0.803931 -1.76394 -0.0412896 0.0992073 0.658726 0.999346 0.952084 -1.56844 -1.10825 -1.567 1.07523 -2.25074 -0.18187 -0.18096 0.601995 0.855338 -0.793662 -1.61584 1.32018 0.876483 1.18849 -0.447662 -0.817752 -0.940297 -0.492455 -0.222791 0.172316 0.344242 0.102831 -0.973602 -1.59209 1.20154 0.699268 0.830439 -0.148445 -0.382944 -0.723415 -0.236519 
1.33808 -0.670194 -1.53152 0.0701958 -0.102071 0.242162 1.46736 1.42976 -0.672036 -1.27161 -1.85483 0.898254 -2.30776 -0.372689 0.807957 0.0562158 -0.488341 -0.850826 -1.25834 0.185498 0.336278 1.13035 -0.388516 -0.271437 -0.845849 0.323207 -0.561358 0.64511 0.287955 0.0544764 -0.713053 -1.55921 0.322978 0.217034 1.24972 0.623929 -0.6567 -1.56456 -0.177586 
1.19302 -0.221446 -1.73764 -0.216902 -0.357435 0.0741204 1.14532 1.16229 -0.513226 -1.3205 -1.69468 0.349022 -2.01434 -0.692832 1.13431 -0.147775 -0.770149 -0.334623 -0.610071 -0.918804 -0.590204 0.412984 1.27949 -0.024666 -1.05852 0.259943 -0.77319 1.27744 0.35637 -0.234849 -0.458385 -1.62014 -0.408264 0.443577 1.82243 1.12717 -0.58711 -0.545409 1.07455 
1.03164 0.149071 -1.59724 -0.207603 -0.284905 -0.0399536 0.721175 1.04429 -0.285584 -0.558069 -1.86284 -0.0148281 -2.11606 -0.831145 1.08295 0.507401 0.12521 0.12318 -1.05402 -0.706191 0.2564 1.20238 1.89804 -0.482409 0.145731 1.15446 -1.33043 1.71464 0.278167 -0.414677 0.173561 -0.842325 -2.33254 -1.15551 -0.0435779 1.48208 0.196637 -0.0496239 1.6081 
0.829007 0.560558 -1.50784 -0.170033 -0.297437 -0.415148 0.570897 1.32113 0.60915 -0.263654 -1.92466 0.49411 -1.19063 -1.37681 1.40485 0.586344 0.128368 0.601148 -0.598593 -2.02834 -0.979883 -0.462818 0.707973 0.26835 0.990182 1.94644 -1.60641 1.72222 1.43391 0.116594 0.966197 0.25151 -1.47968 -1.67273 -0.714494 1.87902 0.926801 0.12757 1.69925 
0.44051 1.16462 -1.33183 -0.15959 0.0286191 -0.316713 -0.921399 0.408277 -0.715605 -0.161742 -1.72877 0.872276 -0.732784 -1.6673 1.46744 1.77922 0.0562332 1.39031 1.3975 -1.16553 -2.52604 -2.10886 0.623958 1.65542 0.0117289 1.17642 -1.74836 1.46435 1.43681 0.140193 1.29258 0.434548 -2.07634 -1.71927 -1.11868 0.444984 0.110512 -0.0501613 1.91515 
0.116974 1.62152 -0.704405 -0.148177 0.434679 0.239491 -0.374616 -0.308963 -1.35541 0.0860423 -1.11796 0.521452 -0.3514 -1.34219 0.7632 1.70492 0.0896421 1.4258 1.2018 -0.595745 -1.35269 -0.95973 -0.117119 -0.134284 -1.0592 0.679316 -1.56481 1.30461 1.23332 -0.806216 0.887032 1.11214 -0.324157 -1.65521 -1.54211 0.561495 1.4213 -0.762484 1.10635 
-0.136208 1.71463 -0.561901 -0.125619 0.779563 0.246609 -1.40659 -0.467428 -1.60888 -0.223364 -1.78994 -0.0414076 -0.244779 -0.76651 0.463756 0.186656 -1.30472 -0.00136127 0.167205 0.75089 0.280093 0.14566 0.123795 0.146969 -0.988466 0.344665 -1.13322 0.706961 1.3024 -0.25236 1.03053 1.18544 1.10552 -0.274692 -0.0849345 0.955414 0.659262 -0.501497 1.97243 
-0.22014 1.95428 -0.619274 -0.619817 0.428617 0.320061 0.22813 -0.134885 -1.21817 0.158134 -1.04275 -0.330074 -0.0998379 -0.42104 0.281856 0.371414 -0.479907 0.188892 0.466911 1.98388 0.97391 0.857091 1.39534 0.966784 0.415044 2.02468 -0.661683 0.276281 0.646094 -0.771467 0.876584 0.950241 0.855444 0.223552 -0.169959 0.23334 -0.748788 -1.3036 0.259241 
-0.329533 1.91541 -0.393437 -0.298173 0.874415 0.467025 0.19228 0.152733 -0.808402 0.554473 -1.31718 0.340326 1.19377 -0.264071 -0.0572787 0.840235 0.110079 1.37387 1.16776 0.321911 0.0150003 -0.356861 0.182049 -1.10659 -0.677816 0.0194434 -0.241675 -0.385164 0.952821 -0.531005 0.703673 0.867067 2.08456 -0.392137 0.106634 0.715896 0.659517 -1.17866 -0.277766 
-0.348134 1.909 -0.239353 -0.578435 1.15201 0.867501 0.484307 -0.131245 -1.54941 0.262558 -1.57541 -0.908632 -0.0780565 0.0430424 -0.856118 1.14594 -0.342129 0.911596 0.750031 0.638797 -1.51154 -0.71513 -0.439666 -0.13396 -1.92212 -2.39402 0.0985596 -1.42757 1.71054 0.173957 1.79664 0.815415 0.771986 -0.0477782 -0.282549 -0.747121 -1.6227 -0.609743 -0.196941 
-0.329703 1.29055 0.124368 -0.420767 1.35261 0.819548 0.704467 -0.8251 -1.47364 0.313828 -1.37819 -1.33159 -0.489642 0.41471 -2.06258 1.88873 0.16025 1.44605 -0.0241111 0.645653 -0.0868815 0.00190196 -1.19654 -0.965319 -0.104283 -0.278391 0.4576 -2.17103 0.820175 -0.234862 1.36672 -0.0943917 -0.487401 0.49161 0.174677 -1.49687 -0.32705 -1.6888 -2.69362 
-0.193611 0.408816 0.613478 -0.518861 1.9137 0.858801 1.00203 -0.19311 -1.54619 -0.398175 -2.03957 -0.98323 -0.266706 0.665453 -2.36608 0.159312 -0.0210224 1.23198 -0.897387 -1.25928 2.16918 0.94397 -1.58448 -0.288889 -0.235025 -1.27491 0.648083 -2.52938 0.139939 0.0936094 0.343163 -0.768629 -1.26496 1.2685 1.33796 -0.204169 1.62762 0.814505 -1.08275 
-0.0708195 -0.429836 0.197165 -0.426924 2.00075 0.403368 -0.316788 0.563549 -0.592176 -0.562223 -1.51433 -1.52107 -1.38237 0.589746 -1.69096 -1.67118 -0.0144226 -0.912712 -1.07998 -2.24661 1.79526 1.71224 0.913216 3.03031 1.1371 -1.1904 0.651711 -2.1144 -0.865805 0.480134 0.182983 -0.575448 -1.20628 2.04256 2.17661 -0.134835 1.23187 1.30959 -0.205357 
0.0337624 -0.821751 -0.13935 -0.522625 1.42423 0.357422 -0.816882 0.955133 0.0514998 0.112068 -0.566165 0.0329756 -1.09972 0.34464 -0.772159 -1.54997 0.765784 -0.950637 0.0674182 -0.267689 0.586123 1.84099 1.39452 1.85019 1.89873 1.00447 0.576858 -1.48718 -1.56708 0.623967 -0.323784 -1.51624 -1.23999 0.551676 1.11672 -0.138946 2.17782 0.952594 0.34153 
0.0545386 -0.993781 -0.500992 -0.147777 1.49116 0.437377 -0.536944 0.934386 1.12554 0.215159 -0.613193 0.164368 -0.664631 0.304045 -0.517284 -0.840834 0.982057 0.396819 -1.08496 0.677145 -1.05638 -0.280582 -1.10871 -0.265038 0.0716842 1.6669 0.265047 -1.0138 -1.0313 0.78985 -0.467314 -1.29411 -0.421761 -1.2542 -0.670449 -0.298198 1.88635 2.22429 1.9415 
0.142224 -1.20078 -0.517658 -0.165055 1.62937 -0.146282 -0.273713 0.269938 -0.20863 -0.499916 -0.690741 0.113 0.0860453 0.064677 -0.734193 -0.105325 0.458893 0.208944 -1.91716 -0.270024 -2.28969 -2.69123 -1.80448 0.544109 0.930584 1.65727 -0.0170504 -0.418216 -0.382337 0.768403 -0.0245872 -0.26628 0.854894 -1.48825 -1.46952 -1.09498 -0.0930773 0.947265 1.96562 
0.0633732 -1.53018 -0.547556 0.0200888 1.59665 -0.454638 -0.758987 -0.543752 -1.38193 -0.782994 -0.345397 0.999104 0.514336 -0.333034 -0.105985 0.223247 0.209388 -0.44202 0.693698 0.394962 -0.963744 -1.58994 -0.374225 0.139982 1.13031 1.02778 0.0185835 -0.157784 -0.0992658 0.0321944 -0.0272267 -0.425121 0.766117 -0.890662 -2.53293 -2.65388 -0.169449 0.834808 2.03218 
-0.0144724 -1.28139 -0.416024 -0.0876627 1.38957 0.179955 0.0414813 -0.355696 -1.68942 -0.70424 -0.618915 1.12324 0.820255 -0.0382998 0.497073 -0.0596275 -0.408231 -0.258297 1.3005 1.23019 1.07781 -0.537071 -1.77775 -0.766369 0.12811 1.12832 -0.0635401 -0.163748 -0.229988 0.254452 -0.149034 -0.0103829 -0.472714 0.46284 -0.150221 -0.660875 0.0850675 0.470188 0.893121 
0.0293478 -1.17325 -0.573509 -0.126474 1.4543 0.154739 0.23098 0.143207 -1.88117 -1.76631 -0.713079 1.12871 1.31958 0.231812 -0.139979 -0.597227 0.185672 0.201042 -0.721846 -0.996924 1.58248 1.40394 -0.524126 -0.0383002 -0.536256 0.20208 0.124567 0.413616 0.20353 0.063885 -0.289857 1.20876 1.03282 0.997237 1.08165 -0.328615 -0.287096 -0.854433 -0.517865 
0.0639254 -1.38666 -0.684455 -0.0188705 1.49087 -0.154315 -0.767819 0.655736 -0.37914 -0.991762 -0.633541 0.669068 0.971076 0.229349 0.113034 0.37885 0.507999 -0.204221 0.401298 0.0662855 0.263701 1.92395 1.32684 0.394373 -1.22202 -1.82558 0.353487 0.975082 -0.342 -1.01315 -0.360698 -0.140182 -0.00747521 0.853813 1.27015 -0.00234684 0.753913 -1.21935 0.0987688 
0.10672 -1.09496 -0.401691 0.0591972 1.34064 0.34454 0.280639 0.306746 -0.0861111 -1.0265 -0.517894 0.0719638 0.0377801 0.314919 1.58258 0.0441384 -1.7548 -0.775006 0.509514 0.981613 -0.434951 0.223632 0.512582 0.991268 -1.02267 -0.0571452 0.40558 2.56373 0.540536 -1.70894 -2.57187 0.527375 0.483161 -1.12924 1.6322 0.868345 0.49025 -0.154272 -1.90201 
0.176913 -0.242159 -0.663605 -0.653715 1.07445 0.0859802 0.0213262 0.370084 -0.169213 -0.703883 -0.148909 -0.212513 0.938744 0.398322 3.6851 0.479251 -3.15528 -3.84832 0.333625 0.537079 -1.79826 0.165894 -0.165867 0.223013 1.02033 -0.762156 0.893238 2.49407 -0.102151 -2.46922 -3.53027 1.7178 1.62233 -2.50792 0.600236 -0.617589 0.434337 0.598855 -1.7069 
0.254421 1.57499 -0.184588 -1.08348 -0.705959 0.502764 0.710649 -0.855435 0.0699891 -1.11518 -0.405804 0.985556 -0.492667 1.07045 2.11226 -0.213704 -2.07057 -4.78529 1.9146 1.05821 -2.96428 0.548573 -1.35264 -0.445046 1.78069 -2.2641 1.19002 1.7216 -0.573226 -2.31245 -3.09785 1.75116 1.48181 -2.33434 1.1199 -1.33128 0.474633 1.29261 -0.408292 
0.604359 1.28664 -0.759052 -1.40306 -1.46914 0.981904 0.872355 -1.54177 0.343642 -1.45126 -0.360775 1.36921 -0.652883 1.44817 -1.13562 -1.40207 -0.427169 -1.03169 2.13783 1.32555 -1.3662 1.26984 -1.63529 0.374497 0.621745 0.214545 1.04732 0.759788 -0.0503657 -1.63751 -2.99262 2.03121 0.720134 -2.63831 1.69544 -2.30332 -0.369529 1.06089 -0.965981 
0.839079 0.747346 -0.816038 -1.23691 -1.25854 1.50285 1.77766 -1.73983 1.25525 -2.01943 -0.220257 1.54892 -0.333039 0.554326 -0.988876 0.126944 -0.466033 0.0708213 0.954241 -0.156032 -0.611309 1.62201 -1.7575 -0.0318688 -0.433894 0.9548 1.13082 -1.07302 -0.552607 -0.916833 -1.05665 0.725811 -0.210464 -0.476545 1.32884 -1.85452 0.0789637 -1.0179 0.599293 
0.81699 0.565463 -0.700854 -1.57058 -1.43692 1.42971 0.742406 -1.94081 1.85722 -2.42334 -0.372282 1.00498 0.0297617 0.306345 -0.458536 0.512222 -0.992722 -0.637126 -1.12133 -1.59683 0.714412 0.432666 -0.870491 -0.280583 -1.92395 0.614007 0.683798 -0.836428 0.486228 -0.301664 -0.169548 0.538756 -0.297148 0.842772 1.15204 -0.576724 -0.225221 -1.46008 0.655751 
0.948498 0.410946 -0.584064 -1.59541 -1.60183 0.982175 0.483704 -1.28651 1.66005 -2.49919 -0.352371 -0.124619 0.108823 0.505624 -0.254484 0.644319 -0.000630763 -0.344072 -0.203168 -0.224548 1.7439 -0.145258 0.972471 -0.261375 -1.43179 -0.049138 0.284059 -0.0952104 1.09489 -0.564289 -0.0711279 0.255338 -0.934586 1.34191 1.03249 0.604221 -0.380752 -2.19879 0.0273606 
1.00935 0.377109 -0.409299 -1.56935 -1.62476 1.33746 0.557103 -0.825596 1.72325 -1.8802 -0.495083 -0.236091 0.00308795 0.132513 0.314195 1.23231 0.119113 0.518708 1.47023 0.41246 1.09327 0.891448 1.67578 -0.210615 -0.883072 -0.566603 0.332039 0.091915 0.744101 -0.0415372 0.216273 0.347906 0.0516324 1.76616 -0.0609433 1.28291 0.18196 -1.79412 -0.695137 
0.985566 0.635189 -0.0273029 -1.55076 -1.33203 1.67075 0.813035 -0.589604 2.49255 -1.5657 -0.450557 -0.883536 -0.283458 0.00778293 0.387598 0.539287 -0.0629569 0.67779 0.683427 0.283769 0.637579 0.073251 0.746771 0.48638 -0.859559 -0.890247 0.0470048 0.252338 0.880165 0.111908 0.503457 1.40219 1.11994 1.21756 0.184919 1.07816 0.159919 -0.573356 -1.41194 
0.994506 0.654609 -0.165118 -1.59071 -1.27059 1.65891 0.782465 -0.421676 1.79298 -1.46234 -0.255281 -0.974347 -0.61786 -0.0619761 0.0567817 0.168867 0.055068 0.266803 0.50604 0.993858 0.54623 -0.649532 -0.232261 0.407566 0.147342 -1.35179 -0.306237 0.553474 1.09812 -0.188884 0.378689 0.873536 0.199646 0.0647252 -0.225615 -0.38807 -0.190178 -0.617569 -1.87722 
0.941686 0.67267 0.0498046 -1.52932 -1.19585 1.90943 1.61207 -0.244416 1.88846 -1.69123 -0.248974 -0.737031 -1.2305 -0.486093 0.429879 1.2104 -0.22895 -0.0885623 0.542694 -0.0379073 -0.557299 -0.355516 -1.27775 -0.735022 0.0674876 -1.66363 -0.359371 0.259745 0.604399 -0.0292313 -0.466206 0.198468 0.302864 -0.243529 -0.972761 -0.265042 -0.193471 -0.204226 -1.68436 
0.774105 0.962785 0.381762 -1.67226 -1.3229 1.91469 0.747948 -0.78599 1.46299 -2.16815 -0.607762 -0.89801 -1.78523 -0.49889 0.325177 0.791352 -0.0995871 -1.00675 -0.237831 -0.617842 -0.882864 -0.586709 -0.133041 -0.660399 -0.41269 -0.938678 -0.531293 0.216496 0.664296 0.282742 -0.663213 -0.0820878 0.514279 0.0901851 -0.732602 -0.302304 -0.120948 0.0994024 -1.93472 
0.715959 0.904881 0.407677 -1.56397 -1.7352 1.801 1.10903 -0.81805 1.34295 -1.76169 -0.565269 -1.08262 -1.88567 -0.341897 -0.112047 -0.154405 0.667845 -0.961316 -0.672591 0.68051 0.672013 -0.574082 0.862267 0.574493 0.054078 -0.968789 -0.643947 0.587795 0.805067 0.0699018 -1.21448 0.127315 -0.727001 -0.46835 -0.470486 -0.0131449 0.286749 1.25053 -1.11959 
0.613719 0.877775 0.313061 -1.42863 -1.83815 1.6034 1.29384 -0.359931 0.929245 -1.68618 -0.325232 -0.833456 -2.46167 -0.504134 0.543188 0.489739 0.208678 -0.910368 0.405074 -0.304768 0.242158 -0.00821353 0.106956 1.01878 2.00114 -0.58042 -0.399543 0.301761 -0.224943 0.894507 -0.714679 -0.580089 1.07088 1.00466 -0.363438 0.794588 0.942318 1.01689 0.305831 
0.488048 1.29527 0.629511 -1.48683 -2.22343 1.99257 0.858919 -0.668362 1.33673 -1.69895 -0.0672975 0.692808 -2.28771 -0.281387 0.556302 -0.211507 0.719001 -0.169527 -0.163963 0.663949 0.679538 0.115842 0.199381 0.618271 1.23664 1.39653 -0.708801 0.58667 -0.00337355 0.562311 -0.781839 -0.107682 -0.39036 -0.428768 -0.536865 -0.281742 -0.113942 1.39808 -0.332638 
0.478519 1.27768 0.218604 -1.16645 -1.93341 1.52944 1.82634 0.070967 1.03868 -1.57214 -0.0214739 0.270211 -1.46693 -0.599657 0.323508 -0.501358 0.663419 -0.326129 -0.571289 -0.193348 -0.829329 -0.671462 -0.494747 -1.17039 -0.224666 0.136137 -0.70342 0.834861 0.428529 0.654757 0.0662992 0.22815 -0.857805 -1.4627 0.0269287 1.26951 0.654652 1.64482 0.483423 
0.22038 1.52627 0.40432 -1.24481 -2.40176 1.72855 0.698821 -1.20758 0.712202 -1.97016 -0.630896 0.51243 -2.18348 -0.814043 0.678392 0.890508 0.296345 0.267307 0.47429 -1.7515 -2.6651 -0.0756521 1.50183 0.208361 0.854254 -0.726233 -0.816792 0.677357 -0.0623999 0.603987 0.864187 0.042966 -0.668707 -1.17285 -1.45272 1.68742 -0.509761 -0.384705 0.170364 
0.121621 1.76616 0.6212 -1.05752 -1.79697 1.7533 0.407426 -1.64854 0.969602 -0.735201 0.0835105 1.03788 -1.97199 -0.671924 0.677652 0.395355 0.273256 1.67914 0.618842 -0.655755 -0.764221 -1.1776 2.75873 0.514989 -0.270666 0.106583 -1.01186 0.759309 0.851751 0.226921 1.32521 -0.149312 -1.03586 -1.73478 -0.827625 1.47179 -0.0142813 -1.25978 -0.0332891 
-0.0773662 2.01421 0.583582 -1.14425 -1.51644 2.01986 0.165149 -1.70493 -0.38418 -0.435607 -0.377221 0.291632 -2.10013 -0.760623 0.444281 0.465232 0.0560541 1.81097 -0.699577 0.439425 0.311549 -0.975274 0.471776 -0.233127 -2.4647 0.690803 -0.782824 0.569079 0.978041 0.370175 2.56863 -0.912234 -0.0327724 0.330259 -1.9813 1.75097 -0.750342 -1.79925 1.46811 
-0.213043 2.08478 0.83198 -1.03573 -0.841718 1.42942 0.758542 -1.45424 0.0618405 -0.46997 -0.0255914 -1.11081 -1.47587 -0.546878 0.162962 1.16232 0.301119 2.35528 -1.92671 0.608545 1.20364 -1.34637 -0.40917 -1.47659 -2.02722 1.90861 -0.299983 -0.896035 1.41248 -0.651944 3.09829 -1.17709 -1.20413 2.13815 -2.37251 0.535067 -2.79771 -1.27387 0.805791 
-0.323067 2.12873 1.10878 -1.0336 -0.272471 1.12338 0.652896 -0.937067 -1.6379 -0.659326 -1.0893 -1.47264 -0.743588 0.29203 -1.77602 1.78712 -1.06549 3.05669 -0.984115 -1.96368 2.57305 -2.04821 0.240389 -3.33431 0.836304 0.419785 0.110429 -1.67595 1.88193 -0.821401 2.64883 -3.19658 -1.24049 2.08589 -0.38964 0.745829 -1.16745 -0.450069 1.76432 
-0.109582 0.7925 1.63899 -1.42062 0.774295 0.972774 -0.831798 0.194076 -1.84617 -0.333165 -1.63852 -0.358917 -1.17123 0.71596 -2.6511 1.84068 -1.57313 1.8053 -2.62262 -2.17865 1.61028 0.854674 1.40516 -0.015891 1.4486 0.511146 0.031167 -2.55619 1.42883 -2.12294 1.99007 -2.23025 -1.32759 2.78917 -0.0245098 1.70649 -0.78027 1.42359 2.13408 
-0.043162 0.201551 1.93994 -1.60257 0.679767 -0.0978075 -1.11112 0.0922398 -0.839677 0.123958 -1.09306 -0.182733 -0.374401 -0.246101 -2.01727 0.491371 -2.22331 0.067532 -2.194 0.283755 1.19205 2.02272 2.04927 2.33462 0.97268 2.50498 0.380276 -3.10274 0.83396 -1.85917 1.19928 -1.52572 0.0119674 2.55959 1.79866 1.65078 1.26315 1.22976 0.808289 
-0.230096 -0.674816 1.86156 -2.22535 0.804775 -0.0484204 -0.606446 0.95449 0.0409685 0.807617 -0.502471 0.512809 0.606669 -0.127607 -1.95258 -0.513393 -1.30695 0.0748667 0.444223 2.18786 1.84432 1.4477 0.809484 1.617 0.113386 0.602854 -0.0903851 -1.73925 0.385363 -1.3734 0.0148632 -0.682448 1.22911 0.970363 2.24523 1.63342 2.60925 0.305835 0.593279 
-0.114358 -1.21883 1.70932 -2.07502 0.714137 0.112022 0.652547 1.27202 0.5114 0.576626 -0.305001 -0.0660648 0.0595806 0.103169 -0.564726 0.118607 0.0959499 -0.0506697 1.2122 1.26023 0.113105 0.849855 0.141996 0.979774 -0.588058 -1.68464 -0.195385 -1.14226 0.00393211 -0.466163 0.124051 0.764561 1.31938 0.876735 1.57953 0.999085 1.09482 -1.23136 -0.680027 
-0.205241 -1.08826 1.91599 -2.1891 0.772558 0.519757 0.407791 1.0212 0.834696 0.889811 -0.0234127 0.0131208 -0.575547 -0.178468 0.255751 0.513456 0.585387 0.113768 0.627264 -0.530047 -0.665792 0.574889 0.527551 -0.23013 -1.68762 -1.5216 -0.10949 -0.183433 0.134273 0.535496 -0.311035 -0.709408 -0.11454 0.0366278 -0.314416 -0.891321 -0.0773936 -1.91538 -0.881768 
-0.206723 -1.03699 1.94185 -1.86128 0.769142 0.407261 0.220433 0.837952 1.04879 0.872814 -0.41265 -1.53193 -1.00744 -0.275786 0.289576 0.0898731 0.734597 -0.445166 -2.23226 -1.41054 -0.0708263 -1.2455 -1.35068 -1.08487 -1.85781 0.490355 -0.336844 0.25747 0.389866 0.805182 0.348653 -0.448866 -1.61037 -1.01024 -1.48605 -1.03188 -0.439862 -0.791041 -0.598953 
-0.33811 -0.88188 1.95747 -1.92126 0.531089 -0.519288 -0.735671 0.969663 -0.324987 0.143529 -0.545541 -1.6023 -0.221049 -0.347397 0.122834 0.103722 0.663048 0.428208 -1.27761 -1.50646 -0.707821 -2.46651 -1.92552 -0.336302 0.674489 0.713585 -0.170641 -0.0317627 0.105369 1.20535 0.396371 -0.836951 -0.997601 -0.635284 -1.61561 -0.925596 -0.828445 -0.542681 1.09019 
-0.369398 -0.951585 1.98958 -1.61939 0.990935 -0.186337 -1.00052 0.376861 -1.24918 -0.192522 -0.571784 -0.922224 -0.495224 0.00815696 -0.339842 0.0723897 1.13392 1.06221 1.03122 0.146718 -0.795659 -0.81155 0.095839 0.0238585 1.16117 1.00867 -0.328418 -0.415835 0.544907 0.225498 0.398955 -0.494924 -0.334628 0.312232 -2.10731 -1.52613 -0.487445 1.0362 1.69589 
-0.3528 -1.13216 1.99106 -1.50862 1.08917 -0.0355597 -0.621032 0.452097 -1.08012 0.200105 -0.530026 -0.564945 0.499654 -0.165377 -0.742573 0.761369 -0.312854 0.192902 0.561908 1.07862 1.12285 -0.218356 -0.138034 -0.290693 0.640843 1.6127 0.160387 -0.727916 -0.191765 -0.0561045 0.703464 0.979302 0.9122 0.422476 -0.579457 -0.604187 -0.258459 1.70968 1.05206 
-0.456314 -1.49406 2.33393 -1.73137 1.08791 0.0784058 -0.133001 1.09278 -1.4513 -0.265752 -0.7088 -0.342083 0.652249 0.238547 -0.742626 -0.38525 -1.22008 0.0379481 0.344982 0.997651 1.3598 0.0774905 -0.917851 -0.359407 1.01237 0.438278 0.113874 -0.70789 -1.04837 -0.0852341 0.223333 0.582177 0.892752 1.61138 0.498301 -0.774648 0.104011 2.218 2.44324 
-0.271599 -1.67468 1.81824 -1.94957 1.10396 0.127963 0.181071 1.32036 -1.00643 -0.305947 -0.700364 0.341654 0.817357 0.339811 -0.310201 -2.44396 0.181557 0.151922 0.25078 0.0412231 1.04928 0.860407 -0.913529 0.416485 2.18046 1.73433 0.493632 0.58026 -1.2948 0.917806 0.110482 -1.86621 -2.07477 0.0618833 -1.72684 -2.31896 -1.18901 0.635595 1.52662 
-0.332966 -1.72284 1.23255 -1.66407 1.16316 0.197973 -0.10359 1.7614 -0.647739 -0.769405 -0.502892 1.59091 1.88566 0.525932 1.59982 -1.69139 2.64303 0.12934 -3.00653 -3.61975 -1.28336 -2.27656 -2.21336 -1.16052 -0.207531 1.65682 1.47531 1.41451 -3.03033 2.74342 -0.56771 -2.51731 -3.27569 -0.00990224 -0.0382355 -0.98718 -1.25647 0.539874 0.702696 
-0.070785 -0.517672 1.0563 -0.989712 1.16723 -1.27236 -2.74719 0.489231 -3.12732 -1.53104 -1.25918 0.176333 1.996 1.94995 2.40436 -2.40781 4.07026 -1.05155 -3.83623 -4.17765 -1.06993 -0.90342 -0.42424 -2.02227 -1.4976 -0.764547 1.28024 1.74861 -3.14797 3.73851 -1.00063 -3.09927 -2.89661 -0.505808 0.553565 -0.502801 -1.07141 -0.0832144 -0.401716 
0.46054 0.017886 0.14747 -0.186682 0.600043 -1.5895 -3.48257 1.0675 -1.48851 -1.00149 -1.47959 0.292014 1.35352 1.46073 0.989706 -3.34849 3.1507 -1.71004 -1.40472 -0.038658 0.591993 2.98917 1.52788 -0.209735 0.096388 -2.19545 1.29545 2.15034 -2.69082 3.59816 -0.828425 -3.5345 -1.85507 -0.978903 0.644768 0.687253 -1.01523 -1.39477 -1.82899 
0.519101 0.196679 -0.45306 0.154232 0.254836 -1.92527 -2.78232 0.863843 -0.339202 -0.679643 -1.35693 0.278064 0.452884 0.0603401 0.780822 -1.90109 1.506 -0.258233 -1.19259 1.83258 -0.261301 1.73248 1.34135 0.723529 -0.284868 -1.72346 0.798346 1.22174 -2.76874 2.90127 -0.435247 -1.89082 1.26698 0.258851 3.56666 1.81966 0.148237 -0.483883 -2.16913 
0.467569 0.580684 -0.709054 0.360874 0.457729 -2.14343 -2.00594 0.89349 0.12805 -0.253621 -1.12479 0.0587371 0.143877 -0.222803 0.818626 -1.085 1.3457 1.01879 -1.29175 1.63039 -0.249157 1.57064 0.914186 0.391818 -0.718103 -0.75712 -0.062456 0.864251 -1.75258 1.89588 0.291962 -1.21555 2.26112 -0.395873 2.14747 1.28141 0.529375 -0.915835 -1.5587 
0.408283 0.786905 -0.941495 0.643662 0.789891 -2.52546 -1.46903 0.697645 1.12648 -0.168863 -1.16299 -0.335895 -0.074004 -0.159877 0.49745 -0.907549 1.43251 0.711023 -0.545668 1.01274 -0.28138 1.01526 0.375881 -0.0563458 -0.887283 -0.395379 -0.0180514 0.634796 -0.71471 1.60561 0.519583 -0.985177 1.72374 -0.456515 1.30313 0.143553 1.36205 -0.97475 -1.2241 
0.382942 0.937885 -1.11745 0.881786 0.829535 -2.39549 -1.19165 0.706574 1.07598 -0.0416146 -1.14816 -0.70388 -0.127428 0.192259 0.119429 -0.0640614 1.14304 -0.207914 -0.119618 0.537309 -0.375542 0.099035 -0.729254 1.33517 -0.529124 -0.904724 0.12125 0.0317496 -0.0959958 1.88469 -0.207638 -0.503779 1.13669 -0.603127 0.943143 -0.59495 2.0838 -1.35859 -1.26841 
0.470219 0.869839 -0.969447 1.05961 0.674268 -2.57873 -1.03883 0.450189 1.22025 -0.570237 -0.511588 -0.783799 -0.70518 0.345772 -0.453545 0.747826 1.48865 -1.0442 -0.182602 0.414703 -0.541612 0.194771 -1.18545 2.70196 -0.849076 -1.32699 0.289009 -0.247282 0.221323 2.11759 -1.4642 0.0527618 1.40189 -1.25838 -0.604045 -0.702894 2.62022 -1.25487 -0.802348 
0.508771 0.605106 -0.779212 1.42305 0.270323 -2.47814 -0.860504 0.352345 1.259 -0.696193 0.166017 -1.43292 -1.05695 0.254289 -0.489249 0.411736 2.13902 -2.10207 0.181071 1.22454 -1.33369 -0.864489 -0.225682 1.99318 -1.07506 -0.181089 0.293545 -0.538099 0.659167 1.86995 -1.6576 0.397857 1.40821 -1.91705 -0.94412 -0.731096 2.84413 -1.29436 -0.512008 
0.557972 0.511155 -0.782797 1.8367 -0.446068 -2.49169 -0.0534268 -0.413297 0.415772 -0.692115 0.45889 -1.71142 -0.825083 0.107824 -0.347476 0.299968 1.40968 -1.57004 0.733742 1.35512 -2.05847 -1.39444 0.192539 0.911377 -0.805428 0.63772 0.0936346 -0.699273 0.858104 1.25308 -1.86472 1.06019 0.95753 -2.3102 -1.10911 -0.200442 2.59148 -0.642359 -0.158445 
0.535564 0.349283 -0.642973 1.93568 -0.567807 -2.13322 0.230398 -0.977133 -0.0395286 -0.585946 0.611908 -2.12362 -0.598332 -0.111302 -0.550748 0.954163 -0.196554 -0.838007 1.30991 -0.0230152 -1.79813 -0.545843 -0.052627 1.29859 0.251401 -0.0252795 -0.107315 -0.455606 0.903562 0.971005 -1.73555 1.00465 0.812664 -2.81523 -1.06425 -0.343396 1.8974 0.0735396 0.601965 
0.493562 0.107851 -0.35149 1.7669 -0.89591 -1.87792 -0.075913 -1.57539 -0.0916502 -0.717942 1.09255 -1.47348 -0.834899 -0.277061 -0.331231 1.13862 0.0957022 -1.16683 0.678426 -0.336266 -1.7564 0.0413809 -0.663357 1.49699 0.894037 0.194482 -0.2623 -0.498042 1.14051 0.0204535 -1.1873 1.30145 0.0980174 -2.11359 -0.201272 -0.372944 0.379946 -0.0862386 -0.157395 
0.402163 0.105248 -0.12847 1.97185 -1.19207 -1.81411 -0.0451617 -2.1124 0.000493618 -0.950746 1.34178 -1.32099 -0.45288 -0.298741 -0.19088 0.863304 0.229023 -1.03636 0.523415 0.140726 -1.06777 0.294661 -0.457982 -0.821598 -0.366397 -0.179656 -0.445201 -0.324624 1.31361 -0.142202 -1.02847 1.12869 -0.358304 -1.45862 0.867902 0.0338798 1.18264 0.166127 0.4005 
0.351139 -0.034355 0.038836 1.85141 -1.45096 -1.63114 0.0338863 -2.26791 0.184494 -0.968753 0.698086 -1.77839 -0.953789 -0.417163 -0.153267 0.955639 -0.315273 -0.457657 0.909756 -0.12143 -0.223652 1.07259 0.700598 0.00164921 -0.687445 0.362559 -0.697816 -0.110761 1.21384 -0.0115545 -0.71779 1.04415 -0.568362 -0.798358 0.764856 0.399778 -0.000456611 -0.178939 0.323813 
0.210451 -0.00966883 0.303503 1.859 -1.44016 -1.38706 -0.147156 -2.26219 1.00186 -0.558512 1.34652 -1.90801 -0.188675 -0.787981 0.0234809 1.07143 -0.246151 -0.0993768 0.944809 -0.863297 -0.0192748 0.687735 0.987959 0.814428 0.133272 0.631957 -0.712295 0.294195 1.04234 -0.35826 -0.329741 1.10912 -1.00421 0.180193 0.719963 0.840058 -0.463214 0.14577 0.192642 
0.00508802 -0.0210349 0.523035 1.76362 -1.50902 -1.18773 -0.667458 -2.2863 0.827084 -0.417026 1.09697 -1.64425 -0.499245 -0.692057 0.586305 0.704857 -0.239087 -0.0676072 0.650653 -1.15074 0.460103 -0.147511 0.422282 -0.597804 0.868096 -0.0894113 -0.711869 0.323376 1.31082 -0.0115449 -0.00163691 0.531832 -1.40049 -0.17076 0.55735 0.507176 0.617328 0.259229 0.66141 
-0.0956749 0.412 0.622363 1.77377 -1.48136 -1.08091 -1.08072 -1.97238 0.865791 -0.320752 1.06058 -1.12818 -0.243803 -0.320577 0.452824 1.01838 0.229038 0.0902813 -0.203561 -0.908558 -0.21894 0.0297122 -0.313354 -0.0353005 0.191961 0.281435 -0.840982 0.412788 0.910633 -0.280581 0.326427 0.711055 -1.25524 0.0875783 -0.598938 0.415875 0.296036 1.17172 0.448792 
-0.146424 0.303789 0.983305 1.84814 -1.46647 -1.28016 -1.40537 -2.43307 0.856228 -0.587564 1.08379 -1.45854 -0.292357 -0.61711 0.0225732 0.745035 -0.194907 0.574617 0.34491 -0.437958 -0.348915 -0.611422 0.129373 0.968 0.619923 0.712409 -0.661505 0.47725 0.937872 0.292897 0.377266 0.14117 -0.412981 0.370006 -0.237101 0.23886 0.280911 0.963609 0.656054 
-0.370607 0.424661 0.959345 1.70456 -1.18191 -0.917418 -1.43844 -2.20272 0.297233 -0.245564 1.53393 -0.566425 0.267583 -0.709727 0.251633 0.475072 0.225592 0.496707 0.390465 0.381917 0.712113 -0.326642 0.626631 0.386246 1.03086 0.624641 -1.12972 0.66321 0.835215 -0.639319 0.979603 0.224904 -0.257091 0.124967 -0.516097 0.117157 0.777204 0.0779137 0.0531548 
-0.459905 0.482641 1.19852 1.9314 -1.20834 -1.09542 -1.10071 -1.98123 0.553158 -0.236384 1.27504 -0.535689 0.157019 -1.14067 0.957612 0.584263 -0.794965 0.95996 -0.0391883 0.107889 0.510671 -0.0417369 0.0200134 0.0146126 -0.52574 -0.629774 -1.1113 0.555087 0.157841 -0.214544 0.806964 0.843291 -0.280281 0.916092 -0.940152 0.717178 -0.143782 1.15762 0.161076 
-0.863452 1.11573 1.22381 1.41776 -0.678063 -0.933153 -1.35517 -1.88039 0.259768 -0.231074 1.54496 -1.01136 -0.169331 -1.01945 0.568235 -0.228907 -0.55726 0.766276 0.79274 -0.741228 0.519644 -0.867962 0.330773 -0.575837 0.439191 -0.394608 -0.876369 0.758088 0.377643 -0.71369 0.792408 0.335016 0.00101351 0.167927 -1.21123 0.430277 -1.20529 -0.190039 0.246902 
-0.902295 0.8912 1.09622 1.7308 -0.80723 -0.722963 -1.70344 -1.65314 -0.254561 -0.0494138 0.999749 -0.132737 -0.113742 -0.223475 0.16325 0.0133704 -0.310147 0.280125 0.501157 -0.112497 -0.290811 -1.49899 0.551036 -1.55526 0.27847 0.97703 -1.06365 0.689478 0.0141569 -1.33306 0.997324 -0.585623 -1.19812 0.353272 -1.01736 1.15699 -0.186576 0.716215 0.993 
-0.974549 1.23045 1.23078 1.30676 -0.534818 -0.696757 -1.44994 -2.07337 -1.13623 0.0781486 0.794732 -0.749629 0.52902 -0.635689 0.450898 0.245319 -1.50759 0.796179 -1.63715 -0.775443 -0.0491036 -0.425229 1.2189 0.331778 0.468378 1.76089 -0.46903 0.103638 -0.405356 -0.992979 0.102538 -0.511208 -0.196051 0.39175 -0.869803 1.5773 -0.603705 1.35344 0.880656 
-1.18496 1.21463 1.20781 1.1856 -0.390256 -1.48432 -2.33381 -1.69071 -0.649538 0.630492 1.16458 0.295861 1.13843 -0.507774 -0.0127549 -0.667767 -1.22773 -0.125333 -1.23997 -0.140602 0.813394 0.394208 1.56465 0.78029 1.44112 0.235809 -0.78674 0.144786 -0.183527 -1.29782 0.796678 -0.15063 -0.212412 0.899401 0.213075 1.03826 0.174979 0.205803 1.39758 
-1.20397 1.21748 0.930537 0.863039 -0.606639 -1.27279 -1.56743 -1.55641 -0.767282 0.949953 1.17706 0.533709 0.703671 -0.589198 -0.239392 -0.545006 -0.502657 0.450623 1.40999 0.501714 1.25829 0.703096 0.170889 -0.115659 -0.211226 0.157964 -0.751578 -0.227981 -0.51743 -0.551547 0.445663 -0.260842 0.140521 1.27205 0.595829 1.38085 0.882325 1.0676 0.153453 
-1.44828 1.03722 0.962931 1.00479 -0.156574 -0.823856 -1.93237 -0.887715 0.00737234 0.728722 1.11244 0.127293 1.25808 -0.662481 -0.328448 -0.165836 0.373867 0.819923 0.856423 0.311909 0.899791 0.37237 0.286492 0.336117 -0.0857808 -0.0161865 -0.50267 -0.279531 -0.31909 -0.320489 0.804013 1.25398 0.480804 0.402753 0.364252 0.242173 0.333223 0.28808 0.440675 
-1.49779 0.975467 0.85668 1.00007 -0.17707 -0.870623 -1.31933 -0.983904 -0.418693 1.11235 1.34399 0.47537 0.700279 -0.194318 -0.178245 0.0285504 0.00682388 0.807718 0.355972 0.0986783 -0.720823 -0.232202 0.14685 0.533186 0.573224 0.453947 -0.597062 -0.313527 -0.200721 -0.15458 0.723053 0.873927 0.544252 0.561528 0.328707 -0.873471 0.474497 0.168932 0.346041 
-1.54724 0.904183 0.976749 1.00873 0.266522 -0.655205 -1.85654 -1.35717 -0.207655 0.81361 1.37494 0.648018 1.58686 -0.267697 -0.139596 -0.161344 -0.612619 0.311053 0.370254 0.368489 -0.147584 0.0531389 -1.47113 0.261219 0.295949 0.498846 -0.280272 -0.385707 -0.172623 -0.612195 -0.0190517 0.309132 0.871681 0.256892 0.966082 0.618792 1.44313 1.36112 0.0304445 
-1.62729 0.870468 0.784849 0.779396 -0.0174195 -0.695308 -1.02552 -1.0848 -0.36771 0.299207 1.47461 0.752454 1.06078 -0.24365 -0.396822 -0.310802 -0.954666 -0.844211 0.0692674 0.994596 1.06101 1.47153 0.678063 1.29699 1.15615 -0.40233 -0.350705 -0.434315 -0.0541597 -0.425725 0.184988 1.0138 0.47712 0.162061 0.556779 -0.0409053 0.33271 -0.0831012 0.768977 
-1.66673 0.612558 0.837507 0.664026 -0.186611 -0.620334 -1.0569 -0.681005 1.16563 1.19334 2.00783 1.68096 1.31064 -0.279705 -0.507543 0.0685171 -0.0462812 -0.0265531 1.0549 0.227258 0.359511 0.663579 1.40767 0.155655 -0.406947 0.561462 -0.340618 -0.424057 -0.202549 -0.553957 -0.0382334 0.193986 1.04758 1.42864 0.447313 0.155636 -0.784008 -0.550996 -0.599135 
-1.76179 0.498512 0.816694 0.76408 -0.0368445 -0.200529 -0.845817 -0.859657 0.252361 1.08388 1.55404 0.411907 1.46551 -0.28808 -0.235107 -0.0193024 0.0970657 0.777542 0.192581 0.320486 0.863969 -0.894581 -0.476859 -2.30145 -1.86339 -0.405936 -0.305646 -0.356442 -0.357574 -0.562888 0.1056 0.503371 0.699659 0.882882 0.854037 0.796212 -0.357571 -0.211832 0.126391 
-1.80472 0.438264 0.829742 0.700689 0.220478 -0.527923 -0.801876 -0.13153 0.333097 0.932048 0.895754 0.0606429 1.03188 -0.197687 -0.0241317 -0.646509 -0.825158 0.186161 -0.35404 0.649103 0.827329 0.432686 -0.343831 -0.61735 0.131906 -0.378801 -0.310305 -0.344362 -0.235047 -0.611415 0.14243 0.568225 0.464345 0.25627 -0.22401 -0.49036 -1.6145 -0.752843 0.0839968 
-1.86216 0.477287 0.526035 0.466334 0.0565596 -0.363177 -0.325303 -0.333739 0.657179 0.89643 1.25862 0.544848 1.20592 -0.196551 -0.278656 -0.362766 -1.0437 -0.559994 0.600308 0.259151 -0.524624 0.614366 -0.191868 0.239968 0.898936 0.530694 -0.248174 -0.436341 -0.206216 -0.568793 0.354633 0.0226452 1.01127 0.701388 -0.195493 -0.646458 -1.49711 0.188589 -0.630256 
-1.90461 0.232373 0.667062 0.323698 -0.081899 -0.245262 -0.596402 -0.474836 0.907288 0.828938 1.01607 0.86757 1.41487 -0.190408 -0.626011 0.310542 -0.0554314 0.365223 0.372758 0.620187 0.11404 -0.676489 -0.535105 -1.29471 0.10331 -0.471969 -0.276661 -0.274173 -0.394065 -0.807442 0.0402592 1.20486 0.971005 -0.200979 0.239694 0.429067 0.703343 -0.391388 -0.0878718 
-1.95949 0.0193781 0.667043 0.4477 0.244943 -0.186693 0.171849 -0.266423 0.0279618 0.602814 0.634731 0.652662 0.8805 -0.235805 -0.131037 -0.273575 -0.206686 0.616809 1.09596 0.959368 0.245538 -0.302511 0.761288 0.648636 -1.40278 -0.640675 -0.214403 -0.421929 0.329771 -0.357944 0.233304 0.456706 0.302705 0.200687 -0.463254 0.436943 0.246762 -0.506763 0.160367 
-2.02084 0.133584 0.544611 0.250217 0.239933 0.268676 0.174773 -0.322975 0.626715 1.25486 1.33455 -0.348016 0.970259 -0.145216 -0.00276395 0.210542 -0.498441 -0.00471268 0.261888 -0.244371 0.150128 0.0908023 1.11513 1.60219 -0.754182 0.701034 -0.265961 -0.252998 -0.0045306 -0.204073 0.65216 1.02062 0.82507 0.483344 0.476543 1.07862 -0.258148 -1.0672 -0.417193 
-2.03802 0.0136566 0.762947 0.268426 0.237103 -0.0619434 -0.0294695 -0.175904 0.114057 1.22512 1.41561 0.00700073 1.38385 -0.179927 -0.24726 0.260106 -0.108757 0.402639 0.338862 0.0751314 0.400925 0.916782 0.682853 -0.983789 0.0377545 0.0809061 -0.257487 0.219546 -0.0476173 -0.246837 0.637331 1.36057 0.279561 0.596561 -0.00663452 0.471257 0.804611 -0.687777 0.385404 
-2.11381 -0.0495276 0.66287 0.212246 0.448163 0.429344 0.231579 -0.0712088 1.48284 1.63724 0.861435 -0.297806 1.03547 -0.257349 0.325119 -0.292908 0.116734 1.00083 1.65533 0.591003 0.649462 -0.0934663 -0.488896 -0.584697 -0.127356 -0.164613 -0.222776 -0.143303 -0.183381 -0.180971 0.302428 -0.00536831 0.527874 0.399146 0.241525 -0.624728 0.536944 0.378265 0.354852 
-2.16321 0.245826 0.631776 0.31222 0.762631 0.712999 0.444105 0.235656 0.0283674 0.957156 1.13603 -0.0878713 1.27559 -0.168706 0.0316105 -0.55956 -0.170888 0.0666165 -0.359895 0.584614 0.131661 -0.602589 -1.53253 1.66061 0.439166 0.413788 -0.172819 -0.297541 -0.511981 -0.176667 0.581911 1.1438 1.0269 0.21786 -0.175559 -0.251106 -0.608129 -0.278644 -0.550832 
-2.20211 -0.0303093 0.411428 0.151746 0.478158 0.263963 0.699992 0.00743626 0.922512 0.790028 1.67064 0.105123 1.33587 -0.0136646 -0.76946 -0.531982 -0.38971 -0.0918988 -0.0457053 0.698005 -0.362067 -0.124885 0.14236 -0.195902 -0.232823 -0.577681 -0.180931 -0.104115 -0.38423 0.0173587 0.409373 -0.461402 0.184865 0.111841 -0.809441 -0.602955 0.664967 -0.235133 0.103049 
-2.18699 -0.316161 0.392772 0.172373 0.708545 0.694223 1.00413 -0.00313565 -0.086613 1.03955 1.04498 -0.275416 0.875481 -0.11491 -0.189154 -0.0610552 0.198562 0.570883 -0.308244 -0.357392 0.012344 -0.425119 0.712173 -0.820845 -0.743899 -0.263008 -0.248032 -0.309767 -0.0248021 -0.267895 0.100244 0.114889 0.458416 0.584167 0.7562 1.04198 0.249238 -0.0347971 0.0997028 
-2.26802 -0.171264 0.384831 0.225212 0.775629 0.122684 0.407365 0.00936794 0.527636 1.18869 1.27654 -0.531503 1.15809 -0.37421 0.306991 0.486099 -0.0246275 0.243081 0.195316 -0.125842 1.14489 1.09623 1.25244 0.506535 0.183378 0.723891 0.0284443 -0.00452765 0.14233 0.205431 0.455369 0.406695 0.561466 0.514913 -0.51469 0.707036 -0.799963 0.194114 0.205498 
-2.36082 -0.0971446 0.612964 0.164908 0.832141 0.787911 0.898566 0.726958 0.936799 1.73807 1.29455 -0.0972471 1.39498 0.156609 0.17927 0.282419 0.120537 0.138976 0.871924 1.0595 0.676817 -0.226243 0.231574 -0.203914 0.986156 0.553713 -0.00314034 0.0183858 0.0898739 -0.312457 0.0438374 0.102472 0.172293 0.828458 0.834703 0.865206 0.106205 -0.109004 0.755596 
-2.22093 -0.044913 0.513155 0.270386 0.844005 0.532084 1.25943 0.438516 0.318164 1.3206 1.18161 0.352065 1.55735 0.366834 -0.282901 -0.348613 -0.45876 -0.180637 -0.0633251 0.337212 -0.0316627 -0.0246509 -0.0956916 -0.37795 -0.327385 0.31814 0.00814002 0.0297873 -0.0629968 -0.309028 -0.533253 0.303232 0.271445 0.589604 -0.163641 0.250932 -0.575433 0.265187 0.105665 