-1.1889 -0.121998 0.953998 -0.297057 1.10437 0.950686 1.17089 0.08466 -0.113224 0.68471 0.825844 0.673047 1.11524 1.4346 -2.34778 -1.84837 1.5745 -0.205276 -1.08983 0.177721 0.0397619 0.568156 -0.249584 -0.278081 -0.271045 -0.955711 1.12168 -0.628525 -0.99987 0.0797072 -0.17308 -0.714666 -1.23309 0.0297455 -1.67982 -0.736483 -0.382718 -0.039381 -0.839525 
-0.305 -1.51418 -0.220671 0.672397 0.981715 0.0571125 1.88219 0.790729 0.297063 1.02433 0.748182 0.0269204 0.271914 2.07699 -0.803054 -1.32556 0.329122 0.0934708 -0.957233 -0.230376 0.909336 -0.888806 0.0250834 0.525266 -0.374974 -1.71363 0.0408331 0.164938 0.254643 0.100267 -0.204762 0.521994 -0.195248 0.121544 0.56203 -0.0746702 -0.396331 -0.549136 -0.796906 
-0.0920433 -0.656136 0.234096 -0.0405988 1.15531 0.536537 0.989712 0.866031 -0.749783 0.710217 1.07783 0.349353 -0.14752 -1.3748 2.60405 2.2364 -1.43881 -0.103367 1.82331 -0.415535 0.125375 0.184855 0.143385 -0.268202 -0.453449 -0.116647 0.0356924 0.374605 0.0783789 -0.44481 -0.31255 -0.0267577 -0.0418923 0.864027 1.35767 0.346068 0.0935512 0.115457 -0.109391 
-1.04648 0.23318 1.01012 -0.37511 0.932618 0.865821 1.55087 0.909325 0.44024 1.13091 0.623351 -0.364785 0.194021 -2.02545 1.37473 1.44794 -0.967647 -0.564352 0.9277 0.181889 0.288912 2.71326 0.442171 -0.399264 0.52151 1.56168 -1.1466 1.67055 0.931828 -1.86971 -0.748065 0.0232178 -0.839533 0.42709 0.423264 0.221127 0.426806 -0.0162141 -0.322026 
-1.18004 0.268038 1.03309 -0.740594 0.871942 0.951365 1.14285 1.12288 1.22962 1.02156 0.890758 0.802598 1.01981 -0.473662 -0.082812 -0.827781 -1.22362 -1.02303 -1.78335 -0.617694 0.464907 0.381288 0.153578 0.851544 0.427415 -0.319969 -1.39484 1.24308 0.639727 -0.577022 -0.574233 0.134096 -0.126858 0.185881 2.34707 0.887831 -0.917806 -1.47544 -0.233243 
-1.30803 0.181338 0.562826 -1.26391 0.416151 0.0883517 1.05561 1.31497 0.726074 1.24448 1.03029 0.00691256 -0.0347248 -0.221937 0.503446 -0.479544 0.14133 -0.300404 -0.733575 -0.335272 -0.034255 0.443565 0.763489 -0.862661 -2.46004 -1.87944 -0.348277 0.332246 -0.290822 2.45628e-05 0.104496 0.0705077 0.0516695 -0.0377824 0.690813 0.694851 0.741892 0.582863 -0.0256058 
-1.30753 0.608772 0.776504 -0.622644 0.722711 0.635579 0.876612 1.10652 1.56068 1.5531 0.48362 -1.32813 -0.365973 -0.0918622 0.59077 0.393737 1.21694 1.17987 1.88906 0.684716 -0.521461 0.545148 0.789056 0.164202 0.331717 0.280184 -0.291514 0.0300127 -0.37392 0.566967 0.0871549 -0.0734604 -0.361282 -0.405321 -0.688766 0.379876 -0.0954894 -0.326167 -0.697824 
-1.36624 0.580546 0.78449 -0.352625 1.01919 0.925978 1.61649 0.886715 1.13091 1.79355 1.1108 0.295673 0.181809 -0.252367 -0.450154 -0.0797367 0.657261 0.431141 0.639105 -0.107523 -0.533703 -1.37493 -0.250155 0.729235 2.02778 0.939725 -0.133742 0.357257 0.0951708 1.01448 0.839426 1.55031 0.302374 -0.910256 -0.291667 0.764314 0.673851 0.754654 1.00013 
-1.45122 0.310947 0.738872 -0.124161 0.945249 0.923485 0.79506 0.667924 0.571085 1.38999 0.832471 0.430528 0.339901 -0.128895 -0.0451872 -0.246049 0.217291 0.0831505 0.274234 -0.308182 -0.749077 -0.941761 0.248254 0.75817 0.652567 1.05322 -0.194045 -0.260523 -0.333234 0.395597 0.15927 0.419551 0.507212 -0.20097 -0.50126 0.346746 1.28075 1.24066 0.593264 
-1.44418 0.553899 0.655778 -0.178649 1.06488 1.05342 1.37223 0.266033 0.455893 1.97199 1.4734 0.8625 0.971893 -0.0653006 0.0663778 -0.418226 -0.102082 -0.191859 -0.0480708 0.736945 0.250085 0.696068 0.718333 1.026 -0.406522 -0.151001 1.34703 -0.674117 -1.30267 -0.0682903 -2.05204 -2.894 1.01539 0.267091 0.215273 -1.90667 -1.98507 -0.157985 -1.84758 
-1.49529 0.359006 0.515868 -0.185745 0.85118 0.909177 1.3983 0.891952 1.08553 1.89058 1.32226 0.0794923 0.23652 2.28781 -0.960781 -1.71295 -0.321012 -3.17224 -4.2905 1.56498 1.11673 1.22782 -2.85141 -3.48475 -0.864409 -3.53217 2.39267 -1.25783 -1.24264 -0.0954605 -2.37092 -2.92688 0.369346 0.492099 0.756152 -1.36911 -0.838424 0.173358 -1.69445 
-0.235048 -0.0858573 -0.276282 -0.401707 -0.543806 -0.826675 2.64693 1.22274 1.35651 0.0262121 -0.178967 0.114634 -1.64012 3.9046 -1.95045 -1.4503 -0.0402313 -3.37719 -4.01391 -0.277729 0.430651 0.318356 -2.58882 -2.17899 0.628946 -2.12294 2.90662 -1.2487 -1.09189 -0.352416 -2.87847 -3.44647 -0.462335 0.427287 1.00187 -2.42444 -1.86807 -0.371097 -1.71099 
0.574898 -0.943463 -0.272353 -0.201709 -0.86166 -0.849274 1.17872 1.26863 1.32566 0.124762 0.289995 0.625847 -1.32993 2.37743 -0.909565 0.0716146 -0.186277 -1.16076 -0.493941 -2.13253 -0.526176 0.1175 -0.457453 0.91873 0.373257 1.23609 3.50147 -1.44911 -1.32464 -0.265748 -2.93886 -3.15326 -0.507429 -0.211221 -0.226986 -2.801 -1.5885 -0.227475 -0.922974 
1.02182 -0.691318 -0.231027 -0.52539 -1.13026 -1.03707 0.923272 0.790502 1.45077 -0.278968 0.259875 0.439396 -0.71436 1.71659 -0.221385 -0.541804 -0.343957 -1.04669 -0.362849 -0.345495 -0.728533 -0.627867 -1.23328 -0.00334923 -0.931864 0.881809 2.00216 -1.36768 -0.53517 0.00377311 -0.825736 0.165614 -1.71708 -0.872572 -0.907847 -1.13904 1.01791 -0.255896 1.56356 
1.47981 -1.0881 -0.563035 -0.441691 -1.39015 -1.00202 0.904197 0.66532 0.878602 -0.7121 0.290942 -0.180477 -0.667023 0.834295 -1.13977 -0.873916 0.184914 -0.0825501 0.731891 0.0159151 -0.691928 -1.34389 -1.09945 0.475807 -0.713424 0.851606 1.07842 -0.72511 -0.467934 0.0534652 -0.514241 0.0665775 -0.703139 -1.22731 -0.557428 -0.835321 0.665694 -0.756239 1.36992 
1.45685 -1.45093 -0.703589 -0.375295 -1.16878 -0.70836 0.941818 0.218134 0.483712 -1.02412 0.488373 -0.177617 -0.0738639 0.0106581 -0.861294 -0.159166 0.413176 0.272231 0.463094 -0.519346 -0.983169 -0.126631 0.0903383 0.914526 -0.0640653 0.946661 0.549583 -0.956507 -0.445609 0.095613 -0.391485 0.320252 -0.660883 -0.802941 -1.47246 -0.973619 0.283276 -1.07766 0.623115 
1.4762 -1.66123 -0.644166 -0.123237 -1.24837 -0.79152 0.488694 -0.153268 0.795565 -0.641873 0.727788 -0.234722 0.0439982 0.0430824 -0.291013 0.206592 -0.0558287 -0.507141 -0.278926 -0.828589 -0.429289 -0.642836 -0.231986 -0.0894373 -0.703767 -0.0229194 -0.0459964 -0.332516 0.0602549 0.307166 0.0706401 0.616091 -0.538103 -0.633596 -0.469801 0.00769632 -0.0640515 -0.272568 0.372321 
1.4705 -1.64219 -0.584414 -0.402763 -1.42308 -0.824196 0.275546 -0.132193 0.0257871 -1.17478 0.448438 -0.786261 -0.0822162 -0.0904042 0.369215 0.254231 0.0163964 -0.166352 0.401218 -0.141747 0.0975823 -0.509866 -0.0842749 -1.00481 -0.297952 -0.453723 -0.0966118 -0.00164621 0.284472 0.12803 -0.550361 -0.0671047 -1.45717 -0.707813 -0.924549 0.158542 -0.690394 -0.182653 -0.0627759 
1.41876 -1.41039 -0.498901 -0.0974342 -1.32947 -0.608234 0.379389 -0.058169 0.434208 -0.69131 0.253144 -0.491666 -0.283986 -0.20417 0.29668 0.226392 0.230958 -0.321683 0.193293 -0.967162 -0.559565 -0.606044 0.443647 -0.8604 0.459594 -0.0666262 -0.114028 0.614463 0.547518 0.194004 -0.480224 -0.163188 -0.502844 -0.100967 -0.661339 0.0878242 -0.833064 -0.0476334 0.129246 
1.35247 -1.43991 -0.454396 -0.218706 -1.58312 -0.732353 -0.503096 -0.592658 -0.405419 -0.862428 0.0423725 -0.386675 -0.122996 -0.0986723 0.563298 0.57519 0.252442 -0.556904 -0.620449 -0.475816 -0.242053 -0.384564 0.19955 -0.140821 0.230739 0.621245 -0.262182 0.57477 0.508661 0.704476 0.100892 0.227904 0.0885182 -0.365538 0.702421 0.977931 -0.530241 -0.00892676 -0.0998727 
1.35692 -1.02957 -0.177865 0.102468 -1.60906 -0.874269 -0.000815083 -0.250204 0.16385 -0.546239 0.188806 -0.290418 0.185595 -0.222996 0.576121 0.544469 0.762948 0.473096 0.131267 1.07968 0.0469626 1.54811 0.884817 0.130347 -0.476077 -0.0725825 -0.181775 0.426706 0.522416 0.275378 0.13082 -0.382967 0.0678009 -0.373476 -0.404396 0.557645 -0.159986 -0.0488353 0.0548851 
1.22442 -1.05051 -0.150183 0.357728 -1.33926 -0.66779 0.378065 -0.540353 0.727809 -0.247736 0.106812 -0.797992 -0.168196 -0.199276 0.0867627 0.2164 0.131979 0.753364 0.0956276 0.562754 -0.281595 -0.163855 0.556077 -0.0811158 -0.299527 -0.553273 -0.268189 0.549051 0.553734 0.705775 0.760465 0.159402 1.35123 -0.046336 0.267994 0.611963 0.174153 0.102737 0.523044 
1.2415 -0.967864 -0.053318 0.21352 -1.22277 -0.825379 0.461168 -0.475668 0.0537793 -0.156836 0.152822 -0.548726 -0.216249 -0.213824 0.257989 0.29432 0.232804 0.671077 0.0980453 0.591741 -0.115419 -1.19106 -0.0551567 0.106269 0.605943 0.7673 -0.474226 0.510651 0.502517 0.553022 1.07402 0.0461894 -0.0400675 -1.06816 -1.2151 0.0915684 -0.254394 0.355786 0.0849891 
1.10125 -0.874146 0.0170363 0.543145 -0.99479 -0.617837 0.863554 -0.625329 -0.12826 -0.277218 0.159817 -0.271572 0.40975 -0.568653 0.689581 0.545201 0.646803 0.862765 -0.0237314 -0.608987 -1.20866 -1.47629 -0.435698 -0.270382 0.761046 0.661547 -0.540594 0.90623 0.952766 0.0798971 0.977308 -0.582928 -0.17734 0.0454599 -1.33639 0.698273 -0.0432403 0.444166 -0.387102 
0.929354 -0.50249 0.251295 0.70429 -0.780882 -0.828982 -0.0270265 -1.48489 -1.00943 -0.447107 0.0269564 0.112113 0.283233 -0.660761 1.11344 1.14585 -0.126041 0.799478 -0.900902 -0.807446 0.17469 -0.612413 1.00245 -0.167991 -0.0285919 -1.29103 -1.11223 1.33232 1.40379 0.283336 0.819227 -0.396424 -0.695153 -0.303186 -0.343379 1.46417 -0.0958952 -0.30736 -0.410076 
0.740052 -0.12494 0.650595 0.463891 -0.585065 -1.00721 0.214427 -0.465042 -0.564091 0.418091 0.0825767 -0.295074 -0.539472 -1.22458 1.32284 1.57471 -0.25108 0.369854 -0.519802 -0.245995 0.782815 1.01004 2.4269 0.136399 -1.16866 -1.21604 -1.41131 1.70368 1.29425 -0.420118 0.522516 -0.377087 -1.1085 -0.143827 -0.704884 1.17223 1.33656 -0.315656 -0.365311 
0.267883 0.386937 1.11972 0.532811 -0.58949 -1.05075 -0.220867 -0.810482 -0.266975 1.22439 0.09427 -0.899435 -0.610345 -1.6131 1.45764 0.808966 -0.477412 -0.0134553 0.384255 -0.557842 -0.378798 -0.340655 0.590838 1.99982 -0.389898 0.796472 -1.43745 0.992248 0.415656 -0.807768 -0.317278 0.589083 0.494636 1.14928 0.531854 1.89591 1.15706 -0.754583 -0.00911621 
-0.128335 0.854748 1.09966 0.125477 -0.58847 -0.831386 -0.232293 -0.772683 -0.802561 0.831316 1.03483 -0.631702 0.0601175 -1.09129 0.177992 -0.944017 -0.902986 -0.847851 1.34656 0.85989 0.812337 -0.297663 0.152747 1.44911 0.174904 1.19833 -1.38419 0.636852 0.0608405 -0.357597 0.120293 0.921136 0.0194727 -0.108942 -0.644567 0.485634 0.761 -0.625403 0.600497 
-0.322603 0.509736 0.608763 -0.119492 -1.01693 -0.451713 0.482067 -0.111115 -0.474222 1.33738 0.784987 -0.746576 0.2874 -0.617189 -0.491444 -0.713018 -0.0372379 0.19407 0.904204 0.585115 0.22323 -0.531188 0.0666396 -0.957855 -0.434555 0.00193475 -0.877019 0.118588 -0.335037 -0.492122 -0.0633466 1.42145 0.899444 0.388738 -0.669116 -0.224173 1.14277 0.391357 1.17324 
-0.466325 0.529274 0.715212 0.111721 -0.486411 -0.426891 0.247823 -0.571359 -1.1794 0.885302 0.582483 -1.00703 0.0702055 -0.323942 0.00855005 0.443337 0.19726 0.75206 0.637559 0.25377 -0.27542 -0.60724 -0.462714 0.116776 0.333235 0.366831 0.475753 -2.03057 -0.925825 -1.54731 0.879845 0.100663 -0.0510087 -0.263227 1.04313 -1.05755 -0.283487 1.87207 1.33736 
-0.504418 0.519073 0.857591 0.0397094 -0.631304 -0.164487 0.693491 -0.331359 -0.906296 1.0286 0.842982 -0.4565 0.56822 1.37592 -2.55512 -0.678041 -2.16726 1.12979 -0.756566 -0.644856 -0.593474 1.93208 -1.51247 0.566432 2.88335 1.78294 0.872267 -1.9691 0.332351 -1.9476 1.97887 -0.161105 -0.276288 0.37517 1.36676 -0.78278 0.373731 1.20389 0.135253 
0.257159 -1.1781 0.34992 -1.47307 0.0911763 -0.752789 -0.269458 -1.06049 0.232675 -0.142889 0.854019 1.49311 1.4017 1.71989 -2.96262 0.0618061 -2.97034 2.226 -0.853894 -0.591633 0.793458 2.44393 -0.608617 0.393728 1.23983 -0.191267 0.631541 -2.08161 0.765462 -0.856879 0.760063 -0.649282 -0.219415 0.428362 1.49044 -0.190505 0.33997 0.991078 -0.282565 
0.402254 -1.46118 0.897474 -2.1374 0.503374 -0.533188 0.21937 0.352046 0.877512 0.619824 1.0325 0.619278 0.434963 -0.366831 -0.568223 1.83593 0.943435 0.0137794 -0.138551 0.377206 1.18553 0.0711713 1.24839 -0.102259 -1.5892 -2.16672 0.559641 -0.899031 0.270717 -0.31248 0.934377 -1.46573 -0.174613 0.643516 0.378439 -1.03494 -0.186443 0.902476 -0.575339 
0.0525024 -1.55498 1.3614 -0.763512 0.101612 -0.806889 0.0420617 -0.0456253 0.29329 0.720962 0.807995 0.117099 -0.197237 -0.826346 1.61831 0.350448 2.51977 -0.820065 -1.17645 0.379294 0.0979648 -1.93815 -0.806401 -0.651974 -0.0618038 -0.58447 0.0244478 1.14961 0.4271 1.89553 0.266466 -1.13176 1.09365 0.765019 -0.904164 -0.87525 -0.112105 -0.518681 -0.861308 
-0.0471281 -0.3739 1.09543 -0.265194 0.090054 -1.04375 0.532583 0.447469 -0.521123 0.0755073 0.725418 0.566993 0.00997268 0.400292 2.30579 -1.18799 1.74224 0.386848 -1.42743 0.976215 -0.12504 -1.2926 -2.44575 -0.0539704 0.904621 1.00815 -0.572547 1.15704 -0.232678 2.20448 -0.590149 -1.41369 0.867643 -0.0310505 -0.955188 -0.538201 0.138968 -0.581341 -0.00799907 
0.256395 -0.00734961 0.716834 0.535213 0.30164 -1.42783 0.839325 -0.138735 -0.636519 -0.94682 0.784902 0.902368 0.559404 -0.09959 0.130439 -0.696863 0.604728 -0.0686454 -0.781538 0.695104 -0.145152 0.648013 0.0684236 0.840304 -0.7049 0.568256 -0.951783 1.83462 -0.150892 0.225089 -0.543428 0.00401159 1.16409 -0.249347 -0.443773 0.29752 0.99235 0.0992781 0.911983 
-0.109459 -0.282943 0.719832 0.194543 0.0586021 -1.38063 1.10189 0.337356 -0.0415825 0.130716 1.12701 -0.0426336 0.440239 -1.93568 0.462275 0.964832 -1.42925 -1.20524 1.44068 0.464166 -0.225891 0.691153 2.84684 1.41343 -0.779288 0.207258 -0.894919 0.61804 -0.16759 -0.161967 -0.522455 0.120895 -0.0710981 -0.71447 0.812836 1.57245 1.48066 -1.01258 1.55345 
-0.783787 0.305814 1.25126 -0.505242 -0.307422 -0.787395 1.22136 -0.317106 -0.125649 1.01246 1.45868 0.228273 0.721831 -1.34441 0.807455 0.448542 -0.841507 -0.718176 0.957308 -0.779647 -0.852964 0.442746 2.07035 1.18929 -0.626998 1.50591 -1.36521 0.277404 0.228004 -0.726739 -0.194216 0.918442 -0.329411 -0.507988 0.0995458 2.22072 0.765894 -0.941454 0.488555 
-0.834749 0.261363 0.97151 -0.412416 -0.302938 -0.952779 0.475306 -0.371155 0.288885 1.55786 1.69435 -0.584745 1.56619 -0.264104 -0.036818 -0.616951 0.390271 0.912466 -0.155968 -0.867614 -0.484921 -0.560942 0.175511 -0.364746 -0.459389 0.441287 -1.12893 0.585668 0.259018 -0.456244 -0.03126 0.493564 -1.18059 -1.01589 0.471597 2.1156 0.529366 0.203563 0.727067 
-0.933734 0.284771 0.91942 -0.203682 0.159722 -0.849155 0.523445 -0.714466 -0.5241 1.14106 1.288 -0.16858 1.05789 -0.47566 0.0817399 -0.0539195 0.186741 0.67068 -0.263363 -0.674639 -0.564562 0.188485 0.808719 -0.465202 0.889009 -0.538054 -0.249498 0.0490963 -0.617234 0.180365 0.248117 -0.109391 -1.93016 -0.881756 -0.0109927 -0.33886 -1.1662 -0.588978 0.121316 
-1.09736 0.31971 0.948017 -0.260973 0.0413316 -1.06177 -0.0661256 -0.835845 0.434698 2.1204 1.47596 0.186994 1.17563 -0.142678 0.118819 -0.309029 -0.140806 -0.539456 0.0115384 -1.51206 -0.745962 0.542297 -0.641792 -1.23806 -0.317324 -0.284381 1.48128 -1.3573 -1.22014 0.30659 -1.0855 -0.871195 0.213047 1.22189 1.42509 -1.69831 -2.76865 0.092242 -2.56282 
-1.01901 0.367947 0.756217 -0.293826 -0.110993 -0.837246 -0.697065 -1.33251 -0.121335 0.709551 0.702585 -0.442312 0.855552 2.85031 -2.11545 -1.7807 0.242014 -2.30497 -0.940313 0.940893 2.26076 1.72675 -3.12788 -3.33672 -0.772898 -2.89841 2.02812 -0.739179 -1.40051 0.0507064 -1.51562 -0.135707 0.216368 1.24178 1.54519 -1.75139 -1.54999 -0.443831 -2.00932 
0.411341 -1.09325 -0.0211428 -0.068762 -1.12661 -1.46848 0.702494 1.08804 1.69766 -0.0148492 -0.106106 -0.481563 -0.966165 3.39613 -1.22266 -1.79743 0.206106 -1.74223 -0.192559 1.78242 2.46983 1.53468 -1.74973 -0.891435 -0.269155 -2.41109 2.53978 -0.553271 -1.87376 -0.194343 -1.74638 0.307161 0.789895 1.46188 0.00381052 -2.67428 -1.7734 -1.30788 -1.76594 
0.780382 -0.447174 -0.222106 -0.1281 -0.992954 -0.915099 0.753957 0.768124 1.00214 -0.481236 0.281781 -0.674299 -0.924686 1.22541 1.29128 -1.03899 -0.524779 -0.324059 1.37508 0.0375207 -0.230636 -1.72546 -0.521508 0.900625 -0.946027 0.528763 2.62431 -1.12781 -1.72174 0.127082 -1.62298 0.216126 1.4454 1.75802 0.535527 -1.76857 -0.503807 -0.287144 -1.22802 
1.05467 -0.224958 -0.58411 -0.442112 -1.28786 -0.856898 0.73856 0.905658 0.453489 -0.363926 0.324138 -1.30016 -0.5652 0.815417 -0.465824 -0.793158 -0.0323233 -0.701054 0.500743 0.00526604 -0.0276525 -0.817362 -0.665202 0.197658 -0.111966 0.761575 1.05071 -0.263511 -0.878664 -0.120426 -0.387981 1.28963 -0.421848 -0.323979 -2.13438 -1.13256 0.606828 -0.0662961 1.04902 
1.20536 -0.755492 -0.650441 -0.138231 -1.34579 -0.688043 0.763867 0.757347 0.417468 -0.928788 0.378187 -0.770057 -0.350988 0.457311 -1.67955 -0.280989 0.347005 -0.260358 0.425756 -0.555088 -0.224141 -1.15263 -1.02656 -0.0702315 0.854354 0.870098 0.684899 -1.06394 -0.443816 0.1207 -0.545649 0.584916 -0.265255 0.096068 -1.5441 -0.270403 0.130542 0.309297 1.51318 
1.28893 -1.34602 -0.731958 -0.172463 -1.41674 -0.66282 0.294073 0.728766 -0.374668 -1.05912 0.293323 -0.558456 0.0890154 0.279418 -1.12658 0.128536 0.197042 -0.120678 0.320222 -0.329509 0.157341 -1.26584 0.292224 -0.0208923 0.512555 1.25867 0.389566 -1.25187 0.000365891 0.524395 -0.269746 0.447363 -0.513147 -0.253036 -0.959908 -0.785703 -0.28565 0.338878 0.896029 
1.34488 -1.50627 -0.574013 0.0208091 -1.40369 -0.540378 0.502305 0.902968 -0.492904 -0.720206 0.370804 -0.324572 0.591529 0.162912 -0.195567 0.285796 0.391117 -0.146097 0.20395 -0.0751941 -0.131924 -0.143867 -0.0487588 -0.32416 -0.414997 0.323951 0.172065 -0.53227 0.0918719 0.498402 -0.038857 0.257366 -0.594927 -0.29428 -0.850677 -0.0140717 -0.183341 0.164879 0.802581 
1.3664 -1.47337 -0.569407 0.12972 -1.48755 -0.566291 0.238737 0.629837 -0.470222 -1.08421 0.141918 -0.916837 0.338021 -0.00873043 0.334 0.01418 0.50416 0.061747 0.0453035 -0.401736 -0.570793 0.116435 -0.31583 -0.233096 -0.301244 -0.189728 0.0198716 0.206441 0.268303 0.405619 -0.369906 -0.586188 -0.589136 -0.488281 0.258219 0.406291 -0.188957 -0.37463 0.114884 
1.33093 -1.279 -0.560212 0.40637 -1.36887 -0.513621 0.182172 0.43301 -0.399417 -0.92833 0.262645 -0.584369 0.459415 -0.136805 0.51427 0.12282 0.178297 -0.411114 -1.01134 -0.648902 -0.551466 0.487753 0.598095 0.0624643 -0.0807857 -0.175656 -0.068412 0.538952 0.0904549 0.640009 -0.145475 -0.315933 -0.419891 -0.250387 0.850472 0.367838 -0.617756 -0.910593 -0.623391 
1.28424 -1.12539 -0.496109 0.274936 -1.69304 -1.00424 -0.281825 0.176219 -0.107069 -0.666017 0.174121 -0.985572 0.216347 -0.107039 0.484917 0.1264 0.398178 -0.281155 -0.476919 -0.113415 0.218415 1.025 0.812755 -0.617058 -0.896985 -0.650338 -0.204607 0.584995 0.125764 0.453515 -0.0332373 -0.254714 -0.116256 -0.172946 0.482807 0.682094 -0.402799 -0.26643 -0.909223 
1.26464 -0.950678 -0.484954 0.713762 -1.50832 -0.716532 0.0958425 0.630264 0.35391 -0.363024 -0.0278573 -1.36047 -0.0144466 -0.197835 0.373913 0.0709743 0.459147 0.360642 0.664847 0.508609 0.306841 0.158574 0.327152 -0.617625 -0.273188 -1.04706 -0.235507 0.244007 0.0996128 -0.297593 -0.192147 -0.829232 -0.658395 -0.173551 -0.161609 0.399439 -0.566311 -0.947233 -1.23054 
1.16959 -0.871394 -0.451205 0.627297 -1.50633 -0.705009 0.136251 0.448229 0.0170213 -0.433499 -0.11665 -1.22105 -0.551863 -0.27726 -0.109701 0.0279819 -0.827598 -0.00850101 -0.66841 -0.696187 -0.463882 -1.24648 -0.272758 -0.162496 -0.349265 -1.00255 -0.275598 0.474948 0.24159 0.688239 0.435728 0.410768 0.273 -0.0669289 -0.892306 0.738267 -0.450678 0.246413 -0.73406 
1.10768 -1.02053 -0.463594 0.117063 -1.50921 -1.00366 -0.463063 0.250691 -0.542403 -0.54163 -0.102488 -1.66188 -0.749626 -0.250892 0.348719 0.297383 0.511696 0.294751 -0.0860241 -0.168338 -0.403951 -1.36403 0.674657 -0.0032418 0.591359 0.0588422 -0.424503 0.364978 0.452132 0.357311 0.383961 -0.289437 -0.397182 -1.00563 -1.49719 0.0119645 -0.596534 0.780912 -0.647443 
1.02668 -0.63427 -0.282309 1.01842 -1.35311 -0.736008 0.00538349 0.119323 -0.964667 0.0371672 -0.115652 -0.707274 -0.499553 -0.410763 0.6669 0.657684 1.3284 0.585977 0.273636 0.209071 -0.939369 -0.773543 0.284639 -0.658535 1.36796 0.13028 -0.602936 0.838287 0.752682 0.166964 0.637932 -0.555879 -0.446302 -0.888187 -1.62003 0.115077 -0.246324 0.661144 0.24597 
0.87963 -0.570339 -0.09738 1.11055 -1.20798 -0.876483 -0.287885 -0.530868 -1.09525 -0.338246 -0.412688 -0.475053 -0.644313 -0.723881 0.920503 0.841243 -0.281265 0.664992 -0.679222 -0.379419 -0.83588 -0.821415 -0.522237 -0.337181 0.270369 0.264943 -1.08871 1.32454 1.32444 0.626663 0.751398 0.00360311 0.312331 -0.627851 -1.05654 0.647389 0.0101224 0.317519 -0.00638532 
0.631869 -0.0142625 0.184432 0.824674 -1.01173 -1.02789 -0.296652 -0.574744 -1.55228 -0.312409 -0.273241 -0.47168 -0.294327 -1.34468 1.33382 1.34264 -0.445013 0.544549 -0.260954 0.179755 0.0617772 -0.65308 0.593306 0.670044 -0.956599 -0.144333 -1.50956 1.28912 1.35763 -0.583424 0.609097 -0.802716 -0.877721 -0.844863 -0.730406 0.70738 1.02552 0.133045 -0.0412404 
0.1542 0.326437 0.643947 0.796034 -0.927814 -0.984415 -0.13648 -0.466039 -1.56062 0.0766698 -0.0919462 -1.30281 -0.742747 -1.70788 1.02694 1.2091 -0.554146 0.25135 -0.429236 -0.700955 -0.343668 -0.166024 1.48195 1.74216 -0.100781 -0.325658 -1.54346 1.39199 0.76756 -1.10302 0.15595 0.0768295 -0.30661 0.237542 0.304636 1.09574 1.34785 -1.14798 0.353218 
-0.286992 0.677016 0.852629 0.429663 -0.880563 -1.20983 -0.859424 -0.852686 -1.66393 0.711502 0.556648 -0.557745 -0.527294 -1.14156 0.768374 -0.181588 -1.12843 -0.310266 0.375453 -0.555053 0.264762 1.05947 0.895725 1.17728 -0.55276 0.611697 -1.38432 0.573261 0.0406324 -0.56636 -0.169567 0.520685 0.310671 0.308371 -0.345995 0.834732 1.43103 -1.04563 -0.16745 
-0.463055 0.844574 0.550537 -0.0225502 -1.08206 -0.81246 -0.580939 -0.229603 -0.782258 0.698837 0.469683 -1.78059 -0.28025 -0.522618 -0.156408 -1.14361 -0.257027 -0.50702 1.16089 1.08773 0.768761 -0.30375 -0.348661 0.219316 -1.27443 0.0959816 -1.04405 0.230972 -0.700388 -0.695366 -0.19772 0.462968 0.297098 0.696567 0.958174 0.943228 1.13251 0.157245 1.73211 
-0.574617 0.575892 0.232369 0.253798 -1.13479 -0.692447 0.0282698 -0.19016 -1.8756 0.480878 0.663338 -1.66095 -0.447429 -0.542106 -0.412767 -0.869714 0.13402 0.0122222 0.27595 0.925075 0.700477 0.227002 0.38544 0.374526 0.754066 1.70165 -0.542941 -0.1945 -0.964482 0.000458933 -0.14137 0.609177 0.900385 1.00863 1.43593 0.236286 0.317657 -0.278861 1.19604 
-0.761058 0.571784 0.0802751 0.090008 -1.07241 -0.684266 0.174854 0.375195 -0.608473 0.9713 0.650083 -1.1258 0.99093 -0.355739 -0.128046 -0.305709 0.250956 0.293792 -0.306193 0.0270875 0.630684 2.23359 0.666286 0.214236 0.904163 1.4997 0.838835 -1.91088 -0.617011 -1.63881 1.70682 0.241128 0.432532 0.196416 1.2799 -0.0604031 1.02441 2.09007 1.04424 
-0.773366 0.49376 0.0709841 0.452604 -0.982058 -0.820275 0.0558751 0.355634 -0.244547 0.945808 0.767617 -0.876082 0.673918 1.88432 -2.45373 -0.0559303 -2.46849 2.55636 0.0669969 -0.387852 -0.431162 1.49273 -0.472193 1.02894 1.98044 -0.30918 1.13536 -1.71584 0.615304 -2.51065 2.07888 0.435132 0.639821 0.643758 2.01016 -0.341647 0.400091 1.67926 0.857631 
0.233188 -1.0677 0.0556805 -1.71696 0.230152 -0.647967 -0.134019 0.0232841 0.484535 0.656018 1.14126 0.591835 0.770189 2.17449 -2.44504 1.23729 -3.82377 2.8348 0.918892 0.766049 0.261075 0.469541 -1.13637 0.332443 1.29194 -0.35706 0.799482 -2.44027 0.854434 -1.96187 1.37691 -0.00248841 -0.72807 -0.229677 0.704392 -1.00253 0.315173 0.906714 -1.55919 
0.375414 -1.1399 0.754619 -2.35397 0.462008 -0.40932 0.682712 0.588953 0.105379 0.175363 0.928032 0.244857 0.417653 -0.605347 -1.20915 1.34791 -0.324853 -0.484343 -0.0627845 -0.507769 0.107601 -0.548007 -0.898655 -0.598796 -0.796864 -1.78369 0.647385 -1.41616 0.623404 -1.29296 1.38392 -1.00751 -1.10155 -0.52404 -0.0825477 -1.63456 0.0428595 0.47412 -1.12386 
-0.0984956 -1.87377 0.799894 -1.94285 -0.0125552 -0.668746 -0.540134 0.126853 0.0954774 0.0484791 0.859434 -0.0974915 -0.544552 -1.13994 0.322775 -0.293501 1.98054 -0.752222 -2.31211 -2.12276 -0.994222 -0.584545 -1.09591 -0.276007 -0.675329 -1.153 -0.234142 1.33758 0.240549 0.782808 -0.546169 -1.80575 -0.207453 -0.0433974 0.0507202 -1.35046 -0.76277 -0.0864183 -0.0746611 
-0.240979 -0.920148 0.59992 -0.879485 0.0831655 -1.41933 -1.03301 -0.23898 -0.310213 -0.567359 0.799495 -0.339141 -0.429157 0.223243 3.22948 -0.981119 1.43002 -0.338172 -2.44034 0.254887 -0.171968 0.612467 -0.946403 -0.450368 0.678818 1.67823 -0.667229 1.20212 -0.536108 1.4551 -0.750322 -2.30183 -0.767203 -0.292605 1.4754 -1.08977 -0.104987 0.0294734 0.287682 
0.0111054 0.292399 0.268622 -0.874407 -0.180979 -1.73515 -0.327804 -0.00593053 0.549203 -0.591782 0.648093 0.492086 0.709251 0.0618439 1.49378 -0.510215 0.079539 -0.377575 -0.880789 1.17882 0.583101 2.56753 -0.39384 0.129547 0.709174 1.53263 -0.589197 1.96076 -0.52057 1.15966 -0.167222 -1.75881 0.868174 0.177882 1.04788 0.528117 0.973663 -0.0918787 1.07848 
-0.217335 0.0837432 0.326537 -0.80711 -0.105283 -1.79986 -0.0714529 0.266586 1.56336 -0.828943 0.863554 0.276744 0.71662 -1.17594 -0.271663 0.200821 0.210423 0.0860322 0.00247878 0.820167 0.415495 0.794807 1.66178 1.78418 -0.804021 -0.239921 -0.890389 1.40891 0.113371 0.49809 0.142758 0.584024 0.371237 0.226623 1.65685 2.15593 0.820583 0.573427 0.916654 
-0.624459 0.114096 0.384636 -0.705497 -0.133825 -1.72723 0.342918 0.357938 1.13535 0.555372 1.49794 -0.203443 0.539896 -1.49857 0.633868 0.685331 0.621219 0.592003 1.70051 -0.717273 -0.271755 -0.340186 3.32789 0.994191 0.0375901 -0.31097 -1.56272 -0.0614697 0.456234 0.438026 0.282696 1.72377 -0.385017 -0.0219367 -0.384133 1.61159 0.978059 -1.36403 -0.136151 
-1.02472 0.511811 0.707893 -0.33521 0.199003 -1.04516 -0.647457 0.0494405 1.32523 1.46001 1.33823 0.310599 0.494551 -1.34125 0.187334 0.491027 0.405022 0.339024 2.402 -1.29227 -0.450002 -1.31594 0.530331 -0.444335 -0.988498 0.0521457 -0.823092 -1.64048 1.54232 0.27332 -1.10575 3.7402 -2.57278 1.41674 -1.0124 2.5693 1.41337 -0.186367 -0.256401 
-1.34807 0.243151 0.659581 -0.393057 0.0418992 -0.664017 -0.699354 -0.00990013 0.188591 0.927131 1.28946 -1.05885 0.587237 0.169994 -3.09358 1.64336 -0.239722 -2.25677 3.5077 -2.45577 2.23906 -1.027 0.169561 0.943058 -0.28663 -0.0377904 -0.82735 -0.752294 1.53657 0.485575 -0.623523 3.60256 -3.29839 0.681381 -0.721069 1.26042 0.430849 -0.531131 -0.0162772 
-0.943481 -1.55613 1.61391 -0.498312 -0.944442 0.504333 -2.63323 1.95498 0.588314 1.58453 1.78863 0.0634673 0.475165 0.00583786 -1.31091 1.829 0.277961 -1.27797 2.61483 -2.77659 1.39411 0.341076 1.18315 1.03323 0.287602 -0.0794414 -0.0704039 -1.12818 -0.263796 0.768756 -0.796328 0.0896798 -0.0135681 1.07719 -0.5687 -0.884965 0.166664 0.995357 -0.842482 
-1.35425 -0.631059 1.66727 -0.174333 -0.604125 0.492798 -2.94528 1.18131 0.445221 1.74628 1.78268 -0.808322 0.536949 -0.288964 1.40455 -2.03667 1.32493 1.05772 -3.37533 2.44226 -0.744205 0.257317 -1.38017 -0.71672 1.58639 -1.09558 0.198345 -0.427013 -0.862496 0.854967 -0.787401 -0.911047 1.04815 2.01391 1.15138 -0.377712 -0.0527541 1.14506 -0.63934 
-1.10667 -0.611995 0.504567 0.492622 -0.403478 -0.973276 -0.64714 1.33842 0.784116 0.647001 1.4508 1.43959 -0.329042 0.307084 0.676671 -3.12462 0.929701 0.0923615 -3.87392 4.07384 1.40412 1.20558 -1.70239 -1.108 1.20835 -0.781975 1.08327 1.58062 -3.1137 0.190065 -0.483669 -2.72458 3.99342 -1.06052 0.304435 -2.63024 -2.30427 -0.53179 -0.788096 
-1.2 -0.174329 -0.0378889 0.525093 -0.553754 -1.20409 0.363881 2.38098 1.32969 0.587928 1.25903 0.240179 -0.0345795 2.024 0.98141 -2.65175 -1.06169 -1.78617 -0.405372 2.49114 -0.735418 0.148806 -2.20919 -2.44791 -2.28815 0.0350179 2.55564 -0.115262 -3.57489 0.237544 -1.25543 -2.32741 3.27911 -0.595327 0.188837 -2.74053 -2.3328 -0.202633 -0.836205 
-0.0380356 0.0487971 -0.94162 -0.276734 -1.30777 -1.14472 1.37859 0.729286 0.901113 -0.85866 0.290827 -0.54216 -0.294408 3.79412 -0.841924 -2.25886 -0.599018 -1.98243 0.645458 -0.0223219 -2.23646 -0.95513 -2.03729 -2.09577 -1.47871 -0.342994 2.55598 -0.648817 -1.92684 -0.500653 -1.77469 -0.0275532 0.796898 -0.736094 -0.0242721 -1.4733 -1.65298 -2.17582 0.414117 
0.811353 -0.734495 -1.26891 0.0969857 -1.55778 -0.913385 0.35142 0.502837 0.644966 -0.799928 0.266284 -1.04008 -0.280409 2.07776 -1.94932 -0.24795 0.343843 -0.885463 0.374733 -1.50408 -0.292786 -0.185334 0.196699 0.177069 -0.568322 0.513874 2.67011 -0.846105 -0.981781 -0.279746 -1.77846 0.275176 0.182836 -1.94613 -1.1962 -1.94388 -1.36223 -0.806946 0.643748 
1.05923 -1.25291 -1.07137 -0.0094175 -1.75432 -0.973084 0.164557 0.49436 0.775443 -0.715543 0.377455 -1.03342 0.0955098 0.491042 -0.422775 0.783466 0.194948 -0.694882 -0.255169 0.251278 -0.475423 -0.659565 -0.616589 0.223949 0.416327 1.1993 1.35374 -0.95996 0.0219758 0.574779 -0.723696 0.265551 -1.32321 -0.572757 -1.06046 -0.174858 0.234206 0.130175 0.675632 
1.06358 -1.01399 -0.833813 0.254482 -1.90748 -1.01877 0.560824 0.113507 0.174892 -1.21416 0.375175 -0.677987 0.618058 0.0919391 0.51334 0.285325 0.465844 -0.204257 0.00217295 -0.126286 -0.508146 -1.24657 -0.439451 0.141959 0.734148 0.38512 0.395464 -0.264265 0.467252 0.49163 -0.315389 0.130131 -0.233245 -0.308756 -0.733825 0.108898 0.134804 0.325979 0.640252 
1.0989 -0.905553 -0.909081 0.347883 -1.85469 -0.965294 0.0677897 0.0773653 -0.120936 -1.00839 0.44741 -0.395892 0.3899 0.138658 0.0333689 -0.0750127 0.496635 0.219727 0.443782 -0.536003 0.0418287 -0.332477 0.760588 -0.0413338 0.00612498 -0.347673 0.07628 0.0371663 0.153857 0.563552 -0.187681 0.0557105 -0.670809 -0.339807 -0.952619 -0.0566041 -0.45422 -0.437231 0.114766 
1.12813 -0.98803 -0.868858 0.634493 -1.79238 -0.816768 0.131813 0.161471 -0.0576387 -0.684609 0.358084 -0.671401 0.368757 0.0248185 -0.449286 -0.0491916 0.327896 -0.0786769 0.0829617 -0.698641 0.0313471 -0.0401134 0.357875 -0.767686 -1.31198 -0.236982 0.0796175 0.0530775 0.110709 0.445364 0.21913 0.819802 -0.363596 0.248357 0.0213746 0.946482 -0.140103 -0.0212589 -0.997218 
1.10283 -1.2028 -0.929985 0.603437 -1.89124 -0.921975 -0.493106 0.116468 -0.14114 -0.754813 0.0853746 -1.53164 0.222725 -0.0165373 0.0546212 0.246117 0.129232 0.109653 0.703779 0.0903508 0.299759 0.357419 0.525012 -0.153317 -0.0387709 -0.992851 0.00486917 -0.15475 0.369866 0.213221 0.359043 0.598974 0.132331 0.226329 -0.00144943 0.769445 -0.299558 -0.476869 -0.831518 
1.11003 -0.947843 -0.728037 0.743519 -1.73323 -0.500418 0.210719 0.427494 0.210861 -0.316496 0.287812 -0.703725 -0.359229 -0.0228213 0.22463 0.610873 -0.0317631 0.618647 0.757551 0.865246 0.27959 0.0343195 0.686428 0.354207 0.682197 -0.881712 -0.184586 0.153798 0.485848 0.0853381 0.385193 0.108508 -0.212057 -0.309906 -0.95498 0.169233 -0.74141 -0.313811 -1.18021 
1.08138 -1.04877 -0.589406 0.593719 -1.57341 -0.581977 0.214171 0.36544 -0.107288 -0.276079 0.256125 -0.939137 -0.422803 -0.285928 0.184888 0.490361 -0.014742 0.469677 -0.545232 -0.348917 -0.734953 -1.64728 -0.298779 -0.866533 -0.377302 -0.592653 -0.213521 0.44504 0.863611 0.305759 0.79218 0.184925 0.134735 -0.0958544 -0.792573 0.205078 -0.605692 0.952803 -0.88983 
0.94846 -0.820425 -0.453456 0.746355 -1.4911 -0.733373 -0.0665821 -0.181247 -0.97653 -0.512934 -0.121166 -1.02944 -0.790291 -0.326144 0.45301 0.694934 0.459336 0.573262 -0.492751 -0.695673 -0.416947 -1.10547 -0.411339 -1.18781 0.561787 -0.315047 -0.510569 0.457925 0.692358 0.378239 0.836248 -0.890664 -1.01745 -0.889816 -1.84707 0.0157348 -1.01171 0.826437 -0.281147 
0.898392 -0.741807 -0.202792 0.94622 -1.27865 -0.791851 -0.344318 0.0255461 -0.901199 -0.549656 -0.305424 -0.450986 -0.647897 -0.540407 0.512136 0.55735 0.545266 0.788561 -0.685513 -0.90396 -0.507144 -0.843902 0.315799 -0.524259 1.45567 0.210764 -0.859926 1.23861 0.858643 0.315552 0.769624 -1.11211 -1.44775 -0.941646 -1.37469 0.471184 -0.610727 1.25109 -0.0877863 
0.651362 -0.473873 -0.142189 1.16223 -1.08693 -1.02802 -0.793973 -0.597395 -1.58048 -0.288197 -0.367597 0.233398 -0.625263 -1.06162 1.41844 0.603385 -0.0178535 0.584698 -1.04591 -1.08844 -0.897268 -0.74958 1.04912 0.347297 1.07313 0.192019 -1.41256 1.64247 1.32062 -0.439958 1.54096 -0.0807687 0.075061 -0.0765408 -0.234383 0.672436 1.11237 0.578775 0.417864 
0.323708 0.21163 0.133686 0.946761 -0.978076 -1.245 -1.2213 -0.72042 -1.43665 0.177635 -0.137955 0.480325 -0.496777 -1.73547 1.96687 1.43722 -1.1769 1.53038 0.580881 0.999861 0.396661 0.524431 0.596285 2.04843 -0.701894 0.343143 -1.71775 1.50387 0.958901 -0.0573197 0.616416 -0.15421 0.102197 -0.567071 -0.147905 2.10979 2.15402 -0.26669 0.574792 
-0.282196 0.846811 0.650936 0.307901 -0.305762 -0.765722 0.0224645 -0.24945 -1.19069 0.128761 0.607738 -0.373623 -0.362018 -1.70471 0.852053 0.846034 -0.0702854 0.34266 0.839157 1.21784 0.104247 0.546563 1.82203 2.60638 -1.42745 0.571975 -1.75513 0.80965 0.391982 -1.10762 0.158952 -0.190955 1.2619 0.0605464 0.103899 0.901454 2.18723 -0.557775 1.47302 
-0.593467 0.785801 0.60305 0.90863 -0.800505 -0.86911 -0.228105 -0.619686 -1.03078 1.43461 1.10235 -0.755498 -0.0637518 -1.09093 -0.740726 -0.842207 -0.403065 -1.29158 -0.838722 0.561272 -0.316398 -0.388358 0.627942 0.950819 -0.0339237 1.62335 -1.57944 0.254693 0.370929 -0.401078 0.348188 0.614381 1.52503 0.0922031 0.791846 1.61062 1.32309 -1.39766 0.706905 
-0.872486 0.35441 0.195739 0.024323 -0.958703 -1.12775 0.483246 -0.504337 -1.4638 0.567413 1.06182 -0.401745 0.851066 -0.83934 -0.460763 -0.28275 -0.506123 0.180973 0.0227766 0.668148 0.0200641 0.515929 0.368767 -0.793021 -0.409143 0.368885 -0.751094 -0.539567 -0.0327397 -0.769037 0.122107 -0.358122 0.763891 -0.458248 0.302548 1.87189 0.461669 -0.234936 0.706317 
-1.04977 0.480872 0.454238 0.549039 -0.705102 -0.852259 0.319344 -0.590122 -0.647168 1.69564 0.728281 -1.10881 0.218592 -0.121942 -0.0628316 0.79712 -0.695987 1.47493 0.348446 0.385037 -0.325205 0.791941 1.91896 -0.319634 -0.278773 -0.683274 0.811395 -1.97654 0.0210213 -3.57765 1.77045 0.155445 -0.181101 -0.0868862 -0.238309 -0.738884 -1.2669 0.666872 -0.690664 
-0.946721 0.315948 0.638315 -0.475305 -0.205719 -0.967674 0.801117 -0.766669 -0.879736 1.89081 0.912564 -0.642067 0.352768 2.13746 -2.50451 0.318687 -4.58225 2.48339 0.201033 -0.888497 -0.144943 -0.840688 -1.38027 -0.947981 1.27838 -1.29901 1.02468 -2.03602 1.56748 -2.60132 2.46835 0.714847 -0.902032 -0.433744 -0.206142 0.0487854 -1.29552 0.331735 -0.763311 
0.0792915 -1.19261 0.634801 -2.81697 0.560378 -0.757013 -0.395508 -0.700058 -1.24878 0.75805 0.280624 0.000381661 -0.736548 1.76283 -2.99191 1.56949 -3.00561 2.23989 0.653181 -1.49543 -0.282301 -1.07338 -1.85689 -1.46065 0.70877 -0.344108 1.19617 -2.77591 1.64126 -3.11771 1.18184 -0.4228 -1.11041 -0.569603 -0.209617 -1.18925 0.236297 0.877352 -1.86531 
-0.017181 -1.68391 1.50388 -2.67843 0.936014 -0.673577 -0.4059 -0.992731 -1.65034 0.626583 0.221441 -0.0265324 0.106112 -0.220986 -1.66329 2.15912 0.147173 -0.704979 -0.781241 -0.479153 -0.651601 0.554567 -0.245073 1.26988 -0.133282 -1.20366 1.10675 -2.88214 1.14918 -1.61796 1.00618 0.78111 -2.61015 0.232629 0.472351 -1.30768 -0.693829 0.146556 -1.5032 
-0.047692 -2.30279 1.82328 -2.69471 0.205545 -1.09376 -0.778419 -1.23833 -0.837105 0.598417 0.886227 -0.11385 -1.62095 0.00993665 -1.33569 0.166697 0.700752 -0.725879 0.440581 -1.72376 0.602004 1.70563 0.0701311 0.506099 -0.521474 -1.67379 -0.12188 -1.34628 0.733211 0.311564 -0.189611 0.330429 -0.890321 0.650539 1.69986 -0.337103 0.0737538 -0.223782 0.821267 
-0.0211814 -2.57472 1.6012 -2.14787 0.570559 -0.47298 -1.79807 -0.471184 -0.402719 0.682962 0.464325 -0.477192 -1.12709 0.0192912 -0.353852 -1.04984 0.288647 0.419139 1.24836 -0.616778 1.5528 1.73069 -0.218814 -1.17105 -0.164796 2.29763 -0.117143 -0.801835 -0.583417 0.446501 -0.771239 0.0528137 -0.570337 0.732544 2.3304 0.917045 1.02234 0.514611 0.077328 
-0.0467104 -2.53613 1.25437 -2.4681 0.421983 -0.537913 -1.27293 0.0870306 0.428719 0.456779 0.332636 -0.255394 0.0924145 -0.204019 0.137594 -1.04171 -0.0732708 -0.435401 -0.359474 1.02287 0.413294 1.42874 1.17535 0.894523 1.19115 1.77181 -0.44623 0.0711704 -1.08125 0.765026 0.407114 0.496288 -0.898004 1.22432 0.724924 0.247363 -0.262039 0.836177 2.34128 
-0.139129 -2.47898 1.03675 -2.18821 0.352724 -0.62424 -0.962977 -0.109176 0.643818 1.49676 0.891671 0.556401 0.19614 -0.74223 0.46906 -0.575453 0.791265 0.193185 -0.550624 -0.488637 0.146779 -0.75832 0.551536 0.809058 1.25593 0.831247 -0.680257 1.69813 -0.541553 0.884823 -0.788931 -1.50373 0.13746 -0.864671 -0.758995 -0.714618 -0.342385 1.76601 1.95647 
-0.451294 -2.21842 0.945257 -1.87078 0.523592 -0.773239 -1.66353 0.223721 -0.113075 0.843069 0.719395 0.834335 0.717805 -0.895013 2.42514 0.22979 1.32334 -0.752508 -1.72371 -0.849932 -1.6204 -2.45468 -2.15378 -1.36677 1.11864 0.841897 -0.87467 1.73814 -0.315456 1.62935 -0.0531593 -1.67585 -0.452237 -0.707084 -1.1242 -0.529795 0.268465 1.85518 0.795899 
-0.62508 -0.851418 1.16863 -1.19845 -0.0262641 -1.37548 -1.64656 -1.46649 -1.12994 0.0290703 0.245129 1.52715 0.829433 -0.669231 2.15386 0.104283 1.51631 -0.273643 -1.77188 -0.0664477 -1.13462 -0.759412 -1.27806 -0.443014 1.17074 0.228752 -0.741941 1.7487 -0.511623 0.985598 -0.128674 -1.8588 0.612356 0.525714 0.680378 -1.56705 -0.328006 1.79206 0.999102 
-0.817001 -0.772523 1.0084 -0.738688 0.387961 -1.54566 -1.71178 -0.722904 -0.655663 -0.0244771 0.511546 1.85023 0.896179 -0.303148 0.213658 -0.996604 0.0698693 0.558389 -0.853169 1.60916 2.34791 3.36706 0.013504 0.914257 1.2253 0.49014 -0.416073 1.86705 -0.373424 0.713419 -0.170751 -2.06079 1.20674 0.266307 0.743715 -0.713005 -0.443696 0.71888 -0.161284 
-0.795821 -0.704735 0.628876 -1.1332 0.26094 -1.74386 -0.336031 0.531076 1.32428 0.0466424 0.681847 2.59033 1.20174 -0.00524346 0.662994 -0.662818 -0.509705 0.016191 -1.08585 1.55949 1.50118 1.75709 0.301825 -0.168271 -0.233337 -0.450175 -0.355188 0.520771 -0.741628 0.427206 0.139802 -0.534224 2.09749 2.51906 2.90316 0.972382 0.744158 -0.217893 -1.16491 
-0.829086 -0.324952 0.651448 -1.10092 0.399623 -2.01638 -0.441531 0.558824 0.629333 0.190684 0.434173 1.64929 0.570827 -0.273482 0.577909 -0.11685 0.530206 -0.348409 0.118033 0.983566 1.15319 0.538619 1.3074 0.1046 -1.51566 -2.05516 -0.517885 0.355879 -0.737864 0.31414 -0.346402 -0.898316 1.36558 1.33764 1.58859 0.655583 0.423361 -0.328812 -1.2591 
-0.950762 -0.314139 0.570919 -0.728433 0.0873133 -1.68512 0.467193 1.5186 1.72438 0.950931 0.734059 1.27806 -0.314414 -0.832848 -0.119484 -0.444966 0.949183 -0.538024 -0.155531 0.12965 0.356068 0.378329 0.587288 0.746884 -0.202396 -1.24094 -0.42762 0.705804 -0.342658 0.634423 -0.703071 0.215435 1.52499 0.770758 -0.705076 0.566 0.13922 -1.46871 -2.2357 
-1.28193 -0.401351 0.413799 -0.387126 0.129635 -2.07795 -0.330757 0.872452 0.913017 0.601475 0.791405 1.47516 -0.341228 -0.419549 0.492013 -0.395316 0.364197 -0.710268 0.18919 0.902373 -0.0847155 -1.49195 -0.540382 0.0840763 -0.414056 -0.943373 0.748927 -0.0797347 -1.14677 1.28334 -1.77657 1.06832 1.52673 0.56699 0.731835 0.168686 -0.109681 -1.23636 -1.80257 
-1.1835 0.018938 0.36046 -0.446103 -0.270208 -1.59508 1.20458 1.45958 0.649793 0.58892 0.776525 0.920496 -1.00569 2.03058 0.00767777 -1.27908 0.86693 -2.13643 1.64864 1.75843 0.428874 0.60335 -0.3618 -0.899786 -1.4228 -1.17774 1.78913 0.0668749 -1.14222 1.36682 -1.58632 0.918065 0.952873 -0.326419 -0.112787 -1.02631 -0.281792 -1.26052 -0.441383 
-0.209792 -0.392598 -0.280649 0.266002 -0.952657 -1.34605 1.10081 1.24763 1.36012 0.361848 0.366636 0.243367 -1.20639 3.28893 -0.383266 -1.32188 1.57049 -1.67783 1.095 0.277249 -0.373456 1.33622 -0.862873 -0.473174 -1.2428 0.346969 2.62614 -0.123391 -1.34634 0.914321 -2.0621 1.8573 1.2795 -0.255095 0.171504 -1.22334 -0.765513 -1.50079 -0.496535 
0.558809 -0.234097 -0.357428 0.725949 -1.11944 -1.10668 1.43504 1.15646 1.62914 0.00590202 0.554353 -0.155304 -0.739606 2.18392 -0.185159 -0.745744 0.425037 -0.9678 0.9415 -0.17556 -0.787804 -0.376237 -1.31 -0.153142 -0.548961 0.507504 2.69273 -0.590983 -1.26165 1.07712 -1.69385 1.29152 -0.329854 -0.798695 -0.134925 -1.48894 -1.0665 -1.45306 0.572296 
0.944014 -0.512975 -0.683019 0.593205 -1.44106 -0.925157 0.96409 0.594209 1.09581 -0.527589 0.296448 -0.231114 -0.821201 1.03257 -0.497638 -0.575301 -0.0472932 -0.872127 0.708463 -0.681243 -0.741852 -1.52176 -1.17093 -0.992804 -0.666394 0.413683 1.67432 -0.618902 -0.314961 0.181281 -0.807941 0.896265 -0.773148 -1.03568 -1.44898 -1.34343 -0.0941708 -0.452624 1.45643 
1.09943 -0.563719 -0.666455 0.704777 -1.55922 -0.788266 0.888252 0.541884 0.532904 -0.788232 0.0854101 -0.731559 -0.424024 0.500953 -0.737746 0.27532 -0.174271 -0.248721 0.312378 -0.775712 -0.657255 -1.57886 -0.525475 0.021525 -0.0490428 1.43677 0.771006 -0.791038 -0.144529 -0.0386488 -0.69299 0.459213 -1.01784 -0.781331 -1.78181 -0.981396 -0.270723 -0.284129 1.07971 
1.20152 -1.00338 -0.526205 0.478378 -1.56402 -0.780943 0.340696 0.0511546 -0.0418934 -0.879385 0.309208 -0.272339 0.253455 0.200645 -0.68422 0.361736 -0.0143257 -0.171376 -0.0622802 -0.572122 -0.349295 -0.88155 -0.171107 0.618898 0.289223 1.02626 0.292917 -0.507788 0.177371 0.169846 -0.401034 0.263685 -0.901687 -0.577356 -1.21927 -0.0862675 0.00193995 -0.878888 1.39657 
1.197 -1.01828 -0.462316 0.70792 -1.64288 -0.808823 0.429952 0.259184 -0.0983849 -0.897175 0.381862 -0.479625 0.346058 -0.0360506 -0.0180038 -0.00374751 0.408795 -0.355342 0.0619328 -0.33425 -0.150077 -0.0669 0.403469 -0.0212448 -1.10763 0.427376 0.0373172 -0.559534 0.267385 0.131661 -0.146738 0.072238 -0.969424 -0.798106 -0.830549 0.354724 -0.0889594 -0.638202 0.48529 
1.17302 -1.01182 -0.522222 0.7936 -1.74117 -0.746871 0.0752888 -0.0631217 -0.0815512 -0.594566 0.301657 -1.23099 0.579196 -0.146503 -0.149374 0.0454967 0.194613 -0.0499319 0.170396 -0.621467 -0.765194 -0.240745 0.650158 -0.743363 -1.13045 -0.38209 -0.115243 -0.117766 -0.0215778 0.489196 -0.284181 0.301654 -0.539193 -0.221325 -0.341228 1.08865 -0.191095 -0.521374 -0.828302 
1.10968 -1.1147 -0.431364 0.865169 -1.66482 -0.727051 -0.0683618 -0.375123 -0.264296 -0.443298 0.0313782 -1.45806 0.0712213 -0.154978 -0.151015 -0.0245171 0.279331 -0.0728391 0.365173 -0.328188 -0.161864 -0.396454 1.0759 -0.243385 0.419524 -1.54177 -0.234262 0.0887422 0.411283 0.846782 -0.0650002 0.450961 -1.0683 -0.483189 -0.806962 0.855183 -0.671952 -0.010071 -0.933151 
1.08119 -1.10934 -0.529613 1.01333 -1.77475 -0.579438 -0.185202 -0.187363 -0.360544 0.151079 0.188612 -0.866136 -0.556053 -0.235795 0.291017 0.578605 1.00142 -0.0483483 0.464312 -0.694189 0.0888885 -0.849787 0.511003 -0.181167 1.11247 -0.872664 -0.407479 0.288822 0.658818 0.798874 0.182903 -0.273615 -0.685363 -0.262088 -1.0105 0.424316 -0.82095 0.849282 -1.12773 
0.974814 -0.916211 -0.108457 1.61749 -1.68596 -0.516016 -0.625648 -0.287374 -0.872517 -0.0847849 -0.0521197 -0.492655 -0.567593 -0.505688 0.593648 1.02168 0.848657 0.347691 -0.737947 -0.514707 -0.206796 -0.968174 -0.502002 -0.885621 0.688783 0.0265236 -0.594862 0.606252 0.517545 0.814987 0.442541 -0.00847945 -0.269394 0.250375 -1.22639 0.186292 -0.445189 0.874079 -0.267803 
0.802587 -0.708202 0.0359428 1.65299 -1.59463 -0.897147 -0.596944 -0.349591 -1.05474 -0.18463 -0.22943 -0.267923 -0.527721 -0.726002 0.629144 0.205644 0.149452 0.713997 -0.46843 0.364837 0.255508 -0.805559 -0.261519 -0.432167 0.0283378 0.50864 -0.855891 1.19464 0.829493 0.613716 0.55682 -1.13095 -1.66209 -0.195 -1.24883 0.459117 -0.197469 0.424613 0.196023 
0.578873 -0.491307 0.0101991 1.74143 -1.31967 -0.715194 -0.324158 -0.058762 -1.44862 -0.255689 -0.254817 -0.466819 -0.181559 -0.875595 1.21165 0.232707 0.0163343 0.489965 -0.8269 -1.53403 -0.0685151 -0.717397 1.12334 0.612245 -0.137058 0.230396 -1.39141 1.49031 1.08444 -0.460914 1.17343 -0.559338 0.679395 0.270496 -0.413189 0.656 0.845687 -0.505375 -0.157564 
0.326977 0.106767 0.16942 1.67874 -1.34219 -1.25398 -1.83526 -0.394914 -1.56682 0.593522 0.063862 -0.385427 -0.348128 -1.51589 1.62095 1.43297 -0.810851 1.05176 -0.301625 0.477156 0.116885 0.245299 1.1512 1.59036 -0.695478 -0.725082 -1.66507 1.68638 1.04633 -0.27842 1.14301 -0.186781 -0.189642 -0.859062 -0.631205 1.4543 1.6857 -0.658924 -0.0973798 
-0.23774 0.597739 0.800998 1.15709 -0.781742 -0.841013 0.0684131 0.0526558 -1.26154 0.541557 0.502979 -1.06828 -0.710876 -1.80608 1.3334 1.34848 -0.418521 1.23 0.574864 1.30313 -1.13079 -0.136452 0.854408 1.69873 -0.731327 -0.366268 -1.56804 1.04967 0.782317 -0.69441 0.383878 -0.623189 0.36029 -0.83272 -0.380131 1.18289 1.28639 -0.577581 0.753228 
-0.644184 1.00326 0.913949 1.38376 -0.71368 -0.994323 -0.772899 -1.3383 -1.65699 1.18737 0.873124 -1.01796 -0.611225 -1.00985 -0.0337255 -0.249683 -0.182202 -0.474405 -0.557213 -0.02912 -1.27954 -0.761041 0.456621 0.172633 -0.0662969 1.72796 -1.58006 0.411104 0.614165 -0.879947 0.915239 0.873056 2.08236 -0.159237 0.819175 1.06798 1.25442 0.0227792 0.774355 
-0.784851 0.578767 0.670295 1.03641 -1.0194 -1.07924 0.0504391 -1.01649 -1.80532 0.862802 0.587501 -1.12446 0.579822 -0.738977 -0.706814 -0.418618 -0.838067 0.147131 0.646744 1.27091 0.905239 1.23575 0.596788 0.0203871 0.756399 1.39743 -1.07317 0.0468718 -0.132411 -0.0596993 0.379198 -0.0361112 0.386723 -0.31822 0.274233 1.11528 0.959448 0.350368 1.02861 
-1.04703 0.533572 0.69073 0.779343 -0.635476 -0.703057 0.263339 -0.560395 -0.750612 1.60468 0.885344 -0.361144 0.434238 -0.720606 0.11238 0.0543809 0.0906838 1.04471 0.514674 0.509789 0.832774 1.12649 1.05904 1.14168 0.520714 -0.356418 -0.679822 0.0430307 0.0518055 -0.235008 -0.175065 -0.516577 1.10552 0.729854 0.900556 0.288681 0.234163 -0.131432 0.734543 
-1.17792 0.657631 0.706112 1.117 -0.485048 -0.846054 0.469473 -0.299843 -0.978284 1.59689 1.13222 -0.671903 0.324032 -0.359356 0.77969 0.50095 0.497542 -0.411076 -1.35734 0.0971636 0.106317 -0.0268606 -0.207751 0.298582 -0.93344 -0.419565 0.129731 -0.766889 0.247222 -2.13211 2.57858 0.418393 -1.82503 -0.690871 1.62451 1.17728 -0.141864 1.04426 -0.553531 
-1.24771 1.05929 0.971109 1.16002 -0.840949 -1.29317 0.34777 -0.457912 -0.761191 1.47062 1.02968 -1.16884 0.131597 0.923261 -1.25791 0.322464 -3.12583 2.83601 0.0747492 -2.75969 -1.79805 1.0573 0.541121 -1.33874 0.843133 -0.390122 1.04413 -1.08525 0.694641 -2.94782 3.04991 0.148473 -0.782847 -0.796872 0.641409 0.197884 0.312624 1.04987 0.659897 
-0.695507 -0.181091 0.888744 -1.17479 0.959633 -0.806346 -1.76275 -1.80735 -0.201501 1.97605 0.498989 0.060078 0.0432368 2.03148 -2.40415 0.550203 -4.69131 5.00122 1.57146 -1.06041 -1.21909 0.886768 0.473035 0.128064 2.30464 1.29749 1.05387 -2.30941 0.857782 -3.89902 2.67251 0.378343 -0.959342 -0.665548 -0.0355802 -1.16529 -0.663575 1.48943 -0.72673 
-0.175089 -0.54699 1.27846 -2.28642 1.70408 -0.595224 -0.506488 -1.47595 -0.108258 1.80311 1.09303 0.829762 1.10292 0.764525 -2.20812 0.974558 -2.41901 1.18609 0.458987 1.57855 0.868009 -1.10906 -2.1338 0.42571 1.10417 -0.588288 1.16427 -2.74468 0.237146 -3.39557 3.17828 1.30811 -1.27696 0.795418 0.160705 -1.08175 0.833173 2.41893 -0.965855 
-0.297635 -1.6561 1.42849 -2.94527 1.56583 -0.597654 -0.477048 -1.06092 -0.998016 0.52205 0.703697 1.01829 -0.384587 -0.166274 -1.71669 -0.188543 -0.138433 -0.21786 0.255065 -0.512851 2.32187 -0.674198 -1.95185 1.01295 0.860882 -2.59603 0.384004 -1.69665 0.523886 -1.43452 0.437891 0.34379 0.952794 2.80847 0.233575 -1.74109 1.89771 0.747307 -0.97348 
-0.272935 -1.69292 1.18124 -2.37482 1.5968 -0.476215 -0.916724 0.499604 -0.588959 0.473808 1.57662 1.57712 -0.814538 -0.153241 -0.336107 -0.180751 0.374723 -0.527443 0.0267059 -0.399024 3.0358 1.41976 -0.243685 2.17621 -0.129517 -0.720457 -0.462464 -1.19869 -0.15237 0.023835 -0.28667 0.0754727 0.288719 2.57193 0.0663335 -0.882894 0.416636 0.188307 -2.41868 
-0.388539 -1.87756 1.33554 -2.65518 1.30122 -0.579075 -0.794981 1.5182 0.0419968 0.363368 1.73972 0.907321 -0.910472 -0.582755 -0.0784309 -0.0368394 0.165566 -0.214068 -0.142452 0.872527 1.25279 0.759683 0.744066 -0.443566 -0.618865 -0.647464 -0.634683 0.0442101 -0.481658 0.412467 -0.368501 -0.227497 0.577715 1.80594 1.77756 0.215216 1.2311 0.39425 -0.122361 
-0.592586 -1.74183 1.1671 -2.23899 1.49145 -0.532031 -0.203543 1.57134 -0.0283195 0.992041 1.36851 1.04206 -1.28627 -0.87255 0.410757 -0.540902 0.204418 -0.0276531 -0.335355 1.11549 -0.52695 0.970135 0.532591 -0.489102 0.641448 0.551142 -1.02753 0.316512 -0.0819946 0.316822 -1.16589 -1.20612 0.317037 -0.431342 1.42578 0.724337 0.0324562 0.361936 1.30506 
-0.862528 -1.59889 1.04535 -2.4907 1.2906 -0.719728 0.115219 1.08531 0.755475 0.736676 1.50998 1.46451 -0.492903 -1.07436 0.56272 -0.0824796 0.277721 -1.54123 -1.52692 -0.47789 -1.85696 1.15649 0.238756 0.485725 1.08844 2.38909 -1.11557 1.50113 -0.356175 0.870583 -1.18238 -0.14785 0.305361 -1.5375 0.48283 1.35306 -0.174831 0.801402 1.7793 
-1.17405 -1.36141 1.12797 -2.02044 0.711635 -1.19672 -0.585429 0.0140349 0.820496 1.16398 1.60172 1.98664 0.494957 -0.926055 1.85561 0.00836495 1.02542 -1.75246 0.137449 -0.735265 -1.61636 -0.323778 1.30716 0.246793 0.404106 1.82538 -1.02187 1.84264 0.290665 1.26294 -1.10745 -0.0580019 -0.340803 -2.0973 -0.397627 0.10249 -0.293426 -0.448292 2.11085 
-1.36501 -0.352706 1.05597 -1.72067 0.403444 -0.652445 -0.475375 -0.268587 0.529262 1.64081 1.62972 1.81601 0.87008 -0.573649 2.2174 0.524798 1.50942 -0.126097 1.45394 0.0603771 -1.06526 -1.69579 -0.103492 -0.890788 -1.68077 0.431282 -0.577025 2.54266 1.18577 2.73481 -0.667417 0.142407 -1.043 -2.56534 -2.93325 -1.52372 -2.37779 -2.14479 0.403841 
-1.48886 0.127043 1.42141 -0.893434 0.650987 -0.550458 -0.530828 -0.873956 -0.402128 1.10137 1.18122 0.531274 0.823597 -0.00707796 1.97758 1.78297 2.85234 0.747447 0.0682318 -0.54916 -1.95712 -3.63011 -3.38837 -3.51232 -3.2199 -1.29025 -0.136005 2.56641 1.01066 2.65599 0.286599 1.13479 -0.669257 -1.73244 -3.15899 -1.7559 -3.10376 -2.99615 -1.34446 
-1.37807 0.975152 2.03845 0.396831 0.786727 -0.615604 -0.915056 -1.91057 -2.09814 -0.672962 -0.0357368 -0.97325 -0.0785582 0.349255 1.65153 1.00262 2.25639 0.557027 0.131598 -0.883388 -1.34929 -2.56208 -2.29417 -3.37102 -2.25083 -2.23668 0.0794876 1.63316 0.816704 2.4831 0.3309 0.352095 -0.0197786 -1.58845 -2.43443 -1.71308 -3.14987 -3.2654 -1.53899 
-1.31215 1.23657 1.97653 0.784516 0.937499 -0.485748 -1.24154 -2.00207 -2.25388 -0.462524 -0.417131 -1.41814 -0.82724 0.12899 0.487409 -0.547859 0.667903 -0.249836 0.429009 0.527975 -0.257079 0.347962 1.04907 -0.812764 -1.0646 -0.775574 0.163156 1.24878 0.236069 2.04957 0.0882367 0.24353 -0.460416 -1.1505 -1.32979 -1.11511 -2.58407 -2.16351 -1.24223 
-1.31867 1.30515 1.74445 0.903163 0.663194 -0.420096 -0.481275 -2.11531 -1.83651 0.0542905 -0.419179 -1.89461 -0.645338 -0.0928829 0.235216 -0.642587 0.648071 -0.424662 0.214689 0.318206 -0.25553 0.76748 0.769879 -0.177592 -0.589505 0.568154 0.149511 0.532899 -0.526212 0.610482 -0.0984232 -0.0981434 -0.328422 -0.495597 0.738868 0.985889 -0.308437 -0.110198 -0.195798 
-1.3709 1.39769 1.63065 1.27622 0.725121 -0.384496 -0.977861 -2.2055 -1.68758 0.0733993 -0.498931 -1.92776 -0.397049 0.105452 0.322403 -0.240941 0.192495 0.101249 -0.557799 -0.930201 -0.436491 0.643187 0.290244 0.387102 0.915388 0.507946 0.348754 -0.139953 -0.461701 -0.410473 -0.582312 0.726732 -1.68195 0.64265 1.8324 0.102671 -0.51093 -0.0530525 1.02066 
-1.2718 1.52465 1.61853 1.05885 0.718082 -0.658577 -1.22995 -2.47172 -1.36047 0.261515 -0.232807 -1.10001 -0.259818 0.647518 -0.437612 -0.0489898 -1.23782 -0.452253 0.803463 -2.39145 1.14575 1.69626 -0.634369 -0.525961 0.515189 0.792747 1.26539 -1.06547 -1.22777 -1.60514 -0.87158 1.61427 -2.89634 1.93321 1.85043 -1.72956 -1.76056 0.429847 0.904849 
-1.03535 1.10826 1.60986 0.376951 0.498721 -0.0243068 -2.91148 -1.22426 -0.44676 -0.353022 -0.746171 -1.47999 0.199777 1.92226 -1.9171 -1.60518 -2.47914 -1.41356 2.81003 -2.6423 3.12242 1.84484 -2.65201 -2.80558 -0.356803 0.697911 2.29689 -1.06736 -3.54631 -2.4952 -1.20264 1.60143 0.20882 2.57026 1.78924 -1.87591 -2.27041 1.78441 0.757039 
-0.257348 0.244515 0.745493 -0.755974 0.00315194 0.584082 -3.36697 0.180634 -0.0117431 -1.54761 -1.56263 -1.40796 0.266645 3.03786 -1.15994 -5.29142 -2.31304 -1.35835 1.43091 2.65249 2.42659 0.709357 -1.92687 -2.5922 1.81872 0.215229 2.50806 -1.65825 -4.50585 -2.21467 -1.16778 2.12185 0.730954 2.0732 0.719222 -2.41789 -2.53398 0.619122 -0.24831 
0.573241 0.335145 -1.28194 -1.31536 -0.188154 0.611828 -0.754905 0.839827 0.0773301 -1.6652 -1.97466 0.097482 0.368117 2.10248 -0.569348 -5.18135 -0.673276 -0.344571 0.147959 3.54794 -0.241697 -0.880151 -0.647923 -0.674297 1.16346 -1.03584 2.46978 -1.25578 -4.46134 -0.925944 -0.377379 1.82079 2.43997 1.10463 0.430829 -1.0409 -0.733539 0.938955 -0.647619 
0.853082 -0.133126 -2.08602 -1.23885 -0.168524 0.655987 -0.484267 -0.0110994 -0.642016 -1.98332 -1.88032 -0.398366 -0.493237 0.925364 -0.721058 -1.42803 0.99112 0.789893 1.10848 0.363055 -0.893562 -0.133026 0.50372 1.58315 -0.592883 -1.08773 1.6046 -0.544096 -3.49584 -0.0601292 0.35234 0.667959 2.62037 -0.696255 0.101987 0.349655 0.532991 0.632925 -1.21498 
1.05677 -0.144085 -2.05796 -0.570636 0.216699 1.10616 -0.45486 0.0969937 -0.0103514 -1.31168 -1.22029 -0.415064 -0.430264 0.470352 -0.241022 -0.0829989 0.581147 0.874454 0.788473 -0.309688 -0.731075 1.01365 1.12007 1.40336 -0.338713 -0.596209 0.605287 -0.642697 -0.960401 0.690417 0.860793 0.823315 0.470312 -1.46579 0.352 0.476545 1.19853 -0.653796 -1.37687 
1.09429 -0.29091 -2.12544 -0.796507 0.279303 1.00958 -0.729757 -0.616562 0.103064 -1.20741 -1.21133 -0.690635 -0.926937 0.0415319 -0.237644 -0.0151366 -0.0171827 0.505289 0.0439692 0.22081 -1.14996 0.603202 0.14137 0.0592606 -0.268782 -0.761053 0.258017 -0.161619 0.0764383 0.774489 0.942963 0.926291 0.245763 -0.823092 1.01703 0.891709 0.946282 0.086786 -0.72832 
1.0696 -0.299607 -2.06022 -0.5696 0.476918 1.13233 -0.270163 -0.8626 0.436646 -1.20648 -1.18961 -0.646727 -0.986269 -0.0615344 0.0060333 0.202455 0.512205 0.544407 0.507155 0.616333 -0.41818 0.352085 0.0908792 -0.107122 0.447673 -0.38433 -0.0451324 -0.133684 0.0972031 0.00484251 0.419304 0.433949 0.413722 -0.866566 0.410843 0.0354003 -0.285074 -0.0996512 -1.14754 
1.05222 -0.283259 -2.00853 -0.405013 0.559401 1.23946 -0.224326 -0.957498 0.36769 -1.13682 -1.25966 -0.301381 -1.20344 -0.11989 0.044679 0.165887 0.0173383 0.125384 0.567085 0.293191 -0.0597894 -0.053786 -0.0975466 -0.452861 0.133393 -0.78071 -0.142037 0.102228 0.380873 0.192109 0.382188 0.439975 0.757298 -0.0385204 0.42898 -0.20346 -0.494092 0.29343 -0.693039 
0.996456 -0.266077 -1.96334 -0.543103 0.544072 1.38856 -0.0267712 -0.900545 0.406512 -1.26501 -1.40213 -0.529844 -1.55686 -0.172553 0.155897 0.375817 -0.246059 0.0304009 0.112277 0.321836 0.360599 0.221756 -0.372616 -0.573323 -0.0678801 -0.548976 -0.125983 0.0448508 0.250664 0.0405434 0.262341 0.014236 0.285531 -0.00509024 0.408318 -0.200472 -0.900232 0.689459 -1.20638 
0.951033 -0.175254 -1.79668 -0.572788 0.578284 1.29567 0.0422942 -0.64004 0.537665 -1.38386 -1.52939 -0.358932 -1.60209 -0.0883991 0.0309352 0.216145 0.0335264 0.269034 -0.539618 0.062549 0.0487237 0.599803 -0.180117 -0.784947 0.765445 -0.83983 -0.147041 -0.170704 0.0623499 -0.263794 0.226351 0.11858 0.648645 0.222083 0.289252 -0.762262 -1.10872 -0.137816 -0.753091 
0.940085 -0.241751 -1.83893 -0.504666 0.684227 1.15808 0.0295902 -0.846752 0.85104 -1.38013 -1.77237 0.134808 -2.17131 -0.0695757 -0.404553 -0.277593 -0.135354 0.309848 0.0602741 0.482194 -0.0555701 0.163921 -0.67075 -0.950604 -0.117529 -0.464725 -0.0579834 0.0039853 0.174541 -0.164596 0.0206391 -0.346208 0.018754 0.0134098 0.332012 -0.435192 -0.76596 0.705069 -0.699238 
0.904687 -0.442544 -1.94267 -0.658911 0.739181 1.32901 0.43895 -0.674419 0.665639 -1.83521 -1.97829 -0.459511 -1.93824 -0.0106107 -0.0167971 0.0511621 -0.274039 -0.238414 0.065908 -0.0361631 -0.034048 -0.156543 -0.417464 -0.268594 0.153853 -0.101776 0.0801274 -0.237461 0.142631 -0.151412 0.111247 -0.323253 0.0947276 -0.387051 0.23391 -0.436735 -0.562997 0.310425 -0.41842 
0.925142 -0.249388 -1.80487 -0.693078 0.566499 1.1939 0.00590499 -0.862936 0.74628 -1.65791 -1.89738 0.269422 -2.23817 0.192516 0.0554709 0.496809 -0.0864325 -0.142848 -0.502067 -0.362013 -0.486966 0.14723 0.0710672 0.175597 0.519595 -0.100936 0.121073 -0.267028 0.224323 -0.220482 -0.268489 0.048413 -0.3627 0.1483 -0.335224 -0.197604 -0.416386 0.437393 -0.0819771 
0.997923 -0.401788 -1.66456 -0.708952 0.670019 1.11504 0.15103 -1.07351 0.78149 -1.77819 -1.89237 -0.00792485 -2.00447 0.199352 -0.376764 0.291171 -0.0458544 -0.166149 0.0090799 -0.408383 0.236414 -0.298726 0.14371 -0.305211 0.414622 -0.013475 0.303898 -0.159909 0.543221 -0.487436 -0.851128 -0.661069 -0.578923 0.42132 0.161719 0.622283 0.586475 2.08431 0.43658 
1.02202 -0.498069 -1.63938 -0.71319 0.485497 1.20472 -0.319617 -0.650466 0.538261 -1.5511 -2.03979 0.630033 -2.23952 0.290033 -0.287888 0.326137 -0.612637 -1.13868 -0.40944 -0.349475 1.06922 0.066706 0.772659 0.626864 2.20737 0.6799 0.264776 -0.385142 0.331292 -0.287824 -1.15135 -0.668788 -0.233055 1.04925 -0.706101 0.372749 0.154084 1.39347 0.427741 
1.14309 -0.590955 -1.47992 -1.1471 0.0947826 0.941808 -0.126723 -0.156968 0.838863 -1.24036 -1.59213 1.90637 -1.49138 0.220327 -0.194482 0.212375 -0.36969 -1.56726 -0.93132 0.123893 1.21955 -0.655981 0.359909 0.514285 1.40691 0.580606 0.122737 -0.105795 0.506825 0.495281 -1.47021 -0.802899 0.434584 1.84218 -0.665348 0.463968 0.710833 1.80243 0.301467 
1.13007 -0.624689 -1.51704 -0.972152 -0.307545 0.801971 -0.213511 0.393167 0.0707888 -1.29614 -1.79302 1.85061 -1.80009 -0.098617 0.136878 0.441956 1.30941 -1.07467 -0.699273 0.889231 1.49006 -0.966535 -0.144711 0.346259 0.150159 -0.281818 -0.0574337 0.144982 0.612631 1.03932 -2.02312 -1.78116 0.0959331 1.66383 -1.63531 0.565273 1.51536 0.800588 0.563588 
1.08128 -0.495687 -1.23184 -0.16762 -0.447925 0.641108 0.600004 1.11536 0.145855 -1.33121 -1.42515 2.03779 -1.69182 -0.318454 0.420729 0.71518 1.8392 -1.47829 -1.53762 -0.00222424 1.09156 -1.55005 0.406114 1.56292 -0.362426 0.168389 -0.315681 0.572618 0.899253 1.82841 -1.73776 -1.79636 0.276143 0.754039 -1.90889 0.646477 1.86999 -1.06309 0.491443 
0.951175 -0.339345 -1.11934 0.398092 -1.05537 0.132574 -0.209675 1.32859 -1.04599 -1.00951 -1.04825 1.53779 -1.6665 -0.414525 0.732685 0.917567 1.28092 -1.54138 -1.7908 -0.545081 -0.444851 -1.60791 1.02141 2.21762 -1.54825 0.93423 -0.549687 0.816264 0.876961 1.99766 -1.4423 -1.31844 -0.208445 -0.887697 -1.83271 0.892412 2.41739 -2.13699 0.857518 
0.851224 -0.00144787 -0.723305 0.790857 -1.22781 -0.139637 0.163632 0.751872 -1.01294 -0.622913 -0.36947 0.69727 -0.990017 -0.570746 0.815363 0.610748 0.991521 -0.693041 -0.28793 -0.251882 -2.33071 -0.921808 0.80579 1.75218 -2.44315 0.974103 -0.71407 0.647239 0.933514 1.50295 -0.815747 -0.917916 -0.708522 -2.09154 -2.4166 1.18516 1.91924 -1.51123 1.27024 
0.637918 0.210257 -0.778826 1.14311 -1.40414 0.0127786 -0.408289 -0.62923 -1.70651 -0.448972 -0.213604 -0.57829 -0.935118 -0.738845 0.249135 0.493591 0.847124 0.313107 0.522162 -0.326406 -2.46935 -1.65023 0.589493 0.413855 -0.437189 0.760793 -0.897801 0.799966 0.931997 0.303232 0.253312 0.550566 -0.698967 -2.05397 -0.350949 1.54469 0.650254 -1.13756 2.19808 
0.448443 0.168991 -0.446956 1.42938 -1.06526 0.0968388 -0.0954146 -1.32316 -2.20248 -0.21061 -0.170393 0.319657 -0.416899 -0.877888 0.396213 0.798123 -0.567536 1.07387 1.06113 -0.607809 -0.531231 0.445363 1.29514 -0.862192 0.94745 1.96306 -1.31045 1.26031 0.805869 -0.261546 2.17153 1.09654 -0.814521 -2.32399 -1.11913 0.416945 -0.257203 -1.1601 1.98986 
0.161087 0.479184 -0.3357 0.738227 -0.85497 0.486289 -0.895528 -1.06574 -1.37415 0.44692 -0.62052 0.244097 0.530011 -1.37293 1.65496 0.725194 -1.22534 2.95495 1.01018 -0.675945 -0.768292 0.139314 -0.0256368 -0.769207 -1.08805 1.89761 -1.27865 1.15729 0.831766 -1.16873 2.58057 1.23163 -0.215405 -0.655321 -0.351072 -0.319901 -1.0474 -0.182154 1.38178 
-0.292034 1.28081 -0.0437697 0.539313 0.439863 0.547942 -0.637906 -1.96009 -2.09237 -0.219861 -0.53315 -0.622028 0.999676 -1.1828 1.35291 0.45969 -1.09923 2.80984 0.65905 0.345109 -0.384584 -0.921973 -1.73558 -0.577576 -1.19097 -0.118713 -1.27417 1.77703 0.780385 -1.76785 2.18388 0.847908 -0.815152 -0.472071 0.629162 -0.400577 -1.83373 -0.667062 2.2971 
-0.47813 1.38874 -0.0779165 -0.0588185 0.576411 0.782967 -0.610036 -1.37827 -2.03479 -0.734175 -0.892272 -0.786782 0.450585 -0.680539 1.02647 0.455184 -1.29242 0.33169 0.176459 -0.327185 0.107456 0.7041 -0.524764 -1.74968 0.208999 1.1721 -0.854055 1.33605 0.512618 -0.839123 2.29659 0.0112624 -0.842564 -0.930312 -0.235629 -1.04376 -0.106727 -0.411168 1.25424 
-0.663763 1.97178 0.211546 -0.400223 0.61186 0.632381 -0.897583 -1.85664 -1.5721 -0.57117 -1.36153 -0.439621 1.87796 -0.195537 0.665128 0.317134 -0.099374 0.646438 -0.635718 -1.38208 -0.913861 0.600822 0.30854 0.428728 0.647298 1.79232 -0.591959 0.553104 0.525724 -0.740211 0.55262 -0.457747 -1.5674 -0.725654 0.280659 -0.216834 0.154904 -0.0321767 0.28805 
-0.591559 1.83774 0.101797 -0.118404 0.908361 0.510218 -1.72514 -2.13827 -1.58952 -0.514412 -0.686131 -0.224522 1.78904 -0.276593 -0.186267 0.341392 0.23431 0.499644 -0.805259 -1.60464 -1.12113 -0.329995 0.224799 1.95988 -0.255954 -0.791981 -0.412338 0.48065 0.660958 -0.0870523 0.425326 -0.296775 -0.296581 -0.352015 0.690139 -0.186518 0.242969 -0.440193 0.254349 
-0.820361 1.85066 0.404544 -0.213694 0.86921 0.285068 -2.19316 -2.79187 -1.80283 -0.408795 -0.42825 -0.660167 1.29901 -0.472936 0.0660824 0.683253 -0.0309967 -0.00670087 0.230741 1.01916 0.420076 0.324706 -0.567185 -0.0976746 -1.22901 -1.45731 -0.254199 -0.225485 0.509324 0.387711 0.286114 -0.565957 -0.801173 -0.404281 0.418121 0.041321 0.80427 -1.75989 -1.38069 
-0.852725 1.8856 0.482014 -0.127557 0.908389 0.618529 -0.89305 -1.77053 -1.34478 -0.894792 -0.729978 -1.28837 0.716444 -0.137744 -0.1448 0.430468 0.309667 -0.0694437 0.0259993 0.618771 0.554624 0.889213 -0.172906 -0.858533 -2.05538 -1.06191 -0.354071 0.23521 0.64977 0.0681716 0.0819272 -0.478019 -1.03035 -0.593057 0.0323526 0.221495 0.823747 -0.73622 -1.39304 
-0.903012 1.75731 0.646324 0.0284153 0.837353 0.303336 -1.68576 -2.31038 -1.14812 -0.518972 -0.833428 -2.44019 0.519781 -0.101899 0.2959 0.300273 0.121104 0.129569 -0.887727 -2.28797 -1.24925 -0.284981 0.864649 1.22575 0.259317 -0.413114 0.075945 0.389557 -0.378243 -0.0918062 0.0602073 -0.177754 0.40823 0.802396 0.994156 -0.439745 -0.983455 -0.638656 -0.825004 
-0.916286 2.08736 0.652493 -0.0245255 0.977669 0.234948 -2.74275 -2.81407 -1.54282 -0.293922 -0.145331 -1.06235 0.41859 0.253963 0.738975 -0.996264 -0.44679 0.15962 -0.265484 -0.11155 0.557868 0.445718 -0.430879 -0.493486 1.21356 -0.0480598 1.23294 -0.731666 -1.75145 -0.672071 -0.620495 -0.688313 0.0560414 2.34007 0.763798 -1.47593 -1.5658 -0.436484 -0.727157 
-0.77705 2.25576 0.106758 -0.287413 0.921904 0.193412 -1.77057 -1.82614 -0.815492 -0.80594 -1.06525 -1.38718 0.492776 2.07746 -1.38844 -2.93564 -1.08243 -1.06396 -0.0616603 2.36039 4.50131 1.3097 -2.88072 -3.37694 -0.836167 -0.565868 1.89 -1.18063 -2.81848 -0.0861579 -1.35998 1.16189 0.213963 3.66658 -0.536646 -1.25737 -1.47781 1.8214 -1.53423 
0.180819 1.16123 -0.949168 -0.80918 0.440405 0.214664 -0.823044 1.00403 -0.582732 -2.25979 -1.7465 -1.78574 0.00740023 2.77752 -2.50691 -3.24723 0.31769 -2.20705 1.88869 0.378934 4.53992 -1.17223 -1.2873 -1.53696 1.16884 -2.01139 2.16307 -2.33251 -2.88602 -0.23914 -1.06369 1.29444 1.58077 3.36761 0.418641 -1.85259 -2.01506 -0.0645339 -1.41799 
0.692888 0.580667 -1.66554 -0.0393864 -0.196276 1.03088 -1.45765 2.02459 -1.65789 -1.67982 -1.79261 -0.372926 -0.990908 1.39286 -2.11234 -1.40963 0.736034 -0.537508 1.86918 -0.405587 0.180484 -0.749785 0.35127 0.609212 0.746804 -1.33796 2.05146 -2.41474 -2.37719 0.147955 -0.551488 1.84575 1.07721 2.22155 0.0294755 -0.791503 -0.788855 0.59226 -1.18565 
0.913327 -0.249645 -1.71511 -0.252596 0.170679 1.04355 -1.1463 1.16921 -1.11833 -2.01074 -1.45465 -1.13725 -0.97664 0.513438 -1.11757 -0.331183 -0.11426 1.37653 0.68539 0.954184 -1.45279 1.20808 0.204081 0.451996 -0.397391 0.4186 0.907964 -1.36155 -1.17647 0.47049 0.273629 1.74112 0.171403 -0.584814 -0.136954 0.684253 -0.336245 0.511913 -1.42027 
0.957039 -0.16408 -1.84088 -0.109951 0.506704 1.33914 -0.678254 0.80898 -0.771601 -1.53165 -1.57542 -0.716049 -0.671679 0.0604496 0.0722278 -0.359171 -0.0744788 0.948917 0.559422 0.620429 -0.998193 0.561514 0.576919 -1.07304 -0.0806615 -0.56892 0.374922 -0.703691 0.0711952 -0.185508 1.46146 0.673182 1.52223 -1.40657 1.53249 0.43793 -0.0863156 0.217021 -0.261974 
0.936228 -0.197668 -1.90578 -0.29382 0.656348 1.29641 -0.637547 0.337922 -0.701607 -1.60706 -1.96169 -1.20587 -1.39009 0.0832498 0.0671127 0.442737 -0.155956 0.82275 0.258304 0.928348 -0.508341 0.851788 0.388379 -0.572832 0.67704 -0.77482 0.142904 0.276326 0.0881983 0.40667 1.13617 1.15601 1.6741 -0.50077 1.45487 1.06519 -0.24278 1.1113 -0.163644 
0.992083 -0.115528 -1.59238 -0.21127 0.928255 1.45957 0.0801936 0.391821 -0.144071 -1.25717 -1.84492 -0.128013 -1.2379 0.163376 0.351608 0.49635 0.645386 0.760756 1.05562 1.4496 0.297424 1.39383 0.87048 0.737477 1.53238 0.344338 0.0913726 -0.0184379 0.132211 -0.0200375 0.270574 0.3403 0.760927 -0.617352 0.788946 0.508902 -0.520268 0.764426 -1.05457 
1.01395 0.04139 -1.62792 0.195904 1.04639 1.76749 0.543591 0.601971 0.319578 -1.00219 -1.60893 0.123443 -1.12596 0.0577622 -0.0867071 -0.239226 0.120772 -0.415938 0.222537 0.0143021 -0.354643 0.206798 0.300813 -0.143535 0.320051 -0.642489 0.119301 -0.133143 0.267079 -0.135915 0.335178 0.149177 1.28822 -0.448988 1.03631 0.0871781 0.189763 0.367622 -0.390853 
1.01355 -0.169978 -1.71736 -0.108483 0.720311 1.56428 0.0974311 0.1046 0.0150422 -1.0427 -1.91054 0.150638 -1.70594 0.0225189 -0.54376 -0.0895789 -0.84516 -0.256707 -0.840526 0.144028 -0.926142 -0.00214226 -0.756086 -0.47944 -1.05535 -0.873095 0.0112457 -0.0552314 -0.0766115 -0.0931787 0.147733 0.0653775 0.583788 -0.438773 0.485042 -0.39335 -0.157805 0.0379959 -0.512251 
1.01665 -0.319116 -1.67094 -0.413749 0.91937 1.40467 0.666025 -0.168405 0.32695 -1.51203 -1.83407 -0.789898 -1.7651 -0.0455176 0.0117623 0.128019 -0.259844 0.637855 -0.123961 0.709657 -0.25986 0.442537 -0.841364 -0.0754093 -0.275036 -0.0487892 0.012143 -0.110502 0.293901 -0.622966 0.156986 -0.493138 0.258573 -0.722473 0.685995 -0.611274 -0.108853 0.255608 -0.425299 
0.980019 -0.158491 -1.64121 -0.286427 1.0479 1.51659 0.67854 -0.102489 0.345358 -1.61098 -1.94382 -0.0864456 -1.73348 -0.0088324 0.385669 0.536774 -0.0464152 0.49255 0.162518 0.178431 -0.08311 0.922091 -0.081488 0.327673 1.38557 0.298225 0.0339175 0.162794 0.367858 0.20112 0.6767 0.0818355 1.54898 -0.0777269 1.3499 -0.00212789 0.218598 0.580598 0.014685 
1.00265 -0.05725 -1.37094 -0.434274 1.17312 1.48298 0.816357 -0.226066 1.00554 -1.55955 -1.67592 0.412185 -1.53518 0.0941968 0.24128 0.430636 0.53879 0.38024 0.245421 1.2059 0.147725 1.37146 0.834037 0.373018 1.0312 0.0629439 0.0476171 0.117659 0.383586 0.143578 0.246392 0.480963 0.728274 0.427443 1.18218 0.475737 0.228435 1.04315 0.382407 
1.02089 0.00668851 -1.39934 0.124676 1.24457 1.63136 1.66206 0.0350023 1.35029 -1.03109 -1.76413 0.808523 -1.67813 0.0795275 -0.200525 0.0455855 0.243629 -0.122136 0.513906 0.723906 0.673883 0.666035 0.725476 -0.016564 -0.0231716 0.208215 0.0786088 -0.194916 0.209597 -0.404463 -0.29043 0.418816 -0.217296 0.123093 0.826815 0.813262 0.405929 0.64608 0.067087 
1.03571 -0.187916 -1.33994 -0.240872 1.11448 1.71582 1.40902 0.356248 1.49816 -1.05406 -1.68125 0.393381 -1.37204 0.0263032 -0.52636 -0.110496 -1.12001 -0.817826 0.344591 -1.47094 0.0195668 -0.261876 0.269988 0.181672 -0.189214 0.0213637 0.10328 -0.122386 0.0633823 -0.287208 -0.929183 0.315807 -0.154231 0.741137 0.146656 0.895215 0.159195 1.24864 0.21367 
1.02561 -0.342166 -1.45382 -0.687695 0.832386 1.78974 0.4749 0.0641458 1.16904 -0.837744 -1.67532 0.645818 -1.65363 0.0806205 0.0245564 0.0541936 -0.658299 -1.27687 -0.0671219 -0.911082 0.353373 -0.472383 0.490248 0.232652 1.65488 0.0723295 0.171445 -0.178164 0.327201 -0.790728 -1.09278 -0.436342 -0.750358 0.693752 0.414693 0.242659 0.707855 1.01946 0.778095 
1.06936 -0.167861 -1.30423 -0.712702 0.469012 1.69314 0.675853 0.667597 1.16403 -0.709772 -1.56823 1.82886 -1.30972 0.24339 0.266481 0.607877 -0.00985503 -0.827422 -0.943628 0.547801 0.941756 0.816477 0.0563229 0.787364 1.52056 1.0148 0.0710177 0.0687724 0.35832 -0.193819 -1.55519 -1.26861 -1.30007 0.58492 -0.318469 0.0396758 0.278975 2.15611 0.74696 
1.14594 -0.160112 -1.11488 -0.681254 0.415328 1.38158 0.924758 0.872925 1.77092 -0.790828 -1.29886 1.9649 -0.892048 0.0276803 0.0870444 0.490087 0.376278 -1.06437 -1.68913 -0.690717 0.456519 0.0396776 -0.440597 0.147815 1.16619 0.922154 0.022007 0.653116 0.667472 0.657628 -1.39225 -1.75262 -0.544595 0.521725 -0.445245 0.15185 1.09574 1.99885 1.36868 
1.0748 -0.105963 -1.0298 -0.421462 -0.0684645 0.957107 0.121383 1.06615 1.20177 -1.0034 -1.49549 2.84082 -0.616886 -0.213851 0.72418 0.402328 0.937219 -1.26857 -1.48561 -1.21691 -0.219796 -1.41991 0.146218 0.713985 1.0944 0.812002 -0.199155 0.55674 0.565124 1.07599 -1.38709 -2.48589 -0.559771 -0.131464 -1.5131 -0.19113 1.44398 0.548896 0.747209 
1.02276 0.328431 -0.888509 0.0237171 -0.225922 0.735049 -0.0564073 0.699707 0.748657 -0.682306 -0.957252 2.91463 -0.280937 -0.353559 0.758633 0.365869 1.14532 -1.02386 -1.75968 0.00287421 -0.643424 -2.08112 0.175667 1.83144 -0.451578 0.0726628 -0.548434 1.14051 0.573007 1.77259 -1.17652 -2.14819 -0.14078 0.123304 -2.40242 0.320959 1.49692 0.28366 0.360127 
0.877217 0.405651 -0.823393 0.436997 -0.585351 0.190048 0.129354 0.534786 -0.300693 -0.874696 -0.623207 2.45074 -0.554322 -0.673334 0.99969 0.465509 1.57383 -0.502725 -1.49365 1.04634 0.387381 -1.81913 0.286813 1.33791 -0.727409 -0.335388 -0.642525 0.905408 0.330006 1.03908 -0.682489 -1.65149 0.242246 -0.517012 -1.83712 0.768786 2.33538 -1.86102 0.672353 
0.654865 1.00146 -0.627539 1.19823 -0.477971 0.084989 0.797721 1.03981 -0.563541 -0.477432 -0.319341 2.2855 -0.521123 -0.684835 0.611564 0.135739 0.323855 -0.00383913 -0.528946 0.299428 -0.0799435 -0.39666 0.867737 1.37112 -1.9923 0.82194 -0.815926 0.838037 0.596113 1.39043 -0.542181 -1.16642 0.844384 -0.227275 -1.95653 0.429017 1.55397 -2.15235 0.528548 
0.5032 0.818783 -0.74302 0.689571 -0.583868 -0.0357443 0.377803 0.479802 -0.579836 -0.27171 0.0304748 0.725385 0.0641638 -0.643724 0.269157 0.43715 0.394402 -0.313788 -0.120527 -0.000655894 -0.707601 -0.819453 0.293498 0.792277 -2.09829 1.03747 -0.831634 0.766553 0.597474 0.500074 0.478915 -0.220603 -0.177073 -0.914258 -0.834628 0.480495 0.442187 -3.14703 1.28703 
0.302743 1.18531 -0.382099 1.50284 -0.634003 0.0388159 0.802829 0.454189 -1.14973 -0.267978 0.0594486 0.468287 0.257276 -0.657466 0.549746 0.768972 0.379721 0.724236 0.229882 -0.514804 -1.19616 -0.731128 -0.217264 -0.766671 -2.13706 0.895553 -0.833437 0.575163 0.760823 -0.722859 0.766021 0.601797 -0.657872 -1.52963 -0.785433 0.697801 0.185008 -2.71099 1.92031 
0.14376 1.19052 -0.315859 0.98335 -0.212381 0.0721894 -0.0340174 -0.518855 -1.10188 -0.412285 -0.331078 -1.12543 0.737266 -0.701475 0.604235 0.713745 -1.42786 1.46632 0.964963 -0.808301 -1.42475 -0.242086 0.653157 -0.540765 -1.45958 1.52782 -1.07048 1.07721 1.30046 -0.274722 1.58829 1.17563 -1.93885 -1.57132 -1.1431 0.602892 -0.802338 -1.06249 2.07253 
-0.0801361 1.59354 0.0148169 0.463399 0.114609 0.470032 0.153009 -0.737723 -1.31662 0.187955 -0.194822 -0.795382 1.39948 -1.06867 1.0789 1.19521 -0.776655 1.66595 1.41244 -1.8756 -0.994204 -0.812064 1.03456 -0.336792 0.739746 1.87353 -0.880881 0.759749 1.26194 -1.39255 2.02507 1.18657 -2.4392 -1.88204 -0.36955 0.689679 -0.834891 -0.775389 2.3956 
-0.43468 1.9166 0.344729 0.424224 0.63768 0.700204 -1.54932 -1.34677 -1.68271 0.305027 -0.488483 -0.483046 2.13597 -0.719968 0.546839 1.19238 -0.55682 1.58128 0.692572 -2.19983 -1.19794 -0.259408 0.282427 -0.607373 0.43855 1.67377 -0.837079 0.888827 1.19112 -0.694892 1.43646 1.10799 -2.18614 -0.648626 -0.311102 0.911171 -0.113346 0.733017 1.60587 
-0.472864 1.96333 0.673856 0.0664164 0.921641 0.781453 -1.62521 -1.73789 -1.49608 0.389823 -0.480725 -0.414034 2.64998 -0.282376 0.266353 0.604187 -0.217083 0.495705 0.135819 -0.820107 0.0877049 0.389279 0.202911 0.17886 0.216181 0.270817 -0.716505 0.727681 0.982448 -0.0692046 1.51176 1.16253 -1.37473 -0.794754 0.0291226 0.641456 0.149459 0.300286 0.753274 
-0.594358 2.09856 0.681646 0.27782 0.893028 0.766769 -2.20872 -1.26002 -1.39107 0.452401 -0.401004 -0.294415 2.34556 -0.437316 0.555993 0.292528 0.4518 0.693713 0.931539 0.505859 0.0881183 0.294783 0.587432 0.8101 -0.0497715 -0.670831 -0.367051 0.455357 0.63495 -0.0259206 0.831082 0.582414 -0.00712781 -0.231658 0.286309 0.0576495 0.929366 0.666265 -0.132558 
-0.715059 2.33925 0.840094 0.413359 1.27762 1.19797 -1.20937 -1.65079 -1.27307 0.800713 -0.0934708 -0.455892 2.16091 -0.313318 0.426808 0.357005 0.173543 0.754758 0.681668 0.81454 -0.414024 -0.00756597 -0.128762 1.09417 0.652259 -0.453784 -0.402696 0.383021 0.0938631 0.114449 0.302617 0.482131 -0.380725 0.379927 0.605752 0.179223 0.0804931 0.113905 -0.791611 
-0.770515 2.38798 0.883195 0.419529 1.28003 1.07339 -1.54256 -1.59745 -1.38764 0.372477 0.121152 0.272145 2.01753 -0.215662 0.0283489 -0.146811 -0.295961 -0.238672 -0.25349 -0.972659 0.43654 0.517106 -0.347583 -0.702018 0.194274 -0.394438 -0.219092 0.197689 0.283496 -0.142478 0.00563446 -0.123894 0.795626 0.272814 0.69765 -0.365981 0.165368 -0.63377 -0.596385 
-0.839207 2.36184 0.765728 0.208777 1.15976 1.09332 -1.99247 -1.26913 -0.8886 0.570828 -0.42432 -0.286246 1.87691 -0.0446008 -0.121271 0.0745075 -0.382639 -0.746722 -0.846263 0.170948 0.789642 0.94321 -0.374485 -0.869606 -1.48768 -0.350127 0.107273 0.171643 -0.571156 -0.464055 -0.18427 -0.896267 -0.588603 1.54083 0.578765 -0.800172 -1.08353 -0.100598 -0.193822 
-0.80356 2.31038 0.930034 0.151016 0.903979 0.708049 -1.3983 -0.917266 -0.693713 0.124156 -0.289285 -1.01588 1.76641 0.382226 0.238006 -0.709725 -0.3699 -0.0391279 -0.985045 0.24922 1.70343 0.258442 -0.747454 -0.787331 -0.330905 0.129455 1.19816 -0.669501 -2.38144 -0.0992341 -1.28951 -0.719646 0.286781 2.75417 1.74434 -2.00868 -1.8407 0.0284715 -1.64689 
-0.644936 2.52483 0.383085 -0.0503392 1.14331 0.666939 -1.78473 0.183587 -0.691982 0.0669088 -0.795685 -0.571748 1.98161 1.96428 -0.877753 -3.65933 0.234965 -1.19464 -0.146692 0.186337 3.0386 1.40195 -2.36772 -1.65885 1.52021 -1.86014 1.8016 -1.38205 -2.74848 0.641086 -1.10082 0.433798 1.41888 2.98264 1.38734 -2.29516 -1.2061 0.612942 -2.64247 
0.233267 1.72622 -1.06795 0.338028 0.300302 0.650369 -1.24155 1.66422 0.333365 -1.49015 -1.07453 0.302893 0.394943 2.5072 -2.30895 -3.42826 1.27377 -1.61822 1.59589 1.50572 2.44271 1.60596 -2.38521 -0.870237 1.12946 -3.67256 1.97587 -1.73834 -2.86207 0.170949 -0.410917 1.19762 0.870743 1.91631 1.39705 -1.59683 -1.03555 0.992352 -1.73074 
0.681037 0.982297 -1.48836 0.902859 0.324369 1.37563 -0.558087 2.2613 0.483258 -1.55938 -1.20642 0.408377 -0.734561 1.2052 -1.72918 -0.649857 0.00112583 0.575701 1.81959 0.891888 -0.376174 0.475532 0.186854 0.235338 -0.224392 -0.462389 1.78624 -2.02102 -2.31315 0.403958 -0.597792 2.11553 1.22672 1.18162 0.97549 -1.24267 -1.27574 0.212563 -2.78251 
0.865831 0.571926 -1.41781 0.352568 0.596303 1.45744 -0.512672 1.3588 0.687642 -1.35378 -0.960231 0.109701 0.0605291 0.357536 -0.723236 -0.0536397 -0.706714 0.718004 1.35332 0.0119797 -0.802558 -0.296166 0.687062 -0.882902 -0.855651 -0.0580167 0.774781 -1.49096 -0.265261 -0.398975 0.54529 1.37646 0.929947 -0.714632 0.0805055 0.564032 -0.574209 -0.370399 -0.962112 
0.862158 0.501608 -1.5117 0.395319 0.692688 1.97764 -0.542733 1.5954 0.277098 -1.08021 -1.62317 -0.331898 -0.768953 0.0340815 -0.505612 0.254336 -0.574548 0.244601 0.101965 0.259429 -0.622167 -0.370962 0.577478 -1.02573 -0.265846 -0.831137 0.21818 -0.765064 0.383834 -1.04699 0.649543 0.299722 0.460699 -1.4616 -0.0689536 1.14022 -0.613861 0.110435 0.247565 
0.874689 0.236964 -1.27249 -0.0574909 0.724042 1.50912 -0.296659 0.845407 0.427163 -0.949706 -1.44481 -0.119418 -0.547475 -0.0127387 -0.419549 0.636374 -0.787138 0.259215 -0.928896 0.560017 -1.23513 0.199468 0.862592 0.0380926 0.995607 0.383938 -0.0231385 -0.210468 0.385475 -0.469612 0.364701 0.273806 0.475166 -0.698124 -0.115143 1.22753 -0.996528 0.680496 -0.877204 
0.846082 0.224277 -1.15716 -0.171538 0.827853 1.57595 -0.0829691 0.563804 0.430887 -0.480753 -1.60254 0.532225 -0.47544 -0.0770938 0.197137 0.330871 -0.0992059 0.303885 0.286419 0.330429 -0.353205 0.212064 1.09118 -0.344228 1.15294 -0.348718 -0.0607889 -0.239723 0.589917 -0.72416 0.449981 -0.665177 0.809238 -1.14134 0.421434 0.740363 0.0344671 0.763612 -0.00843916 
0.824339 0.372584 -1.08525 -0.116953 0.881908 1.64192 -0.0230707 0.559402 0.5901 -0.193595 -1.60575 0.881056 -0.797551 -0.0907796 0.0670632 0.256948 -0.248172 0.417633 0.0116761 0.442276 -0.356947 0.364211 0.142073 0.00682599 0.000417959 -0.40074 -0.0726052 -0.069389 0.272714 -0.348402 0.425547 -0.0938674 0.780347 -0.531988 -0.21251 0.443107 -0.588488 0.214116 -0.554104 
0.788442 0.272795 -1.0104 -0.340873 1.04353 1.58792 0.281317 0.274635 0.70432 -0.375071 -1.59676 0.533865 -0.764114 -0.0454137 -0.29338 0.084393 -0.402382 0.336185 -0.409264 0.636196 -0.391 -0.502082 -0.491661 -0.465761 -0.877095 -0.39859 -0.0867566 -0.385412 0.00176506 -0.646658 0.14288 -0.529757 0.632524 -0.542361 -0.449717 -0.553411 -0.510675 -1.05859 -0.846716 
0.79086 0.17974 -1.033 -0.400027 1.05619 1.46876 0.498467 0.241444 0.234396 -0.522217 -1.8244 0.122196 -1.08463 -0.0544699 -0.638717 -0.250033 -0.677055 -0.203021 -0.740601 0.341851 -0.401691 -0.973661 -0.900782 -0.710028 -1.39262 -0.7383 -0.0646156 -0.184973 0.0850384 -0.741129 0.559622 -0.466258 1.17373 -0.788986 0.27921 -0.905773 0.0376976 -0.883962 -0.543996 
0.750141 -0.151297 -1.1413 -0.826537 0.943785 1.26905 0.564168 -0.0523604 0.00613627 -0.984068 -1.93142 -0.671774 -1.30324 -0.0642542 0.023258 0.0480241 -0.657031 0.505689 -0.23137 0.81609 -0.7108 0.874235 -0.747306 0.515113 -0.28623 -0.335186 0.0238317 -0.0623019 -0.100534 -0.526452 0.24945 -0.58809 0.594471 -0.701289 0.309258 -0.473979 -0.0367743 -0.0110206 -0.826054 
0.747348 0.198925 -1.00066 -0.870922 1.31661 1.37384 1.16588 -0.346878 0.878228 -1.02604 -1.57723 -0.124589 -1.32467 0.0869407 0.553136 0.102773 -0.0774335 0.578037 -0.069433 0.395297 -0.578084 1.38628 0.250337 0.65718 1.37339 -0.37308 -0.00763968 -0.0108063 -0.152023 -0.937667 0.160245 -0.151988 -0.066633 -0.256748 0.680197 0.0961459 0.236422 0.355336 -0.303182 
0.787151 0.22271 -1.07898 -0.86994 1.24097 1.24534 0.890359 -0.528482 1.02183 -0.804192 -1.61679 0.519756 -1.57139 0.0461491 -0.0313717 -0.272884 -0.681542 -0.26494 0.0277113 -0.895121 0.34957 0.037905 0.873923 -0.193044 0.747159 -0.0762013 0.118114 0.152858 0.00507358 -1.01803 -0.411653 -0.194266 -0.593034 -0.166542 0.867228 0.535195 0.402798 1.72649 0.0659988 
0.762633 0.181529 -1.14407 -1.3599 1.1854 1.39286 0.445661 -0.0387435 0.914684 -0.41881 -1.66637 0.524216 -1.37255 0.0970452 -0.31504 -0.0908709 -1.37528 -1.19808 -0.193011 -1.12421 0.34237 -0.222274 0.474692 -0.106785 0.884609 0.455931 0.238615 -0.303103 -0.250976 -0.524618 -1.07752 -0.319291 -0.716393 0.45911 0.0543172 0.762881 -0.0145582 1.44418 0.421962 
0.829542 0.0153613 -1.12271 -1.87059 0.635546 1.16729 -0.0156321 -0.226435 0.869338 -0.470563 -1.66496 1.28768 -1.22446 0.331487 -0.416459 -0.101107 -0.0703422 -1.35734 -0.463996 0.0139161 0.285266 0.0313988 0.161433 0.170683 1.14084 0.635595 0.244374 -0.0119912 0.0764424 0.0801289 -1.13242 -0.601203 -1.1016 0.295003 0.163108 0.455112 0.457536 1.851 0.987956 
0.929882 -0.0937332 -1.19341 -1.39807 0.499045 1.19563 0.462585 0.215027 0.946414 -0.299861 -1.58278 1.5142 -0.892323 0.289847 0.305144 0.210333 1.48237 -0.50683 -0.635255 -0.232565 0.0641224 0.43808 0.141186 0.732298 1.53658 0.861185 0.237672 0.0791682 0.154818 0.698849 -1.28425 -1.14432 -1.48007 -0.339307 0.405795 -0.307102 1.08611 2.55424 1.25611 
0.974614 0.223306 -1.00149 -0.763535 0.381411 0.894747 -0.198582 -0.159623 1.19642 -0.36549 -1.31465 2.62064 -0.57686 0.0446339 0.543699 0.33869 1.05626 -0.576105 -1.11944 -1.83794 -0.76137 0.511221 -0.58443 1.31745 2.20203 1.04051 -0.0657162 0.852818 0.243207 2.2548 -0.589609 -0.827367 -0.73522 0.0824026 0.749558 -0.516689 1.33011 1.53947 1.21847 
0.94436 0.273955 -1.00189 -0.6053 0.209704 0.710146 -1.02218 -0.416048 1.32661 -0.692059 -0.954584 3.42387 -0.111672 -0.401283 0.98594 0.16046 1.7136 -0.381069 -0.50748 -0.671882 0.0465518 0.567464 -0.849844 1.09068 0.476312 0.76453 -0.505549 1.09956 0.778749 2.15135 -0.575408 -1.23059 -0.110349 0.181242 0.488644 -0.884796 1.89813 1.17313 1.30547 
0.751609 0.887131 -0.907574 0.514066 0.191187 0.678395 -0.737779 -0.107666 1.61746 -0.939578 -0.794153 3.03471 -0.000969304 -0.862901 1.11857 0.839222 1.99277 -0.290418 -0.583953 1.70494 1.00957 0.142967 -0.625946 1.28506 -0.669286 0.701671 -0.399959 0.528014 0.395473 2.46225 -0.880078 -1.03596 1.41349 0.635629 -1.12974 -0.990909 1.95322 -0.253523 0.108745 
0.475511 1.0266 -0.536254 0.878208 0.065548 0.460162 0.366013 0.450064 1.43937 -1.11271 -0.341775 2.84511 0.41758 -0.247296 -0.183477 0.439815 1.77704 -0.944031 -0.925293 2.42016 0.833896 -2.09267 -0.50516 1.58743 -0.813369 -0.624452 -0.595623 0.545421 0.681174 2.21618 -0.993161 -0.509215 2.35799 0.878476 -1.09158 0.562138 1.76071 -2.30372 -0.0868771 
0.610614 0.767881 -0.660675 1.83846 -0.285132 0.278293 1.2304 0.609927 0.106608 -1.27745 -0.0377481 2.33108 -0.455625 -0.100119 -0.289924 0.191633 1.14834 -1.20489 -0.116409 1.20941 0.208781 -1.61677 1.3877 1.12885 -2.35481 -0.823482 -0.7911 0.067758 0.567028 0.526719 -1.00522 -1.04915 1.53204 -0.219556 -1.95849 1.32936 1.2451 -2.07534 -0.301066 
0.412898 0.836065 -0.425272 1.7389 -0.543338 0.4158 1.35237 0.639173 0.274131 -0.153389 0.196855 0.805586 -0.184744 -1.02986 0.293551 0.41901 -1.03561 -0.569433 -0.525816 -0.525524 -1.14338 -0.548561 2.31261 0.118898 -1.91141 0.215898 -0.662874 -0.30923 0.487924 0.647807 -0.492242 0.276685 -0.254031 -1.32133 -1.55788 1.48986 0.0470791 -2.93489 -0.275156 
0.0528434 0.968063 -0.42517 1.08833 -0.571082 0.0538772 0.809885 -0.344103 -0.282851 0.315717 0.0212543 0.675833 -0.286788 -0.970977 -0.167124 0.547974 -0.23493 0.463543 0.508797 -1.51979 -2.0513 -0.484974 0.638512 -1.06663 -1.49651 0.449614 -1.06816 0.443437 1.08283 -0.015946 -0.012899 0.943458 -0.671781 -1.24036 0.46798 1.68508 0.206692 -1.66252 0.490345 
-0.11351 0.727765 -0.11914 1.57933 -0.304334 0.646398 0.125597 -1.08243 -0.0691494 0.292507 -0.307147 -0.490091 0.157497 -0.692536 0.381677 1.21719 1.00624 0.549573 1.84531 -0.300603 -0.586475 1.17492 -0.0203182 0.162373 -0.272321 0.435043 -0.970781 0.354038 1.07868 0.076799 0.74166 0.937321 -1.09177 -1.09134 0.787478 0.47167 -0.620087 -0.343883 0.705917 
-0.325274 1.22726 0.247456 1.84421 -0.288358 0.872264 0.571762 -0.827318 0.579351 0.31011 0.100903 0.441103 0.0446417 -0.594939 0.707865 1.08197 0.337292 0.652326 0.802167 0.175165 0.528794 1.54158 -6.67979e-05 0.213273 1.04103 0.489924 -0.844676 0.110166 1.30649 0.84634 0.976058 1.85607 -1.23991 -0.883572 0.789759 0.181413 0.101178 0.367554 0.748306 
-0.439651 1.20538 0.479435 1.84182 0.0306083 1.00602 0.27328 -0.62278 1.05934 0.300779 -0.203326 0.413393 0.529645 -0.670725 -0.207806 0.756091 0.189168 0.919101 0.743125 -1.22692 -0.646934 -0.115239 0.263153 -0.0259046 0.749262 0.561242 -0.972239 0.764026 0.892034 -0.190841 1.71901 0.635547 -0.260259 0.38188 0.779648 0.119212 0.537682 0.0745536 1.13573 
-0.691777 1.09171 0.667563 1.99745 0.182158 1.20592 -0.417523 -1.36165 0.504587 0.498768 0.0911392 1.09173 0.469704 -0.97332 0.449643 0.266674 -0.615082 1.93461 0.0891969 -0.49324 -0.00141808 -0.495519 0.158122 0.522228 -0.948097 1.02502 -0.872134 0.145438 0.101372 -0.434552 1.97762 0.473883 -1.33119 -0.71452 -0.607449 -0.30682 -0.147934 0.502195 1.84027 
-0.967307 1.51009 0.631513 1.40186 1.0172 1.05208 -0.121054 -0.611378 0.7084 0.417459 0.0472179 -0.407 1.29881 -0.736661 0.434739 -0.599057 -0.813123 2.05708 -0.076545 -0.413294 -0.351252 -0.70662 -0.685765 -0.179494 -0.095856 1.8969 -0.950062 -0.0431534 -0.0290538 -1.09098 1.32904 0.247761 -0.0284727 0.479161 -0.555775 0.688184 0.779559 0.0505791 0.889766 
-1.09339 1.38644 0.345526 1.41142 1.23099 1.17909 -0.747028 -1.646 0.000338968 0.0371248 0.00843604 1.00993 1.88575 -0.5593 -0.506419 -0.306205 -0.941256 0.0653511 0.262974 0.461322 0.664153 -0.256754 0.775424 0.545211 1.0096 0.16064 -0.754141 0.103505 0.0994697 -0.913623 1.39737 -0.454182 -0.141835 0.774681 -0.35384 -0.0863322 -0.504835 -1.45059 0.760154 
-1.27447 1.17459 0.469856 0.72133 1.05385 1.17457 0.258676 -0.0372894 0.530863 0.957182 0.308676 0.469253 1.42665 -0.481105 -0.270888 0.753224 -0.491298 0.0457389 -0.547298 0.241422 1.42518 0.226283 0.56367 -0.515694 -1.8101 -0.884757 -0.572528 -0.628297 -0.0417122 -0.640154 0.380756 -0.348408 -0.641476 0.182943 -0.267001 0.251534 -0.134629 0.0013973 0.111782 
-1.35891 1.20866 0.764063 1.06277 1.25767 0.945224 -0.545617 -0.428524 0.173602 0.431731 -0.233928 -0.557517 1.23796 -0.366606 -0.430621 0.247596 0.0252665 0.507301 -0.739743 -1.25004 -0.413584 -0.106643 -0.437018 -0.73235 -1.01256 -0.0164968 -0.65545 -0.631399 0.0875928 -0.312447 -0.147611 -0.965277 0.98679 1.38285 0.655808 0.934534 0.223953 -0.475597 -0.106136 
-1.479 0.889843 0.611487 0.753675 1.31509 0.856068 -0.749352 -0.37434 0.462342 0.666007 -0.0365779 -0.407004 1.42306 -0.578059 -0.670816 -0.616957 0.0407791 -0.268361 -0.787193 0.980071 0.494972 0.653014 0.705644 0.820652 1.18199 0.737164 -0.484472 -0.484816 0.402111 0.0979629 0.233252 -0.391199 0.283794 0.201358 0.232119 0.166203 0.518491 -0.483372 -0.240665 
-1.67606 0.763069 0.432223 1.10655 1.12472 0.605856 0.254774 0.00253557 0.656775 0.923633 0.158336 0.468133 1.79355 -0.41779 -0.290572 0.362682 0.107156 -0.156665 0.203475 1.60363 0.689775 0.415382 0.659121 1.44151 0.374253 -0.311197 -0.454346 -0.539248 0.0903964 0.275356 -0.0585633 -0.0567924 1.40495 1.15404 0.880533 0.32701 1.41971 0.860878 0.421512 
-1.7108 0.698878 0.816144 0.846419 1.2389 0.952388 0.556691 0.221411 0.772937 1.12603 0.650534 -0.0813795 1.20082 -0.157923 -0.132261 0.75745 0.343611 0.17977 0.715899 0.757667 1.10681 0.528906 -0.264366 1.1253 -0.0584828 -0.178372 -0.29569 -0.258853 0.204742 0.398628 0.0676355 0.0909129 1.21956 0.519578 0.177754 0.546808 1.724 0.336383 -0.375856 
-1.76946 0.678115 0.853074 1.3737 1.21951 0.927536 0.874814 0.950853 1.04982 0.750778 0.695278 0.418726 1.66986 -0.0632241 -0.0906922 -0.049859 0.452328 0.258022 -0.0693935 -0.0947704 0.0291968 -0.179853 0.0817349 0.922025 0.061836 -0.197483 -0.175367 -0.305705 0.893132 -0.110182 0.188207 0.857409 1.02134 0.819198 0.744043 0.906131 1.65946 0.326135 0.621044 
-1.75376 0.64176 0.794874 1.19375 1.37346 0.928703 0.48548 0.258696 0.651248 1.19036 1.09094 -0.0265117 1.06295 -0.129728 -0.319485 0.592849 -0.506834 0.103066 0.483952 0.506478 0.0290625 0.469211 1.49497 1.14967 0.481139 1.00429 -0.108648 -0.485032 0.473163 -0.234437 0.137002 -0.507818 0.800408 0.464311 1.07504 0.342127 0.704761 0.246002 0.4362 
-1.84784 0.467789 1.18378 1.01358 1.27532 1.14721 1.29116 0.988025 1.3995 1.78361 1.24379 0.836984 2.42364 -0.117206 -0.630825 0.76722 -0.792043 -0.0522573 -0.629027 1.08616 0.612875 1.62371 0.380147 0.0427663 0.255797 0.775939 -0.199829 -0.654768 0.226651 -0.446374 0.427518 0.213656 0.805398 -0.176467 0.261261 0.428808 0.443394 -0.481947 -0.123215 
-1.82548 0.222952 1.22108 0.623276 1.35034 0.658896 1.3719 0.789432 1.83938 1.45919 1.11379 0.196452 1.64731 -0.197234 -0.657376 -0.247006 -0.133912 0.53997 -0.179204 0.491074 -0.278586 -0.121229 -0.914942 -0.543564 -1.11757 -1.17474 -0.190648 -0.496243 0.281347 0.0718231 -0.0097294 -0.204049 0.955738 1.66304 0.650059 0.514713 0.405105 0.418196 0.616698 
-1.96217 0.0312026 1.05454 0.928523 1.55317 1.07523 1.69502 0.765104 1.32039 1.16491 0.988193 -0.130287 1.5607 -0.195001 -0.107558 -0.338946 0.887336 0.0371683 0.352981 0.0969952 1.69714 -0.752153 0.316964 0.510794 0.287518 0.0441567 0.0550214 -0.508958 -0.321068 0.368131 0.654085 -0.00959544 0.403181 1.07394 0.788777 -0.261827 -0.163236 -0.376366 -0.35637 
-1.93862 0.154539 1.04149 1.29145 1.37266 0.820967 1.4562 2.23682 1.30206 1.68473 1.3589 0.446908 1.68872 0.279828 -0.100135 -0.232621 0.650078 0.444085 0.173534 0.00991392 1.76891 1.17959 0.553653 0.317166 0.619516 0.692152 -0.0408666 0.281424 -0.0862093 0.777255 0.555373 1.16926 0.831347 0.304413 0.0839084 0.252761 0.11192 -0.179227 0.221513 
-1.82244 -0.0322394 0.933186 1.42171 1.78228 1.15838 1.7087 2.27317 2.18598 1.55265 1.14135 0.407895 2.08289 0.123499 0.539062 0.213275 0.209944 0.79831 1.28048 0.932593 -1.27755 0.861305 0.0231146 -0.359583 -0.527201 0.246888 -0.0745345 0.47218 0.114424 0.164409 0.422265 0.875898 0.354968 1.16787 0.605221 0.715452 0.323451 1.06933 -0.185044 
-1.88214 0.519122 1.16432 1.46001 1.78179 1.39094 2.21808 1.16936 1.9365 1.70889 1.19067 -0.00871479 1.88055 -0.405436 0.818603 0.409325 -0.423275 0.191045 1.05203 0.431551 -0.14788 -0.368413 0.41706 0.124337 0.777195 -0.945383 -0.110114 0.410875 0.273054 -0.249846 0.25261 0.63928 0.580997 -0.509797 0.579012 0.300295 -0.0742795 0.619449 -0.112303 
-2.04765 0.519532 1.16339 1.12322 1.88281 1.62789 2.06429 2.16075 1.92735 1.84679 1.20294 1.08273 1.39012 -0.306284 0.0871824 0.202501 -0.571544 -0.418538 -0.383924 -0.21208 0.564222 -0.0854245 0.381751 0.255265 1.33428 -0.402738 -0.259743 0.751992 0.711942 0.161583 0.0418826 0.603098 0.556528 0.059864 -0.21538 0.650288 0.153778 0.389198 -0.37362 
-2.05455 0.581113 1.28126 1.05217 1.57253 1.22893 2.05175 1.65897 1.88339 1.97882 1.31444 1.14892 1.59039 -0.0178095 0.320802 0.6679 0.646063 -0.12845 -0.20578 0.258754 0.227193 0.0745315 0.464836 0.0843163 -0.271886 0.439697 -0.231388 0.14938 0.330683 -0.119225 -0.243242 -0.177305 0.297999 0.950269 -0.192681 0.160869 -0.0555063 0.103732 -0.622788 
-2.06643 0.737962 1.5352 1.61345 1.82096 1.54422 2.27975 2.36543 1.99041 2.17366 1.24552 0.848378 1.725 -0.071395 0.14568 0.300128 0.395476 0.0519769 0.145064 0.583213 0.754025 -0.17789 -0.166918 -0.33382 -1.20311 -0.436521 -0.178046 -0.121799 0.420169 0.478008 0.0359845 0.591426 0.841351 -0.182171 -0.505416 -0.213017 -0.3155 -1.15637 -0.314574 
-2.10187 0.682276 1.45166 1.35757 1.60237 1.29956 2.53032 2.30903 1.76313 1.87275 1.15844 0.107519 1.27517 -0.274146 -0.495889 -0.0304063 0.0261711 0.182167 1.0358 0.783185 -0.484655 -0.758988 -0.759598 -0.519672 -1.24846 -0.866335 -0.221492 -0.0821181 0.428416 -0.251121 -0.458337 0.000861538 -0.232273 0.257026 -0.961411 -0.235213 -0.451661 -0.591502 0.43159 
-2.22173 0.409512 1.52458 1.64646 1.91697 2.00659 2.92049 1.9683 1.44813 1.66142 1.00127 -0.232326 1.09088 -0.29038 -0.261072 0.349795 -0.758887 -0.742291 -0.136194 -0.866737 -0.400376 -1.12063 -0.158097 -0.288395 0.423092 1.0088 -0.287044 -0.41268 0.0819719 0.211249 -0.000739106 0.656406 0.203195 -0.300176 -0.963921 0.0172714 0.110793 -0.057649 0.509604 
-2.26581 0.511066 1.64926 0.811547 1.22858 1.2465 1.83311 1.98315 0.958211 1.77272 1.02402 0.47547 2.0323 -0.192974 -0.116785 0.158202 0.267162 -0.183725 -0.115429 -0.529095 0.0629991 -0.542911 0.778712 0.669336 1.16812 1.54306 -0.147558 -0.358511 -0.0603311 -0.273656 -0.590596 0.446465 0.717076 -0.308604 -0.509736 0.211955 0.40476 -0.155551 -0.280305 