0.359345 -1.11616 -0.000475618 0.577134 0.608963 0.352255 1.30746 1.20953 1.50577 0.614257 0.892678 0.935272 0.288948 -0.473095 0.936442 0.937848 -0.193402 -0.664135 0.180967 0.808435 -0.334515 0.986167 0.598107 0.604206 0.431726 1.1672 -0.590121 0.423116 0.217071 0.27041 0.443761 0.307694 0.566224 0.422675 1.18035 0.653558 -0.519047 -0.968391 0.020016 
0.00825099 -0.959937 -0.0194654 0.798189 0.767976 0.236052 1.02365 1.30166 1.83182 0.88491 1.33626 1.00558 0.352255 -1.18265 0.159813 -0.796518 0.621597 0.834986 -0.0179194 -0.0671121 -0.300231 0.543815 -0.00729595 0.0859726 -0.625088 -0.0972812 -0.796322 0.708611 0.0688332 -0.465754 0.252932 0.276138 0.677962 -0.481677 -0.214631 -0.396016 0.908509 1.38142 1.55874 
-0.132204 -0.99276 -0.316439 0.876219 1.08834 0.34495 1.27784 1.02695 1.86468 0.618995 0.952668 0.449479 0.230343 -0.833093 0.134072 -0.826364 -0.503707 1.03044 0.226847 0.104567 -0.360532 -1.29226 -1.08519 0.646304 1.47047 1.06429 -1.28532 0.388545 -0.00225266 0.273491 0.775541 -0.066235 -0.482595 -0.249672 -0.832467 -0.274157 0.00802106 -0.373138 -0.0277754 
-0.345018 -0.855488 -0.347423 0.552341 1.35972 0.364213 1.07368 1.08404 0.951986 0.0324237 1.76956 2.12764 1.07328 -0.928002 0.426031 0.792845 -0.213675 0.284017 -0.0801315 -0.580118 -0.0535306 -1.755 -0.329238 -0.0793698 0.105939 0.0527413 -1.02521 0.304935 -0.0290574 -0.822803 0.208814 -0.599892 0.146973 0.415103 -0.501547 0.554122 0.250181 -0.167166 0.651925 
-0.523019 -0.673413 0.00630009 0.770819 1.25098 0.303213 1.01024 0.987719 0.672648 0.3677 0.9025 0.524577 0.272432 -0.84965 0.325165 0.779269 -0.727122 -0.727676 -1.11339 0.0945837 0.984675 0.56585 1.77193 -0.30519 -1.70537 -0.133728 -0.895081 0.507612 1.1512 -0.387856 0.646311 0.0339703 -0.556796 0.117399 -0.877694 0.683757 0.152334 0.0272262 0.118499 
-0.704838 -0.610385 -0.0301397 0.198303 0.940748 -0.249379 1.11908 1.64807 1.32576 1.45214 1.56894 0.812982 0.990216 -0.540657 0.340114 1.07204 -0.366991 0.64886 0.130137 -0.166866 0.239742 0.47756 1.17613 0.285322 -0.0725728 0.112565 -0.787379 0.386854 0.867909 -0.637379 -0.143038 0.0374303 0.471836 0.109907 0.370804 2.15408 -0.55069 -1.64042 -0.638788 
-0.760603 -0.417306 0.441238 0.591177 1.62335 0.37785 0.934347 1.1189 0.986853 1.31359 1.0953 0.46271 0.354674 -0.441827 0.258119 0.626694 -0.226532 0.523685 1.16851 0.541307 -0.809484 -0.0143047 0.891434 -0.459994 -0.562671 -0.787372 -0.513873 0.155455 0.240766 -0.92212 0.122532 0.149665 0.335542 -0.155794 0.569709 1.48011 0.977735 -1.20037 -0.204258 
-0.903325 -0.41463 0.22583 0.0866782 1.24116 0.399942 1.37171 1.16958 1.30812 2.17162 1.26519 0.375079 0.46843 -0.30087 -0.107234 -0.682033 -1.0123 -0.470361 0.0908106 0.619526 -0.455405 0.365371 0.654594 1.06081 -1.58818 -0.410287 0.509317 -0.0566081 0.0945505 1.22593 0.344418 0.97856 -0.521738 -1.13525 -0.672442 -0.337634 -0.162569 0.0523078 -0.635717 
-0.903329 -0.49047 0.171281 0.0990419 1.35231 0.430721 1.22327 0.846151 1.22537 1.84472 1.80477 -0.762029 0.0859828 1.28357 -0.346361 -0.473549 2.05816 -0.0256132 0.277153 -1.24116 -0.846981 -0.962452 -1.30639 0.230949 0.630651 -0.129323 -0.0746202 0.0763588 -0.436803 -0.0964132 -0.861167 -0.151906 -0.28705 -0.594172 -0.325209 -0.462527 0.0768914 0.100752 -0.295368 
-0.419259 -0.663804 0.0396551 1.08142 1.2258 0.555945 0.797443 0.669305 0.650795 1.14322 1.42177 0.85277 0.388319 0.181967 0.220341 -0.0255992 0.867283 -0.767924 -0.315443 -1.00387 -0.405125 -0.833449 -1.22385 -0.959076 1.72301 -0.0181415 -0.259583 0.1169 -0.0670436 0.444494 -0.407313 -0.639674 -1.0014 -0.276275 -0.478119 0.470805 0.423874 0.384168 0.380094 
-0.855048 -0.322522 0.16512 0.5171 0.910197 0.258752 0.759082 0.602621 0.655079 0.881961 1.16851 0.553793 0.0804958 -1.70676 0.520859 0.364916 -1.39462 -0.559002 -1.22248 -0.103544 0.454087 0.270367 1.8902 0.3501 -0.104693 0.669914 -0.148151 0.413834 0.176363 0.327408 -0.166525 0.201139 0.21028 -0.32621 -0.963297 0.550336 -0.027732 1.84059 1.03633 
-1.11814 -0.27466 0.190427 0.404147 0.903793 -0.11802 0.750925 0.925032 0.825214 2.65699 1.65773 0.766258 0.844647 -0.421837 0.403799 0.311279 -0.378766 0.530105 0.612445 1.28813 -0.0612251 -0.569396 1.90591 0.91629 0.812856 1.50017 -0.846018 0.740191 0.352906 -0.969863 0.192953 -0.300983 0.467728 -0.613423 -0.576347 0.777701 -0.329686 0.14135 0.933891 
-1.04563 -0.0195398 0.294336 0.331755 1.2143 0.600321 1.35817 0.558918 0.262938 2.40823 1.78169 1.17128 1.09408 0.318813 0.597477 0.206757 -0.0560311 0.838926 0.777579 0.733912 -1.34294 -1.10635 -0.927243 -0.809996 0.295554 0.665157 0.165354 0.854767 0.478062 -0.103993 0.0143781 -0.639319 -0.729552 -1.1539 -1.09562 -0.0717004 -0.825749 -0.523824 1.21132 
-1.01573 0.17088 0.27764 0.375087 1.38544 0.314942 1.09291 0.136573 0.070808 1.93012 1.12079 0.986841 1.29778 0.69772 0.888037 0.463143 0.222422 -0.507376 -1.55724 -2.26736 -1.62268 -1.02729 -1.99232 -2.06143 -1.53996 0.232897 0.8202 1.2875 0.681509 0.699135 0.0132685 -0.485091 -0.983036 -2.76192 -2.3551 -2.77046 -1.9043 -0.532674 0.531549 
-0.79332 0.639867 0.484581 0.437537 0.921979 -0.258919 0.307842 -0.392091 -0.43813 0.834319 0.410998 -0.0164562 1.25709 1.03437 1.34964 0.897244 1.10021 -0.817795 -1.4945 -2.05393 -2.70642 -2.33542 -2.49328 -1.82503 -1.03487 0.0927116 0.929061 0.800565 0.0558717 0.40504 -0.334895 -0.890682 -2.06248 -2.11813 -1.65245 -3.0875 -1.91033 -0.776102 0.315812 
-0.630243 1.17005 0.642333 0.905941 0.914656 -0.509575 0.141596 -1.44416 -1.51281 -0.042195 -0.0923988 0.186638 1.3667 0.834552 0.321721 -0.372657 0.38214 0.0270609 0.241048 -0.503842 -1.47964 -1.38513 -1.81988 -0.581911 0.464705 0.215475 1.07519 0.543904 -0.0814092 1.00856 -0.502049 -0.932233 -2.16433 -1.36586 -0.506127 -2.31931 -2.06787 -0.476187 -1.11008 
-0.486882 0.882436 0.338951 0.620664 0.936894 -0.122899 0.0756233 -1.25998 -1.38062 -0.602454 0.0260186 0.333911 1.4084 0.738304 -0.52854 -1.02915 0.406496 0.0967342 0.116915 -0.854194 0.710719 1.60231 -0.369887 -1.03594 0.373508 -1.68993 2.75382 -0.213137 -1.93595 -0.376797 -1.13886 -0.423854 -1.02265 1.55893 0.0764674 -0.661338 -1.81988 1.84597 -0.461208 
-0.36188 0.786784 0.232885 1.10086 0.969625 -0.442256 -0.253153 -1.03931 -0.439777 -0.325817 -0.779867 0.467033 0.239129 3.69967 -0.646991 -2.76355 -0.946275 -1.66529 -0.86749 -0.869424 3.78639 1.50549 1.00502 -1.93649 2.07858 -0.881819 3.40894 -1.68122 -3.2961 -1.18998 -1.44306 0.554838 -0.173517 2.98448 1.08469 -0.390713 -1.58052 2.04146 -1.2629 
0.952975 0.411982 -0.767486 0.160501 -0.0210979 -0.600398 -0.326191 0.932023 -0.372907 0.207354 -1.26143 1.92255 0.823225 4.87367 -2.01982 -4.31046 -2.18619 -2.1731 0.702686 0.622484 3.69306 -0.00495516 -0.110644 -1.15183 2.43956 -0.126529 3.71067 -1.73226 -2.97283 -0.631337 -1.12019 0.695302 0.57645 3.0409 1.26805 -0.206537 -1.18925 2.50564 -1.78746 
1.5424 -0.694145 -1.49519 0.040268 -0.280301 -0.0507434 0.0371381 1.09847 -0.451109 -0.403269 -1.54455 2.33264 0.160894 2.40869 -1.97865 -2.05236 0.00165119 0.053945 1.89463 1.64596 0.700381 0.360479 -1.25801 0.289209 1.37508 -1.68717 3.58936 -1.91056 -3.26088 -1.56094 -1.1084 0.779554 0.623482 1.96504 0.263047 -1.08977 8.59779e-05 2.2271 -0.645676 
1.88213 -1.03864 -1.58812 0.159374 0.00927185 0.450794 0.438895 1.33086 -0.137692 -0.782574 -1.06604 2.97142 -0.302494 1.03512 -0.875821 -0.972098 -0.148013 0.578733 0.448938 0.217278 -0.788912 0.398641 -1.23351 1.14747 0.629706 -0.804453 1.72508 -1.4043 -1.49775 0.0367099 0.449167 0.87457 0.897484 -0.475146 0.415548 -1.78201 0.707894 0.634785 -1.19002 
1.92818 -1.33303 -1.88171 -0.0333342 0.0517616 0.200333 0.139451 0.63193 -0.190148 -1.37372 -0.777347 2.8096 -0.372357 0.433141 -0.150366 -0.373965 0.0523278 0.594993 -0.602617 -0.437831 -1.38582 0.256613 -0.941363 0.684177 -0.503263 -0.0247355 0.703305 -0.432091 -0.535849 0.221584 0.776684 -0.18495 -0.083493 -0.825964 0.616254 -1.39776 1.15845 0.101038 -0.578315 
2.02977 -1.14356 -1.73428 0.182788 0.350682 0.119889 0.2373 0.517485 0.0274474 -1.52068 -0.6075 2.57909 -0.312406 0.125756 0.218993 0.104014 0.478343 0.541916 -0.722393 -0.327961 -0.412591 0.512475 -0.491149 0.448295 -0.494476 -0.0298929 0.151587 0.0146182 -0.404691 0.287784 0.627072 -0.614744 -0.636905 -1.01846 0.393737 -0.803633 0.665676 -0.878598 -0.454761 
1.95423 -1.16607 -1.83579 0.196379 0.362659 -0.196862 -0.011175 0.384062 0.147613 -1.75378 -0.475965 2.42403 -0.385731 -0.179905 0.16998 -0.281646 0.376958 0.310175 -0.305869 -0.416851 -0.0988449 0.328527 -0.0492987 0.23089 -0.713438 -0.632359 -0.0589036 0.252508 -0.0208602 0.285661 0.444453 -0.385442 -0.107335 -0.0864482 0.571639 -0.612445 0.0204165 -1.07768 -0.00158152 
1.9349 -1.01268 -1.84334 0.363405 0.528355 -0.0467815 0.0454365 0.451923 0.241105 -1.54934 -0.450961 2.02551 -0.730149 -0.218803 0.160854 -0.137831 -0.0522298 0.100234 0.152705 0.185225 0.298938 0.333283 -0.263315 -0.424569 -0.99696 0.0229309 -0.255041 0.222866 -0.231844 0.222984 0.205213 -0.116387 -0.0184694 -0.0332383 0.821565 -0.0115209 0.0446157 -1.41416 -0.58027 
1.84396 -1.04191 -1.88705 0.16916 0.419639 -0.109735 0.0762688 0.549637 0.36448 -1.95264 -0.756117 1.65291 -0.363651 -0.235811 0.16498 -0.0939574 -0.044535 -0.0125932 0.133717 0.393584 0.0634646 0.88336 0.0372311 -0.173736 -1.24236 -0.204791 -0.197788 0.253271 -0.0783269 0.0920125 0.173 0.409991 0.192315 -0.140981 -0.266428 -0.183908 -0.205538 -1.98673 -0.873701 
1.81791 -0.885477 -1.87697 0.339913 0.520473 0.0298363 0.22954 0.480673 0.82909 -1.50919 -0.563998 1.06611 -0.860914 -0.102725 0.220149 0.01092 0.188876 0.150953 0.45288 0.0748838 -0.49281 -0.715251 0.0382763 0.136168 -1.749 -1.28104 -0.343796 0.172232 -0.388019 -0.300518 -0.380739 0.251993 0.925585 0.12395 -0.256691 -0.37117 0.213762 -2.18588 -0.935771 
1.77962 -0.874106 -1.87854 0.258698 0.505777 0.143523 0.112525 0.255156 -0.126065 -1.91166 -0.662684 0.304781 -1.21678 -0.325918 0.0933061 -0.534646 -0.405577 -0.533749 0.238423 0.852319 0.132383 -1.25106 -0.493618 0.464543 -1.77844 -1.14236 -0.11553 0.40907 0.615699 0.298498 -0.048214 0.494036 0.956144 0.273922 -0.701585 -0.0758595 0.361249 -1.03832 -1.17825 
1.66527 -0.811033 -2.0877 0.141584 0.212986 0.164403 0.626453 0.54947 -0.0229501 -1.89122 -0.25179 -0.304607 -1.62096 -0.0834801 0.396777 0.98647 0.256426 -0.218373 0.276885 1.2121 0.909271 -0.304199 -0.129829 0.358374 0.311871 -0.413981 -0.157199 0.038451 0.918665 0.0490021 -0.649061 -0.0100224 0.868288 0.629664 -1.44167 -0.743534 -0.204289 -0.878458 -0.747425 
1.7229 -0.576292 -1.47799 0.380947 0.379596 0.299377 0.676344 0.775374 -0.339287 -2.00437 -0.42121 0.537884 -1.48795 0.0711627 -0.0376017 2.02283 0.47793 -0.399047 -0.253418 0.316555 0.807386 -0.852577 -0.422796 -0.751219 0.561934 0.0654107 -0.23792 0.0830934 1.31235 0.188743 -0.850362 -0.329881 1.96738 1.32267 0.00430563 -0.0763646 -0.320898 -0.314331 -0.44399 
1.66972 -0.832945 -1.27067 0.371098 -0.0170623 0.0267619 0.774822 1.01049 -0.606144 -2.21692 -0.749569 0.12036 -1.57037 -0.304071 -0.273472 1.13948 0.024813 -1.00435 -0.76448 1.43437 1.04994 0.318842 0.0376523 -0.80613 -0.749865 -0.227662 -0.293624 0.0457105 1.79405 0.446645 -0.503681 -0.924201 0.782451 0.843112 -0.104917 0.237945 -0.928033 -0.605621 -0.668754 
1.5789 -0.771816 -1.01595 0.391036 -0.198433 -0.121111 1.34328 1.37733 -0.132163 -1.96389 -0.955573 -0.0436462 -1.63407 -0.550353 0.104299 0.883444 0.188823 -0.324364 -1.1123 0.736921 0.446371 0.707215 0.718926 -0.535215 -1.40192 -1.0295 -0.54536 0.0850047 1.06538 -0.12355 -0.732156 -1.29054 0.217912 0.277361 0.219725 1.07272 -0.366497 -0.908604 -0.807287 
1.4283 -0.75041 -0.911527 0.46061 -0.204177 -0.586226 1.1182 1.26173 -0.136999 -1.63463 -1.10344 -0.961466 -2.25467 -0.589255 0.399671 0.586382 -0.210392 -0.0481244 -1.14252 -1.13985 -0.628416 0.01138 1.28978 0.295384 -0.508244 -0.935168 -0.698708 0.563429 1.06494 0.324305 -0.508331 -1.1012 -0.37666 0.265371 0.162486 2.1646 -0.188066 -0.171704 -0.271261 
1.32209 -0.471872 -0.776183 0.287227 -0.226741 -0.750823 0.816008 1.00405 -0.132475 -0.927614 -0.756065 -0.439789 -2.25505 -0.595249 0.746369 0.841702 0.295055 -0.405745 -0.514941 -1.24173 -0.0424888 -0.460845 1.95744 0.270949 1.16075 0.635656 -0.95914 0.895746 0.92556 0.27539 0.321587 -1.13195 -2.10102 -0.665611 -1.23835 1.91185 -0.135363 -0.00963083 0.999183 
1.16912 -0.195278 -0.569154 0.601565 -0.438076 -0.868607 0.54367 1.22891 -0.455904 -0.0673802 -0.920209 -0.0770463 -1.82134 -0.984788 0.954218 0.912974 0.621152 0.513314 -0.530153 -1.68316 -0.337204 -1.81717 1.07433 -0.486848 0.490747 2.36391 -1.2705 0.990964 0.961681 0.381476 0.663189 -0.185961 -1.21194 -1.20905 -1.58799 0.741688 0.632364 1.43015 2.0704 
0.908815 0.236248 -0.405168 0.586096 0.0677132 -1.04162 0.0366969 0.799987 -1.36644 -0.0626789 -1.07771 -0.0694414 -0.661733 -1.49102 0.751707 0.71617 0.274284 1.36293 0.239992 -0.386013 -1.72255 -1.85714 -1.03898 0.598102 0.808687 2.32985 -1.58312 0.783839 1.29103 0.0355413 1.56976 0.135983 0.578286 -0.601158 0.0133294 -0.155415 0.377747 -0.170633 1.60138 
0.555582 0.363782 -0.277228 0.732462 0.34481 -0.733172 0.366113 0.219877 -1.71685 -0.883115 -0.519019 0.537246 -0.250878 -1.61578 0.230213 1.17843 -0.56892 1.74957 0.730885 2.46216 -0.533604 1.84503 -1.26417 1.00418 -0.730433 -0.0712548 -1.54989 0.679956 0.83671 -0.290404 1.78449 0.567883 0.568357 -1.1473 0.130091 -1.13241 0.306176 -0.217873 1.25709 
0.24592 0.411462 0.0725213 0.308668 1.07287 -0.634503 1.18043 0.481802 -0.129654 -1.05751 -0.405975 -0.636062 -0.702869 -1.05488 0.275417 0.639252 -0.709278 1.20922 0.598883 1.15167 0.048343 2.05606 -0.357865 -0.179637 -1.11357 -0.531116 -1.26788 0.698667 0.276352 -0.732685 1.11587 0.992682 1.23953 -0.334585 1.92147 -1.06377 0.367993 -0.462779 0.391545 
0.114575 0.572268 -0.0162117 0.387065 1.03933 -0.399109 0.901895 0.23984 -0.337682 -1.15718 -0.635988 -0.323339 -0.600668 -0.466171 0.825242 -0.730769 -0.5272 -0.140405 0.735642 -0.79419 0.0549338 0.978162 -0.0478691 -0.500323 0.0875766 0.628274 -0.823634 0.165087 0.629023 -1.11011 0.912805 0.456406 0.311452 -0.679981 1.59317 0.502849 0.759917 -0.601793 0.062473 
0.0378024 1.02465 -0.21702 0.0514435 0.991513 -0.224751 0.813512 0.505596 0.522291 -1.08504 -0.736597 -0.575052 -0.27449 -0.29624 -0.0279499 0.379724 -0.951019 0.107474 0.0752826 -0.731393 -1.0351 0.286186 0.981262 1.22489 0.278866 0.616047 -0.365405 -0.375755 0.413409 -0.616463 0.0936155 0.456061 -0.973364 -0.193043 0.337342 0.076765 0.591021 0.889281 0.154305 
-0.026319 0.557461 0.14051 -0.075395 1.10048 -0.354831 0.564114 -0.369747 -0.152591 -0.366259 0.182789 -0.11556 -0.180495 -0.131108 -1.39676 1.40045 -0.395191 0.277257 -0.0619866 -0.512821 -0.325391 -0.475637 0.144872 1.31226 1.13545 -0.4116 -0.0460701 -0.820513 1.31733 -1.40195 0.0479621 0.328068 -1.14624 0.137884 -0.284442 0.17583 0.63858 0.322827 -0.984273 
-0.0377672 0.00232476 0.349894 -0.141855 1.15026 -0.256445 0.577128 0.308396 0.193405 -0.959282 0.140395 0.289956 -0.544062 0.224305 -1.21706 1.75429 -1.14552 -0.0363752 0.409259 -0.808035 1.25145 -0.694543 -0.761873 -0.347248 0.162439 -2.03278 0.17888 -1.64638 1.87626 -0.509071 0.620842 0.374881 -0.728509 -0.27035 -1.45164 0.319485 1.52718 0.499307 0.216395 
0.0387102 -0.332592 0.849615 -0.632043 1.07892 -0.125715 0.190778 0.349298 -0.629165 -0.96162 -0.0458485 0.00288856 -1.53819 0.429243 -1.09884 1.63901 -0.366669 0.618938 0.615696 -0.465011 -0.0587882 -1.64261 0.251993 0.792856 -0.4506 0.717348 0.498418 -1.26783 0.83935 -0.216719 -0.0702758 0.0698479 -0.832814 1.05231 -0.328004 0.0142444 -0.276044 -0.43985 0.644133 
0.108334 -0.800711 1.01267 -0.321342 1.50544 0.0869228 0.362923 0.266109 -0.922796 -0.748337 0.671337 -0.0619582 -0.0558971 0.599508 -0.705312 -0.394587 0.820671 -0.0628194 -0.306244 -0.310023 0.310041 0.22237 0.781636 -0.0385481 -0.773654 2.95216 1.19755 -0.0662465 -0.570753 0.941943 -0.852708 -1.42597 -0.437613 -0.290848 -1.46026 0.0409415 0.121709 0.311188 0.877953 
0.252167 -0.845972 0.695171 -0.236557 1.04217 -0.292593 0.0484727 0.521325 -0.487128 -0.329461 -0.0688188 -0.596894 0.449962 1.54472 0.996 -2.56364 1.7738 -1.84504 -2.72279 -0.121745 -0.355543 -0.488268 -0.199247 -0.629207 0.875844 0.537474 1.53394 -0.102201 -2.18024 2.44409 -1.7287 -1.21991 -0.837282 0.047804 -0.863216 1.46348 0.243371 0.434983 1.5187 
0.695709 -0.0618378 -0.013426 0.5357 0.44411 -1.41739 0.307962 0.0513892 -1.2602 -0.896253 0.254847 0.603861 0.311538 1.92786 0.548029 -3.13735 2.83188 -2.42494 -1.49639 -0.814041 -0.226205 -1.4786 1.02854 0.370256 1.36974 -0.77812 1.79818 0.155066 -2.47343 2.30613 -2.7415 -1.31504 -1.24994 0.375627 -0.18463 1.63604 -1.43233 0.644728 -0.272659 
0.99111 -0.436829 -0.561482 1.13287 -0.35254 -1.11816 -0.32765 0.381758 -1.49268 0.499057 0.180572 0.447872 -0.0656138 1.41735 -0.763708 -1.44328 1.67254 -2.10142 0.779604 -1.55709 0.921616 0.22613 2.22262 -1.35385 0.00969573 -0.933324 1.78232 -0.0587318 -1.94378 2.31647 -2.48862 -0.722373 -0.858633 0.221849 -0.932244 1.42212 -0.741603 1.20639 -0.958628 
1.2327 -0.618201 -0.589296 1.34371 -0.764607 -0.983307 -0.412868 0.578781 -1.11563 0.881889 -0.644427 0.605115 -0.308209 1.00812 -0.639487 -0.0115391 0.629903 -1.1573 0.428883 -0.338728 0.566067 0.121247 0.730541 -1.39916 0.290909 -0.601825 1.10739 -0.92339 -1.16655 1.23727 -1.98891 0.859037 -1.0174 0.688515 -0.226221 1.84996 -1.32339 -0.120897 -0.899439 
1.36621 -0.901759 -0.561993 1.43597 -1.0185 -0.878181 -0.483271 0.702552 -1.41887 1.09058 -0.748891 0.664891 -0.462862 0.408293 -0.637084 -0.446525 0.176049 -0.761101 0.489459 0.190876 0.104724 -0.549196 0.0650331 -0.478711 -0.180744 -0.361707 0.587237 -0.394359 -0.655735 0.563756 -1.21669 0.110786 -0.0522596 0.24163 0.296757 0.549544 -0.530096 0.288278 -0.109284 
1.37051 -1.08136 -0.764611 1.42703 -1.2028 -0.709804 -0.322802 0.631505 -1.49414 0.944149 -0.96065 0.460252 -0.544293 -0.0381854 0.0397963 -1.05076 0.21191 -0.593025 -0.265381 0.270033 -0.197108 0.321823 -0.0494559 0.662426 0.102718 0.440352 0.0718551 0.110561 -0.895297 0.338359 -0.607883 -0.273895 0.0973444 -0.157919 0.290255 -0.310965 0.712409 -0.493034 0.0877272 
1.3274 -0.866701 -0.980125 1.53666 -1.36006 -1.02244 -0.356483 0.579893 -1.20973 1.06179 -0.304845 0.737518 -0.160613 -0.286227 0.801984 -1.00385 0.328838 -0.112387 -0.894333 -0.0584446 -0.323513 0.98274 -0.447041 1.45833 -0.503866 0.482868 -0.291961 0.870539 -1.26063 0.175774 0.198308 -0.667605 0.183861 -0.369966 1.35228 -0.927679 1.06588 -0.844939 0.439082 
1.23358 -0.485295 -1.16389 1.58435 -1.26805 -1.20216 -0.348398 0.435396 -0.839109 0.599167 0.0136587 0.0674685 -0.213508 -0.43827 1.27592 -0.991459 0.0499433 0.880661 -0.72121 -0.0212909 -0.333609 1.66753 -1.09445 0.805467 -1.27297 0.184864 -0.450301 1.35251 -1.35425 -0.106481 0.665203 -1.21752 -0.481328 -0.137424 1.67062 -0.91931 1.13063 -0.649639 1.07073 
1.13032 0.0782099 -1.37443 1.55892 -0.854423 -1.41898 -0.364844 0.377918 -0.0926923 0.201935 0.234499 -0.245371 -0.0298458 -0.450715 1.24357 -1.19001 -0.488901 1.07247 -0.904775 -0.587082 0.134872 1.47297 -0.686531 0.099007 -0.396864 1.04851 -0.369976 1.3398 -0.926894 -0.713765 1.05844 -0.381198 -0.0133119 0.0949123 2.05001 -1.37014 0.0859873 -0.996488 1.31202 
1.03157 0.435799 -1.63799 1.34567 -0.652141 -1.70029 -0.619233 0.505639 0.146669 0.0637246 0.0823328 -0.243216 0.496926 -0.166529 0.750392 -0.510106 -1.11778 0.645791 0.157793 0.00495743 0.486742 1.34397 -0.596079 -0.691164 -0.106424 1.69267 -0.329231 1.29674 -1.04952 -1.48654 0.772143 0.0930521 -0.680854 -0.431294 2.11922 -0.435304 -0.607379 -1.40845 1.42545 
1.04074 0.636303 -1.57529 1.01571 -0.48381 -1.32904 -0.361027 0.65262 0.80605 -0.261573 -0.223269 -0.333211 1.11295 -0.0870529 0.717541 -0.510199 -1.73409 0.0416338 1.04208 -0.326684 -0.755804 1.63991 0.150912 -0.942499 -1.55105 0.991752 -0.210632 0.939984 -0.388665 -2.24061 0.693864 1.21576 0.0234386 -0.713249 1.37523 0.522791 -1.23515 -1.91906 0.845131 
0.973433 0.969712 -1.83889 0.504003 -0.628849 -1.12095 -0.769266 0.058342 1.24507 0.194282 -0.542884 -1.43947 1.16927 -0.176129 0.670486 -0.119543 -2.2324 0.355574 1.63833 0.0281158 -1.52244 0.679016 1.24411 -1.01951 -2.54615 -0.484937 -0.167467 0.750649 0.325562 -2.35801 0.158697 1.89984 1.1085 -0.809546 0.809723 1.2076 -0.937579 -2.06682 -0.292531 
0.947357 1.13558 -1.61921 -0.0672658 -0.280038 -0.419697 -0.346467 -0.240141 1.25617 0.738384 -0.899793 -2.29297 0.79415 -0.184594 0.416631 1.03758 -1.79158 0.188952 1.76481 1.8185 -0.421548 -0.445367 1.34315 -0.357122 -1.30544 -1.41611 -0.256096 0.574412 0.176472 -2.07306 -0.0734043 1.46576 0.610214 -1.49543 -0.364698 0.237609 -1.43037 -2.15284 -1.249 
0.876705 1.28214 -1.4178 -0.365502 -0.520865 -0.141605 0.0758631 -0.194731 0.936607 1.273 -0.7781 -2.44727 0.22548 -0.241324 0.196813 0.405398 -0.867317 -0.459274 0.527178 0.793809 -0.663867 -1.20494 -0.948399 -0.96084 -0.429039 -1.31157 -0.262987 0.23925 1.13959 -1.57927 0.00980893 1.5764 2.21603 -0.665673 -0.413322 0.175775 -0.71074 -0.586749 -1.86167 
0.828187 1.28621 -1.45217 -0.489193 -0.544711 -0.125318 0.0233034 -0.634017 0.435246 -0.00531697 -1.53723 -2.62834 -0.0794712 -0.244194 -0.0568612 0.808495 -0.570024 -0.172804 0.564183 1.16226 -0.544162 -0.151792 -1.12383 -0.62915 0.491499 -1.25934 -0.333687 0.229036 0.986358 -0.853813 -0.671878 1.05711 2.04603 0.104367 -0.701372 0.049597 0.533382 0.252251 -1.65507 
0.7564 1.24605 -1.08877 -0.643464 -0.62085 0.173254 0.616562 -0.519051 0.826209 0.389786 -1.19455 -2.07635 -0.613087 -0.303774 0.14749 1.19245 -0.409865 -0.506384 1.03454 1.9584 0.830909 0.185806 1.01184 1.69316 0.772947 -1.06749 -0.252497 -0.0194988 1.01434 -0.847601 -0.924237 1.02058 1.20848 -0.249162 -0.894312 -0.375987 0.348692 1.34016 -1.19761 
0.684312 1.40054 -0.968843 -0.689598 -0.836466 0.449857 0.933337 -0.159332 0.552615 0.809916 -0.406469 -2.04147 -0.789267 -0.167337 0.0248133 0.83468 -0.697872 -1.15632 0.943561 0.463955 0.191152 -1.14999 0.66149 1.10635 1.35376 -0.463441 -0.387799 0.0260831 1.00008 -0.849783 -0.812604 1.31827 1.80883 0.855218 -1.10338 2.08218 0.152354 2.36996 -1.14914 
0.666498 1.27008 -0.749223 -0.983338 -1.28624 0.698079 0.83331 -0.416106 0.0423582 0.926394 -0.454751 -1.04384 -0.917454 -0.330346 -0.110514 0.427634 -0.861294 -0.661956 0.913058 0.474925 0.440657 -1.79386 1.5627 -1.48718 2.49347 -0.585761 -0.335723 0.00143752 1.01421 -0.529629 -0.835162 0.592612 -0.0118247 0.709183 -1.77071 0.646261 -0.52769 2.44805 -0.421957 
0.529926 1.32496 -0.792868 -1.10861 -1.21766 0.9578 1.15517 0.0885908 -0.665632 2.06324 -1.39457 -0.134502 -1.17573 -0.381112 -0.0251577 0.808284 -0.0947175 -0.0445136 -0.0681486 -0.478289 0.865591 -1.43567 0.139082 -1.83976 2.02042 -0.146594 -0.364003 -0.107937 1.04991 -0.46689 -0.631232 0.247248 -0.778275 0.161519 -1.64513 -0.35702 -0.302328 2.88216 -0.549523 
0.492029 1.25733 -0.42028 -1.03113 -1.31247 0.662974 0.612946 0.0787307 -0.934232 1.04754 -1.67775 0.500176 -1.00916 -0.264627 -0.0554539 1.27317 0.162487 -0.245162 -0.547929 -1.51966 -0.189543 -0.607832 -2.00161 1.06508 1.47979 -0.20728 -0.47151 0.141406 0.585296 0.310064 0.221843 -0.130672 -0.606593 0.279217 -1.034 0.00966761 -0.273421 1.46952 0.394693 
0.401537 1.28991 -0.277104 -1.03185 -1.35924 0.657162 0.45171 -0.0296728 -1.08371 0.481945 -0.682267 0.994706 -1.30817 -0.390722 0.236764 0.139854 0.557308 0.366047 -0.125109 -0.335642 -0.44134 -0.0707428 -0.124973 1.45758 0.00336302 0.708128 -0.405904 -0.00496263 0.747293 0.146223 0.32435 -0.695609 -1.5357 -0.827264 -0.593008 -0.939592 0.195896 -0.115228 -0.167274 
0.313758 1.43737 -0.359952 -0.763179 -1.10268 0.596345 0.458756 -0.185843 -0.989949 0.958696 -0.703945 0.496571 -0.52718 -0.399277 0.0454179 -0.0626041 0.0551923 0.714331 -0.480037 -0.543346 -1.01387 -0.252559 0.842978 -0.798949 -1.64302 -0.0373854 -0.701029 0.259583 0.407951 0.954276 1.28533 -0.139042 -1.34309 -0.561395 -0.412705 -0.224645 1.41065 -0.108719 1.62424 
0.219882 1.3291 -0.298136 -1.00705 -0.949223 0.394098 0.201165 -0.626924 -1.26209 1.16289 -1.21185 -0.272109 -1.32657 -0.758698 0.153796 0.520991 0.868258 1.48719 -0.0805163 -1.46842 -0.370974 -0.525513 -0.150393 0.486561 -0.157605 1.61732 -0.924473 -0.0652224 0.454923 1.68794 1.1875 -0.315958 -0.993296 -0.557754 0.598913 0.375065 1.33139 -0.757719 1.9295 
-0.0100808 1.55633 -0.14646 -0.344648 -0.248363 0.554396 -0.220939 -0.40953 -1.35248 0.849633 -0.377068 0.369462 0.565033 -1.11773 -0.146704 0.799542 2.46705 0.997995 0.0130146 -0.790461 0.206913 1.13827 -0.377448 2.63362 0.593136 2.80076 -1.54635 0.121638 0.367452 1.06043 1.11373 -1.32809 -1.3137 -0.00260424 0.811723 0.734718 1.56465 -1.24053 0.390797 
-0.245989 1.22689 0.0272946 0.185704 -0.376134 0.403913 -0.164018 -0.514821 -0.502121 0.873252 0.545484 0.176798 0.559956 -1.78137 0.0278774 0.0742458 0.715988 0.118897 -1.88196 -0.296123 0.380658 1.72298 1.06025 1.67032 -1.55858 -1.06137 -1.76056 -0.152936 -0.29102 0.777902 0.425345 -1.37903 -1.04346 0.542407 0.986047 0.274852 2.95612 0.816327 2.45205 
-0.738481 1.58262 -0.112498 0.000145177 -0.180653 -0.484561 -0.356795 -0.19647 -0.198035 1.70336 0.738477 -0.832563 -0.140657 -1.77474 -0.0874045 -1.27101 -1.30513 -0.383366 -2.05076 -0.610791 0.604497 0.314572 0.719172 1.4454 0.529216 0.712264 -1.56129 -0.305549 -0.10094 0.181709 0.0478005 -1.26676 0.295755 0.984532 2.13325 0.938626 1.36871 -0.159305 -0.57331 
-0.971766 1.16832 -0.479348 -0.448238 -0.597167 -0.728463 -0.445851 -0.171696 -0.297879 1.45573 1.51118 0.576662 1.04471 -0.783276 -0.493085 -0.23779 -0.445263 -0.0480307 0.010099 0.695294 1.08113 1.41046 0.10152 0.21589 1.33452 0.234205 -1.36061 0.0417305 -0.465219 -0.632716 -0.221724 -1.0758 1.01683 0.703809 0.605047 0.272212 0.868531 -0.725856 -0.779736 
-1.07204 1.22545 -0.20393 -0.217401 -0.208908 -0.476359 -0.0327271 0.423611 0.745569 1.79464 0.885023 0.185184 0.023228 -0.459772 0.148075 0.517344 0.358449 0.0660472 0.461048 1.97936 0.44434 0.580126 -0.380709 -0.250119 -1.53513 -1.83557 -0.676965 -0.228248 0.386328 -0.303116 -0.206306 0.448345 1.19436 0.642851 0.889407 0.287896 -0.121929 -0.168521 -0.25084 
-1.17735 1.28307 -0.267322 -0.276584 -0.55984 -0.470684 0.473904 0.0783675 0.0855243 1.16351 1.34725 -0.607372 -0.180615 -0.326556 0.144932 0.863605 -0.00873213 -0.247082 0.652155 0.91194 -0.121965 -0.0991909 0.256319 -0.388796 -1.57129 -0.598753 0.731698 -1.44221 1.42364 0.042763 0.00267597 1.33899 -0.57884 1.5767 1.19027 -1.58919 -0.205518 -0.751498 -1.79356 
-1.22493 1.33789 0.147245 -0.223556 -0.351594 -0.112813 0.391845 0.344614 0.670659 2.00903 0.628704 -1.0266 -0.371959 1.66736 -2.3345 1.78889 -0.295422 -0.0601722 1.51716 -2.75598 1.88854 1.17189 -1.58045 -0.0382541 0.493829 -0.742168 1.90067 -2.46074 1.69345 0.336005 -0.749377 0.916797 -1.38045 0.500777 -0.0640715 -2.54327 0.836409 0.940143 0.0393251 
-0.541462 -0.429475 0.45569 -0.421569 -0.595075 0.3716 -0.803096 1.1676 0.868171 -0.08285 1.32448 -0.23466 -0.672061 3.45725 -3.8737 1.8797 0.510099 -0.830195 0.70225 -2.76623 0.872137 0.0136656 -3.39617 1.53971 2.86452 0.650476 2.24776 -3.0201 1.95562 0.964028 0.200313 0.712904 -1.57286 2.02359 1.58921 -2.04995 0.977051 2.15636 -0.396223 
0.119025 -1.50759 0.90675 0.021535 -0.829503 0.278459 -0.889912 0.843255 0.67189 -0.681331 1.65723 1.16506 0.0713224 2.03432 -2.2413 1.37913 1.73557 0.350696 -0.464017 0.643017 1.10173 1.16456 -0.949945 1.38345 2.47781 0.169053 2.0631 -3.12338 0.68742 0.507394 0.108539 -0.495827 -1.98614 1.4069 0.0407289 -1.99273 1.62373 2.44396 0.445635 
0.239595 -2.07342 1.01404 0.416958 -0.394108 0.117403 -0.50328 1.79966 1.64587 -0.82778 2.24889 1.66029 -0.551905 -0.0593526 -0.858483 -0.766128 0.247462 0.98854 -1.43503 0.0976563 1.21096 0.0543362 0.936473 0.698786 0.50402 -0.0158601 0.819358 -1.43517 0.221481 1.20953 0.842531 -0.495014 0.445003 0.91681 0.737084 -1.14594 -0.430842 1.91288 0.630826 
0.0718419 -2.13372 0.602999 0.139443 -0.261848 -0.513147 -0.843091 1.53878 0.70056 0.073966 2.1255 1.54559 0.0673666 -0.682525 0.0655279 -1.02036 0.0715525 0.86479 -0.267566 -0.0432004 0.260435 -0.0764288 -0.463606 -1.98308 0.157814 0.731239 -0.438249 -0.00928436 -0.672912 0.64057 1.04501 -0.577338 0.115924 1.20053 1.26216 0.866875 -1.21912 1.00831 0.721489 
-0.0541103 -2.01943 0.608117 0.449681 0.102405 -0.0280684 -0.521804 1.94286 1.58632 -1.18594 0.930405 1.7752 -0.0544167 -0.657764 0.841903 -0.323993 0.709172 0.518574 0.581816 0.0597521 0.568564 1.803 0.136651 -2.38733 0.88328 1.04622 -0.668622 1.5645 -0.563873 0.571315 1.10298 -0.690042 -1.22742 -1.77768 -1.00553 -0.191685 -2.71188 -0.896102 1.09804 
-0.212068 -1.50827 0.476925 0.480936 0.0356299 -0.188529 -0.813855 1.86102 1.909 0.193182 0.537683 2.21711 0.776266 -0.413583 2.30104 0.106883 0.781559 0.725807 -0.752176 -1.60537 -2.86194 -1.38829 0.22896 -1.76751 -1.39867 0.839315 0.158869 2.36828 -0.540542 -0.128294 0.214001 0.075248 -0.807585 -2.23534 0.0729314 -2.35241 -3.15588 -1.61002 1.49381 
-0.241425 -0.319976 0.655194 0.826227 0.519018 -0.441747 -1.26503 0.271759 0.641693 -0.993308 -0.244463 0.695859 0.515611 0.922978 2.74182 -0.551693 -0.901843 -0.208337 -0.470822 -1.14389 -3.8433 -1.68783 -3.04071 -1.97659 -3.10937 1.09212 0.556614 2.18938 -0.65915 -0.76319 0.53909 0.732785 -0.766913 -3.627 -0.391242 -0.812633 -1.74586 -2.92303 2.07643 
0.12935 0.515619 0.259347 0.0422891 -0.0847822 -0.446493 -1.343 -0.380309 0.762289 -2.21449 -0.776482 -0.174783 1.51597 1.33314 1.01177 -1.17471 -1.92328 0.0526435 1.8347 0.575903 -2.45997 0.823479 -1.23074 -0.648648 -2.63941 2.13485 1.02271 1.45436 -0.753929 -1.01427 0.363061 1.45204 -0.485192 -3.60394 -0.421431 -2.57473 -1.57985 -3.51859 1.77503 
0.262249 0.430506 0.187251 -0.107052 0.54864 0.576276 -0.996344 -1.16577 1.18928 -1.96155 -0.673904 -1.33546 1.95518 0.763353 -0.542029 -0.669673 -0.615193 0.73326 2.61607 0.493172 -1.44468 1.07879 -0.13801 -0.210242 -1.7506 1.44965 1.09172 0.109314 -0.923363 -1.18572 -0.114682 1.46775 0.491702 -2.09113 0.918473 -1.42437 -1.1582 -1.8754 2.14091 
0.407622 0.122423 -0.00564302 -0.257547 0.336116 1.00398 -1.1127 -1.22789 1.48212 -2.3137 -0.913841 -1.52414 2.49565 0.466735 -0.848759 -0.321135 0.149959 -0.215795 0.33375 0.086695 -0.60263 0.530374 -0.526794 -0.955734 0.0470928 0.931815 0.631149 -0.444733 -0.209225 -0.247203 -0.153302 0.93747 0.69992 -1.75366 1.56389 1.5911 -0.497392 -1.46971 0.0654752 
0.423181 -0.18846 0.0623249 -0.0363603 0.42394 0.763602 -0.954609 -1.52406 1.53911 -2.36996 -1.30794 -1.30551 2.5873 0.278818 -0.133942 0.330711 0.244777 -0.952033 -1.23112 0.449351 -1.12149 1.22057 2.10586 -0.481318 -0.281855 -1.36042 0.502191 -0.341612 0.269203 -0.0284755 -1.34396 -0.565679 -0.965056 -1.11378 1.56341 1.45323 -0.163189 -0.177427 -0.255159 
0.494216 0.0295998 0.131383 -0.140939 -0.211837 0.32523 -0.902721 -1.88767 2.29761 -0.628414 -1.2318 -1.74659 1.58925 0.363286 0.328942 0.757212 -0.19342 -1.71783 -1.16974 -1.38254 -1.02226 1.76827 2.32432 0.725832 -0.296154 -1.30256 0.17812 0.189133 0.369224 -0.15215 -0.96423 -1.27965 -0.517207 -1.4254 1.0311 2.43397 -0.214655 0.223941 -0.622499 
0.54319 0.0594239 0.370745 -0.131951 -0.564258 0.118822 -1.59446 -2.12619 2.72412 -0.510937 -0.82165 -1.53892 1.71972 0.0180671 0.417821 0.267398 -0.473108 -0.434687 -0.659783 -1.14311 -0.961802 0.298278 0.903282 0.180323 0.586694 0.462684 0.110535 0.300734 0.0832571 -0.278358 -1.0334 -0.634454 -0.358664 -0.887747 1.0203 2.87999 0.51853 -0.0487915 -1.09945 
0.477659 0.342903 0.242965 -0.371969 -0.462374 -0.0373132 -1.4315 -2.45467 2.49086 0.100487 -1.10895 -1.30262 1.90648 -0.177586 0.123933 -0.622362 -0.223568 0.231493 0.232133 0.901919 -0.270131 -0.26525 1.23585 -0.0140268 0.224613 -0.279409 -0.0673194 0.232686 0.197441 -0.289357 -0.236792 0.208643 -0.14842 -1.01955 0.0359706 0.738903 0.687898 0.433836 -0.113102 
0.449234 0.15641 0.124768 -0.24214 -0.431819 0.249908 -1.17454 -2.29128 2.53718 0.48245 -0.828283 -1.37277 1.53888 -0.124959 -0.0679908 0.0524272 0.0396788 0.0956662 0.967871 0.945142 -0.524475 -0.237247 0.011742 0.765441 0.00780697 -0.629634 -0.176717 0.254521 -0.340987 -0.411868 0.48006 -0.0620369 1.65162 -0.266136 -0.759909 1.69921 0.627239 0.173913 -1.03107 
0.404522 0.298624 0.268159 -0.354681 -0.40802 0.500966 -0.991528 -2.76755 2.32281 0.120366 -0.596274 -1.30282 1.49057 -0.109278 0.258962 0.0699485 -0.392991 0.461939 -0.323981 1.32006 -0.107848 -0.839641 0.865561 0.875998 0.0111851 -1.20447 -0.191966 0.026264 0.279144 0.0775866 0.107338 0.54041 1.51023 -0.512946 -1.73282 -0.0999364 0.912892 -0.0264417 -1.65301 
0.3823 0.352785 0.157003 -0.434374 -0.166899 0.0732138 -0.560636 -2.36207 1.96271 1.18135 -0.241948 -1.37037 0.737141 -0.186991 0.105241 0.399754 0.075403 0.0609488 -0.169589 1.08675 -0.21657 -2.29291 -0.13304 0.491124 -0.048504 -1.74647 -0.322346 0.252812 0.861609 0.148697 0.289649 0.501416 1.60545 -0.688255 -1.99644 -0.559917 0.586788 0.594453 -0.67966 
0.306846 0.381852 0.432931 -0.320093 -0.373623 0.40972 -0.485861 -2.90152 0.767869 0.0251026 -0.266357 -1.34622 0.325045 -0.417163 0.121344 1.32581 0.614369 -0.0427488 1.06465 0.83984 -0.891081 -2.0767 -1.55513 -0.0699042 0.804972 0.224731 -0.339994 0.140063 0.528773 0.28623 0.14031 -0.481876 0.978196 0.0592969 -2.32587 -0.341306 0.307854 0.0792239 -0.950467 
0.19357 0.447866 0.693919 -0.13879 -0.192117 0.665055 -0.169511 -2.88797 0.553638 -0.0448686 -0.285809 -0.75893 0.894668 -0.368483 0.104333 0.456818 0.351561 0.143155 -0.542583 0.229885 0.317312 -1.10604 -0.286452 -0.0703417 0.153629 0.378239 -0.489771 0.226259 0.978868 0.420599 0.382391 0.261374 -0.339668 -0.101357 -1.08886 -1.14865 0.393607 0.113509 0.159634 
0.137373 0.464412 0.620634 -0.151774 -0.291968 0.11204 -0.377699 -2.72526 0.0136708 -0.192166 -0.310509 -1.23453 0.585604 -0.384712 0.218754 0.259905 0.0134505 0.595512 -0.678649 -1.29492 0.755497 0.489918 0.138225 0.609144 -0.652533 -0.000412646 -0.501319 0.228155 0.45437 0.593895 0.361658 -0.404692 -0.534663 0.544594 0.575621 0.0521705 -0.0837593 -0.358173 -0.247194 
0.0176765 0.614646 0.802491 -0.134203 0.149591 0.292069 -0.768717 -2.45711 0.87618 0.0755994 0.122737 -1.26578 0.90108 -0.45239 0.238637 0.279224 0.535303 0.379748 -0.0555478 -0.947114 0.497317 1.95763 0.35307 -0.0498382 -0.652126 -0.737558 -0.472728 0.412095 0.087524 0.494921 0.045476 -0.760786 -1.30456 0.938419 0.624023 0.566677 -0.0840456 -0.6303 -0.200569 
-0.0652936 0.645827 0.736969 0.105522 -0.0742996 0.0839099 -0.815555 -2.44442 1.32643 0.0991638 -0.341002 -1.74107 0.0972529 -0.389125 0.402752 -0.118143 0.725466 -0.527994 -0.445618 -0.45735 0.638459 0.432581 0.564027 -0.729719 -0.221508 -0.292018 -0.545619 0.357195 0.24131 0.749444 0.307771 -0.0775084 -0.825717 0.428025 1.3302 0.75949 0.237928 -0.371088 -0.547765 
-0.159963 0.916857 0.75914 0.215181 -0.154587 0.0480549 -0.979368 -2.09425 1.16004 0.534698 -0.360717 -1.44192 0.71177 -0.441362 0.299735 0.111667 0.584076 0.0655431 -0.0591599 -0.161403 0.145835 -0.000623585 0.587387 0.374027 0.135807 -0.0529603 -0.775757 0.323389 -0.15154 0.720202 -0.542616 -0.352868 0.0555901 0.294942 0.251203 0.469786 -0.707129 -0.584918 -1.1172 
-0.263597 0.872213 0.78597 0.386437 -0.0372622 0.0537803 -0.888914 -2.36781 1.31802 0.57684 -0.0890988 -1.64305 0.0683959 -0.883231 0.0844289 -0.127372 0.350203 -0.251493 -0.0759401 0.533647 -0.191076 -0.0562457 0.0185228 -0.251564 -0.589904 -1.31542 -0.815868 0.263323 0.377898 0.642474 -0.257584 0.20129 0.0365802 0.541348 -0.173474 0.0781502 -0.565583 0.754907 0.122572 
-0.533066 0.984767 0.71208 0.382842 -0.299809 0.00863835 -0.730289 -2.2134 1.1141 0.55997 -0.525607 -1.90072 -0.164434 -0.896982 0.096488 0.500493 0.375404 -0.43451 0.356385 0.212144 0.664018 -0.245171 -0.488673 -1.15978 0.901783 0.224109 -1.24224 0.194556 0.372751 0.430712 0.0474821 -0.166753 0.144287 0.593764 -0.509464 0.261328 0.802348 1.19588 -0.826255 
-0.64214 0.948998 0.991224 0.566301 -0.287698 0.253633 -0.788982 -1.9901 1.14462 0.19875 -0.859079 -0.957329 0.225505 -1.15654 0.207662 0.731194 0.292733 0.321901 -0.170628 -0.338107 1.07803 -0.681757 0.306493 1.35543 2.23605 0.125376 -1.5185 0.33764 0.215224 -0.0854936 0.189226 -0.333165 0.0193066 0.498157 -0.696684 0.426683 0.557674 1.30178 0.515004 
-1.01429 1.14338 1.01004 0.522672 -0.115396 -0.0831831 -0.885622 -1.59512 0.646156 0.814258 0.380141 -0.191263 -0.0735934 -1.59728 0.412273 -0.151861 -0.504096 0.709066 -0.848831 -0.184626 0.0823 -0.7671 1.01797 1.92566 0.890507 0.510024 -1.1764 0.183066 0.0323585 -0.225758 0.286111 -0.426826 0.383982 1.26696 -0.682809 0.528307 1.28052 1.22083 0.204689 
-1.29772 1.25822 0.934323 0.320265 0.119291 -0.213539 -0.873114 -1.9504 0.619099 1.01886 0.426581 -0.280259 0.574516 -0.774913 0.0670291 -0.678798 -0.631093 0.0921939 -0.460205 0.855888 0.799211 -0.310188 0.348355 0.408965 -0.555467 0.163579 -1.12714 0.301358 -0.0859031 -0.107447 0.460823 -0.602796 -0.13658 0.782176 -1.20845 0.39299 1.34252 0.690549 -0.64601 
-1.34454 1.19848 0.741388 0.215137 -0.0630371 -0.33527 -0.487052 -1.13886 0.428894 1.10184 0.655321 -0.623637 0.0428882 -0.25314 0.0415467 0.0126762 0.342588 -0.0433403 -0.0420031 0.0025725 1.08182 -0.994883 -0.530298 -0.0756176 0.0582657 -1.44149 -0.473148 -0.576151 0.419285 0.183038 -0.0479265 0.0787849 -0.842679 1.19398 -1.46894 -0.29884 0.307452 -0.304459 0.869681 
-1.42156 1.29456 0.943543 0.484238 0.093733 -0.234173 -0.870404 -1.32992 -0.0601038 0.607668 0.378914 -0.241739 -0.386303 0.000383816 -0.942004 1.358 0.903805 -0.1592 0.576425 -1.98721 0.970685 -1.8334 -0.715383 0.0112627 0.131096 1.07937 1.98155 -2.55608 -0.584857 1.67928 -0.399724 -0.096168 -0.378929 2.009 -1.21818 -1.0544 1.24017 -0.510652 0.103962 
-1.3681 0.510886 1.29124 0.650882 -0.155201 -0.0136367 -1.40742 -0.582953 -0.81603 0.543449 0.665536 -0.529237 0.774042 3.51689 -3.9147 -0.960152 2.16672 -0.530346 -0.100274 -0.510435 1.887 -0.781353 -0.770165 1.78428 -0.767189 1.58594 2.61238 -3.02777 0.493703 0.974923 1.02467 -0.287478 -1.08564 2.19619 -0.770493 -1.3341 0.658638 0.586606 2.25371 
-0.0540122 -1.58109 0.561822 1.53155 -0.211797 -0.287057 -1.10568 -0.241582 -0.595245 0.00571289 1.57038 -0.83656 0.684849 4.30116 -3.64541 -0.558243 0.552623 1.63702 -1.00137 0.52925 2.2735 0.713005 -0.930628 0.894082 0.674233 2.14911 2.3171 -3.18668 0.247405 -0.300863 1.1018 0.570973 -1.39552 2.42491 0.583269 -0.755221 0.328302 0.53882 1.86547 
0.309704 -2.16656 1.07103 0.916565 0.785254 -0.56523 -1.16038 0.729967 -0.342978 -0.186119 1.26392 -0.0181067 2.22319 0.298878 -0.913349 1.36092 -2.61735 2.11925 0.943715 -1.36411 1.69363 1.64415 -0.160687 -1.33525 1.50657 1.08559 1.89838 -2.34751 -0.764472 0.213502 1.33783 -0.0259325 -0.0928387 1.21988 1.60332 0.154294 -0.627173 1.05467 0.0569278 
0.0405174 -2.2476 1.11285 0.262168 1.00589 0.237853 -1.73699 0.734397 0.506018 -0.111537 0.683498 0.313193 1.42017 -1.17424 0.0880948 -0.680203 -0.234374 0.291832 0.962865 -0.652498 -0.465504 1.64411 1.12341 -1.76492 0.777044 -2.07214 -0.256326 0.30804 0.131535 -1.43497 1.37803 0.248462 -1.04711 0.128641 1.33498 0.0544679 -2.86495 0.808734 0.170339 
-0.17852 -2.09595 0.801811 0.801143 0.952382 -0.0297213 -1.46156 0.451352 0.758258 0.717847 0.0907766 0.571907 0.839086 -0.716708 1.37729 -1.14786 0.471453 -0.13251 -0.576793 -0.0420475 -1.49088 0.319867 0.230143 -2.62679 -0.394699 -0.84591 -0.483288 2.2359 -0.641538 -1.98552 -0.967289 0.431156 0.196861 -1.5602 0.631484 -0.359592 -2.30103 -0.142284 -0.751505 
-0.266711 -1.22808 0.655693 0.488545 0.929066 -0.0787601 -1.75497 -0.140026 0.713832 0.0820313 -1.06386 0.00417017 0.859095 0.383027 3.29517 -0.359093 -2.7345 -1.68296 -0.326008 0.918718 -1.81608 -0.710681 -1.5655 -1.41814 -0.977608 0.989334 0.379203 2.48245 -1.12321 -2.1149 -1.63715 0.150422 1.70786 -2.73264 -0.343007 -0.525893 -1.12101 -1.21129 -0.54456 
-0.0507015 0.33523 0.661631 -0.524972 -0.0157687 -0.207537 -1.03384 -0.612036 0.270797 -0.516617 -0.85133 -0.184362 1.5098 1.3444 2.37932 -0.671732 -3.63372 -2.22339 0.798859 2.33962 -2.51541 -0.814018 -0.877679 1.07379 -1.28113 0.0599898 0.935162 2.36051 -0.943449 -2.83056 -1.83659 1.73438 1.27794 -2.92365 0.348085 -1.22513 -0.0737542 -1.30357 -0.37103 
0.241418 0.528992 0.389877 -1.27303 -0.349772 0.365979 -0.668091 -1.60977 0.156652 -0.605427 -0.345747 -0.984982 0.906049 1.15928 0.276788 -1.16929 -1.49754 -0.960183 2.88842 0.80088 -2.47118 1.22894 0.0541029 1.31178 -0.825573 -1.52631 1.47936 0.67866 0.0211144 -2.70173 -1.72023 1.55508 2.15091 -2.03448 -0.0823426 0.299326 0.0980171 0.0168886 -1.16828 
0.384197 0.544725 0.195865 -1.25209 -0.568406 1.39367 -0.66079 -2.05608 1.09194 -0.46305 0.0253399 -0.82398 0.492053 1.09318 -1.35416 0.705913 -0.405742 -0.252159 1.49863 0.553591 -0.463855 0.701727 1.24964 -0.942866 1.30023 -1.7407 0.894419 -0.411249 -0.196284 -0.826222 -0.784043 2.03528 1.44632 -1.75498 0.747202 -0.438745 0.460567 -0.259903 -1.51617 
0.650169 -0.461975 0.677681 -1.47143 -0.495377 1.19801 -0.409759 -1.88742 0.622095 0.398924 -0.971207 0.00645503 -0.255599 0.316 -0.902055 0.851293 0.261602 -0.167022 0.118566 1.14509 -0.0969367 -0.125995 -0.593973 -0.680044 0.462691 -0.65349 0.465263 -0.425591 0.303231 0.270042 -0.899962 0.974745 1.08725 -0.400645 0.482993 -0.24355 0.904521 0.496109 -1.95559 
0.4855 -0.113469 0.542092 -1.12733 -0.665067 1.4619 -0.128056 -2.12053 0.998942 -0.924883 -0.425019 -0.475159 0.0601279 -0.323914 0.707174 -0.214711 0.808509 -1.042 -0.0586061 0.909656 -0.111992 0.0141696 -1.54836 2.18787 -0.619792 -1.06949 0.229082 -0.333888 0.928938 0.341548 -1.21778 -0.921497 0.439796 -0.0731653 0.0605707 -0.607465 0.523112 0.432056 -1.89152 
0.498327 0.0643075 0.595523 -1.08184 -1.09505 1.16818 0.0137531 -1.96062 0.623666 -0.821912 0.489144 -0.475274 -0.966742 0.0647228 0.393935 0.653534 0.248051 -1.58488 -1.48029 -0.552277 0.00282269 0.223064 -0.154338 1.39818 0.129353 -2.06479 -0.247239 0.797556 0.236563 0.626201 -1.51742 -1.11267 -0.145664 -0.110106 0.58772 -0.961326 1.4796 -0.50928 -0.563081 
0.4874 0.182253 0.808848 -1.00914 -1.57684 0.645247 -0.382744 -2.12702 1.14145 -1.03708 0.509212 -0.382095 -1.31904 -0.0789678 0.498028 0.597912 0.126647 -1.14146 -1.58559 -1.10392 -0.0364635 0.855146 0.362881 -0.148464 -0.0872379 0.257003 -0.00114414 0.458762 0.261489 0.170841 -1.12428 -0.755705 -0.0200665 0.286632 0.24005 0.921474 1.38792 0.136753 -2.06019 
0.443383 0.436648 0.839926 -1.02243 -1.7519 0.293256 -0.496846 -1.98994 1.19262 -0.522781 0.392943 -0.548394 -0.787555 -0.062749 0.298238 -0.229953 0.00642863 -0.0323537 0.363529 0.526863 0.432336 0.136933 1.29491 0.514571 0.0551641 -0.895459 -0.0587266 0.528899 -0.0929441 -0.0634793 -0.547736 -0.131503 -0.126897 -0.0526172 -0.557267 0.747828 0.25969 0.368361 -0.899722 
0.438873 0.407537 0.720565 -1.00795 -1.59608 0.849054 -0.136812 -1.88393 1.22584 0.00327418 0.85475 -0.345955 -1.91338 -0.0137883 0.300351 -0.748503 -0.222432 0.354601 1.3911 0.934886 -0.0274237 -1.66318 0.563169 0.502715 0.591381 -1.55244 -0.162238 0.534519 0.067956 -0.79427 -0.14228 1.02875 0.74958 0.329415 -1.0803 1.04235 0.201727 0.754075 -0.965082 
0.414225 0.663487 0.543258 -1.13207 -1.54869 1.06577 -0.0616296 -2.014 0.0625361 -0.0643638 0.730583 -0.100833 -1.82285 -0.200295 0.508652 0.340016 -1.19461 -0.170545 1.15629 0.482423 0.0657579 -1.71118 -0.00500031 -0.240389 0.981278 -0.493745 0.0235455 0.40551 -0.032476 0.12398 -0.0893645 1.21402 1.09233 0.895306 -2.84678 -0.371046 -0.563659 1.94098 -0.914888 
0.335933 0.787697 0.86133 -1.58837 -1.69476 1.49161 0.0885038 -1.85384 0.0633758 0.00983811 0.697306 0.40076 -2.23808 0.0563796 0.311183 0.695869 0.406863 -0.481288 0.402463 0.535182 1.35796 -2.49887 -1.0194 -1.28581 2.08302 0.235247 -0.17366 0.352976 0.413888 0.239099 -0.155066 0.918792 0.250483 1.20546 -2.87938 -0.45613 -1.34217 2.07891 0.561346 
0.412824 0.8983 0.827026 -0.936975 -1.82602 1.29112 0.188162 -1.23306 -1.63136 -0.864532 -0.123363 1.49121 -1.65826 -0.0815409 0.0233318 0.330446 1.55112 -0.0507699 0.201065 -0.144115 1.72102 -2.49862 -0.556347 -1.61812 1.88348 1.29436 -0.389949 0.257298 0.742398 0.205442 -0.231989 0.920289 -0.442922 1.44695 -1.35067 0.32467 -1.63086 1.50627 0.103547 
0.279972 0.810636 0.998249 -0.839163 -1.72459 1.6055 0.0231646 -0.861949 -1.63035 -0.422072 -0.378037 1.83971 -1.36263 -0.694036 0.0759176 0.506769 -0.100662 0.149185 0.957101 -1.12908 0.784056 0.528543 1.42267 -0.971479 -0.00853219 -0.0913916 -0.219416 0.1626 -0.00498616 0.693941 0.112741 -0.251082 -0.601094 1.30848 -2.12682 0.649033 -1.18135 1.22319 1.19095 
0.114564 0.959944 1.0348 -0.987647 -1.74089 1.82344 -0.334107 -0.785604 -1.28276 0.27743 -0.767887 1.47848 -1.71291 -0.275569 0.220369 -0.338548 -0.514703 0.215168 -0.572232 -0.662422 0.21731 -0.608724 1.36034 -0.0182344 -0.19965 0.409487 -0.772926 0.202111 0.171723 -0.482761 0.337095 0.817369 -0.614438 0.787023 -0.425038 1.61336 -0.667329 -0.0473297 0.550977 
0.147255 0.978605 0.866326 -1.09034 -1.60154 1.29142 -0.28262 -0.743805 -2.04903 0.67032 -0.387473 1.68034 -1.0811 -0.573663 0.227614 -0.228607 -0.62187 0.33834 0.250396 0.304599 0.387193 -1.14287 0.57268 0.0451732 -0.060991 0.877132 -0.69493 0.598458 -0.147472 -0.130514 0.538478 -0.15133 0.0822596 0.325565 -0.638335 1.01333 -0.147392 -0.918718 0.160115 
-0.136077 1.13325 0.947061 -1.29072 -1.54703 1.96464 -0.191285 -0.568747 -2.0618 0.74341 -0.735079 1.4255 -1.1175 -0.863818 0.683343 0.0996233 0.318714 0.562402 0.348451 0.774573 0.27512 -0.318068 -0.106284 -0.189846 -1.07242 -0.184479 -0.69896 0.299975 0.325274 -0.132101 1.05717 -0.74103 0.362687 -0.157268 -0.752997 -1.14841 0.774569 -1.23327 0.956401 
-0.218169 1.48735 0.910486 -0.937924 -1.27886 1.48688 0.0782262 -0.592069 -2.2716 0.596335 -0.511244 0.851323 -1.19823 -0.572353 0.22411 0.755516 0.423509 1.18628 -1.34547 0.184555 -0.605025 0.048099 -1.98929 1.02032 -1.64517 0.49023 -0.453 -0.863651 1.5628 0.466089 1.87486 -0.662143 -1.06274 0.0940688 0.695407 -0.987506 1.24687 -1.721 0.446789 
-0.386199 1.30397 1.2548 -1.08756 -0.865702 1.2226 -0.104152 -0.928432 -2.03734 -0.82809 -0.0525944 0.157034 -0.781777 0.122435 -1.99367 2.43205 0.377104 2.1399 -1.32697 -2.20174 -0.123228 1.34514 -1.11154 1.90776 -1.30682 0.820751 0.155414 -2.12452 1.63057 -0.0160355 2.19832 -1.44444 -1.73297 0.675338 1.94738 0.292507 1.90525 -1.26708 1.1039 
-0.193439 0.0256633 1.89196 -0.757236 -0.0493077 0.755079 -0.941658 -0.671799 -1.37207 -0.277106 0.762491 -0.15754 -0.640662 0.831884 -3.44375 1.88594 -0.448374 1.9819 -0.788912 -2.51276 1.61198 2.81305 2.35283 1.60707 -0.107644 1.08874 0.556459 -2.80501 1.72396 -0.255729 1.5896 -0.377854 -2.5993 0.525608 2.00389 -0.733132 2.18558 -1.26648 0.588003 
-0.0808168 -1.22504 2.01681 -1.30661 0.273019 0.788589 -1.26832 0.000105895 -0.147459 1.0536 1.02081 0.068258 -0.0443392 0.796862 -2.25641 0.360686 -0.760266 0.151561 0.768495 -1.29115 0.909927 1.59879 0.207975 1.10685 -0.445165 0.0181072 0.820109 -2.76562 1.38263 0.694463 1.00359 -0.456474 -2.48381 0.601865 1.98277 0.432516 1.29101 -0.0933951 0.673927 
0.0980893 -1.62941 2.04103 -1.12732 0.0371802 1.18301 -1.53911 -0.1512 -0.301407 -0.101168 1.50263 -0.505284 -0.621819 0.52115 -0.746703 0.353848 1.48557 -0.534438 0.114273 -0.824862 -0.713106 0.0999541 -1.81632 0.171817 -0.0254511 -0.126614 0.472859 -1.78544 0.966413 0.305342 -0.420843 -0.394992 -1.5086 0.75862 1.24969 -0.613174 -0.0478204 1.11858 0.252139 
0.101642 -1.76889 2.16313 -0.589144 -0.0348643 0.854446 -1.64946 -0.422381 -0.0880117 -0.380338 1.13799 0.0425453 -0.122632 -0.0150964 -0.449761 1.20485 1.2158 -0.755664 -1.35229 -0.735428 0.21954 0.240277 -0.963339 -1.17739 1.98464 0.338919 -0.0242008 -0.984272 0.519052 1.20194 -0.128816 0.255197 -0.302391 -0.217603 -0.0410635 -1.17515 0.223596 0.922568 -1.04748 
0.0684131 -1.95469 2.52934 -0.540495 -0.397882 0.437202 -1.87877 -0.0317605 -0.147289 -0.85675 0.720922 1.01127 -0.387652 -0.557107 -0.746282 0.486978 0.310209 0.35093 0.2626 0.419895 0.40652 -0.151774 0.366674 0.132575 1.29442 -1.3808 -0.337643 -0.677131 0.716354 0.625458 -0.452883 -0.668208 -0.322601 0.475291 0.256263 0.145915 -0.995219 0.908779 0.771727 
-0.14245 -2.31243 2.36296 -0.44085 0.166238 1.00239 -1.45315 -0.194293 -0.198397 -0.0781889 1.22903 1.02952 -1.04272 -0.536511 -0.578126 -0.044402 -0.281754 0.105416 0.364812 0.303292 0.493141 0.143471 1.14577 -0.201855 -0.734702 0.763511 -0.4118 -0.782866 0.548427 -0.0426589 -0.0366617 -0.0698579 0.545921 0.777506 -0.602668 0.802665 -0.256448 0.419094 0.0973311 
-0.167531 -2.37446 2.51562 -0.678862 -0.337923 0.641719 -1.73655 0.246659 -0.0584827 0.0649978 0.58915 0.441379 0.131497 -0.116497 -0.441718 0.401433 -0.374871 -0.401712 -0.366004 0.315594 0.750729 -0.722768 0.627122 -0.491303 -0.720262 1.51574 -0.657963 -0.526069 0.187964 -0.0671561 0.596423 0.792728 0.132368 0.768781 0.00857445 1.22937 -0.114118 -0.0745585 0.243859 
-0.212239 -2.63179 2.5284 -0.624309 -0.0653426 0.802442 -1.30523 0.233801 -0.694014 0.431088 0.904414 0.470705 -0.018684 -0.542061 -0.221011 0.348874 0.180473 0.755609 0.806277 -0.123776 0.651273 -0.122574 0.375193 0.039739 0.627602 -0.418363 -0.29211 -0.333669 0.0422579 0.233319 0.44739 -0.434342 0.0792515 1.40821 -0.505536 0.230631 -0.51527 -0.109208 1.58563 
-0.40567 -2.53137 2.65994 -0.593393 0.0958234 1.09056 -1.79245 0.616964 -0.149168 0.373921 0.618337 0.916731 -0.142614 -0.360203 -0.0660713 -0.333001 0.722744 1.04809 -0.275934 -0.207487 1.3343 -0.00948035 -0.340029 -0.224953 0.565344 0.754319 -0.406484 0.128065 -0.0547565 0.279636 0.71354 -0.0926001 -0.243826 0.676586 0.208944 -0.0985892 0.782802 1.01434 0.770749 
-0.378437 -2.67466 2.39871 -0.276244 0.536547 0.652339 -1.39997 1.00099 -0.708399 0.171211 0.757254 0.898289 0.494296 -0.122798 0.412416 -0.437602 0.236635 0.274095 -0.943283 -0.202457 0.357519 0.437003 -0.494827 1.03712 0.768019 1.51939 0.0746911 1.46652 -1.3804 0.556918 0.506657 -1.64323 -2.93574 -0.657503 -0.0419763 -0.0371973 -0.963316 -0.89849 1.71323 
-0.477952 -2.22204 2.48821 -0.480728 0.252754 0.571118 -1.88486 0.816579 0.137674 -0.00906326 1.31202 1.49982 0.883873 0.486935 2.28427 -1.90323 0.108847 -0.316352 -2.15217 -3.7377 -2.28799 -0.0436767 0.29624 -1.11022 -1.8095 1.69879 1.13778 2.21404 -3.25247 0.824787 0.341638 -1.65733 -2.34501 -1.9197 0.885794 0.380309 -2.01473 -1.37052 2.45261 
-0.209514 -0.987545 1.638 -0.225461 0.354038 -0.536162 -3.1324 -0.336609 -0.745855 0.417345 0.0202951 -0.496258 1.64119 1.99844 2.93775 -4.83132 0.995369 0.219974 -1.50566 -2.94857 -3.16795 0.868976 0.966835 -3.82468 -2.66359 1.99444 1.18973 2.24626 -3.57909 0.5363 -0.393199 -1.13456 -2.57407 -1.84576 1.33918 0.210988 -2.12472 -1.26254 1.61805 
0.28891 -0.0539407 0.550822 -0.000643565 0.378571 -0.259573 -3.2512 -1.03233 0.715955 0.77038 -1.23342 -0.550044 2.22921 1.47417 1.11467 -3.89482 0.691924 -0.247936 0.475642 0.278725 -0.413658 2.01385 -0.0334146 -1.82928 0.0629372 0.61778 1.40794 1.93949 -3.80786 0.847696 0.127909 -0.902911 -1.62464 -1.59503 0.384034 0.677694 -2.62983 -1.48766 1.37641 
0.349951 -0.161322 0.0769543 0.107679 0.210861 -0.270306 -3.00158 -0.585097 0.604831 0.401312 -1.19573 -0.454154 2.06253 0.321653 -0.00333292 -1.33732 0.27088 -0.0337309 0.171396 0.765999 0.835125 -0.29805 -0.12743 0.187431 0.606366 -0.0245365 1.19137 0.756754 -2.93617 1.08434 0.0757773 -0.088054 1.31094 -0.328178 1.39477 -0.173518 -1.21163 0.140652 0.178539 
0.392449 -0.0506285 0.0175329 0.128605 0.358538 -0.162102 -2.89433 -0.555193 0.506882 0.679578 -1.10583 -0.0909857 2.21943 0.489643 0.0287432 -0.861723 0.928064 0.359096 -0.605931 1.48525 -0.0555875 0.0377646 -0.178787 0.151102 0.12696 -0.36634 0.778877 -0.111674 -1.81639 1.22306 -0.246276 -1.54817 2.04846 1.01271 0.0764304 -0.565508 -0.290843 0.0400651 -0.524297 
0.519945 -0.1344 -0.265212 0.555171 0.416658 -0.603046 -2.31105 -0.625524 0.622321 0.269667 -1.09235 -0.362927 1.82333 0.963548 -0.168293 -1.6052 1.55646 -0.31895 -2.45905 1.98947 0.668117 0.418353 -0.569047 -0.59367 -0.555281 -0.732315 0.778322 0.105197 -1.50866 1.43814 -0.442192 -2.34421 1.69038 1.0102 0.291832 -0.493512 -0.216092 -0.785016 -0.76308 
0.749917 -0.168736 -0.623407 0.8804 0.174535 -1.52045 -1.96989 -0.175101 0.781142 0.237569 -1.49864 -0.523219 1.7346 0.794646 0.128033 -1.58228 1.22079 -0.993946 -2.85789 0.788828 1.55514 0.398091 -0.428744 -0.454083 -1.21451 -0.73307 0.708792 0.12476 -1.38897 1.91282 -0.516083 -2.69655 2.10274 1.83276 0.661893 -0.556996 0.305173 -1.33004 -1.12961 
0.810597 -0.0343956 -0.896943 1.14442 -0.15539 -2.18213 -1.94359 0.269984 0.882911 -0.0607633 -1.39216 -1.30097 1.338 0.206355 0.354694 -0.64491 1.30194 -0.422323 -1.52536 0.838984 2.04144 0.559623 -0.116914 1.01075 -1.28442 -0.89292 0.366696 0.137605 -1.07967 1.49759 -0.842754 -2.48882 1.63652 1.69165 0.639291 -0.56178 0.828732 -0.661355 -1.63873 
0.807846 0.0981025 -0.878445 1.50894 -0.068894 -2.36204 -1.57916 1.00298 1.15071 0.15513 -0.822532 -1.51489 1.14197 -0.187531 0.0778178 -0.166782 1.01692 -0.217818 -0.819595 1.41285 0.946844 0.546773 -0.263128 1.59439 0.297617 -1.62254 -0.0879542 0.190519 -0.372378 1.40383 -0.936738 -1.08361 1.06043 1.46978 -0.0844284 -0.588308 2.02301 -0.965567 -2.13241 
0.712707 0.0286477 -0.95984 1.63494 -0.281252 -2.63312 -1.28664 0.812034 1.24381 -0.259482 -0.327208 -1.0788 0.255652 -0.347194 -0.0687155 0.0416448 0.795628 -0.924803 -0.0758875 0.588204 0.13416 -0.67497 -0.60773 1.7793 -0.0523025 -2.17094 -0.355695 -0.184797 0.38494 1.00124 -0.338948 -0.340923 1.36046 0.308317 -1.16223 -0.800202 2.31346 -0.736691 -1.85146 
0.646794 0.0532898 -0.857583 1.8923 -0.601192 -2.40143 -1.30477 1.07281 0.687343 -0.317644 0.365618 -1.56121 -0.308453 -0.393773 -0.360173 0.79035 0.478843 -0.268334 0.315685 0.417689 -0.479786 -2.24105 -0.723295 1.59688 -1.31848 -1.03826 -0.450623 -0.287949 0.998697 0.86455 -0.812118 -0.116244 0.833098 -0.317167 -2.1928 -0.688436 2.04726 -0.985933 -2.03494 
0.533229 -0.230693 -0.638104 1.8649 -0.436156 -2.45579 -1.09136 0.525121 -0.276136 -0.824163 0.739406 -2.09661 -0.434528 -0.390279 -0.369842 1.57619 0.495813 -0.242838 -0.0960534 0.533361 -0.587208 -2.52903 -0.240614 1.04425 -1.31252 -0.753084 -0.294562 -0.395683 1.69887 1.00734 -0.385755 0.601706 0.724782 0.123577 -3.01296 0.0398513 1.59585 -1.16795 -0.883812 
0.468699 -0.213167 -0.220048 2.13047 -0.741438 -2.45198 -1.05582 0.723475 -1.0269 -0.498459 1.06405 -2.57444 -0.807225 -0.0869611 -0.241522 1.96174 1.02604 -0.285233 0.573164 0.558258 0.675085 -2.16445 0.774694 0.603104 -0.297535 -0.234352 -0.299784 -0.414505 1.78445 0.835484 -0.3176 0.056271 0.941222 -0.828239 -2.90397 0.159727 0.600205 -0.740202 -0.118929 
0.475124 -0.402701 0.154369 2.35983 -0.600774 -2.13596 -0.830859 0.909262 -1.74441 -0.197525 1.14393 -2.33108 -0.585133 -0.0990463 -0.260357 1.31454 0.75218 -0.212568 0.179008 0.733565 -0.617642 -1.71679 0.44011 -0.219618 0.286815 0.577774 -0.401831 -0.0424526 1.70509 1.15038 -0.536571 0.363706 0.422112 -0.394808 -2.31614 1.00216 0.615623 0.529554 0.636399 
0.405812 -0.399038 0.312338 2.49279 -0.864283 -2.35029 -0.714 0.356459 -2.19315 -0.137908 0.92044 -2.36057 -0.41274 -0.570244 0.174716 0.800437 0.692663 -0.485549 -0.0359654 0.0107845 -1.24234 -1.22024 0.465564 0.242822 1.02413 1.14264 -0.546257 0.00505571 1.12446 1.04974 -0.0307014 0.229641 0.172434 -0.532839 -1.61122 1.09058 0.193433 1.21565 0.721474 
0.225836 -0.268335 0.480159 2.69333 -0.880552 -2.15325 -0.824339 0.179253 -2.57565 0.183268 1.30842 -1.55149 0.188482 -0.795756 0.265491 0.507031 0.81609 0.170371 0.160105 -0.500185 -0.152666 -0.635224 0.909387 0.482343 1.38661 0.452562 -0.639956 0.290105 0.647143 0.600498 0.0430383 -0.188966 -0.301245 -0.726786 -0.687559 0.468277 0.639667 1.37159 0.652123 
0.0673135 -0.197857 0.52022 2.88606 -0.766982 -2.25907 -0.944523 0.259623 -2.62971 0.595848 1.24451 -1.30286 -0.102296 -0.478704 0.262064 0.247891 0.204071 0.549556 -0.243424 -0.414211 0.186735 0.221339 0.115123 0.636319 0.864506 -0.211794 -0.764331 0.52069 0.276319 0.231078 0.831486 0.146059 0.0535027 0.300137 -0.29698 -0.180341 0.894837 1.19063 0.30488 
0.01276 -0.0696773 0.583903 2.79023 -0.565262 -2.28536 -1.01498 0.279631 -2.43431 0.285364 1.73507 -0.89437 0.0530177 -0.457805 0.520459 -0.0594272 -0.471568 1.02921 0.0555133 0.573676 0.607691 0.2085 -1.13002 0.749281 0.252286 -0.0198728 -0.892237 0.7117 -0.0623418 -0.752992 0.720657 0.325195 0.145864 0.227195 0.554187 -0.905888 0.0940813 0.339081 -0.824738 
-0.137495 0.190993 0.500464 2.65578 -0.175949 -2.22573 -0.676874 0.604604 -2.49703 -0.292291 1.74642 -1.11547 -0.108945 -0.985277 0.813128 -0.348907 -1.33054 0.490399 0.723722 0.61187 0.16099 0.598853 -1.23211 -0.510835 -0.400769 -0.976072 -0.957917 1.08203 0.359747 -0.912835 0.648392 0.837602 0.113612 -0.10464 1.18645 -1.46534 0.215242 0.212199 -0.076872 
-0.400712 0.534593 0.447816 2.14398 -0.283982 -1.88221 -0.729609 0.36505 -2.03827 -0.683968 1.39744 -1.20805 -0.595421 -1.11423 1.11552 0.642183 -0.893841 -0.0933325 1.18188 -0.419376 -0.748106 1.53793 -0.678127 -0.45643 0.0363495 -0.0951012 -0.846949 0.560607 -0.0610086 -1.51831 1.22789 1.04311 0.797217 -0.147685 1.58801 -0.748157 -1.03967 -0.349416 -0.621888 
-0.601979 1.01784 0.762659 2.22101 -0.230247 -1.56901 -0.869908 0.161779 -1.46743 -0.82105 1.44504 -1.09377 -0.166087 -0.404198 0.033267 0.250051 -0.939942 1.2801 0.817308 0.461458 -0.364724 1.73584 0.309988 -0.929812 -0.0856432 0.079216 -0.626373 -0.171117 0.477473 -1.23478 1.07903 0.196511 -0.208009 -0.456642 1.45501 0.760341 -0.584158 0.878187 0.249667 
-0.584314 0.564844 0.552428 1.68688 0.451285 -1.42726 -0.514019 0.144995 -0.87515 -0.426901 0.780679 -1.27995 -0.535563 0.0876254 -1.37716 0.131285 -0.952814 1.64944 -0.891716 0.141295 0.0898865 0.601922 1.61964 -0.354986 1.17137 0.448581 -0.300133 -0.89325 0.447581 -0.859263 1.36523 -0.729729 -0.232967 0.561866 1.14652 0.604311 0.0789865 0.882826 0.732612 
-0.591019 0.00994249 0.819543 1.75768 0.717351 -2.05992 -0.802843 0.205882 -1.06932 0.477552 1.21125 -0.201199 0.141685 -0.0857003 -1.38842 0.474993 -0.345388 0.688209 -1.89569 -0.773092 1.20476 -0.0479169 0.438758 1.03444 1.29976 0.967099 -0.2618 -1.39176 0.482977 -0.923751 1.46189 -0.562134 -0.130186 0.395422 0.100393 1.06993 -0.679845 0.936956 0.292797 
-0.641921 -0.451339 0.747435 1.5177 0.846284 -2.47381 -0.871144 0.836911 -0.915466 -0.0674259 1.47258 -0.288868 0.120232 -0.514462 -0.732882 0.6511 -0.428913 0.458087 0.0609612 -0.314751 0.505306 -0.446516 -0.295651 -0.588609 0.117452 -0.0332269 -0.196884 -1.23923 0.704158 -0.472132 0.617354 -0.448678 -0.114373 0.378777 -0.650174 -0.105376 -0.150559 0.982146 0.532101 
-0.81824 -0.523732 1.08532 1.54805 0.980056 -2.02357 -0.947342 0.491371 -1.37856 0.252967 0.821804 -0.117267 0.126073 -0.234342 -0.490644 0.665699 -0.361254 0.202963 1.23257 0.620894 -0.634053 -0.896218 -0.566776 -1.2469 0.0514226 -0.208438 0.156595 -1.53112 0.290693 -0.591705 0.314722 0.931988 0.827593 0.51507 -0.146576 -1.46628 -1.34873 0.285845 -0.843083 
-0.758329 -0.806714 1.01908 1.34084 0.962322 -1.78904 -0.58159 0.460358 -1.5281 -0.50763 0.644557 -0.255598 -0.0129797 0.775936 -1.58818 -0.180209 -0.456469 -0.00278541 1.31589 1.42892 0.265892 0.240126 -1.51367 -1.27896 0.272817 -1.18096 0.250616 -1.13688 0.572803 -0.122583 0.117028 0.85973 -0.355774 -0.75009 -0.19937 0.854992 -1.25991 0.96373 0.230818 
-0.53499 -1.68695 1.01703 1.32507 0.977812 -1.29268 -0.282941 0.637744 -1.22454 -0.940278 -0.0275768 0.0858707 -0.659882 0.650492 -1.23344 0.2622 0.17712 -0.0323915 0.0375177 -1.09763 -0.455837 0.612488 1.62522 -0.497985 1.27435 0.534877 0.463418 -1.07119 -0.395686 -0.528401 -0.029748 0.462646 -0.464296 -0.458271 0.0316206 0.626734 -0.822813 0.836538 -0.15845 
-0.524704 -1.70882 1.12857 1.42468 0.943058 -1.76566 -1.08927 0.187361 -1.12287 0.795412 0.315493 0.715981 0.352713 -0.00970205 -0.036424 -0.460813 -0.334285 -0.0380385 -0.632503 -2.05154 -0.926508 -0.185467 2.29011 0.137876 0.877426 0.94895 0.386299 -0.564967 -0.998892 -0.858141 0.53852 1.12006 0.45489 0.557192 0.955381 1.78482 -0.895874 0.27011 -0.309759 
-0.562533 -1.708 0.83597 1.16127 0.955302 -1.64012 -1.23315 0.091257 -1.35766 0.89154 0.0669931 0.752904 -0.0162683 -0.0111277 0.375399 -1.8804 -1.46077 0.810021 1.61721 1.71074 1.289 0.795432 0.581958 -0.744026 -0.905796 -0.983952 0.731714 1.9593 -1.54483 -3.13516 -1.65724 0.641636 1.03193 -0.391836 -0.220002 0.836502 -0.14987 0.70636 1.44192 
-0.55281 -1.42674 0.377041 0.715371 1.40808 -0.868006 -0.294131 0.928225 -0.594205 1.26877 -0.177493 0.0148105 -0.301015 1.21732 3.00083 -2.04178 -4.35307 -2.3468 1.58035 3.44041 0.36362 -0.128489 -1.25451 -0.349379 0.0931672 1.11494 1.83119 2.38525 -1.89725 -4.16579 -3.20884 2.56166 3.03866 -0.753417 0.916612 -0.988909 -0.930373 1.10525 -0.102437 
-0.104676 0.506534 0.0195834 -0.948647 -0.394479 -0.762869 0.364399 0.294417 -1.45234 -0.0956062 -0.163064 0.818203 0.738755 3.02752 3.23401 -1.19311 -4.76718 -5.42956 2.16752 2.37595 -2.38378 0.555694 -1.80151 -0.54564 2.42687 0.832302 2.30668 1.9004 -1.72075 -4.15166 -3.40824 3.04768 3.02184 -0.961342 1.27768 -1.73683 -1.02342 0.563026 -0.592503 
0.621149 0.959424 -0.0982987 -1.59508 -1.71393 0.334216 0.809605 -0.465032 -0.227285 -0.153393 -0.538308 1.87068 0.264306 2.5813 -0.125617 -0.745799 -1.85376 -2.55994 2.92249 0.623657 -1.76427 2.00856 -0.889044 -1.06881 0.67962 -1.96964 2.40899 1.77646 -0.837153 -3.6541 -4.03009 2.66163 1.35216 -1.54279 0.996112 -1.72115 -1.26852 1.38357 -0.325934 
0.892762 0.419839 -0.275998 -1.84826 -1.86679 0.857188 0.655234 -0.738863 -0.105218 -0.792103 -0.872437 1.33347 -0.576555 0.939418 -0.546481 -0.163074 -0.695893 -0.372797 1.76493 -0.556574 0.12781 0.911895 -0.322664 -1.21113 -0.52171 -1.30458 1.75838 -0.172031 -0.292147 -1.45215 -1.84126 2.60013 0.397799 -0.634461 1.62468 -0.288474 -1.24913 -0.21073 -2.1959 
0.969071 0.562951 -0.159706 -1.93399 -1.92889 1.31362 0.552924 -0.398893 0.379951 -0.39946 -1.3425 1.4642 -0.604624 0.315293 -0.137408 0.272507 -0.317826 -0.089933 0.919086 -0.087301 0.844472 0.379853 0.534822 -0.661168 -0.97464 -1.1853 0.437287 -0.578011 0.10328 -0.939593 -0.511831 2.0321 -0.557056 0.447686 0.0618235 -0.292398 -1.1203 -1.28124 -2.24614 
0.993786 0.324465 -0.162363 -2.0041 -1.91913 1.36847 0.616252 -0.256297 0.143068 -0.35623 -1.31022 0.579474 -1.36543 -0.216173 -0.33131 0.33036 -0.709515 -0.362351 1.23737 -0.19076 0.544263 -0.812991 -0.036405 -0.340902 -1.25065 -1.92243 -0.148143 0.0505275 0.504498 -0.899267 -0.364889 1.66006 -0.128222 0.908317 0.101705 0.896685 0.130666 -0.426131 -1.91195 
0.85985 0.324855 -0.0228212 -2.2795 -2.13784 2.00106 0.465946 -0.0907683 -0.176536 -0.417872 -1.56691 0.498436 -1.88825 -0.555149 0.211399 0.544741 -1.0273 -0.433582 1.53351 -0.0835151 0.505203 -0.222524 0.57513 0.837189 0.38236 -1.56229 -0.293217 -0.00959034 0.311981 -0.163875 -0.155167 0.831577 0.338434 0.711624 -1.45897 -0.577779 0.267779 -1.16647 -1.69519 
0.750469 0.485831 0.0606733 -2.5035 -2.16904 2.2198 0.579026 0.0291311 -0.015051 0.111699 -0.749741 0.86666 -2.40733 -0.262348 0.314266 0.175016 0.463658 0.140892 -0.00888264 0.647308 0.51607 -1.31599 -0.675231 0.706327 -0.363325 -0.514198 -0.559677 0.495366 0.832644 0.0907985 -0.536448 1.00715 0.434178 0.718216 -1.18963 -1.2888 0.379169 -0.158459 -0.948973 
0.732363 0.561937 0.0516369 -2.0569 -2.05749 1.99875 0.767753 0.200975 -1.07238 -0.944328 -1.09361 0.213484 -2.22668 -0.361731 0.536202 0.804093 1.16213 -0.337021 -0.045608 0.668779 0.564829 -1.51189 -2.16518 -0.317894 -0.605245 0.196194 -0.311829 0.37963 0.360423 0.713437 0.209056 -0.666987 0.959043 0.777278 -0.95434 -1.62779 0.71286 -0.726857 -0.237235 
0.583667 0.886269 0.387933 -1.94266 -2.36343 2.19717 0.890794 0.349206 -1.04306 -1.59968 -0.958822 0.396092 -2.26895 -0.246792 0.258078 0.408834 0.601899 0.162224 -0.976795 0.643576 0.640843 -0.0737312 -1.33361 0.273919 -0.643967 0.169168 -0.404663 0.379484 0.781436 0.738026 -0.0693141 -0.279067 0.439362 0.533965 -0.456015 -1.65288 0.0928059 -0.381798 -0.130471 
0.61103 0.757661 0.220057 -1.76736 -1.96487 1.46076 1.06783 0.565219 -1.13011 -1.99438 -0.908404 -0.286794 -2.10645 -0.300133 0.0359221 0.461785 -0.0598205 0.239212 -0.366908 -0.0765456 0.234163 0.852185 0.125338 0.441616 0.0741453 -0.388062 -0.185446 0.147776 0.579395 0.46334 0.0578427 -1.15677 0.390921 0.601725 0.697748 -0.896207 0.737903 -0.237574 0.695182 
0.441232 0.918475 0.577632 -1.97355 -2.22655 1.99672 0.856801 0.477143 -0.476108 -1.48946 -0.661889 0.446796 -2.52273 -0.054433 -0.0368244 0.529745 0.08981 -0.076895 -0.732551 -0.116466 0.257826 1.10423 0.228583 0.740921 0.311901 0.82345 -0.504417 0.100927 0.667565 -0.502556 -0.0785101 -1.28376 0.644371 0.185387 0.745349 -0.121632 0.386785 0.17699 0.522677 
0.565793 0.736322 0.437067 -1.72579 -2.00972 1.05794 1.01532 0.706906 -0.393114 -1.80205 -0.412063 -0.0536687 -1.54707 -0.525837 0.114389 0.619626 -0.692301 -0.350266 -1.53007 0.94439 0.0520604 0.248049 -0.27344 0.0882007 0.1659 1.1332 -0.38135 0.324305 0.200696 0.240909 0.10467 -1.46929 -0.170796 -0.204489 0.720544 0.306195 0.826514 0.510042 1.35982 
0.209511 1.00844 0.830761 -2.31073 -2.42856 1.15252 1.29643 0.499267 -0.316746 -1.69638 -0.600414 0.5679 -1.75545 -0.569078 0.525392 -0.204646 0.269407 0.229668 -1.43855 -0.111586 -0.545121 -0.0403368 0.151863 0.396323 0.387767 1.12266 -0.638123 0.552637 0.388436 0.515731 -0.0661248 -1.51624 0.137992 -0.319808 0.580365 -0.455084 0.723008 0.44647 1.72965 
0.316966 1.1288 0.358953 -1.59726 -1.87833 0.264392 0.965069 0.382029 -0.428316 -1.67074 -0.145306 0.237666 -0.786863 -0.520095 0.719938 0.00960501 1.46232 0.25705 -0.710407 -0.757313 -0.508994 0.610492 -0.286616 0.906064 0.446037 1.34347 -1.06793 0.814091 0.475717 1.01282 0.29833 -0.999502 -0.0477511 -0.580207 0.791778 -0.16993 0.290804 0.238834 0.923648 
-0.0199387 1.54411 0.838747 -1.60452 -2.28142 0.761955 0.94662 0.195382 0.0871435 -1.91378 0.00595155 0.903943 -0.847035 -1.18393 0.704849 0.97527 1.24367 0.202025 -0.0384247 0.0489533 -0.294867 1.20859 -0.359633 0.000908127 -0.0623757 0.197717 -1.03248 0.756438 0.226322 1.72844 0.884304 -0.588984 -0.254307 -0.465055 0.415326 -0.0671313 0.200254 0.0304754 1.2322 
-0.175092 1.65337 0.755002 -0.996934 -1.76283 0.245739 0.989295 0.202565 0.379088 -1.94621 -0.141989 0.183623 -0.647469 -1.1746 0.423001 0.357007 1.12046 1.0186 -0.160019 0.41699 -0.161601 0.00627605 0.205846 -0.633917 -0.408186 0.419551 -1.67376 0.565659 0.613206 0.940525 0.724676 0.244843 -0.219666 -0.12454 0.546361 0.365352 0.122049 0.203005 1.09783 
-0.508306 1.86123 0.98634 -1.06386 -1.69649 0.676005 1.14158 0.0933549 0.0833889 -1.73953 -0.413676 0.584571 -0.558747 -1.56574 0.149196 0.0180815 0.161345 0.843718 0.399999 -0.342706 0.12518 -0.399861 0.813163 0.16321 0.338323 1.37254 -1.36414 0.0535897 -0.177195 0.923313 1.57889 -0.711639 0.406509 0.162719 -0.603166 0.746789 -0.093887 -0.373322 1.62159 
-0.818192 1.76895 0.766394 -0.920728 -1.27843 0.46973 0.831829 0.267176 0.101327 -1.28897 -0.0305402 0.437021 0.280451 -1.06572 -0.344372 -0.644082 0.258818 1.25744 -0.891633 0.131076 0.41448 -0.881547 0.718921 0.499747 -0.111216 1.90209 -0.805973 -0.947878 -0.557496 -0.014035 1.27622 -0.821769 0.267958 0.343959 0.224659 0.915176 0.415495 0.571335 1.48484 
-0.953601 1.61352 0.731635 -0.94045 -0.974247 0.185145 1.20391 0.326068 -0.51935 -1.15725 -0.0780137 0.493054 0.724606 0.243677 -1.58707 -0.921232 -0.18322 0.996386 -1.61437 0.704507 0.394309 0.73731 0.319632 0.406265 0.445932 0.752931 0.0568472 -1.94271 -0.761272 0.462674 1.81685 -1.58498 0.110725 0.496089 0.0799439 0.235346 0.356171 0.415952 0.823893 
-0.7455 0.606554 0.400313 -1.01138 -0.706264 -0.421129 1.16017 0.488168 0.590777 -1.02424 0.242841 0.772983 0.792499 1.1631 -2.59996 -0.58918 0.431896 1.36131 -1.4504 0.0193432 0.328795 1.007 -0.426004 -0.0122201 0.681038 -0.724828 0.608505 -2.23987 -0.53458 0.0150579 1.36821 -1.59149 0.113231 0.842631 0.14081 0.677448 0.0345798 -0.13873 -0.299205 
-0.517193 -0.294422 0.498993 -0.733229 -0.19229 -0.614963 1.2144 0.508992 0.152048 -1.4855 -0.0834433 1.00941 0.244799 0.761243 -1.80724 0.0552053 0.204834 0.976211 -0.737278 -0.550718 0.858741 -0.522694 0.519469 -0.362975 -0.64159 -1.18687 0.860059 -2.40189 -0.812337 0.202487 1.36273 -1.39519 -0.991188 0.649314 1.13882 1.47796 0.386012 -1.03238 -0.900745 
-0.468062 -0.717905 0.426623 -0.914114 -0.145697 -0.826562 0.906206 0.979025 0.230144 -0.600574 0.00372525 0.274529 0.00257818 0.255659 -1.0397 -0.726807 -0.130111 0.603394 -0.611214 -1.35032 0.639878 0.669647 2.25407 0.540968 -2.10997 -0.572077 0.325895 -1.25861 0.147678 0.502426 0.975993 -0.942321 -0.801408 -0.0073067 -0.618477 1.71104 0.300496 -1.28618 -1.26735 
-0.439761 -1.05393 0.211044 -0.798162 0.15395 -0.950626 0.589492 0.872676 0.595848 0.317653 0.279682 -0.615683 -0.132483 -0.221251 -0.101163 0.184006 0.545302 0.431493 -0.655213 -0.525119 -0.855975 -0.375007 1.59656 0.773594 -1.13759 -0.635967 -0.00532723 -0.662403 -0.0491085 0.00282769 0.232457 -0.502241 -1.15401 0.586569 -0.00585936 1.22868 0.769704 -0.884069 -0.399582 
-0.579292 -0.786602 0.504694 -0.651976 0.101719 -1.18658 0.664117 0.473522 -0.0308502 0.679673 0.521835 -0.60449 -0.417586 -0.260567 0.0341157 0.647228 0.133443 -0.266575 -0.131047 -0.199546 0.236497 -0.669894 -0.733966 0.517801 0.885715 -0.00585791 0.000942173 -0.641008 -0.352603 0.736262 0.961646 -0.736531 -1.13415 0.26185 0.161249 1.96796 0.555398 -0.787153 0.738235 
-0.566543 -1.02305 0.475265 -0.735468 5.78465e-05 -1.02054 0.498438 1.00197 0.135903 -0.255513 0.627373 0.0577106 -0.129725 0.226657 -0.872023 -0.755236 0.554374 0.955548 -0.433218 -0.998053 1.25468 0.619564 0.836879 -0.0108612 0.047089 1.69035 0.261361 -0.798362 -0.811371 1.17432 1.12691 -0.681254 -0.781112 0.34452 0.363205 1.20495 0.125346 0.8094 0.664379 
-0.513332 -1.42269 0.20532 -0.385445 0.650407 -1.42373 0.202631 1.19444 0.37916 1.35577 0.51731 -0.574546 0.723646 0.694393 -1.24558 -1.96165 1.62104 1.89163 -0.87571 -0.849005 0.283817 1.21031 2.22475 -0.349129 0.227077 0.954285 0.484094 -1.14834 -1.67389 1.07514 1.78185 0.0263064 -1.19738 0.802117 0.323548 0.0287947 0.0704845 0.706108 0.98639 
-0.315551 -1.9341 -0.308919 0.0476001 1.08689 -1.50259 0.106096 1.15876 0.944469 1.52432 0.397481 0.225754 0.517469 0.573592 -0.869414 -1.95644 1.05186 1.61279 0.471899 -0.61012 -0.0612268 -0.137247 -0.79914 0.103749 0.923156 -0.279964 1.13473 0.16111 -1.42804 -0.221196 0.513027 0.669103 -0.581044 -0.221108 0.459699 0.148429 -0.473969 0.496145 -0.0904865 
-0.310128 -2.05686 -0.576772 0.121998 1.57694 -1.15994 -0.0788912 1.15074 0.278576 0.730768 0.589144 0.127574 0.542427 1.17624 1.48703 -0.351751 -1.95258 -1.15072 1.86414 0.0694221 -0.595559 -0.528536 -2.03921 -0.310074 0.453413 -1.08879 2.13976 1.84349 -1.85948 -1.66978 -3.34036 2.68793 -0.18087 -2.07645 -1.18764 -2.04759 -1.713 1.30426 -2.10643 
0.126055 -0.833807 -0.446148 -0.89987 0.424713 -0.468272 0.139818 0.804573 0.579894 -0.0868773 0.19361 0.567457 -0.206625 2.95043 3.65845 -1.05588 -3.54877 -6.42176 3.4994 0.368525 -2.97978 -1.59425 -1.72834 -2.47452 0.872554 -2.74663 2.62758 1.77886 -1.47429 -2.01464 -3.26595 3.27943 0.345252 -1.42766 -1.56267 -1.93005 -2.21703 0.695462 -1.87584 
0.833336 0.641713 -0.996962 -1.59843 -2.11548 0.779407 0.0935868 -0.588829 -0.805002 -0.633204 -1.05676 0.790869 -1.29439 3.1503 1.20414 -2.03658 -1.05981 -3.55108 2.98112 0.396292 -1.49106 -1.75236 -0.343055 -2.75694 0.50214 -1.60699 2.79599 1.45614 -1.6266 -2.17244 -3.15926 3.08633 0.560191 -1.82001 -1.21583 -1.25497 -2.74804 -0.0202188 -1.94386 
1.34858 0.0582692 -1.26044 -1.41501 -1.61739 1.18424 0.325178 -0.0699553 -0.610355 -0.349161 -1.64045 0.946546 -1.27853 1.65317 -1.45596 -1.57918 0.300483 1.87363 1.06054 0.386149 0.316003 -0.178535 0.180085 -1.32601 -0.904663 -0.0467394 2.317 0.2734 -2.05503 -0.456222 -0.7877 2.29309 0.568558 -1.37035 -1.4157 0.245226 -2.23081 -0.465787 -0.865107 
1.46361 -0.424184 -1.62745 -1.45485 -1.039 1.36897 0.274241 -0.413338 -0.933442 -0.479446 -1.93749 0.090568 -1.31907 0.6653 -0.792658 -1.29254 0.376949 2.41861 0.4068 0.369631 -0.511256 -0.313234 0.648179 -0.329119 -1.14915 0.361212 1.11142 -0.88271 -1.25 1.10317 2.88691 0.736298 0.681578 0.471892 0.0276486 0.761342 -0.734947 -1.12267 0.238636 
1.58807 -0.519403 -1.77574 -1.2344 -0.227613 1.41199 0.498169 -0.375154 -0.829673 0.176862 -1.85701 0.0586602 -1.0294 0.179104 0.11677 -0.445798 1.34766 2.2863 0.027173 0.531715 0.391679 0.227375 0.762661 0.306303 -0.648869 0.384395 0.0624305 -0.169345 -1.11656 0.761725 2.48839 -0.131092 -0.015087 -0.599387 -0.441575 -0.305438 -0.437629 -1.62522 0.101323 
1.51076 -0.33247 -1.80247 -0.804166 0.274715 1.38662 0.522424 -0.193874 -0.788029 0.137622 -1.73071 -0.413472 -1.05438 -0.558738 0.533701 -0.516285 0.760789 1.16735 -0.600679 -0.388351 -0.356946 -0.325315 -1.02336 -0.279887 -1.09792 -0.220547 -0.357023 0.651973 -0.494949 1.24283 2.21495 -0.50475 0.453195 0.123772 0.697174 0.421808 0.502964 -0.15322 0.810691 
1.34333 -0.120806 -1.97909 -0.867912 0.442836 1.08216 0.319527 -0.59069 -1.05714 -0.626452 -2.04077 -0.789919 -1.17074 -0.762594 0.86798 -0.356028 0.50924 0.905828 -0.773141 0.0791149 -0.196092 0.802287 -0.239383 0.383998 0.433214 0.773932 -0.818841 0.777048 -0.577809 1.07582 1.49332 -0.801831 0.168258 -0.0485214 0.758461 -0.5682 -0.240371 -0.809205 -0.0636834 
1.18538 0.312173 -1.94142 -0.559492 0.794819 0.961343 0.560643 -0.315943 -0.254741 -0.0422135 -1.47216 -0.087267 -0.528236 -0.784498 0.640447 -0.419773 0.846465 0.985445 -0.584234 0.616117 0.299084 1.44476 0.323556 -0.0566313 -0.0230175 0.124493 -0.866175 0.713359 -0.267983 0.37807 1.29286 -1.10322 -0.310558 -0.475683 0.683944 -0.42737 -0.552666 -0.130014 0.460897 
1.00928 0.356361 -2.14365 -0.459934 1.00871 0.761429 0.606865 -0.42503 -0.0903997 -0.358595 -2.07579 -0.813764 -1.08049 -0.658511 0.209724 -0.0781203 0.0550075 0.958247 -0.857081 -0.495062 -0.490138 0.207992 -0.286434 -1.15191 -0.616844 -0.117421 -0.728446 0.793746 0.0131515 -0.107848 1.27179 -0.670165 0.203447 0.179932 1.33058 0.700075 0.32429 0.686253 0.93458 
0.901173 0.472307 -1.96869 -0.53478 1.34506 0.489605 0.332498 -0.608871 -0.122405 -0.259468 -2.2369 -0.566735 -0.600358 -0.410027 0.558986 0.441054 -1.00857 0.848289 -0.406138 -0.341044 -0.0208841 0.512808 0.543499 0.500119 0.965863 1.21157 -0.542329 0.525026 -0.315047 -0.48404 0.74808 -0.821512 -0.479481 -0.152681 -0.207704 0.0211834 -0.598497 -0.610051 0.280533 
0.823377 0.773569 -1.96228 -0.950266 1.49574 0.539264 0.450169 -0.445291 0.247586 0.0841789 -1.73988 -0.0788769 -0.260612 -0.229828 0.582792 -0.43227 -0.77945 0.121205 -0.356912 -0.147982 0.279053 -0.503931 0.31477 0.320689 -0.229253 0.515181 -0.221464 0.27334 0.0398848 -0.518532 0.600462 -0.594892 0.356956 0.59319 -0.0344386 -0.180188 0.116197 0.0494209 0.905149 
0.786551 0.907037 -2.13827 -0.914158 1.41409 0.294685 0.265365 -0.45485 -0.470379 0.00140275 -2.02053 -0.748817 -0.247885 0.0495481 -0.147593 -0.376466 0.232571 0.0185528 -0.473017 0.822492 0.906999 -0.554923 -0.763942 -0.344086 -0.901867 0.0822716 -0.0398042 0.384912 -0.086295 -0.3123 0.204979 -1.33862 1.11352 0.284457 -0.535345 -0.121085 0.867419 0.551737 1.26839 
0.819273 0.670699 -2.10944 -0.839568 1.50576 0.280086 0.833246 0.0736063 -0.134791 -0.512827 -1.96641 -0.777033 -0.198702 0.168202 -0.00244787 0.292451 0.311725 0.176039 -1.62112 1.64655 0.152906 -0.271986 -0.462196 0.87306 0.986461 1.29976 0.108884 0.145687 0.193254 0.630659 -0.184308 -1.70089 1.14947 0.685759 -0.990341 -1.14155 0.871192 0.461006 1.04465 
0.829386 0.911001 -2.01662 -0.76513 1.51465 -0.59991 1.03073 -0.374129 -0.661868 -0.355631 -1.43615 0.0018742 0.631189 0.133435 0.365683 0.689508 0.709249 -0.281983 -2.04028 0.724402 0.115287 -0.88754 -0.644185 1.54305 1.53386 1.4117 0.119866 -0.0472107 0.759562 1.1779 -0.282712 -1.55898 2.02024 1.27286 -0.111975 -1.43531 -0.0368778 1.54571 0.927824 
0.848355 0.945626 -1.82823 -0.498038 1.34301 -0.846489 1.17082 0.132469 -0.741574 -1.01459 -0.935662 0.393662 0.755504 0.0328488 -0.0715635 0.937993 1.44812 -0.581197 -0.68249 1.071 1.73302 0.116285 -1.30885 -0.928479 1.14246 0.0266057 -0.165202 0.271906 1.03387 1.76931 -0.743535 -1.79184 1.37888 0.812847 -0.198278 -0.694468 0.193004 1.23471 0.598978 
0.818676 0.864092 -1.63555 -0.0658006 1.17989 -0.975021 1.52909 0.624741 -0.591404 -1.38599 -2.05203 0.872259 0.655736 -0.401356 0.0435382 0.985303 1.93463 -0.786881 -0.607405 1.1309 1.09395 0.60541 -0.211612 -1.28091 0.165873 -0.557097 -0.423545 -0.0354794 1.11946 1.53111 -0.70151 -0.346597 1.53637 1.31323 0.27223 -0.738703 -0.0446996 -0.310589 -0.825743 
0.665878 0.983437 -1.42815 0.436887 0.890002 -1.18004 1.69697 0.759997 -0.341113 -1.17234 -1.78634 0.514745 0.388276 -0.725774 0.0153165 0.875479 0.839704 -0.42714 0.170197 0.996036 0.212299 0.290854 0.398404 0.862255 -1.57529 -1.21591 -1.05811 0.581618 0.812207 0.900121 -1.07265 -0.19802 0.29188 -0.0498112 0.444077 1.09089 0.335601 -1.03964 -1.22679 
0.507862 0.881131 -1.27961 0.338903 0.933692 -0.878214 1.99267 0.739974 -0.403163 -1.05861 -1.47485 -0.34259 -0.153681 -1.3355 0.834673 0.330424 -0.590018 -0.756 0.314639 -0.736936 -1.15371 0.0534764 1.56149 1.74003 -1.60482 -1.20755 -1.34069 0.428373 1.06596 0.396188 -0.199741 0.226954 -1.16344 -0.327905 0.482392 1.83492 2.35753 -1.34921 -1.57719 
0.113859 1.60357 -1.29124 0.149243 0.454747 -1.00329 1.35661 0.0814912 -0.313023 0.0800186 -0.624361 -0.722762 -0.415529 -1.47597 0.630839 0.851314 -0.248374 0.141482 0.164947 -2.55859 -0.681143 0.424161 1.87067 2.38989 -0.290872 -1.05142 -1.85165 0.12664 0.687966 -0.681248 0.0321224 1.6578 -1.58449 -1.18139 -0.506116 1.3563 1.59738 -0.65486 -0.209222 
-0.0997257 1.35123 -0.933371 0.216701 1.01439 -0.784312 0.807241 0.336059 -0.124984 0.439634 0.120099 -0.571951 -0.852692 -1.70683 -0.645425 0.784036 -0.429214 0.804285 2.13462 -1.39167 -0.57063 -0.786574 0.116284 0.462068 0.696887 0.902707 -1.97646 0.173315 0.548934 -0.623794 0.236734 1.85712 -1.55328 -0.905599 0.106387 0.971043 1.67904 -0.0592407 0.030363 
-0.585052 1.13426 -0.97204 -0.0605316 0.916476 0.180721 0.712526 -0.258208 -0.851687 0.183037 -0.313802 -0.194251 0.197047 -1.77168 -0.370912 0.0379188 -0.684974 0.201498 2.57881 0.471952 -0.637505 -0.259973 -0.668852 -0.0749936 0.204911 1.09028 -1.49105 -0.420498 1.06938 -0.349351 0.821152 2.15369 -1.02904 -0.159904 0.00795456 0.200528 0.786444 0.498124 0.379938 
-0.824294 1.08398 -0.914007 -0.116927 1.12958 0.645539 1.0277 -0.0424987 -0.308368 -0.0817495 0.0728473 -0.420915 -0.114216 -0.742273 0.006153 0.948303 -0.0938941 0.380407 1.04733 0.00980718 0.348921 0.806563 0.133619 0.619826 -0.0136658 -0.362339 -1.69296 -0.52157 0.227785 -0.804796 -0.238735 1.39609 0.038143 -0.236606 0.439647 0.077232 0.047753 0.367834 1.44576 
-0.902393 1.14456 -0.586829 -0.107926 1.13452 0.762975 0.718593 -0.0635896 -0.315514 0.299842 0.101861 -0.210921 -0.0394614 -1.00959 -0.421412 0.331062 -0.518938 -0.543319 -0.516237 -0.41911 0.302965 0.912369 0.766432 0.136481 0.298506 0.97912 -1.00262 -0.252576 0.394936 -0.491224 0.206831 0.713936 -0.111478 0.106987 0.264282 -0.0389921 0.879294 -0.102984 0.514568 
-1.24738 0.779566 -0.77684 -0.370151 0.816593 0.36244 0.834788 0.125417 0.299188 0.538318 0.166488 -0.198067 0.549647 -0.9033 -0.391145 -0.308543 -0.641288 -0.0804966 0.00734374 -0.158113 -0.178026 -0.411068 -0.179625 0.590328 -0.132662 1.09585 -0.680765 -0.140889 0.823716 0.249125 0.219071 0.472699 0.222642 0.0374997 0.672905 0.550512 0.659071 0.757747 0.283069 
-1.28344 0.862421 -0.706694 -0.420399 1.08761 0.769652 0.64676 -0.175161 -0.600837 0.167531 0.497871 -0.318893 0.702748 -0.106499 0.205545 1.00331 0.890438 0.860858 1.21448 0.719989 -0.234287 0.081739 -0.0841512 0.769463 0.743003 -0.577722 -0.940559 -0.460378 0.338419 0.195598 0.282126 0.590199 1.36444 0.729329 0.618362 -0.331121 0.50267 0.436244 0.277872 
-1.31322 0.936623 -0.369524 0.0591209 1.31085 1.0372 1.17031 -0.0188462 0.346346 0.481935 0.681845 0.365828 0.168576 -0.640176 -0.308517 0.856747 0.932774 0.488852 0.864503 1.99401 1.2644 1.32527 -0.227284 0.0995679 0.730486 -0.701904 -0.501286 -0.192558 0.599639 0.684764 0.631974 0.373293 0.153483 0.760046 0.355135 0.293846 0.804148 0.177818 -0.457 
-1.56039 0.641102 -0.358275 0.0293742 1.368 1.25072 1.57331 0.551413 0.285291 -0.00268261 0.566919 0.235398 0.238327 -0.714321 -0.499654 -0.0319348 0.132258 0.0513695 -0.663112 -0.512087 1.36585 0.446851 0.449341 0.336886 -0.501815 -0.0825857 -0.563148 -0.409286 0.788689 0.994819 0.340926 0.231768 0.784607 0.455577 0.660955 0.689486 0.0844167 0.670846 0.033688 
-1.6195 0.574617 -0.378231 0.121241 1.33973 0.672816 0.93427 0.766675 0.639833 0.849827 0.909003 -0.025382 0.119835 -0.282413 -0.313777 0.420882 0.553395 0.0041914 -0.522248 -0.937634 -0.580723 -0.348671 1.08126 0.0125656 0.191097 0.74554 -0.530137 -0.344503 0.336564 0.16769 -0.081147 -0.453962 -0.0507969 0.35368 -0.251924 0.152088 -0.0495035 0.103786 -0.258621 
-1.69581 0.415911 -0.185013 0.295432 1.36976 0.964297 1.13985 0.205848 0.042066 0.867759 0.578002 0.375835 0.745414 -0.153962 -0.0245423 0.577135 0.117511 -0.166221 -0.00781492 0.445359 -0.832064 -0.807572 -0.259282 -0.409746 0.640836 -0.293126 -0.411267 -0.382814 0.274936 0.28607 -0.00223988 -0.826952 -1.54606 0.126486 0.726856 0.956701 0.914575 0.0611969 -0.112573 
-1.70411 0.562318 -0.142177 0.17622 1.24353 0.671103 1.14239 0.275066 0.0870021 0.654166 0.638727 0.460124 -0.070219 -0.390313 -0.268432 0.0244831 -0.126671 -0.00539648 -0.699782 -1.13929 0.780303 1.42181 0.102839 1.24632 -0.11085 -0.911731 -0.47511 -0.509222 0.319554 -0.13913 -0.469903 -0.286914 -0.137262 -0.0910858 -0.860119 -1.35981 -0.600468 0.258989 0.252589 
-1.87392 0.224096 -0.171048 0.232165 1.36602 0.579617 0.612844 0.651128 0.993328 0.960085 1.41106 0.284599 0.14016 -0.623795 -0.749084 -0.0594915 -0.32638 -0.50854 -0.416296 -0.628329 0.711588 -0.444123 -1.41849 -0.4242 -0.287629 0.650798 -0.281383 -0.380402 0.197994 -0.133021 -0.16281 -0.413128 -0.17394 0.734418 0.724653 -0.163635 0.471877 -0.00942584 0.322 
-1.97458 0.016719 -0.161959 0.0162432 0.95054 0.443318 0.852423 0.680417 -0.220622 -0.46339 0.358821 0.233251 0.373278 -0.0687392 -0.310123 0.296237 -0.0730652 -0.227071 0.0891869 0.907015 0.313562 -0.351899 -0.302832 -0.598964 0.0936355 1.36898 -0.433223 -0.650799 0.309322 0.257508 -0.0130851 -0.312388 -0.48717 0.275546 0.457747 0.323143 0.335247 -0.145702 0.850915 
-1.92482 0.00159437 -0.0478764 0.194856 1.23484 0.63159 1.03513 0.825201 0.747925 0.729789 1.01472 0.350257 1.06569 -0.0850528 -0.238929 0.56056 0.710409 0.491715 -0.0454525 -0.0250521 -0.292737 1.12304 1.81988 0.882822 0.0823487 0.565235 -0.307144 -0.571268 0.143818 0.339766 -0.115467 0.109969 0.67557 -0.0939574 -0.481365 -0.247024 -0.632346 -0.000262498 0.652056 
-2.03193 -0.15338 0.0674345 0.358335 1.23258 0.420774 0.842318 0.502191 0.529064 0.994459 0.949703 0.29025 0.759347 -0.432693 -0.557458 -0.0632808 0.580055 0.0627892 0.0731087 0.00277286 -0.438262 -0.344941 -0.000181178 -0.279017 -0.0982044 -0.438232 -0.241364 -0.40285 0.203702 -0.0657343 -0.129927 0.170164 0.409067 0.102836 1.27014 1.42956 0.552099 -0.334295 0.553546 
-2.11969 -0.402958 -0.0691806 0.473824 1.27029 0.674664 1.03793 0.562415 0.507216 0.740186 0.831542 0.268723 0.778247 -0.308165 -0.37362 -0.230592 -0.809565 -0.676822 0.296687 0.576557 0.457527 0.745994 -0.0515983 -0.124647 -0.547893 0.224191 -0.410879 -0.269413 0.35238 0.0667374 -0.283237 -0.448915 0.552654 0.0651789 -0.286413 0.521827 -0.274529 -0.493947 0.0702328 
-2.17755 -0.422618 -0.0211057 -0.0356256 0.842839 0.587588 1.1113 0.759917 1.02437 0.963965 0.86937 -0.136314 0.916511 -0.239396 0.146969 0.634101 -0.481191 -0.468704 -0.73658 0.741768 0.547657 -0.0663036 0.647024 -0.104686 -0.587665 0.534295 -0.311971 -0.258062 0.269707 0.279368 -0.0747646 0.405263 1.05273 0.269879 0.098956 -0.334841 -0.187058 -0.00877591 0.123885 
-2.2381 -0.289016 0.189766 0.238879 1.0002 0.269617 1.38356 0.872512 0.454494 1.26529 0.764508 -0.188356 1.14355 -0.201209 -0.0196795 0.667486 1.22627 0.571163 0.301913 0.840274 -0.0470125 -0.592692 -0.359907 -0.138226 0.531576 -0.0511575 -0.207112 -0.0932772 0.449242 0.176546 -0.119936 -0.0588013 1.03996 0.354901 0.0211763 0.765659 0.404634 0.274671 0.454733 
-2.28085 -0.431338 0.251257 0.556274 1.17055 0.757293 1.50263 0.724473 0.616514 0.688279 0.77999 0.26536 0.888864 -0.0974715 -0.290738 0.0936331 0.744199 0.297986 0.649513 0.657896 -0.0120728 0.105662 0.301055 0.659158 0.962513 0.113374 -0.329129 -0.284778 0.0670247 0.704155 0.465131 0.145098 -0.092934 0.076299 -0.725173 0.894556 0.91311 0.878474 0.256438 
-2.30036 -0.497249 0.231519 0.597334 1.17086 0.631701 1.69028 0.85737 0.517792 1.51525 1.20638 0.543961 1.22633 -0.336392 -0.414075 -0.558932 -0.174589 0.100768 -0.0877136 -0.96365 0.172765 -0.461314 1.46723 1.39509 0.676541 0.414352 -0.266147 -0.315832 -0.181215 0.423727 0.110475 0.22655 -0.167488 0.19119 -0.191031 -0.355704 0.586842 0.34897 -0.15191 
-2.43762 -0.730353 0.0307697 0.469803 1.22784 0.71136 1.0571 0.816733 0.297292 1.86568 1.71216 0.778261 1.17366 -0.336516 -0.19004 -0.38722 -0.111703 -0.136852 -0.314966 -0.881501 0.306833 -0.377177 -0.738335 0.14701 -0.485129 -0.335998 -0.269389 -0.113237 -0.378056 -0.367112 -0.221721 -0.380434 -0.55153 -0.034126 0.553835 1.00809 0.837448 0.425694 0.575213 
-2.45719 -0.631363 0.0800364 0.541315 1.09155 0.459996 1.28286 1.02753 0.255334 0.938612 1.30703 0.165553 1.0075 -0.102929 0.240082 -0.0535313 -0.37507 -0.418083 -0.474575 0.223745 -0.209451 1.28099 -0.219651 -0.242742 -0.0932761 0.406157 -0.16279 -0.133976 -0.0960635 0.262536 0.0150826 -0.000267045 -1.22364 -0.1591 0.660111 0.501865 0.887364 -0.0700377 0.253534 
-2.50205 -0.547875 0.0133835 0.286248 0.986846 0.45132 1.16242 0.686902 1.15354 1.70153 1.55315 0.700508 1.45296 0.0725626 -0.0153582 0.231577 0.503249 0.160596 0.314385 -0.761983 -0.527359 1.35254 1.36052 1.07429 0.384268 0.695025 0.0958616 0.130261 0.185219 0.411865 -0.252904 -0.194872 0.745228 0.632041 0.0808408 -0.806622 -0.90167 -0.544199 -0.104764 
-2.45219 -0.636902 0.177224 0.783089 1.18323 0.636604 0.930892 0.712977 1.15986 2.03114 2.02548 0.454204 1.48069 0.264489 -0.0453517 0.353557 0.989834 0.0558562 0.186459 0.77969 1.15272 -1.15423 -0.774703 -1.00728 -0.661942 -0.561146 0.133534 0.0499749 0.284359 -0.202976 -0.107868 0.112804 0.0950493 -0.0129981 0.691407 0.260107 -0.280852 -0.540525 -0.952282 
-2.42112 -0.575491 0.15959 0.763652 1.01831 0.557128 1.52564 1.34858 0.366838 1.09597 0.88478 0.186438 1.08301 0.150973 0.088513 0.229052 -0.807555 -0.313933 -0.147901 0.891329 0.521752 -0.33133 -1.03701 -1.46673 -1.13442 -2.06587 0.0095808 -0.225782 0.0998258 0.0389724 -0.185785 0.124953 0.378038 0.389545 -0.297762 0.203284 0.421424 -0.108145 -0.614159 
-2.41617 -0.565986 0.273397 0.390101 1.00211 0.557361 1.3459 1.00802 0.928334 1.21697 1.051 -0.422379 0.100791 -0.244871 -0.299067 -0.191866 -0.932473 -0.321413 -0.00202472 -0.2699 -0.56617 0.726356 1.02801 1.58494 0.508492 -0.324622 -0.0986032 -0.0177291 0.368338 -0.533311 -0.739193 -0.288796 0.403399 -0.198069 -0.719066 -0.538972 -0.637954 -0.614205 -0.783332 
-2.54169 -0.789854 0.0866125 0.310173 0.832896 0.55862 1.40194 1.01147 0.848897 1.92406 1.94344 0.570401 0.87182 -0.309331 -0.117881 0.36762 0.0094613 -0.748676 -0.278989 -0.347443 -0.799604 -0.713729 0.373316 0.581 0.282586 0.937401 -0.234209 -0.141152 0.0131391 -0.206237 0.0169338 0.186525 -0.629278 -1.32968 -0.0570062 0.94773 0.168047 0.1452 -0.366898 
-2.56224 -0.646988 0.425255 0.392757 0.571065 0.405567 1.18624 0.535274 0.438816 1.5244 1.44079 -0.211745 0.736653 -0.136574 0.0828024 0.213127 0.623292 0.347823 0.277433 -0.574528 -1.37632 -0.801531 0.145004 -1.35728 -0.312317 -0.206424 -0.122485 -0.123596 0.225111 0.294985 -0.265294 -0.228889 -0.420452 -0.119304 0.201074 0.666667 -0.324409 0.0721063 0.446903 