-0.971741 -0.553702 0.648824 0.491182 2.37101 0.819233 1.09508 1.25708 0.669345 1.44844 1.51953 0.41541 1.02547 0.0115397 -0.0646491 -0.0112241 -0.109124 -1.01745 0.02329 -0.549801 -0.0510585 0.832819 0.495057 0.808852 0.190259 0.319606 1.52245 -1.24053 -0.53737 0.328878 -1.7886 -0.321851 -0.0040772 -0.131492 0.190819 0.346942 1.44393 0.870775 0.102183 
-0.916148 -0.514689 0.567703 -0.045817 1.68777 0.633655 0.822945 1.06441 0.942575 1.28844 1.23579 0.236125 0.681577 2.78596 -1.80443 -0.503841 0.64304 -1.68185 0.391436 0.347385 -0.180751 0.288486 -0.419921 -0.0261228 -0.19953 -2.08846 1.72026 -0.678202 0.0567978 0.763226 -1.01247 0.77094 0.83593 -0.138261 -0.481921 -0.352085 0.944751 0.0134005 -1.88358 
-0.136711 -1.46407 0.415409 0.827322 1.54321 1.00899 1.34937 1.12616 0.864255 1.16264 1.48839 0.253023 -0.540135 2.87055 -0.982855 0.102001 1.26079 -0.525692 1.06343 1.59243 -0.148491 -1.4019 -0.958314 0.332151 -0.168212 -2.56242 0.308162 0.273324 0.351565 0.275099 -0.77769 0.693225 1.01349 -0.212666 0.26593 -1.02962 -1.43142 -0.454701 -0.57803 
-0.0552198 -1.00869 0.614266 0.614214 1.41685 1.14133 1.97667 0.956951 0.0394773 0.64832 1.45756 0.099129 -1.24018 -2.27177 2.22966 1.08094 -0.230197 0.497779 0.585248 0.916908 -0.120694 -0.004325 -0.920963 -1.67998 -0.358968 1.40696 0.0657605 -0.0362074 0.150394 0.68315 -0.160052 0.404067 0.874552 -0.0475254 0.570316 0.0853125 -0.358465 0.589054 -0.28402 
-0.850176 -0.33002 0.91437 0.705622 1.76525 1.29045 2.01509 1.03892 0.868967 0.547106 0.289829 -0.0386311 0.520897 -2.76284 0.929001 0.143195 -0.230326 0.286244 -0.49615 -0.501587 0.0732012 2.03335 1.06163 -0.752652 0.904191 2.23254 -1.64312 1.20602 0.284516 -0.5282 -0.000840291 -0.0607107 -0.0858719 -0.141436 0.944848 -0.103919 0.219586 1.09793 0.704364 
-0.919032 -0.533796 0.679867 0.492445 1.537 0.911182 1.61765 1.01073 1.36778 1.33754 0.913582 0.831607 0.441224 -0.486091 -0.360846 -0.614461 -0.572829 -0.493727 -0.676028 -1.02505 -0.0832039 1.06308 0.77916 1.9521 1.72606 -0.554826 -2.00645 0.762436 0.125542 -0.161974 0.393991 -0.203302 -0.529908 0.576172 1.83432 0.164286 -1.0809 0.176073 1.16486 
-1.01693 -0.508799 0.629834 0.404278 1.50972 0.975199 1.27793 0.978947 1.56702 1.05043 1.65509 1.3602 0.107742 -0.604272 0.25325 0.0610002 -0.0183812 0.321667 0.203482 -0.16088 0.705648 0.0402294 -0.856019 -0.533464 -0.680396 -0.829687 -0.389342 0.376013 -0.208564 -0.614271 -0.0859066 -0.210457 0.808945 0.388496 1.02776 1.66575 0.00990837 -0.503595 -0.948598 
-1.12197 -0.40136 0.707482 0.4818 1.67422 1.01202 1.50477 1.5245 1.40143 0.764741 0.524325 0.279348 -0.178475 -0.169343 0.945009 0.267432 -0.360472 0.367678 0.373229 2.03399 0.605035 0.0902661 1.37133 -1.93122 -2.3452 -0.569835 -0.525499 0.586765 0.181213 -0.387611 0.802063 0.426967 -0.738857 -0.421932 -0.922755 -1.28541 -1.19534 -0.579224 -0.790799 
-1.08671 -0.0257908 0.752848 0.214273 1.6691 1.15635 2.75063 1.41954 1.63318 1.94347 0.279182 -0.541836 -0.316692 -0.27948 0.657104 0.235043 -0.571849 0.910354 0.396219 -0.762436 -1.29368 -1.11227 -0.81619 -0.889771 -0.0325366 -0.106261 -0.275346 0.554618 0.121835 -0.393377 1.58986 0.439973 0.677761 0.0919602 -1.01346 -0.10918 -1.72426 -0.892732 0.015365 
-1.22547 -0.0642579 0.815528 0.18097 2.09499 1.20405 0.957315 0.584141 0.686465 0.218154 -0.116443 0.252355 -0.254556 -0.294934 -0.0844086 -0.0693533 -0.238485 2.06921 0.244887 -1.18881 -0.489302 -1.2658 -1.51994 -0.125771 1.24345 0.59799 -0.30426 0.116556 -0.309648 -0.580104 -0.0748277 -0.492573 0.769673 -0.0675672 -0.00626316 1.01821 0.197738 0.805179 1.19912 
-1.19494 -0.0644753 0.720223 0.0882266 2.64805 1.27678 1.89516 1.06421 0.818488 0.933734 0.177708 0.465704 0.136436 -0.233282 -0.474517 -0.748846 -0.309738 -1.01946 -1.09845 1.72235 1.19094 1.08588 2.1279 1.13571 1.03655 1.55009 -0.352173 0.386076 -0.33126 -0.073038 0.546188 0.375955 -1.09168 -1.14718 -2.03073 -1.82396 0.324373 1.41208 1.00137 
-1.31482 -0.300643 0.468888 0.0175651 1.58623 0.688954 2.20489 1.45087 1.39933 1.6091 0.672541 1.09215 0.914026 -0.298171 0.684146 -0.480106 0.124391 -1.22853 0.28259 -0.174964 -1.09194 -1.07037 -0.849864 0.523442 0.513248 0.60934 -0.254038 0.0305942 -0.148165 0.813637 -0.498141 -0.348064 0.457853 0.0440704 -0.152041 0.807719 0.292024 -0.0773779 1.23481 
-1.30416 0.286332 0.497776 0.152437 2.03859 1.41504 1.7721 0.270571 0.130742 0.364987 0.534503 0.881217 0.598093 -0.195264 0.524056 0.501466 1.53771 0.262934 0.600822 -1.15171 -1.14079 -1.2786 -1.08884 -0.776799 -1.12709 -0.0635881 -0.129559 0.433443 -0.0634706 -0.00742741 -1.51128 -0.041891 -0.00224568 -0.211362 -0.015346 0.666995 1.35948 -0.538293 -0.156564 
-1.39253 -0.0309676 0.700057 0.822784 1.69516 0.977774 1.37622 0.621702 0.576329 0.883077 0.111518 0.177722 0.870011 0.0783607 -0.0110969 0.372458 -0.139177 -1.0775 -0.346724 0.171225 0.792281 1.03361 1.70664 1.11449 -1.17542 -0.786797 0.0343869 0.886223 0.278289 0.540771 0.242304 0.324627 -1.01729 -0.807445 -2.01324 -0.784739 -0.0263851 -0.814679 -0.647107 
-1.2981 0.2848 0.669326 0.0784583 1.50188 1.25559 1.89913 0.847349 0.809657 1.47869 1.30851 -0.0723914 0.0106232 0.250368 0.849787 -0.0452632 -0.722746 0.112985 -0.146019 -0.119197 0.0248119 -1.03762 0.0651576 0.754195 0.122147 -0.700515 0.0153947 0.286585 0.0982581 -0.0193258 -0.397627 0.148865 -0.542274 1.03733 0.73636 1.20209 0.452702 -0.609626 0.0262719 
-1.33381 0.403783 0.678565 0.442838 1.73186 0.91327 1.29345 0.640292 -0.090144 0.916512 0.631198 0.276141 0.347378 -0.0551036 0.456846 -0.213278 0.106381 0.474706 0.552673 -0.849129 0.618108 -0.212725 -0.156748 -0.563057 0.424781 0.827996 -0.0718762 0.526268 0.0529238 -0.902369 -0.497009 0.480186 0.851567 -0.00862627 1.08023 0.919656 1.83179 0.429566 -0.859975 
-1.3329 0.520415 0.570189 0.133226 1.71281 1.52163 1.28905 1.29745 0.679 1.36609 0.898363 0.271395 0.636589 -0.373453 -0.0330658 0.129649 -0.64662 -0.867779 0.821071 1.18135 -0.04683 2.25083 1.1189 1.44965 0.416032 -0.31816 -0.660724 -0.27703 -0.338979 0.316034 0.053758 -0.427134 -0.407668 -0.522677 0.969687 -0.244772 -0.0428646 0.488441 -0.322968 
-1.46608 0.391119 0.737905 0.102805 1.29617 1.30629 2.1502 0.606775 1.37943 1.64342 1.64179 0.612835 0.112065 -1.0554 -0.883434 -0.348917 0.368423 -0.387151 -1.16226 0.339265 -1.34411 1.29982 -0.167504 0.520707 0.186416 -1.20446 -0.455738 0.0592269 -0.224027 0.313409 0.257645 0.338412 1.06879 -0.0587262 1.31914 0.0385689 -0.969269 -0.79884 -1.19028 
-1.67396 0.076797 0.408369 0.325384 1.50862 0.976351 1.53747 0.32041 1.53083 1.24641 1.25323 0.421922 -0.264732 -0.393317 0.126921 -0.50219 1.11745 1.26716 -0.346751 0.151976 -0.0437986 -0.765038 -1.07613 -2.60201 -1.40133 -1.09553 -0.387133 0.243446 0.0409789 0.643494 -0.267345 -0.500461 0.691799 -1.05677 0.816146 -0.957668 -0.823178 0.0487627 -0.172824 
-1.60443 0.459533 0.505252 0.68768 1.88879 1.14682 2.26333 0.575464 0.89001 0.925764 -0.207621 -0.523941 -0.707403 0.403671 1.26242 0.413595 0.602023 -0.016392 0.448853 0.523432 -0.113319 -0.387904 -1.08018 -1.49802 -0.120513 1.00756 -0.0421024 0.224165 -0.240878 0.561919 0.059089 -0.276306 0.29825 0.114161 -0.465645 -0.937657 -1.60772 -0.558671 -0.654132 
-1.5683 0.720662 0.59893 0.640018 1.483 1.19328 1.91894 0.238536 1.28639 0.526092 0.183105 0.3236 0.496164 0.320159 0.222217 0.101847 -0.270477 -1.17145 -0.049281 0.219419 0.189934 0.214524 -0.145627 0.684666 0.713892 0.323026 1.10343 1.2042 0.538615 0.649943 -0.733901 -0.947452 -2.6843 -2.62837 -3.04033 -1.49858 -1.32356 -0.181154 0.368731 
-1.52434 0.576241 0.551744 0.54486 1.30683 1.12808 2.42518 0.714148 1.03688 0.82048 0.262979 0.0542487 -0.460897 1.44407 0.603573 0.472108 0.378184 -1.10071 -1.79513 -3.87541 -3.49637 -3.10014 -0.868156 -0.0788481 -0.0987286 -0.556806 1.73636 1.19525 0.182551 -0.579158 -2.80012 -2.27316 -3.40421 -2.25564 -1.5646 -1.15961 0.121058 0.811638 0.696114 
-1.14411 1.03064 0.816531 0.837294 0.935113 0.348591 -0.877354 -2.30387 -0.719814 -0.0546937 0.114754 0.24294 0.0815211 2.58894 1.62992 0.196404 -0.609678 -3.10574 -3.17401 -4.47013 -3.28917 -2.01887 -1.36364 -0.530605 0.298137 0.519247 2.43725 0.379139 -0.0940921 0.0114963 -2.32176 -2.09018 -2.7475 -2.14204 -1.65509 -0.416281 -0.842524 -0.379263 -0.90342 
-0.749633 1.40635 0.641934 0.224196 -0.206816 -0.368943 -0.800751 -1.67756 -0.266975 -0.0863855 -0.12426 0.295355 -0.0669407 2.64032 -0.0145723 -0.630277 -0.364327 -2.44488 -1.16909 0.444531 0.552697 1.19256 0.321744 -0.921647 -0.36621 -0.513826 2.86329 -0.0983028 -0.368438 0.588125 -2.04908 -2.23965 -3.12444 -2.42 -1.12535 -1.607 -2.56218 0.0947082 0.403236 
-0.353667 1.02734 0.524686 0.645268 -0.260215 -0.19992 -0.552885 -1.90134 0.0623433 0.147602 -0.548515 -0.0545862 -0.300825 2.20988 -1.77988 -0.807202 1.49632 -0.0228063 -0.00182369 0.568681 -0.035161 0.715674 -0.725134 -2.53037 -0.175252 -0.027231 2.49055 -0.81851 -0.727718 0.252562 -1.47289 -0.919124 0.367653 0.894353 1.94497 -0.952621 -1.61524 0.707376 -0.499715 
-0.0909792 0.508428 0.268327 1.00771 -0.235519 -0.36523 -0.386594 -1.70259 0.205419 -0.573048 -1.9231 0.152653 -0.0836349 1.53346 -1.25009 -0.573279 0.74306 0.197555 -0.137078 0.013506 0.661892 1.00728 -1.56289 -1.00471 1.24893 -0.0740095 2.04386 -1.59199 -0.538227 0.713497 0.034109 -0.0451952 -0.650071 0.677824 0.596769 -0.576105 -1.30254 0.615368 -0.567091 
0.0978921 0.397907 0.259181 1.03385 -0.182778 -0.260194 -0.539791 -1.4194 0.72415 -0.890392 -1.27042 0.957397 -0.352671 1.21486 -0.681935 -0.0837221 -0.419916 0.0803097 -0.0669886 -1.38116 0.95322 -0.0540488 -0.0283003 0.978685 0.943863 -0.64118 2.75639 -1.83851 -1.28924 -1.13905 -0.0973543 0.822776 -1.6444 2.58352 -1.43879 -1.36708 -0.50867 1.53845 2.01989 
0.263036 0.166926 0.229061 0.786541 -0.214555 -0.392345 -1.38102 -1.00876 0.177832 -0.601118 -1.24496 0.917296 -0.561681 3.08609 -1.59328 -1.5567 -2.47066 -0.341113 1.29719 -2.06729 2.86597 -2.66808 -0.215118 0.40424 0.6645 2.4994 2.79774 -2.00233 -1.74434 -1.90196 -0.270122 2.16171 -1.22696 3.06135 -0.994339 -0.418046 1.31152 1.55719 0.842962 
1.02481 -0.405449 -0.46079 -0.262534 -0.364799 0.35807 -2.02988 0.665599 -1.00141 -1.04141 -0.997767 1.49554 1.52927 3.47403 -2.41499 -2.79711 -2.46242 -0.4881 3.12284 -0.151498 3.22901 -1.09967 -0.520397 0.601782 0.992802 1.65907 2.86743 -1.9786 -1.98526 -1.65608 0.185062 2.37381 -0.785947 2.62318 -1.30475 0.35964 0.50448 0.914568 0.501826 
1.30873 -1.05286 -1.06414 -0.505522 -0.467373 1.08962 -1.48713 1.34028 -0.528945 -0.953041 -0.832862 1.72162 0.688795 1.71965 -1.46692 -1.72162 -0.0395262 0.629486 2.05897 1.08519 0.716199 1.16021 0.673772 0.209235 0.475183 -1.88948 2.63199 -1.83921 -2.25417 -1.43332 0.427751 2.32161 -0.00296585 1.58646 -0.557026 0.121972 0.295771 0.781214 0.142569 
1.53338 -1.14477 -1.25698 -0.284265 -0.079316 1.33673 -1.2426 1.18704 -0.240262 -0.607439 -0.862766 1.88019 0.113191 0.936918 -0.429465 -0.924869 0.289416 1.14764 0.159406 0.146859 -1.0666 0.444894 0.671196 -0.238382 -0.018506 -1.47879 1.20287 -1.06707 -1.37425 -0.209956 1.05272 1.15049 1.47802 -0.224612 1.07655 0.657791 0.567404 0.227872 -2.01251 
1.57765 -1.26642 -1.49213 -0.354788 0.0676876 1.16961 -1.3777 0.565075 -0.232439 -0.520768 -1.01383 1.706 -0.418672 0.29484 -0.182464 -0.548609 -0.281806 0.985898 -0.434856 0.759023 -1.034 0.0488128 0.171084 0.479634 -0.187146 -0.507533 0.531644 -0.363562 -0.67938 -0.0590169 0.962787 -0.303653 0.774735 -1.29233 -0.665155 -0.321874 -0.0963032 -0.329864 -1.9522 
1.60571 -1.23315 -1.51108 -0.433025 0.377838 1.13558 -0.690936 0.435544 -0.201034 -0.504293 -0.536894 1.72784 -0.264426 -0.0479789 -0.131053 -0.198935 -0.382288 0.330189 -0.594157 0.819374 -0.713412 -1.22303 -1.09532 0.132003 -0.385167 -0.846095 0.146406 0.275191 -0.506187 -0.234032 0.620888 -0.265598 1.20244 -1.10076 -1.53199 -0.730549 0.58665 0.0928184 -0.838389 
1.54503 -1.32874 -1.58464 -0.556231 0.20901 0.893095 -0.782437 0.0467466 -1.01935 -1.25105 -0.933342 1.3931 -1.0507 -0.051895 0.610579 -0.289454 -0.075968 -0.0309691 0.0539852 0.741151 -0.483667 -1.81595 -1.12457 0.232295 0.307688 -0.485327 -0.00528293 0.443509 -0.38039 -0.713976 -0.188176 -0.320742 1.29574 -0.385234 -1.35069 -1.26703 -0.0498087 -0.202234 0.352737 
1.5719 -0.919622 -1.64542 -0.473863 0.345203 1.16569 -0.152186 0.0843111 -1.37308 -1.25383 -0.385615 1.9767 -0.625356 0.0365623 0.819682 -0.431582 -0.701928 -0.61265 0.135211 0.79728 0.175639 -0.337255 -0.553088 -0.182673 0.139781 1.27772 -0.174428 0.318489 -0.28349 0.0317155 -0.176809 0.0935716 1.24616 -0.294141 -1.70485 -1.54782 -0.597889 -0.22251 0.433495 
1.53829 -0.909245 -1.78466 -0.925261 -0.1038 0.961638 -0.203138 0.175035 -1.2309 -1.62449 -1.07498 1.50582 -0.0867921 -0.243156 -0.115449 -0.181192 0.120428 -0.234108 0.0736763 0.813599 0.0706431 -0.148409 -0.887545 -0.939671 -0.578219 1.01353 -0.143433 0.446166 0.0451655 0.34501 0.669395 0.298396 1.18076 -0.079859 -0.51523 -0.375666 -0.0972717 0.211878 1.59372 
1.47952 -0.974037 -1.72973 -0.41173 0.214723 1.20512 0.438902 0.136234 -1.46196 -1.84738 -1.06161 1.50728 0.140029 -0.279638 -0.126939 0.503167 1.22059 1.64177 0.282452 0.675829 -0.295209 -0.269832 0.0592865 0.0751327 0.128419 0.638012 -0.137436 0.0781915 0.259679 0.288896 0.5233 -0.0731191 0.366303 0.378139 0.638503 -0.109352 -1.01463 -1.09625 0.471021 
1.43474 -0.969483 -1.5527 -0.28631 0.669262 1.09984 0.288423 -0.0391305 -1.39865 -1.59492 -1.03464 1.60933 0.39641 0.0101356 0.238656 0.606693 0.3133 1.03979 -0.182025 -0.357248 0.437004 0.857649 0.738705 -0.267046 -0.775939 -0.440449 -0.219904 -0.132554 0.0466576 0.565615 1.05251 0.152199 1.19667 0.414145 0.812953 1.13895 0.520564 -0.176083 -1.07557 
1.46469 -0.848997 -1.44994 -0.248474 0.697833 1.12359 0.18416 0.454615 -0.897341 -1.37067 -1.2628 0.877556 -0.187177 -0.0916698 -0.0760354 -0.42912 -0.368022 -0.0267161 -0.0717822 0.817148 0.852166 1.17811 1.40883 0.557614 -0.341372 -1.91452 -0.0500325 0.228996 0.14371 -0.534144 -0.257914 -0.592343 0.0588451 0.375638 0.313741 0.608012 0.415258 -1.03381 -1.83353 
1.38875 -1.00392 -1.75159 -0.480273 0.638676 1.07046 0.882075 0.581202 -0.625876 -0.677203 -0.653724 1.33194 -1.03848 -0.0965914 0.117959 -0.372523 -1.12532 -1.4289 -0.66147 0.429773 0.0672186 -0.518939 0.041672 0.773615 -0.500775 -1.74251 0.0370478 0.607492 0.423298 -0.294938 -0.603213 -0.922934 0.113109 0.0771329 -0.435328 0.159955 0.570515 -0.364826 -1.47765 
1.41719 -0.785125 -1.62266 -0.839492 -0.00813786 0.815226 0.497968 0.504048 -1.2269 -1.35269 -0.729416 0.470928 -1.49282 0.151236 1.01847 1.12457 -0.0819393 -0.890507 -1.23978 -0.676881 -0.756739 -1.69403 -1.20883 0.134984 -0.105662 0.157159 -0.123373 0.536481 0.458747 -0.0230759 -0.817783 -0.984658 -0.341607 0.159099 -0.397708 0.168576 0.306788 0.17216 -0.534333 
1.41712 -0.483687 -1.23247 -0.524242 0.192032 0.488503 0.396427 0.0313616 -1.71873 -1.48219 -0.571135 1.24566 -0.916617 -0.112846 0.714568 1.12646 1.08685 0.183516 -0.737486 -0.857168 0.140458 0.0459359 0.169494 -0.397013 0.719717 1.11327 -0.0638465 0.648716 0.90412 0.082828 -1.02737 -0.500571 -0.387472 -0.36623 -1.06335 0.0127795 0.309833 -0.000384575 -0.0521618 
1.36471 -0.418901 -1.10267 -0.270661 0.0625372 0.470903 -0.117921 0.606748 -1.18954 -1.2506 -1.02236 1.05384 -0.652479 -0.260856 -0.0122312 0.364163 0.203763 -0.675428 0.526223 0.19223 0.244991 0.461578 1.21819 0.245266 0.110612 -0.20976 -0.328425 0.491397 0.911888 0.765395 -0.319416 -0.565805 -0.729498 -0.325324 -0.180253 0.510593 0.127467 0.862628 1.20552 
1.31932 -0.485793 -1.06475 -0.418416 -0.151016 0.74203 0.538632 0.210089 -1.41138 -0.689935 -0.410701 1.33472 -1.07047 -0.440437 0.0481808 0.37509 0.0681043 -0.666697 -0.0684345 -0.054465 -0.596186 -0.270838 0.484694 0.558753 0.35555 0.338204 -0.438223 0.131125 0.701206 0.874696 -0.77278 -0.50394 -0.620853 0.225537 0.394894 0.966313 -0.244798 0.111773 0.422681 
1.21193 -0.390391 -0.929903 -0.235961 -0.276305 0.443103 -0.15393 0.173679 -1.35795 -0.941061 -0.640635 1.3415 -0.394567 -0.476544 0.217368 0.789789 1.11663 -0.501133 -1.24455 -0.968231 0.053672 -0.0302784 0.0263024 -0.529571 0.0334373 0.72503 -0.402458 0.285272 0.171893 0.109416 -0.383178 -0.275723 -0.62251 -0.277544 -0.191952 1.48646 0.786385 0.204573 -0.143188 
1.15549 -0.371542 -0.700338 0.166028 -0.410112 0.157819 -0.157491 0.249669 -1.42353 -0.682071 -0.797209 1.36122 -0.52188 -0.23699 0.395537 -0.0944227 0.0939627 0.085998 -0.326772 -0.723606 0.205892 0.0325883 1.43356 0.392497 -0.0964097 -0.499664 -0.502481 0.578091 0.184813 0.16498 -0.601837 -1.01006 -1.16554 -0.326226 0.381759 0.350641 0.317552 -0.662941 1.35563 
1.12144 -0.185846 -0.974113 -0.187704 -0.252601 0.293086 -0.673333 0.32397 -1.32926 -0.00706928 -0.376272 1.26272 -0.766271 -0.368609 0.679561 -0.487807 -0.870461 -0.413985 -0.190365 -0.487746 -0.510635 0.446592 0.420696 0.919069 -0.850197 0.90597 -0.417854 0.646679 0.361891 -0.0303462 0.424964 -0.821167 -0.666926 -0.329324 0.817475 1.36004 0.892607 -0.560047 0.207945 
1.02471 -0.0230588 -0.926344 -0.291365 -0.627232 0.0723357 -0.506506 -0.121178 -1.12592 -0.414654 -0.161148 0.671291 0.162679 -0.466254 0.607549 0.688557 -0.143439 0.569284 -0.840704 -0.109913 -0.667097 0.880847 0.320936 0.686028 -0.592739 0.758129 -0.437508 0.806637 0.108104 -1.03557 0.157963 -0.627276 -0.610278 -0.298128 0.747136 0.245719 0.50709 -0.734574 1.24796 
0.960759 0.126142 -0.656484 -0.263918 0.00388405 -0.100068 -0.749398 -0.160674 -0.749573 0.194696 0.0952893 0.781526 -0.192807 -0.367592 0.571102 0.663232 -0.700514 0.660913 -0.702591 -0.275054 0.0921526 0.38659 -0.109605 -0.302468 -0.0554018 0.596268 -0.660598 0.858352 0.394149 -0.624871 0.58061 -0.975959 0.926577 -0.819705 -0.311821 -0.392525 0.797238 -0.43999 1.58134 
0.894232 0.270459 -0.620418 -0.659655 -0.326612 -0.255478 -0.701871 -0.0536106 -0.867286 -0.496231 -0.387349 0.625759 0.614512 -0.644041 0.723155 -0.0412023 -0.805908 0.324043 -0.545935 1.2657 -0.465673 -1.25586 -0.836576 0.278227 0.0524867 1.14279 -0.681897 0.533908 0.624621 -0.429695 1.41269 -0.422736 0.146565 -0.919349 0.336603 0.422912 0.118517 -0.562158 -0.642382 
0.745646 0.496719 -0.6761 -0.687466 0.142246 -0.353768 0.168295 -0.498819 -1.55781 -0.365307 0.278991 0.823467 0.669712 -0.778418 0.257443 0.364367 0.0465857 1.50501 0.0992356 0.457088 -1.36138 -0.0217968 0.650218 0.453485 -0.636365 -1.35472 -0.653874 0.178695 0.360211 -0.529021 0.866332 0.156929 0.180203 -0.995252 0.0769674 -0.703072 -0.6659 -0.760527 -0.426586 
0.637977 0.40502 -0.452607 -0.636238 0.38058 -0.203954 -0.36833 -1.04322 -0.873923 -0.0777638 -0.079936 0.109199 -0.399723 -0.454978 -0.444393 0.632564 0.00163986 1.00627 0.763301 -1.04168 -0.907504 1.32443 -0.0813211 -1.06709 -0.990273 -1.64317 -0.713587 -0.177618 0.496427 -0.678496 1.02749 0.200934 1.53226 -0.741159 0.172513 -0.177801 0.322133 -0.237777 -0.490979 
0.588417 0.2756 -0.384347 -0.687614 0.609212 0.011919 -0.580886 -1.15831 -0.689991 -0.428271 -0.486946 0.0199685 -0.561279 -0.420733 -0.530166 0.451732 -1.0771 0.0717863 0.180436 1.45483 0.336179 0.199375 -0.887722 -0.0584968 0.346898 0.777333 -0.617535 -0.70773 0.63906 -0.718769 0.887419 1.34568 0.713054 -0.127317 0.989228 -0.0133644 -0.809117 -0.78971 -1.94904 
0.491233 0.140432 -0.244423 -1.20197 0.397438 -0.114016 0.685986 -0.798165 -0.736896 -0.671426 -0.133922 0.38984 0.188172 -0.583106 -0.648813 0.418857 -1.09311 0.356294 1.13716 1.93091 0.722942 -0.215033 0.0568159 0.106626 0.0162939 -0.677927 -0.429042 -0.994758 0.543067 -0.435156 1.12893 0.644031 0.510393 0.120007 -0.162981 -0.812581 0.013533 0.485195 -0.8386 
0.39196 -0.0491163 -0.191355 -1.26174 0.763108 0.554477 0.817356 -0.631966 -0.822146 -0.400326 -0.424374 0.0325654 -1.06694 -0.301272 -1.00729 0.441315 0.414904 1.66015 0.726596 -0.818595 -0.182037 -0.404571 -0.172026 0.0837223 0.260273 -1.77045 -0.330074 -1.06403 0.554162 -0.951999 0.837551 0.843732 0.633308 0.164098 -0.376895 -0.336481 0.762151 1.31427 1.05969 
0.381063 -0.365954 -0.041052 -0.985444 1.17936 0.234307 0.097963 -0.930019 -0.992167 -0.794083 -0.0875176 0.600249 -1.13846 0.0270567 -0.995857 0.492496 -0.351376 0.930001 0.052618 -1.14123 -0.508418 -0.234224 -0.49986 0.815588 1.61911 1.95501 -0.168586 -0.835104 1.14371 0.152226 1.04003 0.358557 -0.635874 -0.790713 -0.177244 -0.391993 0.031213 0.237701 -0.491722 
0.382313 -0.549708 0.035668 -1.44698 1.19334 0.583947 -0.00374252 -1.0012 -0.966767 -0.738734 0.138641 1.34468 0.405921 0.0160177 -0.283062 1.44271 -0.188039 -0.0641871 -0.223753 0.0238404 -0.91103 0.183103 -0.342925 -0.0373127 0.039953 1.19217 0.258232 -0.298592 0.699629 0.126091 -0.507489 -0.977017 -1.06191 -0.156761 0.674525 -1.16857 -0.337418 -0.190591 1.16693 
0.368036 -0.505313 0.625093 -1.08504 1.13072 0.133027 0.118522 -1.59208 -0.86571 -1.02921 -0.12655 0.632028 -0.238837 0.403407 0.535895 0.658855 0.538682 -1.70082 -1.44076 -0.185377 0.283534 0.984563 -1.02101 -1.21087 -1.85005 -0.54968 0.221689 -0.146703 0.102072 0.224294 -0.924676 -0.45779 -0.873195 0.685386 0.519197 -1.21396 0.734068 -0.0794041 1.62723 
0.487891 -0.274033 0.339571 -1.16555 0.356394 -0.0930865 -0.134324 -0.79444 -0.319714 -1.42011 -0.728784 -0.155907 -0.00336699 0.353168 0.0581882 -1.27723 0.523985 -1.34468 -0.429233 -1.11486 1.83944 0.390019 -1.23673 0.925878 -0.133004 0.763633 0.485768 0.527171 0.0984141 1.92517 -1.43503 -1.93905 -0.373418 0.935003 -0.205212 -0.337523 1.19973 -0.732002 -0.846286 
0.458232 -0.471731 0.0342688 -0.811323 0.465317 -0.0654632 -0.683528 -0.253686 -0.604848 -1.85256 0.514317 0.523578 0.338763 0.408604 0.282222 -0.499417 2.3717 -0.488591 -1.30948 -0.281729 0.986725 -1.23794 0.576616 2.65739 0.947643 -0.452625 1.14271 0.427474 -1.62049 1.37904 -2.75518 -1.62353 -1.3005 1.3858 -0.507167 0.906529 1.577 -0.946104 -0.764178 
0.59506 -0.126915 0.1082 0.0769296 0.103339 -0.708015 -0.334511 -0.0762409 -1.11631 -1.05008 1.13432 0.611802 -0.339723 1.56045 0.605623 -1.39926 1.55978 -2.86378 -1.87427 -0.509608 0.0481762 -0.987907 2.40378 0.972687 -1.03494 -1.66774 0.999922 -0.123393 -0.987968 2.13038 -2.10398 -1.23887 -0.19886 1.10073 -0.692555 2.07982 2.16367 -0.610517 -0.581612 
0.918054 -0.160719 -0.612947 0.00546577 -0.93178 -0.947588 -1.04834 -0.218104 -1.23903 -0.280056 1.18823 -0.316132 -0.910693 1.26558 -0.471018 -1.13351 0.849293 -2.72393 -0.449404 0.0325386 0.51049 0.42854 2.11023 -0.0558855 -1.69939 -0.233153 1.20443 -0.176317 -0.881314 1.43708 -2.86903 -0.777782 1.07038 0.692386 -0.401775 2.17395 0.498018 -1.28304 -0.865285 
0.964603 -0.361527 -0.416205 0.521209 -1.2264 -0.916048 -0.307668 0.295587 -0.830426 0.329225 1.08218 -0.766625 -0.511157 0.456674 -0.876333 -0.0577055 0.611836 -1.51881 0.76822 1.84493 0.889824 0.510264 0.404979 -0.366955 -0.550876 0.642718 1.01475 -0.572511 -0.688425 1.10247 -2.95641 -0.402385 -0.290996 0.563506 0.457679 0.599769 -1.01851 -1.80347 -0.534806 
1.03994 -0.600738 -0.640189 0.325246 -1.68106 -0.579574 0.287791 0.429619 -0.900063 -0.022982 0.916504 -0.763381 -0.423955 0.433468 -0.412902 -0.00521698 0.81585 -1.79231 -0.125138 -0.396751 0.251012 0.074394 -1.34053 -1.15548 -0.531867 -0.396649 0.478912 -0.548063 0.224775 1.25868 -1.75539 0.43048 0.953219 0.736733 0.649941 -0.163844 -0.319137 -0.303175 -0.0186645 
1.07938 -0.566687 -0.41919 0.947954 -2.1074 -0.970674 -0.590948 0.478695 -0.774581 -0.562432 0.253855 -1.19846 -0.80545 0.34384 0.0302524 0.42562 1.28975 -1.16056 -0.163544 -0.655876 0.108908 0.212026 -0.624404 -0.00642199 0.180303 -0.655259 0.164862 -0.315831 -0.0309874 0.965936 -1.45794 0.0677351 0.00930737 -0.445601 0.107038 -0.875958 0.0877327 0.244798 -0.77123 
1.12728 -0.581314 -0.444071 1.00046 -2.25777 -0.652369 -0.182683 0.509372 -0.754818 -0.443353 0.899277 -0.61781 -0.91258 -0.159574 -0.0737409 -0.0488383 0.642641 -0.432139 0.216218 0.407434 -0.871456 0.0284831 0.198687 1.26961 0.840895 -0.515896 0.088539 0.35385 0.239438 1.24021 -0.630752 -0.68291 0.391096 -0.436349 0.354169 -1.38503 1.00459 0.688057 -0.644878 
1.0126 -0.599965 -0.442335 1.28388 -2.33327 -0.863806 -0.293278 -0.154581 -0.748558 -0.44112 1.13736 -0.517301 -1.18935 -0.19793 0.519607 -0.0335147 0.583877 0.201214 -0.808181 1.14318 -0.716681 0.172809 -1.17684 1.21912 0.67846 -0.10618 -0.151341 0.399157 -0.276863 0.625066 -0.249961 -0.0810593 0.217199 -0.123574 0.512735 -0.672016 0.75753 0.262519 -0.135743 
1.04875 -0.313893 -0.460134 1.30558 -2.17857 -1.03014 0.646496 -0.0113342 -0.635046 -1.22729 1.74714 -0.0683483 -0.9886 -0.0967638 0.693724 -0.410874 0.299911 0.0551832 -0.335809 -0.137222 0.69202 0.537265 -1.07636 -0.352933 -0.50989 0.363339 -0.363777 0.632356 -0.0476834 1.24333 0.400906 -0.640889 0.0688354 0.146465 0.798566 -0.250214 -0.0957807 0.121032 0.0248107 
0.965041 -0.244304 -0.632787 1.44012 -2.32441 -1.0181 -0.389072 0.349276 -0.392052 -1.15893 0.875533 -0.931319 -0.912552 -0.414634 0.461312 -0.0480864 1.29447 0.417272 -0.104047 -1.05818 0.907056 0.719051 0.845543 -1.32488 -0.522927 0.145632 -0.272361 0.69982 -0.367508 0.427167 0.549954 -0.410041 0.298985 0.40573 0.298692 -0.509434 -0.116543 0.403585 -0.00549583 
0.903873 -0.0760149 -0.482931 1.98327 -1.99531 -1.07478 -0.114607 0.648921 -0.160459 -0.680276 0.79924 -0.492936 -0.875397 -0.362507 0.391612 -0.19839 0.343103 0.791258 -0.249572 0.509535 -0.146587 -0.215725 0.409284 0.222302 1.01585 -0.360131 -0.347449 0.705154 -0.680298 -0.175314 1.23907 0.419211 -1.10831 0.0885111 0.88627 -0.0265326 -1.30568 0.148842 -0.114128 
0.836123 -0.0417486 -0.725044 1.619 -1.961 -1.13159 -0.0176429 0.243205 -0.524656 -0.899018 1.01976 -0.108312 -1.1794 -0.170552 0.632281 -1.07723 -1.56337 1.48312 0.692767 -0.326356 -0.796047 0.272874 -0.887106 -0.230567 0.71295 -0.272338 -0.438406 0.745736 -0.679034 -0.821471 1.75525 0.24468 -0.0376202 -0.695951 1.03225 0.496574 -0.453945 0.362787 0.985403 
0.833726 0.248508 -0.981328 1.16258 -1.29866 -0.742466 -0.347033 0.070491 0.02431 -1.27353 0.623793 0.0844893 -1.07628 -0.3752 0.764792 -0.924845 -1.59002 1.89858 0.591181 -0.557435 -0.816704 1.37421 0.226745 -0.757205 -0.560489 1.54837 -0.325373 0.502819 -1.45473 -2.16184 1.6582 0.924711 0.149977 -1.08145 1.82737 1.06258 -0.254425 -0.147954 1.23103 
0.70332 0.349928 -1.15302 0.784342 -1.06424 -0.847334 -0.417003 -0.350249 0.375494 -0.759242 0.472567 -0.563354 -0.0121146 -0.377615 0.148146 -1.32578 -1.71232 1.05829 0.611669 0.512649 -0.695182 1.79277 2.25629 -0.0652725 -0.891018 1.75433 0.0758546 0.990357 -0.856645 -2.11321 1.54299 1.2408 -0.719461 -0.998139 1.58083 0.678668 -1.20116 -1.40156 1.53149 
0.700182 0.327678 -1.59459 0.263798 -0.806636 -0.448514 0.0266452 -0.434578 1.19634 0.201906 0.565024 -0.638536 0.245779 0.499841 0.770224 -0.491421 -1.61207 0.466616 1.16078 -0.341667 -0.560426 0.410156 0.645155 -0.673 -1.17231 0.292946 -0.0696694 0.876841 -0.332435 -1.44159 0.725926 0.78389 0.575603 -2.09382 0.677124 0.871201 -0.706327 -1.96877 1.98339 
0.838422 0.744358 -1.38069 -0.0618791 -0.85721 -0.293601 -0.660489 -0.757309 0.649435 -0.344106 -0.0151859 -1.51444 0.211788 0.258231 1.21118 0.77438 -0.473205 0.0572817 0.493385 0.204991 -2.18245 -1.03947 -1.135 -0.772033 -1.54524 0.627414 0.0974082 0.685425 -0.00583105 -1.26829 0.273487 1.15066 1.10094 -1.66353 -0.254232 0.887276 -0.0696436 -1.20519 0.983336 
0.761312 0.945575 -1.2373 0.014687 -0.796764 -0.210522 0.178069 -2.02136 0.528668 -0.554494 0.00736542 -1.89199 0.721017 -0.339058 0.292832 0.47887 -0.311146 -0.0430061 0.463559 1.71513 -1.72794 -0.719462 0.496959 0.598564 -0.316952 0.892819 -0.117305 0.86653 0.249417 -0.851109 0.273815 0.353204 -0.199024 -2.36666 -1.81345 -0.467874 0.288142 -1.15057 0.731927 
0.716684 0.896853 -1.15997 -0.226022 -0.895643 -0.0697187 0.581873 -2.01351 0.189624 -0.0264994 0.394636 -1.77203 0.886465 -0.457493 0.132186 -0.365811 -0.818574 0.36683 0.00187825 -0.454386 -1.06883 -1.0488 0.521763 1.12629 0.123717 0.257688 -0.393774 0.828969 0.360982 -0.501762 0.0816007 0.192209 0.758454 -1.77321 -1.78613 0.45726 1.74275 -0.303986 -0.98488 
0.603313 1.01666 -1.40692 -0.415502 -0.637793 -0.205058 -0.146847 -2.79819 -0.145066 -0.220564 0.789702 -1.7923 0.918425 -0.323808 0.992395 0.113765 -0.451863 0.173144 -0.196242 -0.769222 -0.710638 -1.33763 0.0881454 1.49859 -0.0546266 -2.06087 -0.463543 0.68148 -0.0184696 -0.625435 -0.989427 0.407139 0.676595 0.275324 -0.27852 0.871804 1.68121 0.601402 -1.04235 
0.599614 1.40388 -1.10797 -0.463943 -0.829964 -0.157983 0.0295165 -2.52982 -0.671727 0.022064 1.43977 -1.81693 -0.658406 -0.322366 0.924765 0.332408 -0.131626 -1.87473 0.56975 1.2981 1.43568 0.71178 0.600309 0.897134 0.627575 -1.49446 -0.349408 0.853285 0.06453 -0.274893 -0.505382 0.889518 -0.0697179 0.0969336 0.0574626 0.311446 0.418153 0.857844 -1.21418 
0.486685 1.48941 -1.25388 -0.485521 -1.5585 0.0690624 0.794251 -1.75346 0.324798 0.165058 1.41028 -1.28409 -0.20082 -0.264661 0.330468 -0.0102312 0.0322418 -0.940744 1.45085 0.681251 0.833181 1.38395 0.308083 -0.988551 1.12396 0.618597 -0.192581 0.306377 0.803491 -0.0624933 -0.633394 0.431762 0.706628 1.18287 0.272288 0.465576 0.059058 0.259775 -1.58192 
0.500653 1.57544 -1.11327 -0.448046 -1.3008 0.532978 0.524995 -1.9233 0.234751 0.21537 0.729275 -0.906274 -0.189793 -0.00312451 -0.448382 0.9903 0.0334919 0.91135 0.0367401 -0.416894 0.174028 -0.420365 -0.00443214 -0.81736 -0.299972 -0.387601 -0.38416 -0.121049 0.419155 0.154188 -0.522241 0.944776 0.505983 0.236578 -0.162059 0.0623802 -0.97745 0.528923 0.31004 
0.467798 1.26627 -0.796808 -0.468969 -1.13726 0.0910199 0.49642 -1.62634 0.0592675 0.152695 0.820625 -1.52791 -0.488314 -0.382082 -0.515636 0.698842 0.197592 0.14736 -0.118005 -0.0505234 -0.519398 -1.58809 -0.234475 -0.173611 -0.462558 -0.238035 -0.184947 -0.561506 1.08955 -0.0536276 0.295998 -0.0592452 -1.45684 -0.382597 -0.838518 0.910394 -1.23129 1.52936 -0.824785 
0.365743 1.31822 -0.790888 -0.345456 -1.24754 0.481727 0.491833 -2.30052 -0.789288 0.0516148 0.594032 -1.28192 -0.364896 -0.309566 -0.418505 0.804355 -0.118207 -0.45331 -0.125445 -1.40275 -0.70819 -0.555571 1.17649 -0.648946 2.20213 -0.588991 -0.198073 -0.711663 0.937764 -0.253464 0.109481 -0.596046 -1.214 1.12657 -1.28232 1.45548 -0.51738 -0.0126947 -0.150249 
0.355089 1.05827 -0.425665 -0.531954 -1.37332 0.036249 -0.513601 -2.14087 -0.294087 0.917507 0.349851 0.256898 -0.927142 0.0473823 -0.583659 0.845395 -0.584779 0.0254184 -0.730734 -1.46595 2.052 0.105805 2.11259 -0.437299 0.452241 0.0681305 -0.480051 -0.00152631 0.532648 0.484478 0.162683 0.559141 -1.04661 0.233234 -0.58404 1.26032 -0.380615 -0.993186 -0.407086 
0.362318 1.02652 -0.40078 -0.653065 -1.25302 0.140599 -0.563848 -0.807529 -0.713039 1.43248 0.272657 -0.915866 -0.309931 -0.497976 0.418329 0.0715031 0.847966 0.707456 0.912286 0.0952425 1.01739 -0.130023 0.448832 0.201907 -3.42846 0.111931 -0.31538 -0.447418 1.1333 -0.366112 0.735273 0.139571 -2.13659 0.984203 0.506397 1.6799 -0.962225 -0.893485 0.0363499 
0.184696 1.27436 -0.393196 -0.0883701 -1.05028 0.47242 -0.441461 -1.40037 -0.371023 1.20344 0.47968 -2.52341 -0.839263 -0.578791 -0.106648 1.02144 0.0270886 1.10445 0.923523 -1.20227 -0.714368 0.452712 0.056217 -0.706622 -1.55492 -0.0148789 -0.175305 -1.413 1.76291 -0.806615 2.20957 0.692669 -0.645039 1.22646 -0.861829 0.69907 -0.490209 -2.55713 -0.162724 
0.167182 0.976569 0.0706844 -0.639871 -0.738763 0.582086 -1.42904 -1.32655 -0.411455 1.46003 -0.238829 -2.17717 -0.317343 0.201454 -2.60312 2.83411 -2.0724 2.67722 0.0636108 -0.901438 0.652006 -0.872509 0.449495 -0.780261 0.262509 -0.296755 -0.0180679 -2.68104 1.97441 -0.637224 2.13176 -0.064155 -1.3427 0.319252 0.132565 0.842707 -0.117874 -1.2744 -2.4235 
0.228443 -0.0407677 0.915958 -1.17594 0.221521 0.50709 -1.08933 -0.925615 -0.930248 1.48981 -0.0837871 -2.31119 -1.05849 0.545936 -4.04076 2.2331 -0.995132 2.16123 -1.01918 -0.474875 1.14137 -0.320711 1.02817 0.574396 -0.020178 -2.87363 0.386305 -3.2503 2.06618 -2.15943 1.71917 -0.0741066 -0.0684206 0.811179 0.263582 0.95925 -0.00829498 0.477973 -0.168292 
0.316397 -1.06713 1.10209 -1.16263 0.284504 0.104497 -1.76876 -0.495879 -0.612254 2.12723 0.153933 -2.19414 -2.47296 0.443771 -2.42536 0.571853 -1.19964 -0.0425611 -0.173357 0.815086 0.448678 1.15399 0.785848 0.779333 0.335704 0.105272 0.346205 -3.33848 1.57092 -1.60707 1.03035 -0.229415 0.657756 0.260189 0.268684 0.224949 0.270179 0.580455 -1.17924 
0.346378 -1.26581 1.17965 -1.80593 0.183303 0.429652 -0.497169 -0.598743 -0.173142 1.99754 0.453636 -2.03963 -0.975615 0.0320465 -1.12421 0.355745 -1.44087 -0.580064 0.689539 1.29507 -0.795254 0.608014 -0.743978 -0.241659 0.74549 1.47315 -0.0457216 -2.12542 0.870236 -1.39032 -0.312315 -0.0772236 -0.01515 0.729828 0.0303119 0.022766 1.19287 1.46257 -0.306508 
0.308278 -1.63277 1.26592 -1.91909 -0.0126103 0.435288 -0.829851 -1.07373 -0.209792 1.62817 -0.0293439 -1.59033 -1.3622 -0.522998 -0.862089 0.860973 -0.908281 -0.42976 0.0591975 -0.834935 0.540598 -1.13865 -0.763553 0.658965 1.48361 -0.46205 -0.378023 -1.21202 0.779718 -1.36628 -0.210959 0.0727135 1.65 0.702709 1.25999 -0.325366 0.0378206 -0.346674 1.51227 
0.168324 -1.69861 1.57696 -2.28315 -0.0414154 0.462234 -1.097 -0.205017 -0.905242 1.48559 0.906094 -0.837369 -1.31905 -0.6685 -0.74951 0.92774 -0.63067 0.262757 -0.59141 0.763831 1.74739 0.810298 0.315331 0.295986 -1.17001 0.345178 -0.565203 -0.934702 0.684069 -0.159953 -0.14752 0.111727 -0.495154 0.924627 0.647172 0.323106 -0.0872242 0.555303 -0.418464 
0.085676 -2.00852 1.69408 -2.25076 0.0962323 0.160073 -0.274716 0.197708 0.324065 1.82624 0.166893 -2.53956 -1.09905 -0.427332 -0.582415 0.264705 0.662632 0.209478 0.0941689 0.215855 0.715451 1.85778 1.17488 -0.754466 -0.789494 -0.0286166 -0.713097 -0.622472 0.387336 0.488943 -0.00394707 0.141299 -0.218422 2.38632 0.645584 0.692269 0.639618 0.366085 0.240293 
0.0195594 -1.98968 1.69872 -1.93674 0.0417645 0.511361 -0.937725 0.315882 0.309019 2.24935 0.360836 -1.47808 -1.33679 -0.529828 -0.211738 -0.291626 1.36719 -0.263457 0.786647 -1.03744 1.51041 -0.0929788 0.574186 0.47941 1.62946 -0.0480278 -0.401814 -0.383576 0.40822 1.35023 -0.389066 0.388273 -0.289996 1.2436 1.98413 0.262175 -0.373024 -0.764374 0.674331 
-0.0944695 -2.11173 1.55874 -1.53495 -0.0483839 0.536805 -1.02084 1.29679 0.271192 2.19468 0.492607 -1.21905 -1.13137 -0.249015 -0.00908037 0.405866 1.37753 -0.799183 0.450748 -0.578819 0.97742 0.386724 -0.842477 0.316522 -0.153063 0.844839 -0.218013 -0.244335 0.288344 1.67044 -1.15163 1.68546 -2.30396 0.476144 1.17552 -0.609923 1.98972 1.79596 -0.111699 
-0.074611 -1.99019 1.8857 -1.2155 -0.360892 0.729182 -1.35253 1.02731 0.56774 1.68546 0.571569 -1.60279 -0.698167 0.161692 -0.164247 0.764419 1.15763 -1.49251 1.5949 -1.83973 -0.868544 1.41491 -1.37143 1.91367 0.603335 -0.0757738 0.00298234 0.242624 -0.323646 2.11708 -0.896299 0.388679 -1.85578 -0.472872 1.15383 -2.60329 1.38471 1.27405 0.00649733 
-0.0628963 -2.19088 1.91143 -0.929003 -0.784992 1.29591 -2.34654 0.665628 1.19778 1.28268 1.83074 -0.730497 -1.18454 0.251458 0.386789 -0.942764 1.82333 -0.566288 0.0947424 -1.73885 -1.63521 0.910473 -2.53682 1.35163 1.73858 -0.827288 0.861105 1.39479 -1.45309 3.20472 -0.101523 -2.96122 -1.23891 -1.2801 -0.280272 -2.47071 -0.640036 0.521123 -0.547206 
-0.0155546 -1.79007 1.44945 -0.260532 -0.651371 0.77858 -2.60535 -0.161449 1.16667 0.00651601 1.51297 -0.193819 -1.31606 1.27971 2.32522 -3.16473 3.68948 1.34258 -5.79238 0.292156 -0.894724 -1.75393 -1.83612 -2.67154 0.0483945 -0.568857 0.900371 1.49309 -2.55062 2.90003 0.698164 -4.26922 -0.594877 0.043236 -1.25184 -2.34681 -0.828834 1.21495 -0.84359 
0.310974 -1.0084 0.448333 1.00439 -0.156038 -1.43984 -2.13215 0.0154288 0.0660233 0.0648695 -0.0677528 -0.691874 -1.60824 1.25579 1.92633 -3.2683 2.56259 1.6394 -6.14416 0.995273 1.68422 -2.35798 -0.510253 -2.33572 -0.226362 -0.171792 0.958696 2.0683 -2.78813 2.32662 1.63521 -5.20758 1.07805 0.923707 -1.48353 -1.35612 -1.87321 0.752432 -0.65881 
0.350992 -0.809746 -0.061508 1.08204 0.120553 -2.12359 -1.88302 1.06404 -0.35746 -0.338731 -0.148472 -0.37796 -1.44139 0.325339 0.878183 -1.43819 -0.171461 1.16366 -1.58562 1.05273 2.14951 0.0420843 0.0723205 0.43609 0.890205 -0.209243 0.881142 1.418 -2.39135 1.8243 0.754966 -4.73313 1.73744 1.65444 -0.821625 0.273015 -1.55865 0.439737 0.365403 
0.39265 -0.559255 -0.216874 0.913489 0.386736 -2.18541 -1.36831 1.57934 0.100881 0.103018 0.227381 0.029265 -1.76171 0.219214 0.270571 -0.679988 0.195115 -0.479414 -0.562095 1.17279 0.57129 1.40132 0.856701 0.477176 0.777155 0.618563 0.372433 0.356546 -1.23715 0.364725 -0.300174 -1.43686 1.45009 1.46683 0.629855 -0.179447 0.411329 1.40126 0.89079 
0.400176 -0.668533 -0.376326 1.18333 -0.128082 -2.38494 -1.03245 1.48009 0.560302 0.215625 0.175664 0.251521 -0.972801 0.296625 -0.324151 -0.60585 0.719962 -1.61741 -0.453593 0.756608 -0.150936 0.65729 -0.311956 0.0657712 0.85308 1.28433 0.491229 0.231821 -0.352592 0.673221 -0.588682 -0.259706 1.51192 0.124298 0.570591 0.48669 0.950507 1.07905 -0.0259468 
0.465535 -0.719438 -0.49743 1.28996 -0.410031 -2.39542 -0.818394 1.4701 0.535351 -0.111728 0.261114 0.720304 -0.792829 0.601955 0.0904171 0.095333 0.820324 -0.415585 0.189566 0.713729 -0.411272 -0.769564 -0.233475 0.670725 0.566515 -0.639813 0.502002 -0.0366621 0.00182401 1.03397 -1.4535 0.0462395 1.61869 -1.03017 -0.113464 0.423614 0.57454 -0.3589 -0.0845899 
0.566542 -0.618618 -0.332844 1.61242 -0.345972 -2.29068 -0.513511 1.18151 0.0679464 0.0525271 0.636423 0.710222 -1.44982 0.542609 0.269593 0.605928 0.841503 -0.600257 0.514239 1.26321 -1.27006 -0.80599 0.853478 0.631648 -1.29276 -1.37571 0.458106 0.173212 0.273554 0.682999 -1.3878 0.236017 1.36204 -1.02195 -1.08611 0.19264 1.14999 -0.689732 -1.49952 
0.613731 -0.578719 -0.217987 1.73015 -0.716871 -2.14756 0.0974941 0.546915 0.0193338 0.440506 0.69429 -0.328445 -1.82284 0.16367 0.179859 0.353058 0.209916 -1.70159 0.139778 0.985691 -0.998466 -0.488859 0.475811 0.71619 -1.4165 -1.14371 0.246441 -0.000810125 0.916745 0.657102 -1.32036 0.693399 1.52923 -0.823743 -0.916699 0.544699 1.12508 -1.37531 -1.11376 
0.598721 -0.523376 -0.17026 1.72147 -1.18328 -2.21998 0.201898 0.455862 -0.242075 0.356216 1.12928 -0.43885 -2.30549 -0.131917 -0.268661 0.903631 0.149538 -1.41377 0.462691 0.644932 0.131763 -0.259144 -0.155111 0.725427 -0.40748 0.0535258 -0.0372765 -0.00576774 1.01402 0.241273 -1.6338 0.0332729 0.518402 -0.986072 -0.526465 0.346068 -0.226055 -1.63755 -0.511285 
0.555412 -0.71078 0.199034 1.80755 -1.41555 -1.92409 0.566735 0.643292 -0.141474 0.328981 1.19366 -0.659432 -1.77885 -0.228736 -0.186599 1.31699 0.15173 -0.791821 -0.0974905 -0.339461 -0.362139 -0.131046 -0.0347354 -0.978037 -0.608972 0.542034 -0.142162 -0.0816219 1.25727 0.64271 -1.00144 0.467049 -0.598111 -1.11967 -1.50703 -1.04405 -0.289598 -0.655463 0.931616 
0.510759 -0.61385 0.43779 1.80002 -1.58239 -2.26152 -0.039995 0.193018 -0.319676 0.323911 0.426202 -0.933201 -1.89441 -0.109027 0.144517 1.16775 0.81972 -0.112498 0.193761 -1.39254 -1.67533 -1.47951 -1.20446 -1.06341 -0.400005 1.07039 -0.320267 0.154109 1.58169 1.0388 -0.641775 0.195382 -1.23913 -0.263251 -0.0251931 -0.292872 -1.2293 -0.0196066 1.35275 
0.504101 -0.633449 0.738113 2.23632 -1.48746 -1.82785 -0.435913 -0.57465 -1.09498 -0.473132 0.430325 -0.984358 -0.970737 -0.310868 0.427308 1.28962 1.41705 -0.184379 0.3693 -1.20839 -0.00858096 0.0830563 -0.351822 -0.485895 0.590083 1.08552 -0.40656 0.215921 0.760123 0.4581 -0.120591 0.466161 -1.72439 -1.29583 -0.609687 -0.0911186 -0.478565 0.418491 1.34433 
0.397652 -0.393204 1.03319 2.54197 -1.68892 -2.08223 -0.909608 0.187321 -0.258205 0.0829283 0.0705232 -0.455392 -1.07493 -0.575279 0.191863 0.0834073 -0.129887 -0.0665984 0.461433 -0.761096 -0.109484 0.764655 1.07924 0.499008 0.924449 0.547096 -0.709915 0.348548 0.44298 0.505416 -0.201251 0.432267 -0.415728 -0.949496 -0.199923 0.555554 1.37085 1.21845 1.44708 
0.31004 -0.532124 0.776084 2.16722 -1.53725 -1.60497 -0.982399 -0.653735 -0.590772 0.22768 0.769872 -0.235455 -0.555854 -0.882124 0.114345 -0.561702 -0.655596 -0.118079 0.237904 0.688461 -1.30193 -0.330401 1.06425 2.13744 0.926484 0.654845 -1.01793 0.7404 0.125646 -0.242968 0.123509 0.267117 0.228989 -0.784475 -0.0927486 1.65588 0.728579 0.877134 0.716769 
0.109646 -0.331163 0.773034 2.19723 -1.76351 -1.96511 -0.408921 -0.759047 -0.465298 0.773873 1.56661 0.295161 -0.579076 -1.13421 0.956282 0.120959 -0.241413 0.26083 -0.0880568 1.04603 -0.975039 -0.889721 1.05846 0.382979 0.168808 0.319878 -1.0699 0.546555 -0.170104 -0.156876 0.616576 0.568335 0.961129 -1.92432 -1.48033 1.10505 1.41641 1.01663 1.58402 
-0.0551467 -0.0434027 0.831408 2.03964 -1.42934 -1.64206 -0.223403 -1.36235 -1.16118 0.914814 1.02752 -0.0992042 -0.311714 -0.914518 0.733774 0.278126 0.414606 1.06641 0.561954 0.510465 -1.34358 -1.3778 0.35995 -0.431294 0.339783 1.24928 -1.23633 0.799281 0.0751636 -0.360695 0.244798 -0.276988 0.575888 -0.541432 -1.11467 0.898808 0.650836 0.00618896 0.973505 
-0.188278 0.0447943 0.90099 2.4136 -1.26758 -1.69468 -0.0368203 -1.73571 -1.35274 1.00131 1.24948 0.570033 0.363466 -0.941514 0.282997 0.000118693 -0.308078 0.118903 -0.308941 -0.328031 0.223358 -0.401282 0.0985925 0.405858 -0.155705 0.854131 -1.14086 0.665231 0.472106 0.121788 0.99517 -0.27264 0.191351 -0.226517 -1.67908 -0.0790699 -0.658355 -0.0267176 0.882783 
-0.361335 0.104108 0.830888 1.8771 -1.38979 -1.78364 -0.457039 -1.19935 -1.41431 0.970253 1.30131 -0.226059 0.333891 -1.00111 0.298026 0.497847 -0.233812 0.460947 -0.952795 -0.272521 1.02317 -0.557158 -0.469565 -0.348531 -0.367492 -0.183771 -0.701418 -0.202947 0.725335 -0.910794 0.969805 -0.70582 -0.366518 0.578318 -1.01995 0.664297 -0.304659 -0.338807 0.2939 
-0.512713 0.199922 1.13049 2.29001 -1.06328 -2.14086 -0.230355 -0.991 -1.70712 0.682843 0.990759 0.271468 0.22914 -0.237231 -0.594924 1.19364 -1.07404 1.36966 -0.69522 -0.130461 0.55843 -0.781658 0.754692 -0.761887 -0.259059 -0.492872 -0.596074 -1.23417 0.983518 -1.78074 1.3279 -0.500489 -0.341633 1.84013 -0.949729 0.73802 -0.559634 -0.888891 -0.893732 
-0.451898 -0.193297 1.38193 1.31297 -0.747786 -2.10796 -0.547949 -0.792658 -1.91452 1.45748 0.750814 -0.436711 -0.0327083 -0.00098423 -2.20604 1.12188 -2.46505 1.5753 0.239353 -0.154906 1.48663 -0.545661 1.41834 -0.313007 -0.729492 -0.875275 -0.435025 -1.5746 1.84863 -0.499412 2.50652 0.00251512 0.260121 1.91992 -0.131238 0.940449 -0.338719 -0.241965 0.191784 
-0.530945 -0.91397 1.64837 0.996567 -0.32223 -2.02305 -0.338924 0.0907883 -2.05404 1.60682 0.757119 -0.320597 -0.424817 -0.494806 -1.83998 1.85339 0.314589 2.46918 0.693958 0.454257 2.06065 0.612678 0.456298 0.365047 -0.0356006 0.732009 -0.154387 -2.09939 1.59855 -2.11079 1.99183 1.4627 0.486872 1.34202 0.264673 0.608229 -0.427129 -2.11304 -1.58348 
-0.621321 -1.12168 2.23787 1.4769 0.42381 -1.77508 -0.216453 0.706617 -1.50903 1.74832 0.9958 -0.466189 0.521128 -0.26046 -1.04112 1.51256 -0.733376 1.47637 1.8268 0.761776 0.341021 0.828388 -0.637685 -0.189765 -1.88569 -1.00865 -0.165016 -2.14269 1.17577 -0.484098 1.69228 0.866472 0.6758 1.83573 0.418559 -0.262648 1.12668 -0.515074 0.357252 
-0.62862 -1.4375 2.34679 0.611047 0.371168 -1.15423 0.214726 0.33936 -1.50843 1.17771 0.610473 -1.85007 -1.179 0.215538 -1.4742 0.0835161 -1.05086 0.124345 0.528018 0.388467 0.443132 -0.154378 -0.803706 0.993941 -0.597772 -0.294987 -0.000770703 -1.04563 0.90525 -0.216631 0.893769 1.12605 0.446696 0.10733 0.443129 0.219949 2.37758 0.18693 1.92838 
-0.573262 -1.86469 2.27589 0.924924 0.465985 -1.5207 0.0675154 1.02946 -1.60179 1.20995 1.68471 -0.951458 0.303229 0.256609 -0.57507 -0.0219696 0.401941 -0.104096 -0.237293 -0.205062 -0.204239 -0.342055 0.915396 3.04758 2.12295 3.3246 0.156442 -0.857642 0.0131494 -0.485904 -0.235032 0.585284 -0.0898147 -0.847674 -0.649335 -0.0840819 1.1818 1.28912 -0.527635 
-0.567986 -1.72484 2.33607 0.820778 0.30331 -1.26191 0.0699237 0.191358 -1.7231 1.77069 2.74901 -0.129462 1.32304 0.0442365 0.148966 -0.0647524 0.311856 -0.478469 0.295837 -0.501527 -1.6142 -0.605714 0.687599 0.431092 2.20198 -0.326238 0.189819 -0.818546 -0.377272 0.765148 -0.263406 -0.161008 -0.821695 -0.288273 0.881597 -0.674691 1.10414 3.03854 1.99598 
-0.577649 -1.7851 2.24539 1.08742 0.217805 -1.37617 -0.291456 -0.14403 -1.98771 1.65302 1.97632 0.833231 0.0618462 0.0591341 -0.689652 -0.603402 0.75264 -0.293424 0.00450609 -0.821669 -0.200748 1.32865 -1.79653 -1.7156 1.65091 -0.927798 0.015657 -0.40856 -0.490623 0.185442 0.27149 0.963882 -1.22066 -0.682563 2.31262 0.2158 0.651758 2.87613 1.53633 
-0.567812 -2.07026 2.05664 1.21438 0.14426 -1.25521 -0.520321 0.0458951 -0.852541 0.578935 1.52531 1.20844 0.629618 -0.0205395 -0.77913 -0.747632 -0.0347158 0.899025 1.06406 -1.02327 0.669247 3.22501 -0.415262 0.35885 1.37045 2.17334 0.23258 -0.103805 -1.1009 -1.35418 0.011049 1.03226 -0.138063 1.34758 2.3788 -2.19105 -1.91059 1.89842 0.537131 
-0.601869 -2.17586 1.89931 1.06821 0.633115 -0.868197 -1.02734 0.343264 0.114642 1.37029 2.21693 1.94374 1.69877 0.328314 0.531174 -1.21585 -2.80587 0.315659 1.4522 0.648377 2.03602 1.36615 -1.04877 -0.564643 0.708951 1.57994 1.12614 1.98674 -3.28978 -2.78553 0.253754 0.406405 -1.44909 0.820651 2.32 -2.95778 -3.81945 -0.917909 2.18167 
-0.485225 -1.79697 1.49418 -0.257752 0.278584 -0.563606 -0.0485908 1.52726 0.0423727 -0.120715 1.11404 1.78262 1.82063 1.90637 3.85631 -4.68294 -4.18499 -0.505594 -0.49347 -0.786699 0.444409 -0.597297 -3.4232 -4.92628 -2.50342 0.445529 2.3771 2.72944 -3.97991 -3.22712 -0.0388869 0.920944 -0.999456 1.50718 1.64779 -1.43884 -2.36357 -1.32706 1.44591 
-0.0361376 -0.217452 -0.265393 -1.127 0.37187 -1.09708 -1.59232 0.667031 -0.265816 -0.891994 -1.27314 -0.0865783 2.03733 3.65522 3.69552 -5.35333 -2.08222 -0.369796 -0.1531 -1.89702 0.0178098 0.494621 -0.822179 -2.25836 -2.34936 0.159027 2.88654 2.84927 -4.18504 -2.60458 -1.1079 1.0529 0.984571 1.42217 0.315319 -2.608 -3.47595 -3.17126 -1.0928 
0.615941 0.0799511 -0.980331 -1.35048 0.0827479 -0.63146 -1.41568 1.54076 0.371179 -0.671243 -0.492792 -0.122787 1.9439 2.93143 0.555862 -2.22467 0.239164 -1.18351 1.9794 2.01489 1.49301 0.937807 0.0378038 0.770435 -1.42419 -1.74264 2.90284 2.57012 -3.92079 -0.75104 -0.578306 0.664857 0.221765 -0.0747391 -0.413197 -1.25057 -2.13976 -2.81158 -1.32492 
0.84343 0.0683426 -1.29406 -1.00261 -0.215903 -0.156064 -0.13341 1.75346 0.350866 -0.87656 -0.741993 -1.24188 0.731589 1.2099 0.28458 -1.1183 0.941909 -0.509335 1.08962 2.17294 -0.130368 -0.985295 -0.804904 -0.29647 -1.13216 -1.73374 1.99356 0.636295 -1.69484 0.335906 -0.52886 1.28827 2.04618 0.116011 -0.324134 -0.704871 0.122203 -0.61148 -1.8664 
0.968439 0.228264 -1.49771 -0.857638 -0.180299 -0.111395 0.157404 1.44648 -0.261307 -1.2104 -0.71476 -1.04132 0.644851 0.40895 0.431153 -0.574495 0.265717 0.380003 -0.16022 0.5386 -1.34434 -1.32687 -0.958032 -0.615001 0.671248 -0.47963 0.754147 0.106619 -0.603317 1.0611 -0.117539 0.947416 2.14233 -0.85892 -0.795443 -0.926898 -0.868083 -0.678058 -2.1951 
0.950705 0.290937 -1.56012 -0.864304 -0.0505868 -0.227287 0.259016 0.776247 -0.503491 -1.51649 -1.18881 -0.698265 0.374939 0.052144 -0.117374 0.119992 0.660627 0.334906 0.246962 0.500585 -1.05611 0.0585046 -0.402921 -0.73465 0.296655 -0.881625 0.050244 0.239927 -0.286259 0.669578 -0.0482403 -0.0558875 -0.19668 -1.36209 -1.35702 -0.805199 -1.03544 0.0952164 -1.05453 
0.966472 0.172873 -1.44283 -0.512277 -0.0367045 0.0100171 0.522367 0.678909 -0.215783 -1.48501 -1.24603 -0.801419 -0.0138774 -0.327256 -0.0576184 0.0992801 0.744208 -0.448446 0.0762692 -0.785069 -0.53122 -0.240645 -0.0921532 -0.616641 -0.547733 -0.771719 -0.478691 0.472149 0.319757 0.621712 0.121549 -0.189672 -0.551355 -1.24672 0.139999 0.238347 -0.527284 0.312359 -1.01662 
0.83258 0.265829 -1.51482 -0.475121 -0.284305 -0.186628 -0.304788 0.390429 -0.652283 -1.58659 -1.63678 -1.14296 -0.2012 -0.857403 0.850332 0.404629 0.276849 -0.143672 -0.520332 -1.18983 -0.661445 0.0819785 0.704464 0.111872 0.0961632 -0.324383 -1.02516 1.07611 0.614002 0.353015 0.681989 0.323284 -0.839738 -1.39392 0.5545 1.5189 -0.045141 0.24964 -0.431268 
0.686035 0.6079 -1.25641 -0.368132 -0.123624 -0.231572 -0.333837 0.198377 -0.155012 -1.03085 -1.17976 -0.724066 -0.253866 -1.39437 1.72535 0.9108 -0.213431 1.49682 0.376632 -0.264186 -1.38792 0.854044 2.05242 0.571564 0.862765 0.26574 -1.64943 1.70601 0.870606 -0.747966 0.712432 0.19706 -0.961919 -0.797993 -0.0355731 0.824997 -0.191095 -0.265892 -0.591375 
0.387744 1.1443 -1.09448 -0.588031 0.418943 -0.00387092 -0.492302 -0.618478 -0.0900101 -0.245316 -1.24601 -0.444073 0.00225856 -1.91104 1.79234 1.02881 -1.41251 1.23861 0.794518 -0.0119589 -0.441591 -0.141811 0.356978 -0.331831 -0.420498 -0.37307 -1.58644 1.40957 0.784556 -0.881001 0.744007 0.390189 0.99229 -0.220723 0.552833 1.01147 0.0408125 -0.255125 -1.18143 
0.083012 1.52032 -0.781545 -1.10972 0.455252 0.148884 -0.33914 -0.122254 -0.239605 -0.805361 -1.42668 -1.06561 -0.530441 -1.26845 0.458499 0.380668 -1.12359 -0.353594 0.170996 1.50201 1.07544 -0.242546 -0.749438 -0.513653 -1.17375 -1.66885 -1.73603 0.605412 -0.046013 -1.41665 0.504357 -0.08265 0.383149 -1.01116 -0.898935 1.16337 0.685738 0.736163 -0.207643 
-0.0185407 1.38076 -0.919139 -1.17814 0.230911 0.0816021 0.596102 0.164246 -0.240037 -0.747973 -1.62129 -1.39633 -1.24803 -1.00261 -0.853128 -1.10765 -0.735264 -0.461905 -0.916361 0.489341 -0.95337 -0.903057 1.14277 1.16249 1.33892 0.134528 -1.28346 0.0844304 -0.261149 -1.58834 -0.536463 0.268536 1.31652 0.26715 -0.0914238 0.605335 0.158155 0.0611088 -0.243645 
-0.241883 1.09207 -1.294 -1.49623 0.21505 -0.280062 0.0177014 -0.815107 -0.818672 -0.0627407 -0.618797 0.0193381 -0.425582 -0.886297 -0.325635 -0.814456 -1.28406 -0.461542 0.20439 0.140585 -0.719791 0.118992 1.52635 0.712164 1.25496 1.38725 -0.622238 0.116552 -0.451077 -0.746683 -0.612792 -0.0442513 0.0911509 -0.700013 0.80305 1.17595 0.372006 0.633954 1.17766 
-0.307824 1.21982 -1.2961 -1.85239 -0.0091153 0.182873 0.700998 -0.358723 -0.155223 0.247082 -1.13128 -0.379454 -0.201812 -0.0433572 1.03571 0.360514 -0.398457 -0.469969 0.848885 -0.376486 -0.0154838 1.80003 0.373267 -0.707742 -0.54726 1.28364 0.0631874 -0.121413 -0.388908 0.126683 -1.10196 0.58707 -2.07709 -1.67747 2.06846 -0.0724117 0.420658 1.55401 2.37158 
-0.273088 1.62104 -1.12797 -1.70615 -0.0290348 0.126114 -0.250939 -0.825825 0.358077 0.173464 -1.13107 -0.424978 0.542775 0.989697 0.139903 0.169886 1.47226 -1.21846 0.621994 -2.73453 -1.58766 2.22173 -1.62734 -0.199124 0.677757 1.45874 1.47804 -0.748091 0.322491 0.903367 -1.18649 1.47062 -0.867359 0.64 3.40923 -1.97354 -0.791742 0.397627 1.8203 
-0.0227456 1.29482 -1.21816 -1.08148 -0.613724 0.48171 -1.27111 -1.5129 1.29544 -0.833327 -1.28453 0.169438 0.898124 2.51927 -2.19138 0.168616 1.76224 -1.33932 1.22847 -0.707252 0.881743 2.07042 -2.93683 -0.231907 1.04583 0.903068 1.95963 -1.39158 0.716246 1.03997 -0.642072 0.274153 -1.32062 -0.217468 1.46627 -2.60166 -0.136396 1.33814 1.84284 
0.480292 0.514572 -1.05062 -0.783211 -0.691856 0.711871 -0.758527 -0.18398 1.71045 -1.76873 -1.30747 0.422335 1.22515 2.29379 -2.29155 1.00888 0.0982779 0.24181 -0.238656 1.08495 1.27964 -0.568069 -1.74984 0.0447052 0.98725 0.754922 1.96024 -1.83451 0.889779 0.890221 -0.543515 0.745368 -1.16987 -0.167931 1.70012 -1.69322 0.225353 1.00228 0.722187 
0.661599 0.137588 -0.752504 -1.03096 -0.514971 0.37338 -0.483999 -0.581663 0.933969 -1.99435 -1.26566 0.969258 1.46918 0.765229 -0.645795 1.29645 -0.418355 0.5134 -0.177963 -0.754137 -1.12192 -0.149945 0.736373 0.510933 0.202635 -0.0296148 1.27685 -1.22231 1.20744 -0.0546879 0.0129021 0.0268865 0.222495 0.720947 0.455051 -0.39229 -0.26534 -0.10391 0.56345 
0.696647 0.191386 -0.452065 -1.00356 -0.462288 0.632254 -1.29999 -0.999424 1.62058 -1.29357 -0.959502 0.586012 1.20667 -0.155243 0.401892 0.980282 -0.184598 -0.21674 0.271901 -0.808127 -0.302525 1.068 1.2345 -0.353623 -1.11069 -0.0713043 -0.149146 0.229859 1.37573 -0.270222 0.389704 -0.426203 -0.39953 -0.805212 -0.771844 0.400828 0.45141 -0.476773 0.221076 
0.596138 0.345353 -0.30006 -1.12876 -0.637086 0.50659 -1.06446 -0.801149 1.63522 -1.19136 -1.52797 0.0681265 1.41937 -1.01789 1.00375 0.970365 0.0058034 0.0879535 -0.4303 0.254432 0.00900281 -0.749921 -0.224366 0.0389531 -0.788507 0.303783 -0.983027 1.29053 0.999997 -0.0435482 0.272764 0.0361659 -0.353425 -0.799547 -0.0717794 0.717647 -0.654866 -1.86609 -0.180891 
0.367076 0.704161 -0.00420432 -1.00153 -0.437642 0.433259 -1.11284 -0.992333 1.14098 -1.45067 -0.9447 -0.0539001 1.43871 -1.49572 1.59773 0.66663 0.115139 0.639246 -0.225517 0.36598 -0.802639 -1.16915 -0.312113 -0.422023 -1.19822 -0.135245 -1.59013 1.62442 0.741314 0.385666 1.08022 -0.65786 0.776195 0.333538 -1.5822 -0.157948 -0.323461 -1.21851 0.283532 
0.12027 1.15915 0.00743608 -1.0694 -0.346902 0.404476 -0.796737 -1.38437 0.883314 -1.40621 -1.83857 -0.903968 1.3215 -1.65111 1.51265 0.24976 0.574394 1.56948 -0.505957 0.713625 0.437565 -1.0745 0.0125789 -0.417511 -0.717272 0.0450766 -1.77886 1.642 0.343094 0.693527 1.4971 -0.197606 1.09003 0.211011 -0.962691 -0.185925 -0.36463 -0.857535 0.314168 
-0.156365 1.47484 0.110643 -0.70138 0.300602 0.198471 -0.59398 -0.673544 0.450551 -1.45184 -1.25211 -0.636057 1.47636 -1.48975 0.945876 -0.103508 0.931036 1.65577 -0.0590862 0.993864 1.08141 0.0515379 0.0640862 -0.00586384 0.140122 0.520743 -1.3585 1.23654 0.257806 0.61135 1.47147 -0.311394 0.232464 0.146933 0.0774533 0.610905 -1.4752 -0.859974 0.173748 
-0.353769 1.64259 -0.0409727 -0.582259 0.432906 0.381099 -0.0754243 -0.59731 0.924313 -1.37348 -1.8554 -0.790974 1.71658 -0.629479 0.403408 0.172649 0.347399 0.686337 0.0602451 -0.424356 -0.246548 1.14362 0.771546 -1.34105 -0.343849 0.172492 -1.15711 1.09592 0.42733 1.0123 1.58404 0.271032 0.606574 0.453123 1.31484 1.43315 0.393815 0.557158 0.307953 
-0.36702 1.68337 0.189855 -0.520246 0.613467 0.231549 -0.897201 -0.852318 1.20092 -0.953521 -2.21142 -0.915454 1.60974 -0.45313 0.752519 0.805607 0.597626 0.772205 0.438006 -0.23756 -0.471074 1.42936 1.7851 0.48674 0.556298 -0.142678 -0.806858 0.327035 0.397657 1.17387 0.266712 0.554569 1.38706 0.17402 1.04212 2.05267 -0.139005 1.1825 0.526053 
-0.510433 2.02805 0.330749 -0.269929 0.787131 0.592892 -0.243703 -0.939383 1.86029 -0.208141 -1.52451 -0.340558 1.61314 -0.726074 0.104949 0.480493 1.42582 -0.273088 0.720122 2.15501 0.47466 0.0261107 1.88013 1.1835 1.81583 0.466403 -0.666971 0.338872 0.728268 1.08802 -0.166912 -0.239817 -0.10871 -0.871295 0.553128 2.12289 1.15829 2.09317 0.266793 
-0.607248 1.74065 0.411331 0.22631 0.464213 0.576808 0.662936 -0.506549 1.22541 0.274358 -1.3887 0.556154 1.96399 -0.667852 -0.225842 0.392994 1.04566 -1.02215 -0.782375 0.100911 -0.732348 -0.817525 0.957522 0.910125 2.04509 0.47152 -0.871642 0.140069 0.364764 0.866584 -0.637268 -0.0950164 1.30611 0.425082 0.885014 1.89335 1.58605 2.46407 -0.219362 
-0.732836 1.91769 0.511789 0.277305 0.277082 0.227333 -0.167467 -1.47148 1.33678 0.412566 -0.894765 1.31693 1.97123 -0.738113 0.11403 0.118382 -0.117711 -0.69622 -0.859474 -0.525411 0.0972743 0.964382 0.565176 0.725902 1.24556 -0.718961 -0.975309 -0.346245 0.115897 0.498258 -0.543534 -0.764129 0.119305 0.864575 0.442335 0.597103 0.0668037 1.39349 0.470768 
-0.851163 1.80253 0.465464 0.163586 0.11115 0.174775 0.286711 -0.435257 1.85935 0.636859 -0.888995 1.56541 1.4275 -0.970172 -0.307874 -0.204712 -0.295041 0.196196 -0.304344 0.047091 1.90616 1.30295 -0.191276 -0.821071 -0.311445 0.101258 -1.00588 -0.120422 -0.304948 -0.882956 -0.596649 -0.340611 -0.618105 0.911121 0.586492 -0.317758 0.278646 -0.35566 -0.676852 
-1.0478 1.76576 0.41661 0.121606 0.353865 0.0879265 -0.130112 -0.084572 2.19064 0.27724 -1.48704 1.06381 2.05109 -0.95117 -0.298228 -0.62443 -1.22227 -0.210965 0.372395 -0.247161 1.14028 -0.314482 -0.983968 -0.38302 -1.68123 -0.0807159 -1.05882 -0.387677 -0.224301 -0.739032 -0.307349 -0.0300475 0.676877 1.90397 -0.184008 -1.46399 -0.690121 -0.408569 0.00396259 
-1.16031 1.65549 0.176321 -0.478263 -0.0081823 0.355528 0.111496 0.394622 1.6626 -0.0201438 -1.17206 0.201702 1.37061 -0.807895 -0.289968 -0.168282 -0.827099 -0.660921 0.256978 0.796978 0.691076 -1.53214 -1.71225 0.00318409 -0.189838 -0.0867386 -1.00055 -0.294096 -0.144911 -0.832314 0.0409958 0.314868 0.447737 1.33683 -0.325699 -1.0179 -0.369762 -0.710967 -0.150732 
-1.31308 1.6229 0.338267 -0.313053 0.0178042 0.214077 0.448968 0.418599 1.20295 -0.859052 -1.49749 0.909277 1.98968 -0.729178 -0.154775 0.382419 -0.0410602 0.279001 0.0685904 0.805174 0.680271 -0.076364 -0.341737 -0.0510159 0.804905 -0.0897661 -0.908427 -0.293119 -0.223828 -0.397328 -0.980624 0.790023 1.14482 1.51611 -0.717773 -0.43244 0.599112 -1.78934 -1.69682 
-1.40149 1.58114 0.352474 -0.500799 0.108484 0.392553 0.696498 0.889935 1.62051 -0.254489 -1.22076 0.853682 1.30692 -0.717976 -0.161522 -0.203932 0.22216 -0.833518 0.856758 0.631264 1.375 0.693964 1.14491 0.723678 -2.02389 -1.93273 -0.718454 -0.192467 0.205322 -0.40792 0.0510779 0.269618 1.12996 0.809138 0.290058 -0.374319 -0.881425 0.145076 -0.289978 
-1.55083 1.54513 0.24345 -0.197581 -0.40139 0.623978 0.908336 1.41919 1.66124 -0.115024 -0.999348 -0.732252 0.541097 -0.478133 -0.14093 -0.0466005 -0.57991 -0.195545 0.308328 0.604524 0.417618 0.388053 -0.150321 -0.996091 -0.619553 -0.247243 -0.690639 -0.352687 -0.1304 -0.530183 0.495431 0.430905 0.464307 1.05594 -0.0554117 0.439174 0.542224 -0.314884 -1.36821 
-1.56581 1.51381 0.330364 -0.805855 -0.00342102 0.542997 1.13655 1.19422 1.8801 -0.362862 -1.93658 0.350752 1.1249 -0.442693 -0.382165 -0.0141399 -1.02819 1.59657 -0.251481 -0.0525654 0.0608805 -0.776431 -0.583232 -0.064979 1.6388 0.306243 -0.758336 -0.497919 0.0596384 0.175476 0.726396 0.522878 -0.141043 0.131164 -0.546886 0.497942 0.851395 0.259968 -0.0729684 
-1.7043 1.35555 0.236341 -0.737671 0.349904 0.50958 0.873699 1.46401 1.16443 -0.508299 -1.05791 0.595826 0.774992 -0.796055 -0.627539 0.142064 0.841965 1.31184 0.42717 -0.781537 -0.248197 -1.03126 0.788121 2.02524 0.947395 0.169759 -0.539047 -0.47915 0.276456 0.0577474 1.42825 0.332693 0.574861 -0.0377856 -0.379122 -0.120591 0.951344 1.41989 0.537845 
-1.82746 1.19988 0.395442 -0.365418 0.610727 0.749663 0.575295 1.01424 1.21776 0.14636 -0.519694 1.11826 1.25624 -0.463776 -0.357256 0.46732 1.11205 0.593152 0.717703 0.769279 -0.122832 0.324633 0.419835 1.21388 0.127587 0.346754 -0.780086 -0.835802 0.271314 0.82102 1.04084 0.350892 -0.514602 -0.510144 -0.315228 0.138186 1.42786 0.198641 -0.139652 
-1.86422 1.17859 0.451729 -0.155628 0.617886 0.853696 1.43277 1.37522 1.38282 -0.241449 -0.213745 0.698656 1.03933 -0.514606 -0.663891 0.302632 0.397183 0.285362 0.0648199 0.138178 -0.460637 0.652359 -0.61632 -0.305375 -0.695611 -0.32699 -0.715864 -0.927634 0.541763 0.695717 0.442817 0.6724 0.425971 -0.397127 0.150388 0.722657 0.837432 0.130564 1.06478 
-2.00294 0.867521 0.534723 -0.158182 0.730457 0.784905 0.678452 0.67976 1.64903 -0.26869 -0.747946 0.553664 1.01429 -0.739192 -1.07631 0.423576 -0.0625595 0.0894335 0.229496 -0.238438 -0.431229 -0.172297 0.509044 -0.201468 0.0397669 0.936416 -0.649437 -0.70857 0.262601 0.428086 0.359636 -0.0709419 0.811188 0.241097 0.0402259 -0.0774437 -0.10078 -1.25231 -0.608473 
-2.10846 0.637229 0.646902 -0.189436 0.643244 0.966845 1.26386 1.06213 1.27842 0.084111 -0.368651 0.730284 1.74677 -0.576972 -0.430616 0.127688 0.247222 0.270005 -0.170086 0.873563 0.780609 -0.62571 0.508812 0.193631 -0.852083 -0.390911 -0.646931 -1.06675 0.130708 -0.106032 -0.39441 0.00295513 0.109868 -0.383477 -0.892835 0.452518 -0.40998 -0.800418 0.30914 
-2.19752 0.653384 0.593157 -0.0295703 0.842791 0.709015 1.31286 1.24805 1.25011 0.0567167 -0.623959 -0.137794 0.724306 -0.348185 -0.572578 -0.210858 -0.101475 -0.687312 -0.230135 0.374659 -0.104137 -0.865611 0.0699184 -0.280756 -1.02703 -0.556931 -0.531116 -0.910772 -0.0229937 0.255898 -0.0747001 0.258673 0.385354 0.228652 -0.817783 0.521069 1.66705 1.25784 0.856181 
-2.233 0.351148 0.548883 -0.243647 0.294473 0.862546 1.53785 0.98693 0.723676 0.120679 -0.579526 -0.103013 1.33203 -0.316198 -0.97685 -0.168555 0.13656 -0.378916 0.531507 -0.393428 -0.477681 -0.326569 0.158945 1.81282 2.4175 1.42461 -0.401498 -0.585838 -0.148962 0.285756 0.242915 -0.384663 -0.127934 -0.421305 -0.462437 0.174494 -0.3623 -1.02335 -1.21614 
-2.31226 0.162424 0.514688 0.0410209 0.642563 0.965043 1.03198 0.90117 1.04551 0.151874 0.642986 1.82163 1.7986 -0.327632 -0.331969 -0.0378374 0.53045 1.06416 -0.319316 -0.535307 -0.483034 0.318757 0.148913 -0.144338 -0.236718 -0.887685 -0.392287 -0.777582 0.0514029 0.0546942 0.2535 0.708924 0.121461 -0.500614 -0.7553 -0.615751 0.725982 0.134538 0.14586 
-2.35124 0.187004 0.530823 0.0334611 0.789325 0.716057 1.15448 0.636158 0.938249 0.209234 -0.694106 -0.295551 0.668748 -0.344175 -0.22447 0.250431 -0.0573199 0.771958 0.467404 0.544122 -0.218102 -0.554421 -0.963734 -0.933945 -2.24522 -1.24039 -0.319475 -0.681436 0.0156811 0.497566 0.810259 0.66935 0.0585818 0.140714 0.210711 0.142475 0.670443 0.304935 0.166085 
-2.43557 0.0527589 0.629845 0.00996002 0.996669 1.19074 1.42839 0.743086 0.692899 -0.491812 -0.0289637 0.000659844 0.870273 -0.210644 -0.72054 0.060778 0.219119 0.18039 1.2622 0.607504 0.665533 -0.0975976 0.0284432 0.956669 0.620328 1.09609 -0.306054 -0.430368 0.07018 0.184927 0.0930884 -0.104317 0.274738 0.437168 0.565604 0.53791 -0.669271 -1.62962 -1.33767 
-2.43366 -0.174062 0.558335 0.147338 0.858494 1.31777 1.59668 1.12075 0.882375 0.218507 -0.0315042 0.20678 1.49617 -0.171596 -0.439448 -0.137576 0.33368 -0.624251 -0.619925 -0.202079 0.806588 1.18049 1.65331 0.141041 0.229566 -0.349568 -0.339894 -0.477819 -0.12157 -0.00664335 0.323154 0.492785 0.039939 -0.222128 -1.10973 0.0707917 1.39634 0.546551 0.425053 