-0.385914 -1.08066 0.571839 -0.074093 0.838086 0.666027 2.52688 2.0946 0.301964 0.360991 0.432123 0.525801 -0.395014 -0.323753 0.414285 0.149201 0.342057 -0.363996 -0.591879 -1.73747 -0.525194 -0.942094 -0.655648 -0.708584 -1.26768 -0.177465 -0.321002 0.131018 0.171026 -0.0153742 0.177099 -0.657962 -0.956995 0.0208892 0.71571 -0.69541 -0.45617 -0.617942 0.575673 
-0.398912 -0.879536 0.543989 -0.161186 0.680322 0.357772 1.56618 0.96598 0.7075 0.024848 0.667642 0.238744 -0.114405 -0.159646 -0.101467 -0.0802855 -0.200253 -0.107759 -0.665196 -1.19751 -0.976284 0.591988 -1.33262 -0.409881 -1.18777 1.50369 0.0483387 -0.114075 0.132551 0.257924 0.46552 -0.0823371 -0.753535 -0.494412 -0.802155 -0.732255 -1.62652 -1.4021 -0.658126 
-0.46866 -1.10919 0.534423 -0.1531 0.789914 0.409702 1.7152 1.43872 0.775699 -0.591478 0.219308 -0.462971 0.932492 0.410818 -0.592622 0.0769069 0.0356097 1.07936 0.475577 0.769729 -0.144824 -0.150489 -0.242063 -1.24923 -0.524774 -0.606426 -0.118321 0.521043 0.300714 0.321346 0.603734 -0.153899 -0.612773 -0.427921 0.466824 -0.060256 0.543955 -0.309893 0.499634 
-0.257189 -1.11197 0.566195 -0.149884 1.17381 0.537603 2.06208 0.857446 0.583699 -0.152346 0.0400728 -0.202716 -0.643816 -0.0488957 0.921517 0.586462 0.670945 1.03384 0.442443 0.411859 0.397966 0.0642231 1.26055 1.0765 0.796337 -0.913236 -0.349846 -0.0156451 0.52211 0.611762 0.554068 0.980959 1.4226 1.17981 0.68831 0.0251995 -0.414969 0.614266 1.04315 
-0.507827 -0.713033 0.7499 0.101464 1.26263 0.576865 1.97324 1.6875 0.824695 0.29953 0.74097 0.186172 0.133088 -1.03002 0.569014 0.797995 0.861058 -0.228996 0.989811 1.07749 1.78379 1.11193 0.274983 0.756368 1.31881 1.84208 -0.566197 0.314921 0.518042 0.150624 0.0165552 0.836943 1.0765 0.795389 0.945064 1.41982 1.37685 1.17404 0.301471 
-0.682413 -0.862156 0.861905 0.177472 1.07032 0.914042 2.76255 2.0185 1.47588 0.0380271 0.403545 0.877739 0.981474 -0.954047 -0.425485 0.281665 -0.450664 -1.00297 0.808716 0.987659 0.710825 1.25105 0.485843 0.597209 0.715748 1.26846 -0.960566 0.200136 0.242434 0.0903313 -0.27041 0.398344 -0.286289 0.852511 0.549864 0.66925 0.568987 -0.0118832 1.71575 
-0.903157 -0.876081 0.84977 -0.0734221 0.805995 0.884066 2.61399 2.14223 1.82884 0.639803 1.0258 0.768787 1.25359 -0.672421 -0.25342 -0.388882 -0.729212 -0.177633 -0.391082 -1.44082 -0.596216 -0.341282 0.549236 -0.0594826 -1.32797 0.191994 -0.724915 -0.530784 -0.224401 -0.251785 -0.221603 0.465713 0.12922 -0.115565 -0.126291 0.430055 0.196639 0.144257 -0.0214431 
-0.966927 -0.953771 0.707441 -0.104067 0.990264 0.76252 1.78916 1.61282 1.19853 0.423366 0.363876 -0.226772 1.15468 -0.330415 -0.407907 -0.650046 0.0807011 0.670748 -0.109775 -0.8135 -0.858363 -1.41222 0.0444946 -0.350548 -0.524615 -1.29656 -0.56708 0.149629 -0.0782143 -0.236634 -0.0855629 -0.407552 -0.821196 -0.493713 -0.566819 -0.300271 0.55204 -0.343981 -1.44984 
-1.0531 -1.03183 0.596249 -0.0448553 1.11304 0.840097 2.05756 1.56399 0.68961 0.666323 0.8423 0.327458 0.116855 -0.332087 0.489619 0.263969 0.381473 0.0528205 -0.208988 0.385556 -0.0728375 -0.426982 -0.916199 0.735877 0.892812 -1.91571 -0.504895 0.222779 -0.0189708 0.111369 0.390481 -0.627385 -0.560607 -0.326712 -1.26238 -1.3255 -0.99239 -0.525112 -1.00142 
-1.11753 -0.736917 0.800598 0.0396616 1.01536 0.680618 2.02971 1.55167 0.852208 -0.233069 0.717223 0.502014 -0.526908 -0.563795 0.759095 0.6238 0.0820026 -0.0697877 -0.817305 0.0953259 0.419626 -0.314599 -1.67109 -0.840505 -0.142884 0.105151 -0.369841 0.186408 -0.0898906 0.0583675 0.172512 0.0330819 0.735775 -0.179332 -0.446905 -1.17655 1.05908 0.886333 -0.677251 
-1.29487 -0.703105 0.825888 -0.0157901 1.08219 0.525615 2.1052 1.82702 0.433735 -0.52676 0.416698 0.201256 0.213636 -0.322578 -0.195606 -0.408329 -0.296511 0.215826 0.264376 0.573219 -0.162643 -0.176027 -0.527385 0.553605 0.250218 1.10911 -0.28749 0.359304 -0.184347 -0.188685 -0.376364 -0.927019 -0.51924 -0.153571 -0.00862307 0.107948 -0.0820853 0.0816391 0.483739 
-1.26438 -0.804531 0.638759 -0.0762013 1.11483 0.7797 2.39499 1.43141 0.707854 -0.613098 0.980503 0.700325 0.453365 0.055198 -0.193294 -0.925473 -0.359411 -0.498378 -0.555491 -0.759989 -0.619579 0.315591 1.80567 0.750147 0.253694 0.466439 -0.165004 0.351148 -0.00127318 0.0368568 -0.0362291 0.229068 0.230594 0.228027 -0.105113 0.659513 0.39824 -0.0351338 0.119368 
-1.29308 -0.769759 0.467899 -0.155737 0.85579 0.311234 1.58434 1.40596 0.685028 0.751777 0.777096 0.402436 0.628353 0.0312339 0.748586 0.411557 0.349922 -0.265424 0.0825473 -0.267927 0.488966 0.0440456 1.33964 -0.0631779 -0.289199 -0.970059 0.0671421 0.675685 0.43875 0.495505 0.0871776 0.18018 -1.33054 -0.95361 -0.380928 0.281352 0.00861338 -0.11563 0.285692 
-1.27202 -0.480168 0.787896 0.0554467 0.994723 0.809262 2.20119 1.7401 0.740612 0.334138 0.939007 0.453337 -0.396045 0.0652186 1.25644 1.66154 1.08556 0.636925 0.829692 -0.954142 -0.683735 -0.827676 -1.45804 -0.730837 -0.395931 -0.129947 0.559319 1.60466 0.6047 0.566581 -0.157785 -2.01334 -4.18174 -2.86411 -1.8086 0.0295815 -1.26635 -1.25426 0.338629 
-1.28734 -0.234563 1.09115 0.257576 1.1474 0.626455 0.934432 0.942671 0.0162348 -0.289849 0.405685 0.0673386 0.518247 0.962161 1.77488 0.600895 0.480476 0.0305032 -3.07128 -5.1344 -4.42712 -2.52362 -1.30134 -1.45914 -1.31361 1.36939 1.08971 1.9164 0.699799 1.05442 0.0286179 -1.90256 -3.0025 -2.16412 -1.21117 -0.700382 -1.33674 -1.46743 -1.02773 
-0.913353 0.270258 1.00885 0.237083 1.00964 -0.366992 -1.22723 -1.18743 -1.29305 -0.596092 0.207717 -0.639324 0.813276 1.86894 1.75707 -0.490707 0.460398 -0.587657 -3.65364 -2.92277 -2.28904 -0.828577 0.599484 -0.876584 -1.48032 -1.09269 1.41823 1.64901 -0.18396 0.753957 -0.285835 -2.67668 -3.36069 -2.37853 -1.42362 0.0837076 -1.40545 -1.27079 0.517521 
-0.571873 0.508467 0.898061 0.431524 0.880263 -0.772454 -1.02398 -0.577376 -0.653284 0.131211 -0.0377441 -1.16295 -0.439082 1.55469 0.818302 -0.901924 0.62476 -0.460649 -0.904193 0.794148 1.15865 0.574587 1.40614 -0.231365 -0.3104 -0.757701 1.3595 1.18813 -0.701759 0.122528 -0.856809 -2.21709 -1.81967 -1.6567 -0.667155 -0.274683 -2.01037 -0.598063 -0.64564 
-0.321534 0.623564 0.65979 0.473963 0.80045 -0.714693 -0.715097 -0.437898 -0.833324 0.39842 0.0831137 -0.903814 0.150743 0.543743 0.11163 -0.672696 -0.281326 -0.712991 0.361813 0.575926 0.0160632 -0.0779605 -0.93501 -1.54536 0.719246 0.323624 1.36333 0.0698746 -0.801212 0.546563 -0.736605 -0.631456 0.605463 0.882289 0.694258 0.398365 -2.44807 0.916351 -1.00431 
-0.377846 0.568401 0.635949 0.321475 0.555937 -0.636119 -0.656891 -0.579999 -0.718715 -0.538597 -0.81164 -0.577443 -0.150043 0.864781 -0.707476 -0.427113 0.176276 -0.656737 -0.0289426 -0.00393902 0.0699827 0.395053 -0.914741 -2.71983 1.49194 -0.437133 1.69225 -0.883943 -0.304102 -0.698671 -0.0162641 0.681002 -0.0613211 0.972467 -0.010966 0.308278 -2.3579 0.820806 0.192278 
-0.0011835 0.343448 0.490826 0.539124 0.501791 -0.727758 -0.733432 -0.405026 -0.51808 -0.256979 -1.27113 0.319559 -0.229688 2.45915 -1.50018 0.171576 -0.744117 0.693831 0.657378 -0.648244 1.33694 0.0757239 1.31573 -1.29681 0.33973 -0.0980218 2.40698 -1.17772 -2.11518 -1.34602 -0.57109 1.46859 0.404145 1.40413 0.435743 -0.470045 -2.47731 0.635677 1.07099 
0.569863 -0.0408015 0.694062 0.0342295 0.873513 -0.386779 -1.10348 0.2869 -0.660464 0.39164 -1.46272 -0.305238 -0.232055 3.40583 -1.14288 -3.09028 -2.15123 -0.208306 2.2197 0.53373 1.87835 0.218325 0.339188 -0.266714 -0.670435 1.70583 2.4731 -1.18302 -3.02127 -1.03901 0.510038 1.5571 0.92396 0.943713 0.151805 0.00666027 -0.686573 0.403821 1.04774 
1.31903 -0.117423 -0.688255 -0.286888 0.407742 0.118912 -0.394394 0.818276 -0.345064 -0.0209626 -1.4132 -0.242147 1.2757 1.92874 -0.358502 -5.19802 -0.780523 0.0894058 1.66504 1.85045 -0.0235922 0.146356 -1.30559 0.475532 0.184359 1.33913 2.18215 -1.00757 -2.91102 -1.03346 0.338051 2.02574 0.481323 -0.359474 -0.0576888 -0.234483 0.299716 -0.519151 1.48599 
1.30886 -0.176042 -1.28447 -0.266956 0.915303 0.247824 0.110748 0.258173 -0.545368 -0.541611 -1.23802 -0.161296 0.950634 0.465998 -0.440007 -1.75256 0.63472 0.729333 0.799833 0.0958955 -2.36227 -0.284951 -0.625322 0.63801 0.0105812 0.0555144 1.57032 -0.518272 -3.39507 0.116187 -0.0494611 1.4481 0.569446 -1.69104 0.429971 -1.0898 1.02384 -0.0135012 1.9919 
1.48247 -0.2865 -1.35995 -0.0461944 0.741517 0.422717 -0.346372 -0.74998 -0.577079 -0.470614 -1.10821 -0.24166 1.3288 0.857884 -0.45522 -0.450982 0.950293 -0.159177 0.495235 -1.10683 -2.29674 0.459066 -0.0314209 0.771341 -0.19559 1.02277 0.571629 -0.40604 -1.22815 0.773075 0.471315 0.76504 -0.790014 -2.30454 0.0140692 -0.316699 0.367639 -0.375083 -0.33812 
1.6265 -0.351434 -1.46249 0.0945673 0.843671 0.43517 -0.64065 -1.26695 -0.178607 -0.569059 -0.867145 -0.331008 1.85492 0.549231 -0.197289 -0.28753 0.498558 -0.00513266 0.344368 -1.11082 -0.804156 0.317216 0.238175 -0.184584 -0.485631 -0.459535 0.370892 -0.105878 -0.270783 0.759997 -0.0714506 0.488544 -1.16748 -1.99735 0.78988 0.374631 0.3203 -0.272273 0.264496 
1.67865 -0.354813 -1.47597 0.142365 0.740172 0.552382 -1.10042 -1.29255 -0.324478 -0.306408 -1.2097 -0.650807 0.928656 -0.198703 0.289769 0.00535388 0.163801 0.0558808 0.237668 -0.396377 -0.446032 0.642351 0.493663 -0.375156 -0.147581 -0.711437 0.254551 -0.043448 0.0577539 0.385958 -0.0235328 0.565619 -0.423362 -0.166521 1.08287 0.0124239 -0.161408 -0.677722 -0.0506088 
1.52839 -0.217547 -1.46742 0.154952 0.870164 0.52404 -0.919829 -1.57376 0.335659 -0.223227 -1.0628 -0.461088 1.2331 -0.0964064 0.129976 0.389066 0.066905 -0.0251089 0.503186 0.570183 0.586343 1.18798 -0.220951 -0.0016868 -0.377629 0.396812 0.058533 0.0305781 0.0815119 -0.259641 0.000977209 0.273525 0.261065 0.463402 0.910637 -0.0848525 -1.56707 -1.21501 -1.53072 
1.62079 -0.287263 -1.33537 0.165649 0.729711 0.742769 -0.737155 -0.919758 0.628902 -0.468594 -1.22081 -0.970796 1.2821 0.30385 -0.240715 0.13575 -0.545286 -0.0487546 0.175387 0.741085 1.09697 0.625483 -0.595956 -1.51077 -1.40489 -1.10829 -0.2242 0.0640722 -0.166206 -0.652304 0.354073 0.745513 1.18333 0.702056 0.0565915 -0.600147 -1.62975 -0.785731 -0.336864 
1.62802 -0.303888 -1.4229 -0.0561638 0.848915 0.589098 -0.442966 -0.864835 0.83635 -0.652003 -1.81961 -1.6291 0.262052 -0.299932 -0.0282708 -0.660526 -1.02434 0.570562 0.611967 0.967532 0.393729 -1.09711 -0.514448 -1.96004 -0.624179 -0.799341 0.198713 0.00799623 0.0704638 -0.684483 0.0337985 0.407071 1.08764 1.1332 0.0727215 0.502855 -0.556052 -0.239962 -1.37923 
1.48284 -0.285409 -1.59286 -0.22889 0.991042 0.974746 -0.10978 -0.673767 -0.256731 -0.839426 -2.19962 -1.49432 0.582923 0.0499349 0.254271 -0.0130462 -0.459346 0.10592 0.436322 0.672849 0.477711 -0.512389 1.21574 0.847315 1.10316 -0.531613 0.11531 -0.0291965 -0.117654 -0.818106 0.302472 0.508786 1.18927 0.0891682 -0.361458 0.830821 -0.114218 0.494067 -1.60934 
1.62774 -0.184738 -1.43481 -0.234374 0.89824 0.753921 -0.0114592 -0.563559 0.421296 0.207151 -1.41119 -0.726664 -0.201523 0.505785 -0.0166398 0.469927 -0.17629 -0.103779 0.151047 0.577872 -0.258911 0.61186 1.53718 1.83082 1.26403 -1.11371 0.119369 0.379984 0.0449323 -0.0386404 -0.390394 0.630036 0.644037 0.575869 -1.25379 0.60375 0.488643 1.20028 -1.00894 
1.66193 -0.278726 -1.42159 -0.298722 0.944686 1.0305 0.258599 -0.857403 0.232997 0.24824 -1.30522 -0.459084 -0.392903 0.163116 0.344038 0.0932284 0.402019 -0.695476 0.507056 0.167258 0.328333 -1.2026 -0.471994 -0.247578 0.442577 -0.668716 0.332725 0.33702 0.489166 0.180834 -0.651972 0.00960388 0.147566 0.301141 -0.482955 0.4221 0.817256 0.914395 -1.02005 
1.672 -0.0283206 -1.40641 -0.0827787 0.581906 0.945787 0.0839951 -0.360618 -0.549231 -0.1335 -1.54381 -0.369557 -0.785749 0.0856987 0.547412 0.350108 0.440884 -0.884575 -0.130584 -0.37998 0.686068 -1.26455 -1.01662 -0.833743 -0.0850045 -0.0998155 0.0936907 0.290187 0.128698 0.447408 -0.437855 0.104805 0.099753 0.273582 -0.417064 -0.772132 0.108077 0.889729 0.153632 
1.67573 -0.0378793 -1.29576 -0.132245 0.542071 0.978573 -0.0096813 -0.418967 -0.787387 -0.479582 -1.72748 -0.537506 -0.476494 0.00438951 0.113113 0.126463 0.253578 0.0335608 -0.344978 -0.0312159 0.0608159 0.640715 -0.474712 0.387155 0.704809 0.848443 0.0241465 0.428344 0.440697 0.432533 -0.665226 -0.788429 -0.54028 0.735596 -0.286185 -0.824167 -0.0458625 1.39546 0.229967 
1.65379 0.0322288 -1.36541 0.0119804 0.598216 0.811892 0.0475293 -0.33378 -0.0362816 -0.476083 -1.36278 0.204028 -0.0348664 -0.0415439 0.126919 0.389203 0.192895 -0.123987 -1.03605 -0.311899 0.34026 0.88303 0.00597699 0.787183 1.88112 0.370158 0.0403715 0.156553 0.592276 0.322177 -0.397715 -0.982293 -0.638681 0.149167 0.421675 -1.02424 0.791234 1.10338 0.678577 
1.63945 0.0284013 -1.1551 -0.0607207 0.486494 0.580456 -0.23271 -0.208174 -0.0794252 -0.480444 -1.34878 1.00714 -0.146504 0.0685438 0.133968 0.865297 0.218334 -0.634277 -1.11004 -0.787952 0.156748 -0.046724 -0.78174 0.57846 0.716639 -0.0455662 0.000248113 -0.259459 0.470151 0.320961 -0.390099 -0.659318 -0.176654 0.659256 1.27517 0.413084 2.02596 2.0068 -0.206302 
1.66084 0.101436 -1.04417 0.0932452 0.309806 0.385488 -0.491919 -0.243791 -0.0765745 -1.03693 -1.08721 0.787378 -0.070717 0.04331 -0.533795 0.399163 0.277232 -0.465118 0.0614726 0.0903911 0.580785 0.887172 0.50351 1.6714 0.699189 -0.617701 -0.0631074 -0.41601 0.77645 0.381431 -1.42672 -0.709576 -0.21158 1.5301 -0.678681 0.310831 0.64188 1.55245 -0.942126 
1.63657 -0.179611 -1.01066 0.0430953 0.275268 0.601961 -0.188347 0.160954 0.63187 -0.127612 -0.533152 1.57609 -0.685836 -0.179152 -0.786939 0.433198 0.34049 -1.53525 0.0606995 0.521265 1.96531 -0.875697 1.16559 0.206563 1.28085 -1.07546 -0.0732587 -0.280462 0.273863 0.826203 -1.31846 -0.0913585 0.436888 1.41768 -1.25303 0.0917 -0.20957 -0.9662 -1.29742 
1.57042 -0.211668 -0.886827 0.221282 -0.389699 0.406697 -0.161165 1.03676 -0.784015 -0.213425 -0.995421 1.8365 -1.01288 -0.171924 0.0939023 0.0622929 0.933972 -1.53937 -0.191194 0.481755 1.38623 -2.6011 -0.388886 -1.91591 -1.93249 -0.925083 -0.145613 -0.26412 0.874493 0.730627 -1.49697 -0.522027 0.961406 1.63667 -1.50018 1.52784 -0.435035 -1.23654 -1.0261 
1.54899 -0.127037 -0.994001 0.398369 -0.426115 0.526863 0.116146 1.0603 -1.46416 -0.409182 -1.49015 -0.0274705 -1.49567 -0.0777975 0.372736 1.02858 0.730527 -0.741375 -0.831056 0.729377 0.303716 -1.17884 0.713516 -0.723691 -2.86094 -0.145248 -0.40698 0.346232 0.550095 0.637501 -1.49521 -0.669086 0.864476 1.31005 -2.85283 0.21616 -0.0719895 -1.39739 0.578069 
1.51988 -0.0433373 -0.503657 0.498659 -0.726976 0.0869573 0.307915 1.22349 -1.73542 0.2887 -1.3633 -0.53351 -1.13645 -0.548614 0.45135 0.859217 0.000449813 -0.734584 -0.797917 0.643502 0.432358 -1.31753 0.656426 1.83776 0.146075 1.60865 -0.524697 0.608949 0.57041 0.70662 -0.511183 -0.808089 -0.0977633 -0.41358 -1.0619 0.881299 0.215812 -1.99317 0.500744 
1.31319 0.0739299 -0.67507 0.396209 -0.760293 0.219794 0.528147 1.33172 -2.52718 0.052358 -0.592323 0.0848683 -0.0757982 -0.851536 0.5855 -0.0732401 0.305276 -0.0323335 -0.364828 -0.848835 -0.862256 -0.2717 0.371234 0.993536 0.310293 0.737023 -0.591222 0.55791 0.718999 0.427601 0.107104 -0.78904 0.210094 -0.0495025 -0.723226 0.908057 1.92603 -0.200961 0.468488 
1.16488 0.213322 -0.5384 0.613213 -0.740732 -0.054527 -0.272001 0.642681 -1.95677 0.547497 -0.882635 -0.285606 -0.483615 -0.498716 0.426655 0.343595 0.626094 0.90351 -0.369631 -0.364728 -0.488787 0.333717 0.4612 0.499993 -0.39777 -1.05516 -0.778359 0.603477 -0.24859 0.0933346 0.748604 -0.325775 -1.21953 -0.706627 -0.312253 0.0854523 1.07865 -0.490646 0.0580748 
1.09703 0.264645 -0.551711 0.6336 -0.347045 0.0764729 0.270005 0.996756 -2.2613 0.375112 -0.355535 -0.251748 -1.0001 -0.52772 0.364134 -0.335426 -0.169025 1.17929 -0.113596 -0.721693 -0.100436 -0.145744 -0.264285 0.319612 -0.933582 -0.67073 -0.878968 0.306857 0.161593 0.69779 0.967982 -0.724144 -0.80791 -0.559472 0.374281 0.283187 1.54876 0.158644 -0.518085 
0.937306 0.378081 -0.672588 0.546162 -0.201654 -0.099957 -0.767408 0.563368 -2.07675 0.354506 -0.73498 -1.06454 -1.06961 -1.05899 0.0567013 -0.069119 0.396757 0.577904 -0.701382 -0.673348 -0.270959 0.194959 -0.111308 1.38158 0.607358 0.437511 -0.632384 0.768667 -0.282856 0.0368411 1.10149 -0.269851 -0.797226 -0.201162 -0.426852 -1.16008 1.19488 -0.122704 -1.36789 
0.660402 0.301775 -0.584891 0.78318 -0.0823642 -0.193687 -0.193269 0.80519 -2.10708 0.290871 0.31688 0.241389 -0.610841 -0.592619 0.845173 -0.13031 0.222413 0.50568 -0.281639 -0.302562 -0.165151 -0.429629 -1.15907 1.13408 0.78227 -0.955708 -0.671637 0.829808 -0.0401063 -0.699838 0.858989 -0.492274 -1.30141 -1.21018 0.401745 -0.837876 0.771008 -0.294974 -0.208655 
0.684192 0.742543 -0.728977 0.628989 0.0300731 -0.209636 -0.984231 0.441454 -2.4252 -0.474583 -0.184868 -0.427014 -1.90639 -0.130971 1.24872 0.00767283 -1.42391 0.737341 -0.0247157 -1.0031 -1.3862 0.371566 -0.916173 -0.440425 -0.979648 -0.687847 -0.87436 1.39556 0.267262 -0.3108 0.652494 0.328487 -0.83342 -0.197593 0.786849 -0.194879 -0.019824 1.31586 0.150708 
0.58894 0.833767 -0.588944 0.235649 0.255064 -0.205135 -0.875719 -0.120526 -1.81074 -0.365546 0.0889723 -0.575578 -1.2119 -0.956915 1.34959 0.580772 -0.678936 0.494743 0.776452 -0.768512 -0.0955134 1.52687 0.921589 -1.14915 0.91174 1.13196 -0.63665 1.11795 0.221542 -1.42119 0.802556 -0.00506059 -0.440446 -1.01754 0.883072 -1.04838 -1.73266 -0.181943 0.859229 
0.287733 1.31641 -0.515659 0.3667 0.25681 0.0852301 -1.51076 0.365382 -1.19908 0.175461 -0.762984 0.317397 -0.906011 -0.996935 0.509658 0.366645 -0.661299 0.491867 0.023365 0.44036 -0.00529049 0.85828 -0.369939 -1.64573 0.752349 1.70517 -0.893154 0.70046 0.269459 -0.0745319 0.80033 0.439211 -0.400983 -0.517997 0.703315 -0.00257737 -0.678322 0.90374 2.43199 
0.176734 1.05894 -0.456842 -0.0198863 0.480489 -0.198201 -0.598741 -0.137206 -1.1227 -0.633646 -0.734521 0.0372512 0.292907 -0.625953 -0.247503 -0.12665 0.568965 0.731071 -0.116934 0.256821 -0.607032 -0.544748 -0.922797 0.337853 0.253619 1.75235 -0.899557 0.444096 0.97685 0.172785 0.572942 0.0812595 0.830406 -0.0528843 0.0776376 -0.753544 0.363452 1.06086 0.751929 
0.0215027 1.22725 -0.57066 0.582217 0.591378 0.0385239 -1.35577 -0.0474187 -1.64018 -0.485665 -0.606315 0.518515 0.640313 -0.59729 0.189433 1.26561 0.914085 0.387273 0.103688 0.640825 -0.0558018 -0.738411 -0.55393 2.09409 0.614553 -0.81522 -0.592395 0.0544741 0.462102 0.0977925 -0.0420589 -0.665053 1.12242 0.0754322 0.173196 -1.42011 -0.54938 -0.219344 1.43662 
-0.0782184 1.15117 0.0162287 0.327773 0.658189 -0.160555 -0.188519 -0.187136 -1.71965 -1.03254 0.289971 0.536328 -0.420244 -0.423458 0.33412 0.90161 -0.426175 -0.789557 -0.866179 1.2021 0.722906 0.796308 -0.820032 -0.993241 -0.528895 -0.0496142 -0.654438 0.0656577 0.313358 0.122854 0.180166 0.270818 0.327334 -0.518768 -0.0999126 -0.29464 0.664534 0.744917 0.478567 
-0.165049 1.37955 -0.23565 0.416707 0.232117 -0.294644 -0.572488 0.415266 -1.00201 -1.07374 -1.10739 0.0736536 0.6009 -0.562167 -0.0852351 -0.738372 -0.734536 -0.106957 0.30534 -0.210394 -0.647807 0.613596 0.193886 -1.28168 0.347076 1.38067 -0.726495 0.173114 0.575193 -1.17914 -0.279906 0.238793 0.824264 0.244902 1.13785 0.590961 1.27701 0.555725 -0.0593614 
-0.31935 1.12938 -0.270794 0.0441957 0.610383 -0.0458118 -0.34408 -0.626778 -1.22853 -0.899824 -0.353631 0.814597 0.799002 -0.863806 -0.0610046 0.0616985 -1.304 0.368451 1.22757 -0.128856 -0.37331 0.784656 1.54806 2.54623 1.24784 -0.0234984 -0.745643 0.391823 -0.18642 -0.0853709 -0.441269 -0.260961 -0.380785 0.316331 1.00554 1.13535 -0.952154 -1.29789 -0.730508 
-0.524871 1.36782 -0.219212 -0.0849116 0.401229 0.172699 -0.673853 0.156323 -0.37322 0.0216671 0.140522 1.09552 0.58447 -0.75906 0.702154 0.433247 0.608666 -0.560162 -0.687352 -0.275169 1.09591 0.785021 1.203 0.139275 -2.00586 -2.25048 -0.563108 0.319185 0.382431 -0.531339 -0.413499 0.238342 0.68504 0.132523 1.46225 1.73047 1.23118 -0.37001 -0.345574 
-0.637956 1.43447 -0.11343 0.274914 0.35579 -0.310608 -0.542695 0.081454 -0.599443 -0.0497271 -0.295087 -0.849529 -1.17719 -0.133657 0.56374 0.580575 0.523997 -0.993232 -0.86685 1.022 0.56792 1.24336 0.580009 -1.04865 -1.71638 -0.389371 0.00634063 0.665634 0.817246 0.109628 -1.15933 -0.222407 -0.449821 0.538578 1.64721 0.264464 0.263703 -1.16695 -2.21037 
-0.597391 1.61544 -0.00596788 0.113388 -0.0509644 -0.160726 -0.010273 0.516982 0.624732 0.428883 -0.387933 -0.329635 0.246069 0.771633 0.345189 0.933192 -0.448516 -1.2017 0.362691 -0.299697 -0.3413 1.49789 -0.876111 0.188476 0.515041 -0.376042 0.444715 0.438937 0.624798 -0.0110824 -1.94331 -0.430768 0.296669 0.308255 2.11196 -1.4028 -1.11306 -1.23509 -1.47589 
-0.354258 1.59136 0.233558 0.10085 -0.191524 -0.173938 -0.757613 -0.156417 0.603352 -0.677664 -0.212231 -0.432601 -1.50386 0.923778 0.127242 0.465349 -0.540902 -1.96389 0.232245 -0.631238 -0.130952 1.68003 -2.30157 -0.288309 0.138155 -1.36527 0.836927 0.274807 0.695311 -1.03795 -2.42174 1.96107 1.07244 0.0813672 2.09475 -1.74813 -0.99471 -0.141694 -0.342582 
-0.253826 1.68186 0.163572 -0.0960496 -0.946046 -0.0739289 -0.445557 0.417581 1.97411 -1.21241 -0.540674 -0.223834 -0.951126 0.714158 0.0877843 0.230169 -1.07457 -2.48483 2.56065 1.69397 0.465358 1.40178 -1.26974 -1.38234 -0.690712 -0.0332745 1.3517 -0.798669 0.0838739 -1.5208 -2.35999 1.58525 0.568219 -0.55716 0.134995 -2.60908 -0.808314 0.0206168 -1.33387 
-0.093176 1.6414 0.313896 -0.312922 -1.3243 0.803088 0.352608 0.136727 1.7288 -1.58543 -0.905571 -1.01105 -1.5289 1.47506 -1.38174 -0.320312 -1.69041 -1.6285 2.13205 1.37327 -0.625604 -1.48111 -0.902061 -0.680169 -0.105621 -0.22078 1.86024 -1.23061 -0.655168 -1.7804 -1.64971 3.21569 1.9034 -0.0457534 -0.306217 -0.437461 -0.273298 -0.259273 -0.0907247 
0.30666 1.12182 0.0351164 -0.745621 -1.6881 0.739228 0.451501 -0.00744517 0.779435 -1.8588 -0.887048 -0.319275 -1.14116 2.58669 -2.02128 -1.31598 -1.53752 -0.0246654 2.22898 0.775191 -0.516616 -1.81091 0.734222 1.06077 0.364217 -0.0770688 2.13085 -1.874 -1.40095 -1.71752 -0.130405 3.5727 0.682409 -1.24866 -2.34113 0.174498 -0.32559 -1.53628 -1.24703 
0.904718 0.815858 -0.192207 -0.903954 -1.33456 1.6533 0.85214 -0.216553 0.268714 -1.06859 -0.391681 -0.718627 -1.59247 2.30577 -1.56315 -2.00756 -0.829451 1.43532 3.18864 -0.483526 -1.08463 -1.73234 1.11841 0.295377 -1.85896 -1.26218 2.14158 -2.20582 -1.81777 -1.28263 1.34596 1.84409 -0.198789 -0.716417 -1.1494 1.11328 0.183172 -0.104971 1.06114 
1.19402 0.486477 -0.733299 -1.06554 -1.0322 1.95635 0.114396 -0.734643 -0.61742 -1.06883 -0.751368 -1.86213 -2.24765 1.21317 -1.44521 -1.70609 -0.344459 2.08235 0.520343 -1.02533 -0.459577 0.239791 0.635544 -0.830395 -0.492781 1.33408 1.49331 -1.42714 -1.714 -0.491584 1.76151 1.33942 -0.917732 -1.15689 -0.143071 1.17714 0.0220936 -0.885922 1.13644 
1.36216 0.229474 -0.846278 -1.03818 -0.383434 1.85025 0.154911 -0.532285 0.459005 -0.621891 -0.812287 -1.13368 -0.414226 0.344258 -0.679286 -0.841686 0.107758 1.25589 -1.19002 -0.69661 -0.499042 1.54805 0.329814 -0.259768 0.72863 2.60858 0.649711 -1.04295 -1.36258 0.109906 1.80094 -0.719178 -1.53638 -0.767775 0.626254 0.493097 -0.773298 -0.626065 1.74992 
1.30955 0.218065 -1.05951 -1.02661 -0.458164 1.49937 -0.36434 -1.07635 0.62574 -0.839477 -0.890006 -1.26888 0.0521703 -0.0594493 -0.193293 -0.557887 0.505017 0.668985 -1.58397 -0.955059 -0.587446 0.636131 -0.0277505 -0.0957432 -0.304215 0.740565 -0.0533948 -0.75642 -0.616529 0.67304 1.80367 -1.02312 -0.890236 -0.089179 1.23992 0.725026 -0.853623 -0.259324 1.05482 
1.31884 0.16282 -1.06484 -0.847143 -0.0771949 1.24265 -0.495608 -0.932192 0.968265 -0.646731 -0.869875 -1.39306 0.241723 -0.437638 -0.508799 -0.179768 0.878791 1.49961 -0.325724 -0.447959 0.387895 0.17357 0.562933 -0.763496 -1.05519 -1.35907 -0.202864 0.076442 -0.343516 0.563362 1.09529 -0.767583 -1.20098 -1.30479 0.124988 0.132149 0.0254427 0.2486 -0.669776 
1.11742 0.02043 -1.13466 -0.692468 0.227071 1.37284 -0.677804 -0.834204 0.762736 -0.444401 -1.27756 -2.14821 -1.13958 -0.299047 0.314443 -0.0088758 0.320659 1.00651 0.448338 -0.591477 -1.2002 -0.451007 0.192072 0.135402 0.629194 -1.53829 -0.112267 0.202886 0.466771 0.303047 1.042 -0.593419 -1.11914 -0.51776 0.469698 0.289617 -0.602752 -0.155742 -0.604583 
1.18124 0.306951 -1.07517 -0.726699 0.383052 1.41206 -0.904464 -1.73547 0.60261 -0.515299 -0.813244 -0.881898 -1.10773 0.239835 0.828715 0.962505 -0.43494 0.0946471 -0.550829 -0.992711 -1.09011 0.486602 -0.205142 0.043574 0.861501 0.638742 -0.345625 0.337095 0.257671 0.229915 0.684832 0.315133 -0.856296 -0.564044 -0.0106835 -0.42296 -0.385995 -0.0188624 -0.529427 
1.19186 0.378059 -0.776549 -0.861334 0.271253 1.16024 -1.35335 -1.56501 1.15166 -0.595347 -1.2663 -1.44527 -0.573231 -0.312665 0.216446 0.443365 0.0159258 0.0432108 0.0266102 -0.509189 0.434146 0.44916 -0.709775 -0.593234 -0.647302 0.907169 -0.181744 0.657287 0.397102 -0.0773658 0.12932 -0.0901435 -0.108383 -0.546291 -0.0292508 -0.604491 -0.0799552 0.772108 0.805313 
1.03828 0.410398 -0.913972 -0.722934 0.403764 1.42024 -1.25863 -1.46287 0.961399 -1.02499 -1.11666 -1.42451 -0.305168 -0.56087 0.205506 -0.295799 0.320811 0.108149 0.422915 0.859517 0.348547 -0.514037 -0.535595 -0.131357 0.135007 0.31458 -0.462732 0.498026 0.457828 -0.406159 -0.222661 -0.711746 0.212134 0.231696 0.635528 -0.893701 -0.305494 0.0484886 -0.110251 
0.95124 0.476965 -0.895707 -0.740832 0.321595 1.31993 -0.79777 -1.34876 0.735277 -0.981212 -1.34149 -1.34207 -0.29215 -0.506762 0.567422 0.324479 -0.612319 -0.377042 -1.07918 0.790602 -0.102763 0.439543 -0.386295 0.232741 0.715588 -1.04069 -0.615043 0.710748 0.384953 -0.0825606 -0.279847 0.149979 0.061632 0.325622 0.251312 -1.16201 0.625636 0.189299 -0.9816 
0.81895 0.659552 -0.797864 -0.959716 0.232725 1.00564 -0.748851 -1.54371 1.31245 -1.30472 -1.01193 -0.842024 -1.21673 -0.528711 0.912754 0.942272 -0.442559 -0.529166 -0.193638 -0.772787 0.112372 0.873249 -0.890129 0.896739 0.113904 -1.48246 -0.476264 1.18859 1.07319 -0.145042 -0.934949 -0.17817 0.0268192 -0.168854 0.452114 0.283643 0.86191 0.970628 -0.880674 
0.723272 0.869482 -0.545275 -0.912615 0.0811446 1.2439 -1.32714 -1.28799 1.43537 -1.61912 -0.908651 -1.25629 -1.59248 -0.336666 1.30199 1.46823 0.398925 -1.04274 0.820323 -0.748905 -0.118267 0.196396 0.736746 0.818332 0.535571 -0.00738212 -0.79194 1.27747 0.678682 -0.155031 -0.528407 -0.296636 -0.836304 -0.226844 1.42029 0.532493 0.972924 1.33768 -0.330844 
0.66655 1.21366 -0.247939 -0.809306 -0.242057 1.31727 -1.26235 -1.63476 1.46781 -0.786077 -0.61784 -0.408149 -1.21898 -0.874634 1.09638 0.193395 0.214513 -0.270803 -0.241441 -0.302017 -0.413378 1.09695 1.54632 0.288566 1.6081 1.08708 -0.891246 1.21505 0.983755 0.557962 -0.237534 -0.19099 0.141278 0.699034 0.359013 1.27369 0.87358 0.813505 0.384407 
0.35919 1.33823 -0.478885 -0.832813 -0.0414206 1.14959 -1.5436 -1.57331 2.31549 -0.524948 -0.776337 0.0629743 -0.631594 -1.24282 0.609008 0.175522 0.418831 0.686233 -1.09825 0.938661 1.09417 0.31124 0.830105 0.246852 0.514039 0.461057 -0.848177 0.899069 1.19162 0.292848 0.169583 -0.928314 0.633157 -0.103356 -0.50243 1.16202 0.209715 1.13989 1.34769 
0.157593 1.48008 -0.188329 -0.651273 0.0720522 0.895377 -0.65416 -0.927678 1.71561 -0.201069 -0.506138 0.0079518 -0.809002 -0.628459 0.317917 1.79655 0.214379 0.534984 -1.13328 1.12805 0.282678 -1.77647 -0.116677 -0.0260948 -0.139809 0.510088 -1.12612 0.395639 0.919902 0.410839 0.78531 -0.900777 -0.277292 0.582558 -1.44342 -0.521284 -0.454522 -0.6378 1.87855 
0.0919732 1.4838 0.19557 -0.753062 0.203677 0.714302 -0.809532 -1.40042 0.883112 -0.613005 -0.799508 -0.0606893 -0.178466 -0.753258 0.0139113 1.36189 0.183127 0.516682 -0.235509 -1.29035 -0.278904 -2.28756 -1.46861 -0.787543 -1.32609 1.76628 -0.878086 0.0961758 1.30523 0.241779 1.38706 0.451959 1.49634 0.233605 -2.56052 -0.613383 -0.419399 -1.67556 0.719371 
-0.158731 1.49945 0.321261 -0.583489 0.308799 0.803336 -1.52754 -1.12448 -0.128085 -1.25021 -0.90557 -1.09501 0.749585 -0.927684 -0.165746 0.382604 0.139607 1.58536 1.81176 0.814569 0.0513365 -1.73933 -0.634986 -0.472127 -2.00342 0.341215 -0.551053 -0.0513202 0.796816 -0.0431769 0.94393 0.339428 0.110722 -0.661847 -1.91906 -0.861621 -0.00757532 -0.736132 0.959622 
-0.292984 1.42859 0.333725 -0.701941 0.928037 1.405 -0.283827 -1.37982 -0.51937 -1.06953 -1.04308 -1.7228 0.126053 -0.222824 -0.0935998 -0.029473 -0.247108 0.928063 0.746597 1.44058 -0.62203 -0.344242 0.411957 0.787278 0.387903 -0.629783 -0.77459 0.440613 0.551538 0.127889 0.134822 1.10407 -0.279173 0.194428 -0.36101 0.193305 0.758055 -0.745129 -0.554677 
-0.266336 1.47418 0.303118 -0.680436 0.73325 1.08679 -0.58574 -1.54715 -0.407817 -0.962466 -0.526823 -0.783036 0.199619 -0.444886 0.859363 0.541308 0.0473282 -1.37417 -0.16324 -1.16869 0.228648 1.2547 0.874446 1.39762 1.0537 -1.00231 -0.262197 0.0810437 0.55587 -0.0234121 0.195374 0.124859 1.5601 -0.217786 -0.0898456 0.451187 0.779725 -0.00469892 -1.64659 
-0.487967 1.79894 0.532076 -0.686152 0.302029 1.34059 -1.07634 -1.2425 0.487703 -0.452997 -0.36274 -0.861204 -0.751734 -0.240912 0.221984 0.960601 0.212118 -0.624561 -0.554689 0.584509 0.333516 0.233301 0.144345 0.164421 -0.387843 -1.32749 -0.308412 0.764567 0.679204 0.202436 -0.839942 -0.501287 0.115193 -0.3227 0.114992 0.379547 0.689883 0.419572 -0.619488 
-0.381059 1.57992 0.660503 -0.601551 0.449273 0.872712 -0.21295 -1.34079 -0.222749 -0.864964 -0.455854 -1.11146 -0.964327 -0.100821 0.343499 0.595227 0.248949 0.0992406 -0.576265 1.32471 -0.661853 -1.08335 -0.406164 -0.554558 -0.509403 0.264279 -0.269207 0.409705 0.744346 -0.0128957 -0.506138 -0.768576 0.467292 0.48837 0.0857642 0.0165159 -0.220098 -0.498254 -0.714323 
-0.547566 1.95513 0.750877 -0.593165 0.348306 1.11827 -0.211563 -1.69139 -0.386852 -0.74685 -0.647044 -1.28998 -0.514919 -0.235257 0.423046 0.284427 -0.231683 -0.141457 -0.582418 0.026967 0.351855 -0.102233 -0.122094 -0.421658 -0.245204 0.476883 -0.0779836 0.0936398 0.234433 0.0692985 0.606508 -1.12471 0.247012 -0.00780405 0.114945 0.389796 -0.340957 -0.809076 0.151397 
-0.493556 1.76914 0.76142 -0.692592 0.385725 0.648036 -0.210743 -1.12237 -0.307714 -0.956872 -0.674488 -1.32213 -0.54042 -0.036173 -0.195315 -0.199439 -0.147954 0.831073 -1.0906 -0.998175 0.662933 1.25463 0.887037 0.151184 -0.52235 -0.0872052 -0.46192 0.223732 0.011804 -0.0690924 0.150177 -0.313487 -0.601517 -0.298312 0.457557 0.878069 0.00260006 -0.446663 0.23266 
-0.581728 1.88764 0.668267 -0.652148 0.728503 0.699296 -0.890741 -1.26818 0.620169 -0.121369 -0.582616 -1.72943 -0.587412 -0.582729 -0.0703601 -0.259419 0.12969 0.376052 0.122273 -0.79806 -0.751425 0.745672 1.20287 0.433696 -0.321665 -0.203344 -0.679169 -0.665608 -0.0608442 0.269413 0.56577 -0.728345 -0.140114 1.12743 1.17459 -0.0535761 -0.350543 0.00657313 0.591864 
-0.742779 1.75352 0.656061 -0.645268 0.558306 0.692786 -0.75691 -1.63022 0.289704 -0.106863 -0.470459 -1.59592 -0.715116 -1.16715 -0.850017 0.103455 0.542473 0.0371318 0.0133399 0.823933 0.903791 0.376956 -0.950904 -0.566148 0.536869 0.787147 -1.09847 -0.118172 -0.221001 0.0240551 0.183862 -0.129658 -0.452321 0.42044 1.16666 0.632882 0.223631 0.611475 0.186298 
-1.06091 1.54835 0.700543 -0.446774 0.746442 0.702398 -0.358811 -0.686424 0.920849 -0.802476 -0.872648 -1.29449 0.10953 -1.36431 -0.114418 -0.1033 -0.0950565 -0.0901007 -0.308967 0.21996 1.34311 0.874995 -0.423337 -0.154399 1.11212 0.421848 -1.11286 0.14444 0.01709 0.25161 -0.0707025 0.129521 0.206469 0.56363 -0.202159 -0.709256 -0.411843 0.935967 0.983211 
-1.29954 1.71961 0.609916 -0.683997 0.518191 0.572659 -0.626426 -0.759261 0.991199 -0.412924 -0.55703 -0.686087 -0.339639 -0.805421 1.07806 -0.069643 -0.174068 -0.139288 0.185505 -0.549848 -0.114627 -0.642677 0.0814488 0.0770627 0.669828 0.377354 -0.642448 0.295116 0.36391 0.179353 -0.0834724 -0.709703 -0.202081 1.18447 0.396236 -1.21632 -1.33446 0.229488 0.74621 
-1.39776 2.00949 0.667165 -0.515755 0.683884 0.771324 -0.739998 -0.775079 0.40094 -0.749686 -0.844845 -0.74978 0.445852 0.226117 0.579317 0.714726 0.357477 -0.0315243 -0.740564 -0.474359 0.302277 -0.316062 -1.06911 -1.45027 -0.811659 0.461314 -0.350681 1.19903 0.0630981 -0.545128 -0.394996 0.192635 0.0110439 -0.265322 0.488813 0.325588 -0.0182136 0.185501 -1.0419 
-1.23049 1.97371 0.874042 -0.549456 0.504804 0.287519 -0.957437 -0.573472 0.734146 -1.17807 -1.28394 -1.36438 0.0705679 0.184741 0.807774 0.18008 -0.626163 -0.457284 0.107223 0.571139 -0.239446 1.32919 0.320538 -0.0901909 -0.42579 -1.61682 0.00262546 0.136152 0.52025 0.0508399 -0.261815 0.04296 1.29768 0.527841 -0.896785 0.0357102 1.41656 -0.220331 -1.12887 
-1.34499 2.35842 0.728504 -0.757838 0.476232 0.810321 -0.376095 -0.945901 1.46797 -0.526928 -0.899689 -1.10953 -0.972712 -0.220134 -0.364305 0.157078 -0.283556 -0.362001 0.810645 2.15999 0.437529 -0.906931 1.11495 3.17199 0.535118 -1.80401 0.190926 0.201715 0.407996 -0.366748 -1.38035 -0.382797 0.641274 0.543002 1.04413 -0.0537889 0.752292 -0.941035 -3.07983 
-1.33704 1.83606 0.926657 -0.660359 0.340627 0.595457 0.462535 -0.298647 0.00156947 -0.390565 0.273183 -0.930875 -1.51273 0.155232 -0.489698 0.504771 0.0875754 -1.64155 -0.67047 0.265393 1.00016 0.122604 -0.384665 1.00872 -0.775234 -2.04182 0.575856 0.0890976 0.187647 -0.379312 -2.36648 0.696655 0.977469 1.14969 2.41346 -0.327277 1.8842 -0.202393 -2.2485 
-1.30384 2.16872 0.912995 -0.726639 -0.271773 0.551979 -0.215412 -0.300701 1.56395 -0.805498 -0.41152 -1.75775 -2.76528 1.24286 0.50535 0.16079 -0.273459 -3.24029 0.23183 -0.888572 1.15989 4.24582 -1.51509 -0.884813 -0.788649 -0.867779 1.25971 -0.6699 -0.0134758 -0.266768 -3.31136 1.56459 1.25135 1.09733 1.38766 -3.27262 0.957578 -0.0452701 -1.46575 
-0.867923 2.05944 0.98068 -0.767395 -1.13685 0.682095 -0.143793 0.451702 3.41587 -1.47275 -0.174313 -1.59017 -2.27213 2.08046 -0.56238 -0.521865 -0.479515 -3.40129 3.00403 1.36031 0.525049 1.80261 -3.63422 0.158031 0.723251 0.299217 2.15813 -0.858809 -0.661699 -1.12994 -3.15861 2.78807 1.19958 -0.070493 1.90552 -2.09393 -1.41679 0.338302 -1.87406 
-0.50514 1.94884 0.708093 -0.912571 -1.82271 1.69852 0.673036 0.0317366 3.01198 -3.39417 -0.343708 -1.16894 -2.49772 2.58636 -1.85439 -1.25747 -1.38457 -1.56967 3.9217 2.4473 -1.24527 -1.60693 -1.05562 -0.819402 1.22869 -1.35952 2.81033 -2.04013 -1.28739 -1.02796 -1.8665 3.48839 1.81048 -0.594292 -0.315625 -0.0758399 0.131713 1.66972 -0.263823 
0.129843 1.30319 0.496766 -1.29986 -1.85206 2.17949 1.46715 -0.381244 2.11994 -2.2283 -0.589487 -0.584108 -3.46427 2.90557 -2.64366 -1.61688 -1.02893 0.561279 2.19126 0.988661 -1.33281 -2.2247 3.543 0.0101247 1.42466 -0.615041 2.45529 -2.42246 -1.99769 -0.959714 -0.445607 3.57438 1.1317 -2.6894 -3.05517 1.27434 -1.14024 0.734919 -0.49715 
0.61823 0.864924 0.0878576 -1.30887 -1.56562 2.53431 1.31445 -0.858839 1.21887 -0.880569 -0.348982 -0.00109782 -3.03471 1.76993 -1.95267 -2.06424 -0.0237683 0.895941 1.40149 -0.976379 -2.45193 -2.59056 2.62327 -0.55043 -0.27989 0.76672 2.27539 -2.70121 -2.04821 -0.160812 1.8048 1.0681 0.0701804 -1.55423 -2.54544 3.69754 -0.581319 0.720617 0.377489 
0.806354 0.506138 -0.293149 -1.31129 -1.44226 2.71333 0.802456 -2.00853 0.0323984 -0.368536 -0.871752 -0.823411 -2.7853 1.13163 -1.60158 -1.78897 0.792402 2.19595 -0.596245 -0.890873 -0.79883 -1.27032 1.00187 -0.704132 -0.494206 1.0605 1.44664 -2.12164 -2.30673 0.943356 2.66906 -0.299287 -1.12533 -2.09829 -1.60245 1.79454 0.421951 0.00284057 0.880535 
1.04358 0.213623 -0.59765 -1.0078 -0.562658 2.30435 0.706598 -1.3979 0.193846 -0.173452 -0.707197 -0.417323 -2.09721 0.797319 -1.3815 -1.77217 1.40681 3.17892 -1.84052 -0.472298 -0.430041 0.39509 -0.416489 1.06953 0.289621 0.275896 0.911453 -1.09263 -1.83595 1.24171 2.7504 -0.809586 -0.288446 -0.54073 -0.450374 -0.281718 -1.45717 -1.35949 0.264149 
1.10016 -0.0537954 -0.972282 -0.774977 0.0092019 2.00764 0.472814 -2.30481 0.347672 -0.669728 -0.353536 -0.592573 -2.53826 0.486353 -0.115016 -1.26338 1.02826 2.00293 -0.601865 0.524755 0.0649326 0.66253 -1.34604 -1.04891 -1.24359 -0.749585 0.651076 -0.651662 -1.4662 1.17543 2.59692 -1.80155 -0.490872 0.627494 0.867726 -0.735243 0.0927648 -0.505852 1.21546 
1.21502 0.179466 -1.0838 -0.616422 0.352231 2.07224 1.03967 -1.36835 0.724353 -1.13546 -1.23578 -1.45218 -2.7526 0.358826 0.358091 -0.664378 0.316628 0.785955 -0.833173 -0.15567 1.30728 0.813607 -0.484894 -0.948465 -0.932414 1.1643 0.359784 0.0206275 -0.685623 0.749078 1.58631 -1.40836 -0.455694 -0.00627079 0.910535 -0.974963 -0.37484 -0.413878 0.490645 
1.22142 0.108456 -1.23124 -0.656076 0.368812 1.6871 0.353627 -1.45744 0.999763 -1.01955 -0.832485 -1.37055 -1.50943 0.153125 0.148427 0.126849 0.0698164 0.421177 -1.48694 -1.10722 -0.0617385 0.605162 0.150131 0.604565 0.718777 1.32937 0.203416 0.486572 -0.16966 -0.0298435 0.243948 -1.20252 -0.483362 0.609119 1.15172 -0.821796 -1.08619 -0.0992616 0.937303 
1.25535 0.254676 -1.04265 -0.592023 0.545401 1.50173 0.288015 -1.42219 1.20869 -1.03385 -0.947318 -0.867064 -1.5785 0.00330006 0.407771 0.387165 -0.361052 -0.408397 -0.949437 -0.462583 -0.455383 0.78646 -0.522831 -0.356004 0.811174 -0.0542918 0.114823 0.249665 -0.0503132 -0.130283 -0.66647 -2.21564 -1.82498 0.0463305 0.738427 -0.295879 0.540076 1.12324 2.38332 
1.20279 0.291331 -1.09135 -0.796651 0.183466 1.3221 0.0304428 -1.77041 1.63001 -1.39634 -1.01868 -0.709156 -1.55296 0.051863 0.245024 -0.205294 -0.261563 -1.43164 -1.80272 -1.24649 0.137477 0.425346 -0.511698 0.057362 0.72815 1.49717 0.0565357 0.260313 0.0881686 -0.384531 -0.796018 -1.64415 -0.852268 0.239047 0.265255 -0.622857 0.119248 1.31367 1.21399 
1.25583 0.369987 -1.12748 -0.694505 -0.106827 0.810492 -0.556214 -1.34489 1.54831 -1.40272 -0.92925 -0.274211 -0.256734 0.0983039 0.00241931 -0.234975 -0.203619 -0.79957 -1.49012 -0.632872 0.796903 -0.408034 -0.240471 0.509087 0.880018 1.49274 -0.190347 0.318142 -0.250509 -0.199989 -1.0241 -1.45932 -1.25784 0.649302 1.4919 -0.469527 1.66936 1.22628 1.9986 
1.22155 0.305926 -1.18744 -0.876947 -0.180364 0.750375 -0.405928 -1.25901 1.29894 -1.5724 -0.777395 0.00906661 -0.235088 -0.388156 0.256072 -0.20657 -0.0324258 -0.124069 -0.361897 -0.373597 0.769841 1.64353 -0.0632184 1.97004 0.850947 0.872674 -0.215827 0.0546351 -0.0477223 0.02567 -0.432429 -1.5563 -0.948981 2.06388 1.05679 0.494654 1.51121 1.52423 1.14514 
1.08317 0.489885 -1.2128 -0.709253 -0.16244 0.670129 -0.820251 -0.851305 2.86832 -1.45278 0.0339421 0.420013 0.515472 -0.479792 0.084451 0.160844 0.240621 0.145928 -0.818764 -0.587687 2.06131 1.87729 0.850177 1.32709 1.08127 -0.136015 -0.385255 0.112499 0.381074 0.0854519 0.344861 -0.819895 0.392137 1.10807 0.943452 -0.798188 -0.13968 0.551457 -0.346525 
1.01283 0.354577 -1.1334 -0.787149 -0.112783 0.435336 -0.812265 0.0847294 2.80706 -0.973126 -0.131907 0.893429 -0.350534 -0.293848 -0.0782414 0.846583 0.157115 0.655478 -0.851549 0.887855 0.770182 -0.330477 -0.915501 -2.13004 -0.137478 -1.28667 -0.339034 0.303552 0.965461 0.605064 0.28717 -0.917837 -1.15405 0.784904 0.286432 0.214806 -0.131334 0.651978 -0.614448 
0.947614 0.470994 -0.898659 -0.651428 0.137636 0.342554 -0.245835 -0.357498 2.59967 -2.10872 -1.02887 0.298273 -0.612559 -0.120229 0.393709 1.45244 0.646223 0.297526 -0.540374 -0.898142 -0.966979 -1.46968 -0.584301 -1.477 -0.23886 -0.596028 -0.556944 0.0421243 1.39278 0.448311 0.776892 -0.65204 -0.70284 0.915987 -1.9096 -0.125145 -1.73216 -0.0288324 -0.905824 
0.945594 0.531614 -0.589463 -0.542051 0.0239675 0.226734 -1.42495 -0.565021 1.6216 -1.39362 -0.872024 0.687996 -0.870794 -0.692682 0.145445 1.47838 0.499807 0.534603 -0.112205 -1.79002 0.50493 -2.28828 0.763703 0.0444946 0.106581 0.208744 -0.639178 0.457199 1.4573 0.242745 0.408853 -0.056144 -0.228985 -0.0247968 -3.12524 0.276741 -1.00184 -0.110403 0.0398872 
0.655127 0.544966 -0.344884 -0.462391 0.38256 0.297656 -1.45133 -0.0383047 0.755394 -1.57091 -1.01716 0.378009 -0.424615 -1.01216 0.325981 0.979989 -0.290819 0.331445 0.463035 0.60894 0.944623 -2.82437 0.926272 0.274524 0.103329 0.640731 -1.10263 0.753374 1.26866 0.328482 0.389958 0.406748 -1.82341 0.93694 -3.49507 1.52739 -0.272394 1.27067 0.807402 
0.527397 0.680535 -0.224724 -0.655735 0.176195 0.40177 -1.03592 0.0436191 -0.654113 -0.740243 -0.746648 0.765047 -0.302699 -1.26174 1.03982 0.639874 -0.0186472 0.0655609 0.723434 -0.561665 0.799078 -2.51543 1.11485 -0.364965 1.52946 0.747057 -1.3914 0.836018 0.813878 -0.189074 0.826731 0.600048 0.212702 0.985469 -2.3387 0.691986 0.487556 0.970941 0.869549 
0.138726 0.990235 -0.109149 -0.471863 0.41347 0.572251 -1.84037 0.474524 -1.27168 -0.783481 -1.20778 1.63236 0.237048 -1.45445 0.989201 0.380839 0.0128402 0.934619 0.435734 -0.326792 0.426314 -0.385743 -0.0741181 0.323899 1.14823 0.388844 -1.3775 0.893277 0.237103 -0.136249 -0.0619507 0.381227 0.654828 0.229103 -1.65937 -0.0583076 -1.23941 1.45655 0.617904 
-0.0648336 1.10479 -0.0872387 -0.653151 0.603637 0.566367 -1.26885 0.311061 -0.967244 -0.798045 -0.596875 1.70469 0.0437335 -1.18021 0.365368 -0.23964 -0.18185 -0.154374 -0.150169 1.41573 -0.471271 0.241512 -1.18453 -1.12478 0.345013 -0.0162043 -1.55026 0.568716 0.33084 -0.131836 0.582147 0.856574 0.842724 0.228538 0.13819 -0.444517 -1.21368 0.543708 -0.0166315 
-0.345598 1.15551 -0.207006 -0.543824 0.344029 0.512838 -0.915089 0.151094 -1.08001 -1.63067 -1.77385 1.90893 0.227036 -1.29394 -0.0942109 0.175511 -0.206863 -0.0414464 0.844626 1.42391 -0.0992873 0.589059 -0.470071 -1.78253 -0.444704 -0.411233 -1.20959 0.25507 0.035379 -0.770237 0.0242817 0.398322 1.51567 -0.632646 1.00378 0.726714 -0.521789 -1.22304 -0.981842 
-0.593907 1.07927 -0.0276325 -0.734689 0.585722 0.887298 -0.338133 0.232504 -0.495867 -1.13733 -1.48797 1.32933 -0.313906 -0.963922 0.0365797 0.303911 -0.948565 0.19703 0.748864 0.551887 -0.38939 1.15468 2.07935 0.50275 -1.90778 -1.15196 -1.06065 0.210267 -0.328294 -0.611595 0.13319 0.88936 1.75511 -0.31775 0.793582 0.132896 -0.716594 -1.02152 -0.175069 
-0.744814 1.18428 -0.0986984 -0.90935 0.434926 0.797155 -0.563981 -0.118434 -0.153426 -0.157578 -1.5357 0.325765 -0.78245 -0.58601 0.425729 -0.716922 -0.690859 0.250144 0.484505 0.853435 -0.32709 0.51746 0.63531 0.924953 -0.859564 0.200766 -0.951797 0.245855 0.543013 -0.390487 0.428961 0.714091 0.807552 -0.644603 0.906378 0.0500849 0.608782 -1.32585 0.361827 
-0.844421 1.2696 -0.306519 -1.00154 0.700854 1.07054 0.213405 0.00398696 -0.0821113 -0.690801 -1.04119 0.611491 -0.132982 -0.722963 0.350882 0.605803 0.375158 0.462597 0.319549 0.499735 -0.487762 0.107285 -2.01586 0.242254 0.213145 1.57883 -0.659389 0.278924 0.475634 -0.221841 0.108719 -1.04243 0.168409 -0.216536 0.329504 0.10369 1.12953 0.54314 1.32082 
-1.04922 1.34354 0.124114 -0.76804 0.646995 0.917331 -0.247538 -0.45272 -0.0697747 -1.59576 -1.42627 0.493471 0.61118 -0.582228 0.0137163 1.51442 0.364818 -0.078755 -2.02898 -0.628583 0.0403004 -0.0504915 -0.505955 0.44971 1.56236 1.3645 -0.464819 -0.899741 1.08045 -0.339077 1.33202 -0.799126 0.562567 0.389216 -0.56262 -1.4164 0.0489375 2.12603 0.658805 
-1.09345 1.28888 0.260925 -0.864191 0.665916 0.292796 -0.220114 0.0173195 -0.125436 -1.05559 -0.829247 1.893 1.07203 -0.100165 -1.76426 1.19899 -0.873158 1.57382 -1.5021 0.234985 1.03639 -0.869761 0.27758 -0.174187 2.5201 -0.799428 -0.000571588 -2.31417 2.23662 -1.50456 1.76032 -1.39679 0.174576 0.342137 -0.456286 0.381377 0.0661626 1.46063 0.984643 
-1.10856 0.624706 0.57192 -1.10469 1.36609 0.341029 -0.107068 0.216326 -0.772438 -1.40354 -1.52262 2.56561 -0.0880728 0.58254 -3.65053 2.21593 -2.57231 2.76816 -0.0426138 0.861412 0.443395 -0.565444 0.976484 -0.360814 0.31735 -0.198296 0.533881 -2.94919 2.37792 -2.71077 1.48184 -0.946615 -0.0977526 0.316722 -0.937379 0.880199 2.67155 0.460896 0.354579 
-0.884153 -0.213031 1.09445 -1.85143 1.92996 0.274505 0.336726 0.296005 -0.583189 -0.366526 -1.01782 2.14673 0.901777 1.04844 -2.87079 2.76668 -3.10359 0.691016 0.100155 -0.354428 -0.587741 -0.409174 0.805818 3.41339 -1.9228 1.21769 0.805271 -3.49257 1.9897 -2.24176 1.55387 0.693325 0.390954 -0.179982 -1.04287 0.28291 1.74511 -1.63522 -0.190742 
-0.71594 -0.553501 1.61434 -2.29535 1.68238 0.377324 -0.358364 -0.183775 -1.10443 -0.835795 0.153788 0.970058 0.987753 0.847103 -1.8387 1.10319 -0.7165 -0.393498 1.08014 -0.348683 -0.679772 -0.858874 -0.626934 2.4798 -2.40884 -0.030775 0.718112 -2.8627 1.85246 -0.981439 0.0517483 0.0996467 0.402147 -0.940152 -0.372591 0.0269721 2.75299 -3.49095 -0.119641 
-0.570759 -0.962769 1.50591 -2.1281 1.75141 0.685479 0.0892478 -0.164679 -1.27709 -0.817323 0.197269 0.149941 0.878943 0.226608 -1.6283 0.323855 1.66339 -0.606484 0.0542502 0.881635 -0.697013 -0.0914216 -0.77072 -0.0757188 -2.54913 -1.36236 0.367336 -2.41651 0.856685 0.612806 -1.20463 -0.239202 -0.279838 -0.557701 -0.689911 -1.13281 1.4544 -2.78891 -1.7979 
-0.646701 -1.21589 1.73021 -1.66079 1.40665 0.396067 0.211918 -0.655809 -1.18069 -1.38881 0.106095 -1.14254 -0.206887 -0.19423 -1.95901 0.328932 1.6147 -1.43744 -1.42978 -0.00629848 -0.0775305 -0.0790226 -0.762908 -0.712319 -1.16254 -2.10612 0.157844 -1.54138 0.70595 2.01668 -0.966387 0.035886 0.600085 -0.172189 -0.156394 0.35392 0.1681 -1.82759 -0.807274 
-0.667113 -1.76245 1.62371 -1.51219 1.09654 0.136827 0.069344 -0.228913 -1.34338 -1.36478 -0.164991 -0.818009 -0.970208 0.0546866 -0.793713 0.857225 1.29397 -0.861226 0.00530869 -0.098384 0.471384 -0.111231 1.20752 0.287871 0.210871 0.401421 -0.0677263 -1.14942 0.833782 2.00075 -0.964598 -0.437977 -0.0260229 -0.856473 -0.0793435 -0.365144 0.478105 0.613557 0.0380531 
-0.64511 -1.53181 2.04838 -1.16768 1.01469 0.396098 0.130807 -0.358698 -1.2729 -0.535501 0.238066 -0.976715 0.150614 0.0754293 0.153138 1.06505 1.3193 -0.0275473 0.784452 -0.0203586 -1.09182 -0.0174456 0.31624 1.29931 1.95567 2.14865 -0.090806 -1.02673 0.492588 1.52052 -0.366923 -0.0714617 -0.122453 0.69905 1.19649 0.455277 0.257563 -0.11752 0.374077 
-0.657361 -1.68529 2.02071 -1.00938 1.08497 0.434751 0.0400948 -0.960844 -1.36011 -1.14508 0.466772 0.788185 0.924862 -0.214424 -0.81929 -0.0314907 0.935643 0.307454 -0.105433 -0.0530108 0.504542 1.77301 -0.64619 0.0324556 -0.355533 0.0399912 -0.0913904 -0.210416 0.587745 1.3981 -0.321514 -0.267228 0.523881 0.1607 0.348924 -0.0815359 0.788663 0.65035 1.39614 
-0.74941 -1.85835 2.02948 -0.811768 1.15597 0.353789 0.0798547 -0.0397598 0.151305 -0.999987 0.243827 -1.27846 0.190054 -0.236203 -0.482921 -0.080832 0.730755 -0.456994 -1.17579 0.705035 1.32529 0.511177 -0.414459 -0.336808 -1.11535 -0.493965 -0.228458 -0.778624 -0.251264 0.629048 -0.232128 -0.810419 0.404185 1.38141 0.624046 -0.429183 -0.401712 1.58593 0.117981 
-0.770231 -1.87218 1.98309 -0.731911 0.877446 -0.0167897 0.492996 -0.101617 -0.951408 -1.44483 0.290065 -0.140803 0.494417 -0.189468 -0.403699 -0.381631 -0.0136203 -0.655718 -1.09392 0.582853 1.41245 -0.900126 0.120842 -0.509291 2.39597 0.0974155 -0.38382 -0.522948 -0.231788 0.601305 -0.381928 -0.650852 -0.00279982 1.52546 0.831168 0.462298 -1.07534 -0.806581 -1.03966 
-0.843891 -2.01235 1.87776 -0.819315 0.85778 -0.0664502 0.451544 0.876843 -0.575796 -0.919193 -0.0181101 0.691207 0.280028 -0.443256 -0.338154 -0.299852 0.150575 -0.119654 0.213797 -0.701652 0.790371 0.64714 0.984411 -0.954549 0.0867933 -0.742831 -0.222865 -0.723822 0.209941 0.277586 -0.922114 -0.191795 0.0940218 0.609047 -1.23127 -0.311401 -0.518473 2.99586 0.0320431 
-0.964573 -1.99897 1.86239 -0.67659 0.823847 0.0629537 0.0109088 0.40548 -0.433287 -0.750128 -0.19189 -0.0774027 -0.155031 -0.204503 -0.733144 0.736628 0.420127 -0.744494 0.814792 -0.454225 -0.560645 -0.783822 -0.501479 -0.108726 1.45305 -0.0620239 0.441723 -0.246908 -0.482428 -0.100054 -0.658569 0.526137 -0.0719078 1.35179 0.233702 1.20954 0.118025 0.80856 -0.937606 
-0.944287 -2.30312 2.1502 -0.660786 0.51908 0.243074 0.133915 0.494579 -1.2093 -1.28081 -0.0821126 1.88248 0.229695 1.22807 -0.0489925 -0.498262 -0.297983 -0.878759 0.575027 0.61564 1.08577 -0.312198 0.50362 1.10615 0.956473 -0.372824 0.32669 0.450064 -0.14551 1.06883 -1.03064 -0.537731 -1.52454 0.155273 -0.581705 0.782612 1.08213 0.197519 1.53947 
-0.501274 -2.00572 1.66644 -0.793017 0.423885 0.280808 0.404391 1.10704 -0.68723 -0.397218 0.344424 0.703936 -0.47887 0.785282 1.44162 -0.97362 1.14696 -0.821172 -1.60851 -1.51086 0.78663 -0.00495587 1.46498 1.42608 -1.1936 1.88684 1.45876 1.25447 -1.67311 1.8745 -1.37716 -2.27822 -1.43619 -0.634526 -0.0557206 1.73068 1.36397 1.16097 1.77173 
-0.655219 -1.69105 1.77395 -0.223963 0.145394 -0.373912 -0.886027 0.999213 -1.21597 -0.244467 0.612288 0.888894 1.89437 1.36067 2.02197 -2.28288 3.0468 -1.21521 -3.95779 -2.46643 -1.94903 0.248284 1.6247 0.551982 0.538842 2.47336 1.46335 1.8601 -3.1828 2.79733 0.255898 -2.92578 -1.78642 -1.73419 1.22413 2.1975 0.914035 -0.174867 0.179658 
0.014199 -1.15272 0.793602 0.371234 -0.12959 -1.23439 -1.2507 -0.189186 -0.490104 0.752668 0.606902 1.14051 1.70195 1.8116 1.48339 -4.32185 2.95544 1.21695 -2.73752 -0.792984 -3.16647 1.70481 1.2369 -0.311977 0.975375 -1.67622 0.901282 1.90833 -2.60459 2.60986 1.15126 -3.35589 -1.69566 -2.50233 0.296932 0.969942 -0.687414 0.794953 1.32579 
0.0376878 -1.06163 0.127737 0.905307 0.701657 -1.42256 -1.42882 -1.09844 0.153346 0.629732 0.447851 1.68584 0.423539 0.239272 0.978861 -2.04962 0.780629 2.97605 -1.02804 0.28 -1.49019 0.173797 -0.431043 -1.37427 0.48697 -0.902189 1.09972 2.09025 -2.70098 1.45247 2.03733 -1.87505 -0.934297 -2.93247 0.885287 1.52462 -0.566361 -0.373566 -2.21811 
0.0884212 -0.732754 0.00923414 0.667794 1.22931 -1.62944 -1.08031 -1.18336 -0.352924 0.441128 -0.0824543 1.53427 0.912261 0.140314 1.8034 -0.171162 -0.825646 1.89479 -0.0455127 -0.40858 -0.865956 -0.471911 0.638252 -0.363943 -1.44848 -0.959488 0.295143 1.63504 -1.25545 0.0833078 2.62176 -0.449988 -0.309009 -2.19352 -0.00273428 1.11899 -0.122525 -1.16106 -1.99386 
0.0729716 -0.299366 0.0558534 0.586845 1.56721 -1.44196 -1.71611 -1.68169 -0.229132 1.07835 0.257737 0.48184 -0.416568 0.285551 1.59236 -0.0359381 -0.659085 1.02669 0.364846 -0.672717 -1.52313 -0.164689 1.80782 1.23502 -1.97023 -1.46732 0.381947 1.42311 -0.472471 -0.788546 1.05692 -0.221108 -0.717105 -1.50127 -0.35461 1.04779 -0.278874 -2.4236 -1.13854 
0.180853 -0.0580997 -0.0113606 0.413106 1.69877 -1.49195 -1.54316 -2.19922 -0.488154 1.72119 0.517536 -0.100445 -0.374741 0.538474 0.434678 -0.61037 -0.331624 -0.277781 -0.277216 -0.512034 -1.19266 -0.00390424 0.651057 0.0356367 -1.65431 -0.394695 0.530953 0.834928 -0.491467 0.0205294 -0.458088 -0.190852 -1.26221 -1.04417 0.768984 0.77959 0.108156 -2.3283 -1.31671 
0.264925 -0.105321 -0.182619 0.457538 1.44146 -1.54994 -2.07216 -2.48 -0.234964 1.53607 0.265069 -0.892073 -0.759654 0.657532 -0.278895 -0.777231 0.688547 -1.71946 -0.642569 -0.953024 0.0949171 1.23731 -0.848035 -1.09534 -1.01031 -0.0983588 0.800249 0.0635466 -0.869255 0.877347 -1.65722 -0.504764 -0.223991 0.190849 1.05034 -0.0547427 0.497719 -1.13805 -0.5573 
0.419654 -0.160291 -0.313122 0.67441 0.915213 -1.73962 -2.19233 -2.14993 0.504928 1.11321 -0.0339912 -0.942725 -0.457049 0.882261 -0.333799 -0.831989 1.61785 -2.24317 -0.467461 0.229292 1.4677 1.46426 -0.716357 0.575074 0.200563 -0.26951 0.761722 -0.274065 -0.992819 1.67084 -2.73564 -0.394138 -0.037226 1.33779 1.27228 -1.90988 0.526531 -0.586802 -0.849292 
0.592153 -0.230305 -0.50515 1.07466 0.418944 -1.73067 -1.93548 -1.52702 0.940767 1.02171 0.538958 -0.734753 -0.992576 0.694867 -0.150941 -0.87092 1.76155 -2.44565 0.0624518 0.911875 1.76191 0.528913 -1.49655 1.74089 0.263679 -0.912462 0.812954 -0.296332 -0.370751 1.96523 -2.58497 0.0313923 1.02596 2.17789 1.21591 -1.58959 1.45944 0.115822 -0.695394 
0.673146 -0.209363 -0.650419 1.34655 -0.199685 -1.71774 -1.60195 -1.00328 0.927901 0.0442108 0.815972 -0.733302 -1.25577 0.561008 -0.131041 0.219868 1.26406 -1.69221 0.520335 1.10485 1.54774 0.224267 -1.2347 1.19851 -0.0459051 -0.558623 0.542775 -0.288873 0.198067 1.91865 -2.26849 0.64763 1.43503 1.66587 -0.43098 -1.07502 2.20469 -0.136565 -0.938941 
0.792973 -0.271115 -0.428719 1.55632 -0.352179 -1.53372 -1.21683 -0.521356 1.11856 0.138852 1.12091 -0.780897 -1.47992 0.269183 -0.302173 1.20614 1.05203 -1.00724 0.907097 0.95143 0.547391 -1.10998 0.177703 0.933802 -0.43277 -0.204779 0.290382 -0.543656 0.790299 1.62265 -1.50675 0.412821 1.17309 1.19287 -1.26926 -1.14185 0.992119 -0.499324 -0.23759 
0.759137 -0.321218 -0.199902 1.74703 -0.658272 -1.37293 -0.985275 -0.656133 0.0319165 0.165427 1.26712 -1.09881 -1.43173 -0.044628 -0.722586 1.10169 1.11536 -0.599325 0.0999269 0.419617 0.109241 -1.96056 -0.166258 0.0100077 -0.588515 0.273939 -0.125504 -0.900464 1.51934 1.52764 -0.882277 0.804008 1.03274 0.850343 -1.9402 -0.52829 0.165255 -0.389752 1.10787 
0.755485 -0.557503 -0.0178197 1.98104 -0.624641 -1.49752 -0.953635 -0.46264 -0.461964 0.0155478 1.11558 -1.27498 -1.2346 -0.490465 -1.11234 1.3296 1.18802 -0.332233 0.29507 0.39149 0.637188 -1.55096 -0.824816 -0.725089 -0.0610968 1.51725 -0.355042 -0.873142 1.5637 0.767765 -1.46192 -0.0968924 0.260254 -0.468862 -1.95514 0.148121 0.150178 -0.323099 1.3072 
0.546219 -0.769413 0.29744 2.19958 -0.808866 -1.26211 -0.740779 -0.249875 -1.21897 -0.426044 0.898551 -1.1575 -0.0922908 -0.583788 -0.648982 1.50794 0.0101308 -1.62387 -0.237881 -0.0759572 -0.744023 -0.72095 0.350202 0.180474 0.180147 1.27516 -0.487813 -0.897006 1.67867 0.513946 -1.38288 -0.12686 0.0458472 0.376615 -0.844635 0.431533 0.253918 0.86924 2.09909 
0.505846 -0.813335 0.547165 1.98259 -1.36458 -1.59046 -1.01984 -0.965621 -1.04487 0.259394 1.19448 -1.13451 -0.108206 -0.373447 -0.296738 1.47151 -0.434825 -1.77046 -0.477601 -0.325179 -0.105943 0.399838 1.35697 1.04101 1.1822 0.971874 -0.616762 -0.528893 1.30666 -0.128477 -1.4059 0.874781 0.434177 0.289545 -0.37367 0.967326 1.1195 1.56899 2.38464 
0.379346 -0.879012 0.848607 2.03076 -1.61569 -1.44671 -0.972634 -0.332813 -0.899874 0.533511 1.40267 -0.189816 0.767212 -0.508843 -0.181437 0.673606 -0.199228 -0.513918 1.54533 0.644596 1.15519 0.218868 0.840242 1.18206 1.83856 1.55295 -0.534452 -0.0621831 1.25478 -0.184933 -1.14986 0.320765 -0.303185 -0.197437 0.600233 1.66258 1.64894 1.29054 1.56032 
0.285697 -0.875068 0.795695 1.90397 -1.59807 -1.00163 -0.607111 -0.218369 -0.871413 0.851609 1.7683 0.375005 1.26265 -0.573189 0.199974 0.623635 0.16292 0.0230313 0.960928 -0.0600038 -0.154507 0.440224 0.687685 0.961701 0.47932 0.8777 -0.698799 0.00778182 0.781764 0.120152 -0.45257 0.595834 0.145898 0.551098 0.371653 0.718314 1.9525 1.58997 1.32164 
0.133878 -0.782403 1.07818 2.0908 -1.60419 -1.08131 -1.02823 -0.44772 -0.548277 1.01727 1.86761 0.197623 1.54384 -0.729298 0.194656 0.633739 0.374813 -0.17043 -0.652825 -0.448863 -0.383307 0.306186 0.0442588 1.1877 0.207061 0.013297 -0.574907 0.284614 0.274011 0.0876477 -0.170456 0.72756 -0.113084 -0.0962914 -0.00603456 0.124385 1.32114 0.680521 0.303103 
-0.0211982 -0.780666 1.0291 2.04515 -1.67484 -1.25323 -0.921175 -0.483893 -0.627688 0.87796 2.34491 0.537689 1.27859 -0.445202 0.248416 -0.161932 -0.03501 -0.277271 0.127521 -0.0792717 0.0335505 -0.435665 -0.532902 0.644648 0.399705 -0.520539 -0.674587 0.673408 0.637891 0.130037 -0.683727 -0.738597 -0.932461 -0.541238 -0.40282 -0.81771 0.719863 -0.19884 -0.604152 
-0.0612299 -0.665683 1.0098 2.07506 -1.7297 -1.03456 -1.09664 -0.438831 -0.901584 0.633322 2.17588 0.519338 1.09001 -0.465897 0.864907 0.433992 -0.184729 -0.866339 -0.439687 -0.750326 -0.351291 -0.848441 -1.04696 -0.308385 -0.456035 -0.733118 -0.535707 0.525256 0.166829 -0.540269 -0.206515 -0.130388 0.479608 -0.220569 0.331056 -0.290047 1.41818 0.519191 -0.492763 
-0.224449 -0.408012 1.18675 1.97209 -2.06913 -1.42333 -1.43561 -0.728341 -1.31319 0.128565 2.18225 0.152974 0.637695 -0.50366 0.578257 0.445128 -0.758093 -0.0319437 -0.3153 0.706679 -0.325902 0.904772 0.1785 1.07904 0.272374 -0.0670538 -0.526323 0.830577 0.471811 0.246186 0.0945695 -0.135188 -0.781613 -0.606595 -0.0804198 -0.241786 -0.310173 0.250341 -0.421333 
-0.27934 -0.412031 1.17167 1.78247 -1.74328 -1.1571 -0.642648 -0.666566 -0.176124 0.755105 2.6988 0.73594 1.03525 -0.466321 0.441721 0.35714 0.545178 1.01616 0.244768 -0.253732 -0.473443 0.75049 0.751856 -0.0577661 0.783247 0.230318 -0.555818 0.558497 0.568732 0.26652 0.0864642 0.161634 1.09817 -0.350126 0.113376 -0.571518 -0.85207 -0.440184 -0.0535145 
-0.427867 -0.211043 1.31525 2.1785 -1.60449 -1.33175 -1.61998 -1.0532 -0.711898 0.657946 2.14343 0.791311 0.844623 -0.480873 0.300669 0.507421 1.14837 0.169403 0.561914 0.720876 -0.145127 -0.735653 -0.878726 -2.10043 -0.830933 0.000881961 -0.342348 0.0948574 0.416922 0.804916 0.489761 1.0401 1.13712 0.474887 0.642547 1.0168 -0.264085 0.191047 0.0655719 
-0.488484 -0.273619 1.35717 2.21983 -1.66499 -0.944264 -0.179219 -0.775299 -0.770859 0.125309 1.65062 0.0417398 1.04028 -0.139579 -0.291622 0.342576 0.634804 -0.263833 1.3086 1.73167 1.14022 0.147886 0.499379 -0.252658 -0.532094 -0.155125 -0.757353 0.208312 0.389454 0.887399 0.394515 -0.0435149 0.317461 0.597386 -0.172298 0.0886343 -0.930864 0.376542 0.382546 
-0.502717 -0.318518 1.43822 2.41923 -1.72387 -0.833427 -0.484705 -0.315803 -0.595571 1.00784 2.0083 0.343809 0.712361 -0.861124 0.027777 0.146549 0.152597 0.437708 -0.620467 -0.303216 0.980846 0.511083 0.989584 0.983769 1.32003 0.450583 -0.638587 -0.356609 0.195656 0.361863 -0.220838 0.192416 0.799807 0.320727 0.0172465 0.52891 0.0303142 -0.502201 -0.141397 
-0.84725 -0.248496 1.40579 2.27593 -1.46428 -1.18349 -0.396476 -0.142814 -0.362235 0.82369 2.12646 1.1232 1.44104 -0.991762 -0.267971 -0.0113703 -0.104682 -0.0672186 -1.01619 -0.690064 -0.686049 -0.111243 0.152416 0.298207 -0.106017 -0.01537 -1.47664 0.193183 -0.204727 -1.01616 0.970919 -0.446004 0.475605 1.55404 0.371736 0.67452 0.466106 0.100066 -0.944493 
-0.912887 -0.416174 1.42694 2.37681 -1.75355 -1.22395 -0.95909 -0.78062 -0.687788 1.11108 2.14538 0.248041 0.703083 -1.75669 0.276886 -0.482164 -1.64372 1.04819 -0.0368019 0.925446 1.17423 0.0140863 -0.158889 -0.411283 -1.18558 -1.57441 -1.68771 0.753107 -0.580297 -1.19072 1.17893 -0.989832 -0.209048 0.370561 0.071137 -0.469107 -0.102455 1.28161 1.1491 
-1.55841 -0.119957 1.21594 1.64423 -0.985019 -1.19956 0.202926 0.616973 -0.353589 0.705624 1.91295 0.136231 0.0597935 -2.00042 1.45282 -0.949741 -1.64249 1.87025 -0.45004 0.426654 1.20895 0.222153 -0.726815 -0.413196 1.75609 1.37679 -1.39691 0.840683 -0.499805 -1.24397 0.439838 -0.47535 -0.91192 -0.746464 -0.182834 0.485044 -0.868976 -0.205016 -1.00162 
-1.71995 0.200549 1.05975 1.74559 -0.899198 -1.39801 -0.691222 0.00202093 -0.511692 0.589278 1.93093 1.68948 1.91892 -0.719697 1.04563 -0.344892 -0.181554 -0.371975 -0.664121 -2.09806 -2.19186 -0.253176 0.756787 -0.630545 0.928684 0.38277 -1.46769 1.26377 -0.559339 -1.56106 1.23129 -0.549986 -0.0865938 0.301692 0.48306 0.236354 -0.0580395 0.91305 0.370903 
-1.86152 0.327723 1.07816 1.57239 -1.15375 -1.45547 -1.20732 -0.839105 -0.560032 1.23851 1.5911 0.894629 0.400881 -0.601499 0.534782 0.0235347 -0.647889 0.0126038 -0.361906 -0.531663 -0.78103 0.456432 1.01917 0.351912 -0.578786 -0.939151 -0.571249 0.5148 -0.329263 -0.530836 -0.313399 -0.86876 -1.52959 -1.53338 -0.339984 0.531375 -0.711151 0.418002 0.89262 
-1.97656 0.436153 1.06171 1.49519 -0.892451 -1.53838 -1.06032 -0.52532 -0.14705 1.30869 2.09454 1.20343 1.09671 -0.292206 -0.235393 -0.198134 -0.597713 -0.100194 -0.622013 0.12645 0.0889716 -0.202483 -0.101965 -0.220449 -0.386404 0.674192 1.12287 -1.33533 -0.149916 -0.148788 -1.76835 -0.426293 1.06054 1.21927 -0.0538269 2.92733 -0.236686 -1.75654 -3.32715 
-1.99643 0.243591 0.99605 1.3412 -1.19847 -1.69529 -1.13899 -0.793733 -0.725677 1.16091 1.47189 0.567396 0.998422 2.59447 -2.6329 -0.267864 0.429 -2.70298 -0.266042 1.91055 2.47441 -0.517736 2.5794 -0.629206 -1.66833 -3.01308 1.36509 -1.24324 -0.468249 0.427544 -1.38919 -0.360736 1.62942 2.56191 0.5753 1.10495 0.85856 -1.21739 -1.27247 
-0.975601 -0.643293 0.95315 1.65712 -2.12477 -1.6421 0.19385 1.09036 -0.566408 3.13727 1.77335 -0.182056 -1.55057 2.7148 -1.71796 -0.576366 1.22417 -2.01212 0.0915829 1.98831 3.45609 1.00818 1.4615 1.26747 -1.16912 -2.18736 2.43344 -1.41167 -0.884498 0.460275 -1.99395 -0.35771 1.23246 2.3848 -0.260006 0.613252 -0.72003 -1.38114 -1.69971 
-0.948125 -0.456024 0.770476 1.80758 -2.11555 -1.66227 0.166872 1.46818 0.0830075 2.19478 2.08792 -0.405982 -0.922219 1.72307 0.414774 -1.19988 0.24547 -0.331347 -0.259887 -0.309284 0.826399 0.172295 -1.82398 -0.232523 -0.0972415 0.992743 3.02375 -1.00198 -1.00917 -0.465106 -1.11842 0.542368 2.69078 3.59234 1.17183 0.276021 -0.19825 -0.343514 -0.726951 
-0.317529 -0.457511 0.491081 1.74877 -2.27496 -1.74346 -0.0274399 1.62118 -0.430437 1.83549 1.64818 -0.27058 -0.672701 2.64978 0.143866 -1.09902 -1.90703 0.312612 0.721385 1.49938 1.51007 0.6196 -1.12041 -1.49829 0.734562 1.32177 2.6223 -0.59374 -1.70518 -1.68621 -0.78463 1.00434 0.756219 1.19756 0.724739 -1.98917 -0.82588 0.861638 1.99097 
0.0745954 -0.382708 0.346661 1.07507 -1.97192 -1.38846 1.14775 2.44905 0.578964 1.39317 1.33728 0.192164 0.245191 2.92945 -1.34713 -1.63467 -2.7194 -0.859257 1.76006 1.2945 0.837045 0.839351 -0.618022 -0.757195 1.20859 1.36805 2.98257 -0.964569 -2.01564 -2.18437 0.184589 1.50507 0.988948 0.45912 -0.0789433 -1.29997 -1.72253 0.324971 1.19744 
0.815236 -1.00318 -0.135901 0.705212 -2.66602 -1.07253 0.817265 2.159 0.242372 1.39103 1.26374 0.718889 0.535435 2.64176 -1.65916 -2.2526 -1.2976 -0.025553 1.52363 -0.213107 -0.865037 -0.715517 -0.474815 -0.575608 -0.311619 0.0970438 2.32759 -1.01918 -1.60445 -1.99807 0.936629 2.20496 0.868486 -0.287416 0.0774655 -1.25654 -1.74822 -0.714024 0.340116 
1.09416 -1.05791 -0.514695 0.575904 -1.98258 -0.807919 0.990386 1.86641 0.000434952 1.05051 1.04257 -0.0733318 0.334838 1.20034 -0.254002 -1.03213 -0.211965 2.29287 1.52607 -0.164059 -1.22159 -0.719719 -0.923839 -1.34777 -2.11842 -0.966948 1.84426 -0.863877 -1.27683 -0.699056 0.36545 1.30898 -0.815728 -1.90982 -0.963012 -1.17554 -1.67411 -1.50695 -0.854771 
1.26762 -1.09503 -0.534344 0.62172 -1.61884 -0.491058 0.692502 1.34164 -0.339539 0.729163 0.587485 -1.03816 -0.311237 0.630752 0.302151 0.131447 0.271597 0.588352 0.429702 -0.835082 -1.75702 -0.598743 -0.967529 -1.43974 -1.61533 -1.11437 0.719816 0.356343 0.0490379 0.179876 1.24952 0.669855 0.128619 -1.82599 0.221443 -1.0209 -1.3714 -1.65371 -0.583375 
1.32242 -0.918882 -0.471803 0.677563 -1.71313 -0.645628 0.419612 0.696581 -0.484116 0.357584 0.320865 -1.41507 -0.641565 0.0777336 0.815148 1.11915 0.475154 -0.382222 -0.523457 0.337441 -1.28485 1.03777 -0.328507 -0.301563 0.00321856 0.271791 0.149639 0.66647 0.83065 0.480966 -0.127299 -0.218525 -0.0335156 -1.82353 -0.00938181 -0.808238 -1.46496 -1.04779 -0.336582 
1.27828 -0.743037 -0.116822 0.801318 -1.79224 -0.693191 0.901072 0.48264 0.492953 0.490516 0.428194 -1.04375 -0.0678113 -0.36401 0.746505 1.25732 0.433223 -0.776794 -0.748588 0.798733 -0.746025 0.59869 -0.0235373 -0.322717 0.277374 0.712174 -0.198969 0.828972 1.02714 0.790209 -0.284744 -0.795372 0.261215 -1.5198 0.301589 0.321003 0.246036 -0.0109095 0.253729 
1.15926 -0.595382 -0.00187609 0.841106 -2.06657 -0.933837 0.934791 0.192283 -0.00498789 0.335739 0.151121 -1.19434 -0.0106001 -0.42932 0.488957 0.596851 0.683256 -0.0462599 -0.653509 0.00746183 -0.799321 -0.609268 0.72486 0.607953 -0.0111253 0.0267587 -0.510527 0.481443 1.17515 0.824419 -0.430283 -0.755483 0.477954 -0.749051 0.652606 0.871619 0.716249 0.498938 0.483036 
1.08942 -0.526458 0.102595 1.0606 -1.81235 -0.945048 0.890315 -0.0567421 -6.84953e-05 1.00071 0.718329 -1.06118 -0.0400155 -0.54019 0.011295 0.705195 0.775365 0.126424 -0.369042 -0.173465 -0.275175 0.313548 1.09639 1.19767 0.368726 -0.141419 -0.637989 -0.336144 0.413218 0.201328 -0.489854 -1.24873 -0.0839192 -0.258605 0.159291 -0.0146024 0.511941 0.919029 0.624234 
0.926777 -0.577102 0.258635 1.13565 -2.00789 -1.07693 0.803776 -0.00205886 0.244662 1.11005 0.732655 -0.8982 -0.130802 -0.700961 -1.01638 0.0966963 -0.388603 -0.694932 -1.19785 -0.109011 0.454513 0.841665 -0.740842 0.0199553 1.1961 0.711609 -0.266213 -0.291413 0.723123 0.360135 0.39302 -0.633129 0.126775 0.515737 0.467299 -0.00733984 0.583649 0.937011 0.892229 
0.793678 -0.934813 0.132307 0.909472 -2.12844 -1.40502 0.80214 0.229263 0.674603 0.468931 0.717913 -0.082029 0.590452 0.0693315 -0.468402 0.504486 -0.247778 0.478408 -0.566582 0.344461 0.998287 0.343317 -1.10345 -0.483051 0.839311 1.19792 -0.220576 -0.394489 0.583917 -0.210037 -0.330338 -1.05886 -0.0838521 0.57286 -0.247937 -1.24943 -0.29037 0.719811 0.851411 
0.93413 -0.757966 0.443019 1.03845 -1.78861 -1.29555 1.01701 0.641907 0.518269 0.320497 0.483684 -0.213581 0.927621 0.311049 0.397239 0.881142 0.0798754 0.196938 -0.371071 0.00754861 0.34738 -1.17047 -0.792281 -0.362162 -0.266672 0.296436 -0.239057 -0.19523 0.655669 0.170408 0.106297 -0.125825 0.374821 0.431153 -0.968301 -1.03793 0.68349 0.524808 1.1634 
0.896143 -0.75631 0.459554 0.937722 -2.03758 -1.5489 0.79144 0.444743 -0.270069 -0.0994118 0.528678 -0.310421 0.855565 -0.492023 0.162492 0.592852 0.497078 -0.310712 0.38559 0.147399 -0.391827 -1.66487 -0.16982 1.31839 -0.160027 0.180478 -0.364426 0.493443 0.990323 0.465606 0.330539 0.103307 -0.070637 -0.149333 -1.33138 -0.493145 0.473702 -0.575457 0.263524 
0.720599 -0.676918 0.66092 1.22644 -1.92938 -1.15013 1.09927 0.370775 -0.824285 0.194661 1.12487 -0.353935 1.09069 -0.956108 0.379424 0.773549 0.602414 0.312635 0.530921 -0.0919168 -0.541488 -0.651441 0.188348 0.943833 -0.465408 0.0137414 -1.00156 0.496503 0.965166 0.35312 0.265608 0.177396 -0.842166 -0.437704 -1.4927 -0.0403139 1.15401 -0.0614632 0.0375756 
0.500002 -0.585203 0.745991 1.16605 -1.89394 -1.34791 0.714628 0.0750899 -0.797031 0.0293723 0.984784 -0.702872 0.871906 -1.28313 0.618981 1.01994 0.0202195 0.721292 -0.115531 -1.22979 -0.199984 -0.379357 0.122248 0.0858727 0.0872729 -0.138519 -1.11142 0.800175 1.03401 0.865345 0.940723 0.276435 -0.247602 -0.0257704 -0.0680365 0.325305 0.71971 -1.01128 -0.403027 
0.195778 -0.406359 1.04081 1.23185 -1.59928 -1.1963 0.266143 0.22593 -1.13228 0.276455 1.15703 -0.290139 0.973041 -1.0139 0.879413 0.953894 0.666203 1.12722 -0.113538 -0.221367 0.517789 0.570555 0.213291 -0.0647011 -0.825717 -0.494811 -1.49516 1.20113 0.597995 0.367737 1.12381 -0.491878 -0.464786 0.108166 -0.561748 0.127137 -0.39071 -0.791023 -0.356564 
0.0811205 -0.206527 1.10083 1.41879 -1.37862 -1.39331 0.551774 0.402749 -0.340545 0.175889 0.942536 -1.39277 0.440717 -1.36752 1.27015 -0.018657 0.518518 0.997704 -0.609978 0.635564 0.361002 -0.381918 0.0359154 -0.549405 -1.09587 -0.287396 -1.58458 1.42627 0.487837 0.380424 0.40981 -0.528147 0.0446338 0.549321 0.419768 1.04113 0.103461 0.341925 -0.0719304 
-0.362247 0.134528 1.02677 1.42805 -1.14305 -1.43151 0.672868 0.450378 -1.44233 0.296875 0.875269 -1.20305 0.724379 -1.79536 1.36362 -0.136072 -0.108856 -0.496791 -0.665922 0.286109 0.251641 0.0208071 1.06783 0.198695 1.27041 0.406778 -1.59835 0.910368 -0.467352 0.351614 -0.168545 -0.669622 1.20661 0.317625 1.0655 1.65492 0.947494 -0.754435 0.104675 
-0.645255 0.373166 1.04226 1.37478 -1.60429 -1.64992 0.726225 0.555205 -0.32649 0.929895 1.03044 -0.352269 0.802932 -1.46616 0.161911 -0.75435 -0.00342916 -1.24903 -0.379931 0.932264 0.0888885 1.86316 1.99933 1.70396 0.134206 0.409007 -1.63451 0.745786 -0.108365 0.058745 -0.147376 0.224888 0.922996 0.670233 0.50064 1.28589 0.746688 1.10698 0.379007 
-0.959086 0.215336 0.733689 1.4244 -1.71196 -1.57877 1.2768 0.495695 0.0544316 1.71308 1.70698 -1.10051 1.08856 -1.10246 -0.190281 -0.0390557 0.194372 0.277739 1.00663 0.914847 0.684543 0.682005 0.514009 0.713058 0.155652 0.0404864 -1.36458 0.168361 -0.348433 0.110243 -0.130814 0.486778 0.459196 -0.454557 1.11023 0.86299 0.582174 0.873586 0.654841 
-1.09898 0.307762 1.02048 1.44687 -1.47657 -1.26705 1.31858 0.992636 0.21969 1.29019 1.37251 -0.232024 0.842808 -0.952875 0.103733 0.179399 0.164481 1.05523 1.11021 -0.331261 -0.703942 -0.320272 -0.937073 -0.991132 0.992473 0.365693 -1.01636 -0.090613 -0.214643 0.0167965 0.150617 0.391808 0.698375 0.0149837 0.215246 0.590243 0.193 -0.436694 -0.268635 
-1.35396 0.271991 0.79477 1.48505 -1.22948 -1.1563 1.0409 0.0191005 -0.206009 1.04181 1.20695 -0.289451 1.41462 -0.698944 0.0488253 -0.313073 -0.170385 -0.0424731 -0.417622 -0.00445131 -0.652036 -0.372497 0.213141 -0.470796 -0.709733 -0.362023 -0.740515 0.106785 0.352921 0.0239687 0.14198 -0.563944 -0.290165 0.0435693 -0.310982 0.414642 -0.803292 0.376128 -0.417699 
-1.39393 0.341623 0.89477 1.3793 -1.49495 -1.42872 1.29991 0.55021 -0.0827812 1.4366 1.1296 -0.826172 0.528474 -0.359256 0.065115 0.413726 -0.129974 -0.833129 -1.94292 -0.0370799 0.775872 -0.0954202 1.44847 0.0287257 -0.503908 -0.86418 0.402738 -1.30013 0.437228 -1.57 1.56999 -0.478823 -1.07883 -1.01209 -0.996254 0.451176 -0.394077 0.240393 0.0218154 
-1.51524 0.312614 0.944729 1.43295 -1.60863 -1.90114 1.00054 0.516653 -0.285492 2.06641 1.21087 -0.713686 0.65838 1.41461 -2.09161 1.04661 -2.1331 2.44171 -0.288467 -1.38407 -0.731925 -0.987575 0.343147 0.00319304 1.02418 0.385273 1.06167 -2.43247 1.09043 -3.26586 1.02135 -1.33225 -1.01013 0.393134 -0.971005 0.831661 0.764432 1.01939 -0.634089 
-0.857236 -0.513111 1.28478 0.560231 -0.37986 -1.54101 0.364233 0.0551943 -0.880259 1.67543 1.1209 0.0110639 0.871765 2.24368 -3.8879 1.40768 -4.66096 2.39591 -0.0326712 -1.26258 -0.221845 -1.22986 -0.424711 0.904482 1.81762 0.108822 1.28835 -2.93716 1.47052 -3.14582 1.48305 -0.281884 -0.996625 0.861652 -0.747089 -0.0422212 1.27302 1.28753 0.172941 
-0.65232 -1.28784 1.47169 -0.354006 -0.514429 -1.91563 0.145617 0.357418 -1.27795 1.75937 1.64753 0.778548 0.758392 0.871866 -2.52454 1.40784 -2.48176 -0.175029 -0.124668 0.101883 1.9321 -0.0291202 -0.393062 1.54497 0.633482 -0.182625 1.43417 -3.06829 1.44901 -2.02178 2.2901 0.378816 -0.847203 1.27006 -0.658104 -2.82596 -0.570124 0.888252 -0.509659 
-0.534098 -1.54757 1.81179 -0.392336 -0.458725 -1.59067 0.416234 1.31388 -0.906385 1.39089 1.87405 0.525767 0.715301 0.30144 -0.934387 1.01094 1.69482 1.1012 0.602351 0.17368 1.98528 0.335793 -3.04539 -1.58495 -0.672131 -0.716471 0.489291 -1.46969 0.0453655 -0.259666 0.518742 -0.251634 -1.08836 0.862145 -0.483154 -3.15741 -0.619212 0.557637 -0.560052 
-0.553636 -1.66216 1.84817 0.292587 -0.0109792 -1.68733 0.24534 1.65111 -1.0104 -0.410698 0.854068 0.215442 0.132141 -0.00268018 0.215207 -1.32693 2.10024 0.971536 -0.24347 -1.50274 -0.731245 -0.623844 -3.48427 -2.2848 0.0879136 -0.484845 -0.121624 -0.485044 -0.453962 1.62735 0.621898 1.00666 -1.11056 1.72613 1.60607 -1.8787 -1.87188 0.950471 1.2896 
-0.55508 -1.44464 1.30154 0.409486 -0.0144388 -1.68575 -0.598316 0.819313 -1.41114 -1.09118 0.734769 0.590093 0.292883 -0.51584 0.172898 -1.76165 0.69148 -0.147424 0.901263 -1.60325 0.407127 1.89043 0.739124 -0.669542 1.89743 2.24468 -0.142283 -0.121856 -0.913874 2.4441 0.603299 -0.134404 -1.71957 1.19594 1.71824 -1.94854 -1.43115 1.12631 0.938745 
-0.776538 -1.57679 1.17302 0.555014 -0.077249 -1.34474 -0.836019 1.90592 0.508298 0.109632 0.512946 1.77356 2.11172 -0.248362 -0.405775 -0.189735 1.48405 -0.0461138 0.0497166 -0.714621 2.39246 3.00465 1.09219 0.563217 1.36295 1.59656 0.154183 -0.585743 -1.53481 1.30862 -0.128295 0.799343 -1.69447 -0.268927 1.39857 -0.118572 0.648387 1.50161 1.53431 
-0.672734 -1.5995 1.22261 0.975379 -0.0344831 -1.66874 -1.08902 2.38105 1.00428 -0.319855 1.0028 1.70698 1.70211 0.790641 -1.09268 -0.789171 1.22732 -0.0425382 0.293965 -0.581637 -0.766171 0.0498399 -0.882847 1.46243 0.0348359 -0.425978 0.115332 -0.85886 -0.600654 1.13459 0.150857 1.11523 0.0968972 0.586073 2.29118 1.36262 -0.136868 0.638585 -0.113057 
-0.485361 -2.01682 0.866734 1.02261 -0.0956619 -1.23435 -1.23834 1.38836 0.545719 -0.523094 1.22531 1.79407 1.7411 0.454253 -0.943344 -0.80528 0.179485 0.281745 1.61541 0.846968 -1.57234 0.165733 0.583925 -0.719817 -0.537717 -1.73342 0.0543561 -0.872416 -0.379873 1.00381 0.983662 1.2284 1.38877 -0.604965 -0.542228 0.384809 0.0500857 -0.417695 -2.03185 
-0.51392 -1.97754 0.910206 1.04177 0.0950674 -1.05312 -0.541783 1.33279 1.13497 0.0901447 0.636834 1.25484 0.180947 -0.692903 -0.277743 0.161857 0.244394 1.54786 1.5395 2.3851 -0.0563146 -0.784214 1.35759 -1.39298 -0.564546 -1.98863 -0.271911 -0.431586 -0.554046 -0.162223 0.200453 1.19587 0.171191 -1.47426 -0.350147 0.829747 0.0716862 0.73865 -0.378214 
-0.777936 -2.11853 0.921161 1.11385 0.611588 -0.647747 0.331261 1.33809 -0.0880967 0.436905 0.526712 1.31978 -0.00465692 -0.935218 0.265889 -0.112111 -0.418079 0.0295 0.169672 -0.618517 -0.449018 -0.635398 0.437486 0.815391 1.49131 1.2818 -0.522994 -0.221449 -0.219215 -0.637629 0.37218 0.997531 0.632286 -1.09768 -1.1593 1.11797 -0.164797 0.997 -0.539601 
-0.901842 -1.85357 0.86072 0.879359 0.109524 -0.990244 -0.968612 1.02401 0.620916 0.396041 1.02947 2.47769 1.31319 -0.233409 -0.069383 -0.521601 -1.1803 -0.974801 -0.0494561 -1.5602 -1.4457 -0.800548 0.0179397 1.20261 1.84953 1.34544 -0.373505 0.154857 -0.430148 -0.661559 0.787593 1.23832 0.48701 -0.983291 -1.73767 0.0884123 1.24976 0.868795 -0.652412 
-0.889706 -2.13375 0.716358 0.659594 0.167805 -0.668654 -0.721477 0.373207 -0.735058 0.444547 1.11069 2.83836 1.18358 0.274054 -0.0214724 -0.598933 -0.552928 1.17689 1.67855 1.2555 -0.89523 -1.74643 -0.326901 0.704653 -0.370774 -2.05891 0.152243 -0.249934 -0.778682 -0.484105 0.34166 -0.29134 -2.43517 -2.0766 -1.12978 -0.418958 1.82646 0.0138149 -0.087185 
-0.813933 -1.84889 0.626585 0.665317 0.647511 -0.350474 -0.149833 0.421495 -0.787279 0.158536 1.36739 2.16336 -0.494417 0.50477 -0.322521 -0.769912 0.469578 1.50133 -0.377744 -1.58284 -1.40637 -0.743535 -0.530726 1.01475 -1.82573 -1.45158 0.498046 -0.662607 -0.823035 0.101692 0.838235 0.472682 -0.232643 -0.446672 -0.683886 -0.000213269 0.701364 -1.48 -1.17687 
-0.711015 -2.25405 0.417373 0.837057 0.853824 -0.815077 -1.78926 -0.565793 -1.33614 0.0621433 1.60184 1.32294 -0.089566 0.61066 -1.01914 -0.766448 0.701438 0.106709 -0.969246 -1.54943 0.291051 0.816835 0.328598 0.152296 -1.5216 0.65923 0.713674 -0.0269573 -1.12248 -0.343564 0.805662 0.72257 0.835535 0.197726 0.951912 -0.278876 -0.577365 -2.30546 -1.16245 
-0.593576 -2.25839 0.328914 0.931556 0.697196 -0.723048 -1.19542 0.599894 -0.13259 0.387023 1.43237 0.899004 0.0899565 0.762406 0.281131 -1.09419 -0.974159 -0.267385 1.45877 2.67066 1.69091 2.06825 0.190049 -1.70397 -1.12552 0.0690182 0.795848 2.1346 -1.57468 -2.74394 -0.53431 0.921597 1.44186 1.01412 0.98398 0.901368 -1.48033 -1.84924 0.596465 
-0.430948 -2.12375 -0.00460809 0.461731 0.732818 -0.259339 -0.0298668 0.534119 0.325677 0.192137 0.749563 0.38555 -0.0245816 0.802269 4.37566 -1.85076 -4.72683 -0.915677 2.34633 3.42157 1.1194 0.552074 0.780809 -1.93334 -0.844426 0.0461739 2.24437 3.87521 -2.71902 -4.05165 -1.55497 1.95706 4.18949 1.10992 1.55005 1.86788 -2.58754 -2.06774 0.637574 
-0.297823 -0.428262 -0.38003 -0.880619 0.28039 0.172035 1.06309 1.32359 0.309022 0.936987 0.466757 0.193666 0.134838 3.21978 5.81157 -3.42888 -4.96935 -2.09768 1.4586 2.75571 -0.148339 0.0807693 2.10685 -1.41586 -1.52079 0.685185 2.34436 3.23187 -3.13358 -4.0267 -1.19014 2.21952 2.64886 -0.308536 0.638079 0.928442 -2.58138 -1.64235 0.23135 
0.816058 0.302495 -1.31212 -1.4433 -0.223309 0.296335 1.78607 0.423272 0.387989 1.68478 0.0396549 -0.878138 0.582633 3.35727 0.705742 -3.36273 -1.18009 -0.893161 0.961457 0.0118934 -1.53307 0.340145 0.361863 -1.17904 -1.25622 0.225811 2.18249 2.88534 -2.79333 -2.81032 -0.842155 1.94419 1.39822 -0.00993561 0.00994501 1.7249 -1.46987 -0.871131 1.07121 
1.00328 -0.121685 -1.66245 -1.33479 -0.126143 0.537634 1.05528 0.301185 0.580077 1.18912 -0.126128 -0.851614 0.3378 0.652651 -1.27492 -1.21796 0.846593 0.819371 1.43963 -0.940024 0.146479 -0.0541882 0.0143725 -0.352539 0.409434 0.583778 1.70778 0.202705 -2.58806 -0.784659 0.256199 0.809177 -0.0898901 -1.81489 -0.17161 0.783744 -1.23279 -1.12476 1.09577 
1.05294 -0.213191 -1.78104 -1.12148 0.151548 0.844755 1.14554 0.506501 0.341689 1.68988 -0.144825 -0.548392 1.10061 -0.326839 -0.38611 -0.942225 0.0285245 1.2894 0.248399 -0.121167 -0.958065 -0.563767 0.603028 -0.302698 -0.180475 1.07231 -0.0766215 -0.98491 -0.785974 -0.171787 1.85201 0.517467 -0.450689 -0.366724 -0.312692 -0.203389 -1.76711 -0.439018 -0.385511 
0.85475 -0.268386 -2.0268 -1.32621 0.463176 0.630607 0.959027 -0.342697 0.123675 1.6127 -0.285979 -1.00885 1.28568 -0.787229 -0.272348 -0.0857011 -1.09922 2.00982 -0.663702 0.364036 -0.640399 -0.363859 -0.262304 -1.77527 -0.966496 -1.04405 -0.480156 -0.2322 -0.100911 -0.391508 1.03103 -0.277213 0.107352 -0.288441 -0.841581 0.561594 -0.855668 0.201652 -0.165403 
0.723248 -0.312665 -1.82051 -1.54469 1.06958 0.589001 1.37179 0.0717359 0.0461693 1.4983 -1.03233 -1.3545 0.186082 -0.523491 0.0220832 0.779511 -0.603428 0.288146 -0.654587 0.267038 0.572109 -0.583149 0.0889219 -0.723038 0.445231 -1.2713 -0.622346 -0.0199866 0.379344 -0.873496 0.841668 -0.715835 -0.343935 -0.263828 0.378627 0.179741 -0.774406 1.39229 -0.287998 
0.628836 -0.245628 -1.7381 -1.55958 0.595646 0.378338 1.1208 0.0207196 -0.348326 1.6708 -0.653536 -0.64955 0.171182 -0.315306 0.241915 0.722832 -0.182656 -0.720988 -0.39495 -0.801932 0.288387 0.898525 0.485098 0.847788 2.75854 0.699533 -0.276086 0.250949 0.947902 -0.555988 0.635485 -0.898898 -0.405508 0.190521 0.167126 0.654118 -0.658656 1.9958 -0.692283 
0.579253 -0.198644 -1.55331 -1.61696 0.741609 0.436 0.823047 0.248382 0.766601 1.83805 -0.62368 0.914474 0.805923 0.0351215 0.373386 0.804531 -0.212732 0.686347 -0.676378 -0.784583 -0.297512 0.826342 0.716707 -0.0644813 2.12097 0.44686 -0.154674 0.46678 0.653302 -0.263058 -0.660663 -0.698362 -1.22324 -0.558164 1.05098 0.763661 0.663449 2.78132 1.107 
0.622729 -0.0770269 -1.43991 -1.64337 0.909808 0.117738 0.583594 -0.188327 0.314014 2.1752 -0.695676 1.0931 0.56867 0.0422852 0.492834 0.370564 -0.203842 -0.280618 -0.637711 -0.773395 -1.04633 0.562712 0.455117 -0.0366839 0.815287 0.611916 0.0131004 0.0467848 0.246334 -0.0414642 -0.131169 -0.751513 -1.31355 -0.702548 1.22545 0.604422 1.17853 1.61311 1.8372 
0.575964 0.0195452 -1.41972 -1.69734 0.614566 0.190183 0.293274 -0.453603 1.21678 2.15648 -0.652084 1.57926 1.34866 -0.0105591 -0.298856 -0.388922 0.151263 -0.880689 -0.435347 -0.907574 -0.659554 0.87534 0.0278634 1.49839 -0.0456652 1.73139 0.0216299 -0.0401823 -0.192339 -0.0977324 -0.20372 -0.983052 -0.61747 -0.367846 0.486872 1.10098 1.03061 0.58009 1.24271 
0.598646 -0.187505 -1.59439 -1.58778 0.508965 -0.0507086 -0.0353635 -0.635702 1.01579 2.18989 0.0344593 1.04716 2.09655 -0.00259396 -0.555014 -0.685547 0.0598402 -0.0243362 -0.818436 -0.0183345 0.550861 0.121127 0.89954 1.29174 -0.0650904 0.860635 0.123288 -0.30842 -0.542299 0.127991 -0.382236 -0.209509 0.299572 0.0678751 0.776449 -0.31892 -0.161171 -0.376857 0.535714 
0.555015 -0.197276 -1.68671 -1.67676 0.604458 -0.124731 0.26537 -0.104173 1.31157 2.79084 -0.0240636 1.51728 2.11027 0.230563 -0.184985 -0.508906 0.0358209 0.303572 0.129871 1.30209 0.765005 0.207567 -0.41774 -1.68438 -0.43166 -1.0981 0.385317 -0.558681 -0.739209 0.733484 -0.151502 -0.479059 0.131494 0.462388 0.262662 -0.209023 0.879743 -0.0583867 0.195014 
0.669441 -0.25071 -1.79437 -1.5764 0.648474 -0.00305281 0.814386 -0.145303 1.18014 1.88781 -0.808132 0.682565 1.13446 0.687361 -0.322231 -0.540226 1.01537 -0.201007 0.111996 0.195435 0.0986769 0.253726 -1.15439 -0.219106 -0.00371761 -0.631785 0.467863 -0.120906 -0.344634 1.03701 -0.143937 0.0367718 0.034152 0.163542 -0.851239 -1.57132 -0.315651 -0.317656 -1.02209 
0.805553 -0.317458 -1.89858 -1.29033 0.513739 -0.0839094 0.379553 -0.052412 1.51307 1.96508 -0.142609 1.50596 1.55855 0.600616 -0.00409066 -0.0597178 1.48459 -0.517381 -0.0689947 -1.25091 -0.527617 -1.36779 -1.51088 1.3116 0.0302745 -0.117844 0.722824 -0.0784649 0.132974 1.60474 -0.713663 0.399764 -0.740941 -0.237441 -1.40664 -2.46066 -0.784081 -0.456849 -1.79894 
0.885846 -0.238818 -1.82399 -1.0103 0.413401 -0.0314302 -0.0327785 -0.505825 0.076672 0.808622 -0.170297 0.699309 1.03501 0.596045 0.199872 0.767038 1.33777 -0.881401 0.488845 -1.14688 -0.414298 -2.17935 -1.86689 -0.720071 -0.576218 -1.50634 0.537923 -0.275831 0.790822 1.66648 -0.521315 0.18207 -0.86799 0.390184 -1.15304 -1.55633 0.555474 0.536451 -0.83065 
1.02016 -0.220891 -1.61461 -0.780442 0.112572 0.100994 -0.398466 -0.338337 -0.243534 0.632797 -0.5087 1.02203 0.237205 0.354829 -0.428522 1.38215 0.959107 -0.271775 0.346008 0.135119 1.07758 -0.208344 -0.399321 -0.631058 0.663945 -0.870847 0.2067 -0.220214 0.927224 1.16115 -0.981273 0.130984 -0.292939 1.01762 -1.96466 -2.03186 -0.84374 0.979471 -1.32661 
1.00554 -0.403126 -1.30671 -0.645406 0.290393 0.098862 0.0413142 0.190336 -0.0936903 0.519634 -0.492403 1.23916 0.272904 -0.228093 -0.545057 0.782566 0.364723 -0.609004 -0.287825 0.774953 1.82958 -0.515294 -0.627556 -0.291243 1.83872 -0.0710926 -0.111153 0.109549 1.09621 1.02892 -0.531216 -0.463385 0.768292 1.91524 -0.155255 -0.731727 -1.18057 1.28445 -0.0976404 
0.910481 -0.433579 -1.32475 -0.643127 -0.164307 -0.0110494 0.100907 0.85286 -0.660926 0.181557 -0.662891 2.53168 0.178891 -0.550655 0.601715 0.448889 0.549438 -0.532477 -1.02913 0.865718 1.57564 0.00726038 -0.497742 -0.787528 0.989764 0.752294 -0.843456 0.381337 0.597435 0.666574 -0.347445 -0.384169 1.14714 1.86744 -0.331424 -0.651514 -0.692897 0.207771 -0.0921335 
0.768936 -0.139736 -1.14342 -0.437365 0.0484317 -0.296609 0.601017 1.21437 -0.0905372 0.160679 -0.891827 2.04798 0.939175 -1.26663 1.14549 0.217787 0.612342 0.0849282 -0.277462 0.71595 0.757716 0.0714316 -0.170955 -0.537679 -1.56612 -0.040923 -0.692336 0.0353551 0.389461 0.903849 -0.613891 -0.313319 1.54257 1.55124 -0.267357 0.616485 0.657707 0.394547 -0.491552 
0.392156 0.0555593 -1.24911 -0.411001 -0.12456 -0.119131 0.561063 1.33846 -0.606129 0.0549136 -0.938855 1.23058 0.147127 -0.676021 -0.545152 0.205091 0.775656 -0.39782 0.569237 1.13669 0.575564 -0.362832 1.25713 1.59169 -0.477572 -1.33845 -0.964475 0.565209 0.517224 0.917949 0.46513 0.217918 1.37722 1.0059 0.408205 1.52228 0.293711 -1.3572 -0.256638 
0.483005 -0.352463 -1.07259 -0.142709 -0.132088 -0.0809684 1.34083 1.58006 -0.38523 1.04926 -0.115591 1.64549 -0.234421 -0.442747 -0.256017 0.648978 0.733434 0.629843 0.607799 1.07258 0.641391 0.503995 2.04323 0.901715 -0.168739 -0.266372 -0.735548 0.253871 0.468815 0.793371 -0.401117 0.557548 0.937621 0.136161 -0.30046 1.78643 2.25797 -0.924624 -1.00489 
0.198014 -0.0371344 -1.00992 -0.132511 0.16382 0.111253 1.25826 1.74749 -0.20321 1.50233 -0.503561 1.08303 -0.0830342 -0.627301 0.945216 0.581051 0.387391 -0.208083 0.266313 0.0831855 -0.375938 -0.0383593 0.939694 1.14743 -0.702401 0.142926 -0.871818 0.470711 0.399856 0.0819776 0.536788 0.0347452 0.138497 -0.238057 0.185145 1.69705 1.3167 -0.257381 0.454261 
0.216244 0.0535307 -0.859168 0.00328547 -0.226036 0.0188535 1.3804 1.31939 -0.418791 1.71217 0.441121 1.05739 -0.104398 -1.10228 0.996946 0.0223152 -0.613841 0.194177 -0.549938 -0.886419 -0.957861 -0.235969 0.0437807 0.699268 -0.155329 0.802969 -1.24103 1.32869 0.142869 -0.156354 0.842996 -0.238629 0.101551 -0.870151 -0.61174 -0.204402 0.764452 -0.767126 0.699147 
-0.255643 0.390335 -1.00842 -0.369876 0.253415 -0.101005 0.653363 1.10374 -0.395805 1.52834 -0.168304 0.946555 0.627831 -1.5726 1.14444 -0.33776 -0.617376 1.49895 -0.615104 0.0551813 -0.812276 -0.791809 -1.18887 -0.214201 -0.275541 0.684369 -1.58339 0.880869 -0.0420123 -1.02828 0.915273 0.0166172 -0.732794 -1.48971 -0.547227 -0.599727 1.71171 0.499156 0.148188 
-0.422478 0.54223 -0.994241 -0.235433 0.458896 -0.21832 1.40136 0.771478 -1.05872 0.861898 0.325 0.821678 0.502099 -1.70487 0.388741 -0.0869358 -0.895059 1.20688 0.580833 -0.0544901 -1.0848 -0.505294 -0.778665 1.37934 0.801708 -0.629705 -1.81523 0.785199 -0.313754 -1.28748 1.34607 0.0889871 0.768757 0.0870219 -0.50458 -1.63797 -0.893413 -0.904233 -0.611682 
-0.946409 0.56531 -1.04836 -0.714915 0.805083 0.119069 0.601428 0.376426 -0.805149 0.969678 0.503 1.60013 0.077935 -1.64577 0.0908595 -0.179436 -1.27172 0.558904 0.753652 0.946258 0.944133 0.109319 -0.821634 -0.857175 -0.878275 -1.41313 -1.38313 0.371621 -0.163265 -0.924141 0.635868 0.473849 1.4582 -0.0484943 -0.268174 -1.56618 1.01721 -0.0347171 -0.026051 
-1.08999 0.593541 -1.06926 -0.72469 0.714907 0.0678286 2.0146 1.37979 -0.973431 0.272688 -0.108839 0.0883965 -0.737215 -0.74708 0.196422 -0.179627 -0.461099 -0.231802 0.130211 1.94776 1.02976 0.148597 -1.14363 -0.140485 -0.840154 0.596134 -1.55881 0.099036 -0.169294 -1.00569 0.810521 1.25687 0.685828 0.371388 1.02919 -0.801462 -0.289607 -0.167434 -0.364834 
-1.2603 0.660445 -1.12346 -0.893797 0.700313 0.166854 1.88034 1.04111 -0.68825 0.151563 0.423304 0.898319 0.606784 -1.11778 0.0658077 -0.097167 -0.204062 0.682448 1.12216 -0.0520924 -0.420096 1.32189 -0.161107 0.515892 0.669586 0.977397 -1.03645 0.278977 0.0977551 0.199057 0.110588 0.484503 1.15917 0.783561 0.410063 -1.76362 -0.793206 -1.38187 -0.762376 
-1.54974 0.634452 -1.11308 -0.805155 1.02729 0.494871 1.96425 1.09005 0.0877206 0.153046 0.135805 0.632904 0.127148 -1.08996 0.243107 0.347783 0.752421 0.40604 0.596681 -0.441294 0.0627143 0.42939 -1.02125 -0.809725 -0.926355 -1.50378 -0.942025 0.280509 0.23479 -0.363756 -0.0156407 0.619482 -0.810303 -0.627421 0.425391 -1.04328 0.215449 -0.121775 -0.0129408 
-1.70911 0.774961 -0.998508 -0.608037 0.886577 0.392987 1.5713 1.0692 -0.345372 -0.579555 0.012912 0.125347 -0.712302 -0.551776 0.376129 0.493549 -0.330137 -0.700657 -0.194485 -0.989079 -0.433359 -0.722779 -1.11874 -0.246487 -0.819706 -0.995405 -0.989943 0.0681832 0.395992 0.580515 0.643598 0.338706 -1.09234 -0.864746 0.79488 -0.232841 -0.631059 -0.822309 -1.12858 
-1.78679 0.804191 -0.932847 -0.933893 0.708592 0.418515 1.29112 0.79158 -0.496653 -0.647377 0.00372939 -0.052028 -0.744566 -0.664585 -0.13494 0.317074 0.0984148 0.580822 -0.0866676 -0.964706 -1.24347 0.678917 0.737137 0.0555747 -0.122374 0.16142 -0.677566 0.19423 0.592965 0.401363 -0.137122 0.221607 -1.15995 -0.563153 -0.0255998 -0.327019 -0.757829 -0.98754 0.0631741 
-1.99054 0.732532 -0.885208 -0.572687 1.15259 0.357853 0.914369 0.237437 0.198322 -0.0606382 0.0300965 0.0160762 -0.566004 -0.648702 -0.0698205 0.499359 0.918196 0.497239 0.530311 -0.504387 -0.331462 0.700375 0.718917 -0.660947 -0.440973 1.06775 -0.694903 -0.158915 0.708499 -0.232067 0.236615 -0.146179 -1.29296 0.232656 1.23852 0.674617 -1.0204 -0.539462 1.23102 
-2.06197 0.788796 -0.750407 -0.584659 0.936467 0.619272 0.940152 0.560185 0.0643106 -0.141413 -0.333146 -0.424309 0.199309 -0.566644 -0.113884 0.868251 -0.439455 -0.214443 -0.124601 -0.700805 1.57618 1.04078 0.0936771 -1.2805 -0.563533 1.29725 -0.903855 -0.597825 0.244478 0.389043 0.421798 -0.0886455 -0.154062 0.0170214 1.38814 0.052513 -1.11925 0.153842 0.979864 
-2.23344 0.698844 -0.562851 -0.743282 1.05574 0.308215 0.432845 1.26182 1.03324 0.000844881 -0.612923 -0.45738 0.579828 -0.953147 -0.868957 -0.0868425 -0.348208 0.151468 -0.655997 0.312103 0.366779 1.22551 -0.652438 -0.683495 0.644401 0.092776 -0.653037 -0.0799361 1.0881 0.0986503 -0.0568228 0.414575 0.082388 0.585046 1.36926 -0.402325 -0.327332 -0.611181 0.880609 
-2.45695 0.441643 -0.79031 -0.720316 1.00657 0.366464 1.13188 0.788435 1.0479 -0.610342 -0.681163 0.0994081 0.285201 -0.590326 -0.0107873 0.949285 0.583503 0.133448 0.747473 0.814384 -0.757481 0.859093 -0.586027 0.893601 -0.214371 -0.254541 -0.853609 -0.344452 0.658912 0.109166 0.10298 -0.311186 -0.065027 -0.335562 0.425012 -0.0548887 -0.0949427 0.33276 0.00881404 
-2.48565 0.707956 -0.209758 -0.522198 1.11763 0.592001 0.958427 0.749985 1.72194 -0.420872 -0.181639 -0.642596 0.360078 -0.55958 0.328474 1.18958 0.507679 0.011171 0.199273 -0.389214 -0.817722 -0.626923 0.58696 0.57759 -0.211466 -0.0849592 -0.788001 -0.205425 0.444704 0.607285 -0.208973 0.0268252 0.173683 -1.42519 -0.421593 -0.21658 -0.0378005 0.331082 -0.11241 
-2.69706 0.591598 -0.346074 -0.528265 1.01267 0.440655 0.857464 0.23694 0.540668 -0.198185 -0.406032 -0.0834103 0.214684 -0.806032 -0.311149 -0.2033 0.306598 -0.446411 -0.701392 -0.582709 -1.1962 -1.42722 0.321889 -0.930412 0.645154 0.118457 -0.539777 0.231334 1.24304 0.55952 0.126361 0.484431 -0.747348 -0.483282 -0.189939 0.204303 1.02694 0.195003 0.0281086 