-1.1602 0.385185 0.0889469 -0.0808669 0.688659 1.21476 1.12465 0.928029 0.735159 1.21225 0.853345 -0.251063 0.472012 0.428998 -0.153506 -0.787818 1.15824 0.687725 -1.05371 0.0654832 0.439527 0.744102 -1.08168 1.30222 0.29954 -0.0111831 1.7306 -0.481337 -0.945262 0.602423 0.25089 -2.33378 -0.605407 0.711251 0.796903 -1.40397 -0.883801 0.226242 -1.14116 
-0.881827 -0.175855 -0.204756 0.463278 0.816768 0.716538 1.03915 0.876983 1.3753 0.809387 0.946862 0.530612 0.363147 3.62476 -1.81098 -1.00386 1.49487 0.202151 -2.02487 -0.135722 0.919611 1.24105 -1.83771 -0.920557 1.20437 -1.02473 1.36448 0.134364 -0.174571 0.230764 0.150561 -1.37413 0.646226 1.00439 1.04206 -0.699838 1.45252 -0.939262 -0.70241 
0.399911 -0.875395 -0.383402 0.624492 0.793519 0.278703 1.02792 1.56347 1.82321 0.0218482 0.397798 0.739569 -0.292013 1.82943 0.354292 0.506759 -0.828923 -0.451994 -0.871083 0.760142 0.970804 0.561866 0.168387 0.649864 -1.49988 -0.925456 1.03806 -0.426556 -0.257504 1.09819 -0.374723 -0.711754 0.533912 0.525735 1.44256 -0.416 0.260755 0.91199 -1.62916 
-0.0991661 0.069334 0.0379679 0.0770691 0.580211 0.310946 1.59748 1.54783 1.86841 0.91606 1.27626 -0.703117 -0.326424 -1.90781 1.19038 0.589125 0.0981176 -0.795692 1.02878 0.816661 -0.184646 0.569302 1.29532 1.26551 -0.0373633 -1.1559 0.469139 0.17258 0.0925493 0.981082 -0.04334 0.426214 0.462246 0.301767 0.385779 -0.530346 -0.140775 0.993635 -0.67442 
-0.435798 -0.0487777 -0.101688 0.673748 0.377575 0.746593 1.62757 1.43537 2.32284 0.857161 1.03492 0.708821 -1.15441 -1.05622 -0.0975442 -0.357258 2.25131 0.381611 1.47051 -0.171526 -0.551848 -0.0824124 -0.860197 -0.846385 2.77129 0.0263889 -1.51947 1.11629 0.283693 0.0177729 0.0684644 0.963198 0.230095 -0.465524 -0.456302 -0.441939 0.101402 -0.112685 -0.166327 
-0.566103 0.000307666 -0.128303 1.13775 0.778737 0.981923 1.47457 1.16581 1.79717 0.357684 0.857787 1.57637 -0.302144 -0.617735 0.448301 -0.131529 -0.0790832 0.901817 0.323535 -0.52711 -0.479012 -1.15036 -1.8716 -1.13545 -0.105963 0.938851 -1.16901 0.37507 -0.186189 0.715634 0.30111 1.57646 0.285502 -0.50705 -0.177047 -1.02514 -0.122934 1.30627 0.775487 
-0.712855 0.261786 -0.161107 0.639766 0.847612 0.890238 1.24466 1.10372 1.31613 -0.355159 0.471959 0.621646 -0.445811 -0.887971 0.650811 0.0574734 -1.21563 0.0917938 0.74165 0.532453 -0.170401 -0.146957 -0.478198 0.673922 -1.10009 1.02078 -0.951261 0.599119 -0.153307 -0.43136 0.379787 0.41378 -0.603157 -1.23191 -0.972013 0.422563 -0.166429 -0.402998 1.66158 
-0.960184 0.451701 -0.0982544 0.569897 0.825998 1.3178 1.86641 1.04756 1.6694 0.0462957 1.19921 0.671491 0.467892 -0.965242 0.433054 -0.115256 -0.556179 -0.304204 0.258459 -0.256762 -1.26599 -0.0801833 2.42502 0.904332 -0.408609 1.29773 -0.859594 0.97795 0.263015 -1.44278 -0.0371308 0.349052 0.172089 -1.47608 -1.33988 0.388704 0.443446 -1.20615 0.586926 
-1.1404 0.561747 -0.212822 0.381675 0.68819 1.00396 1.05942 0.227903 1.24684 1.21058 0.928549 0.285531 0.531931 -0.542947 0.785289 0.366794 -0.893076 -0.152374 -0.250409 -0.317627 -1.9191 -1.54688 0.987372 -0.0826061 -0.44154 -0.226719 -0.816335 0.331273 0.0865447 -0.49222 0.154317 0.495269 0.409534 -0.318415 0.427203 2.10925 0.0714383 -0.811413 1.50622 
-1.20486 0.996611 0.0782153 0.153553 0.745821 1.19757 1.63666 -0.279864 0.315363 0.682498 1.1625 0.30829 0.302349 -0.393917 0.0560773 0.255078 -0.167745 0.545865 0.437789 0.777473 0.809894 0.611805 0.332502 -0.814678 -0.628237 0.730301 -0.509442 0.470745 -0.000311764 -0.486817 0.287277 -0.281093 -0.544731 -0.24124 -0.669865 1.02268 -1.00939 -0.785349 0.877478 
-1.32053 0.599551 -0.089235 0.306045 0.972445 1.20014 1.63042 0.787483 1.7837 1.42337 0.525924 -0.231237 1.08412 -0.30713 -0.0919187 -0.366972 0.177024 0.603941 -0.141862 -0.390979 1.5719 0.696855 0.350258 -1.28527 -0.561976 1.41079 -0.2312 0.116721 0.487186 -0.117802 0.512754 0.552499 0.821423 0.0989115 -0.169976 0.30257 0.0197784 -0.638257 -0.248377 
-1.34741 0.931497 -0.0926536 0.239874 1.06039 1.12724 1.35329 0.806615 0.926724 0.906762 0.524658 -0.153976 1.36488 0.00539426 0.118874 0.53052 -0.0107262 0.261666 0.3387 0.273847 -0.677158 -0.832269 0.0641157 0.834668 -0.187181 -1.05748 -0.0952639 -0.0256386 0.0403482 0.408038 0.255609 0.21252 -0.232104 0.400052 0.370528 0.987482 -0.523903 -0.606922 0.769002 
-1.32775 0.681026 0.164737 0.304173 1.10837 1.35075 1.83316 0.318822 1.05563 1.46262 0.947693 -0.385217 0.295534 0.144102 0.0584035 0.432332 0.410549 -0.202369 0.441674 0.0851098 -1.01427 -0.23661 0.94138 0.572088 -0.21337 -0.372328 0.0193795 0.458584 0.0825169 0.219429 -0.0584395 -0.122579 -0.0339399 0.0684986 -0.334021 0.225283 0.441389 -0.781075 -0.465254 
-1.29456 0.970919 0.114839 0.435889 0.954117 1.3252 1.41803 0.104855 0.720417 1.51323 0.815181 -0.329497 1.09014 0.0217515 0.556687 -0.39719 0.323533 -0.355887 -0.508721 -0.324434 0.766982 0.405207 0.231505 -0.246124 -0.810869 0.439183 -0.0358203 0.119381 -0.0181462 0.021166 -0.269228 0.369247 0.359711 -0.624088 -0.0963536 -0.656224 -0.0980273 0.217169 -0.327855 
-1.32789 1.06696 -0.0204364 0.459314 0.921972 1.11176 1.59844 0.84873 1.41152 1.6101 0.829248 -1.05221 0.629395 -0.208524 0.120442 -0.461257 -0.386571 -0.224626 0.0778824 0.371417 0.126885 0.108865 -1.79768 -0.710963 0.491854 -0.0615404 -0.128515 0.293899 -0.0753541 0.0659274 -0.523313 0.314703 -0.295647 -0.0586498 0.532439 -0.511502 -0.0464037 1.26841 0.310534 
-1.39442 1.05348 -0.10066 0.257469 0.83623 1.35591 1.69212 0.19216 0.816728 0.348703 0.464396 0.0750587 1.04847 -0.239936 -0.122284 0.276055 -0.234347 -0.472235 0.951802 -0.063293 -0.856559 0.258949 -0.89869 0.176865 2.43366 -0.0161311 0.125551 0.144392 0.149253 -0.149394 -0.349972 -0.938386 -1.19862 -0.631792 0.391914 -1.31587 -0.591536 0.206734 -0.165918 
-1.44134 0.980733 0.113081 0.352399 0.674849 1.54426 1.55467 0.256021 1.6393 1.02684 0.922227 0.949567 0.621786 0.41179 0.0950286 0.702156 0.162076 -0.329841 -1.39173 -1.92239 -1.02514 0.378314 0.0793786 -0.0934219 -0.226714 -0.154957 0.602495 0.785655 0.610004 0.268521 -0.619897 -1.00709 -3.4088 -3.0785 -2.2053 -2.27438 -1.88039 1.38895 0.730774 
-1.22565 1.11838 0.234558 0.336768 0.663427 0.710945 0.288964 -0.517116 1.14906 0.397826 0.422278 -0.111439 0.936749 1.23437 1.2768 0.707508 0.618671 -0.508366 -2.36198 -4.33491 -3.49389 -3.04269 -2.07216 -2.71931 -0.656726 1.00328 1.26519 0.118687 0.663297 0.0730471 -0.862216 -1.6703 -2.65813 -2.03076 -1.18174 -0.667907 -0.738048 0.500648 0.524294 
-0.91637 1.86745 0.450832 0.646177 0.40887 0.453214 -1.61253 -2.16031 -1.02499 -0.315155 -0.432391 0.409366 1.3787 1.68194 0.0828009 0.367307 -0.0625184 -1.03331 -0.948318 -1.50877 -1.847 -1.87299 -0.950949 -0.908539 0.867705 0.864942 1.46572 0.305742 0.33759 -0.344096 -0.0844571 -2.46006 -2.26165 -2.15657 -1.70403 -2.45918 -2.04299 -0.342059 -0.175148 
-0.506859 1.17476 0.41127 0.310567 0.123462 0.269843 -0.81175 -1.79468 -0.490632 -0.219228 -0.0272617 0.602271 1.58991 1.192 -0.82505 -0.163038 -1.12681 0.373071 -1.08537 1.41451 0.444244 0.890237 -1.14019 -0.042399 0.22008 -1.23216 2.05783 -0.112839 -0.360299 -0.401868 -0.177063 -0.906544 -1.27939 0.418698 -1.65517 -1.60273 -2.29674 1.00967 -0.761785 
-0.409743 1.2925 0.376499 0.120041 0.602938 -0.0509004 -0.575725 -1.85356 -0.24424 -1.05457 -0.449007 0.590376 0.459107 1.72664 -0.244009 -0.947732 -0.52978 0.75182 -0.320881 -0.146247 2.43094 -0.217922 -1.14222 -2.19536 0.424207 -1.88128 3.02236 -2.07531 -1.63921 -1.22951 -0.442691 -0.702742 0.649645 2.50325 0.954059 -0.515762 -1.0372 1.67535 -1.79317 
0.231288 1.00388 -0.0345099 0.0648766 0.515211 0.117211 -0.916179 -0.114206 -0.680569 -0.95995 -1.12 0.951185 0.183509 3.81657 -2.20993 -2.47881 -0.671195 -1.07392 0.10192 -0.584479 3.08091 0.304907 0.467436 -1.36298 1.9231 -1.16862 2.92757 -2.26507 -2.19319 -0.582256 -0.118765 0.409357 0.373348 2.3295 0.184077 -0.387534 -1.01644 1.32609 -2.3012 
1.23342 -0.245516 -0.79404 -0.192077 0.0417811 -0.00914514 -1.00059 0.276341 0.0237938 -0.754537 -1.12569 2.17219 -0.412826 3.12469 -3.06884 -2.58705 -0.325308 -0.941278 0.896675 0.620341 0.84906 0.443352 0.637031 0.817981 1.27235 -1.20144 2.94989 -2.33127 -2.44471 -0.152971 -0.553813 1.11005 0.578811 2.02141 0.120431 0.26947 0.0659335 1.08085 -1.48471 
1.57485 -1.13143 -1.25629 -0.084766 0.0232815 0.524363 -0.460074 0.472456 -0.291266 -0.550268 -0.706567 1.99773 -0.713041 1.07178 -1.19987 -1.46139 0.44149 0.197642 1.45629 1.32326 -0.235608 -0.159633 -0.114073 1.44521 -0.540151 -0.818119 1.96597 -2.05875 -2.29027 -0.356864 -0.634009 0.479149 0.952975 0.0644079 0.289877 -0.753346 1.08593 0.735881 -1.16327 
1.68799 -1.08112 -1.48297 0.0184727 0.144288 0.655295 -0.0305096 0.112996 -0.115086 -0.830494 -0.398753 1.72788 -1.0219 0.131498 0.0581134 -1.1042 -0.201429 -0.0616019 -0.223029 0.600449 -0.765008 -0.0846782 -1.62025 0.639743 -0.330544 -0.353822 0.547101 -0.808311 -1.53507 0.398233 0.0424103 1.01512 1.22029 0.0103586 0.46113 -0.906453 1.31251 -0.516152 -0.252853 
1.62224 -1.09221 -1.77613 -0.176218 -0.00951878 0.416719 -0.018514 -0.0569497 -0.364489 -1.60007 -0.382227 1.72583 -0.973905 -0.169232 0.0202362 -1.01261 0.1318 -0.132649 -0.0311753 0.241898 0.243399 0.733983 -1.06922 0.318067 -0.119121 0.484927 0.153143 0.105158 -0.868916 0.323414 0.190682 0.262106 -0.0304401 -0.238143 0.180853 -1.14563 0.433096 -0.381755 0.868264 
1.60515 -1.06823 -1.95945 0.0835498 0.0744059 0.635859 0.148876 0.280865 0.528796 -1.52402 -0.235197 1.62988 -0.65373 0.117537 0.0999052 -0.296043 0.665722 0.360672 0.592364 -0.646528 0.422175 0.306047 0.124406 -0.0623829 -0.156864 1.52552 -0.0900852 0.295428 -0.422704 0.287205 0.0295286 -0.547989 -0.815595 -0.20062 -0.220468 -0.973576 -0.56408 -0.501638 1.402 
1.66358 -1.02393 -1.91343 0.139661 0.178079 0.683961 -0.488751 0.234537 -0.0954561 -1.52183 -0.408832 1.59679 0.174673 0.0147946 0.416406 0.331594 0.279744 0.177305 -0.735303 -1.29944 -0.533289 -1.01804 -0.201788 -1.08543 -0.521591 1.40321 -0.0115031 0.295345 -0.171328 0.495342 0.271319 0.577211 -0.452233 0.0988954 0.600111 0.705743 -0.384777 -1.52418 0.755468 
1.602 -0.779852 -1.79965 0.218122 0.166298 0.292693 -0.798774 -0.0883153 -0.362001 -1.65669 -0.77315 1.20084 0.403116 -0.141621 0.336615 0.0202111 0.049036 0.0657013 0.218772 0.0570812 -0.289462 0.443335 0.799065 -0.463182 -1.79145 -0.50523 -0.134006 0.271762 0.138224 -0.231193 0.463149 0.130037 -0.572757 -0.382105 -0.167021 0.320567 -0.774897 -1.75313 -0.756269 
1.5927 -0.791035 -1.90102 0.165861 0.211722 0.77944 -0.444505 0.0339536 0.293834 -1.00738 -0.635768 0.123224 -0.199743 -0.242089 -0.0144201 -0.108473 -0.623403 0.551914 0.919468 0.55473 -0.0126679 0.801294 0.621923 0.0337745 -1.7195 -2.41214 -0.153192 0.305152 0.0181525 -0.0312532 0.281468 0.267393 0.455614 0.096038 0.06408 0.483669 -0.39154 -2.14341 -1.74228 
1.48761 -0.791072 -1.84815 -0.071547 0.453711 0.710323 -0.390644 -0.097506 0.340842 -1.25677 -0.751692 -0.213545 -1.40142 -0.117499 0.114266 0.00937259 -0.101423 0.376696 0.157977 0.522991 0.418143 -0.36903 -0.165793 -0.0715028 -0.948728 -1.82724 -0.130431 0.116059 0.240384 -0.099341 0.371966 1.16865 1.33821 0.351407 -0.574016 0.638893 -0.0201542 -1.5556 -1.87715 
1.53226 -0.712765 -1.89374 0.121386 0.407682 0.846968 -0.0595831 0.322653 -0.0284667 -1.11678 -0.666931 -0.657162 -1.56562 0.0207254 0.188401 0.496262 0.471826 0.0333526 0.720917 1.16234 0.501663 -1.53061 0.21419 -0.0676356 -0.268999 -0.101368 -0.0635289 0.301695 0.60553 0.167074 0.359287 0.835015 1.13738 0.438872 -1.11841 -0.297109 0.1223 -0.157855 -1.3082 
1.48703 -0.661247 -1.6104 0.153253 0.47047 1.03667 0.461771 0.248944 -0.998939 -1.12049 -0.780922 -0.434823 -1.47295 0.00711427 0.331553 0.966979 0.337959 0.188555 1.01462 0.935361 0.194262 -1.04589 -0.22123 0.229746 0.74764 0.0774479 0.0204485 0.0974995 0.708007 0.629088 -0.3001 0.610074 1.26303 0.907578 -1.3846 -0.0615348 0.277649 0.558789 -0.197028 
1.52579 -0.48339 -1.43316 0.283303 0.505446 1.30835 0.626866 0.456546 -0.943659 -1.26202 -0.547521 -0.0422106 -1.50305 0.00819356 -0.0415978 0.645267 0.437773 -0.509086 0.136296 0.45788 0.772064 -0.219552 -0.293373 0.435371 0.984339 -0.156889 -0.0823168 -0.120143 0.810451 0.289694 -0.233804 0.458208 1.43224 0.590422 -1.24516 -0.329165 0.267507 0.629845 -0.530329 
1.48103 -0.691367 -1.30211 0.362056 0.204114 1.09423 0.799084 0.782366 -1.1903 -1.31237 -0.558734 0.374823 -1.58612 -0.148665 -0.503456 0.339676 0.0772099 -0.559625 -0.370335 0.902831 0.631973 -0.528665 -0.207682 0.124313 0.0585664 -0.7831 -0.0187521 -0.163703 0.438957 -0.275754 -0.957534 -0.362746 0.625901 0.503196 -0.672388 -0.348452 0.515448 0.376625 -0.462742 
1.45185 -0.834694 -1.26953 0.322738 0.212713 1.13298 1.28953 0.893101 -1.40579 -1.3985 -0.480809 0.00594746 -2.08586 -0.0443015 -0.194094 0.0625931 -0.846349 -1.00455 -0.64305 0.341562 -0.068901 -0.633648 -0.160743 0.253042 -0.501947 -0.458039 -0.134016 -0.211083 0.317186 -0.672024 -1.14884 -1.00871 0.710576 0.390989 -0.199099 0.110445 0.468378 0.498862 0.0406681 
1.45229 -0.827536 -1.26964 -0.0323378 -0.320838 0.793476 1.05134 0.734292 -1.7444 -1.4185 -0.427679 -0.038065 -1.92515 -0.0786448 0.198384 0.171908 -1.06307 -1.25603 -1.04211 0.00569176 -0.0871296 0.271524 0.353237 0.500625 0.580141 0.843907 -0.493988 0.716408 0.796959 -0.5816 -0.886249 -0.824571 0.0307829 -0.105764 0.288851 0.30263 0.272313 0.29015 0.68169 
1.40824 -0.697927 -1.18531 -0.173459 -0.443495 0.648753 1.2962 0.832422 -1.167 -1.17231 -0.226005 0.483123 -1.44847 -0.78014 1.2472 1.22231 -0.0077831 -0.396547 -0.511217 -0.308771 -0.0871515 0.991031 0.55744 0.107496 0.873757 1.3793 -0.822425 1.08321 0.96003 -0.484319 -0.770005 -1.11317 0.780895 0.235252 0.991762 0.901791 0.144777 0.322326 1.31955 
1.1049 0.0385975 -0.688195 -0.0328276 -0.528457 0.553336 0.828077 0.673599 -0.875355 -1.06028 -0.369373 0.680623 -0.886232 -1.29062 1.39186 1.37585 0.350659 0.0384507 -0.516788 0.993419 0.412236 0.971103 0.826423 -0.312072 -0.167184 0.933569 -1.51213 1.1327 0.881096 0.0649734 0.490487 0.0328688 0.62439 0.250434 1.52944 1.69765 -0.174945 -0.569506 1.04784 
0.8398 0.268801 -0.531192 -0.00557584 -0.424075 0.406052 2.0251 1.11704 -0.315414 -0.640177 -0.377412 0.345591 -0.743836 -1.73322 0.41551 0.19821 0.0955793 1.16893 0.559145 1.10627 0.433679 0.928746 1.66223 -0.350097 -1.60126 0.0334465 -1.51495 0.574099 0.811472 0.518745 0.428247 0.121969 0.262464 -0.451625 1.03807 0.806704 -0.317229 -1.10658 0.904778 
0.344797 0.326358 -0.591526 0.0152355 0.0809926 0.805305 1.63949 0.97304 -0.0608706 0.0122587 -0.539786 -0.636497 -0.856659 -1.22743 -0.547139 -0.0675464 0.398192 0.635668 0.68964 -0.662168 -1.05628 0.329841 0.22898 -0.122402 -1.24712 0.287145 -1.36823 0.403929 -0.025209 0.695953 0.75234 0.344978 0.933429 0.394177 0.613269 1.81328 -0.345148 -1.73169 -0.797447 
0.298721 -0.112882 -0.560323 0.184635 -0.0929495 0.718017 1.54343 0.386225 -0.0255393 -0.494327 -0.434016 -0.680233 -0.523998 -0.541435 0.180016 -0.238519 0.911429 0.0168431 -0.0736172 0.0893436 0.115663 -0.162793 0.708539 -0.122027 -0.612423 -1.09765 -1.34464 0.717683 -0.021246 -0.333028 1.23538 0.477071 -1.23887 -0.511863 0.0398202 1.21377 -0.353747 -0.761838 0.0250331 
0.10078 0.450352 -0.70159 0.446532 0.0891351 0.766355 1.70733 1.05259 -0.202518 0.468176 -0.596202 -1.14026 -1.67537 -1.0081 1.60212 0.0336253 -0.890204 1.31268 -0.0189077 -0.940648 0.327243 -0.286088 1.35837 -0.361317 0.273667 -0.247326 -0.759896 0.638091 0.0351316 0.0323345 0.501086 -0.217324 -0.858124 0.132358 -1.11533 0.0462877 0.0317982 -0.250204 0.959351 
-0.147379 1.00006 -0.541564 -0.23036 0.591528 0.70422 0.858129 0.61207 -0.275187 0.38175 -0.610037 -0.455145 -0.704995 -0.724102 0.758408 0.295471 -0.871181 0.772267 -0.229244 -1.20167 0.0642651 -1.24825 -0.646823 0.158225 0.29324 2.39162 -0.880281 0.672914 -0.26759 -0.318154 1.02656 0.807091 -0.627208 0.144261 -0.74257 0.275254 0.140357 0.140285 0.257684 
-0.222339 0.97657 -0.558882 0.0404736 0.491556 0.655855 0.831167 1.09659 -1.29497 0.0477607 -0.51254 -0.899069 0.12275 -0.457137 -0.612698 -0.464618 0.41986 0.306002 1.15235 0.125793 -0.130521 -0.6555 -0.997448 0.54391 -0.093501 0.599436 -0.296336 -0.377592 0.233702 -0.0766374 -0.276967 -0.217807 0.212703 -1.07059 0.867297 -0.178896 0.673849 0.272138 1.0636 
-0.354892 0.572792 -0.758654 -0.02997 0.750591 1.22892 0.952617 0.521388 -0.848421 -0.265368 -0.333598 -0.532069 -0.25095 0.227531 -1.30731 0.0815476 0.752678 -1.21148 -0.0742953 1.46882 -1.58164 2.33413 0.414277 0.743796 0.0555374 -0.957718 0.140088 -0.937937 0.191074 1.30373 -1.25186 -1.05934 1.09217 -0.0144334 1.67659 0.340058 1.4062 -0.0942613 0.288067 
-0.133364 0.0662516 -0.517438 0.3972 -0.1414 0.616593 1.90769 0.00251555 0.750555 0.313418 -0.136192 -0.853403 -0.591015 0.684517 -0.756751 0.772925 1.47255 -2.28429 -2.63579 1.27431 0.103332 2.7606 1.44305 1.34571 -0.0262659 -0.206543 0.654929 -1.0856 0.372376 1.26212 -1.49278 -0.411647 0.471959 -0.358783 0.640396 1.47959 0.757062 1.17159 -1.42495 
-0.0680241 0.0453417 -0.389937 0.664907 -0.442296 0.0119919 1.88691 0.592407 1.57067 0.665463 0.343606 -0.553689 -0.401361 0.853879 -0.278376 0.518994 1.07912 -1.14715 -0.501022 -0.867691 1.06859 -1.53401 1.52043 0.270441 1.44344 -0.948798 1.73239 -0.947913 1.01574 1.42914 -2.15399 -1.61752 -0.0544906 0.746664 0.932793 1.92079 -0.0829293 0.496525 -1.26675 
0.226844 -0.128528 -0.268923 0.907269 -0.740781 0.38114 1.27573 0.740972 -0.592208 1.29428 0.00355932 0.333876 -1.29809 2.18422 -0.627306 0.864623 0.602568 -1.1182 0.369748 -1.35137 0.943352 -1.59224 1.0682 -1.46423 0.661985 -1.48762 2.01044 -0.788114 -0.0586556 0.600553 -1.66913 -0.763302 -1.53619 0.897188 -1.14198 0.691893 -0.522088 0.978384 -0.192839 
0.868273 -0.39209 0.0221876 0.951121 -1.02657 0.176884 0.901285 1.24427 0.176905 1.35393 -0.383683 -0.00919296 -1.51253 2.47609 -0.871679 -0.613213 -0.211094 -1.48989 -0.567341 -1.11815 0.190481 0.0894038 -0.615062 -0.981174 -0.191531 0.696164 1.96965 -0.77522 -0.451984 0.0279323 -1.60967 -0.0815488 -2.14629 -0.242152 -2.30448 -0.0131401 -1.217 0.708621 -0.451002 
1.28953 -0.735901 -0.556353 0.811277 -1.51905 0.115196 0.460645 0.872251 -0.512944 0.8944 -0.482285 0.176318 -0.771504 1.07808 -0.503867 -1.59283 -0.568733 -1.42497 -0.482243 -1.42042 -1.29184 -1.31642 -1.08414 -0.183615 0.244958 0.88845 1.60078 -0.924071 -0.564063 -0.4006 -1.32342 -0.845605 -1.62413 -0.909547 -1.01272 -0.90561 -1.13611 -0.102105 0.302108 
1.32557 -0.74368 -0.72896 0.687132 -1.77095 -0.0499353 -0.134826 0.350577 -0.975259 0.650753 -0.470883 0.19228 -0.841739 0.174321 -0.477465 -0.295649 -0.379358 -0.601382 -0.616418 -0.980977 -1.48063 -1.37122 -0.56713 -0.557583 0.0617344 -0.284423 0.669559 -0.643105 -0.906255 0.00234478 -0.632937 0.040921 -0.462542 -1.13579 -1.28333 -0.830061 -0.477861 0.598239 0.84624 
1.35546 -1.06913 -0.69346 0.636245 -1.83357 -0.173311 -0.254143 -0.151983 -1.71311 0.525511 -0.756406 0.227082 -0.980322 0.027603 -0.433841 0.132405 0.565292 0.42378 0.54146 0.817692 -0.317527 -0.306197 0.000675337 -0.467476 0.520831 0.253687 0.0210507 -0.357938 0.125298 0.301358 -0.151283 0.0622083 -0.866777 -0.870024 -0.549457 -0.237896 -0.21491 0.366377 -0.0158969 
1.32797 -1.04657 -0.663442 0.955836 -1.55042 0.193903 0.465583 0.130587 -1.24252 0.648989 -0.699965 0.620671 -0.646993 -0.144403 -0.0426569 0.497936 0.811519 0.360588 0.705482 -0.142499 0.246245 0.672835 0.257484 0.261088 0.407554 0.269302 -0.213542 -0.261793 0.750375 0.743265 -0.0609849 -0.341292 -0.753186 -0.756542 0.427341 0.435656 -0.0482212 -0.0727338 0.156087 
1.28338 -1.09999 -0.454913 1.02061 -1.64602 0.145937 -0.35583 0.0178546 -1.12279 0.689791 -0.62133 0.562297 -0.773866 -0.386833 0.0545117 1.07742 0.51064 -0.522019 -1.01813 -1.79484 -0.756744 0.837992 0.569854 0.395765 -0.613069 -0.0379524 -0.294856 0.220081 0.82467 0.955168 0.098592 0.070656 -0.30065 -0.373985 0.938411 0.745355 0.405481 0.257644 1.14118 
1.1509 -1.00986 -0.150589 1.19887 -1.82352 -0.279297 -0.844303 -0.393104 -0.507532 1.01524 -0.497573 0.11638 -0.670967 -0.349713 0.368964 0.831637 0.573114 -0.206901 -0.604573 -0.251674 -0.780745 0.502602 0.71775 0.279031 -0.0773108 1.26874 -0.423915 0.147556 0.930112 -0.0605111 -0.129626 -0.785154 -1.06694 -1.5118 0.621278 0.31776 0.213566 -0.688571 0.311695 
1.12238 -0.844596 -0.0584034 1.29299 -1.75466 -0.137124 -0.537348 -0.522433 -0.681585 1.15166 -0.477285 0.498691 0.182132 -0.321369 0.165592 0.422116 -0.60565 0.315415 -0.0808686 0.4135 -1.38316 -0.0619531 -0.153388 -0.114449 -0.26669 0.462563 -0.553314 0.472959 0.992553 -0.634363 0.146518 -1.20435 -0.129545 -1.61397 0.293926 0.285416 0.408906 -1.31928 0.363735 
1.00218 -0.895894 0.0520679 0.917539 -1.65955 -0.321581 -0.539442 -1.34994 -0.560849 0.913861 -0.550202 -0.103 -0.319572 -0.57314 0.327647 0.76854 -1.50411 0.43625 -1.08217 0.0779251 -1.50332 -0.138829 -0.343549 0.265707 -1.60898 -0.774274 -0.795395 0.618089 0.529808 -0.807918 0.695791 -0.762877 0.60795 0.066841 0.207607 -0.157494 -0.213359 -2.03989 -0.447077 
0.864636 -0.617937 0.308238 0.58962 -1.52761 -0.639766 -0.477861 -1.56235 -0.802241 0.927336 -0.3399 -0.824785 -0.394057 -1.00305 0.743543 0.432183 -0.578183 0.781079 -0.9869 0.362816 1.47065 0.317016 -0.0511907 -0.179954 -2.34111 -1.05646 -1.32722 1.24768 1.0305 -0.234703 0.9746 -1.27641 0.942206 0.549485 -0.232647 -0.687221 -0.305844 -2.64454 -0.886199 
0.558261 -0.380014 0.25949 0.649112 -1.25252 -0.780421 -0.27164 -0.333474 -0.282209 0.878562 -0.635572 -2.02868 -1.10739 -1.63349 1.50343 0.892805 1.15534 1.1004 -0.705616 1.12899 2.27179 -0.160563 -0.55326 -0.684829 -1.77202 -0.409067 -1.6418 1.69843 0.704088 0.366439 1.03669 -0.193575 0.287364 0.808162 -0.762949 0.359395 0.261977 -1.30244 0.217924 
0.147715 0.426382 0.733703 1.13549 -0.953928 -0.969283 0.350173 0.0080755 -0.941936 0.567415 -0.677622 -2.28237 -0.696354 -1.7254 1.74761 0.703029 1.10515 0.8536 0.717336 0.000511019 -0.337188 -1.28427 0.522065 0.526555 0.676341 1.3552 -1.82447 1.5922 0.631181 0.539762 0.687579 0.0303885 0.605566 0.539615 0.588233 2.16039 0.302205 -1.44867 0.462881 
-0.198459 0.834108 0.595122 1.17141 -0.807654 -0.455722 -0.268759 -0.567059 -1.40621 1.21391 -0.367808 -1.47237 -0.0865494 -1.39799 0.832159 0.124892 -0.37587 -0.0168741 0.750066 -0.355746 -1.51724 0.894986 3.37762 1.08568 -0.0797288 1.03662 -0.815477 0.296452 0.219831 -1.44488 1.34222 -0.172358 1.12392 -0.330504 0.940042 0.0680534 0.992461 1.07547 2.187 
-0.467224 1.00389 0.795665 0.962097 -0.963384 -0.629536 0.0925572 -1.04147 -0.157024 2.74907 -0.13039 -2.34796 0.0855614 0.367664 -1.30946 -0.348369 -3.21692 1.26342 -0.957151 1.44049 -0.135961 2.46176 -0.431906 0.805123 0.699721 1.58666 -0.506344 -0.84315 0.305398 -2.6222 1.13585 -0.630348 0.313344 -0.615498 0.287001 0.719389 1.22326 1.02199 1.59162 
-0.0488009 -0.0777079 0.433059 -0.336526 -0.148886 -0.900885 0.787046 -0.661502 0.751114 0.932454 0.0391942 -0.896839 1.10788 0.553052 -2.06281 0.367691 -3.45101 1.80809 -1.63202 0.752541 0.641978 -0.539933 -2.43632 0.557238 1.3874 1.10606 -0.124878 -1.21645 0.393365 -2.68305 1.0471 -1.66138 0.626158 -0.0468931 0.562955 -0.272305 1.23961 0.31655 1.1984 
-0.237286 -0.431815 0.972559 -0.655802 -0.0203346 -1.38498 0.645327 -0.597999 -0.629027 1.17163 0.152711 -1.20678 0.919555 -0.579817 -0.467825 0.982741 -0.698614 0.387691 -1.37038 -0.64072 0.0629733 -1.75917 0.0772956 0.859846 -0.29415 0.0281862 -0.00474738 -1.37812 0.223134 -1.64037 1.70388 -0.759388 0.439029 0.273404 -0.580901 -1.86482 0.964538 0.898104 0.241204 
-0.309439 -0.404234 0.901096 -0.661524 0.0528128 -1.53603 0.321056 -0.61839 -0.78888 0.98023 0.473548 -1.13881 1.13351 -0.565929 0.0487731 -0.0077069 1.05446 0.879893 0.569141 -0.193835 -0.263041 -0.198049 0.000667305 0.736784 -0.238149 -0.776069 -0.471775 0.165554 0.866427 0.283187 0.725252 -0.587938 -0.0922139 0.499626 -1.43331 -1.56187 -0.393881 -0.766803 -0.922537 
-0.49191 -0.39909 0.971753 -0.157318 0.43826 -1.12841 0.506102 -0.780313 -0.801557 1.16986 0.525555 -1.40268 0.34202 -0.207778 0.714284 0.414138 1.1043 0.755313 0.547892 0.515062 0.635153 -0.0523354 -2.11706 -1.39769 -0.68565 -1.2603 -0.152247 0.144815 0.497704 0.248477 0.324439 0.40325 -0.111064 0.0629551 -0.536572 -1.78096 -0.0165861 0.274498 -1.16949 
-0.408969 0.0912993 1.09998 -0.139626 0.446385 -1.28924 0.70018 -0.179637 -0.833772 -0.390796 -0.220483 -1.7028 0.192812 0.308376 0.167318 0.810258 -0.699336 -0.369659 -0.0019116 0.0438929 0.345044 -0.484105 -2.32673 -0.765834 0.589944 -0.787536 -0.219461 -0.535567 0.383514 -0.262956 0.1525 0.688389 0.909264 0.618893 0.51692 -0.0115304 -0.0393454 0.102449 -1.34758 
-0.367926 -0.283927 1.35814 -0.482655 0.244675 -1.13439 0.540705 -0.54216 -1.22466 -0.336731 0.147344 -0.917445 -0.244116 -0.161271 -1.49452 0.204355 -1.49424 -0.51652 0.419124 0.649417 0.231254 0.696947 2.10323 1.33795 0.817432 -0.542354 -0.0776498 -0.885286 0.661751 -0.832928 -0.197629 0.0750382 -0.418274 0.561651 -0.200356 -0.51111 0.155791 1.0089 0.598621 
-0.488361 -0.949206 1.19955 -0.838356 0.176149 -1.10165 1.17755 -0.0201649 -0.222332 0.966881 0.452841 -1.03044 -0.209446 -0.442185 -1.45967 0.256714 -0.520931 0.0556984 0.108964 -0.589592 0.440596 0.225381 1.66006 0.969239 0.700994 1.59729 -0.253372 -1.17185 0.589408 -1.0164 -0.215932 0.656583 -0.5376 0.0859462 0.927487 1.52109 1.22395 1.16683 -0.235341 
-0.568964 -1.3002 1.4825 -0.724189 0.273098 -1.0894 0.1121 -0.237936 -1.02628 0.734409 0.636376 -0.340862 0.958286 -0.264031 -0.21747 0.74601 0.00669217 0.173664 0.503299 -1.34884 -0.116812 0.464732 -0.114293 0.305902 0.675453 0.23267 -0.685998 -0.921484 0.163384 -0.61129 0.143005 -0.356702 -0.154509 0.669226 1.71819 1.7087 1.35467 1.10173 1.22334 
-0.612251 -1.10163 1.55553 -0.832046 0.266141 -0.875354 0.193776 -0.101367 0.1857 0.890782 0.610316 -0.474865 -0.0304622 -0.700768 0.11431 0.00696247 -0.376453 0.168105 -0.607244 0.383684 0.496828 1.93211 0.574042 0.850882 0.708649 0.0510382 -0.60814 -0.106727 0.00693606 -0.0520484 -0.106294 -0.271731 -1.2318 -0.484969 0.765152 -0.316522 0.234807 0.509051 0.279027 
-0.881979 -1.2219 1.48864 -0.897856 0.360188 -1.37369 0.39516 0.105171 0.667091 1.10337 1.06625 0.242017 1.00105 -0.749769 0.0652115 -0.734506 -0.0893735 -0.343433 -0.882443 -0.244871 -0.574282 0.492503 -0.298099 0.00405947 -0.0237161 0.148089 -0.60522 0.025611 0.029685 0.36985 0.0110194 -0.194834 0.0101544 0.455923 0.976863 0.34708 0.464045 0.734496 -1.13833 
-0.946485 -1.05747 1.21068 -0.870862 0.0862447 -1.28617 0.0172336 -0.498893 0.618058 0.69584 0.616922 -0.494388 0.0850883 -0.308188 -0.0727774 0.0412098 0.908393 -0.15267 0.335915 -0.377468 0.139635 -0.708243 -0.11926 -0.231788 0.231383 -1.57281 -0.543061 -0.503983 -0.226761 0.367282 0.3536 -0.0271834 -0.375383 -0.436098 -0.281009 0.167256 0.0939487 0.947528 0.499087 
-1.02499 -1.2737 1.51099 -0.467985 0.279857 -1.22435 0.121662 0.201292 0.0476573 1.02405 0.954971 0.432324 -0.174014 -0.156077 -0.799196 0.369323 0.617573 0.899706 0.846174 -0.245575 -0.0478567 -0.852801 0.517893 0.11595 1.23617 0.52806 0.0137597 -0.559404 -0.0863817 0.495956 0.315946 1.19002 -0.0734067 0.206197 -0.754783 0.0533488 -1.04114 -0.677717 -0.734362 
-1.02363 -1.61444 1.38835 -0.5776 0.55518 -0.902236 -0.159824 -0.532415 -0.128001 1.02849 0.679454 0.5224 0.485604 0.326012 -0.742363 -0.18012 -0.192741 0.649496 1.33443 0.276038 0.144475 -0.248726 0.190203 -1.1789 -1.09726 0.593285 0.269187 -0.805126 0.124495 0.0368968 0.319236 0.991935 -0.528517 1.10387 -0.222669 0.344692 -0.0428027 0.940561 -0.0104993 
-0.89337 -1.79114 1.42857 -0.555356 0.6182 -0.615939 0.32601 0.30076 -0.169263 1.14483 0.370296 -0.470237 0.275418 0.59761 -0.375771 -0.16833 -0.570679 -0.397685 0.546438 -0.442143 1.59854 0.565975 -0.0662311 -0.180354 -0.0326258 -0.535936 0.30552 -1.13835 -0.207052 -0.290079 0.526033 1.69202 0.683028 0.706189 0.999188 0.677379 -0.430224 0.155005 0.645159 
-0.774394 -1.87695 1.31151 -0.842502 0.346968 -0.656109 -0.480614 0.572482 0.368715 0.983468 0.593884 0.495548 0.0881596 0.175792 -0.920565 -0.153293 -0.236704 0.178998 1.03976 0.596997 0.845101 1.50071 0.696203 0.59205 1.29625 0.278939 0.670089 0.185946 -0.118453 -1.21934 -0.0981021 0.233532 0.641592 1.86662 0.871647 -0.184545 -0.331203 -0.638648 -0.430258 
-0.8268 -2.43251 1.35885 -0.663378 0.710976 -0.143005 0.765046 0.884684 1.14623 1.59277 0.670797 0.595971 0.489101 0.508949 0.652091 -0.0222744 -1.21251 0.240849 -0.217165 1.2618 1.02836 0.525378 -0.173697 -0.272966 -0.783292 -0.035389 1.57019 2.58157 -1.58452 -0.357223 -0.362567 -0.86417 0.29502 0.550422 -0.351675 -1.92707 -0.990575 0.369614 0.528028 
-0.563554 -1.42467 1.30381 -1.4089 0.472025 -0.761056 0.444528 1.28312 0.82987 0.86896 0.462023 -0.14876 0.0661082 2.42387 4.70494 -2.40041 -0.290556 -0.753349 -2.24954 -0.223807 -0.0753039 -1.95 -3.2132 -1.93455 -0.822823 0.436058 2.4501 2.50907 -2.95167 0.427297 -0.342012 -0.945939 0.205482 0.665303 -0.224323 -2.14385 -1.98089 -0.292872 0.132833 
0.213274 0.838193 0.225427 -0.796697 0.317133 -1.18236 0.603904 0.832183 -0.560921 -0.48698 -0.291575 -0.0808524 0.820619 3.55034 3.02612 -4.73506 1.82814 -0.782749 -1.10727 -1.00395 -0.0964735 -0.814286 -2.62659 -2.405 0.409546 0.219909 2.71551 2.8278 -3.60008 0.94039 -1.03056 -0.804563 -0.6022 0.419952 -0.606926 -3.99053 -2.32604 -0.775942 -0.59797 
0.964324 0.678558 -0.934756 -0.546986 0.0628368 -1.27524 -0.28706 1.21599 0.117548 -0.831509 -0.735491 0.188095 0.235522 2.07568 -0.559991 -3.40207 1.65366 -0.875564 1.12333 -0.558832 0.661013 1.17924 -2.00026 -1.20886 -0.168663 -1.23251 2.60261 1.44957 -3.72226 2.0605 -1.30364 0.307234 -0.0774136 -0.129669 -0.873384 -2.9959 -1.9678 -0.320338 0.0246854 
1.10257 0.447573 -1.38215 -0.0167472 -0.140499 -0.670999 0.197792 1.28882 0.472986 -1.78248 -0.891223 -0.219601 -0.099228 0.761937 -0.899395 -1.26436 1.16673 -1.27728 1.53988 0.897362 -0.0933071 -0.292049 -1.28712 -0.255324 -0.818416 -0.180557 1.75708 -0.905247 -2.37673 1.29291 -1.07618 1.41203 -0.111208 0.443591 0.254908 -0.899467 -0.363435 -0.020864 -0.885019 
1.28472 0.0519106 -1.53042 0.00423578 -0.604462 -0.572367 0.371604 1.15104 -0.137321 -1.66592 -0.858534 -0.485103 0.1046 0.834012 -0.761588 -0.428542 0.222994 -0.825375 0.858288 0.408705 -0.0419504 -0.86461 0.826096 0.712074 0.142755 0.0507481 0.807561 -1.00039 -0.828435 0.927045 -0.93299 1.6583 0.545574 0.0328069 -0.544631 -0.491129 0.276203 0.0958344 -0.491045 
1.45417 -0.0832404 -1.58216 0.0911672 -0.571936 -0.281497 0.499147 1.25938 -0.283417 -1.25056 -0.53073 -0.102194 -0.0566795 0.572665 -0.561506 -0.0706318 0.176931 -0.197605 0.787021 -0.2014 0.132772 -0.400255 0.646562 0.621109 0.94174 -0.472363 0.596516 -1.01096 -0.295928 -0.315724 -0.731506 0.786901 -0.266786 -0.0128499 -1.10982 0.755279 0.134746 0.871366 -0.350342 
1.52315 -0.339762 -1.56101 0.0905126 -0.708247 -0.215631 0.226847 1.24241 -0.486973 -1.25008 -0.543508 0.289503 -0.245167 0.150501 -0.714791 -0.0481267 -0.689798 -0.331424 0.24685 -0.759252 0.0169956 -0.539489 0.162107 -0.537048 0.972302 -0.514801 0.315852 -0.524945 -0.0297513 -0.355716 -0.0801309 0.831979 -0.840425 0.326636 -0.788359 0.824652 -0.359718 1.56094 -1.07165 
1.50979 -0.58151 -1.6021 -0.229689 -0.745564 -0.173109 -0.0535145 1.2707 -0.755031 -1.14795 -0.794587 0.697552 -0.438273 -0.0537231 -0.203174 0.0230014 -0.701996 0.0691405 0.381321 -0.888129 0.321272 -0.599 0.432295 -1.11288 1.05513 -0.959915 0.0484072 -0.355963 0.375962 -0.501688 0.0795665 0.297707 -0.927104 0.0389446 0.186891 0.255184 -1.20655 1.21592 -0.991644 
1.49033 -0.482246 -1.54728 -0.236074 -0.672809 -0.0454187 -0.42005 1.46413 -1.01072 -0.97277 -1.09518 1.15737 -0.96058 -0.0752037 0.197562 0.654447 -0.0479194 0.455076 0.172401 -0.44194 0.0311293 0.768462 0.172588 -1.09669 0.583362 -0.810081 -0.420786 0.130115 0.277103 -0.675884 0.0663809 0.400698 -1.55471 -0.197732 0.81165 0.709297 -2.41645 1.38982 -0.812353 
1.46767 -0.445315 -1.28947 -0.249033 -0.508695 -0.0989494 -0.374155 1.29179 -0.0809468 -1.03856 -1.33817 1.17738 -1.04132 -0.649289 0.397739 0.423973 -0.28949 0.0336947 0.182331 -1.12156 -0.607087 1.61479 0.495819 -2.15245 0.72292 -0.124303 -0.519254 0.547572 0.704706 -0.187129 0.488243 0.600608 -0.647282 -0.987743 1.4534 1.02882 -1.3924 1.37503 0.138619 
1.19961 -0.206844 -1.34374 -0.368891 -0.655871 0.0333064 -1.23764 1.04392 0.404711 -0.65439 -2.16647 1.75199 -1.04931 -0.791149 0.60831 0.481762 -0.231547 0.31376 0.67154 -0.398776 -1.43161 1.05555 1.17307 -0.787683 1.17578 1.00237 -0.655979 0.454256 0.447622 -0.472883 -0.00158563 0.391195 -0.988856 -2.09981 0.804755 1.57856 -0.826348 0.652182 0.0373443 
1.11552 -0.0234784 -1.05858 -0.354632 -0.345583 0.204694 -0.663235 0.301454 0.844615 -0.282288 -1.7273 2.14449 -0.285086 -0.443868 0.271485 0.297853 -0.406264 -0.0381591 0.367997 -0.159178 -2.36247 -0.607683 1.56822 1.03142 0.11185 0.180648 -0.83373 0.921698 0.303017 -0.453358 -0.124072 0.873413 -1.41753 -1.94968 0.3731 1.66144 -0.227384 -0.167875 0.290049 
0.99784 -0.019241 -1.19991 -0.556562 -0.676436 0.197393 -1.35152 -0.590072 -0.126637 0.357366 -1.64636 1.84398 -0.909346 -0.596865 0.745418 0.00698263 -0.435763 -0.511595 0.554894 -1.4342 -1.32613 -0.59207 0.999267 0.474367 -1.38968 -0.606814 -0.607942 0.873414 0.580749 -0.698026 0.380649 0.317961 -0.525058 -1.28371 0.216329 0.927584 0.81141 -0.325603 0.671136 
0.847497 0.493705 -1.05243 -0.55616 -0.613248 0.454708 -1.70942 -0.615943 0.326943 0.361604 -1.48562 1.0014 -0.735686 -0.569604 1.01154 0.638554 -0.617478 0.637133 0.0796512 -0.524084 0.54439 0.87373 -0.35485 0.0561104 -0.527452 0.726446 -0.576596 0.572987 0.341805 -1.16711 -0.264097 -0.713059 -1.51218 -0.519765 0.0189133 -0.348971 -1.38433 -0.807157 -0.130891 
0.741625 0.683006 -0.894795 -0.843447 -0.344545 0.22891 -1.73223 -0.214077 0.639656 0.125731 -1.61374 1.41011 -0.360048 -0.364608 0.0976708 0.544282 -1.27134 0.0927 -1.55281 -0.520698 0.585935 0.609492 -1.45406 -2.34786 0.358274 0.437334 -0.231551 0.760587 0.585301 -0.171238 0.152774 0.534771 -0.347184 0.780153 1.89665 -0.0942659 -2.33847 -0.0330861 0.791908 
0.680053 0.560435 -0.791943 -1.15019 -0.565513 -0.264316 -2.08765 -0.211222 0.861778 -0.580745 -2.65458 1.29608 -0.403212 0.180499 0.106266 0.305191 0.361161 -0.397909 0.671981 0.069966 0.549547 1.50851 0.232895 -3.21629 0.485915 0.342761 -0.0879566 -0.102851 0.350475 -0.296274 0.0944445 -0.129072 0.68636 0.81281 0.989738 -0.931445 -2.46182 -0.368408 -0.380106 
0.810233 0.755714 -0.747486 -0.670631 -0.552874 0.532756 -1.67856 0.165482 1.96199 0.274112 -3.21676 1.80978 -0.0984996 0.213702 -0.244253 0.0209568 0.83287 0.0544397 1.37369 1.39802 0.554078 0.630586 0.238108 -0.978655 -0.828614 -0.941339 0.0832343 -0.2444 0.0477404 0.930954 0.23749 0.541136 0.721758 1.56999 0.843906 -0.685655 -1.42702 -0.424447 -1.24052 
0.763039 0.389385 -0.77918 -0.755792 -0.537748 0.362146 -1.0629 0.171471 1.41509 -0.428993 -3.13916 0.614496 -1.10469 -0.0474294 -0.460128 -0.227916 0.988196 0.770876 0.0885755 0.852962 1.65881 -0.452097 -1.12766 1.28522 -1.02792 -2.00172 0.169362 -0.183763 -0.13962 1.70166 0.261869 0.615263 1.43416 1.1292 -0.143899 -0.774431 -0.40304 -0.326322 -1.58563 
0.780139 0.434541 -0.852531 -0.203274 -0.151179 0.568376 -1.05236 1.31206 1.56692 -0.457195 -2.56979 0.96426 -1.59523 0.0622384 -0.0208125 -0.245679 1.63925 0.357015 -0.509199 0.442642 1.03235 -0.818208 -1.24888 0.428462 0.412093 -1.18086 -0.0669966 -0.284613 0.0175017 1.09459 0.404646 -0.777612 0.307017 1.21875 -1.97428 -0.713137 0.361764 -1.4728 -1.25475 
0.780436 0.373719 -0.892633 0.0173873 -0.35206 0.122934 -0.736732 0.884871 0.699332 -1.23868 -2.92043 0.953445 -1.98581 -0.0687078 0.0473801 0.256451 0.599542 -0.134017 -1.177 -0.464318 0.0539689 -2.04071 0.196982 -0.804056 -0.8547 0.323666 -0.13686 0.212368 0.292386 1.16475 0.869149 -0.951321 -0.836828 1.29824 -1.13138 -0.367692 0.912673 -0.455424 0.574391 
0.740831 0.466297 -0.728294 0.081519 -0.221774 0.0221348 -1.38936 1.34894 -0.219681 -0.332034 -2.96711 0.261217 -1.348 -0.294266 0.335825 0.717288 0.0506976 1.01316 -0.822782 -1.52754 0.792577 -0.613043 0.769621 0.79562 -0.993708 1.95809 -0.270392 0.275632 0.589387 0.503913 0.773183 -1.68628 -0.689487 -0.257677 -0.679201 0.0743618 0.569428 -1.5217 1.76457 
0.643453 0.606065 -0.550253 0.0443679 0.176091 -0.260451 -1.85117 1.43248 0.163288 -0.743268 -2.51818 0.136062 -0.51282 -0.384827 0.360273 0.69388 0.127702 1.35269 -1.18544 -0.430766 -0.424364 1.17893 -0.0985794 1.56526 -1.09045 2.05116 -0.544604 0.599573 0.488415 0.149934 0.811785 -0.249019 -0.621294 -0.0286886 -0.813342 0.641146 1.21475 -3.1737 1.89655 
0.564631 0.715644 -0.396993 0.144671 0.483587 -0.527987 -1.70183 1.05508 0.81395 -0.397973 -2.18016 -0.635743 0.194781 -0.614139 0.546196 0.070291 0.160869 0.266454 0.475482 0.720299 -0.839879 -0.417675 0.0694356 0.83582 -3.06399 0.593902 -0.733657 0.685565 0.510697 0.260164 0.768525 0.291583 0.993727 -1.03389 -0.421985 -0.849098 1.84673 -2.20124 0.901048 
0.367952 0.984706 -0.514137 0.1231 0.314513 -0.0469474 -1.32197 0.851301 -0.201623 -0.700574 -2.09583 -2.38422 -0.0629253 -0.837183 0.647671 0.129615 0.244449 -0.141371 1.59611 1.70405 -1.04123 -1.71677 -1.00977 0.918422 -1.72368 -0.835449 -1.05356 1.11658 0.695712 0.448588 0.267862 0.458769 1.87957 -0.849621 -1.12839 -0.169543 1.68836 -1.09662 0.381855 
0.192544 1.16485 -0.332796 0.262664 0.409153 0.200735 -0.453312 0.334675 -0.688903 -1.05306 -1.71653 -2.05356 -0.427287 -1.13853 1.09291 1.05142 0.485777 0.154462 0.16959 1.69416 -0.365722 -1.00981 -0.28976 1.43429 1.66242 -0.0751149 -1.21341 0.732857 0.964783 0.212368 0.0250279 0.152381 1.70839 -1.38945 -1.5837 -1.37039 1.33827 -0.947684 -0.485827 
-0.134631 1.74354 -0.0135891 0.354453 0.394484 0.0259197 -0.0806861 0.597986 -1.08521 -0.890124 -1.37435 -1.01682 -0.11477 -1.18066 0.429525 1.4258 0.0580719 0.178921 -1.38062 0.489883 -0.926046 -0.284136 -0.77978 0.879592 0.512574 0.189532 -1.13419 -0.0368242 1.60199 -0.0929016 0.564454 -0.967874 2.3896 -1.53724 1.07889 -0.332092 2.19877 0.414707 -0.742307 
-0.328281 1.46236 0.344969 0.293108 0.501889 -0.439119 -0.092599 -0.306082 -0.93684 -1.55944 -1.27231 -1.63196 -0.280655 -0.7479 -1.1428 1.53108 -0.627973 0.734688 -1.52478 1.37734 -1.81008 2.36216 -0.142978 1.52412 -1.13133 -0.915078 -0.84836 -0.783414 1.48315 -1.4074 0.806387 -1.63348 1.59111 -0.92717 1.83627 0.80147 2.97644 0.905749 1.07932 
-0.468055 0.947623 0.714012 0.0626379 0.777291 -0.680215 0.928942 -0.654046 0.984867 -0.98477 -0.607973 -1.9474 -0.796557 -0.231626 -1.5727 0.965149 -2.11523 1.09217 -0.907804 1.55298 -0.388973 2.59034 1.82834 3.12754 0.646452 1.26548 -0.177524 -2.31316 0.734035 -1.65639 1.60819 -0.502297 0.524531 -0.471526 2.17623 1.11736 1.83409 -1.05732 -0.00945827 
-0.438139 0.367488 0.804679 -0.697326 1.07128 -0.861594 1.04545 -0.575474 1.33311 -0.37949 0.295509 -1.10024 0.672896 0.448417 -2.24046 -0.347598 -1.79191 1.80223 0.822364 -0.708488 1.13795 0.372185 1.60433 0.94252 -0.219974 0.908599 0.164963 -2.33377 0.457541 -1.89375 1.23478 0.0768759 0.516348 0.976808 2.56146 2.38653 2.58932 0.968549 1.0317 
-0.283428 -0.611626 0.552315 -0.77592 1.71728 -0.307229 0.413399 0.132373 1.31183 0.050337 -0.132296 -2.12836 -0.11065 0.50027 -1.84075 -0.227335 -0.650435 0.855224 1.01743 -0.894666 1.76038 0.629172 1.29153 0.357552 0.592882 0.125605 0.217604 -1.62555 0.539678 -1.52718 0.93379 0.341258 -1.51419 1.32467 -0.180192 0.847424 1.29916 1.06666 0.996501 
-0.231057 -0.913794 0.699909 -0.999692 1.517 -0.398923 0.393778 0.641332 1.88518 0.453369 0.478801 -0.612587 0.771585 -0.092451 -0.135896 1.21781 -0.439746 -0.33 -0.342051 -1.24901 0.724274 -0.605515 -0.495716 0.802747 1.58477 0.435237 -0.0539112 -0.794992 0.868296 -0.130464 0.421105 0.717472 -1.54807 1.0134 -0.469282 1.12039 -0.479005 0.040914 -0.81267 
-0.333018 -0.707323 1.13162 -0.979319 1.54439 -0.469593 -0.497374 0.63275 0.782384 -0.272378 0.273518 -0.824828 0.220251 -0.594701 0.680625 1.62723 0.453518 -0.19238 -0.00963901 -1.10648 -0.337339 -1.22658 0.173788 -1.01019 -0.53979 -1.21025 -0.215871 0.198681 1.488 -0.279401 -0.442866 -0.375667 -0.310325 0.239397 -0.792764 0.0643943 0.284175 1.54123 0.16985 
-0.49814 -0.441668 1.47302 -0.783493 1.41594 -0.408458 -0.412778 0.407643 0.811713 0.563534 -0.021545 -1.0566 -0.131569 -0.270642 0.430866 1.18096 0.0258576 -0.37112 -0.182819 0.842371 -0.39332 -0.399288 0.581093 -0.426212 0.386891 -0.201027 -0.463271 0.37418 1.4125 0.650162 -0.266709 -0.471526 -0.835531 -0.0720685 -1.00549 -0.487066 -0.789585 -0.211818 -0.311361 
-0.459771 -0.408884 1.69349 -0.964006 1.35005 -0.55875 0.121081 0.360353 0.433579 0.101137 0.0650606 -0.506608 0.0739767 -0.178787 -0.128662 0.649844 0.486781 -0.230638 -0.649633 0.0232558 0.228829 -0.0461253 -0.80904 -0.0612732 0.269693 0.798519 -0.498659 -0.163953 0.86234 0.322976 -0.246105 0.240263 1.06549 -0.740536 -0.181494 0.599996 -0.172587 0.00431557 -0.348288 
-0.585117 -0.532335 1.78348 -0.551668 1.29491 -0.712237 -0.393265 0.565439 0.77226 0.0382341 -0.0475948 -0.834784 0.471781 -0.561548 -0.666924 0.209334 0.437797 -0.0193707 0.521529 0.523365 -0.658367 0.164318 0.204191 0.186792 -0.3806 -0.260268 0.00971266 -0.00792918 0.0845113 -0.0842216 -0.51464 -0.754872 1.50316 1.3343 -0.707435 0.253227 1.00647 0.835768 0.663992 
-0.712498 -0.873866 1.79542 -0.755191 1.33929 -0.324075 0.506277 -0.0953143 0.578464 0.23096 0.163001 -0.819684 -0.116726 0.189897 0.12108 -0.5133 -0.616332 -0.583792 -0.40691 1.90631 1.64699 -0.851214 1.14118 1.41184 0.799842 0.0989846 0.716305 0.448334 -1.40698 1.62402 -1.48215 -2.04271 0.138104 -0.329919 -1.75704 0.184332 0.43352 0.611266 1.45485 
-0.512439 -0.449326 1.54334 -0.838015 0.989567 -0.904421 1.00314 1.70384 0.0275914 0.773881 0.662664 -0.176894 0.550505 1.74477 1.32748 -2.47686 1.92122 -2.32248 -3.38371 -0.35232 0.186041 -2.38353 0.0379165 0.391139 1.16305 2.21936 1.94629 0.114038 -2.68897 1.81577 -2.4062 -1.46484 -0.0602013 0.0240417 -2.26301 0.303219 -0.0428124 1.2961 0.160283 
0.0335004 0.0480907 0.625807 0.150439 0.126465 -1.88487 0.251167 0.0328951 -1.50844 0.253274 0.363081 0.136959 1.5522 3.03366 0.0499422 -3.8206 3.25469 -3.21688 -1.64507 -1.99072 -1.61989 -2.00521 -0.743712 -1.47626 0.858362 0.122382 2.43923 -0.142635 -2.86584 1.99037 -2.97804 -1.43403 -1.1776 -0.135609 -1.45838 0.472457 -0.714631 1.43994 0.00881007 
0.791698 -0.415788 -0.26235 0.693996 -0.690067 -1.66586 -0.449976 0.583313 -1.72792 0.290821 -0.0706394 0.529131 0.646777 2.29648 -1.53232 -2.14213 0.971501 -2.38095 1.37493 -1.17157 -0.384203 0.540456 0.580704 -1.36152 0.679095 -2.20132 2.375 -0.690033 -2.54513 2.03887 -2.68301 0.0575116 -1.50565 -2.65795 -0.806297 0.190322 -1.0894 0.249973 -0.727424 
1.01841 -1.0187 -0.385358 0.609954 -1.11687 -1.25784 -0.602984 -0.233199 -1.03408 0.626538 -0.312873 0.695529 -0.0942163 0.901043 -1.05637 -0.281458 -0.291321 -1.02078 1.72755 0.0442349 -2.13717 0.983362 0.993647 0.000495065 -0.537929 -1.0926 1.66003 -1.40224 -1.26145 0.647893 -1.46723 1.71347 -0.702266 -1.11097 0.185564 0.592558 -0.0851309 -0.310094 -2.36724 
1.17233 -1.1516 -0.39274 0.560318 -1.22349 -0.876707 -0.415123 -0.894894 -0.865592 0.93108 -0.0658156 0.0866457 -0.168144 0.452226 -0.517039 0.109187 -0.0345064 0.0626514 1.02933 0.260023 -1.19015 -0.313154 0.19486 1.24004 -1.07486 -0.970053 0.440738 -1.10504 0.299074 0.228692 -0.715544 1.12909 0.226895 -2.42095 -0.0661097 -0.136991 0.437077 -0.430305 -1.72785 
1.20469 -1.37945 -0.33083 0.596911 -1.08482 -0.789699 -0.410346 -1.05658 -1.30743 0.750327 0.311512 -0.188609 -0.817233 -0.174937 -0.557785 0.763847 0.617623 -0.110815 -0.142627 0.241194 -1.2855 -1.07302 -1.17143 0.582232 -0.011564 -1.22051 0.142921 -0.400279 0.668328 0.64533 -0.43063 0.52965 0.862751 -1.2135 0.183017 -0.0868824 1.47173 -0.357639 -0.840117 
1.08702 -1.54068 -0.0283193 0.853604 -1.28198 -0.947385 -0.236253 -1.7842 -1.80455 0.171468 0.229778 0.0771185 -1.07899 -0.220146 -0.0650852 0.968386 0.967767 -0.744454 -0.284874 0.844536 -0.528867 0.537249 -0.307166 0.737954 0.618296 -0.151432 0.0276575 0.190155 0.366208 0.863084 -0.301874 -0.25957 0.336614 -0.587035 0.474574 -0.495757 0.640037 0.189395 -0.422436 
1.0998 -1.4259 0.130412 1.05467 -1.47402 -0.925776 0.209692 -1.4227 -0.835878 0.549523 0.68494 0.319951 -0.926313 0.215814 0.84027 -0.173249 0.632862 -0.367719 -0.219467 0.185579 0.450395 1.6643 0.524823 0.274192 0.254531 0.659683 -0.255205 0.655302 -0.0477121 1.06014 -0.694048 0.094152 0.0479431 -0.377688 0.140614 -0.0610354 -0.265219 -0.318326 0.271895 
1.17092 -0.957538 -0.107486 1.15405 -1.47455 -1.05339 -0.0980489 -1.4732 -0.345759 0.508601 0.371405 0.286466 -0.579766 -0.208196 1.02871 -1.04497 0.569786 -0.35321 0.418726 -0.789639 -0.0108587 -0.366558 0.228636 -1.10229 -1.02459 0.522617 -0.530071 1.29397 -0.0877896 1.34144 -0.426741 -0.0809073 0.111555 0.591884 0.0452072 0.399989 0.325831 -1.33369 0.55006 
1.00009 -0.711712 -0.361395 1.32549 -1.65902 -0.738367 -0.365189 -1.43064 -1.15601 0.69515 0.138557 -0.522836 -0.529879 -1.10011 1.05859 0.0320689 1.31449 -0.307945 0.107872 -0.0487346 0.377902 -1.61376 -0.000902284 0.158517 -1.95926 0.0848888 -1.10658 1.85865 0.141288 0.744839 0.342037 -0.603083 -0.741838 0.260021 -0.599396 0.0437354 -0.291354 -1.7118 0.0638034 
0.684976 -0.222568 -0.0894635 1.77468 -1.63593 -1.0089 -0.131176 -1.21233 -1.75838 0.505817 0.455212 -1.32512 -0.511613 -1.63243 1.69705 1.27303 0.50844 0.891228 -1.26245 -0.172887 0.370912 -0.394717 -0.170255 0.702711 -1.16365 -0.430756 -1.65208 1.4346 0.268246 0.282199 0.722068 -0.0793477 -0.644459 1.21784 -0.218826 1.0094 1.26276 -0.322582 -0.044156 
0.283629 0.467251 0.244052 1.56749 -1.19451 -1.32389 -0.489096 -1.1746 -1.50081 0.582868 0.49437 -1.48 -0.848442 -1.6454 1.04621 0.400629 -0.910241 1.44592 -0.21728 -0.788344 1.33359 1.33177 1.32118 1.53767 1.54752 -0.137943 -1.94452 1.26353 0.94747 -0.30629 0.405298 -1.43918 -0.191372 1.04837 0.181542 1.42643 1.31361 -0.539657 1.33919 
-0.0370991 0.503795 0.103022 1.35027 -0.881904 -1.1139 -0.70511 -0.290627 -0.590863 1.35785 1.22836 -0.0522381 -0.610576 -1.59819 0.157244 0.254483 -0.961501 -0.253339 -0.753544 -0.0805097 1.10147 0.616955 2.03549 1.06205 0.474315 2.23459 -1.76126 0.787472 0.319416 -1.4078 0.639892 -0.216033 0.26946 1.37601 1.22671 2.09194 1.14751 0.519332 0.73611 
-0.418004 0.575409 0.367358 1.119 -1.32739 -1.67545 -0.545458 -0.413406 -0.959443 1.89675 1.02979 -1.08987 0.831908 -1.28123 0.110958 0.114548 -1.1475 -0.437677 -0.0837717 1.12861 0.601063 0.206752 1.41372 0.00310285 -0.882635 1.13225 -1.43205 0.240509 0.114279 -0.900174 0.307086 0.0051491 0.262009 1.25914 0.94582 1.71327 1.19859 0.96793 1.21782 
-0.601478 0.579764 0.160088 0.814413 -1.11099 -1.15752 0.122642 0.124554 -0.408808 2.26971 1.23449 -0.778259 0.243062 -0.782339 0.198977 -0.0699569 -0.356731 0.736178 0.762607 0.411173 0.668305 0.567813 0.204586 0.547602 0.764228 -0.593676 -0.651602 0.14631 -1.008 -0.631304 1.5369 -0.649457 -0.184739 0.654276 -0.148139 -0.325282 0.551738 -0.0569958 1.54434 
-0.766341 0.712588 0.337086 0.954597 -0.943802 -1.32993 -0.242297 0.0482701 -0.461118 2.02683 1.30808 -0.461276 0.391162 0.19534 0.107322 -1.73898 0.220963 2.86204 -0.824973 -1.37346 0.315267 -0.399715 -1.83756 0.734249 0.810522 0.946962 0.71334 -0.281522 -1.60322 -1.87364 3.01796 -0.422424 0.578134 0.288836 0.92924 -1.12322 1.22231 1.43077 -0.415948 
-0.526443 0.653206 -0.660241 0.921373 0.38215 -1.54191 -0.879131 0.342118 -0.757987 1.07941 1.60607 -0.111584 0.957739 1.96064 -0.607197 -2.51387 -2.37965 4.02635 -1.35303 0.326733 -0.267594 0.596073 -1.67115 1.09403 1.06618 0.0415592 1.25259 -0.712821 -0.636833 -1.50014 3.58722 -0.688055 0.0291683 1.02945 0.613699 -1.39693 1.03968 1.67138 0.386523 
0.0731381 0.289141 -0.850049 -0.160043 1.15702 -1.95711 -0.000879942 -0.137192 0.0619628 0.944115 1.85948 0.415689 0.426819 1.87749 -1.14712 0.712824 -2.41322 2.79918 -0.137889 1.40417 1.13041 1.16621 0.013322 0.6611 1.32757 -0.421909 1.361 -1.9886 -0.136204 -1.69885 3.42956 -1.23624 -0.730794 1.03441 1.77386 -1.72894 1.06168 2.26663 0.0987096 
0.277026 -0.145714 -0.319973 -0.209037 1.84248 -1.61041 0.150114 1.12333 0.264504 1.08582 1.94108 0.980388 0.645811 0.292012 -2.3008 2.29466 -0.102092 1.38598 -0.378431 -1.27503 1.72027 1.63152 -0.58694 0.331 1.83311 0.0971572 0.903369 -2.04347 1.68102 -1.85828 1.46476 -0.473117 0.209281 1.62771 2.16793 -1.10526 -0.12145 2.04168 -0.363955 
0.190036 -1.31207 0.239001 -0.204833 1.87976 -2.1362 -0.930682 1.05188 1.49204 0.562418 2.0295 1.92348 0.504172 -0.383956 -1.84123 1.99706 -0.300782 -0.488708 -0.523614 -1.14143 1.15939 1.55768 -1.45641 -0.831561 1.28406 -0.0604157 -0.424347 -1.83139 2.45458 -0.648238 0.552039 0.716626 -1.29752 1.41473 1.24549 0.306455 -1.10705 0.748683 0.339695 
0.101203 -1.42733 0.628207 -0.347159 1.58676 -1.85625 -0.682 1.92457 1.62991 0.141951 1.53002 2.03657 0.60499 -1.00093 -0.376987 1.66209 -0.849118 -0.516431 1.38504 -0.403346 0.269031 -0.0693439 0.988634 -1.83057 -0.874934 0.365037 -0.957257 -1.37285 2.13296 -0.734577 -0.689665 1.08403 -0.856235 -0.397974 1.19937 0.697593 -0.345867 1.06019 0.417332 
-0.252961 -1.57543 1.02862 -0.600529 1.60957 -1.50452 -1.2231 1.23747 1.43225 1.19944 1.1191 1.2038 0.782426 -1.20897 -0.165089 1.44128 -0.776208 -0.602036 2.04534 0.0315369 -1.72773 -0.0535968 2.36923 0.358468 0.0724553 0.626823 -0.976761 -0.231594 1.73653 -0.703832 -0.582041 1.66217 0.660165 -0.396707 0.0742705 1.45529 -1.01359 0.221223 0.627854 
-0.431882 -1.54333 1.3133 -0.708605 1.27189 -0.920986 -0.656432 0.729472 1.58391 1.67162 1.71377 2.09615 1.07957 -0.624345 0.0418783 1.13727 -0.183082 -0.404407 0.947291 1.24693 -0.835591 0.156483 0.914321 0.457037 1.1586 0.483958 -0.782683 -0.268032 1.14518 -0.985545 -0.309747 1.65065 0.155872 -1.39703 -0.4232 2.78086 0.374504 -0.641587 -0.0985126 
-0.532882 -1.5475 1.5698 -0.683363 1.39785 -1.0741 -0.308835 0.659262 1.57027 1.78841 1.35212 2.15678 1.14987 -0.0943672 -0.223378 0.404901 -0.666393 0.111073 0.270837 0.162397 -0.250232 -0.485777 1.26593 0.139879 -0.892132 -0.752841 0.00455818 -0.125083 0.131879 -0.721223 0.0438513 2.25806 0.867043 0.120107 -0.160002 -0.354924 -0.280676 0.315521 0.536777 
-0.482301 -1.69986 1.50781 -1.01847 1.32921 -0.80157 -0.535178 0.556015 1.15934 2.48793 1.78826 1.36232 0.519459 0.626905 -0.221016 -0.924379 -0.874454 0.471674 2.22052 -0.136838 0.998233 -0.364386 -1.3769 -0.842219 -0.754348 0.242783 0.196969 -0.419432 -0.256533 0.0211579 0.516336 0.955657 -0.495312 1.07327 -0.646697 -0.135653 -0.384713 -0.227075 -0.252312 
-0.270963 -1.70239 1.13508 -1.09096 1.64338 -0.0582938 -0.406384 1.34907 1.25204 0.895948 0.93573 1.53628 1.33643 0.416103 -0.386792 -0.81807 0.690359 0.702112 1.07091 -0.80734 1.75775 -0.335068 -1.44197 -0.665358 0.602525 0.420377 0.153223 -0.626107 -0.7196 0.394791 0.686164 2.03542 -0.941033 1.25411 -0.994759 -0.663445 -1.03899 -0.163548 0.391526 
-0.311668 -1.97003 1.12341 -0.691015 1.69502 -0.314313 -1.123 1.771 0.866792 1.5534 1.46027 1.85791 0.839216 -0.377737 -0.691802 -0.235188 1.44273 0.609622 0.63513 -1.0823 0.764443 -0.894809 0.511156 -0.565569 0.545979 0.288985 -0.110177 -0.102583 -1.11564 1.3951 0.2937 1.11438 -0.768266 0.612239 -0.0564424 -1.09945 -1.81631 0.71005 1.31265 
-0.444092 -2.18467 1.02659 -0.410091 1.96092 0.228609 -1.19526 1.87722 0.469185 1.22424 0.657617 1.98536 1.55765 -0.603869 0.240603 -0.979859 1.33517 -0.240404 0.493385 -0.18923 -0.900729 0.257588 0.00647943 -1.79067 0.306245 1.34783 -0.612223 0.193803 -0.665431 1.85203 -0.418093 0.147849 -0.120692 -0.0381432 0.684365 0.738887 0.257138 0.339735 0.0935367 
-0.582721 -1.80391 0.662418 -0.060673 1.5689 -0.0925782 -1.25886 1.14775 1.09338 1.55539 0.569811 2.10979 1.85453 -0.642836 0.979628 -0.837066 1.24846 -1.27163 -0.425991 0.919952 -0.825085 1.7503 0.455626 0.905645 -0.11076 -0.157213 -0.955203 0.264273 -0.357702 1.34603 -0.141059 0.505512 0.00411651 -0.51835 0.341371 -0.384813 -0.875161 0.437485 1.00551 
-0.73202 -1.50461 0.633197 0.17952 1.29656 0.0276526 -0.520075 1.30628 2.00331 1.51664 1.11486 1.89424 1.44424 -0.985647 0.150416 0.40362 0.618878 0.015752 0.217225 0.187669 0.162536 0.165938 -0.508111 0.603814 0.253974 0.00809721 -0.853 0.861569 -0.181432 0.8237 -0.806921 -0.989419 0.25298 -1.20975 2.25328 -0.346448 -0.0369859 -0.687767 -0.479218 
-1.0191 -1.7005 0.85632 0.233202 1.57647 0.00218972 -1.11913 1.2597 1.23968 1.22466 0.876192 2.31868 1.86509 -0.777143 0.286048 0.544948 -0.0553462 -0.00422549 -0.959406 -0.60092 -0.888649 1.08107 -0.907124 -0.962204 -0.767971 -0.479832 -0.845212 0.336131 0.364011 0.324297 -0.240868 0.379116 1.48338 0.125712 1.04995 -0.385355 0.411655 -0.821538 -0.568526 
-1.07811 -1.30688 0.893999 0.156688 1.29371 -0.418547 -0.956963 0.691378 2.95122 0.927919 0.6385 1.26254 1.08887 -0.421414 0.345829 0.183438 -0.153299 -0.397975 0.316168 1.71641 0.00801397 1.14997 0.00577069 -0.0553681 -1.30377 -0.765021 -0.42787 0.310591 0.0325417 -0.824502 -0.18719 0.597565 1.13387 -0.747172 -0.558803 -0.273188 -0.089306 -0.472845 -1.03975 
-1.21114 -1.46119 0.945995 0.164358 1.36811 0.142447 0.138431 1.26481 2.24794 1.22619 0.853094 1.24626 1.29584 0.0623802 0.172799 -0.492171 -1.15265 -0.293256 1.79908 2.05475 -0.172402 -1.79123 0.55136 0.83509 0.164079 -0.909624 1.1263 1.92301 -1.1669 -2.57275 -1.46043 0.511319 1.76408 -1.85371 -0.643821 -0.249306 -0.841749 -3.22339 -0.451399 
-1.06065 -1.18791 0.663865 -0.381585 1.14 0.403494 0.547989 0.571737 1.38315 1.28221 1.06048 1.39748 0.411173 2.28475 2.47417 -2.06398 -3.60154 -1.90959 0.402583 0.54927 -2.63034 -1.96719 -0.330327 -1.08644 -2.81747 0.165318 2.98436 2.02781 -3.07462 -2.67813 -2.48472 1.52761 1.47703 -2.37365 -1.78769 -1.34777 -1.86321 -2.44055 -0.119386 
-0.231313 0.258195 -0.0281785 -1.52425 0.370787 0.322435 0.542568 -0.5544 0.525735 1.01041 0.314636 -1.07125 1.42431 4.88315 2.80067 -4.46335 -2.75571 -3.63137 0.344586 -0.158855 -3.18353 -0.466585 -2.31136 -3.35437 -3.28424 0.755587 3.67365 1.20255 -3.50702 -1.91969 -1.94353 1.60917 0.354789 -2.8626 -1.59215 -2.37865 -2.23565 -1.90749 -0.105142 
1.04439 0.758539 -1.44608 -1.67288 -0.755966 0.556817 0.434341 -1.62999 0.975399 -0.21444 -0.611561 -1.30396 0.982326 3.80419 -0.709174 -3.5885 0.79807 -1.16065 1.85544 -0.0990846 -1.41548 -0.0443493 -2.77678 -1.93509 0.378983 -0.300235 3.66079 0.558521 -3.12631 -1.17156 -1.35007 1.24186 -0.0705025 -2.25936 -0.82926 -2.90939 -2.29369 -0.88118 0.304548 
1.40649 -0.236169 -1.724 -1.1462 -0.23564 1.17039 0.472625 -1.53358 0.487838 -0.78717 -0.648004 -0.759532 1.20364 1.18446 -1.97877 -0.575488 1.04213 1.49804 1.39843 0.0611664 -0.0111463 -0.584179 -1.48931 0.254577 2.15817 -0.340571 2.61615 -0.973528 -2.20346 0.870996 -0.233951 1.32742 -0.00127128 -0.628587 0.0494075 -2.54986 -1.17056 1.98312 -0.396642 
1.54775 -0.618724 -1.71566 -1.18019 0.0252572 1.19466 0.481574 -1.63813 0.464639 -1.17958 -0.479739 0.471215 0.731399 0.530542 -0.712393 0.0371654 0.463941 0.789348 0.00755378 0.090582 0.521745 0.100176 -0.554061 0.349866 2.15776 -0.225967 0.785056 -1.5128 -0.472495 1.29322 1.06805 0.266474 -0.879541 0.575665 -0.790709 -1.31132 -0.512697 2.26629 -0.327581 
1.62669 -0.732772 -1.70357 -0.925102 0.175696 1.16876 0.541367 -1.17324 0.576539 -1.14761 -0.468554 1.01531 1.03866 0.112815 -0.232485 -0.185782 0.834978 0.186146 -1.02298 -1.20108 0.81656 -0.418035 -0.223052 -0.952646 0.740686 -0.0929296 0.206643 -0.26425 -0.0841345 0.649242 0.65842 -0.0311964 -0.77568 0.647402 -0.214202 -0.27802 -0.104159 0.924376 -0.884139 
1.58705 -0.781591 -1.80076 -0.7848 0.121764 0.719231 -0.394158 -1.07394 0.099412 -1.326 -0.951324 1.08045 0.666194 -0.192759 0.329465 -0.172454 0.475018 0.248148 -0.0494502 -1.0967 0.384887 -0.376339 0.191982 -0.497011 -0.974914 -0.95461 -0.127601 0.267894 -0.237478 0.719892 0.242988 -0.334549 -0.577576 0.832425 -0.23886 0.331466 -0.362609 -0.358518 -1.0191 
1.53366 -0.504849 -1.78236 -0.698803 0.304563 1.14092 -0.25804 -0.907541 0.247835 -1.02568 -0.712399 0.21338 0.327224 -0.329484 0.628807 -0.196674 0.206904 0.195501 0.555757 0.450167 0.35113 0.110819 0.657429 0.456976 -1.19838 -1.2688 -0.310895 0.690638 -0.321608 0.44948 0.104622 -0.0474461 -0.371284 0.821241 -0.987189 0.664892 -0.345493 -0.467479 -1.45529 
1.43481 -0.3455 -1.89101 -0.684444 0.223153 0.969642 -0.0624849 -0.831575 0.197434 -0.90313 -0.718337 0.0947118 -0.280873 -0.327963 0.685907 -0.345608 0.172927 -0.0849411 -0.0152295 0.611538 0.767024 -0.873322 0.678105 0.0244213 0.377884 -0.99263 -0.327854 0.481886 -0.339583 0.0427621 0.312401 0.804999 0.951312 0.786314 -0.0532349 0.616486 0.619269 -1.21455 -1.90614 
1.38208 -0.0290498 -1.94311 -0.614407 0.259581 1.12881 0.191628 -0.377604 -0.516199 -0.589439 -0.695616 0.524191 -0.412724 -0.21937 0.0808765 -0.350361 -0.151465 0.29573 0.574756 0.76848 0.7515 -0.184259 0.149404 0.371443 -0.353986 -1.28362 -0.18889 0.413843 0.0239076 0.285337 0.218102 -0.174635 0.847881 1.07025 -0.725292 0.00546243 0.172183 -0.404976 -1.42546 
1.33026 -0.290449 -2.05402 -0.752427 0.376855 1.22879 0.50194 -0.312372 0.0369833 -0.808732 -0.528102 -0.196473 -1.23905 0.0096263 -0.0758626 0.384468 0.235895 0.427301 -0.227778 0.473866 0.736222 -0.0465066 -0.669738 0.201089 -0.894986 -0.914572 -0.0764932 0.0327944 0.404549 0.662061 -0.187775 0.181878 0.588421 0.96165 -1.42154 -1.2021 0.122342 -0.191286 -0.905628 
1.3767 -0.0829984 -1.75828 -0.500432 0.481954 1.01899 0.540629 0.131035 -0.555986 -1.02467 -0.590529 -0.21199 -1.09413 0.0874793 -0.0288247 1.00276 1.1091 -0.594133 -0.317907 -0.0173216 0.598521 -1.61242 -1.71904 -0.213144 0.110146 0.0741957 -0.0414159 -0.342256 0.538365 0.782102 -0.382658 -0.226505 0.203937 0.511126 -1.64176 -1.13757 -0.433571 0.0793892 -1.62767 
1.35859 -0.311687 -1.57651 -0.228277 0.0661108 1.07752 0.491782 0.101051 -1.37446 -1.92241 -0.630062 -0.105888 -1.17892 -0.0833296 -0.421294 0.483623 0.896615 -1.03337 -0.0879557 -0.218013 -0.0218705 -2.02751 -0.815567 -0.792454 0.99728 -1.26406 -0.022643 -0.310379 0.759819 0.669924 -0.847502 -0.164479 0.214376 1.34241 -1.98819 -0.456877 -1.23682 0.295106 -1.25338 
1.33106 -0.377166 -1.52651 -0.0760941 -0.0580408 0.973443 0.383725 0.115481 -2.33103 -1.55419 -0.982045 0.608302 -2.03765 -0.130042 -0.421653 0.222284 -0.140009 -0.745791 0.0891385 0.286623 1.28873 -0.897904 1.12324 -1.46143 0.268002 -1.75041 -0.175174 -0.354435 0.794502 0.451798 -1.3004 -0.768723 0.536574 1.44493 -0.570733 0.378489 -1.05648 0.529592 -1.16419 
1.29272 -0.606104 -1.46844 -0.290878 -0.323789 1.1134 0.703871 0.99173 -2.16003 -1.19836 -1.35595 0.11454 -2.48718 -0.212256 -0.0936972 0.797324 -0.245292 -1.02156 -0.988008 0.90238 2.05377 1.30234 1.31139 -0.638925 -0.319276 -0.292436 -0.37403 0.075984 0.473254 0.191303 -0.961288 -1.09959 -0.163058 1.44993 -0.067086 1.74825 -0.844738 0.245588 -1.27534 
1.22959 -0.443517 -1.14624 -0.188151 -0.591871 0.514094 1.04606 1.53516 -1.1893 -0.708488 -1.29682 0.345667 -2.25247 -0.49541 0.53695 0.540858 0.411843 -0.773768 -1.629 -0.503545 0.75023 0.807019 1.16255 0.315591 0.0468236 0.0447158 -0.550927 0.455653 0.610285 0.328815 -1.01723 -1.83451 0.0686803 0.537514 1.29018 1.28817 0.338729 -0.278188 0.07813 
1.06864 -0.233892 -1.20958 -0.0942548 -0.72829 0.359351 0.338184 1.51005 -1.45217 -0.448894 -1.19363 0.153039 -2.44915 -0.706637 0.764966 0.186691 0.717453 -0.586319 -1.58227 -0.820769 -1.30219 0.316117 0.373174 1.08903 -0.0356923 0.403528 -0.60967 1.07159 0.318413 0.871212 -0.698526 -2.02797 -1.08221 -0.539037 1.05927 1.63411 0.744034 0.168386 -0.0760468 
0.914031 0.0872613 -1.05502 0.152029 -0.898537 -0.218472 0.448416 0.634311 -0.911449 -0.469407 -0.747917 0.316294 -1.94535 -0.520929 1.03627 -0.0272978 0.850482 -0.330966 -1.21252 -0.897456 -1.51761 0.520626 0.974083 0.681077 0.169278 -0.140578 -0.854969 1.37949 0.0396338 0.72133 0.244972 -1.17913 -1.82832 -1.43009 0.275601 0.385852 0.94852 0.280138 0.920372 
0.833499 0.485558 -1.21966 0.308413 -0.901679 -0.20322 -0.315533 0.460252 -0.995178 0.178715 -0.848633 0.292262 -2.55009 -0.716608 1.25914 -0.122483 0.326524 0.971099 -0.0691217 -1.5414 -0.722428 0.0245782 0.132274 0.183395 0.3947 0.838119 -1.21383 1.39444 0.430735 0.739703 1.12041 -0.684275 -1.32988 -2.28014 0.84571 0.404204 0.480845 0.284146 2.71748 
0.594157 0.961695 -1.11016 0.308575 -0.39234 -0.255355 -0.676156 0.134348 -0.888969 -0.386084 -0.651675 0.640936 -1.3123 -1.49761 1.00972 0.721905 0.22026 2.09781 0.254957 -0.822607 -1.70639 0.538063 -0.444654 -0.0393271 0.194855 3.79451 -1.42899 1.55297 0.485795 0.181189 1.2525 0.692242 -1.23517 -1.65618 -0.0890585 0.882493 0.0900177 -0.356202 2.27045 
0.175423 1.18655 -0.875089 0.415044 0.19258 -0.091104 -0.91452 -0.720082 -0.522912 -0.110984 -0.863714 0.452523 0.300151 -1.65884 1.019 0.905838 -0.0694243 1.00428 1.04154 -0.0566508 -1.62119 -0.143135 1.02217 -0.0686862 -0.849432 2.21575 -1.47967 1.33001 1.25395 -0.113426 1.44763 0.633886 -0.187192 -1.12811 0.151319 -0.64661 -0.0725305 -0.340813 2.28132 
-0.133739 1.66913 -0.678525 0.27913 0.131177 0.2184 -0.715072 -0.987076 -1.0134 0.272616 -0.68143 -0.057774 0.353923 -0.961917 0.941918 1.29961 -0.392356 0.185619 0.635642 0.574595 0.107844 -0.353889 -0.399086 -0.0651649 -0.629907 -0.726042 -1.38007 0.507111 0.985782 -0.351344 1.17457 1.50312 0.584486 -1.93093 -0.988278 -0.0152293 -0.318651 -1.33228 1.00076 
-0.250679 1.84038 -0.25706 0.233906 0.288812 0.196035 -0.491864 -0.645943 -0.831949 -0.371221 -0.891709 -0.0656179 -0.239865 -0.635467 -0.272376 0.683424 -0.449271 0.848073 1.06778 0.80274 -1.11008 -1.1079 -1.04084 -0.367706 -0.853489 -0.866206 -0.928457 -0.249542 1.09781 -0.844169 0.879827 0.907611 1.31606 -0.347736 0.516956 -0.0238429 0.0841893 -1.96541 -0.960731 
-0.418476 1.47852 -0.352174 0.0712578 0.573163 0.704219 -0.125596 -1.75509 -1.98291 -0.402558 -0.860644 -0.759821 -0.291211 -0.583233 -1.30331 0.470236 -0.844288 1.20141 0.638741 1.11393 -0.605307 0.998546 0.369157 0.172014 -1.88265 -0.557345 -0.620741 -1.34534 0.460472 -1.71905 1.37432 0.550894 1.54107 0.169985 0.806847 0.298077 1.60703 -0.0717787 -0.133816 
-0.512796 0.932843 -0.0316247 -0.15952 0.915218 0.484598 0.325156 -1.06492 0.0436758 -0.134736 -0.801155 -1.61419 -0.653366 -0.399236 -1.69366 0.059114 -2.0619 1.31962 -0.293544 1.17565 1.3431 2.11764 1.43159 2.52815 0.762472 0.692799 -0.440579 -1.83019 0.0113282 -1.35195 1.22661 0.429716 1.26807 -0.0339572 1.37452 0.872256 1.45532 -0.724738 -0.326478 
-0.600915 0.299533 -0.321349 -0.894125 1.26127 0.564156 0.736553 -0.826815 -0.127011 0.520857 0.407581 -0.13267 0.232853 -0.152612 -1.37272 -0.451652 -1.1321 0.733082 -0.0344027 0.512773 0.550571 0.726129 0.771907 1.78384 0.956639 0.125326 -0.0359928 -1.39009 0.338226 -0.874485 0.544364 -0.537888 0.428223 0.253909 2.8577 0.873607 2.12229 0.346173 0.494203 
-0.588438 -0.0229631 -0.242578 -0.68814 1.29719 0.463678 0.702606 -0.684654 0.680678 0.362153 0.0950396 -0.82733 -0.554886 0.334529 -0.3379 0.486381 0.781093 -0.46219 -0.458772 -0.630862 -0.991672 1.47494 -0.288756 0.327131 -0.319021 -0.0232059 0.207053 -1.2661 -0.144769 0.197305 0.13704 -0.486311 -0.576575 -0.239704 0.75329 0.0198948 1.94752 1.36797 1.53838 
-0.465606 0.0633591 -0.0882712 -0.524051 1.01939 0.348128 0.277771 -1.51295 1.16591 0.331956 0.575667 -0.395094 0.219938 0.491075 -0.477281 0.218629 1.41267 -0.518697 -0.645599 -1.2624 -0.895606 0.216167 -0.74468 0.835757 0.793461 1.94588 0.304467 -1.08542 0.414472 1.6693 -0.200109 -0.645015 -0.788247 -0.36193 0.846748 -0.952359 1.09751 -0.23174 0.639648 
-0.385339 -0.356065 -0.136244 -0.0213903 1.02582 0.161754 -0.21796 -1.30436 0.87098 -0.121534 0.517353 -0.174689 0.908948 0.165527 -1.24752 0.182012 1.6439 0.144315 -0.443745 -0.391449 0.47418 -0.414944 -0.954526 1.14621 0.0234486 0.888031 0.299629 -0.912522 0.0965968 1.08069 -0.0493737 -0.0473373 -0.840103 -0.784774 0.61604 -0.142431 1.51846 0.291613 0.96932 
-0.403481 -0.805379 0.000729309 0.251311 1.09406 0.139009 -0.00595021 -1.1855 0.803393 -0.28741 1.15316 -0.375822 0.89042 0.000955347 -0.85495 -0.0626047 0.154821 0.438789 0.581072 0.173287 -0.218498 0.553277 0.559785 1.20525 -0.41978 -0.638535 -0.00246767 -1.24381 -0.435939 0.972319 0.291826 -0.118509 -0.165879 0.775941 0.318991 -0.0184113 0.742974 0.191719 0.477392 
-0.39448 -0.951804 -0.163036 0.0545007 1.25418 0.423804 -0.0887439 -1.45588 1.35657 0.238203 1.12435 -0.519992 0.434558 -0.174622 -0.56984 -0.884359 -0.234276 0.314434 0.279429 0.170893 0.613813 0.810285 0.931696 -0.150973 0.222491 -0.241005 -0.121109 -0.396442 -0.295103 0.476258 -0.0309629 0.0882772 1.05398 0.369378 -0.334586 -0.358221 0.551741 -0.136364 -0.657993 
-0.488654 -1.20285 -0.415052 0.144429 1.25752 0.262376 0.121515 -0.761507 1.51411 0.312793 1.08227 -0.192829 0.714164 -0.206856 0.278445 -0.412735 0.532135 -0.489632 -0.455458 1.17762 0.73285 -0.98105 -1.02667 -0.46789 0.246173 -0.238483 -0.182897 0.825995 -0.355669 -0.965178 -0.500962 0.406698 0.402439 0.922292 -0.7353 -0.0822463 -1.09491 -0.493876 -0.609049 
-0.493611 -0.759362 -0.355568 0.30763 0.997983 0.2093 0.774848 -0.949571 0.498173 -0.427807 0.895059 -0.317519 0.260194 -0.133774 1.78342 0.311396 -1.17865 -1.10727 0.292636 0.340677 0.680676 -1.74272 -1.03794 -1.33222 -0.853276 -0.570314 0.889586 2.47485 -0.0985386 -2.2835 -2.80651 -0.402287 1.0071 0.373777 -1.45836 -1.37967 -1.63331 0.0112446 -0.549823 
-0.556138 0.0361824 -0.264806 -0.40606 0.678958 0.391814 0.373129 -0.291276 -0.0114682 -0.360508 0.420962 -0.894701 0.290938 1.67752 3.34966 0.254229 -3.8656 -3.94301 -0.106736 0.112895 -0.212292 -0.862003 -0.775015 -1.74135 -0.231021 -0.493336 1.27497 2.70836 0.269863 -3.01748 -4.04244 2.07372 1.65868 -0.979094 -1.12529 -2.7307 -1.42011 0.345827 -1.68288 
0.223266 1.56886 -0.232382 -1.50502 -1.06064 0.155123 0.859906 -1.09679 -0.255946 -0.931108 0.0292533 -0.507559 -0.105302 2.24373 2.18662 0.123908 -3.22407 -5.27654 2.61673 1.78923 -2.06896 0.319136 -2.52921 -0.589514 1.29629 -1.68243 1.76344 1.491 -0.122998 -2.71423 -3.40741 2.37549 1.03433 -0.432711 -0.60866 -1.81824 -1.29645 0.997729 -0.377131 
0.405927 1.5556 -0.20331 -1.91736 -2.07568 1.58977 1.68393 -1.72231 0.26903 -1.99802 0.130881 0.171535 -0.966335 1.24272 -1.16226 -0.45216 -0.0953505 -1.43827 3.4392 1.21269 -0.405068 0.0890605 -1.59977 -0.0136351 1.50767 -0.00667636 1.86198 0.700678 -0.060209 -2.15944 -3.33278 2.65449 0.198347 -0.941612 -0.200298 -1.95204 -0.809469 0.656935 -0.292798 
0.751855 0.759407 -0.443576 -1.54664 -1.81197 1.73122 1.74914 -1.37731 -0.176983 -1.96767 0.0270144 0.73255 -0.10582 0.839974 -1.15654 -0.220632 0.0713477 0.0130784 1.10692 -1.54058 0.733561 -0.577788 -0.0204178 -0.50876 -0.455437 1.29562 0.89173 -0.702603 -0.117715 -0.392351 -1.08618 2.83429 -0.379637 0.403285 0.0105722 -0.912236 -0.323457 0.380881 -0.0906918 
0.760113 0.750129 -0.304906 -1.88068 -2.0695 2.09359 0.559961 -1.21552 -0.236132 -2.01342 -0.118836 -0.203098 0.00982166 0.231508 0.137427 0.262744 -0.483084 -0.27846 0.536535 -1.70862 0.967261 -0.0821425 0.408916 -0.429238 -1.01983 -0.108844 0.551652 -0.573415 0.039097 0.223146 -0.0665912 0.832865 -0.996361 1.3474 -0.126837 0.454126 -1.15788 -0.130484 0.331063 
0.842552 0.853783 -0.316359 -1.7704 -1.95795 1.9728 0.502298 -0.708921 -0.247985 -1.70548 -0.182956 -0.106324 -0.182959 0.0701185 0.320884 0.283975 0.246874 -0.120168 0.0626675 0.250167 1.16073 0.411653 0.615083 -1.05935 0.28935 -0.845009 0.00743223 0.29498 0.476578 -0.281453 -0.258727 0.480834 -1.20522 1.36944 0.409129 0.746467 -0.745651 -1.50517 -0.380863 
0.780922 0.972085 -0.16764 -1.76154 -2.13287 2.11729 0.745393 -0.413344 0.125405 -1.61793 -0.643756 0.0348899 -0.619417 -0.224181 0.298559 0.505754 0.0662067 -0.131956 0.139474 0.149155 0.958137 0.591002 0.567771 -0.582975 -0.904172 -0.396177 -0.306798 0.716379 0.487063 -0.0363476 -0.137862 0.883068 0.0147723 1.40218 0.239259 0.681911 -0.568973 -0.236807 -1.17143 
0.735918 1.06021 -0.0741109 -1.73613 -2.02747 2.03182 0.613868 -0.0468366 0.270653 -1.34057 -0.469768 -0.850061 -0.475589 -0.584045 0.732182 0.501425 -0.306682 -0.0994373 1.1773 -0.238002 0.810854 -0.116727 0.277244 0.285392 -0.591401 -0.7212 -0.299217 0.203612 0.328419 0.0870683 0.29593 -0.132722 0.882679 1.16911 0.542906 0.55838 -0.125009 -1.06035 -0.954758 
0.518453 1.48006 0.0725591 -1.90244 -2.18541 2.65347 0.573872 0.146899 0.0241086 -1.44087 -0.496532 -0.451579 -1.1558 -0.277169 0.00363107 0.0239335 0.0537773 0.597184 -0.323717 0.981078 0.684596 0.0863361 0.163129 0.407715 -0.451012 -0.879192 -0.574865 0.712425 0.660337 0.180151 0.170578 0.489245 0.0507028 0.736624 -0.465154 -0.383427 0.0353466 -0.688452 -0.832005 
0.606338 1.06155 -0.0599391 -1.7077 -1.71643 1.87788 1.33375 0.426105 0.34723 -1.2373 -0.261404 -1.22105 -1.13046 -0.374558 0.315094 0.563267 0.562269 0.36677 -0.489502 0.296454 0.221666 -0.475484 -0.777065 -0.244409 -0.288205 -0.389396 -0.590982 0.450616 0.478371 0.143327 -0.0732628 -0.590481 0.422989 0.0296179 -0.903878 -1.16203 -0.665333 -0.687552 -1.30245 
0.3467 1.69799 0.342032 -1.63515 -1.99463 2.42331 0.793149 0.299741 -0.39144 -1.9455 -0.614118 -0.688655 -1.44335 -0.708168 0.660262 0.747456 0.148165 -0.714806 -0.50234 -0.443034 -0.649631 -1.23108 -1.68041 -1.31162 -0.427443 -0.862884 -0.51389 0.313537 0.602447 0.484423 0.023805 -0.533192 0.597356 0.191968 0.0969618 -0.481045 -0.326782 -0.0725433 -0.927739 
0.290119 1.51951 0.296723 -1.63494 -2.09016 1.64182 1.01231 -0.023522 -0.730178 -2.326 -0.912414 -1.57266 -1.77311 -0.482897 0.148066 0.408115 0.136582 -0.33115 -0.256231 0.466215 0.0423684 0.591201 0.14968 -0.202948 0.196211 -0.849706 -0.70492 0.880506 0.813283 0.0382024 -0.485394 0.197053 -0.124313 -0.485314 -0.162772 -0.0579093 -0.160884 1.44434 -0.95441 
0.128032 1.79977 0.538062 -1.56783 -2.16812 2.3004 1.13656 0.328606 0.127372 -1.85092 -0.710982 -0.527279 -2.07611 -0.466173 0.633146 0.563763 -0.0993688 -0.0534525 0.780467 0.276024 -0.0419488 1.01968 1.60596 1.08798 2.27521 -0.412018 -0.428011 0.12788 0.236955 0.299429 -0.0933154 -1.19654 0.582878 -0.138278 0.905081 0.132484 0.120534 0.625117 -0.142776 
0.0786933 1.95862 0.56643 -1.67845 -2.11871 1.99555 1.21664 -0.0529593 0.163963 -1.28984 -0.364033 0.298788 -2.07762 -0.2321 0.0432245 -0.0258546 0.29277 0.18187 -1.41957 0.277803 -0.244297 0.54226 0.0246745 0.358808 0.603949 0.664272 -0.557635 0.514795 0.604208 0.389576 -0.239972 -0.291012 0.388903 -0.00531957 1.28095 0.46691 0.365859 1.88857 0.547446 
0.0179691 1.82864 0.528666 -1.42714 -2.07384 1.64264 1.3422 0.159253 0.603315 -1.83717 -0.527062 -0.0305195 -1.57344 -0.463847 0.124728 0.410457 0.660047 -0.327355 -1.18664 0.218109 0.027619 0.587152 -0.994592 -0.601289 0.140625 1.15308 -0.446821 0.443373 0.186835 0.260393 0.17798 -1.34428 0.125488 -0.643816 0.187881 0.107179 0.618434 1.65966 1.57936 
-0.131725 2.04417 0.763568 -1.36523 -2.29021 1.44487 1.37863 -0.0342932 0.679229 -1.93511 -0.659999 0.414443 -1.20836 -0.514099 0.610063 0.327331 0.0797146 0.0971486 -0.463371 -0.123011 -0.670922 -0.31204 0.116613 0.468484 1.51916 1.46195 -0.620981 0.272387 0.209549 0.835727 0.758382 -0.384706 0.0552268 -0.672381 -1.04399 -0.520504 0.403562 0.526795 1.44614 
-0.214211 2.25169 0.686455 -1.38653 -2.02379 1.42449 1.25476 -0.305096 0.330935 -1.76397 -0.288323 1.21904 -0.472538 -0.571253 0.278174 -0.0723705 0.550584 1.52266 0.6491 -0.153828 -0.983143 -1.90835 0.315644 1.13882 0.533802 0.794313 -0.875331 0.488855 0.356159 0.497919 0.844794 1.06234 0.108893 -1.07807 -1.14511 1.13773 0.175331 0.339019 -0.447215 
-0.388655 2.23642 0.732153 -1.10344 -1.49614 1.7382 1.26866 -0.714531 -0.991436 -1.73322 -0.0862049 0.853504 -0.608162 -0.942923 0.109827 0.247071 0.638796 1.23458 1.95469 0.256426 -0.857011 -1.1365 1.37136 -0.238729 -1.08486 -2.05603 -0.561888 0.227824 -0.117521 0.922235 1.70255 -0.281818 -0.330763 -1.13131 -1.72943 0.496071 0.563755 -1.88685 -0.000918218 
-0.632088 2.32687 0.806252 -1.0833 -1.38007 2.31808 1.44477 -0.898118 -0.663633 -0.879491 -0.40307 0.326683 -2.01 -0.365823 0.059472 -0.116732 0.786072 1.16322 -1.04239 -0.279137 -0.619904 -0.276087 0.333834 -0.385266 -2.94589 -0.789329 -0.506882 -0.402958 0.623197 0.528498 2.45631 -0.0918757 -0.907377 -0.199042 -1.82002 0.852294 -1.65963 -3.02863 0.58888 
-0.556625 2.27659 0.679739 -0.731028 -0.889665 1.25385 1.06706 -1.1436 -1.23232 -1.51958 -0.274196 -1.56964 -1.19564 0.0970936 -0.695874 0.757757 0.124263 2.64127 -2.08166 -1.4322 0.569347 -1.16203 -0.256385 -2.00601 -2.78732 2.85271 0.345539 -2.16957 1.25172 -0.690026 2.27252 -1.90139 -2.38119 0.995027 -0.310762 1.5455 -0.908109 -2.13627 1.69644 
-0.599597 1.84176 1.16779 -1.02176 -0.00216126 1.35591 0.400037 -0.504868 -1.68056 -1.04746 -1.40116 -1.96603 0.133923 0.93401 -3.23248 2.13465 -1.79816 2.42248 -1.62166 -2.79526 2.01702 -0.121683 1.68701 -0.846026 0.21484 3.0727 0.81626 -3.45382 0.887864 -0.702887 2.82106 -2.30612 -2.47615 2.20337 1.02424 0.223435 0.0525212 -0.780417 2.97402 
-0.161717 0.0274717 1.69305 -1.57252 0.37405 0.503171 -0.974341 0.250659 -1.33796 -0.431014 -0.69249 -1.39294 1.11326 1.25194 -4.35774 0.673676 -1.15509 1.81041 -1.14984 -1.76452 2.53269 2.44556 0.549591 2.07015 1.79012 1.14557 0.373606 -3.59012 1.5117 -1.80492 1.97654 -0.931772 -1.26877 2.01975 1.55101 1.878 -0.190021 0.807908 1.55071 
-0.0670151 -1.18988 1.48953 -1.56118 0.942097 0.822156 -0.88768 1.24596 0.462575 -0.694315 -0.361857 -0.493596 0.997552 -0.319265 -2.02072 0.302313 -0.838103 0.695951 0.317091 1.15393 0.825931 2.06862 0.768325 0.583095 0.819069 -0.984934 0.280091 -3.00809 1.43538 -1.72153 1.61361 -1.77217 -0.287056 2.06288 2.01007 1.00411 0.916397 2.50147 0.465354 
-0.309526 -1.37897 1.839 -1.96304 0.736639 0.643853 -0.128074 0.821328 0.474996 0.0635594 -0.396465 -0.719232 0.379085 -0.792316 -0.043155 1.64027 -1.3597 0.735065 -1.33303 1.38786 0.371114 0.0795209 0.763778 -0.841046 1.40949 -0.514705 -0.464845 -1.34164 0.700683 -0.66204 0.616335 -0.792729 1.19151 1.1655 2.08253 0.158775 -0.0797878 0.711212 -1.24113 
-0.419673 -1.22108 2.26882 -2.19671 1.3251 0.204179 0.129637 1.50214 0.533182 -0.202682 -0.777661 0.665752 0.61603 -0.456833 0.0601075 0.827411 -0.133214 0.275104 -1.42671 0.374146 0.811714 0.54772 -0.559615 -0.697373 0.0911868 -0.674837 -0.667913 -0.11811 0.973672 -0.197875 0.349141 -1.36952 0.926916 -0.598049 0.0271071 0.981444 0.881724 0.715218 -0.0872718 
-0.516908 -1.33836 2.23351 -2.02245 0.879576 -0.0171955 0.148012 1.38217 0.955721 -0.30047 -0.740457 -0.644243 -0.12253 -0.320637 -0.125771 -0.0705318 1.06458 -0.185833 -0.585298 -0.200638 -1.22176 -0.0517788 0.519969 2.02339 -0.494107 0.403776 -0.568766 -0.0745358 0.609861 0.556458 0.0839878 -1.63589 -0.289949 0.0077193 0.413364 -0.271666 0.581089 1.13497 0.631193 
-0.568077 -1.30974 2.23827 -1.69348 1.22746 -0.0700204 -0.0145625 0.656908 0.488777 0.131312 0.238269 0.259312 0.923337 -0.491652 -0.165226 0.155921 0.937006 -0.144472 -0.865082 -0.754533 -0.807646 -0.0335262 0.205839 1.4743 1.36097 1.52831 -0.367174 -0.308833 -0.412703 0.317308 -0.00332414 0.0733884 0.246324 -0.842927 -0.0908894 0.662464 1.23272 -0.42033 -0.233082 
-0.739367 -1.45445 2.31015 -1.57914 0.803523 -0.420028 -0.401199 0.823278 0.927305 -0.169582 0.00102205 0.475197 1.02814 -0.293442 -0.322442 -0.594362 -0.609179 0.178624 0.690037 0.511095 0.0256019 -0.0690837 0.346946 -0.367712 -0.0426301 -0.710429 -0.475053 -0.594359 0.0172957 0.83228 0.769161 0.283835 0.403792 -0.163087 -0.167317 1.22482 0.727195 0.340753 0.545436 
-0.704703 -1.53516 1.95976 -1.97646 1.32004 0.242127 0.361661 0.67418 0.429214 0.353435 0.059052 0.224232 0.395029 -0.301379 -0.701101 -0.127718 0.268603 1.3568 1.26488 1.26785 0.570714 -0.183589 1.39594 -0.500345 -0.924445 -0.789949 -0.356361 -0.831915 -0.13451 -0.300367 0.0167271 0.297747 0.378036 0.643346 -0.241504 0.602205 -0.0336082 -0.0337932 0.14539 
-0.87943 -1.9432 2.25254 -1.4498 1.51103 0.15641 0.528365 1.21747 0.767441 0.730789 -0.244489 -0.285216 0.440195 -0.3027 -0.891752 0.377875 0.164748 -0.154178 -0.270731 -0.0309612 0.875307 -0.241463 0.441224 0.315707 0.000188611 0.911805 0.335093 -0.368875 -0.45062 0.185033 0.332398 0.645625 -0.344135 0.351642 -1.38591 0.734158 0.0845376 0.666204 -0.555882 
-0.845339 -2.1565 2.14148 -1.89591 1.23892 0.112553 0.34153 1.27899 0.218656 0.636516 0.221429 0.224371 1.08334 0.852239 0.164963 -0.598292 -0.00590384 -0.833997 -0.357824 -1.71804 -0.0813873 -1.56822 -0.435341 0.607664 1.77715 0.0499973 0.687391 1.31134 -0.45254 1.3116 0.50787 -1.02528 -4.41337 -0.907688 -1.46664 -0.624762 -1.83456 0.308427 2.49594 
-0.519933 -1.82967 1.97217 -1.44941 1.07509 -0.0132065 -0.725365 1.16077 -0.605292 0.44711 0.0638159 1.17655 0.482181 1.43796 2.81606 -1.10698 1.73914 0.953998 -1.16495 -5.66135 -2.16284 -1.61202 -1.25641 -2.79634 0.394994 2.44475 1.49569 2.30799 -2.38521 1.58039 -0.551982 -2.34557 -4.34901 -0.0305952 -1.1501 -0.756643 -1.52926 -0.345334 1.6094 
-0.232202 -0.199354 1.62032 -1.07581 1.73619 -0.428145 -3.79557 -0.216963 -1.19244 -0.178041 -1.17169 0.549256 2.92131 1.62385 3.21879 -3.24599 2.30136 -0.0393861 -2.929 -3.89137 0.0313948 0.113394 -0.552186 -2.6766 -2.21798 2.11654 1.64134 2.52564 -2.92372 2.57479 -0.639041 -3.04162 -3.27339 0.103253 0.0373316 -0.411581 -2.45871 -0.852222 0.193836 
0.173702 0.407534 0.438479 -0.365214 1.05389 -1.36494 -3.56825 1.18204 -0.505014 0.0878839 -1.26945 -0.647852 2.074 1.27974 0.886412 -3.6053 2.00496 -1.96482 -3.0978 1.4376 2.3017 1.65264 0.719802 -0.525979 -1.48403 -2.17835 1.18993 2.65526 -3.07405 2.36217 -0.52748 -3.26278 -1.39425 0.481621 1.11701 -0.245512 -1.64419 -2.0172 0.982361 
0.312422 0.415879 -0.0834606 -0.13084 0.710047 -1.85749 -2.74188 1.37415 0.256137 0.285159 -1.43002 -0.671436 1.29211 0.34504 0.673497 -1.70861 1.133 -0.795315 -1.64383 2.08838 0.641327 1.28697 0.232588 0.452685 -0.360806 -0.791689 0.847373 1.17091 -2.84501 1.94837 -1.21369 -2.75546 1.49669 1.80833 1.49112 0.568323 0.633965 -1.98659 -2.19311 
0.313563 0.874703 -0.367472 0.170165 0.638139 -2.12581 -2.0387 1.62507 0.623257 0.236067 -1.03861 -0.944646 1.48475 0.120899 0.832255 -0.980121 0.826569 0.0467927 -0.76372 0.483622 0.242947 0.218874 0.0240918 1.37422 -1.05561 -0.759282 0.327008 0.613868 -1.62294 1.38364 -0.526879 -0.742734 1.43867 -0.0415811 1.71329 0.0853218 1.20864 -0.871314 -2.12519 
0.355221 0.993451 -0.544572 0.260595 0.733821 -2.21372 -2.38575 1.5417 0.448811 0.298535 -0.738566 -1.53973 0.727169 0.192408 0.229456 -0.907006 0.875821 -0.0384372 0.604303 -0.241905 -0.70682 0.864349 -0.119864 1.17052 -0.75264 -2.05477 0.201101 0.441112 -1.27366 1.53009 -0.519947 -0.270552 0.389225 -0.679079 0.431597 -0.384688 1.47735 -0.81952 -2.35148 
0.387328 1.03308 -0.793973 0.584736 0.617429 -1.85308 -2.21308 1.13589 1.38133 0.156366 -0.448973 -1.56374 -0.051765 0.207691 -0.182279 -1.07251 1.39561 -0.869601 0.386229 0.0109267 -1.20792 0.318281 -0.52556 0.611355 0.00839354 -2.39092 0.214014 -0.0668612 -0.878173 1.83478 -0.827529 -0.318289 0.143175 -1.02252 -0.232278 -0.829485 1.35728 -1.10466 -2.47491 
0.435604 0.865499 -1.04942 0.919327 0.279302 -2.04125 -2.37525 0.706039 0.72856 -0.0434763 -0.428416 -1.53285 -1.06145 0.157602 -0.323336 -0.508158 1.79023 -1.26996 -1.04873 0.419483 -0.742735 -1.16328 -0.962851 0.653131 -0.659201 -1.26111 0.0769012 -0.548739 -0.468399 2.44325 -1.45294 0.544378 0.18077 -1.49347 -1.773 -1.19643 1.70994 -0.498826 -2.72447 
0.446021 0.807032 -1.03167 1.42884 -0.046048 -2.34035 -1.90384 0.621889 0.363314 -0.468383 -0.117941 -2.10598 -0.993068 -0.0851265 -0.617244 0.317841 2.15687 -1.42613 0.378873 0.215082 -0.906117 -2.55759 -1.03666 1.68786 -0.645509 -1.25995 0.116845 -0.319544 0.112317 2.64034 -1.32852 0.446587 1.17741 -1.01852 -2.94402 -1.05759 2.50308 -0.380839 -1.08755 
0.389186 0.435064 -0.896119 1.93565 -0.465689 -1.87216 -2.21547 0.0790619 -1.5108 -0.71595 0.419804 -2.06382 -2.00188 0.0312215 -0.140562 0.689521 2.04937 -0.829355 1.67672 1.09043 -0.701177 -2.55082 -0.417948 2.71566 0.172964 -0.192507 -0.0431476 -0.0728781 0.575124 2.15789 -1.3466 1.16178 1.78209 -0.729481 -2.72728 -0.932566 2.19804 -0.237441 0.394168 
0.449986 0.708091 -0.702437 2.39466 -0.479562 -1.57456 -1.104 0.136621 -1.87012 -0.740815 1.24401 -1.96372 -1.13295 0.00855056 0.514553 0.6095 0.979886 -0.701728 1.25188 2.0738 -0.129973 -0.883537 -0.180755 1.26957 0.342648 1.79527 -0.108902 -0.167906 0.996052 1.50061 -1.61691 2.30515 1.60162 -1.5233 -1.56963 -0.281446 2.19839 0.865621 0.937671 
0.383334 0.791701 -0.604761 2.39911 -0.832591 -1.3017 -0.696589 -0.0112409 -2.28379 -0.83502 1.05895 -1.78199 -0.651007 -0.216872 -0.101285 0.916296 0.129867 -1.72525 1.55712 0.965956 -1.45496 0.567631 0.0513928 0.242242 0.934747 1.45737 -0.259423 0.156317 1.15329 1.03306 -1.00152 1.40273 1.71949 -1.35367 -0.0130127 0.247006 1.40941 0.138407 2.13183 
0.346517 0.636463 -0.265853 2.45883 -1.38067 -0.863766 -0.395183 -0.869861 -1.37196 -0.709787 1.36966 -1.19487 -0.0354836 -0.443889 -0.281619 1.24977 0.518222 -0.881353 0.716693 0.134437 -1.78682 0.860752 0.504763 0.62438 -0.164883 1.07253 -0.489053 -0.442677 1.3359 0.296264 -0.614697 0.858507 0.529752 -2.25188 0.125888 0.453211 0.288501 0.173572 1.50852 
0.181558 0.594666 -0.0103232 2.6457 -1.29324 -0.977301 -0.59578 -1.24719 -1.52886 -0.510858 1.37561 -1.91763 0.157844 -0.599383 -0.542926 1.23731 0.294874 0.752859 -0.351587 -0.290377 -1.72916 -0.415485 0.542078 0.140126 -0.712013 0.573756 -0.588655 -0.515714 1.0912 0.192677 -0.263198 1.22341 0.104233 -1.93542 1.7418 0.386438 0.448621 1.02349 1.34277 
0.0774064 0.257711 0.322687 2.60051 -0.988379 -1.03051 -0.605 -2.06594 -1.73495 -0.361498 1.44428 -1.78054 0.399303 -0.537588 -0.469542 0.509416 -0.244388 0.463878 1.00046 -0.00702594 -0.950791 1.32647 0.00145005 -0.0260852 1.47447 0.736108 -0.556778 -0.403774 1.00997 0.152607 -0.0148865 0.621692 -0.308776 -1.35905 -0.333124 -0.181388 0.3639 0.75741 0.190681 
-0.0607934 0.266946 0.233659 2.53407 -1.05178 -0.522435 -0.598409 -1.90506 -0.365994 -0.512121 1.36715 -0.704832 0.714388 -0.329216 -0.0443163 0.390937 -0.0794133 -0.778321 1.22509 -0.114264 -0.195226 -0.0104473 -0.777881 0.34392 1.68135 -0.311585 -0.650757 -0.0560541 0.535666 -0.261127 -0.0100475 0.880403 -0.928168 -0.935149 0.464324 -0.779323 -0.340498 1.03739 0.303883 
-0.0747117 0.2257 0.510585 2.56637 -1.39526 -0.472372 -0.686042 -2.20136 -1.74315 -0.866651 1.62076 -0.397578 0.170114 -0.546906 0.391488 0.354324 -0.142879 -0.481702 0.235777 -1.19554 -0.375486 -0.748093 -1.01862 -0.439768 -0.147105 -0.321985 -0.661301 0.48269 0.460191 -0.955321 0.0649554 0.37424 -0.482342 0.152619 1.01987 -0.273083 0.059948 1.45367 -0.0616515 
-0.30718 0.538001 0.404225 2.47012 -1.30384 -0.419137 -1.47008 -2.16513 -1.02033 -1.17293 1.15192 -0.825847 0.4774 -0.772769 0.755178 0.351148 -1.31916 0.878906 -0.698534 -0.51397 0.403741 1.28847 0.422254 -0.269762 0.178354 0.235046 -0.864184 0.675145 0.668899 -0.834491 0.433884 -0.134834 -0.664897 0.0801857 0.226074 0.723451 0.787763 1.21437 -0.387463 
-0.418906 0.749672 0.679649 1.94989 -0.937178 -0.798633 -1.05935 -1.92262 -0.613567 -0.595837 1.4905 -0.25089 0.35088 -0.891626 0.601196 0.724169 -1.07967 1.16472 -0.422982 0.332129 0.4818 1.02641 1.96523 1.49541 1.70079 -0.191896 -1.02085 0.532858 0.240514 -1.19941 0.491313 -0.945096 -0.17531 0.116462 0.550197 0.739571 -1.12802 -0.380094 -0.150477 
-0.702843 0.954891 0.749864 1.96613 -0.696589 -0.618711 -1.22472 -1.83241 -0.120299 0.0955247 1.90394 0.57311 0.337974 -0.925642 0.0291469 0.0368503 -0.435006 -0.105225 -0.624718 0.281266 -0.246243 -0.601946 0.545421 -1.25809 -0.663638 -0.430817 -0.922407 0.408117 0.373361 -0.575381 1.11501 -0.325356 0.584133 0.107881 -0.0187912 1.10566 -0.302852 0.464536 0.184848 
-0.829299 0.768749 0.699935 1.74871 -0.992746 -1.09096 -0.851181 -2.09332 -1.13989 -0.245386 0.866246 -0.796776 0.0322713 -0.643489 0.000463081 -0.12204 0.234593 0.593605 -0.031349 0.413506 -0.33641 -1.05648 -0.519159 -1.91049 -1.10598 0.446237 -0.92512 0.374642 0.154903 0.108111 0.430301 -0.409205 0.0921258 0.307554 -0.239573 0.301193 -1.36977 0.0366338 0.0611855 
-0.991053 0.95402 0.694937 2.07949 -0.387417 -0.638227 -0.919855 -2.06546 -1.04477 -0.242347 0.953597 -0.336619 0.677125 -0.613973 0.523494 0.213156 0.585646 0.782586 0.0528248 -0.169451 0.673363 0.293832 -0.150603 -0.595772 0.711257 0.519164 -0.763889 0.180751 0.0191985 -0.378547 0.565652 -0.274279 0.417037 0.14171 -0.886446 -0.419745 -1.20395 -0.0594325 0.839961 
-1.10473 1.1316 0.803677 2.02698 -0.584939 -1.07177 -0.972577 -1.62815 -0.881558 -0.344962 0.573037 -0.211752 0.426115 -0.628672 0.26825 0.153309 -0.792918 0.297436 -0.351367 0.11687 0.529532 -0.0663092 -0.0281213 0.280248 1.03075 0.687473 -0.6862 0.381452 -0.0283709 -0.188164 0.95491 -0.365045 -0.465427 -0.18547 0.230608 0.644396 -0.0750689 1.57074 1.22953 
-1.27285 1.13937 0.770351 1.71019 -0.232825 -0.804875 -0.831891 -1.69974 -1.1019 -0.262731 1.09825 0.511201 1.19719 -0.529315 0.0391184 -0.258561 -0.86662 0.722982 -0.562802 -0.436992 -0.941877 -0.00980115 0.993908 0.487857 1.29814 1.13747 -0.49334 0.21723 -0.0777518 -0.867976 0.141614 -0.95 -0.267168 0.373885 0.715896 0.881316 0.337167 0.59983 -0.147074 
-1.3435 1.15761 0.684127 1.62306 -0.208241 -1.33563 -1.2896 -2.27985 -0.889193 0.295466 0.82146 0.856012 1.28367 -0.194695 0.0538812 -0.27831 -0.478407 -0.0758284 -0.978761 -0.46791 -0.00882026 0.961511 1.18102 0.167748 -0.262924 -0.878676 -0.501723 -0.132089 -0.280977 -1.06979 0.558472 0.499148 -0.137693 -0.551276 0.289522 0.665783 0.258892 0.2407 0.938327 
-1.36671 1.17565 0.641451 1.48863 -0.273051 -1.25997 -1.17152 -1.70627 -0.258714 0.49868 1.18667 0.294919 0.542708 -0.307958 -0.228515 -0.194009 -0.698705 0.156723 1.26449 0.252746 0.157226 0.368028 -0.122656 -0.145417 -0.989567 0.128276 -0.40954 -0.228429 -0.183981 -0.360539 -0.0397382 -0.475726 -0.105606 -0.229699 -0.158171 0.461918 -0.0938684 0.0949292 -0.184299 
-1.48641 0.997508 0.595132 1.29802 -0.127091 -0.759373 -1.10228 -2.17157 -0.565869 0.213959 0.753352 0.0420346 1.38436 -0.489662 -0.384355 -0.0179174 -0.053683 0.0111321 0.3136 0.325 -0.3221 -1.16711 -0.576176 -0.301015 0.38509 0.637506 -0.44238 -0.55558 -0.254259 -0.704228 0.00685694 1.10279 1.14931 1.75687 0.799239 0.490274 0.341448 -0.520129 -0.399716 
-1.58831 0.907171 0.635812 1.46658 -0.267889 -1.1209 -0.931372 -1.92942 -1.28009 0.123943 1.04079 0.611657 1.0253 -0.430876 -0.581025 -0.215495 -0.334072 -0.147859 0.28355 1.22097 2.31482 0.632136 0.764559 0.599186 0.32521 -0.658605 -0.520275 -0.268551 -0.215958 -0.833461 0.182083 0.355774 -0.135607 -0.0587632 -0.606408 0.165857 0.267214 0.904198 1.26461 
-1.68255 0.592261 0.495967 1.14426 -0.204912 -0.634112 -0.206997 -0.57139 -0.0111996 0.706097 1.05742 0.309519 0.894919 -0.378385 -0.00487152 -0.329851 -1.16736 0.274364 0.187065 -0.506559 0.232363 0.397002 0.794141 0.654677 0.771952 1.06622 -0.353998 -0.159291 -0.0953161 -0.686044 0.0147674 -0.398 0.156317 0.950244 0.711975 0.603636 0.883583 0.329824 0.0190102 
-1.76172 0.902591 0.482515 0.921399 -0.125338 -1.03999 -1.29926 -1.76918 -0.931385 0.635208 1.3726 1.24661 1.82942 -0.161346 0.351795 0.062184 -0.672215 0.169211 -0.839732 -1.02646 -0.98089 0.258128 0.0254824 0.585667 0.097335 0.690339 -0.242739 -0.208941 -0.288414 -0.920351 0.193888 0.964788 0.969065 1.02897 1.44285 0.599003 0.334914 0.729884 0.57869 
-1.76197 0.835712 0.528245 0.831665 -0.117244 -1.02529 -0.955041 -1.25007 0.215858 0.720372 1.35473 0.389566 1.41714 -0.0292777 -0.297065 -0.134706 -0.180264 0.0297691 1.16748 1.74808 1.21264 1.41373 -0.0101554 -0.20972 0.162182 -0.283217 -0.174392 0.146522 0.236327 -0.325359 0.438413 0.30907 0.0361517 -0.185888 0.250386 0.0304283 0.670531 0.345188 0.358231 
-1.78395 0.694815 0.421593 0.839888 -0.11045 -0.508336 -0.0185511 -0.931117 0.307917 0.626441 1.27235 1.37999 1.62151 -0.13294 -0.133205 0.319065 0.191374 0.520956 1.27491 1.06617 0.711786 0.0508117 0.0155092 0.31188 0.344858 -0.203264 -0.268657 -0.462619 0.419635 -0.137294 -0.0409517 1.06801 0.874436 1.20427 1.09563 -0.0382862 -0.36916 -0.755032 -1.17732 
-1.8291 0.741887 0.682122 0.924727 0.15401 -0.44424 -0.172947 -0.758328 0.261317 0.728199 1.5152 0.673211 1.26919 -0.421379 -0.376347 0.811423 -0.0266029 -0.0963812 0.331796 -0.628463 0.47971 -0.0402857 -0.0386469 -0.294785 -1.12693 -1.2909 -0.35821 -0.499649 -0.210665 -0.695114 0.530175 1.74348 0.775002 0.521171 -0.214646 -0.219668 -0.833352 0.239598 0.126477 
-1.97598 0.431904 0.808534 0.830558 -0.161402 -0.360894 -0.475579 -0.599846 0.27358 0.599253 1.12958 0.453028 0.657862 -0.466268 -0.594433 -0.658303 -1.21087 0.314078 1.17142 -0.0746461 0.0167388 -0.327534 -0.301335 -1.44236 -0.0376915 0.379252 -0.412002 -0.41055 -0.0183439 -0.559439 0.52824 0.782432 -0.0539095 0.27214 0.14536 0.424492 -0.291852 -0.85691 -0.593723 
-2.04056 0.327316 0.373348 0.359102 0.317289 0.0892262 -0.22502 -0.747185 -0.024635 0.531165 0.798835 0.642193 1.5581 -0.267062 -0.220818 -0.840666 -0.795245 0.92836 0.767077 0.55215 -0.102557 0.216956 0.594588 -0.105468 0.031902 0.500158 -0.302636 -0.545653 -0.214383 -0.561822 0.140591 0.818994 0.281793 0.184834 0.349629 0.0520934 -0.12891 0.653389 0.451249 
-2.10119 0.277152 0.413435 0.460169 0.322489 -0.0133266 -0.0693356 -0.671192 0.464573 0.981493 1.08144 0.479254 1.03745 -0.0407533 -0.20057 0.313073 0.385554 -0.0940865 -0.0212811 0.430796 0.237229 0.761459 0.370638 1.26184 0.874005 0.232683 -0.263347 -0.273467 -0.194123 -0.498765 0.421149 0.810224 0.919594 0.19993 -0.170217 -0.47316 0.0533711 -0.460289 0.520402 
-2.06777 0.186644 0.524388 0.543377 0.267534 0.0743386 0.0924885 -0.583581 0.643315 0.768607 1.43412 1.36108 1.73709 -0.174785 -0.175608 0.528092 0.0617872 -0.265448 0.370762 0.625637 0.377825 -0.437724 -1.21167 0.170758 -0.619737 0.204603 -0.347512 -0.455406 -0.0130008 -0.243375 0.408958 1.37081 1.10822 1.11296 1.32336 0.595983 0.745485 -0.846172 -0.344786 
-2.18643 0.153838 0.666257 0.492359 0.183295 0.152031 0.390642 -0.410372 0.0820999 0.195866 1.17137 -0.0305225 1.19539 -0.540709 -0.462279 -0.333704 -0.746961 0.737753 1.9451 0.989986 1.32629 0.898785 0.409402 -0.263216 -1.9553 -0.689278 -0.208062 -0.349933 0.273475 0.144137 0.252501 0.351235 0.600889 0.489797 -0.0181389 0.187501 -0.326087 -0.0133926 0.51289 
-2.31147 -0.136025 0.369267 0.195669 0.651941 0.963512 0.81888 0.333065 1.43155 1.03111 1.30713 -0.247251 1.22465 -0.175354 -0.332791 -0.0869656 0.141335 0.662114 0.123539 0.141583 0.306433 0.408483 1.45792 -0.617178 0.603384 0.490074 -0.310334 -0.237212 -0.0261762 -0.00557039 0.497477 0.248394 0.316242 1.02657 0.622055 0.44827 -0.181736 -1.15772 -0.252461 
-2.27192 -0.0787829 0.627934 0.561915 0.528224 0.203726 0.496676 -0.198916 0.440861 1.13631 0.86746 0.465772 1.56741 0.020918 0.118944 0.291836 0.731989 0.0456597 -1.59499 -0.589457 0.115334 -0.121767 0.177611 0.0114565 0.475606 0.356613 -0.125343 -0.155416 -0.0302984 -0.297508 0.432501 1.02139 0.64977 0.623728 1.26658 1.62904 -0.13942 0.0454638 -0.0486585 
-2.31197 -0.0545021 0.510254 0.542676 0.675124 0.225098 0.390373 0.412383 1.32584 1.14375 1.31743 0.143941 1.49659 -0.0375704 0.109236 0.0384534 -0.581602 0.0187204 1.31037 0.688607 0.566795 1.18024 0.672083 0.422484 -0.544473 -0.549172 0.0107189 0.0292997 0.29337 0.420224 -0.148739 -0.315048 -0.0216977 -0.275864 -1.0472 -0.109891 -0.397832 0.768008 0.187846 
-2.29774 -0.00401082 0.648979 0.291882 0.537346 0.801075 1.0027 0.19257 1.47564 1.56865 1.08321 0.0179034 1.16004 -0.00813881 -0.0720094 0.181358 -0.126664 -0.282437 1.15511 0.55464 -0.51139 -1.20347 -0.319985 -0.554627 0.50728 -0.0982472 -0.0580958 0.0307925 -0.0304399 -0.130739 0.106729 0.835302 1.07106 0.976899 0.91395 -0.0210746 0.574595 -0.140658 -0.485976 
-2.32505 -0.105771 0.598945 0.486344 0.527063 0.751067 0.798438 0.0583447 0.272616 0.934656 1.04479 0.561185 1.42739 -0.063802 -0.0601155 -0.0871937 0.384284 0.147812 -0.137365 0.684304 0.804742 -0.035613 -0.698394 0.345691 0.365375 -0.0969444 0.00540158 0.111075 -0.189612 -0.548927 -0.370778 0.257236 0.912478 0.24161 -0.966713 -0.112712 -0.396897 -0.412342 -0.609696 
-2.33493 -0.0470086 0.610547 0.47556 0.613845 0.732817 1.50557 0.748588 1.4454 1.11489 1.26057 0.318425 1.09183 0.0120976 0.238691 -0.48666 -0.679871 -0.304876 -0.792603 0.613979 0.845466 -0.0204019 0.173925 0.0127183 -1.0338 -0.713941 -0.0838458 -0.0394106 -0.471192 -0.179711 -0.102233 -0.191299 0.205133 0.193109 -0.555201 -0.992567 0.173892 0.580556 0.941727 