-0.599422 -0.292112 0.852543 0.0725126 0.778212 1.1068 1.3877 0.0841328 1.55531 0.842619 -0.434525 -0.697827 0.410874 3.07647 -2.40215 -2.4744 -0.551351 -1.66224 0.372777 0.147102 -0.829217 -1.95668 0.621381 -1.0875 1.7178 -1.70625 1.06568 -0.895662 -0.982339 -0.535434 -0.46001 1.22976 -0.426915 -0.88894 -2.3431 -0.279293 1.37188 1.65414 -0.674877 
0.485784 -1.69529 -0.74324 -1.12946 0.334427 1.42643 1.78255 0.245535 -0.526146 2.56134 -0.517165 0.336805 0.459731 1.31218 -0.0484089 -1.32492 -1.34448 0.142968 1.46747 -1.02465 -1.44322 -2.87067 -0.289703 1.39388 1.00324 -1.07027 0.492569 0.386534 0.0366406 -0.0362757 -0.137507 -0.0165306 -0.827769 -1.75501 -0.472099 -0.279595 0.211951 2.16578 -1.56296 
-0.0900513 -0.315159 0.0898506 -1.13873 0.84397 1.8745 0.534949 -0.99089 -1.2488 0.503561 1.18441 0.612059 -1.03468 -2.35912 2.9775 2.53979 0.519432 1.46471 -0.41194 -1.09088 -1.2195 1.49564 -0.964462 1.32255 0.75888 0.168714 0.0919413 0.603308 -0.394429 -0.420693 0.719126 1.84623 -0.0510739 0.347534 -0.899958 0.541268 0.399934 0.698262 0.276626 
-0.537448 0.655528 0.802344 -0.644665 0.886085 1.21989 0.874807 -0.663019 0.90244 1.43354 1.01957 1.33631 0.573296 -1.2117 0.942429 0.8008 0.832533 0.921785 0.86042 0.98232 1.88424 1.97462 0.878214 -0.957019 -0.197601 1.41463 -1.77977 2.09117 2.18645 1.17178 1.19507 -0.55631 -1.18674 -0.11262 0.63578 -3.14041 -0.635091 -1.5847 1.37081 
-0.634286 0.439119 0.59679 -0.36904 1.19604 2.32753 1.34858 0.410043 0.644108 1.52971 0.0943815 0.396633 0.64672 -0.422337 0.103768 0.465594 0.957178 0.301368 -0.313134 -0.269523 1.11563 -0.830282 -2.62535 -1.99685 -2.55283 1.29499 -0.930754 0.793697 1.04585 0.924413 0.783652 0.161426 1.23542 1.45334 2.48854 0.17538 -1.2277 -1.62662 2.20055 
-0.752161 0.751866 1.10907 0.238446 1.01007 1.06457 0.649035 0.165991 0.0762806 -1.63569 -1.26867 -1.87075 2.10415 -0.262499 0.231474 0.644741 0.335182 0.23805 -0.67345 0.468486 -0.133775 0.574476 -0.704946 -0.353495 -1.6441 0.897896 -0.286268 0.112782 -0.171301 0.645022 0.348587 0.483704 0.0896388 0.0886393 0.229614 -0.952148 -1.51035 -1.94598 -0.245691 
-0.782274 0.635644 1.01052 -0.0519041 1.29675 1.98543 1.73558 0.309375 1.17972 0.705262 -0.300199 -1.65614 1.67788 -0.0595193 0.0691476 -0.684577 -0.138344 0.21738 0.90963 0.390511 -0.981178 1.08269 1.51899 0.382893 0.347487 -1.48496 -0.191713 -0.0105707 0.239082 -0.429837 -1.19967 -1.01154 -0.0814071 -0.876068 0.388823 -0.396648 0.464083 -0.56464 -0.166497 
-0.815414 0.821044 0.728843 0.124706 1.10319 1.54311 0.971291 -0.565228 1.10455 0.139462 -0.814698 -1.3938 0.136751 -0.0737683 -0.239893 -0.302503 -0.858548 -2.00072 -0.630097 -0.546018 -0.87414 -0.160203 0.229023 0.859221 1.01167 -1.00685 0.075691 -0.231666 -0.216653 -0.616238 -0.200568 0.281277 -0.0501883 0.322295 0.785433 1.23488 -0.0492729 0.267257 -1.6861 
-0.851475 0.462375 0.858489 -0.820982 0.574445 1.66581 1.28024 -0.342197 1.00313 0.972553 0.702645 -0.335538 0.312124 0.134984 -0.402591 0.403572 -0.617786 -0.507834 -0.570362 -0.43181 1.39231 -0.265172 -0.143303 -0.428289 -0.0326332 -0.178539 -0.0285006 0.382545 -0.445705 -0.427648 -1.02895 -0.79469 0.269403 0.561952 1.45698 -0.234671 -0.866874 1.20526 0.117725 
-0.797471 0.520138 0.99853 -0.425295 0.929698 1.25445 0.610772 0.469662 0.826206 -0.0284656 -1.29546 -1.39969 -0.186663 -0.011195 0.809378 -0.291744 0.337915 0.489609 -0.397892 0.875645 1.56907 1.66049 -0.52112 -1.78236 0.371272 1.18865 -0.0836531 0.214194 -0.25126 -1.27769 -1.03585 -0.785973 0.824446 0.454655 -0.395027 0.966995 1.11495 0.875885 0.162556 
-0.894554 1.11227 0.712885 -0.501359 0.767636 1.46655 2.0053 0.824214 2.59152 0.362987 -1.33843 0.171622 1.70917 -0.304867 0.72459 -0.731904 -0.96431 -1.01344 -0.44655 1.40563 -0.824442 -0.11751 1.21497 1.63277 1.04053 0.406203 0.702138 0.999691 -1.80177 0.392655 -0.419542 -2.52335 -0.187977 0.401895 -0.0606223 -1.26179 -0.936603 0.650663 0.623967 
-0.963145 1.10352 0.590031 -1.29061 0.570338 1.02997 1.77589 -0.14493 0.691007 1.39132 0.598744 -0.0424333 0.225752 1.05122 0.667349 -2.15699 0.165782 -1.10273 -2.82675 -1.07687 -1.06367 -1.70317 -0.936644 0.784362 0.380164 -0.488969 0.450184 0.915104 -1.62226 0.0458334 -0.843667 -1.17495 0.950925 0.0902353 0.98675 0.202414 1.11396 2.27282 -0.216211 
-0.494123 1.65075 -0.546778 -0.338365 0.37545 0.00822851 1.10919 0.0316121 0.919181 -0.732292 -0.42185 0.690076 0.995111 0.956953 0.62779 -1.47135 1.03492 -0.224647 -1.06465 -0.285016 0.960784 1.13971 -1.01102 -0.429357 1.55805 -0.566017 1.82444 0.204936 -2.16992 0.656877 -1.80775 -1.96626 -2.04975 -1.16681 -2.49269 -0.746532 1.46826 1.08706 -1.13288 
-0.602067 1.61096 -0.260118 -0.336756 0.500953 0.485088 1.53725 0.568859 1.77455 0.209097 0.116748 1.97218 -0.585258 1.71685 -0.35896 -0.795222 0.667855 -1.55597 0.310019 -1.28517 -0.288529 -0.812243 0.0636382 0.799414 0.868196 -0.608593 2.96371 -0.466992 -2.83762 1.53554 -2.16973 -2.23872 -1.82334 -0.158985 -0.930828 -2.19879 -1.72296 -0.0647889 0.219565 
0.184177 1.38407 -0.993095 0.281481 -0.183354 0.17594 0.0401232 -0.184208 0.110509 -0.658323 0.512079 1.82843 0.130524 3.56531 -1.30718 -2.39398 0.895923 -2.96745 -1.79831 -1.81425 -1.11956 -2.06715 -1.51015 -1.41285 -1.62129 0.852 2.98645 -1.26053 -1.49477 -0.0241953 -2.11514 -0.934855 -1.41236 0.50777 -1.46451 -0.614234 -0.627546 -0.626511 -0.399193 
0.847881 0.600392 -1.66132 0.490617 -0.576741 -0.440113 0.0288864 -0.265328 -0.250622 -1.55656 -1.49854 -0.0516315 0.388144 2.84041 -1.48698 -1.23369 -0.684688 -1.55568 -1.51612 -0.3371 0.919297 -0.657803 -0.786499 -1.46562 -1.57107 0.261588 3.58282 -1.72713 -2.10184 0.476496 -2.78965 -2.39395 -1.74018 -0.873881 -1.83884 -1.36842 -1.24804 -1.33803 0.188746 
1.33152 0.23245 -1.70129 -0.329396 -0.742053 -0.602981 -0.241758 0.498711 -0.548449 -1.57809 -1.16402 -0.131584 0.360959 1.91021 -1.22469 -0.465137 -0.287532 -1.13812 -1.2619 -0.188496 0.114234 0.216512 -0.0686402 0.0805019 0.108219 -0.597545 2.44224 -1.73361 -1.54635 0.106715 -2.1288 -1.93517 -0.738948 -0.58484 -0.587818 -0.517373 -1.06695 -0.733018 -0.108406 
1.6069 -0.345459 -1.91049 0.241126 -0.981936 -1.08725 -0.129608 -0.181453 -0.0620214 -1.63721 -1.39302 0.121396 -0.462541 0.878919 -1.05442 -0.86576 0.831326 -1.5761 -0.96111 -0.503591 -1.58235 0.0791068 0.173565 0.327686 0.746917 -0.311118 1.39268 -1.30591 -0.794338 0.143938 -1.91631 -1.4728 -0.367085 0.572413 0.231315 -0.510724 0.0393788 0.526994 -0.332194 
1.66002 -0.579823 -2.18974 0.439198 -1.30826 -1.0942 -0.661876 -0.679839 -0.493049 -1.37563 -0.773665 0.852722 -0.12929 0.19308 -0.687966 -0.605887 0.48065 -1.68055 -0.627776 -0.220601 0.593082 0.0376202 -0.536748 -0.0307239 0.502397 0.319081 0.687108 -0.95396 -0.472872 0.831406 -1.48393 -0.47962 0.490269 -0.85909 0.167716 -0.00509229 -0.288301 0.61629 -1.40212 
1.6491 -0.870246 -2.24372 0.690628 -1.58654 -1.40567 -0.31476 0.25873 -0.0468377 -2.26505 -1.41567 0.795111 -0.159758 0.137966 -0.340841 0.234361 0.220249 -0.605445 0.333487 1.08956 0.594542 0.110362 -0.205115 -0.629693 -0.0346212 -1.06187 0.313643 -0.553362 0.0638606 0.497121 -0.809981 1.10186 0.288123 -0.330593 0.489847 2.03432 0.277103 0.0258744 -1.34659 
1.67921 -0.832286 -2.02112 0.651752 -1.51763 -0.91432 0.240801 -0.238569 -0.407349 -1.61581 -1.48651 0.844313 -1.56428 0.248767 -0.11839 0.7085 0.153496 0.492104 2.00978 0.571955 -0.955068 0.479366 2.81972 0.335714 -0.462403 -1.63527 0.297685 -0.219883 0.945923 0.328609 -0.658116 0.327738 0.230022 -0.727703 0.14967 1.60487 0.313475 -0.316651 -0.701467 
1.71454 -0.948193 -1.79191 0.842443 -1.39243 -0.356843 0.158149 -0.453059 0.396573 1.03056 -1.01606 0.243331 -2.3163 0.279311 0.0247204 1.07452 0.203473 -0.359224 0.0648192 -0.80564 -1.42677 0.06076 2.0007 0.973731 -0.315417 0.405643 0.144229 0.15447 1.47266 0.61174 0.213679 0.630322 -0.978841 -3.05278 -2.1437 1.44084 0.707182 -0.410575 0.063146 
1.7574 -0.797962 -1.35069 0.849042 -1.63649 -0.873715 -0.43011 -1.30135 -0.369734 0.722434 -0.351715 0.479236 -1.15257 -0.0677735 0.35259 1.32072 0.623777 -0.172148 -1.22697 -1.69107 -2.63042 -2.63995 -1.21029 0.430994 0.00541525 1.76123 -0.253152 0.87618 1.62315 0.0609528 -0.0272878 -0.0848223 -1.49007 -2.1653 -0.486666 0.718968 1.15969 -0.412208 1.96893 
1.64784 -0.656651 -0.974438 1.42218 -1.44252 -0.985876 -1.24794 -2.41147 -2.18388 -0.38459 -0.50667 0.285777 -0.198729 -0.710179 1.27044 1.16051 -0.11398 0.324106 -0.190763 -0.906822 -1.1078 -0.536613 -1.21052 0.278767 -0.143431 1.66994 -0.588248 1.29879 1.71546 0.173266 -0.254972 -2.09841 -1.05724 -1.78711 -2.09821 -1.15403 1.27868 -0.533007 1.37268 
1.42253 0.213643 -0.628911 0.757472 -1.50414 -0.965598 -1.18503 -2.12679 -0.911211 -0.692985 -0.0177329 0.332616 0.850116 -0.879054 1.56384 1.04054 -0.394036 -0.198473 -1.45769 0.480958 0.54369 0.52562 -0.125178 0.949253 -0.601816 -0.295621 -0.99878 1.39621 1.72196 0.180246 -0.178957 -1.33052 -0.0641987 -0.614387 -0.53176 -0.887253 -0.253136 -1.62917 0.97547 
1.24247 0.585129 -0.324308 1.07578 -1.50228 -1.73451 -0.850584 -2.00804 -1.69563 -0.531331 0.59992 -0.443086 -0.669477 -0.86876 0.789193 1.20966 0.352437 -0.582716 -1.51812 0.849262 0.409755 0.0149125 0.177811 -0.543022 -1.70117 -0.610666 -1.05364 1.71239 1.3452 -0.690893 -0.0555956 -0.958633 0.0119421 0.553787 0.72707 -0.051503 0.322215 -1.18714 0.661193 
1.02145 0.847705 0.122226 1.09031 -1.70516 -1.74556 -0.481875 -1.82302 -0.91804 -0.485556 -0.630707 -1.79265 -0.0170803 -0.784357 0.960609 0.81438 -0.455317 0.121642 0.221375 -0.450147 0.141569 0.232555 0.0409578 -0.595833 -0.73944 1.03339 -1.042 0.552693 0.388215 0.212016 1.31628 -0.528612 0.584229 1.6056 -0.313679 0.466021 1.19015 -1.02318 0.744909 
0.876629 1.35367 0.190743 0.673613 -1.44436 -1.61275 -1.22633 -1.90383 -1.49148 -0.483873 -0.0739087 -1.34676 0.53218 -0.77672 0.0304196 -0.66347 -0.0743088 2.5274 0.828241 -0.15424 1.52101 -0.314887 0.325304 1.82823 0.546607 1.43407 -1.02895 0.141127 -1.06957 -0.732658 -0.00375677 0.456321 -0.150935 0.648746 0.0494262 0.225688 0.0899386 -0.412905 2.33854 
0.658801 0.886501 -0.245399 1.03484 -0.762834 -1.30921 -0.611927 -0.692361 -1.24458 -0.10572 1.48874 -1.06278 1.68879 -0.841038 -0.746023 -2.26179 -0.446189 -0.122086 0.340326 0.291919 0.656137 -0.163353 0.189404 0.69989 0.279798 1.42029 -0.760589 0.248745 -1.0559 0.613418 1.20969 0.908907 -0.492865 0.62785 0.259967 0.966516 1.96586 0.621748 0.652236 
0.487128 0.783335 -1.13151 0.279755 -1.47604 -1.42933 -0.985933 -1.41673 -1.67112 -0.262893 0.745337 -0.955791 2.22071 -0.435466 0.342371 -0.765259 0.853678 -0.739792 0.308572 -0.40084 -0.748053 0.59815 0.745821 0.289751 0.171903 -0.70547 -0.57897 -0.14188 -1.10003 0.275293 -0.147312 0.362224 2.01939 1.61999 -1.06037 -0.674198 0.760963 -0.0694193 -0.2133 
0.438607 1.17003 -0.67382 1.82377 -1.0216 -1.14225 -0.946731 -1.25011 -0.686016 0.765667 1.83538 -0.808858 0.702298 -0.0915035 0.544572 0.772714 0.803333 -0.0898922 0.101804 2.06878 1.29168 -0.895795 -0.980318 0.124555 -0.348315 -1.57713 -0.398066 0.0699211 -0.671747 0.78637 -0.254178 0.592881 -0.0130301 0.255368 0.237534 0.148462 0.514358 0.925654 -1.37611 
0.410523 1.22549 -0.64135 1.02288 -1.49589 -1.36955 0.729793 -0.456723 -2.56078 -1.40922 0.901619 -1.36266 0.137333 -0.218531 -0.232462 -0.138114 0.14166 0.370341 0.426658 0.402668 1.07994 -0.337694 -0.603103 0.269948 0.892663 -0.640921 -0.207553 0.241843 -0.0159336 0.985522 1.15198 0.636344 0.969195 0.449897 0.952704 0.948135 0.505111 0.553299 -1.30706 
0.308974 1.00259 -0.727666 1.96481 -0.872251 -0.914074 -0.614382 -0.447661 -1.03466 0.0602699 2.15919 0.360576 -0.20297 -0.269153 -0.181928 -0.779224 0.44069 1.79247 0.688657 -0.926958 -0.729438 1.88338 2.03058 0.425216 0.988883 0.301385 -0.128755 0.232289 0.232984 0.188695 -0.18653 -0.092 0.900836 0.405621 -0.831371 -0.194565 -0.385762 0.44649 -0.0542321 
0.259758 1.0977 -1.07811 1.43602 -0.823739 -1.00556 -0.0418482 -1.00062 -0.756326 0.963944 1.40436 -0.0710025 0.417848 -0.0207974 0.581061 0.472012 0.107348 -0.640109 -0.561723 0.659815 -0.570129 -0.488626 0.356522 -0.676586 -0.373717 0.64681 -0.225596 0.186003 -0.360406 0.110159 0.14558 0.318427 -0.742739 -0.376862 1.12006 1.03893 1.11322 1.41504 1.703 
0.261886 1.47337 -0.417102 2.07464 -1.09437 -1.19826 -0.0685224 -0.873019 -1.52962 0.476597 1.39231 -0.0785549 0.512224 -0.119285 0.462483 0.301629 -0.289752 -1.57286 -0.302181 0.0818672 0.312662 -0.725638 -0.87728 0.777398 0.632939 1.50215 -0.12781 0.41484 -0.0489955 0.680965 -0.0299579 -0.237847 -0.308114 -0.664321 0.174182 0.88857 -0.00569698 -1.75644 -0.101505 
0.171555 1.47545 -0.869312 1.18451 -1.38875 -1.1552 0.02414 -0.769098 -1.48104 -0.0619441 2.31291 0.768528 2.20939 -0.217077 0.0358988 -0.523736 0.756368 0.601056 0.241327 -1.00047 -0.187044 0.684669 0.626142 0.677972 -1.6158 -0.68928 -0.198802 0.202484 0.242624 0.736237 -0.105116 0.590845 1.06705 1.07014 -0.211263 0.689043 -0.43732 -0.490819 0.258277 
0.13286 1.51646 -0.701269 2.77502 -0.860207 -1.06615 -0.9012 -1.01332 -0.887188 1.20809 2.1863 -2.09539 -0.453899 -0.227897 -0.157699 0.0454533 1.22249 1.42306 1.03482 1.17353 0.984043 0.529793 1.6335 -1.23939 -1.1813 -1.17657 0.269059 -1.49553 0.0211243 -1.54711 0.72352 1.47729 -1.0297 0.427676 0.986693 0.58229 -1.84915 -0.208756 -0.459243 
0.0380126 1.36666 -0.813519 2.30903 -0.852409 -0.611766 0.996538 -0.0380012 -0.988749 1.84707 0.897513 -0.6964 0.630075 0.590277 -2.22729 0.567905 -2.6749 0.470171 1.61775 -0.177678 0.722969 0.337469 0.00892679 -2.65565 1.38863 0.280846 1.66552 -2.88654 0.444965 -2.8207 1.70317 1.87419 -2.4535 -1.20684 1.36867 0.311477 -2.68093 0.749234 -1.78517 
0.340868 -0.215947 -0.333431 0.353188 -0.674163 -0.220543 -1.05071 -0.476493 -0.581332 1.21811 -0.861071 -0.295983 -0.19923 2.75128 -4.07857 0.578342 -4.73138 1.09172 1.3286 -4.00417 -2.38365 0.880711 -1.30578 -1.63126 2.04498 -0.588287 1.28133 -3.27117 1.69149 -4.4233 0.96174 0.651921 0.29647 0.811976 0.501782 0.0446682 -1.37985 1.3328 0.176254 
1.14814 -1.81809 -0.439448 -1.98406 -0.43787 0.0839537 -2.33012 -1.81279 -0.156275 0.320303 -0.969447 1.93671 -0.20896 1.34155 -2.57441 1.76058 -2.83519 0.952083 -0.807493 0.538718 0.268028 0.191651 0.015997 1.18179 0.139558 -0.0391695 1.32641 -3.39623 1.4969 -3.25415 0.994251 0.00896151 -1.7344 -0.449302 0.222479 -1.11158 -0.610583 1.6755 -0.59519 
0.862499 -2.22067 0.746756 -2.2145 -0.310958 -0.632127 -0.6054 -0.278181 -0.416831 1.23639 0.513473 -0.0831476 -0.347264 -0.750044 -0.906983 1.48404 0.681231 0.378438 -1.33537 2.00813 1.88109 -0.635563 0.0184839 0.983261 -0.126565 0.0407779 0.791103 -1.57569 0.705024 -1.5085 1.42404 0.117029 -0.502515 0.428561 -0.789713 -1.13718 0.305729 0.91102 -0.855847 
0.796626 -2.5147 0.475571 -1.35204 -0.285548 -0.601268 -0.66475 -0.414205 -0.793674 0.341491 0.176331 1.81152 -0.256389 -0.164541 0.265171 -0.781139 0.964873 1.15139 0.938047 -1.105 0.268945 -0.975617 -1.33234 -0.846068 0.908345 -0.77499 -0.389101 -0.0444198 0.291035 0.93038 1.22672 -0.424356 1.87493 2.87956 0.108892 -0.446619 1.09301 -0.491109 0.407639 
0.755404 -1.99771 0.308851 -1.32439 0.125516 -0.138859 -1.52487 -0.0791875 -1.38388 -0.321431 -0.448703 1.1062 -1.42124 0.109851 0.848804 -1.07075 0.493935 1.43428 0.77797 0.184913 1.55825 0.765225 -0.551119 0.197658 -0.422127 0.437605 -0.171604 0.445918 -0.772219 1.5979 0.79823 0.879163 -0.503013 1.1539 1.35986 -2.79742 -1.97901 -0.0919456 -0.426734 
0.804078 -1.83387 -0.135312 -0.890454 0.254921 -0.190981 -0.513203 0.744159 -0.0731512 -0.303141 0.41685 1.3109 0.195544 -0.140764 0.397476 -0.259636 1.04384 0.0299267 0.16097 0.538141 1.12694 2.37717 -1.8682 -1.27102 -1.00251 0.399811 -0.15111 1.11724 -0.432809 1.13475 1.1175 0.772878 -0.750061 1.55193 1.15115 -0.72186 0.010478 -0.667101 -1.16909 
0.658236 -1.67095 0.182424 -0.362425 0.149718 -0.048412 -1.08004 0.758239 0.899256 -2.50563 -1.90056 -0.131625 -1.01687 -0.3836 0.800729 0.494142 0.936428 0.2175 0.185988 -1.0385 0.308963 0.42412 -0.293886 -0.178907 -0.326966 -1.57221 -0.419161 0.748957 -0.779066 0.56071 -0.154748 1.48256 0.696565 0.691805 2.09216 -0.312433 0.701013 -0.294505 1.04012 
0.605536 -1.19076 0.188469 -0.0262247 0.348079 -0.0875654 -1.37746 0.972931 0.316705 -0.647089 0.223449 0.93115 -1.88164 -0.545713 0.710656 -0.790502 -0.330285 -0.252864 1.7048 0.28726 -0.278246 -0.231081 1.48785 2.03111 0.677691 0.725596 -0.567206 0.971802 0.00502901 0.110097 -1.02409 -0.185332 -0.675614 -0.46319 1.30286 -0.525789 -0.568077 -0.632822 -0.306481 
0.392019 -1.09851 -0.261074 -0.65082 0.0699605 0.842325 -0.84351 0.55007 0.653962 -0.766865 0.452661 0.764751 -0.202533 -0.530828 0.635 -0.471985 -0.785567 -1.72145 -0.439651 0.271319 -0.827965 0.919472 -0.3286 -0.423458 -0.383095 1.32005 -0.572802 0.945554 -0.34797 -0.372711 -0.655188 -0.363551 0.599362 -0.116182 -0.0805134 1.52589 1.17689 0.287951 0.943962 
0.345533 -0.677664 -0.0647875 -0.728895 -0.271559 -0.308467 -1.15417 0.355718 1.18675 -1.03161 -0.25175 0.480108 -0.319257 -0.377331 0.686487 0.329914 -0.121747 -0.707491 -2.18493 0.425325 0.170157 0.168171 0.218103 -0.760135 -0.339273 0.301443 -0.853791 0.26826 -0.76434 -0.17299 -0.901352 -0.422314 -0.237096 -1.04766 0.323525 0.383633 -0.294503 -0.0142453 1.8023 
0.196094 -0.545017 -0.0353811 -0.749458 -0.176927 -0.283294 -0.492349 0.675556 0.795701 -0.512339 -0.410494 0.369371 0.0780542 -0.824866 -0.233521 -0.558014 0.58293 0.398358 -0.115151 -0.529548 -0.383139 -0.571589 0.738212 0.114792 0.377404 0.585071 -0.663555 0.0376198 0.19447 -0.139519 -0.0988538 -1.11128 0.361549 0.0580695 0.971337 0.40296 -1.01637 -2.08584 -1.11853 
-0.037217 -0.845934 -0.369427 -0.186324 -0.111914 -0.361156 -1.59584 0.0694986 0.611371 -0.16912 -0.106718 0.995056 0.318245 -0.685449 -0.624063 -0.0486849 -0.0390935 0.566917 0.754645 0.0112481 -0.0719048 0.838355 0.213445 -0.323498 -2.02533 -1.38432 -0.701631 0.0450842 -0.0869293 -0.503994 0.650513 0.470059 1.19901 -0.179247 -0.4592 0.566061 -0.882928 -1.37532 0.370569 
-0.128456 -1.01967 -0.0358138 -0.772887 0.0446834 0.114902 -0.484996 0.620925 1.58712 -0.263257 -0.770509 -2.16764 -1.7627 -0.296541 0.306918 0.454413 -1.1989 0.56529 0.694309 1.9381 0.20037 0.123661 -0.121563 -1.05517 -1.93295 -0.144611 -0.621279 0.278409 0.507504 0.0231664 1.00952 -0.448032 -0.570285 -0.7978 -1.02031 1.23576 -0.664746 -1.11579 -0.646413 
-0.199416 -0.590222 -0.0693744 -1.2651 0.109098 0.00576351 0.0113843 0.217467 0.709963 -0.311635 -1.30984 -1.42462 0.0375257 -0.312237 1.04046 0.758007 0.0814018 0.925737 -1.34213 -0.656185 -0.843329 -1.85678 1.16324 -0.382648 0.765312 0.784415 -0.520239 0.56261 1.15808 -0.584175 1.22961 0.804749 1.97984 1.10695 0.707612 0.902286 -0.0468176 0.205347 0.582568 
-0.297207 -0.188486 0.445566 -0.686674 0.398203 -0.573825 -1.03181 -0.00771966 -0.234127 1.09606 -1.19868 -1.15997 -0.874348 -0.545569 0.527274 1.14461 0.482806 1.25168 0.310147 0.376693 1.13992 0.614731 1.11979 1.01241 2.1773 0.801945 -0.489686 0.530629 -0.0780721 -0.261877 1.36889 0.469928 -0.26053 -0.608317 -1.99207 -0.713875 0.22199 1.05445 1.14693 
-0.465572 -0.161638 0.642915 -0.813634 0.58244 0.173541 0.322167 1.06455 1.2846 0.996894 -0.130478 1.37658 0.947938 -0.48283 -0.253285 -0.849495 -0.395034 1.09646 1.92112 0.370757 0.152474 -0.149647 -1.99918 0.62847 0.445918 0.450256 -0.431104 0.631812 0.528012 0.910797 1.60275 0.486925 -0.665858 0.152644 -0.819439 0.985909 1.90881 1.1406 0.346698 
-0.537173 -0.37226 -0.0331662 -1.03398 0.814485 0.429046 -0.725959 0.104609 -0.40048 -1.24124 -0.461733 -0.557997 -0.406496 -0.159298 0.408648 -0.407247 0.667907 1.11513 0.290444 -1.13255 -0.929679 -1.42892 -0.0266586 1.04432 -0.867978 -0.385905 -0.621428 -0.0362057 0.562295 0.452787 0.677057 0.375091 -0.388229 0.966681 0.910571 -1.2505 0.565187 1.21536 1.16137 
-0.570478 0.173882 0.428324 -0.19374 1.00558 0.331104 -0.620181 0.371654 -0.121882 0.965314 1.08566 0.309632 0.363578 -0.515085 0.20718 1.63375 0.973819 -0.093701 -1.46264 -0.804396 1.02172 1.09439 0.554223 -0.0142038 0.948535 0.799186 -0.462434 0.1066 0.945499 0.575938 0.87876 0.0541797 -0.570593 0.0264711 -0.364923 -0.167102 -0.778587 -0.40142 0.769539 
-0.790604 -0.194794 0.971267 -0.135731 0.793239 -0.322151 -1.39584 0.863739 0.639134 -0.59382 -0.465345 0.682405 0.500445 -0.593808 -0.244819 1.71555 0.0646603 0.18485 -0.239754 0.487259 0.990513 1.07685 -0.188755 -1.87268 0.421415 1.23451 -0.549527 0.164336 0.742821 -0.485704 0.146455 -0.0278354 0.671733 1.25421 0.758894 1.48386 0.589165 0.209137 0.325022 
-0.856772 -0.0032509 1.48162 -0.122761 1.08674 0.213825 -0.217595 1.10756 0.900725 0.744256 -1.05949 0.880483 1.81832 -0.372122 0.0415234 -0.602615 -1.56695 0.3146 1.40911 1.60098 0.492949 -0.30386 1.10403 0.654213 -0.699861 -0.405321 -0.653436 -0.225945 0.852347 -0.555592 -0.152221 0.146523 1.77169 1.4559 0.331244 -0.44272 -0.858165 0.141719 0.688323 
-0.984354 -0.147288 0.639988 -1.54941 0.922093 0.415306 -0.0685295 1.22941 0.323288 0.696284 0.301267 -0.170995 -0.108349 -0.453391 -0.080214 -0.534638 -0.74506 -0.404063 0.407786 1.58596 0.762986 -0.721115 -0.339456 0.958887 -0.24951 -0.468989 -0.583573 -0.230581 -0.274938 -0.410495 0.675682 1.07347 1.69963 0.403292 -0.251138 0.513024 -0.098267 -0.406217 0.278266 
-1.08445 -0.051249 1.19094 -0.788572 0.951398 0.432216 1.09724 1.67417 0.180393 0.347042 0.0581962 0.599122 1.12941 -0.567507 -0.373372 0.241902 1.06773 0.686137 -0.0631889 0.388609 0.014101 0.0674732 -0.547571 -0.752206 0.247835 0.751356 -0.537004 -0.159003 -0.456753 -0.309608 0.194653 0.539286 0.707209 1.05015 0.201884 -0.415245 0.711211 -1.37448 -2.30009 
-1.25967 -0.425272 0.813114 -0.565696 1.18753 0.389554 0.252147 1.23878 0.367411 0.0557989 -0.552752 0.179374 0.738403 -0.414534 -0.14641 -0.0747186 0.371826 0.695984 0.25934 -0.748203 0.510047 0.945323 -0.157573 -0.187855 -1.30507 -1.82263 -0.485844 0.0114177 0.266293 1.11458 0.624817 0.534844 0.582897 0.181723 0.101839 -1.11142 0.244324 -0.932628 -1.30966 
-1.2959 -0.151179 1.17496 -0.438092 1.22046 0.573657 0.474022 2.05257 1.0755 0.162433 -0.145515 -1.02302 -1.2629 -0.221645 0.397277 0.13755 0.337442 0.239648 0.724671 0.304866 0.230576 0.0550176 -0.739546 1.02201 -1.29928 -2.02976 -0.481495 -0.111226 0.15819 1.16381 0.645127 0.0402707 -1.03632 0.0634242 0.386437 -0.269236 0.595024 -0.939602 -1.14943 
-1.3906 -0.0986724 0.923914 -0.246503 1.28883 0.772211 0.503292 1.40922 0.39946 -0.809089 0.637671 -1.43542 -1.91457 -0.367922 -0.00997905 0.306333 1.09483 0.259728 -0.226325 -0.43762 -0.405454 -0.533477 -0.173752 0.834153 0.245686 0.708135 -0.452804 0.045004 0.649616 -0.170338 -0.301892 -0.00228443 0.642529 0.167942 0.150524 0.491738 2.20791 0.564244 -0.0450993 
-1.4879 -0.144077 1.38657 0.570271 1.32914 0.463338 0.108678 1.74975 0.537066 -0.0410867 0.828444 -0.675384 -0.470538 -0.516634 -0.323998 0.766118 -0.536767 -0.679408 -0.745731 0.457819 -0.00221801 0.116972 1.27185 1.35583 1.95231 2.045 -0.472146 -0.102139 0.0369133 0.178314 0.404888 0.457614 -0.0300063 -0.550358 -1.05711 -0.375269 0.17767 0.377808 -0.0172425 
-1.64468 -0.337922 1.41014 -0.722782 1.05227 0.392644 0.881433 1.40645 0.491567 0.67718 2.21276 1.07999 0.560085 -0.400139 -0.133052 -0.240571 -0.858784 0.341982 0.789669 0.419745 -0.216769 -0.522357 -0.277909 -0.635911 0.195053 -0.664405 -0.415695 0.488905 0.812267 0.466035 0.132981 0.518623 1.28545 0.18665 -0.149723 0.459578 0.0182461 1.27098 0.455803 
-1.69335 -0.233527 1.27153 -0.199022 1.46806 0.87969 0.455207 1.58732 0.00940805 -0.366359 0.108433 -0.39206 -1.40536 -0.164506 1.04984 0.359984 1.13209 0.880453 1.3866 1.05106 0.252729 -0.250249 -0.776044 -1.32874 -0.494531 -1.51734 -0.511333 0.253542 0.350392 -0.227655 0.549878 1.432 1.57948 -0.910487 -0.281182 -0.00438881 -0.916349 0.32274 -0.279316 
-1.75176 0.50062 1.65379 0.319491 1.38914 1.11843 1.75214 1.59337 0.227691 -0.230371 0.6944 0.487405 -1.44806 -0.42826 0.512895 0.735034 0.587886 0.473376 1.01186 1.4304 -0.831904 0.255424 0.247159 -0.340346 0.18298 0.440034 -0.407512 0.475932 0.247498 0.553999 -0.0992013 1.08561 0.525119 -1.55308 0.486708 0.349286 -1.67764 -0.662181 -1.21879 
-1.91053 0.183776 1.73918 0.348058 1.65528 1.41122 1.64088 0.967179 0.23573 -0.0778682 -0.270996 -0.12407 -0.950369 -0.504034 -0.343069 -0.00623523 -0.426924 -1.02154 -0.0252523 -0.42464 -2.06233 0.764043 1.14668 -0.464816 -0.24896 0.331899 -0.344847 0.749235 0.634691 0.431142 0.181291 1.24426 1.08976 -0.901827 0.554274 1.46006 0.690908 -0.0163117 -0.809473 
-2.00058 0.246409 1.67871 -0.056838 1.0268 1.11235 1.39758 0.0576714 0.947067 1.10958 0.171543 0.206742 -1.12915 -0.143794 0.595647 0.148223 -0.0361291 -0.201146 0.551097 -0.148642 -0.206514 0.327066 1.38408 1.08958 -0.191023 -1.20675 -0.42371 -0.274994 -0.9434 -0.635709 -1.16931 -0.325141 0.155381 -1.27763 -0.0829718 1.28014 -0.0363413 0.968699 1.12489 