-1.23684 0.447808 0.508695 -1.11938 0.811433 1.09628 1.47953 0.324683 1.68309 0.0763627 0.403221 0.123982 0.921848 -0.0913888 -0.327926 -0.416183 -0.244032 0.5447 -0.0191641 -0.520705 -0.70155 -0.785122 -1.71086 -1.31072 -1.28021 -0.834949 0.824568 -1.17326 -0.788964 1.61141 -0.85322 0.128365 0.611087 0.645309 -0.802786 0.48192 -0.771139 0.0500697 0.145967 
-1.12799 0.618263 0.684469 -0.499353 1.1233 1.03108 0.782548 -0.0124477 0.220416 -1.37181 -1.25881 -1.71753 -0.332457 1.28534 -1.69169 -0.830249 2.34615 -0.546236 -0.333162 -0.250962 0.364615 -1.57402 0.926596 -0.761386 0.0191502 -0.169599 2.37781 -1.61651 -1.0377 1.09085 -1.15243 -0.557967 -0.978573 0.212322 -0.21036 1.17583 -1.348 -0.707664 -0.763763 
-0.421336 -0.845403 -0.276432 1.49882 0.481313 0.857547 1.18017 0.591368 0.429092 1.03322 -0.46106 0.15967 0.661809 3.44632 -1.90821 -0.91745 1.46291 -1.91938 -0.625422 -0.470167 0.965884 0.542331 2.94221 -0.176078 0.554144 0.0252074 1.02086 0.595228 0.605256 0.384975 -0.531688 -0.412688 -1.74784 -0.987426 -2.02205 0.0808269 -0.730095 -1.15721 0.0594302 
1.07204 -0.833721 -0.183955 1.12626 -0.0570158 0.616166 0.304631 0.631086 0.630287 1.75348 -1.43018 -1.05447 -0.347113 0.152324 2.52199 1.63943 -1.92289 -0.0862879 -0.133108 -1.53595 -1.4073 -0.943823 -0.815461 -0.0330011 -1.23663 0.25972 0.49046 0.403844 0.913236 0.34352 -0.0441322 0.00173046 0.565407 -0.264513 -0.167418 2.02056 -0.373547 1.08278 1.1143 
-0.331737 0.951254 1.29753 -0.68058 0.435974 0.73941 -0.165914 -0.252507 -0.329443 0.115935 -0.463041 -1.27726 0.94255 -2.75808 2.47317 2.12832 -1.08638 1.86977 0.66781 1.07701 -1.22102 -0.731197 -0.846664 -0.218771 0.676973 1.21803 -0.472071 1.59948 0.963922 -1.44967 0.201639 0.348642 -0.431392 -0.973646 0.518106 0.451787 -0.2329 -0.615567 -0.66112 
-0.703027 0.927135 1.857 -0.113067 1.10876 0.980844 1.08702 -0.096036 0.0389168 0.802632 -1.65208 -0.247367 1.14074 -0.824064 -0.299351 -0.362461 0.278232 0.330527 0.601295 1.1113 0.379627 1.61581 1.3061 -0.204241 0.611238 -0.957259 -2.19534 1.35497 0.600907 -1.22541 1.39165 0.591672 1.66314 0.138885 0.527183 -0.0853611 0.334759 0.132933 0.803937 
-0.867699 0.679035 0.959243 -0.38633 0.64871 1.06399 0.644406 0.0235871 0.924393 1.48106 -0.667745 -0.547247 -0.309643 -0.348518 -0.589528 -1.3248 -0.305513 -0.202758 0.0986734 0.665774 1.40535 1.41459 0.787782 0.617636 -0.484159 -0.314062 -0.747927 -0.327253 -0.711003 0.198163 0.826435 0.784691 2.78353 1.52759 1.0779 1.08988 1.44704 1.16705 -0.336653 
-0.934311 0.442131 0.599462 -0.474837 0.991304 1.00243 1.53442 0.822937 1.13455 1.61015 -0.883805 -0.801894 0.698729 -0.237441 -0.149308 -0.545074 -0.0655421 0.660715 0.4021 1.79087 1.31757 -0.240861 -0.162672 1.8495 0.711999 0.614407 -0.360137 -0.433838 -1.61592 -0.81688 -0.708714 0.352161 -0.0804113 0.343983 0.962909 -0.23476 0.824149 0.33017 0.00604599 
-1.02782 0.516842 0.44652 -0.478419 1.06588 1.26849 2.00829 0.887543 0.718523 1.26607 1.55888 0.300926 0.41787 -0.165068 -0.00690368 -0.762968 -0.625903 -0.641417 0.373834 -0.727223 -0.997584 -0.18403 -0.999504 0.32963 0.892578 0.345826 -0.289752 -0.0109533 -0.744891 -0.0224705 0.741947 0.50259 1.32512 -0.62186 1.04814 -0.439644 0.293422 -0.327717 0.777315 
-1.04806 0.384362 -0.121398 -1.19667 0.602252 1.18989 0.847109 0.235854 0.97336 0.49487 -0.456484 0.258037 1.08793 -0.176696 0.13918 -0.40666 0.0295448 0.229514 0.255045 -0.397874 -1.962 1.57845 -0.258652 -1.49696 -1.02273 0.26046 -0.287382 0.248482 0.13689 -0.307431 -0.726652 0.251247 -0.635855 -0.485685 -0.00478001 0.322514 1.0944 0.387323 0.43608 
-1.14902 0.566196 0.0660122 -0.463647 1.21608 1.38434 1.58926 -0.303996 1.94299 0.947809 -0.17621 -0.885174 0.699543 -0.24572 0.356467 0.961291 0.268713 -0.224205 -0.0251887 0.0909982 0.501501 0.199398 1.35789 0.920475 -0.421682 0.156024 -0.184362 0.447728 0.972212 0.302506 -0.0896108 0.216133 -0.932356 -0.849586 -0.0683255 0.0464177 -0.302648 -0.318694 0.920461 
-1.21349 0.593052 0.804788 -0.913115 0.471521 1.13681 0.826308 0.588333 1.11362 1.91572 0.670309 -0.223225 1.23805 -0.0885324 0.486625 1.69445 0.300756 -0.333492 0.0505017 -0.545172 1.06948 -1.64288 0.334585 1.18156 0.721862 0.770885 -0.284348 0.607974 0.631558 0.878905 0.615024 0.519318 0.756259 0.359197 -1.08409 -0.212562 -0.179496 -0.733201 -0.79542 
-1.21373 0.87033 1.69252 -0.144085 1.01768 1.37689 1.05025 0.40447 0.634855 1.26777 1.25967 -0.0254357 1.62416 -0.160782 0.49151 -0.117801 0.711276 0.962685 0.702865 0.713343 -0.0771603 -1.53938 -1.5469 -1.09787 -0.3323 -1.00037 -0.0772676 0.515437 0.145459 0.481065 -0.941861 0.0932153 -1.04171 0.29516 -1.79445 -0.446015 1.15312 0.192771 -0.427914 
-1.32449 0.900767 0.700205 -0.132204 1.07566 1.52262 1.31246 0.578132 -0.113142 0.21154 -0.592322 -0.599672 -0.0684433 -0.0253793 0.233054 -1.48495 0.230807 -0.789433 0.104175 -0.511038 -0.714904 -0.589156 -0.762427 0.134351 -0.463637 -1.2135 -0.0442003 0.616627 -0.46772 1.25731 0.626856 0.440882 -0.750753 -0.217955 -0.543244 -1.41837 -0.452483 -0.201652 -0.189972 
-1.23799 0.988521 0.282015 0.0968686 0.536982 1.40179 0.539037 -0.0054418 0.155157 0.407542 1.45581 -0.555897 0.0492018 0.0935914 0.368464 -0.472434 0.695227 -0.210059 -0.121462 -1.46847 -0.127253 0.878569 0.12431 0.614571 0.15937 0.817861 -0.162278 0.433938 -1.34988 0.0793219 -0.204705 0.145393 0.226916 0.25518 0.377243 -0.846631 -0.947075 -0.213523 -1.72905 
-1.27252 1.11825 0.256868 0.63067 0.953689 1.4115 0.0213425 0.536535 0.561078 0.30528 0.172326 -0.399552 0.915344 -0.208645 0.373633 -0.255836 -0.152069 0.547848 0.114545 0.767612 1.02593 1.08425 -0.0752593 -1.17188 0.277731 -0.651435 0.0129238 0.556462 0.484892 0.501137 -0.211887 -0.416077 -0.293807 -0.0934239 0.990943 0.35788 0.157375 -0.557923 0.278353 
-1.37966 1.2098 0.045578 -0.0924601 0.884273 1.43295 1.06939 0.675726 0.991085 0.286583 0.105559 -0.21698 -0.817767 -0.0800693 0.408094 1.12464 -0.141039 -0.0401122 -0.348968 1.18619 0.0585048 0.387191 0.270259 -0.414478 -0.72175 -0.488428 0.618115 0.269146 0.25123 0.445241 -0.338025 -1.72658 0.89758 -0.360284 1.62124 -0.258375 0.390587 1.96593 1.27549 
-1.33181 1.3648 1.33909 0.453737 0.93694 1.16324 0.892668 0.611363 0.848979 0.556036 -0.281267 -1.2327 0.253702 1.07726 0.0045792 0.603286 0.643254 -0.94883 -2.19349 0.182968 -1.3854 0.973014 -0.160621 1.63331 1.91879 2.07087 0.630729 -0.630527 -0.104354 -0.010345 -0.975644 -2.09332 1.6935 -0.753417 1.56944 -0.353938 0.893509 1.77444 0.265823 
-0.697463 1.16045 0.629791 0.612006 0.304884 0.0727563 1.12351 -0.154422 1.73956 0.0737896 2.07624 2.04636 1.74434 0.966505 -1.27722 -1.24095 0.118709 -1.1232 -2.18011 0.588014 -0.846256 1.60503 -0.603903 1.43947 2.70895 0.804165 0.642548 -0.924711 0.922922 1.33686 -0.0667359 -0.71888 -0.0555638 -0.919372 -0.182155 0.389094 0.147076 0.891756 0.556017 
-0.720576 0.375514 0.161644 0.568713 0.249586 -0.188886 1.27673 0.119125 2.09434 -0.133647 1.45994 1.95724 1.22024 -0.174123 -1.28158 0.620213 0.85292 0.8722 1.3514 -0.218706 0.416853 -1.18039 0.587123 -1.44476 -0.896482 -1.43791 2.64217 -0.432566 -1.85671 -0.161377 -2.99022 -2.50742 -0.781756 -2.42461 -0.466809 -1.26796 -0.42932 1.01987 -1.14235 
-0.817015 0.167971 1.23017 1.5521 0.853002 0.849521 0.850428 0.145003 0.795037 0.665432 0.402951 1.00831 -0.113296 2.76196 0.682555 -1.16086 -0.311275 -2.44873 -0.857229 -1.37522 -1.76211 -2.16986 -0.664816 -1.89681 -1.54659 -2.02776 2.5655 -1.05286 -2.17978 0.163788 -2.30273 -1.09495 -1.00138 -0.349018 -0.903947 -0.784505 -2.17006 -1.44342 -1.82955 
1.04099 0.823322 -0.939292 0.200467 -1.25848 -0.743543 0.0615692 -0.947131 0.371899 -0.888861 -0.748523 0.156827 -1.38038 3.79425 -0.173085 -3.44339 -0.678976 -3.62217 -2.65508 -0.795768 -0.764048 0.0666156 -1.36125 -0.963228 -0.633865 -0.536883 2.64767 -0.758708 -1.63506 0.691568 -2.2888 -0.780189 -1.37796 -0.922521 -1.65847 -0.738401 -1.33184 -1.4165 -1.63396 
1.60593 -0.0116578 -2.05108 0.770624 -1.38161 -0.78893 0.107281 -0.295709 0.830903 -0.839019 -0.700281 0.278227 -0.835972 0.974268 -1.7294 -0.951867 1.08011 -0.284588 -0.0601121 -0.0289383 0.790136 0.108585 -0.0621469 0.428127 0.0456738 0.266771 2.76587 -0.669264 -2.62681 -0.613518 -3.61768 -2.2506 -0.855207 -1.17808 0.0967748 -0.885423 -0.513497 -0.504799 -0.0350394 
1.65719 -0.497544 -1.84059 1.39587 -1.4266 -0.817676 -0.056931 -0.413748 0.440761 -0.995714 -0.204596 0.223619 -1.09076 0.108982 -0.74975 0.0371808 -0.0232204 -0.699947 -0.0670438 -0.0674439 -0.486333 0.0762816 0.483881 0.411555 0.129556 0.523735 0.517743 -1.36624 -1.25718 0.221527 0.0147251 -0.909504 0.0412277 -0.848776 0.640713 1.08978 0.278546 -0.12244 -0.181869 
1.66776 -0.614152 -2.00762 0.726098 -1.8069 -0.867242 -0.0425851 -0.562362 0.874369 -0.358446 -0.175974 0.443386 -0.222673 -0.247474 -0.159756 -0.668014 -0.841083 0.305353 -1.01595 0.0933615 -1.68177 0.717369 1.20548 -0.0922527 -0.132015 -0.440423 0.0187885 -0.394662 0.255799 0.453895 0.136756 0.0979916 -0.546186 -1.34465 -1.14477 1.31258 0.762701 -0.245735 -0.081476 
1.49065 -0.667399 -2.47075 0.432224 -1.22945 -1.46801 -0.0758078 -1.42965 0.988246 0.261165 -0.276722 0.0820405 -1.69193 -0.0871738 0.207634 0.316229 0.524159 0.866612 0.227583 -0.475991 -0.945513 -1.49246 0.887376 0.466853 -0.350675 -0.587644 -0.043417 0.423122 -0.195872 -0.896334 -0.934424 0.190308 -0.198578 -1.71779 -0.867043 0.354928 -0.717724 -0.940294 -0.330305 
1.60391 -0.514601 -1.69761 1.29672 -1.26224 -0.767945 -0.525247 -1.11681 -0.315505 0.556214 0.413799 0.0453911 -1.00929 0.18139 0.751446 0.432334 -0.179891 -1.41939 1.2898 -0.277091 -0.156573 -1.7848 -0.813929 -0.688272 -0.848346 0.10451 -0.174471 0.939662 0.237599 0.339268 0.971365 -0.416959 0.281135 -2.26667 -2.00509 0.0739292 -0.78105 -0.66921 -1.0676 
1.59887 -0.169073 -2.04983 0.211629 -2.10018 -0.728385 -0.396449 -1.48962 -0.43146 -0.654467 -1.05445 -0.899558 -1.6067 -0.164079 1.10021 0.0134433 -0.152422 0.297908 -0.699096 0.788672 -1.4908 -1.00408 -0.783298 -1.31834 -0.333357 -0.55423 -0.0530826 1.11587 1.29815 0.524581 0.691194 0.599192 0.386621 -0.701307 -2.29114 -1.07698 -0.907624 0.0554293 1.77676 
1.4908 0.239469 -1.67683 1.107 -1.06971 -1.22727 0.0222642 -2.01302 -1.12141 -0.326465 -1.10983 -0.332295 -1.75382 -0.261131 0.800701 1.28055 0.760503 2.24893 -0.514088 0.698928 -0.57441 -1.07095 -0.259416 -0.305051 0.956439 1.86289 -0.23797 0.882752 0.269787 -1.14919 -0.702553 -1.01624 0.520345 -0.819332 -0.990502 -1.24801 -1.22447 0.32687 1.57483 
1.42357 0.365371 -0.818686 1.04786 -0.69965 -1.07619 0.0779591 -1.81148 -1.28994 -0.973545 -1.3785 0.235261 0.693431 -0.176894 0.128733 0.358211 -1.15356 -1.13472 -0.507972 -0.228456 0.631237 -0.218386 -0.465006 -0.0300366 0.738169 2.30088 -0.125334 0.678218 1.23443 0.0559932 0.108507 -1.23238 0.307783 -1.11644 -1.0318 0.682758 0.323841 0.498979 0.770504 
1.36947 0.281162 -1.32672 -0.207819 -1.76419 -1.57139 -0.25876 -1.57922 -1.30961 -0.866721 -1.1083 0.546566 1.09802 0.079304 0.144664 0.349229 -0.70806 -2.11604 -0.95828 -0.358673 -0.608824 -0.203365 0.986346 0.691682 -0.363489 -0.995468 -0.4877 0.453123 1.32994 -0.113519 -0.57715 -0.041384 0.405284 0.545812 -0.00573521 -0.421918 0.426261 -0.269728 1.45641 
1.46639 0.418747 -0.477153 0.233703 -2.00173 -1.69176 -0.309137 -2.1549 -1.46634 0.047588 -0.522559 -0.17776 -0.606889 -0.51693 0.504552 1.39614 1.01494 0.447839 0.497441 0.669607 -0.00359501 0.232555 0.0618158 0.531437 -0.985515 -0.683675 -0.744067 0.356079 0.840671 0.0193104 -0.692739 -0.210423 0.684448 0.755366 0.125514 0.64383 1.50061 -0.491535 0.53337 
1.03028 0.598441 0.0148478 0.91435 -1.47882 -1.30942 0.191763 -1.54332 -1.14329 -0.840212 -0.442075 -0.595887 0.190439 -1.13535 0.354075 0.766996 0.719156 1.29097 0.740269 1.0887 1.46476 0.382352 -0.299241 1.01361 -0.126321 1.60367 -0.744843 0.638902 1.38648 0.946272 1.42206 0.586665 0.36729 0.550738 0.0637465 0.320639 0.86048 -0.594807 0.0579959 
0.730986 0.625682 0.263439 1.02347 -1.19433 -1.2834 0.482775 -1.1987 -1.18224 -0.314334 0.714493 -0.312662 1.36672 -0.540217 0.386304 0.43195 0.0409857 1.25553 0.262897 -0.267773 0.636603 -0.131134 0.294654 0.45654 0.382816 0.772228 -1.11193 0.648875 0.904001 0.0695066 1.04159 0.701651 1.06537 2.08586 -0.147763 0.755109 0.582578 -0.861931 0.607589 
0.67618 0.82901 0.435397 0.941979 -0.693357 -1.18883 -0.121288 -1.10616 -1.26289 -0.563212 0.135489 -0.133739 1.11675 -0.440465 0.550607 0.431826 -0.651481 -0.0424868 0.161202 0.0355113 0.84063 -0.546536 1.10019 -0.337044 -0.768379 -0.914336 -0.93544 0.456793 -0.33698 -0.323457 0.480061 0.152643 0.144579 0.74009 -0.132863 0.554314 -0.494344 -1.07346 -0.619153 
0.440792 0.976734 0.68387 0.272895 -1.21255 -1.22412 0.416775 -0.633669 -1.62843 0.829272 0.35257 -1.20049 0.168593 -0.786231 0.252069 -0.851668 -0.41624 -0.678416 -0.0352784 0.439145 0.202687 -0.01434 0.300873 -0.98675 -1.50874 -1.42389 -0.487183 -0.0653652 0.645111 -1.0833 -0.148705 0.0614031 -1.59338 1.63524 -1.02273 2.57766 -0.983442 -0.508 -1.31529 
0.164458 0.961145 -0.370191 0.455771 -1.10532 -1.24799 0.141505 -0.940968 -1.29067 -0.279522 -0.99559 -1.88977 -0.723226 -0.252627 -0.636174 0.429341 -0.580236 -0.132144 -0.0455719 -1.66259 0.973846 -0.716399 1.56529 -0.74124 0.260571 -0.498298 -0.724315 0.288322 -0.936192 0.0268097 -0.248127 0.338651 0.77775 0.49929 0.250456 0.949814 0.764621 -0.0646038 0.11493 
0.270944 0.457524 1.10193 -0.397614 -1.28628 -1.28949 -1.03247 0.014855 -2.20817 2.47325 -0.487861 -0.88169 -0.505481 -0.241912 0.152729 -0.349569 0.435789 0.384916 0.491204 0.387435 0.374273 0.350225 0.699263 1.86731 1.48562 1.57468 -0.511479 0.3807 -0.691934 1.22177 0.466025 -1.01723 -0.612661 -0.403741 0.00796092 -0.315263 0.475384 -0.223046 0.179271 
0.00147409 1.02043 -0.696164 0.927086 -0.858906 -0.989779 0.362175 -0.66823 -1.03183 0.432764 1.25212 -0.134387 1.21387 -0.474794 1.16905 -1.31201 1.94669 0.692481 -1.16271 1.05037 -1.38066 0.747767 -1.85937 1.29769 -0.456887 0.719421 -0.363745 0.198876 0.261679 0.744946 0.445003 0.459392 0.048954 0.0904186 0.586356 0.730159 1.16392 1.15667 1.2112 
-0.0412449 1.26208 -0.143385 1.77167 -0.849437 -2.0283 -0.271788 -0.812322 -1.63678 0.432909 1.08549 -1.40424 0.354309 -0.276771 0.128059 0.710647 0.393208 0.150288 0.112919 -0.315016 -0.242742 0.40747 0.0761595 -0.539299 -0.173732 -0.225516 -0.504884 0.994673 -1.44482 1.70062 0.671834 0.204695 1.38341 -1.58583 1.61194 -1.67329 0.24334 0.142068 0.633866 
-0.183843 1.06163 -0.00939727 1.35055 -0.757767 -0.959604 0.0106408 -0.78221 -0.727988 0.474703 0.650753 -0.324886 0.883396 -0.243309 0.215062 -0.552608 -0.0405056 0.11392 1.45422 0.402954 -0.313935 1.29781 0.175986 -1.00126 0.659688 -0.00136393 -0.397557 0.213004 -0.10398 0.484202 0.680179 0.602694 2.25103 1.46697 0.0605929 -0.84527 -1.16372 -1.6738 -1.4456 
-0.205123 1.36707 -0.663305 1.70772 -0.770815 -1.18955 -0.0384755 -0.970923 -0.632956 0.582244 -0.0627647 -0.617408 0.306183 -0.289686 0.172317 -0.826477 0.141891 0.666092 0.667093 2.66615 1.8739 -0.310009 -0.912453 -0.740997 -1.60844 -1.32956 0.856213 -1.83912 -0.715606 -2.31168 1.19333 3.91 -0.19755 -0.307366 1.76434 1.38825 -1.73687 1.61949 -0.383462 
-0.377435 1.13529 -0.790923 1.49158 -0.337263 -0.595359 2.08751 0.430432 -0.988222 -0.546922 -0.18939 -2.19783 -0.837757 1.44834 -2.75984 -0.360931 -2.57578 1.31598 3.38519 -0.58562 0.0121163 0.939155 1.27269 -0.921291 1.15813 -0.392657 1.26141 -2.28901 0.376806 -3.1375 0.588592 1.28629 -1.08275 -0.440855 0.347382 1.08656 0.166631 0.715819 -0.586055 
0.714817 -0.709407 -1.00013 -1.20541 0.0520688 0.813236 -0.610439 -0.925169 0.0888959 1.91143 -1.11635 0.753923 -0.234824 2.06723 -3.34082 1.33771 -3.689 0.0407855 0.951964 -3.76482 -2.32115 0.767609 2.05249 0.951462 2.43843 0.71408 1.19356 -3.42476 1.57815 -2.84635 0.917278 1.162 -0.732081 1.10381 -0.565834 -0.844947 -1.32008 -0.465199 -1.3741 
0.939026 -1.36723 0.494827 -2.6726 -0.303924 -0.0593855 -1.07418 -0.986204 -0.401238 1.62119 0.974087 0.674875 0.0153052 0.233341 -1.98332 2.439 -0.643161 -0.216121 -1.91869 -0.15018 1.22341 -1.62834 -2.10865 -0.534218 -1.61915 -1.08426 1.32291 -3.17084 1.25013 -1.54582 0.82715 0.158858 -2.41622 -0.215284 -0.308463 -0.0129403 -1.63028 2.27242 0.914603 
0.856322 -2.21647 1.3376 -1.94663 -0.0736576 -0.381295 -0.827701 -0.120227 -1.2078 -0.397086 -1.7117 -1.13157 -1.64699 -0.202796 -1.05029 0.312545 1.93595 0.951311 -0.716718 1.28627 2.11964 -1.13359 -2.03728 -2.75458 0.0931225 0.310862 0.0361973 -1.32087 1.55467 1.06563 1.00588 -0.644334 0.271556 2.16038 -1.60898 -2.65877 -0.206507 0.0472652 -0.263732 
0.801104 -2.19011 0.801318 -0.515382 0.293176 -0.529338 -0.121327 0.380457 -1.30897 -0.61055 -2.24984 0.797308 0.360465 -0.186935 0.157069 -0.391553 1.83362 1.42191 1.16809 0.452948 1.16315 -0.370792 -0.582913 0.326552 1.71832 0.821122 -0.232049 -0.552787 -0.70276 1.90238 1.06475 0.202563 0.0405108 1.96547 0.0805927 -2.36379 -1.7887 1.00711 -0.516171 
0.728562 -2.154 0.971519 0.0955805 0.814817 0.284967 -0.553665 0.646947 -1.51582 -1.06419 -1.28802 0.896678 -0.659096 -0.129811 0.288941 -1.20933 0.197651 0.32486 1.00561 -1.22259 0.0545867 1.25617 -0.352511 0.773943 1.05528 -0.849953 -0.209374 0.740096 -0.980944 1.71175 0.464983 0.321591 -0.692824 1.13845 0.938952 0.656806 1.64737 2.87095 0.408572 
0.709942 -2.03093 -0.345915 -0.311691 0.502402 0.0389732 -1.21216 0.452829 -0.337883 -1.02978 -1.29652 2.04804 -0.756561 -0.113633 0.874085 -0.86805 0.0851125 -0.862818 -0.733108 -1.14812 0.110112 1.57126 1.28329 1.5432 1.4675 -0.349342 -0.374239 0.783128 -0.832432 0.10536 -0.316126 1.02528 -1.90825 1.48608 2.06867 0.357596 1.96957 0.356242 -0.525449 
0.647765 -1.56574 0.150282 0.1728 0.288682 -0.194866 -1.58384 0.754121 -0.297009 0.276407 0.575981 2.63081 -1.14554 -0.4037 0.801874 0.14342 -0.0895634 -0.699659 0.293085 -0.730312 1.5974 1.36296 0.746789 1.45686 -0.618362 0.30072 -0.496129 1.08812 -1.06446 -0.54708 -0.605352 -0.500197 -1.4176 0.465464 1.19103 0.526875 1.91987 0.609327 0.465025 
0.443303 -1.49563 -0.200975 -0.430775 0.0772898 0.177757 -1.90198 1.49217 0.717162 -0.266366 0.465278 1.33613 -0.424175 -0.592099 0.63958 -0.500476 -0.712424 0.142222 0.159429 -0.297054 0.429997 -0.0542378 -0.715837 0.631914 -0.753928 0.882832 -0.649087 0.960764 -0.0745012 -0.221151 -0.273071 0.0718541 -0.171596 0.755542 0.712352 0.278999 2.00058 -0.332035 1.32318 
0.26042 -1.14945 -0.31984 -0.646263 0.384827 -0.136655 -1.92074 1.06178 -0.356157 -0.533696 1.36116 1.75993 -0.0799161 -0.51815 0.535223 -0.220802 -0.170376 0.376336 -0.164627 0.574505 -0.741271 -0.447043 -0.432919 0.808695 0.302906 1.17085 -0.882301 0.561266 -0.273009 -0.741933 0.827065 0.906846 1.13202 1.02416 0.961748 -1.5619 -0.114445 -1.51671 2.27925 
0.103336 -1.15586 -0.403947 -0.640677 0.318388 0.0406188 -1.52893 1.06573 0.349192 -0.772101 1.45974 1.70458 1.00425 -0.659266 0.143637 0.164191 -0.134516 0.849773 0.9939 1.49023 0.718767 1.28334 -0.853594 -0.736418 -0.856529 1.63386 -0.691594 0.612752 -0.424682 -0.454822 1.01614 0.593428 0.589137 -0.650034 -1.07371 -1.36984 0.13965 -0.67619 1.20138 
-0.169957 -1.09682 -0.155059 -0.815866 0.919059 0.424598 -0.801749 1.55044 0.636288 -1.492 0.526439 0.768734 1.93172 -0.463759 0.319378 -0.313301 -0.352946 0.841718 0.933266 0.0568975 0.0661458 -0.87991 -0.940032 -0.628465 -0.994567 0.167578 -0.916215 0.395281 -0.0286247 -0.743132 0.660962 1.52043 0.884781 -0.022172 1.31918 -1.16323 -1.07341 -1.45255 0.180818 
-0.201782 -0.974368 -0.695276 -1.05575 0.847632 0.56532 -1.57751 1.14535 -0.359096 -1.8234 0.752818 0.551507 1.16892 -0.640017 0.409453 -0.18174 -0.713775 -0.0563708 0.912546 -0.552894 -0.709892 0.394617 -0.307979 -0.442686 -0.683792 -1.41104 -0.94259 0.473807 0.457014 -0.833585 1.19889 1.50506 1.19953 0.605294 0.498627 -0.752513 -1.217 -2.55268 -2.30091 
-0.588002 -0.84928 -0.320718 -1.63645 0.892243 0.936809 -1.34705 1.14367 0.930027 -1.86332 0.0394516 -0.0198972 0.107929 -0.87279 0.342584 0.929143 -0.5973 0.594826 0.954316 1.20614 0.626297 1.52744 0.198633 -0.711537 -1.74834 -2.65763 -0.678083 0.669318 0.900929 0.624977 0.226697 -0.0973505 -0.934607 -0.163953 -0.58481 0.597808 0.721087 -0.456072 -1.58689 
-0.768962 -0.775858 0.200202 -1.74544 1.22401 1.10271 -0.689933 1.57604 0.825262 -1.6497 -0.0524492 -1.48549 -2.22509 -0.322802 0.523572 1.37655 1.40755 0.330568 -0.991771 -0.392481 0.564309 -1.10763 0.948003 1.27446 0.232748 -0.298488 -0.862222 0.605751 1.33173 0.03021 0.254868 -0.964505 0.225762 0.0226212 0.42264 1.13176 0.472136 -0.0431245 -1.95462 
-0.802811 -0.518053 1.00214 -0.0730553 1.105 0.301048 -1.76169 1.53551 0.0427087 -0.88344 1.58531 0.266271 -0.314461 -0.350205 0.50231 0.827536 0.620682 -0.286947 -2.09789 -0.950763 -0.568624 -0.975333 0.987639 1.26434 1.7487 0.54611 -0.655509 0.232418 1.62703 0.202704 0.617158 -0.500697 0.210328 1.09905 -0.339576 0.287081 0.242754 0.432386 -0.561927 
-1.00133 -0.460223 0.998624 -1.06634 1.05443 -0.199848 -1.55934 1.25781 0.0419539 -0.627174 1.48143 0.578393 -1.5836 -0.608122 -0.196281 0.76527 -1.18974 0.410463 0.417477 0.63189 0.666039 0.702573 -0.625863 -0.978696 0.287407 -0.29062 -0.686941 -0.246248 0.0477786 0.156247 -0.232963 -1.49497 0.22459 -0.0314102 -0.263657 0.991394 1.19884 1.30878 0.537907 
-1.20042 -0.714691 1.74108 -1.42853 1.36723 0.514818 -1.34189 1.99111 0.578562 -1.59675 0.46377 0.616536 -0.726939 -0.625131 -0.838659 -0.745436 -0.455237 0.0115771 0.303227 1.20493 0.567434 0.665614 0.0550348 0.102788 -0.270533 0.0670509 -0.612219 -0.106386 0.590615 -0.577934 -0.148771 -0.445223 -0.477912 -0.355344 0.967427 -0.285048 -0.306386 0.0614671 0.564864 
-1.40984 -1.12791 0.294511 -1.59637 1.06969 -0.0549505 -0.672748 1.65162 0.54875 -0.607961 1.64021 0.274379 -1.54555 -0.261638 0.0538412 0.0248204 0.527653 -0.585174 -0.923682 -1.10468 -1.02013 0.533656 0.362696 0.659108 -0.172714 0.933248 -0.805017 -0.634255 0.175807 -0.240667 0.528109 1.01453 -0.0192266 0.418615 0.883228 0.800315 0.851923 0.954652 1.20785 