-0.94945 -0.775028 0.714347 0.00254881 1.42838 1.50399 0.784425 -0.0378423 0.114694 -0.200284 -0.587997 0.519632 1.84435 1.79953 -0.625013 -1.31868 -1.1529 -0.156578 -0.888112 -1.13706 -0.507694 -1.21864 2.72324 0.00609941 -0.501031 -0.685928 0.293978 0.239615 -0.428584 -1.00882 -0.00831924 0.0927083 -0.834852 -1.96696 -0.888238 0.26755 0.0341401 1.7452 1.1329 
0.0327253 -0.752536 0.00724385 -1.50144 1.47138 0.965794 0.175669 -0.557903 -0.933145 2.51503 -0.851536 -1.6694 -1.24823 0.490156 1.47042 -0.0910658 -1.28864 -0.458546 -0.14721 -1.00829 -1.06366 -0.46663 -0.0123124 0.635177 -0.74718 -1.16693 -0.0456485 0.646888 0.45116 -0.342394 -0.155417 -0.638428 -0.895193 0.724118 0.985914 0.74981 1.40081 0.361544 1.6439 
-0.674103 0.280149 0.644552 -1.40084 1.13277 1.39034 -0.442706 -0.930956 -0.473204 -0.217775 0.146648 -0.422792 0.339966 -1.91018 1.52898 1.95356 0.776186 -0.017758 0.082992 0.274812 1.31768 2.15514 -1.90627 1.68533 0.945826 2.47193 -0.0309758 1.22467 0.296856 -0.170931 -0.0585016 0.379587 -0.103472 0.433611 1.25111 -0.0824597 -0.092156 -1.40165 -0.428609 
-1.10966 0.343874 1.53967 -0.713924 1.42652 0.99263 0.448533 0.636368 1.52355 0.166721 1.02675 -0.560275 1.83368 -0.578194 0.264165 0.509645 1.11575 0.409375 0.645941 0.96533 1.56298 1.64123 -0.0766425 -0.756594 -0.820183 0.76347 -1.33825 0.766362 0.799864 1.45472 0.674457 0.655011 0.380475 0.734992 1.49356 -2.64892 1.04022 0.413308 1.37928 
-1.02976 0.486002 1.04549 -0.25302 1.33091 1.76072 0.637401 0.478335 1.3867 -0.314435 -0.63438 -1.45368 1.26859 -0.192261 -0.453257 -0.829865 0.983451 0.915193 0.768497 0.183033 -0.496066 -0.762858 -0.97629 -0.431755 -0.441958 -0.965483 -0.680121 0.116851 0.571369 0.975905 0.233463 0.312749 0.438418 1.56282 1.74311 0.282982 -0.0403443 -0.433142 0.127957 
-1.23737 0.0445916 0.890933 0.29351 1.91242 1.43781 0.614102 0.240785 0.591648 -1.0371 0.59948 -1.13284 0.583191 -0.510122 -0.122178 0.293745 0.0746776 -0.081477 -0.232815 -0.447524 0.143906 -0.0248964 0.385472 0.69809 0.358082 -0.578952 -0.10345 0.461886 -0.748637 0.118198 -0.0844632 0.540439 -0.0504504 0.0558796 0.21051 -0.158186 -1.11688 -0.39435 -1.31503 
-1.34522 0.419831 1.27724 -0.209845 1.24981 1.59483 0.0658237 0.643727 1.31178 0.157612 0.168778 -1.05677 0.505267 -0.00745305 1.09127 -0.217123 -0.812631 -0.997893 -0.0637488 -0.17112 0.591438 1.00318 0.804906 -0.933942 0.0241257 -0.374418 -0.284007 0.212135 -0.477818 -0.777061 0.0311204 -0.599494 0.261716 -0.474938 -1.33933 0.304101 1.2772 0.411106 -1.3512 
-1.25593 0.832806 0.722355 -0.604799 1.30998 1.37509 0.365652 0.798465 1.7106 -0.0488713 -0.374685 -1.14061 0.0776571 0.0321843 0.401146 -0.961101 -0.968112 0.148052 -0.522439 0.782474 -0.616187 -1.12627 -0.0536544 0.84324 0.143273 -0.799159 -0.211807 0.32194 -0.488132 -0.50101 -0.676707 0.754133 0.856197 0.563646 -0.0352388 0.715337 -0.323273 0.476113 0.431526 
-1.34037 0.722132 0.525664 -1.27313 1.29928 1.25219 0.932164 0.142851 -0.0421442 0.089243 1.13001 -0.920166 -0.535597 -0.359231 -0.654443 -0.464691 0.247357 0.150318 1.04219 1.12125 0.0469358 -0.983498 -0.025457 0.531891 0.551416 0.879636 -0.0664696 0.35799 -0.408473 -0.0512134 -0.0953602 0.0709813 1.48433 0.512664 1.15187 0.312142 0.301991 1.37936 0.151048 
-1.48226 0.391869 0.359778 -0.378403 1.36074 1.98729 1.62804 0.878857 0.522477 -0.0825388 0.247479 -0.509426 1.15269 -0.174916 0.0875036 0.390954 0.937541 -0.244825 0.625915 0.817667 1.20004 2.21177 0.394224 -0.486062 1.46305 1.00807 -0.0823744 -0.0275415 0.173509 0.811643 0.152628 -0.014751 1.26268 -0.232168 0.329015 1.22661 0.758832 -0.147657 0.367551 
-1.45784 0.803598 0.833592 -0.314407 1.12525 1.61036 1.83965 1.23401 2.48032 0.572061 0.643597 0.815716 0.701313 0.191992 0.588851 0.710363 0.747807 0.073183 -1.04852 0.249517 -0.2596 1.33021 1.36143 0.380008 -0.687722 -0.442004 0.542555 -0.6773 -0.10498 2.70128 0.298536 -0.483644 0.332461 -0.842869 1.56804 -0.439841 -1.09686 1.97754 0.58969 
-1.38302 0.826333 0.918003 0.379 1.36762 1.3236 1.87133 0.690551 2.02121 1.59058 0.704239 -1.3798 0.561975 0.970639 -1.08719 -0.535666 2.30396 0.656764 -1.23279 -0.409509 -2.06578 -0.752624 -0.87219 -0.855326 0.825925 -0.335764 1.52551 0.998185 -1.27527 -0.0133844 -2.25931 -3.34799 -1.06296 -1.97574 0.40916 -1.18136 -0.787411 1.18841 -0.0163472 
-0.898697 0.0579627 0.415395 2.09416 1.46413 0.834212 1.31251 -0.537527 1.5603 -0.503649 -0.244953 1.77954 0.244497 2.11839 0.820148 -2.49558 -0.733408 -2.96467 -3.22695 -1.28537 -1.81762 -0.911542 -2.64654 -1.34564 2.07614 0.474074 3.44784 -0.62995 -2.467 0.144465 -3.133 -3.38052 -1.85327 -1.56885 -1.80557 -2.18269 -2.24156 -0.174335 -0.561103 
-0.145981 1.42365 -1.03604 -0.43525 -0.353704 -0.669513 0.320277 -0.863455 0.916647 -1.66876 -0.718277 1.09901 1.12585 4.30188 0.155574 -2.92012 -2.10191 -4.67661 -3.08434 -1.44418 0.423678 -0.817145 -1.50287 -1.87601 -0.992676 -0.207663 3.57652 -0.887639 -2.62711 -0.0383588 -3.39161 -2.5969 -1.2901 -1.17654 -1.64153 -2.39719 -1.42985 1.70709 -0.336695 
1.628 0.187357 -1.87132 -0.172151 -1.23111 -1.07187 -0.424198 -0.126899 0.565359 -2.35552 -2.24505 0.539634 -0.0508647 3.35242 -2.12222 -1.18464 0.718118 -1.38918 -0.0865308 0.0144659 0.595055 -0.510951 0.0379917 -0.400082 -0.0958042 -0.780429 2.87649 -0.653096 -2.39053 -1.42287 -3.68803 -2.58635 -1.42115 0.0615386 -1.39566 -1.07321 -0.986676 -0.296222 -0.343684 
1.81993 -0.0507453 -1.96278 0.290652 -1.17875 -0.746132 0.288785 -0.302605 0.27728 -1.62434 -1.11105 0.945907 0.108595 0.0902437 -1.12047 -0.428468 0.440757 -0.0600484 -0.215634 0.0376607 -0.322255 -0.384603 0.335481 0.668419 0.686828 -0.106075 1.93647 -1.67002 -1.34311 0.765955 -1.09316 -0.358354 -0.984857 -0.0990756 -0.44371 0.716553 -0.0474216 -0.155519 -1.77866 
1.66714 -0.581707 -2.20552 0.259454 -1.30002 -1.22728 -0.428574 -0.370125 0.0727171 -1.94499 -1.47421 1.33491 -0.218189 -0.408802 -0.30461 -0.695687 0.222733 0.00375528 -0.359876 -0.9695 -0.665391 0.163893 0.742781 0.332984 -0.0494735 -1.04926 0.0651068 -0.357635 -0.376904 0.520177 -0.215964 0.495284 0.306864 -0.805342 0.375331 1.97877 1.05324 -0.18991 -1.18901 
1.56432 -0.245365 -2.50638 0.490921 -1.21136 -0.989565 -0.893004 -0.846611 0.421594 -0.712567 -0.705505 0.848947 -1.24749 -0.0302271 0.580332 -0.0974263 0.207921 -0.192483 0.862548 0.344009 -0.503358 0.772904 1.81922 0.600967 -0.871352 -1.1007 -0.067426 0.0248102 -0.0941697 -0.0871657 -0.546604 -0.637262 -0.877694 -1.57404 -0.969176 0.231339 -0.409414 -1.25542 -2.00059 
1.63513 -0.153242 -2.2803 0.444008 -1.44427 -0.724705 -0.074817 -0.7721 0.924259 0.291513 -0.776816 0.242014 -1.6391 0.264597 0.314278 0.566128 -0.296043 -0.683304 -0.443749 0.125361 -0.982266 -0.982728 -0.490165 -0.839632 -1.35101 -1.01488 0.138536 0.270592 0.772367 0.951782 0.236346 0.549612 -0.138705 -2.21794 -1.71849 0.862887 -0.0672152 -0.732359 -0.55034 
1.70644 -0.00422771 -2.06118 0.14074 -1.63484 -1.28418 -0.794854 -1.66838 -0.765636 -1.31813 -1.57696 -0.825184 -2.56025 0.203392 -0.217326 1.18257 0.953835 0.524104 -0.146052 -0.423424 -1.83288 -2.26449 -0.879161 -0.6921 0.0677834 0.568641 0.215667 -0.0619425 1.95751 0.92451 0.240389 0.405395 1.01697 -0.801536 -1.8567 -0.396368 -0.467666 0.559581 1.8579 
1.7411 -0.286406 -1.35203 1.42002 -1.18086 -0.837648 -0.618221 -2.33948 -1.75145 -0.792776 -1.48761 0.287144 -0.956036 0.0274201 -0.429326 2.18035 1.42538 1.02015 0.975535 0.991147 0.160723 -0.632949 0.0595205 0.262251 2.02181 3.02697 0.0748198 0.22776 2.04459 0.387432 0.124933 -0.494747 -0.0811997 -0.857331 -1.42262 0.118888 -0.0424326 0.624411 1.30301 
1.70848 -0.28666 -0.35103 1.61709 -1.08923 -0.712658 0.315434 -1.48824 -1.54668 -1.24722 -1.24844 1.58779 1.22121 -0.128409 0.518757 1.68598 -0.462959 -0.336372 -0.475044 0.403517 0.951668 1.03854 1.00937 0.63106 0.676996 0.857241 -0.555398 1.03023 1.88064 0.648926 0.291436 -0.248131 0.568248 0.0973773 -0.0623305 0.80496 0.567322 0.0913555 1.64468 
1.6511 0.0987053 -0.0292892 0.892731 -1.40697 -1.15136 -0.194896 -1.46603 -0.591426 0.447083 -0.757447 1.0705 0.0907727 -0.923548 1.88439 0.458375 -0.623648 -0.617377 -1.28077 -0.338991 -0.0209742 0.628304 0.817484 0.417106 -1.88535 -1.24013 -0.907634 1.44886 1.12425 -0.119991 0.5267 -0.813973 0.25364 0.186544 0.225687 0.352338 0.970598 -0.19417 0.656511 
1.14884 1.05999 0.00973046 0.919298 -1.47521 -1.51808 -0.129264 -1.46738 -0.863054 -0.243515 -0.751284 -0.733847 -0.375443 -1.31049 1.53813 -0.107564 0.350626 1.04298 -0.55491 -0.0769245 -0.716565 -0.784599 -0.62505 0.537977 -0.866383 -0.114341 -1.0681 1.22673 0.387595 -0.531095 0.376471 -0.396565 0.897255 0.219287 0.474403 0.731164 0.481272 -1.32504 -0.319984 
0.862923 1.20156 -0.112013 1.2287 -0.84838 -1.51382 -0.333228 -2.0549 -1.54857 -0.324481 -0.128656 -0.0163673 -0.0869695 -0.762618 -0.14683 0.0874016 0.0226093 1.12997 0.785424 1.33161 0.291093 -0.151055 -0.0208069 0.157764 0.405414 0.951434 -1.26787 1.01975 -0.478768 -0.118201 0.861928 0.288759 0.315872 0.663571 -0.475365 -0.300622 0.208996 -1.24328 0.496586 
0.684251 0.976461 0.0797868 0.907225 -0.867127 -1.06258 1.37904 -1.17297 -1.08448 -0.27146 -0.536554 -0.279584 0.790082 -0.683497 -0.0981295 -0.561122 -0.460831 0.0965711 0.937311 0.467916 1.4618 0.409121 0.298625 -0.293718 -0.520255 0.688291 -0.809576 0.187313 -0.591224 -0.271426 0.533798 0.444007 0.536732 1.49067 0.62121 0.332286 0.837022 -0.40108 1.17505 
0.445067 1.15232 -0.550158 0.703673 -0.828192 -0.965622 0.165382 -0.734295 -1.11948 0.0406862 -0.405601 -0.683809 0.746899 -0.525178 0.390114 -0.91373 -0.314962 -0.41419 -0.204184 -0.712068 1.33864 0.760112 0.383304 0.849078 -0.830926 0.339268 -0.666654 0.0526169 0.0958196 -0.134756 -0.10237 0.239301 0.672974 1.24638 0.519555 1.02348 -0.446246 -0.830026 0.073983 
0.359904 1.27099 -0.63467 0.53697 -1.13751 -1.211 0.498201 0.0396746 -0.247795 0.197919 0.431035 -1.32349 1.18405 -0.384067 0.147773 0.69789 0.330946 -0.202397 -0.618254 0.292614 -0.0933175 0.108668 0.816242 -0.257654 -0.394772 -0.560792 -0.626898 0.210433 -0.654299 -0.131105 0.240507 0.767281 -0.335292 0.701644 1.06875 0.571565 1.39417 -0.565941 0.0103153 
0.204065 1.27622 -0.00170649 1.01876 -0.978085 -1.36673 0.459056 -0.776844 -1.0393 1.04287 -0.643271 -1.19919 0.00646491 -0.481126 -0.113593 -0.00101585 0.189418 0.751185 1.19947 0.42922 -0.552691 0.250755 0.23965 0.834279 0.217273 -0.279031 -0.30524 -0.0185848 -0.488268 0.0745534 0.305019 -0.228863 0.839855 0.147361 0.0368253 0.0494384 0.444294 -0.235442 0.00779929 
0.0615753 1.21087 -0.6339 0.701891 -0.744915 -0.502812 0.951573 -0.405543 -0.00261138 0.490508 1.38251 -1.09721 0.798744 -0.126588 -0.20049 -1.37989 -0.21201 0.622708 0.337696 0.640608 0.286518 -0.0242874 -0.761625 0.787624 0.158286 0.618372 -0.316639 0.13388 0.0278458 0.656933 0.422009 -0.504939 -0.521298 -1.47319 -0.482828 -1.0126 0.194363 1.24053 -0.72821 
0.115139 1.15491 -1.08146 0.757746 -0.658582 -1.18446 1.15955 -0.486444 -1.11352 0.103224 0.257392 -1.04439 0.752211 -0.047095 0.280061 0.042498 0.621832 -0.179783 -1.83362 -0.904551 -0.987115 -0.632934 -1.34107 -0.607789 1.23063 -0.440933 -0.281484 0.0854533 -0.47515 0.878442 1.17778 0.45328 -0.70645 -0.250198 1.32987 0.0619379 2.6025 1.16926 -0.590858 
0.0196019 1.42791 -0.599031 1.32563 -0.881943 -1.64562 -0.154287 -1.23156 -0.783634 -1.16223 0.763532 0.357024 0.209376 -0.347461 0.297339 0.716278 1.28658 0.924769 0.255421 -1.30754 -0.518464 1.2696 0.829848 2.36296 1.20827 -1.19323 -0.117049 0.122127 -0.117941 0.590818 0.159351 -0.409844 0.0378327 0.315956 0.230672 -0.064362 -1.5582 0.652144 -0.486515 
-0.104242 1.38412 -0.518601 2.08682 -0.16724 -1.0524 -0.417421 -0.90166 0.314825 1.12215 2.87364 0.382757 -0.785331 -0.173576 -0.13049 -0.205379 0.110823 0.411966 1.32126 1.00782 1.36061 0.891356 1.27181 -1.29377 -0.454197 -0.0236966 -0.344904 -0.0180928 0.657997 0.651059 0.586118 1.1793 0.787314 1.14633 -0.0508345 0.51126 0.61437 0.170028 -1.62339 
-0.0970758 1.35589 -0.758406 1.40715 -0.682329 -0.863109 0.975494 0.000346267 0.205463 0.400601 -0.602497 -0.23037 0.145879 -0.224314 -0.349348 0.208547 -0.482316 -0.141422 1.26757 2.18639 1.77996 -1.26392 -0.272537 -1.62648 -0.982038 -0.472427 -0.254968 -0.000455818 0.316018 -0.0972373 -0.217478 2.13927 1.45864 1.27156 -0.0542593 1.46055 -0.376176 -1.2563 -0.0354456 
-0.250887 1.158 -0.353612 1.53899 -0.282444 -0.302653 2.09016 0.697831 -1.19895 0.784407 1.14529 -0.844262 -1.41439 -0.259616 0.103836 0.65082 -0.196106 -0.666453 1.43123 0.565738 0.0348071 -0.888754 0.318799 0.827484 -0.947297 0.0355911 0.773417 -1.95562 0.394435 -2.88085 -0.104411 1.34406 -0.849132 0.378691 -0.652052 0.325289 -1.79156 1.31344 1.0735 
-0.264572 1.44886 -0.24684 1.16301 -1.09622 -0.0134865 1.58846 0.0701059 -0.872636 0.790596 0.341574 -1.41529 0.157107 1.37578 -2.48806 0.346818 -2.91203 0.0329597 0.466442 -3.00097 -1.33938 0.729811 0.627417 -0.558449 2.51313 1.65585 0.969151 -2.7998 2.21905 -2.90901 0.481912 0.493491 -2.3914 -0.947753 -1.10956 0.894778 1.99052 1.56987 -0.11172 
0.547541 -0.573983 -0.0802702 -1.58689 -0.298444 -0.0418106 -1.46651 -0.436963 -0.39745 1.55421 0.580043 2.16409 0.638956 1.71269 -4.15485 2.46229 -3.23172 1.31522 -0.786614 -2.9763 -1.01271 -0.0561253 0.655972 1.58 2.77103 -0.104275 1.20739 -3.29072 1.44717 -2.88138 -0.216641 0.741912 -2.25663 -1.26323 0.0483784 0.0677943 -0.509942 1.53789 0.577684 
0.732848 -1.45671 1.68424 -2.30209 -0.382753 -0.517344 -1.93936 -0.778348 -0.983825 1.59554 2.10515 1.90557 -0.00794823 0.444394 -2.2687 1.68427 -0.482954 -0.286365 0.496348 0.729882 0.0240993 -0.635058 -0.55282 -0.0702656 -0.725886 -0.996225 1.07362 -3.49194 1.24844 -1.2806 1.41878 0.191775 -2.44413 -0.677085 -0.431014 0.310332 -0.96767 1.70825 -2.19641 
0.795859 -2.15151 1.24114 -2.1354 -0.496106 0.237282 -0.661649 -0.376589 -1.18094 0.871534 0.546444 1.24747 -0.650284 -0.098646 -0.891189 -0.709773 1.7397 0.543498 1.0448 0.511177 0.324257 -0.279534 -0.317372 -2.76451 -0.789375 -2.16674 -0.0598161 -1.30382 0.727602 0.57816 0.826811 0.141956 0.719199 1.50362 0.6805 -1.00129 -0.890395 -0.28122 -0.970133 
0.660427 -2.06434 1.12961 -0.49223 -0.108312 0.0964523 -1.39017 -0.454868 -1.35445 1.20262 -0.862548 0.912015 -2.77247 -0.576873 0.368317 -0.661874 1.20056 1.38056 -0.301969 0.0784816 1.61948 1.29735 -0.536281 -1.02042 0.437159 0.0206864 -0.410466 -0.199484 -0.428802 2.06327 0.815862 0.112991 0.321349 1.93718 0.519034 -2.02248 -1.25127 -0.859422 -0.61651 
0.440979 -1.87233 0.72404 -0.897597 0.254535 0.0291884 -0.618304 1.08223 0.279626 0.209215 -0.521893 1.7402 -0.657842 -0.574154 0.578411 0.111129 0.743359 0.53656 -0.887519 -0.114518 1.78297 0.796854 -1.8833 1.23563 -0.159197 1.56478 -0.47494 0.600232 -1.02935 0.906477 0.750905 0.513382 0.358125 1.69101 1.75284 -0.747346 -1.17122 -0.71992 -0.465858 
0.307152 -1.63722 1.21826 0.260453 0.162182 -0.468985 -1.57245 1.14726 -0.475098 -1.11743 0.52601 0.682095 -0.8339 -0.195278 0.468581 -0.778617 -0.0926621 -0.384397 0.972063 0.356235 0.224487 0.327717 -0.276405 -0.411253 -1.22653 -0.463493 -0.557012 0.53935 -0.943745 -0.124921 0.169827 0.0571496 0.468521 1.62566 1.07851 -2.01357 -0.708985 -0.659375 0.659162 
0.311483 -1.52255 0.115462 -1.03198 0.00110419 0.598595 -0.250254 1.31826 0.614183 -0.133284 -0.926837 0.216906 -1.27564 -0.324462 0.170964 -1.43162 -0.861551 -0.290847 0.97328 0.663475 -0.00888052 0.222784 -0.307676 -2.10604 -0.561082 -0.819082 -0.410391 0.38526 -0.512923 0.455407 -0.0912046 0.631957 -0.461271 -0.196814 -0.392922 -0.946622 -0.111657 -1.71653 -0.569265 
0.101356 -1.49699 0.0979697 -0.689763 -0.0380289 0.101165 -0.845226 1.17872 -0.262397 -1.49841 -1.7246 -0.0348199 -1.89987 -0.477408 0.0592721 0.062051 0.664344 0.292991 -0.1501 -0.76945 -0.399344 -0.629175 -0.753194 0.266158 -0.700172 -0.0885566 -0.258655 0.313901 -0.994693 -0.683173 -0.250504 0.486938 -0.973428 -1.37681 0.320979 0.438587 -0.665544 -0.354093 1.28681 
0.0153512 -1.46096 0.165653 -0.363135 0.133034 0.483182 -1.19818 1.00746 -0.162474 -1.06255 -0.594063 -0.668555 -1.42089 -0.114411 0.254303 0.0397096 0.079727 -0.00629307 -0.337056 -1.60668 -1.42786 0.116717 0.785882 1.28838 0.189192 2.22785 -0.568394 0.325859 -0.370284 0.166798 -0.19206 -0.844525 -0.717292 -0.202156 0.656574 0.420847 1.11678 0.560492 1.24324 
0.019623 -1.29808 0.130653 -0.64123 -0.0763597 -0.128341 -2.77191 -0.0336283 -0.172868 -0.533594 -0.278594 0.15743 0.874406 -0.438747 0.383187 -0.578666 -0.435751 -0.51465 -0.918983 0.0912991 0.218774 1.26998 1.21209 1.08038 1.37201 1.4513 -0.364758 0.737492 0.126705 0.457771 0.405718 0.621582 -0.250131 -0.196356 1.5787 1.03875 1.38558 0.924795 1.73545 
-0.257946 -1.1713 -0.286239 -0.861554 -0.194498 -0.101457 -1.13985 1.23847 1.26631 0.426785 0.625421 0.957002 0.374652 -0.487958 0.779921 0.140353 0.494766 0.556656 1.14573 1.41196 1.25349 1.352 0.345599 0.384552 0.898387 -0.345128 -0.492686 0.815352 -0.231364 -0.0994138 0.951369 -0.03868 0.299431 -0.227958 0.453325 0.517505 0.0121394 0.048457 0.89243 
-0.282741 -0.729087 0.242204 -0.152318 0.205567 0.547049 -1.16967 1.10438 1.35116 -0.110617 0.183114 1.20907 0.405787 -0.360748 0.76297 0.256789 0.347881 1.76971 0.882008 0.282679 -0.426936 -0.811657 -0.647982 -1.07516 -1.28451 -0.459167 -0.566983 1.09138 0.0918483 -0.286481 0.652568 0.701742 2.03572 0.792215 1.18981 -0.190152 0.600013 0.337349 -1.08988 
-0.485175 -0.614241 -0.0834465 -0.528495 0.777528 0.412992 -0.857786 0.903489 0.277744 -0.373 -0.50253 -0.636542 -0.237697 -0.426022 0.763056 -0.0091525 -0.805015 0.312511 -0.234389 0.758775 -0.370685 -0.232441 -0.551778 0.334501 -0.481203 -0.756918 -0.503902 0.813414 0.685994 0.411522 1.70601 0.247944 1.33488 -0.0292291 -0.744278 1.02647 0.0742713 -1.21926 -0.45668 
-0.548523 -0.171966 0.236598 -1.04255 0.348601 0.380197 -0.331035 0.818701 1.03522 -0.792007 0.590315 0.588946 -0.581837 -0.45603 0.3804 0.707283 0.171633 0.459958 -0.551881 1.16281 0.431293 0.194742 1.76611 1.15583 -0.0747168 0.0260555 -0.605746 0.388939 0.549239 0.42374 0.471731 0.299133 1.49018 -0.150663 -1.16189 0.858502 0.226777 -0.996541 0.680458 
-0.768681 -0.326547 0.472366 -0.382446 1.00444 0.0523847 0.453179 1.32079 0.457881 1.79814 0.799114 -0.764091 -0.238488 -0.547688 -0.229913 0.781522 1.33905 0.323107 0.630077 0.847418 0.245181 -0.759421 1.48706 -0.0686509 -0.62385 1.52512 -0.474874 0.427935 0.967898 0.00152914 -0.0981918 -0.0826588 -0.0553214 -0.644906 -1.11584 1.18302 1.81226 0.607736 0.52165 
-0.886165 -0.313992 0.850586 0.342201 0.497663 0.7409 0.611229 1.07287 0.107316 1.03573 0.558473 -0.20403 1.30674 -0.316018 0.208803 0.651961 -0.139506 -0.560388 0.458578 -1.15593 -1.08534 -1.14525 -0.477581 1.0352 0.800467 0.574373 -0.576241 -4.12712e-05 0.839839 0.442326 0.0931067 -0.339093 0.00863616 -0.0160149 -1.95064 0.55663 0.339795 -0.0675228 1.28579 
-0.96949 -0.159674 0.984826 -0.566531 0.650893 0.308428 -0.946559 0.408679 -0.918087 1.20806 1.9694 0.168888 0.451803 -0.380558 0.203855 0.398208 -0.782921 -0.176478 -1.05181 -0.774362 -0.226693 -0.940603 -0.880367 0.471733 0.578994 -0.117428 -0.519662 -0.153452 0.0224902 -0.234632 0.365635 0.953371 0.182928 1.01221 0.58609 -0.500988 -0.152075 -0.324894 0.0566828 
-1.12509 -0.150603 1.1642 -0.524585 0.362516 0.0751991 -0.342435 0.913405 -1.03099 -0.0500461 1.11512 0.460573 1.12511 -0.525044 -0.455405 -0.617986 -0.109107 1.05898 0.775044 1.40935 2.2034 1.72278 -0.0669434 -1.22937 -1.13904 -0.465151 -0.446187 0.0632983 -0.184904 -1.07127 0.455639 0.415542 -0.633466 -0.00895878 -0.4853 -0.834893 0.382539 -0.351844 -0.801125 
-1.29376 -0.460469 0.502121 -0.718363 1.21859 0.757601 0.652629 2.37934 1.03652 1.12334 0.673498 -1.24838 -0.168088 -0.347285 -0.138856 -0.654958 -0.460258 0.791313 1.5966 0.182956 0.252727 0.556204 -0.027615 -0.0167488 -0.948318 -0.679565 -0.431007 0.366836 0.180868 -0.478476 -0.403957 0.521857 0.6386 0.336472 -0.529741 -1.70447 -1.71677 -1.43642 -0.80415 
-1.34437 -0.228517 0.652522 -1.04901 0.777937 1.02574 -0.176955 1.17418 -0.4311 -0.0863695 1.13981 -0.725585 0.234973 -0.179409 0.956772 0.873974 -0.429379 -1.55431 -0.0940953 -0.684395 -1.80797 -2.14708 -1.78757 -0.864743 -0.468013 -0.335039 -0.562394 -0.059183 -0.326544 -0.416581 0.0443879 0.801817 1.62309 0.841631 0.32578 0.595187 -0.655147 -2.55636 -1.32513 