-0.514884 0.302906 0.282735 -0.288701 1.6189 1.32926 1.29953 0.182937 0.887212 -0.169278 0.986391 0.0806403 0.450792 0.502555 -0.657216 0.278295 1.2776 -0.406246 -0.205962 0.57431 0.574803 -0.363708 1.17478 0.621006 0.426068 -1.52449 1.55942 -1.45587 -0.964019 1.45671 -1.16717 -0.446528 0.699288 1.27333 1.6615 1.56128 -0.827998 -0.174105 -2.12155 
-0.309935 -0.313496 0.615148 1.09191 1.24481 1.11987 1.82198 0.412943 0.475835 0.396546 1.57045 -0.148892 -0.65703 2.54492 -2.40505 -1.04303 2.09127 -1.72151 -1.42877 -0.22667 1.01539 0.649431 1.05334 -2.44977 -1.79968 -2.39672 0.467033 0.199923 -0.903922 -0.558079 -1.24281 -0.724117 -0.999611 -0.555969 -1.03637 0.416703 -1.3939 -0.742262 -1.53931 
0.502914 -1.3889 -0.320018 1.78806 0.741046 0.637491 1.03001 0.850797 1.57625 1.29314 -2.15892 -1.85432 -2.41053 0.216807 0.956817 -1.42391 -1.9353 -1.22473 -0.665726 -1.58828 -1.21245 -0.714641 -0.760614 -1.82555 -1.18756 -0.315013 0.156397 0.024346 0.169416 0.0553249 -0.769632 -1.04024 -1.16443 -0.0881317 -0.282443 1.34935 0.111896 -0.333184 0.84392 
-0.258567 0.356382 -0.220171 -0.77841 0.616339 0.799455 0.0585649 -0.337702 -0.252793 -0.584706 -0.77863 -1.42967 -1.06295 -2.31121 2.45258 1.22937 -2.07008 0.714228 0.166618 -0.958982 -1.1285 -0.938403 0.348185 2.57397 1.46506 3.45234 -0.357684 0.830451 -0.291738 -0.965335 -0.480002 -0.429512 -1.12463 0.230577 0.528484 0.202046 -0.466449 -0.527941 -0.0457586 
-0.495129 0.331736 0.464764 -0.214381 1.08596 0.722164 -0.0429668 0.153606 0.615071 1.80561 1.10384 -0.300196 1.6272 -0.786809 0.248025 1.03798 0.826861 0.5992 0.157925 0.444075 1.45667 1.27472 0.947525 1.43941 0.64971 0.289861 -1.733 1.78772 0.145062 -2.07852 0.802495 0.502944 -0.310226 -1.16097 -0.196006 -0.421466 2.48658 1.80691 1.76289 
-0.623813 0.528339 0.447749 0.0589 0.903509 0.879897 0.524953 0.611132 1.08611 0.735166 1.03693 -0.746921 -0.755412 -0.408959 0.126605 -1.07325 -0.270387 0.350671 0.477323 0.663139 -0.187475 0.739932 -0.821368 -0.354309 0.43349 -1.28036 -0.557483 0.287965 0.240024 0.576383 0.995598 0.752807 0.95711 1.7279 2.1196 0.315995 0.875804 1.75912 1.15694 
-0.703525 0.418397 -0.156442 -0.452657 1.24837 0.95805 0.663768 0.0555817 1.39817 0.742512 0.631411 0.151472 0.0826385 -0.0955585 0.177977 -0.764022 -0.228981 0.720224 0.79464 0.580248 0.466331 0.951279 -0.639981 -0.641124 1.19897 1.14602 -0.342808 0.826779 -0.0732065 0.441924 0.547872 0.781182 1.21121 1.21833 1.07079 -1.18363 -1.06133 -0.0213816 -0.756923 
-0.702112 0.651088 0.0153597 -0.138787 1.25143 1.27022 1.14074 0.929397 2.08886 -0.0835737 0.198652 0.522833 0.561976 -0.137785 1.07296 0.958511 0.719453 0.378614 0.51029 0.625874 1.53916 0.387949 -0.458698 -0.55677 -0.442748 0.39129 -0.0832464 0.619548 -0.667697 0.0949188 0.233721 -0.238681 0.202653 -0.564006 0.300304 -0.685929 -0.978406 0.342757 0.563258 
-0.799353 1.16987 0.462953 0.279366 1.4248 1.20998 1.32962 1.05694 1.81545 0.167987 -0.099266 -0.333311 0.509813 -0.0453867 0.724074 -0.08845 0.293995 -0.405013 -1.06673 -0.341832 -1.11299 -0.630106 -0.113182 -0.19678 -0.828254 -0.431341 0.0633819 0.722075 -0.118681 0.019898 0.39797 0.452092 0.450773 -1.32632 -1.47838 -0.803694 0.423305 0.253395 0.301168 
-0.759584 1.15747 -0.00452316 0.176176 1.03448 0.754642 0.744873 0.242082 1.44809 -0.192635 -0.0728382 -0.373949 0.0188443 0.226079 -0.0237163 -1.12968 -0.737469 0.15309 0.07084 -0.128994 -3.04052 -1.92909 -0.419138 0.95576 0.720217 0.0050023 -0.157407 0.149644 0.228548 0.269922 -0.116695 -0.467555 0.520851 -0.71167 -1.40481 -0.557082 -1.01675 -0.659497 -0.273137 
-0.744136 1.15093 -0.192711 -0.416771 1.48801 1.24804 1.16726 -0.857668 -0.175339 -0.353244 1.09937 0.424789 0.481355 -0.211502 -0.496657 0.348169 -0.0352945 0.258348 0.51194 0.911712 0.300771 -0.833998 -0.503574 -0.674961 0.153129 0.129973 0.144534 0.236765 -0.427076 0.0527617 -0.462743 -0.0299921 0.192864 -1.64713 -0.913072 0.759152 -0.213101 1.06867 0.671195 
-0.886013 0.806289 0.242195 0.168351 1.15053 1.00738 1.72433 0.454932 0.595411 -0.827615 -0.954275 -0.221907 0.137791 -0.0109119 0.376211 0.575809 0.755825 -0.755872 -0.0851656 0.357213 1.17946 0.979836 1.19584 -1.11835 0.407986 0.840796 -0.0318026 0.0881655 -0.205938 -0.804967 -0.103117 0.245707 -0.335481 -0.388957 -0.611668 0.151189 -0.731914 -0.458857 0.226976 
-0.787297 1.41293 0.193005 0.350905 1.09492 1.21018 1.53835 -0.0853396 0.857089 1.30115 -0.347627 0.849201 1.43873 0.150984 0.63581 -0.627624 -0.89565 -0.387117 -0.18573 -1.23386 -0.751167 0.200322 0.636644 0.0545653 -0.618888 0.176192 -0.0623535 0.291129 0.405651 0.63979 -1.11109 -0.558468 -0.16377 0.677611 0.696592 -0.133097 -0.721623 -0.829543 -0.446518 
-0.861969 1.25066 -0.106909 -0.682844 0.942559 0.920568 0.349765 -0.00200391 0.817697 0.0734528 -0.90516 -0.894936 0.311254 -0.0973694 0.0543343 -0.0963153 -0.0877686 -0.701478 -0.581918 -0.500495 -0.43403 -0.243742 -1.36374 0.507031 -1.26055 -1.35279 0.139889 0.452113 -0.320092 -0.472617 -1.32678 -0.230133 -0.861052 -0.935303 0.245481 0.535388 0.43452 -0.274382 0.381778 
-0.866348 1.44883 0.16832 0.291642 0.729133 0.930552 0.9684 -0.340349 0.617862 -0.492601 0.278633 -0.509587 -0.191262 0.0569203 0.0258571 0.20651 0.332538 -1.35454 -0.0758041 0.364231 -0.311788 0.0634506 -0.096834 0.354322 0.345627 0.318025 1.5607 0.164799 -2.12703 0.410397 -2.14173 -2.30386 -1.00683 -0.42906 -0.702942 -1.37602 -0.404525 0.687674 -0.250647 
-0.876972 1.26655 0.0533118 -0.330098 0.248928 0.887259 0.728552 -0.17918 0.897733 -0.0135859 -0.473689 -0.537168 0.652011 2.52657 0.19484 -2.56711 0.501942 -2.11433 -2.24102 -0.520995 -0.0613292 -0.4855 -0.120007 -0.838532 1.99119 1.07874 1.39214 -1.39503 -0.481715 1.72829 -0.737554 -0.970003 1.82867 -0.123032 0.674601 -0.0126668 0.0530059 1.38301 -0.0444576 
0.143832 1.58342 -1.36504 0.810447 -0.345927 -0.156524 0.37596 -0.358054 0.127379 -0.610857 -0.811448 1.60682 1.04677 2.10875 -2.0161 -0.828188 1.54023 0.38953 -1.0996 1.56799 0.159545 0.649619 0.0564344 -0.28209 1.11059 -0.341596 2.21566 -1.06903 -1.014 -1.34935 -3.5494 -2.63908 -2.12842 -0.103697 -2.03686 -0.557496 -2.04997 0.40616 1.08374 
-0.0402352 -0.152029 -0.418258 1.2065 0.43084 0.355691 2.42804 -0.0562503 1.58697 0.105851 -0.853997 0.638129 0.214735 0.926599 -1.71705 1.28489 -2.03539 -2.5569 -0.995979 -1.66883 -0.0692355 -1.64037 -0.497187 -0.94494 -1.55431 0.268221 4.09327 -1.28811 -2.38483 0.416577 -2.627 -3.12401 -1.00397 -0.757035 -1.54218 -1.15519 -0.936988 0.854878 -0.624759 
0.489844 0.374924 -0.546358 -1.15798 -1.64316 -0.637664 -1.47583 -0.380792 -1.56336 -1.23723 -2.03726 -0.065907 1.32878 4.27988 0.179356 -2.15515 -1.11922 -3.84497 -2.73638 -2.5865 -1.02263 -2.25756 -1.30639 -0.519267 -0.205476 -0.38692 2.54504 -1.84176 -1.41171 -0.146583 -1.98836 -1.57753 -0.552773 -0.405685 -0.13003 -0.466524 -1.02454 -1.24514 -1.23756 
1.69777 -0.0283118 -1.70007 0.136149 -1.51302 -0.972466 -0.430569 -0.686031 -0.745201 -1.61064 -1.53684 0.406922 -0.276001 3.04152 -0.914555 -3.06064 1.83312 -0.056763 -0.929821 1.12033 -0.399916 1.51098 -0.0236979 0.0663241 0.268073 -1.74117 2.79903 0.163833 -2.7131 0.121517 -2.82668 -2.13836 -2.43962 -1.34009 -1.56109 -0.0293954 -0.667358 0.44927 -0.62175 
1.71379 -0.269823 -2.38107 0.665716 -1.68529 -1.08661 -0.26749 -0.614081 0.0210861 -1.22575 -1.97314 0.208977 -0.759312 0.0853363 0.0684315 -1.23555 1.21367 0.126332 0.117863 0.072487 -0.494174 0.629826 1.24828 -0.0441633 0.687339 -0.337941 1.94433 -0.784587 -2.24482 2.45261 0.625053 -0.39628 1.02532 -1.32691 1.58965 1.55202 1.57743 1.24939 -1.75246 
1.69456 0.017482 -2.42038 1.35263 -1.46323 -0.911521 -0.37187 -0.979335 -0.0765349 0.114392 -1.61366 1.12988 -0.708966 -0.012552 -0.199291 0.251044 0.841303 0.88778 0.463067 -0.0249482 -1.1021 0.160154 1.63978 1.35108 1.0487 -0.357264 0.234107 -0.733168 -0.600172 0.904598 -0.228482 -0.152915 -0.0806658 -0.606732 0.568571 1.92202 1.05554 0.075899 -0.186715 
1.66994 -0.412102 -2.19366 1.51718 -1.25325 -0.857658 -0.315692 -1.29446 0.201626 1.0267 -0.27025 1.31814 -1.21507 0.269869 -1.10846 0.466877 -0.252533 -0.420341 -0.284019 -0.1292 -0.20039 -0.0277725 0.759512 1.00105 -0.595086 0.141557 0.271993 -0.425385 0.596763 -0.165255 -0.239275 -0.345383 -0.752914 -1.98698 -1.38524 0.664563 0.286154 -0.326611 -0.530943 
1.76795 -0.763479 -2.10118 1.13186 -1.68789 -1.04616 -0.534452 -1.08558 -0.0913061 1.18098 -0.357248 0.482294 -0.576355 0.426989 -0.398854 0.46561 -1.06424 -1.19602 -0.866954 -0.732037 -1.13998 -1.60378 -0.96322 -1.07312 -1.37647 -0.257285 0.249822 -0.682866 1.35017 0.547529 0.479592 0.107296 -0.90264 -2.02762 -2.32512 -0.577907 0.293008 0.043799 0.703396 
1.80856 -0.694573 -1.87523 0.500726 -1.8673 -1.276 -1.13968 -1.99897 -1.45108 -0.227489 -1.65956 -0.164529 -1.5529 0.109905 0.14065 1.18471 0.818479 1.05963 0.439268 -0.783753 -2.08727 -2.39991 -1.39831 -0.717036 0.653843 0.743358 0.173362 0.289545 1.57347 0.145251 -0.414426 -0.0810962 -0.0500602 -0.611124 -2.01775 -1.2688 -0.710737 -0.0946569 1.7802 
1.77494 -0.666952 -1.34367 1.96095 -1.16958 -0.828799 -1.41518 -2.39324 -2.57142 -0.659349 -1.29235 1.16946 0.266089 -0.166751 0.827124 1.46309 1.18496 0.656917 0.789506 0.707206 0.440494 -0.50209 -0.407005 0.471408 1.29075 2.45029 -0.446521 1.85091 1.39176 -0.526403 0.0369386 -1.18394 0.140008 -1.3069 0.00109137 -0.684455 -0.574592 -0.485536 0.941777 
1.70071 -0.115803 -0.94774 1.68906 -1.55116 -0.888184 -0.384595 -1.69715 -1.9588 -0.732375 -1.07874 1.20331 1.3029 -0.818795 2.52925 0.518487 -1.44112 -1.00379 -1.87892 0.956913 0.607675 2.40781 0.646714 0.235464 -1.14744 0.431141 -0.827766 2.00214 1.82424 0.6129 0.64255 -0.640712 -0.140874 0.589475 0.26672 0.504391 0.971723 0.492393 1.76927 
1.39642 1.10755 -0.992954 0.575053 -1.68713 -1.73965 -0.386128 -1.98497 -0.054918 0.255284 -1.01249 -0.0684449 0.740268 -1.13818 2.05989 0.776803 -0.546663 0.197161 -1.55818 -0.826637 0.206121 0.788101 0.913999 0.411516 -0.763886 -0.270557 -1.06418 1.69871 1.78905 -0.619949 0.192466 -0.936809 0.998732 0.826833 0.787324 -0.670065 0.369787 -0.870526 1.27324 
1.18961 1.32898 -0.439297 1.17997 -1.46582 -1.64293 -1.31237 -1.54457 -1.12564 0.542333 -0.57431 0.375316 0.949411 -0.855743 -0.0778565 1.67773 0.714946 1.26463 0.744521 0.110768 0.305064 -1.57671 -1.38308 0.116301 0.252109 1.14602 -1.28435 0.928143 0.33479 -1.1018 1.32503 0.0692248 1.81488 1.01524 0.623232 0.353993 1.1644 -0.775933 -0.180834 
1.00256 1.05058 0.065595 1.30266 -1.06591 -1.37372 -0.285428 -1.76939 -1.67949 -1.56452 -0.88463 0.189379 2.05766 -0.88057 -0.714796 -0.385243 -0.7128 1.55648 1.6664 2.74449 0.917864 -0.128817 -0.566228 0.641426 -0.0327392 0.0813182 -0.972305 0.126024 0.816345 -0.420439 0.64034 1.05315 1.03371 1.98538 -0.394821 -0.589185 1.06236 0.0153102 0.717107 
0.785439 0.82456 -0.640403 0.508012 -0.698082 -0.828347 1.67792 -0.938802 -1.24543 -0.177051 0.223379 0.328717 1.01097 -0.675157 0.271361 -0.688582 -1.22031 -0.413459 0.579015 0.993344 1.90663 1.17008 0.732338 0.846601 -0.223079 -0.244451 -0.80845 -0.105643 -0.77727 -0.565269 0.364308 -0.133601 1.96957 0.906559 0.850719 -0.700082 1.20303 -0.721456 -0.754788 
0.683661 1.23893 -0.32073 0.133211 -1.28711 -1.08834 0.783592 -0.534059 -0.449345 -0.534541 0.174771 -0.0606411 1.73497 -0.39416 0.5757 -0.603204 0.0471433 -1.06914 -1.8087 -0.665506 0.0842635 1.02628 -0.201917 0.44561 -0.70704 -0.967792 -0.658966 0.337413 -1.20295 0.0925174 -0.447364 -1.02824 0.923681 1.4106 1.25931 1.35708 0.800586 -1.47123 -1.80166 
0.583187 1.22671 -0.974596 0.580997 -1.24844 -1.70502 0.926934 -0.863805 -0.164726 -0.405652 0.771292 -0.438521 -0.164915 -0.365868 0.225633 -0.828111 1.28267 -0.169053 -1.82635 -0.00384305 -0.33938 0.155186 0.677372 -0.114691 -1.29908 -1.91375 -0.434753 0.0767885 -0.396765 -0.152683 -0.705621 -0.849365 -1.7807 -0.218953 0.960335 0.61463 0.445623 -1.28876 -0.0769286 
0.493153 1.39515 -0.792252 1.41733 -1.38561 -1.97361 0.758546 -0.728803 -0.273968 0.421393 0.00798897 -1.46061 -0.556691 -0.296332 -0.452881 0.0869429 -0.256166 0.146227 0.78231 -1.16211 -0.344053 -0.0140466 0.825618 -0.0269251 -0.624717 0.904776 -0.333041 -0.145969 -1.20475 0.0455233 0.47749 -0.5703 -1.23674 -1.02141 -1.11602 0.556205 0.982072 0.176302 -0.327163 
0.421544 0.906281 -0.887383 0.356662 -1.18867 -1.3207 -0.368908 -1.06152 -0.165232 0.749991 0.716461 -1.11778 0.867923 -0.165606 -0.422625 -0.690811 -1.27232 0.805571 1.14465 -1.25714 -0.820117 -1.31693 -0.115524 1.00675 1.49611 1.54676 -0.280197 -0.134445 0.52397 1.0558 0.0227704 -0.412528 -1.64822 -1.28816 -1.47292 -0.265048 -0.302984 0.237198 0.369416 
0.385777 1.09598 -1.17994 0.196898 -0.99484 -1.41295 -0.641555 -1.22964 -1.62855 0.309176 1.27167 0.126701 1.23337 -0.152526 0.272434 0.53938 1.38464 -0.109065 -1.26913 -0.527507 -1.11453 -1.52137 -1.13321 -0.214975 0.885284 -0.425576 -0.228567 -0.268426 0.262421 0.0583116 0.66536 0.863131 -0.782223 -0.146323 0.200548 1.19706 1.75548 1.37728 1.72401 
0.319597 1.09539 -0.523911 1.74074 -1.25706 -1.93478 -0.968493 -1.74982 -1.73229 -0.733198 0.421762 -0.183268 0.331592 -0.202533 0.0498236 0.992565 1.29682 0.0785727 -0.055819 0.469621 0.641761 1.53365 1.35583 0.567777 -0.0458708 0.577989 -0.0607682 -0.045479 0.0472181 0.9886 0.971322 0.545507 1.24759 1.39671 -0.22604 0.754515 0.316869 0.340748 -0.253732 
0.263071 1.12871 -0.53975 1.49489 -0.969032 -1.43653 -0.147139 -0.799676 -0.0205399 2.1791 1.97541 0.0660676 1.88076 0.0467235 -0.325153 -0.504681 -0.330539 1.39649 1.96565 1.85442 2.6662 1.29146 1.905 0.520044 -0.516663 0.14778 -0.265078 -0.206063 0.400426 0.589714 0.390835 0.466196 1.53724 1.99379 0.228166 -0.116296 -0.894428 -1.1717 -0.505129 
0.300361 0.864689 -0.797946 1.4435 -0.569639 -0.974558 1.04526 -0.0308553 -0.375998 1.87654 1.06462 -0.747047 0.471543 -0.222688 -0.33309 -0.519555 -0.684186 0.443727 0.654371 1.15902 1.57937 -1.28801 -1.50594 -1.33158 -1.16373 -1.16118 1.29074 -1.92091 1.03079 -2.57308 1.64291 2.19703 -0.893115 0.518655 0.742377 2.31366 -0.621309 1.5305 -0.269658 
0.131999 0.892434 -0.822867 0.850983 -0.759912 -1.11448 1.10365 0.227279 -1.34507 0.193781 0.256422 -1.18924 0.476773 1.96042 -2.4201 1.75994 -2.55729 0.776134 0.770779 -2.75745 -2.09899 -0.507424 0.517413 -1.04284 2.12678 -0.444923 1.31239 -3.03795 2.09632 -2.24482 1.39142 1.95373 -1.23461 0.809231 -0.633949 -0.264962 -1.49731 0.252699 -2.38624 
1.07553 -0.837691 0.310802 -1.03653 -0.193647 -0.595852 -2.00092 -1.34598 -0.889268 2.61698 -0.286067 1.51427 -0.0876089 2.26369 -4.01588 3.09707 -1.84033 1.39742 1.78153 -2.41778 -0.686362 0.631005 1.19844 0.0357845 1.44047 -1.70717 1.20527 -3.32741 2.00733 -2.34283 -0.0610677 0.753704 -2.27333 -0.951434 -1.05269 -0.675403 0.431823 1.96311 -1.57481 
1.03305 -1.93097 1.10234 -0.926243 -0.0720285 -0.243856 -1.56985 -0.188395 -0.675175 1.85167 0.281581 0.338607 -1.57122 -0.0869048 -2.34445 0.707153 -0.0757007 -0.849477 0.182894 0.416669 1.01795 -0.58801 -1.25943 1.44935 -0.0652315 -1.43771 1.35245 -3.07503 1.41825 -1.449 0.0365225 0.686235 -1.45433 0.0525857 0.379327 -0.809469 -0.0275377 2.89117 -1.30419 
1.00082 -2.48693 0.776717 -1.08396 -0.633732 -0.503258 -1.5646 -0.676484 -1.48629 0.963747 1.54217 1.43295 -1.81777 -0.160066 -0.386317 -1.361 0.196593 -1.34213 -0.911197 0.930142 0.731021 -0.227093 -2.08239 -0.0346258 1.58949 0.153294 -0.359693 -1.47309 -0.118843 -0.0258854 -0.313169 -0.0137241 0.665799 1.37523 0.608268 -3.07838 -0.637184 -0.00318503 -1.19027 
0.927977 -2.20463 0.305438 -0.706758 -0.75943 -0.683734 -0.570175 0.298403 -0.897099 -0.910211 0.216927 2.02572 -1.42477 -0.486238 0.242132 -0.878527 0.00701333 0.443845 -0.177126 0.3042 0.509642 1.23163 -2.02655 -1.98615 0.0749616 0.0222177 -0.318059 0.177866 -1.75745 0.160442 -0.150374 -0.0157943 0.401435 0.871611 0.143543 -1.58419 1.75581 1.90599 1.55262 
0.760344 -2.31911 0.27441 -1.05031 -0.424553 -0.585879 -1.25167 -0.330641 -0.192177 -1.72291 -1.01176 1.50145 -1.82592 -0.347985 0.654252 -0.843798 -0.0590608 1.15107 0.914408 -0.484657 0.231924 0.384135 0.378263 1.60944 0.412443 1.76325 -0.589557 0.854287 -0.873201 0.681276 0.858118 0.229449 -0.386222 0.275513 0.321402 -1.98256 -1.71623 -1.19523 1.06529 
0.744892 -1.74731 -0.175662 -0.73788 -0.195214 -0.235126 -1.12275 0.467418 -0.483777 -0.357222 2.24937 2.45489 0.620656 -0.446274 0.99693 -0.228965 0.706959 0.694369 0.483254 -0.679207 -0.215039 -0.888364 -0.099314 0.49718 -1.30912 1.30232 -0.485002 0.599338 -1.02907 0.936648 1.80926 2.23052 0.0537553 -0.264623 0.617481 -0.0029013 -0.674828 -0.970317 1.70056 
0.536458 -1.62105 0.168729 -0.33054 -0.0896072 -0.347105 -2.0177 -0.446215 -1.10135 -1.81329 -0.398069 0.0907538 -0.324172 -0.421065 0.218785 -0.457117 1.05567 1.24082 1.86338 0.567968 -0.542917 0.269128 -0.408324 -2.17946 -1.41191 0.333012 -0.51814 1.12642 -0.644893 0.847315 0.648303 1.13951 0.396312 1.9007 -1.02799 0.443427 0.828396 -0.642226 0.687509 
0.531471 -1.59589 -0.420655 0.323721 0.414055 0.675326 -0.520429 0.143078 -0.189982 -0.863885 -0.551141 0.934349 0.97909 -0.374585 0.63283 -0.595209 0.190779 0.167292 0.946958 1.11936 2.33179 -0.181209 0.541767 0.25927 0.65202 -0.436703 -0.544823 0.780512 0.110484 0.644528 0.839961 0.506822 0.702323 0.20182 0.628288 1.15126 -0.55614 -1.43493 -0.371266 
0.342332 -1.17877 -0.160582 -0.116754 -0.0192609 0.117344 -0.810422 1.05982 -1.27559 -1.04003 -0.0878423 0.77597 -0.873629 -0.44151 0.91436 0.570325 -0.382368 -0.126535 -1.21465 0.190948 0.754896 0.39545 1.60014 1.71417 -0.0723808 -0.753587 -0.367713 0.839695 0.22693 0.364709 0.755048 0.247275 0.905648 1.38732 0.741514 0.0954488 2.08614 1.99232 0.312825 
0.309563 -0.955838 -0.0382873 -0.024326 0.336896 0.0877646 -0.33176 0.645078 0.235099 1.33515 1.6149 0.845384 0.0558644 -0.211096 0.585283 0.85292 0.172829 0.835068 -0.618811 -0.148639 -0.790633 0.964336 -0.467708 1.60704 1.44 0.847157 -0.718944 0.877379 0.323791 -0.0442174 0.461183 -0.947318 0.166776 1.03113 -0.0111852 0.0149794 1.76236 0.0316578 -0.44129 
0.216072 -0.769896 0.394338 0.0794352 0.386317 -0.180236 -0.994331 0.577754 -0.259271 -1.6267 1.94153 2.30332 0.0912468 -0.693286 0.357856 -0.192414 0.293392 0.741559 0.0672685 0.0100962 0.386905 -0.400411 -1.61127 -0.133579 0.118469 0.247948 -0.6621 0.267537 0.394951 0.0213532 0.755704 0.0281008 1.15279 0.359932 1.15623 -0.0460964 -0.245161 -0.747354 1.31978 
-0.0168604 -0.706725 -0.121651 0.290047 0.695532 0.124086 -0.341513 0.912772 -0.166953 -0.792058 1.42402 0.960384 0.313964 -0.834831 -0.18861 -0.386704 -0.189234 0.168157 0.67624 1.3768 1.17989 0.253001 0.391917 -1.79791 -2.2068 0.786537 -0.777476 0.372356 0.817192 -0.0632223 0.617281 -0.122098 -0.676717 -0.166465 0.342884 -1.56526 -1.7806 -0.657736 0.568871 
-0.169109 -0.904672 0.192341 -0.0792902 0.457098 0.15246 0.4954 1.35035 0.0177634 -1.05531 -0.372288 -0.0667481 0.98462 -0.533019 0.189305 1.18261 -0.403402 0.0792132 -0.19536 -0.687708 -0.587845 0.766167 -0.0728168 -1.4122 -0.791757 0.473548 -0.810411 0.119128 0.327872 0.271837 0.103492 -0.248587 -0.405416 -0.0374191 0.816816 2.12507 -0.903241 -0.816607 0.533343 
-0.276755 -0.576019 0.634578 -0.0786189 0.721661 0.0325913 -1.11686 0.559825 0.643411 -0.846742 -0.397798 0.102608 0.838163 -0.442964 0.372214 0.769679 0.450055 -0.0245984 -0.960568 -1.7718 -1.23614 0.608969 1.83084 1.02633 1.36773 -0.1082 -0.509517 0.392628 1.53781 -0.272352 0.000407313 -0.408238 -0.477819 -0.445768 1.50723 0.782147 -0.601387 -0.469596 0.770337 
-0.39162 -0.645473 0.696434 0.388653 0.431112 -0.311446 -1.46937 0.584626 0.664752 1.45452 0.916372 1.38337 0.822638 -0.274358 0.38696 0.701837 0.0619347 -0.0715281 -0.286164 0.217285 0.0737527 0.818682 0.873862 0.90698 0.314791 0.492687 -0.534 0.433874 0.915788 -0.745874 0.384246 0.0640397 -0.449998 -0.702437 0.751933 0.70283 -0.274659 -0.900894 -0.883757 
-0.429276 -0.306461 1.09725 0.00886597 0.672116 -0.103096 -0.899298 0.62813 1.50835 0.373895 0.738619 0.427421 1.38494 -0.402691 0.263267 0.342869 -1.3156 0.538213 1.06239 1.33036 0.434273 0.185068 -1.11377 -1.24324 -2.29475 -0.934945 -0.521969 0.254663 0.494042 -0.953652 -0.183698 0.193813 -0.105054 -0.155361 -0.8782 0.558257 0.0199263 -0.625766 -0.2998 
-0.597414 -0.462808 0.939915 -0.8742 0.687665 0.20918 -0.0305886 0.88248 0.871184 -0.00248081 -0.689936 -1.08069 -0.314502 -0.552487 -0.0087691 -0.112655 -1.15744 -0.163451 0.548275 -0.299404 -0.262243 -1.73142 -0.309842 -0.863939 -0.954719 -0.826445 -0.581167 0.0153484 0.423689 -1.41592 0.78712 1.61138 0.952708 0.795765 -0.17911 -1.34698 -0.0589247 -2.85664 -0.517964 
-0.697252 -0.3149 1.06258 -1.09895 0.576425 0.167322 -1.24862 0.4825 -0.277008 -9.75084e-05 -0.383869 -0.604517 0.375773 -0.516705 -0.228657 0.15901 -0.291523 0.506421 0.950657 -0.310623 0.443632 -0.365849 -0.339223 1.2167 -0.673071 0.336163 -0.58703 0.132436 0.14513 -1.52984 -0.7343 0.871384 0.630329 0.750286 -0.91513 -1.0451 -0.47144 -0.993797 -1.53682 
-0.850536 -0.625717 1.07113 -1.13319 0.928259 0.675429 -0.392219 1.18629 0.505053 -0.416054 0.841549 -1.81163 0.0476488 -0.376075 0.211481 0.268857 -0.575765 -0.797264 0.550752 0.983325 1.08916 0.780015 -0.823566 0.47339 -0.0692457 -1.01004 -0.504325 0.0579325 0.257521 -0.626714 -0.720615 0.151098 -0.534011 0.707135 0.400286 0.69344 1.4912 0.193137 0.437069 
-0.891997 -0.168615 1.26087 -1.63658 0.162552 0.438946 -0.190592 1.19733 0.547749 -1.06615 0.19948 -0.690131 -0.849941 -0.282555 0.324404 0.136663 -0.442138 -1.4491 -0.741306 -0.218335 0.334903 0.791704 1.04636 0.124619 0.887661 0.225221 -0.495801 0.120508 0.0263847 -1.08456 -0.412116 0.801832 1.24802 1.95445 0.975443 1.12955 0.516255 -0.845856 -0.467919 
-1.00646 -0.400104 1.1887 -1.53983 0.187156 0.318233 -0.652595 1.42088 1.34196 1.03696 0.98002 -0.874579 0.278942 -0.409859 -0.0258941 -0.260012 -0.664622 0.261212 0.462367 0.344042 1.08785 0.24804 1.9924 0.00762094 -0.800343 0.472051 -0.383762 0.277247 0.309315 0.420194 -0.1858 0.0501114 0.229623 0.212839 -0.00216539 0.237057 -0.725126 0.363462 -0.488619 
-1.10077 -0.189084 1.13624 -2.2613 0.280047 0.667554 0.166044 1.91133 0.819627 1.66132 0.188715 -1.55708 -0.327508 -0.328217 0.0862104 0.223283 0.867155 1.21135 0.825922 0.484845 -0.11057 -0.787221 -0.822382 -0.739024 -0.495339 -0.788355 -0.49278 0.014851 0.0957868 -0.303458 0.67521 1.70194 1.16082 0.8533 -0.166071 0.269097 -1.42821 -1.02266 0.263827 
-1.18134 -0.341821 1.35917 -0.663024 0.781631 0.723776 -0.141476 1.37182 0.537898 -0.0275021 0.0168674 -1.41557 -0.685293 -0.371351 0.05979 0.354981 0.288729 0.635915 1.66254 0.892487 -0.145439 -0.415168 -1.7345 -1.24244 -0.25374 -0.12112 -0.477434 0.158643 0.109912 -0.0724024 -0.0700055 1.08641 0.797028 -0.489754 -0.915351 -1.23607 -0.42769 0.395556 -0.932584 
-1.29355 -0.149361 1.38711 -1.9515 0.585648 1.48026 1.12441 1.84007 0.402239 -0.631907 -1.41657 -1.83987 -0.50473 -0.429002 0.154125 -0.110785 -0.987325 -1.29647 0.538696 0.372724 -0.45284 -0.164416 -0.513193 0.387081 0.921152 -0.314104 -0.413087 0.0787797 0.164504 0.506839 0.519517 1.05978 0.631508 -0.733558 -0.894345 -1.81187 -0.70461 0.680439 -0.303936 
-1.39805 -0.235827 1.32565 -1.60408 0.117149 0.989532 0.246629 1.10483 0.381114 -0.675439 0.490125 -0.442724 -1.09014 -0.285268 0.0658875 -0.174737 0.232184 0.0559968 -0.330819 -0.207339 -0.691322 -0.514476 -0.210659 0.646137 0.976825 -0.217663 -0.399899 0.205555 -0.389217 -1.10929 -0.254641 0.252961 0.535536 -0.216161 -0.651563 0.428533 0.317624 0.81408 -0.0589314 
-1.4506 -0.105354 1.31454 -1.69713 0.600122 1.32284 0.876097 1.42124 -0.11836 -0.872285 -0.612874 -0.807529 -0.795825 -0.206998 0.153562 -0.396108 -0.280428 0.967984 -0.203526 0.212452 0.196182 -0.511031 0.939878 -0.0813456 -0.0586133 0.272951 -0.426305 -0.0646424 0.359343 1.42401 0.195148 -0.641247 -0.968333 -1.72381 -0.681477 -0.157118 1.09124 0.706695 -1.27344 
-1.52261 -0.13023 1.11791 -1.8522 0.589453 0.894063 0.458891 1.25109 -0.135904 0.63413 0.365878 -0.516976 -0.80255 -0.392016 -0.146119 0.596766 1.30382 0.208372 -0.438511 -0.774045 -1.2557 -0.192292 0.0173333 0.342247 -0.226341 -1.29887 -0.260933 0.100609 -0.387084 0.408052 1.26348 0.600531 0.409709 -0.65783 -0.984399 -0.0340296 -1.06764 -1.04776 -0.198534 
-1.65196 -0.21028 1.71306 -0.392281 0.691091 1.11301 0.00602098 0.643059 -0.304115 -0.805523 -0.196806 -1.06103 -2.36222 -0.211742 0.00345534 -0.108138 0.692006 0.704526 0.968005 0.241651 -0.948036 -0.512901 -1.00289 -0.835298 -1.02166 -0.483692 -0.390381 0.422656 -0.115252 1.50459 1.34465 0.567732 0.265133 -0.917325 0.995974 0.583028 0.689914 0.357507 0.380305 
-1.64914 -0.130081 1.086 -1.14709 0.929497 1.36875 0.70319 0.668803 -0.654866 -0.673508 -0.720078 -1.62046 -1.40743 -0.229105 0.765496 -0.763684 0.321371 1.57113 1.16248 1.07755 0.2129 1.24184 0.572911 0.292004 0.61245 1.79129 -0.315107 0.469725 0.979874 2.14161 0.946848 1.0031 -0.13635 -0.422233 1.62127 0.379652 0.498683 -0.17015 0.0636759 
-1.7857 0.325196 1.28087 -0.0504813 1.46618 1.68235 1.16742 0.799961 1.00062 0.00968661 0.155175 -0.418108 -0.283716 -0.291694 0.683497 1.30021 1.63821 0.550641 0.293709 -0.35637 0.460332 2.21715 1.37783 1.3008 0.857167 0.591481 -0.300579 0.148529 -0.744399 1.21425 0.382946 0.255643 0.654149 0.0898369 1.22496 0.850154 -0.340019 0.403494 1.62332 
-1.80886 0.347791 1.91404 0.485556 1.19229 1.51528 0.291368 0.983249 1.66349 1.22605 0.918683 -0.715997 -0.744128 -0.251618 -0.53968 -0.183971 0.98248 -1.05923 -0.823994 -0.368813 -0.126476 0.0474589 0.300132 -0.566584 -0.178354 0.211143 -0.434233 0.0274185 -0.0814416 1.45891 -0.458763 -0.0370984 0.747602 -0.437321 1.21916 0.369244 1.5783 0.371428 1.28314 