-0.83911 -0.634392 1.00762 0.421114 1.02292 0.929389 1.13616 1.14832 0.591193 -0.83031 0.623152 -1.7112 -0.720403 0.0580602 -0.0814184 -0.0427876 0.0982893 -0.381536 -0.251755 -0.443337 -0.70519 -0.259711 -0.511804 -0.725155 -0.305634 1.27159 -0.213447 0.121028 -0.0636931 -0.181348 -0.215926 0.00924884 -0.211338 -0.718933 0.0237222 0.0595008 -0.0679746 -0.239324 1.47934 
-0.869826 -0.487123 1.0335 0.535588 1.14543 1.12488 1.56568 0.930511 1.08006 -2.04035 0.558565 -1.69216 0.483909 -0.0860476 0.337628 -0.253149 -0.480825 0.252705 0.343099 -0.702986 -1.51234 0.69884 0.150777 0.884697 0.856837 0.821678 0.611309 -1.08071 -1.05209 0.2981 -0.0363017 -0.0886594 -0.267155 0.338788 -0.978597 1.39735 -0.71619 -0.273815 -0.17103 
-0.906684 -0.352485 0.788509 -0.0886665 1.14711 1.12414 0.461443 -0.32025 1.25499 -0.522147 1.39259 -0.713662 0.394018 0.880893 -1.55842 -1.45926 0.243341 0.356585 0.13238 0.165574 1.09621 -0.906597 2.06687 -0.187816 -0.0414835 -1.48602 0.672671 0.131977 -0.0142045 -1.11525 0.0392229 0.496987 0.234121 0.0187725 -0.41904 0.649569 0.417811 1.2511 0.0714234 
-0.335379 -1.5976 -0.119527 0.653959 1.32472 1.20153 1.66448 1.96084 0.142367 0.494179 0.411935 -1.70111 -1.31881 1.11984 -0.133701 0.251125 -0.758926 -0.164819 0.309841 1.02715 1.56422 -1.20214 0.546573 -0.403384 0.620801 -0.755931 -0.0394319 0.599929 0.372351 0.581987 0.154903 -0.233123 0.689062 -0.164639 -0.420847 0.109274 0.726572 1.48731 -0.616518 
-0.22347 -0.416702 0.959872 -0.839675 1.04986 1.30025 1.32753 1.15841 0.0224805 0.245905 1.06184 0.0194242 -0.485797 -0.947669 2.47383 2.01591 0.415926 -0.0958669 -0.442265 0.704873 -1.23872 0.401152 -1.98925 1.04876 1.80178 0.756789 -0.208679 0.343438 0.654572 0.867243 0.237894 0.0760556 0.927994 1.27926 -0.070891 0.454773 -1.01683 -0.470341 -0.220001 
-0.939401 0.253044 1.41835 0.922033 1.26403 0.95611 2.24356 0.754391 0.509209 -1.68422 1.3215 0.355164 -0.28641 -1.44819 0.659134 0.713412 1.73736 0.549528 -0.211999 0.130205 -0.176495 1.11135 -0.0726575 -0.87923 -1.20309 0.484909 -0.87583 1.40502 1.38471 0.590879 0.0490651 0.113844 -0.963299 -1.63527 1.55139 -0.634682 -0.578102 0.596199 1.71545 
-1.13912 0.101306 1.48919 0.57463 1.33148 1.18389 1.39483 0.969532 1.09778 0.294451 0.324649 -1.29099 0.202919 -0.411771 -0.334355 0.00387105 0.25329 0.198458 0.58994 -1.81855 -0.462352 1.43025 1.21354 -1.79195 -1.10782 1.20879 -1.09955 0.392497 0.359327 1.45848 0.0647719 0.104066 -0.126485 -0.770778 1.23021 -0.292493 -0.587307 -0.901259 0.0144504 
-1.20977 0.0414756 1.39826 1.04903 1.35945 1.2892 0.57535 0.291673 1.90261 -0.141203 -0.195263 -0.84851 1.31735 -0.257012 -0.0591111 -0.175583 -0.0973992 -0.423471 0.34678 -0.239054 -0.608394 0.339493 -0.310554 0.124724 0.105152 -0.485 -0.375583 -0.0483331 -0.298555 -0.802739 0.0387884 0.222182 -1.03292 -0.732149 1.56021 1.13733 0.0145068 -0.349581 0.183612 
-1.31313 0.0918642 1.33015 0.397439 1.09704 1.3807 1.13328 0.366911 1.40311 0.0665783 0.444969 -1.13564 -0.334416 -0.174531 0.264137 -0.416857 -1.14337 -0.111221 -0.299396 0.621279 -0.281598 0.411603 0.0432809 1.77739 0.670037 -1.01339 -0.219357 -0.0505452 -0.223633 1.00514 0.0732239 -0.173122 -0.429855 0.6216 0.798272 -0.66837 0.925399 0.453886 -1.14692 
-1.33244 0.269414 1.05239 -0.0354508 1.29062 1.12386 1.07998 0.00211009 2.27988 0.042056 1.33664 -0.06026 0.112077 -0.0878401 -0.0144697 -0.129121 1.23013 0.562156 -0.577538 -0.234077 1.29914 0.599561 -0.503796 0.980681 0.418519 -0.857163 -0.139651 0.546668 0.0428746 0.315972 -0.19764 -0.308396 -0.738353 -0.991039 -1.32408 -0.176182 0.862926 0.229854 -2.09208 
-1.38182 0.115205 1.20708 1.37176 1.38536 1.05947 0.876157 1.59163 1.96787 -0.385828 1.29639 -0.629194 -1.3422 -0.0471351 0.570288 0.497327 1.505 -0.154778 -0.109753 -1.46485 -0.736721 -1.98726 -0.293082 -0.748793 -0.414449 -1.42099 -0.0774782 0.639192 -0.125549 -0.590816 -0.133979 -0.411745 -0.611136 -0.59846 -0.150669 -0.45225 0.210665 0.862292 -0.0332533 
-1.37578 0.722177 1.41439 1.1773 1.19869 1.0648 -0.273223 -0.723444 0.264183 -0.165515 0.710868 -0.487077 -1.60843 -0.0377366 0.98957 -0.0338256 -1.8831 -0.733042 0.0320988 -0.456733 -1.9014 -0.78488 -0.0626605 -0.75406 0.593862 0.801946 -0.106772 0.320758 0.146274 0.932827 -0.580114 -0.083937 0.444917 1.44994 -0.458829 -0.510857 -1.77936 -0.986422 -0.230439 
-1.41932 0.875871 1.1578 -0.354366 0.986725 1.07991 0.420747 -0.249643 1.1516 -0.325666 0.666112 0.073709 -0.252719 -0.123716 -0.0793374 -0.267416 -0.453184 -0.682655 -0.00339324 2.04213 2.30533 1.43681 -0.340598 -1.47137 -0.785396 1.1379 -0.104334 0.599574 -0.465853 -1.03476 -0.800861 -0.044234 0.367049 -0.427245 -0.736338 0.233286 -1.01483 -0.406124 0.720442 
-1.46681 0.697882 1.18424 0.691497 0.826783 1.06536 1.49678 1.46518 1.66414 -0.428297 -0.53208 -1.32951 -0.0942691 -0.129347 -0.0747054 -0.620951 0.733405 -0.434199 -0.0928877 0.940512 1.48059 -0.0943811 0.282527 -0.526096 -1.0993 0.0138031 1.22429 -0.383542 -1.7474 -0.850244 -1.80552 -1.9883 1.34386 0.855716 0.275788 -1.08485 -1.14444 0.917263 1.4915 
-1.51385 0.854977 0.653896 0.189093 0.746594 1.03031 1.20968 1.1489 1.02413 0.135581 0.230548 -1.12043 -0.159522 2.01003 -0.500533 -2.23953 -0.490054 -1.9856 -2.6211 -0.385416 -1.36647 -1.11683 -0.951465 0.0318472 1.86356 0.568876 3.05687 -0.830468 -2.88938 0.753349 -2.66844 -2.74467 -1.01498 -0.182734 -1.15663 -0.738642 -2.62599 0.82536 -0.828979 
-0.229356 0.364278 -0.572965 0.173711 -0.236186 -0.401213 1.10488 0.136343 0.516727 -1.40087 -0.491088 0.795974 0.700588 4.84795 -1.18467 -3.53647 0.117597 -3.52329 -3.52906 -2.11626 -1.64227 -1.28287 -1.17748 -2.73503 2.06749 -0.988556 3.41835 -0.883686 -2.95141 -0.441175 -2.56475 -2.97486 -1.47388 -1.87341 -1.13414 -1.29776 -1.25119 1.8364 -0.456713 
1.4905 0.0189694 -2.10755 0.198392 -1.13194 -0.945138 -0.723651 -0.444134 -0.288914 -1.0996 -2.09173 1.23354 -1.3334 3.26723 -0.83976 -2.00754 0.00451792 -1.81697 -1.30441 -1.34136 -0.586973 -0.233775 -0.584806 -1.60262 0.314469 -1.11344 3.47756 -1.88809 -2.63101 -0.534174 -3.38067 -2.86274 -1.88372 -1.32394 -1.14981 -2.15039 -3.02879 1.02201 -0.811926 
1.79084 -0.218439 -2.15053 0.0849241 -1.20972 -1.12983 -0.138356 -0.445757 0.250204 -1.9474 -1.84614 1.18584 -0.63115 0.520832 -1.68272 -0.247542 -0.707189 -1.49831 -0.248588 -0.102651 0.27115 -0.0863002 -1.33678 -1.02135 -0.863988 0.0335104 2.29838 -1.00667 -0.955251 0.415811 -1.56326 -0.480916 -1.52604 -0.767591 -0.432988 -0.0200839 -1.69449 0.14513 -1.12734 
1.80077 -1.18278 -2.32232 -0.507739 -1.93646 -1.08201 -0.863727 -0.204185 -0.408326 -2.51988 -2.9503 0.303059 -1.21529 0.279108 -0.687525 0.645453 0.468818 -0.489329 0.667752 -0.448054 -0.194538 -0.286056 0.514053 -0.513195 -0.160265 -0.206092 0.392406 -0.800267 0.364883 0.788159 -0.269411 -0.642995 -0.247921 -1.0005 0.269012 -0.242834 -0.156166 -0.12962 -0.335459 
1.95061 -0.689361 -1.67383 0.398876 -1.47909 -0.753124 -0.586037 -0.651919 -0.0684722 -1.21714 -2.27068 1.04382 -0.81592 0.0798034 0.469256 0.793401 1.59714 1.12508 -0.60181 -0.152016 -1.29949 0.39825 1.01053 0.796943 0.689419 -0.437954 -0.0137232 -0.2417 0.433331 0.773488 -0.178699 -0.237085 -0.514692 -0.665979 0.39214 0.943755 -0.176278 -0.150688 -0.737469 
1.83646 -0.804211 -1.73106 0.784934 -1.34958 -1.41684 -1.04777 -1.46885 -0.0443788 -1.21275 -2.25582 1.11303 -1.69315 -0.30615 0.323311 -0.000668584 0.404718 0.251628 -0.982861 -0.126946 -0.479286 0.743896 0.520735 0.26406 -0.0395161 -0.662912 -0.0956055 0.545633 0.586662 1.59134 1.171 0.293666 1.0841 -0.758338 1.25699 3.04846 2.32702 0.785611 -0.383426 
1.746 -0.417968 -1.69744 0.657228 -1.35547 -1.30152 -0.74775 -1.13086 0.640271 -0.47911 -2.03135 1.03708 -1.57815 -0.233396 0.363597 0.0729878 0.191478 0.653737 0.986623 1.49682 0.527789 1.08433 2.43839 2.0318 0.231204 -0.0219209 -0.145791 0.348964 0.790922 0.575708 0.34527 -0.522296 0.167266 -0.969854 -0.564923 0.696505 1.38304 -0.0283642 -0.107879 
1.67714 -0.503234 -1.69763 0.858318 -1.01268 -0.861423 0.236599 -0.983053 1.00396 1.75347 -0.506615 1.4096 -1.64511 0.0749958 0.210525 1.16227 0.247524 0.293507 0.291633 0.37083 -0.516582 -1.42005 0.230453 1.40403 -0.0138879 0.521458 -0.244893 0.63473 1.58996 0.383649 0.228277 0.15336 0.805923 -0.637937 -1.18041 0.329761 0.891277 0.239209 1.76847 
1.77869 -0.2294 -0.820559 0.779227 -1.20964 -1.13562 -0.466159 -1.64553 -0.809613 -0.0783695 -0.818342 1.05905 -0.843235 -0.150923 0.604719 2.24343 0.245872 -0.283396 -0.786837 -0.486051 -1.17189 -2.48976 -2.10787 -0.968344 0.0355781 2.04877 -0.554241 0.650936 1.03929 -0.40059 0.0578389 -0.5988 0.110912 -1.20733 -1.66592 1.37231 1.48469 -0.0862585 0.947365 
1.56918 -0.0251871 0.0164162 0.978885 -1.17283 -1.29996 -0.244921 -2.12549 -1.513 -0.562759 -1.31992 1.487 1.02046 -0.937416 0.78243 0.358294 -0.687649 -0.177808 -1.08375 -0.194615 -0.730959 -0.560645 1.2959 0.389035 -0.108794 0.556521 -0.683882 1.35414 1.53446 0.714746 -0.341647 -0.699699 -0.422168 -0.465957 -2.5835 -1.51526 0.441989 -1.18038 0.997867 
1.18105 0.379151 -0.566213 0.090045 -1.31378 -1.74056 -0.688135 -2.36556 -1.4022 1.56035 -0.472266 0.974693 -0.0639954 -0.91186 1.45739 -0.00722501 0.561938 -0.197756 -0.138338 0.0221511 0.710052 -0.578144 0.322122 1.47938 -1.46752 -0.91243 -1.05833 1.20671 1.19875 0.306454 0.538983 -0.458596 0.278015 -0.0648455 0.292079 1.01315 0.856228 -0.751771 1.20295 
0.98745 1.07902 -0.0122663 1.37361 -1.28756 -1.37504 -0.273852 -1.46508 -2.12305 -0.0555046 -0.0425415 -0.119689 -0.0571848 -0.704087 1.05552 1.39272 1.03863 1.01236 0.476525 0.571484 0.694212 0.899926 -0.181509 0.631322 -0.81026 0.816809 -1.17986 0.659947 -0.224339 -0.289875 0.848281 0.149894 0.454494 1.63675 0.263892 0.262088 0.858138 -1.5236 -0.627117 
0.728684 1.18825 0.489112 0.898257 -0.786683 -1.47103 -0.227848 -1.72033 -0.537814 1.48242 0.0807546 0.104406 1.04427 -0.91746 -0.450733 -0.298499 -0.878186 1.49441 0.333553 0.566631 1.05654 0.884026 -0.0692192 -0.456678 -0.375121 0.170948 -0.886595 0.218305 0.110821 0.64459 0.700307 -0.167155 1.18678 1.11643 -0.270824 -2.36176 -0.00315199 -1.25593 0.229051 
0.402236 0.781992 -0.266488 0.519155 -0.504782 -1.18564 0.182114 -0.472763 -1.27452 -0.00296298 -0.418814 -0.502443 0.234657 -0.671991 -0.720343 -1.21405 -0.309313 0.0632183 -0.699414 0.89661 0.520949 -1.22761 -2.57519 -0.667595 -0.712091 -0.568908 -0.775535 0.164068 -0.152808 -0.168405 0.681209 0.46613 -0.507449 0.0106592 1.10944 0.592773 0.843966 0.285644 -0.413457 
0.296299 0.693228 -0.47404 0.537248 -0.762992 -1.86057 0.521986 -1.24109 -1.79573 -1.37681 -0.475667 -0.655892 0.400869 -0.286973 0.703451 0.0961555 0.697849 -0.44737 0.278695 -1.13293 -1.01327 0.423719 0.701424 1.46196 0.697468 -0.665526 -0.629638 0.221073 -0.575309 0.185472 -0.126515 0.71734 0.00830836 2.03341 0.397253 -1.25369 -0.667121 -0.712272 -0.963759 
0.209565 1.33254 -0.215121 1.03177 -0.751899 -1.02698 -0.8755 -1.46324 -0.885167 0.945014 0.843678 0.316541 -0.530879 -0.306955 1.05973 0.401081 0.524925 -0.222953 1.64294 -0.843601 1.66602 1.69151 1.08947 -0.185045 -0.159697 -0.561595 -0.341986 0.535645 -0.497958 -0.499977 -1.07112 0.307476 -0.20821 0.0254394 0.801319 1.14694 0.493726 0.137741 -0.542647 
0.0911874 1.50542 -0.186562 0.899869 -0.891082 -0.937311 -0.277956 0.335098 -0.141703 0.0220482 -0.61993 -0.797282 -0.233288 -0.247405 0.114216 -0.797332 -1.24918 -1.12365 0.124329 0.925952 1.0722 0.518946 0.566417 -0.887307 -0.552106 0.0216572 -0.368395 0.48212 -0.19494 -0.0204241 -0.176148 1.79232 0.0021507 0.551187 0.683655 0.85747 0.587305 0.753191 0.887934 
0.0415294 1.45039 -0.855599 -0.144487 -1.3577 -0.954847 -0.0995351 -0.455908 -0.40082 1.73612 0.0995935 -0.264508 -0.427754 -0.268237 -0.323446 -0.664316 -0.539688 -0.0109359 0.718203 0.889216 -1.0499 -0.888263 -0.153654 0.874754 1.04152 1.5709 -0.276048 0.0584847 -0.400976 -0.271284 -0.272223 0.999017 1.82673 1.41193 -0.227021 -0.799628 -0.450105 0.636777 1.79791 
-0.0898183 1.30186 -0.724044 0.33903 -0.906722 -0.532331 0.465293 -0.690471 -1.06111 -0.0235178 0.141013 0.407186 1.82821 -0.185065 -0.0220269 0.23632 0.95373 0.74622 1.19066 1.31059 0.456128 -0.794732 -1.53132 0.301493 1.29463 2.0392 -0.180986 -0.083911 -0.155103 0.621382 -0.0998641 0.326635 -0.138846 -0.436933 -1.08327 0.329551 0.971213 0.968243 0.970023 
-0.087693 1.46818 -0.6957 0.590085 -0.97176 -0.285075 1.01898 -0.0387562 -1.22692 0.0897984 0.370898 1.22354 2.22572 -0.017313 0.199136 0.458656 1.24303 -0.108981 -0.289914 -1.01291 0.618819 -0.402071 0.483938 0.28698 0.0976415 -0.466734 -0.148927 0.107018 0.550715 1.35364 0.702757 0.249982 0.518662 0.843951 -0.953143 -1.28975 0.35474 -0.858335 -0.089052 
-0.114598 1.48206 -0.391985 1.32455 -0.974362 -0.692361 -0.485429 -0.117467 -1.49551 0.671756 0.399921 0.554119 1.31397 -0.050937 0.188006 0.578115 0.568931 0.333018 -0.863451 -0.644759 0.470261 -0.341416 0.00423662 0.102272 -2.3412 -2.1589 -0.219228 0.0355789 0.0876116 0.577962 0.23203 -0.764511 0.0967173 0.315577 1.00185 0.199844 0.135957 -1.56419 -1.33708 
-0.133407 1.64021 -0.271142 0.990877 -0.804972 -0.76655 0.396119 0.391934 -1.60082 0.227691 0.472041 -1.36203 -0.427566 -0.327341 -0.141773 -0.313528 -0.58827 0.48493 -0.720731 1.17208 -0.252397 1.58234 -0.302431 -0.152214 -1.98886 -1.09518 -0.321956 -0.100289 0.513312 0.268968 -0.0832915 -1.07299 0.4768 -0.216344 1.76305 0.718443 -0.550196 -1.6737 -1.17989 
-0.332402 1.41192 -0.657845 0.721569 -0.727003 -1.09385 0.509728 -0.379056 0.0496144 0.453321 0.2837 -1.63668 0.00531729 -0.452483 -0.337218 0.182263 -0.259897 -0.428174 -0.553995 1.26033 -0.667565 2.42361 0.772114 -0.811149 0.318937 0.778638 0.196481 -1.86238 0.202977 -2.13561 1.41748 1.0006 1.13124 1.03956 2.4995 0.0733678 -0.9516 -1.07616 -0.912414 
-0.429125 1.42654 -0.1531 0.672733 -1.04191 -1.07459 1.46987 -0.26737 0.783509 1.2578 -0.206995 -0.967152 0.632448 0.625171 -2.68653 0.625389 -1.79314 1.66213 2.0378 0.229328 1.38609 1.37246 0.338868 -1.0502 0.681633 0.0240054 1.04274 -2.8933 -0.014187 -2.38573 1.804 1.83634 -0.287973 -0.864221 2.03942 0.53986 -0.568625 1.3967 1.16441 
0.0428317 -0.526988 -0.196681 -0.926535 0.144727 0.0507185 0.665302 0.928961 1.38537 0.980033 -0.599515 -0.835436 0.11141 2.05821 -4.05851 -0.184262 -2.40138 3.15273 2.97319 -1.56309 -0.216353 -0.0139592 -0.200601 0.079613 1.33293 0.550155 0.876959 -3.05296 1.80529 -2.1557 1.35816 1.9153 -1.1676 1.06002 -0.456454 -0.724889 0.179054 1.97493 0.6036 
0.838326 -1.51989 -0.318865 -1.50296 0.620408 0.594227 0.0291732 -0.494431 0.736261 1.15769 -0.125205 0.563815 1.40364 0.724348 -1.95194 2.00224 -0.61075 0.396308 0.485519 -1.58833 -0.230708 -1.92009 -1.21805 1.23795 1.66216 0.656721 1.0479 -3.27923 0.956243 -2.11187 1.64693 2.01625 -2.35647 -0.0547434 -1.29246 -0.682032 -0.0964925 0.861656 -0.85507 
0.479813 -1.92645 1.33061 -1.54901 0.345083 0.325288 -0.797873 0.688149 -0.56332 -0.302285 0.471647 1.0644 1.01731 -0.444509 -0.92398 1.58479 0.0465263 -0.662854 -0.316741 -1.22349 0.190313 -1.52424 -0.62942 -0.23065 -0.321314 -1.55506 0.423463 -1.19358 1.0566 -0.032537 0.136625 0.0706664 -1.14328 -0.569614 -1.24522 -0.253177 0.832726 1.36291 -0.148524 
0.547573 -2.16446 0.885184 -1.55531 0.259002 0.419162 -1.10909 -0.33192 -0.817553 0.559316 -0.30842 0.241347 -0.486341 -0.0757133 0.140481 -0.456667 0.582435 -0.162899 -0.394784 0.258536 -0.340989 0.437865 0.87993 -0.246492 -0.0507213 -0.845144 -0.582893 -0.156216 1.16752 2.51215 -0.138454 -0.87775 -1.28529 0.305759 -0.990908 -0.538995 0.566514 -0.217035 -2.39678 
0.418674 -1.78932 0.953912 -1.13651 0.248845 0.106483 -0.616287 0.341692 -0.159855 0.853105 0.274901 1.04511 0.024723 -0.462192 0.689737 0.121094 2.77237 0.485282 -0.843237 -0.276836 0.165705 0.343344 -0.0365339 0.894797 0.0421413 -1.23143 -0.299733 0.354908 -1.05843 1.58176 0.333762 0.501546 -0.0535795 -0.384746 0.27049 0.726403 0.692961 1.13106 -0.404652 
0.24581 -1.62398 0.955862 0.756781 0.506548 -0.0509839 -1.40429 -0.192983 -0.508377 0.649835 0.469642 0.326097 -1.96723 -0.393361 0.402392 -1.05453 1.19546 0.690841 1.05374 -0.27984 -0.0347864 -0.124165 -0.0944491 1.06611 1.38472 0.360741 -0.419826 0.551175 -1.03406 0.506139 -0.602594 -0.0110473 0.556707 2.08119 0.606773 -0.323471 0.80922 0.291806 0.954479 
0.159765 -1.45985 0.114276 -0.192256 0.605416 0.699516 -0.914163 0.288566 -0.317038 0.876331 1.19928 2.6341 0.55648 -0.192488 0.151541 -1.59708 -2.19797 -1.3563 0.826213 0.988354 2.0719 0.368808 -0.382211 0.0677634 0.28758 2.31763 -0.37858 0.593088 -0.97291 -0.22633 -0.576837 -0.125428 -0.561962 1.37177 -0.100508 -1.7678 -1.05698 -0.391342 -0.835406 
0.111966 -1.47873 -0.303879 -1.24248 -0.222651 0.414532 -0.57275 1.77202 -0.173799 0.338702 0.54131 0.685839 1.03821 -0.197572 0.502611 -0.333074 -1.44061 -1.52338 -1.2216 -0.351921 1.52056 -0.00172013 -1.98096 -2.39809 -1.87248 -1.34292 -0.389615 0.705529 -1.22898 -1.52819 -0.433266 0.607305 0.48894 1.1934 0.71006 -0.566519 -0.403806 0.303756 1.37726 
0.0227554 -1.05679 -0.166718 -1.53457 -0.212398 0.017314 -1.27623 1.7254 -0.352077 -1.29244 -0.835208 0.573692 -1.06534 -0.4155 0.924418 -0.160617 0.496192 0.738267 -0.027793 -0.35821 -0.775169 0.465726 -0.315315 -0.59665 0.0564409 -0.742865 -0.358519 0.8365 -0.112292 -0.756879 -0.662149 -0.590895 -1.11915 0.490392 0.0657015 -1.13148 -1.14124 -2.27744 -0.639372 
-0.160726 -0.765906 -0.451336 -0.904778 0.159074 0.40141 -0.940419 1.00963 0.257459 0.105297 0.0454836 0.786611 0.174909 -0.362357 0.772476 0.189288 0.601837 0.563381 0.439907 -0.948907 -0.968869 0.0727725 0.635421 0.962516 -0.872237 0.587277 -0.463208 0.802668 -0.289924 0.0306901 1.33508 0.282248 -0.160361 -0.818853 -0.16326 -0.929258 0.15465 -1.50479 -1.44691 
-0.21685 -0.455545 -0.0432365 -1.10523 0.0765706 0.26632 -2.16996 0.77746 -0.312807 -0.421158 0.00069511 -0.366035 -0.247224 -0.306227 0.299232 -0.239894 -0.453764 1.28569 0.397549 0.208683 -0.0606687 -0.665964 -0.798279 0.7544 -1.87658 -0.94597 -0.551112 0.748968 0.0968577 1.02109 1.42024 1.02718 -0.0770686 -2.02625 -0.263512 0.893331 1.33777 -0.87145 1.61134 
-0.365385 -0.512196 -0.660179 -1.39109 0.831144 0.626676 -0.80323 0.931712 -0.440191 -0.689279 0.703628 -1.27839 -0.945132 -0.495227 0.369528 -0.0307979 0.548741 1.58781 0.912223 0.899397 -1.14656 -0.391796 0.341529 0.649905 -0.190029 1.25799 -0.417761 0.742463 0.480536 -0.172623 1.08177 -0.0700667 -0.699216 -1.23479 -0.970448 0.256277 0.619717 -1.71123 0.410384 
-0.53918 -0.150212 -0.090172 -0.721952 0.908881 0.780041 -1.41764 -0.3407 -0.736963 0.108645 0.569588 -0.541409 1.41874 -0.34526 0.832882 0.952903 0.268708 0.359809 -0.492404 -1.00526 -1.21597 -0.490687 1.04452 -0.0248382 -0.190594 1.40342 -0.535658 0.711137 0.662616 -0.771276 0.954725 0.869832 0.347772 -0.605945 0.65028 0.304495 0.517794 1.01653 0.871322 
-0.594346 0.133405 0.054585 -1.25071 1.01214 0.353159 -1.74714 -0.252946 -0.962995 0.657348 0.696203 -1.4544 0.90466 -0.338473 0.714958 1.00696 -1.40362 -0.132122 0.232401 -0.438765 0.536356 1.1555 -0.0399849 -0.0456602 1.38697 -0.267888 -0.585248 0.783017 1.1239 -0.407938 0.449947 0.684684 0.876542 -0.502029 0.537448 0.887896 0.543028 0.874829 1.55272 
-0.763915 0.40879 0.666449 -2.03218 0.828966 0.912748 -1.85705 0.153307 0.38237 0.195155 0.544378 1.0501 1.15585 -0.565081 0.360889 0.689938 -0.717055 0.341719 1.39287 2.10083 0.715901 1.1207 -0.0738002 0.660109 1.21798 0.374107 -0.615209 0.490137 0.526531 -1.81533 -0.252466 0.775511 1.74099 1.33083 0.634921 1.66698 0.935534 0.278649 0.0583663 
-0.960168 0.432394 0.56573 -1.9654 1.18354 1.13626 0.0751336 0.413059 0.121624 0.704567 1.27381 -0.0522334 1.45331 -0.618174 0.0335179 -0.227476 -0.619434 -0.21579 0.787838 2.57235 0.906023 -0.409995 1.90432 1.16353 -1.073 0.318546 -0.754832 0.121229 0.280975 -0.140237 0.147503 0.834767 1.72197 0.911851 1.0101 1.22205 0.296573 0.387249 -0.237516 
-1.16279 0.467371 0.467222 -2.66219 0.704676 1.35676 0.385145 1.00144 -0.0599395 2.54082 1.55197 -0.114556 1.63427 -0.607355 -0.173303 -0.265349 0.568235 -0.0920572 -0.294484 0.00991935 0.282447 0.0693429 1.4278 -0.327861 -0.774047 -0.665369 -0.801431 0.07163 0.209361 0.184124 0.982111 0.333561 3.34239 1.37721 -0.250314 0.284317 -0.545451 -1.72187 -0.752605 