-0.698989 -0.0523522 1.28861 0.761443 0.379877 -0.936157 0.30328 1.14389 -0.368314 1.32982 2.03706 -0.923331 -0.505938 0.891995 -1.96879 -1.11299 0.81279 -0.789621 1.6596 1.13353 0.591669 1.24935 0.193194 0.327194 0.864523 -1.47219 2.91457 -1.56942 -0.038424 0.158758 -1.93151 -1.29893 -0.0521462 0.436098 0.374139 0.558007 -0.100287 -0.481309 -1.08623 
-0.445492 -1.1667 1.29333 1.7863 0.380294 0.841564 1.23507 1.27477 0.574139 1.99544 2.24989 0.350116 -0.955843 4.47765 -2.14153 0.433788 0.238302 -1.43946 0.617773 0.887588 0.313177 0.884356 0.517682 -0.569366 -0.873121 -1.15602 1.0927 -0.0143942 0.124 -1.00592 -1.16229 0.0178674 0.158987 -0.472814 1.09119 0.0434061 -0.540493 0.597162 -0.28409 
0.445015 -1.43671 1.43861 0.936471 -0.891015 -0.436385 0.953119 1.35564 0.492176 1.77669 1.59209 -1.86602 -1.56836 0.732842 1.97875 1.30678 -2.07926 -0.739257 -1.67904 -0.947668 -1.17674 -0.0853081 -0.156977 -1.05096 -0.215902 1.16709 0.659632 -0.00293162 1.25869 -0.358877 0.236979 0.605213 -0.348077 -0.592857 0.906781 -0.431127 -2.42481 -0.66383 -0.522555 
-0.281637 0.09211 1.76309 0.372694 -0.273141 -0.354363 0.565736 0.44505 0.527406 1.84619 1.45048 0.114256 0.100168 -3.50073 2.16641 1.37436 -0.70499 1.7365 0.0934556 -1.31238 -1.04526 0.0813624 -1.10888 -2.59198 0.118063 0.575933 -0.136803 1.37382 0.706791 -1.33782 0.129423 -1.50506 -0.806453 -0.613445 -0.716054 -1.22192 -1.24062 -1.15485 -0.148385 
-0.499206 -0.0575177 1.93313 0.464896 0.638723 -0.323708 0.0216356 0.617829 0.60138 0.786327 -0.341462 -1.74271 -1.05142 -0.947462 -0.161367 -0.283834 0.402548 0.895942 -0.234937 -0.0291349 0.419448 -0.694208 -1.4798 -0.578502 -1.08574 -1.31569 -2.67926 1.24813 0.155907 0.275828 1.64883 1.13564 -0.151939 -1.16269 -1.07828 -1.34278 -1.51344 0.435709 0.751009 
-0.557578 -0.0219717 1.65024 0.660309 0.515378 -0.484133 0.55664 0.731086 -0.0890176 0.528077 0.998796 -1.05711 -1.10785 -0.51765 -0.512678 -1.13518 1.02283 0.402879 1.27763 1.12379 -0.384656 -1.25042 -0.687691 0.6096 0.350835 0.312645 -0.550934 -0.563959 -1.30083 1.06048 0.77513 1.14091 0.503631 1.03264 -0.213673 -1.7067 -0.385813 0.202892 -0.327172 
-0.662649 -0.396966 1.50845 1.1777 0.992448 0.663227 0.841258 0.341785 -0.535442 0.168129 0.0812622 -1.36905 -0.774576 0.113264 -0.54419 -1.54954 0.885157 0.10333 1.61258 0.630041 0.839097 0.454965 -0.797944 0.054837 1.29548 0.960917 0.257184 -1.01583 -2.04275 0.753468 0.173373 1.52309 -0.00607331 0.870824 0.508842 0.348717 1.89096 1.53189 0.435367 
-0.555888 -0.381635 1.07379 1.27874 0.604954 0.750092 1.02136 1.31046 0.369731 -0.18754 1.01323 0.332507 -0.239853 0.89247 -0.781207 -1.75375 -0.114603 -0.188844 0.575446 -1.13671 1.44504 1.78819 1.12759 1.81201 1.33829 0.211936 0.792378 -1.03265 -0.336212 1.93908 0.352727 2.08055 0.0769954 0.125827 1.11504 -0.350925 0.224736 1.7918 1.05662 
-0.457014 -0.908675 0.857197 1.11082 0.824379 1.13175 0.0360399 1.34473 1.17068 1.15392 1.38893 0.066604 -0.589565 1.06226 -0.771586 1.08857 1.48855 0.344744 0.933985 -0.542924 -0.691055 0.734722 0.312785 0.211315 0.682956 0.28009 1.03667 -1.14093 -0.869105 0.368423 -0.0243488 0.334657 0.0242693 1.13085 2.84574 1.37631 1.76891 1.1813 -0.20909 
-0.305814 -0.887173 1.46362 2.31079 0.907415 1.48332 0.642951 0.820243 1.09022 0.0782874 1.14283 1.06336 0.00730661 0.648541 -0.675551 0.534609 0.546894 0.14487 -0.200793 1.16033 -0.0662207 1.26273 0.670972 0.451707 -0.0394323 -0.43054 1.29598 -1.66753 -0.546306 0.358869 0.295783 0.322213 -1.56153 -0.725364 1.19818 1.12544 0.0602681 1.19242 1.34232 
-0.315223 -1.35261 1.04413 1.49738 0.950587 1.02719 0.881928 1.29127 2.38518 1.73624 1.69545 0.0205353 -0.990423 0.866699 -1.37079 -1.84845 -1.06807 0.0290246 -0.574813 -1.34321 -0.203295 0.544379 1.15408 -0.157922 0.628279 1.29039 1.3005 -1.36615 -0.0779613 1.22198 0.911284 0.00951228 0.597185 0.263877 -0.500433 -0.978785 -0.426868 -0.0041357 0.143809 
-0.106924 -1.7771 0.777682 1.59033 0.931468 1.10262 -0.310693 0.670973 1.63263 1.08749 1.00067 1.73541 1.17575 1.28718 -1.07444 -0.628159 0.940436 1.03207 0.17096 -0.446762 0.383323 -1.81037 -1.98628 -1.02848 0.018716 0.618898 1.24048 -0.800104 -0.632452 -0.442765 0.443403 -0.147193 -0.0786694 0.748179 0.378976 0.548495 -0.155123 -1.54077 -1.39264 
-0.00627788 -2.05242 0.805158 2.15371 1.85915 1.19709 0.572644 1.55206 0.724473 -0.0293912 0.912586 0.0370044 -0.434307 0.97923 0.357774 0.966006 0.497688 0.537374 0.350037 1.24286 1.11349 -0.146275 -0.450047 -0.067318 -2.3595 -2.87385 1.24921 -0.958814 -0.394508 -0.499084 -0.42377 -0.869146 -0.684803 0.312622 -0.964275 -2.24293 -0.927442 2.70578 0.97679 
0.12142 -1.55815 1.12263 1.94316 1.40379 1.40473 0.594514 1.44215 1.52885 0.679276 0.925203 -0.805871 -1.45315 0.571796 -0.145209 0.0842464 -1.58043 -1.59725 -1.29386 -0.383541 -0.00652657 0.763907 -1.00046 -0.195844 2.97712 0.53005 1.05982 -0.43394 -0.641834 -0.774538 0.0981892 -0.604221 0.445969 0.738044 -0.824264 -0.426619 0.881907 -0.498443 -2.05118 
0.115426 -2.15614 0.827129 1.08204 0.449113 0.285533 0.308802 1.54033 1.47227 -0.923953 0.742524 3.23521 0.0407889 0.596416 -0.89405 -1.8618 -1.47816 -0.421448 -1.14336 -0.711396 -0.215706 -0.749614 -0.135194 1.1836 1.78855 0.530963 0.904623 -0.266019 -1.55796 -1.98333 -0.628608 -1.26544 -0.527524 -1.00703 -0.00194399 0.403501 0.0471144 0.01971 -0.101815 
0.249567 -2.14225 0.431797 0.941599 1.03061 0.604286 0.0950129 1.28421 0.860592 0.549268 1.77038 1.11403 -0.977216 0.771655 -0.172438 -2.28344 -0.894165 0.764776 -0.322039 -0.257353 -1.23276 -0.775453 1.51279 0.232221 -2.9713 -0.624944 0.760893 -0.832932 -1.41204 -1.21095 0.0527324 -0.448327 -0.509153 -0.546473 0.346535 -0.149806 0.7183 2.14626 1.95593 
0.289439 -2.27732 -0.0181382 0.480789 1.12197 0.0914585 0.135664 0.671454 0.779834 0.402204 0.887507 0.0359525 -0.537345 0.532 -0.161702 -0.129797 -0.0417332 0.478057 0.54397 0.0926247 -0.459568 1.11283 -0.0840506 -0.278963 0.584462 1.74712 0.810107 -0.113758 -1.60834 -0.757384 0.209667 0.185254 -0.368492 -0.395171 -0.933749 0.967409 1.07748 -1.91425 0.667156 
0.360855 -2.25655 0.375368 0.924671 1.45063 1.04957 0.173437 0.955798 1.93484 0.464449 1.53914 1.73895 0.607718 0.43039 0.0530314 0.0125576 -0.0650981 -0.503382 0.510831 -0.192022 0.74277 -0.238178 -0.254872 1.13705 0.824325 1.41682 0.220756 0.919331 -0.33919 0.175027 -0.227051 -0.183049 -0.704103 -0.245239 -1.51103 -1.88981 -1.46924 -0.114264 0.750693 
0.374132 -2.25387 -0.0224254 0.447844 0.676532 0.512277 0.00948585 1.1835 0.590074 0.166447 1.69842 0.918845 0.746393 -0.21168 1.38735 -0.335412 0.234977 -0.786539 -0.813353 -0.94617 0.153193 -2.74729 -2.43579 -1.64624 -0.727768 -0.858909 1.74346 3.82985 -0.699122 -1.76775 -3.26526 -1.67242 -1.93887 -2.49085 -1.08035 0.0711078 -1.49835 0.0836446 0.0100578 
0.277495 -1.37712 0.243626 1.09742 0.7555 0.492767 -0.494819 1.05572 -0.602451 -1.69837 0.301623 0.952585 -0.183765 2.16804 4.96203 -0.989855 -2.14302 -3.76968 -2.63302 -2.14853 -3.79918 -0.933112 0.327716 -3.09991 -0.747329 -1.38271 2.21072 3.1447 -2.82417 -2.54287 -3.97134 -2.18059 -1.8938 -2.29075 -0.926401 -0.139504 -3.11714 -2.19242 -0.854326 
0.913629 0.91871 -0.393878 -1.00947 -2.6492 -1.38796 -1.52302 -1.47935 -0.249869 0.445468 -0.608957 0.111442 -0.522738 3.50917 2.73567 -3.66528 -3.40119 -4.40789 -1.94101 -1.34011 -2.96456 1.74156 2.23017 -2.41072 -1.72884 -0.103779 2.67377 2.60268 -2.04896 -1.80104 -1.89302 -0.756001 -0.476449 -2.3758 0.610404 -0.16725 -3.09075 -0.400663 -0.344455 
1.16801 0.367244 -1.10778 -1.22233 -3.13302 -0.896563 -1.44623 -1.02371 1.06004 0.261659 -1.49853 -0.910427 -0.286652 1.82222 -1.54471 -1.90791 -0.106248 1.28726 1.65088 1.56914 0.883664 1.5801 -0.570024 -0.922906 0.285217 1.008 3.01406 0.810153 -3.37866 -3.53019 -1.61735 -0.441181 1.05747 -2.04913 1.98675 1.81791 -0.343548 -0.169585 0.60142 
1.36261 -0.0827844 -1.10159 -1.07062 -1.51561 -0.125461 -0.383282 -0.868817 1.26156 -0.0687587 -1.31412 0.414529 0.388197 0.990193 -1.65217 -1.1243 -0.985406 2.2852 1.3505 2.60799 0.449094 0.385588 0.152266 1.94173 1.52396 0.819851 1.46931 -1.87619 -2.19648 -1.14532 1.87754 1.72823 2.35803 0.381053 1.11557 -0.704408 0.584901 -0.247503 0.714382 
1.39923 -0.703187 -1.52848 -1.88613 -1.11942 0.14417 0.440224 -0.716953 1.45388 0.385651 -0.0953936 0.724912 0.452711 0.366058 -0.869341 -1.19974 -1.33252 1.15056 0.457406 1.26498 -0.423065 -0.389843 -0.382504 1.65497 -0.576838 -0.161661 0.806823 -0.83311 -1.27394 -1.26618 2.10724 0.668093 1.32246 -1.0393 -0.658018 -1.02464 0.994211 -0.27213 0.771471 
1.43047 -0.651032 -1.54992 -1.97235 -0.502562 0.255914 0.537825 -1.17171 0.929905 -0.417291 -0.122026 -0.209513 0.232528 0.206939 0.596184 -0.67081 -0.602759 0.452356 -0.561051 -1.02099 -1.72789 -1.10269 -1.5282 -0.680173 -1.84299 0.0923229 0.270606 -0.35952 -1.28981 -0.691287 1.46236 0.133302 0.478212 -1.81617 -1.25274 -0.758594 0.47721 -1.76778 -0.62416 
1.42543 -0.3313 -1.78307 -2.28763 -0.722068 -0.226363 -0.281812 -1.93194 0.455278 -0.975227 -0.62191 -1.26087 0.528648 0.0288434 0.429958 -0.617959 0.454956 0.745486 -0.333242 -0.694686 -1.80712 -0.966841 -0.641668 -1.06222 -1.40709 -0.5356 0.163255 0.415548 -0.197544 1.1946 1.25586 -0.362639 -0.707215 -2.00502 -1.72216 -1.40462 -0.490171 -1.65126 -1.03184 
1.41006 -0.385778 -1.78516 -1.64881 0.153282 0.0535681 0.0503345 -2.44207 0.0584048 -0.994823 -0.929716 -1.72648 -0.264134 0.0273558 -0.0264479 0.407125 2.05625 1.17422 0.068256 0.163696 -0.733558 -0.758811 -0.350131 0.02151 -0.0112268 -1.25972 0.0333833 0.647069 -0.129536 0.980573 0.539626 -1.1018 -1.08559 -0.710396 -2.02359 -0.649929 -0.790193 -0.351799 -0.67561 
1.40464 -0.358831 -1.64284 -0.866438 0.311845 -0.13229 -0.152302 -2.45187 -0.221589 -1.29515 -0.632005 -1.2766 -0.628335 0.0111511 0.441211 0.451033 0.733983 -0.0535252 -1.07908 -0.618272 0.931097 -1.21883 -0.238828 0.0154388 0.999368 -0.220993 -0.0239201 -0.0588256 0.145538 0.577456 0.0666227 -0.843117 -0.336868 0.414985 -0.944968 -0.447247 -0.362531 1.33739 -0.324662 
1.38502 -0.113306 -1.62884 -1.13401 0.10454 -0.69942 -0.38223 -1.79839 -1.04886 -1.2164 -0.944279 -0.65533 -0.473907 -0.0730925 -0.0214384 -0.182694 -1.36558 -1.09949 -1.15877 -0.574987 1.23571 -0.266885 -0.262385 -0.515056 1.48383 0.907842 -0.00686458 0.10349 0.214474 0.458278 -0.397984 -0.5816 -0.26894 1.50306 -0.885057 -0.125078 0.292617 2.02302 0.510281 
1.35755 -0.383149 -1.71864 -1.79083 -0.659249 -0.944112 -0.553753 -1.59525 -0.438207 -1.53755 -1.037 0.315585 0.191267 -0.0313712 -0.277767 -0.128524 -0.190627 -0.478008 0.313898 0.288786 0.903538 0.25756 0.0522799 0.338524 1.23645 0.831964 0.158163 0.0415142 0.546043 -0.534289 -1.20599 -1.49644 -1.13041 1.96903 -0.860247 -0.615926 -0.72227 2.08844 0.31516 
1.34886 -0.302059 -1.6848 -1.253 -0.31852 -0.423994 -0.162806 -1.17396 -0.774799 -1.18076 -0.72106 0.670798 0.276502 0.299769 0.104192 0.976937 0.682077 -0.486424 -0.744484 -0.791952 1.16957 -0.6677 -0.573155 -0.443854 0.824813 -0.521884 0.132656 -0.436855 0.26341 -0.345282 -1.07225 -0.465074 -0.873876 1.64085 0.666146 0.164324 -0.625927 1.74774 -0.255063 
1.40806 -0.326875 -1.36969 -1.31161 -1.08973 -1.45007 -1.11116 -0.78487 -1.02983 -2.05454 -1.38959 1.199 -0.292887 0.219887 -0.262303 0.520656 -0.259257 -0.93338 -0.934123 -1.34679 1.09985 0.449373 0.143813 -1.1728 0.692942 -1.10358 0.163509 0.109185 1.10028 1.3936 -0.465179 -0.333515 -1.02966 1.77247 -0.393845 0.256634 -0.0681307 0.707616 -1.78566 
1.37845 -0.480891 -1.50298 -1.41903 -1.14314 -1.06996 -1.11902 -0.412319 -0.321282 -1.06424 -1.61014 1.41239 -0.7381 -0.0650941 0.0666667 0.605841 1.01739 -0.132793 0.28792 -0.453658 0.994992 0.234694 0.891298 0.331148 -0.0532397 -1.51481 0.13076 0.499579 1.16753 0.747202 -0.848889 -1.02402 -1.1198 1.56348 -0.30608 -0.00224886 -0.0452343 0.770998 -2.24615 
1.36306 -0.294673 -1.15667 -0.602533 -1.20837 -1.19382 -1.4254 -0.0965206 -0.777166 -1.27754 -1.1718 1.13808 -1.68248 -0.0342076 0.941445 1.15781 1.15974 -0.186543 -0.381435 -0.00738143 0.808786 -0.787994 -0.16796 1.08972 0.149185 -1.46415 -0.246026 0.327594 0.505921 1.69931 -0.781731 -1.04664 0.202222 1.14273 0.779953 0.482768 -0.0192694 -0.96046 -1.2504 
1.34154 0.112481 -1.08779 -0.612382 -1.30918 -1.30789 -1.11248 0.14587 -1.02545 -1.2232 -0.834061 1.56918 -2.0815 -0.312934 0.388556 0.13132 1.05995 -0.899495 -1.63162 0.691583 0.398376 0.59463 -0.274164 -0.380646 -1.03201 0.0953752 -0.152826 1.0595 1.05582 1.90531 -0.425389 -0.57129 -0.485021 0.439024 0.120475 -0.334947 0.78023 -1.18854 -1.19723 
1.2532 -0.0559796 -1.11746 0.135716 -2.00311 -2.35474 -0.916447 0.174787 -0.187746 -1.53034 -1.47787 0.0245061 -1.60376 -0.204384 0.466703 0.361713 1.17222 -0.380751 -0.370925 -0.582328 -0.277194 0.9081 -0.296074 -0.10497 -1.48832 0.106024 -0.546812 0.961729 0.637007 0.323451 -0.879621 -1.33837 -0.328684 0.304625 -0.1512 0.0752295 0.0557189 0.0170374 -0.367717 
1.26009 0.401306 -0.964184 0.202823 -1.64647 -1.53805 -1.51921 -0.0550564 -0.142747 -1.49536 -0.937242 -0.0351606 -1.99307 -0.515097 0.892293 0.792342 -0.683247 -0.26053 -0.0750045 -1.09302 -0.0313733 -0.76669 0.352458 0.428154 1.03487 -0.496907 -0.738239 0.902047 0.248707 -0.597869 -0.709178 -1.72931 -0.272091 -0.317668 -0.10093 1.60114 -0.315175 0.270323 0.247605 
1.09043 0.505862 -0.836125 -0.320955 -2.23439 -2.36643 -1.69026 0.145693 -0.871984 -1.22946 -1.18869 1.13383 -2.06514 -0.910039 0.736442 0.00950042 -1.93431 -0.556861 -1.82203 0.249047 -0.11788 -1.0261 2.3919 -0.327316 1.77312 0.202031 -0.657804 1.06683 0.73166 -1.05097 0.522031 -0.6281 -1.28269 -0.415636 -0.910581 2.42623 0.700594 1.59086 -0.0407978 
0.993947 0.863169 -0.969591 -1.11142 -2.13907 -2.83954 -1.32835 -0.14462 -1.06969 0.607581 -1.20406 1.86815 -1.81709 -0.478989 0.525401 0.265985 -0.6389 0.929531 -0.748028 -0.457314 -0.483675 -0.222026 2.83429 0.453575 0.719893 0.472377 -1.19057 1.10113 0.565545 -0.950545 0.662968 0.107454 0.744296 -0.544806 -1.04193 2.17796 -1.37288 1.18882 1.79898 
0.937101 0.832341 -0.747586 -0.747228 -1.41625 -2.87501 -2.00713 -0.199567 -1.04663 1.26438 -0.880792 1.90441 -1.64264 -0.881111 0.725904 0.81249 0.736292 1.40977 1.91403 0.641689 -0.555354 -0.103871 0.466592 -1.47324 -0.465892 1.89507 -1.14026 0.773039 -0.094482 -0.392767 1.59469 1.218 1.11633 -1.16916 -0.253879 1.48516 0.282681 -0.0625276 2.60752 
0.735373 1.31827 -0.680878 -0.595034 -0.897442 -1.38276 -0.855263 -0.539984 -1.13379 1.00931 -2.31426 1.36343 -0.0972451 -1.2369 0.509778 -0.383039 0.130322 1.13919 2.22158 1.79609 -0.954164 -0.0604572 -0.891813 -0.112465 -0.805608 2.55712 -0.904154 0.436652 0.656852 0.693371 1.84559 2.496 0.374558 -0.437217 -0.15152 -0.677776 0.0456213 -1.63694 1.84713 
0.585405 1.1488 -0.896773 -0.646217 -0.413233 -1.19118 -0.704261 -0.873705 -1.07011 0.465819 -0.98949 1.03433 0.680929 -0.481537 -0.128692 0.139406 0.0976515 0.986358 1.14937 -0.196223 0.0138769 -0.0685317 -1.38391 1.50768 -1.37239 0.257552 -1.18905 0.185353 0.248947 1.19629 1.06027 2.10333 1.28688 -1.76726 0.502856 -1.83422 -0.618564 -1.49425 2.7715 
0.581382 1.22515 -0.638703 -0.516418 -0.0291927 -0.490525 -0.984461 -0.537447 -1.16483 -0.224064 -1.23056 -0.116215 0.129362 -0.551988 -0.239751 0.754594 1.32526 0.232166 0.353329 -0.251932 -1.21612 0.591785 -1.55453 -0.71229 -0.873832 0.661482 -0.684263 -0.273704 -0.314512 0.266424 0.0266328 0.997511 0.736167 -0.449756 -1.42966 -1.88706 1.75354 -0.686893 -1.00366 
0.412974 0.984434 -0.629267 0.273894 -0.210046 -0.886639 -0.873503 -1.73095 -0.483355 -0.91832 -1.53964 0.09087 1.27588 -0.552133 -0.19896 -0.569506 0.208563 -0.963805 0.049886 1.07717 -0.57071 -1.47842 -1.1323 0.736155 0.591657 -1.39245 -0.200014 -0.000193539 0.23722 -0.0462268 0.36331 1.14096 0.102324 0.224876 0.940557 -0.152799 0.0689738 -0.371141 -0.954581 
0.408913 1.08695 -0.856189 -0.361774 -0.880639 -0.410014 -0.198352 -0.943545 -2.51496 -1.23512 -0.714699 0.516446 -1.14865 0.242799 0.268202 -0.399724 -1.40549 0.229718 1.02438 0.369552 1.48546 0.410257 1.33133 0.776945 0.444583 -1.73978 -0.205522 -0.529382 0.447055 0.182203 -0.365095 0.867888 0.554218 1.09801 0.966291 0.0255631 1.00068 -0.0143224 -0.58536 
0.448568 1.14592 -0.784565 -0.67786 -0.00901778 -0.0866771 -0.596025 -0.699759 -0.0664349 0.247497 -0.993757 0.565354 -0.318869 0.234704 -0.461578 1.22292 -0.00644928 0.475189 0.988114 -0.415342 1.90932 2.50814 1.14492 0.533766 -0.623712 0.739933 0.273513 -0.414701 1.31739 0.278813 0.289354 1.75081 0.693117 1.57857 0.629865 -0.157165 1.42171 -1.09491 -1.44439 
0.442387 0.780285 -0.417144 -0.354516 -0.46315 0.363174 -0.485051 0.383932 -0.135255 -0.234009 -0.347787 -0.158009 -0.482167 0.156452 -0.779429 2.29139 1.72702 0.135661 1.11199 0.459549 0.441647 0.257659 -1.5603 1.03763 -1.6795 0.0966416 0.259374 -1.14944 1.77812 0.356832 0.342044 0.422201 -1.32554 0.0489677 0.17363 -0.294953 0.0015313 -0.706844 0.818649 
0.461561 0.635352 0.045843 0.517651 0.109069 0.777969 -0.253857 -0.398205 0.207714 -1.14174 -0.256016 -1.24459 -0.238995 0.143393 -1.00626 1.32425 0.424414 -0.0410541 -0.504555 -1.18659 -1.8554 -2.33087 -1.55608 -0.556355 -0.179227 0.226646 0.140922 -1.45912 1.71573 0.728528 -0.633819 0.676072 -0.40534 -0.65349 -2.14833 -1.83974 0.986796 -0.449655 0.338736 
0.451962 0.124206 0.0590186 -0.0519123 -0.500894 0.0343501 -1.32612 -0.920183 -2.28294 -1.61952 -0.783176 -0.354425 -0.283742 0.0444308 -1.09161 0.167002 -0.849623 -0.974938 -0.312615 -0.9533 -1.24798 -2.57748 -0.893347 0.214338 1.16285 0.316504 0.159978 -0.772253 1.04474 0.63383 0.574353 -0.757856 -1.529 -1.78867 -2.31753 -1.198 0.255406 -0.502945 -0.332193 
0.445234 -0.0754801 0.0981258 -0.0530672 -0.752194 0.590851 -0.927238 -1.27772 -2.17071 -1.94166 -0.124195 0.002386 0.0413711 0.085999 0.0295063 0.179502 0.335934 0.778331 -0.479896 -0.660366 -0.341104 -0.170913 -0.0490741 0.862182 -0.396741 -0.587213 -0.215424 -0.604895 0.0522582 -1.07859 -0.0434048 -1.55543 -2.24754 -0.493981 -1.77691 0.160999 0.556604 0.870304 -0.132416 
0.446516 0.13257 0.11588 0.190041 0.183913 -0.276268 -1.78894 -1.16578 -2.40977 -1.67343 -0.174558 -0.784776 -0.827468 -0.376674 0.332754 -0.0752833 -0.50667 0.906098 -1.66404 -1.75898 0.636985 0.657093 1.08504 0.481123 -0.210182 -0.446688 -0.633141 0.13973 -0.396024 0.102046 0.85651 0.343452 -0.559884 -0.0257941 1.03257 0.530613 1.84836 0.663888 0.644041 
0.318689 0.127417 0.0616642 -0.388699 0.04528 -0.593997 -2.17974 -0.839625 -1.52285 -0.993459 0.203974 -0.227322 -0.374212 -1.04319 0.181121 -0.725571 -0.232899 0.327135 0.865489 -0.0194992 0.303466 1.27191 0.729467 1.50431 1.11964 1.35243 -0.917656 0.668264 -0.890509 -1.09149 0.0626413 -0.352877 0.32029 0.255709 0.643268 1.1778 0.198184 0.160152 0.155134 
0.14552 0.238194 -0.15877 0.0420728 0.470845 0.406388 -1.79111 -0.960819 -1.18668 -1.03942 0.90665 0.415722 0.397554 -1.00617 0.566012 -1.17431 -0.865562 -0.836558 1.18338 2.13909 -0.329887 0.0252376 0.451044 -0.24932 0.372343 0.648106 -1.40761 0.870579 -1.42179 -1.05858 -0.155218 0.489555 1.16261 0.75907 1.59873 1.60366 -0.10299 0.481152 1.32603 
0.0273817 0.479948 -0.37735 -0.970343 -0.693957 0.323356 -0.630324 -1.07738 -1.46615 -0.605465 -0.00544511 0.169469 0.208538 -1.07268 0.981052 -1.27989 -1.09866 -0.541881 -0.298141 1.41401 0.620063 0.437954 1.36969 -1.66211 -0.600155 0.199253 -1.3733 1.14169 -0.68073 0.0389451 -0.297538 -0.0280775 2.14374 0.645042 1.5659 1.29044 0.208831 0.570303 0.406171 
-0.163195 0.856975 -0.636457 -0.699351 -0.00853985 0.229956 -0.762886 -0.53455 -0.743851 0.160295 -0.342547 -0.233397 0.571 -1.05835 0.949146 0.223177 0.890601 0.436097 -1.25998 0.436974 1.11377 1.64931 1.23397 0.494896 0.24638 -0.157193 -0.983291 1.62444 -0.065669 -0.752447 -0.204151 -0.720765 2.1018 0.410926 -0.102163 1.24553 -1.12883 0.0685014 1.0687 
-0.277583 1.07826 -0.304491 -0.348178 -0.310939 -0.563184 -0.304384 -0.306004 0.110033 0.474328 0.33286 0.430788 0.0569429 -0.408362 1.16262 1.20383 0.145495 0.263282 -0.640167 1.11155 -0.122881 -0.557277 0.255947 0.177274 0.660295 1.05569 -1.0254 1.39674 0.31879 0.421083 0.496869 -1.05724 0.302536 0.0362537 0.563428 1.34092 0.190574 0.55017 0.677014 
-0.298034 1.59223 -0.204403 -0.587939 0.222086 -0.198987 0.047936 -0.627609 -1.23216 0.375901 -0.238004 0.473083 1.52542 -0.485693 0.898073 0.247746 -0.393221 0.200069 -0.0969109 -0.0782426 -1.07543 -1.05284 0.517795 -0.272937 0.349931 0.960441 -0.875811 0.744638 0.736748 -0.0636323 -0.0936982 -0.834454 1.15946 0.253314 1.48761 1.48177 0.537927 -0.247825 -0.550452 
-0.432662 1.64381 -0.222633 -0.606043 -0.136055 -0.591051 -0.348778 -1.06491 -0.841931 0.921303 0.106059 0.803475 0.924509 -0.911883 -0.164422 -0.138263 -0.247246 -0.39775 -0.439572 0.279155 0.427046 2.14764 1.68205 0.494026 -0.952275 -1.66795 -1.07013 0.122277 -0.253516 0.212949 1.09111 1.75479 2.07893 0.209761 0.0506697 0.357818 -0.307251 -0.1241 1.15486 
-0.564662 1.47619 -0.263933 -0.745742 -0.130201 -0.479835 0.260437 -0.336261 0.810262 1.85162 0.0996612 -0.554737 -0.00381983 -1.12527 -0.710169 -0.591065 0.633338 1.21153 2.23823 2.57625 1.32626 1.09788 -0.0658679 -0.149099 -0.504186 0.393859 -1.07902 -0.0727201 0.489544 1.3253 0.212941 -0.00580658 0.323405 0.0879715 0.678379 0.661417 0.734328 -0.478125 -0.369213 
-0.755143 1.17767 -0.448016 -0.160227 0.930758 1.10507 1.51486 -0.144998 0.218332 0.852552 -0.0295994 0.257569 1.27541 -0.712387 0.0984449 0.852123 1.86229 0.663418 0.390682 0.104709 -0.325363 -1.42755 -0.82871 0.431342 0.403935 1.26469 -1.02154 -0.515936 0.366046 0.215049 0.862368 1.50114 2.11037 1.78314 1.36468 -0.692673 -0.491734 -0.380325 1.41259 
-0.779075 1.52878 0.039297 0.54249 0.453273 -0.147721 0.347547 -0.570858 -0.492279 1.10881 0.391192 -0.12397 1.14119 -0.412992 0.0671363 1.12922 -0.390625 -0.0984229 -0.412447 -0.0403778 0.851377 0.360277 -0.871145 -0.511587 0.0647131 1.25765 -0.874693 -0.0781296 0.569312 -0.0158623 0.666881 0.358758 0.890423 0.934823 -1.04496 -1.07697 -0.442864 0.802938 2.06001 
-0.891193 1.21017 -0.0432899 -0.416312 0.842425 0.844251 1.49769 0.442963 0.58849 0.0722537 -0.43204 0.323507 2.414 -0.606185 -0.171465 -0.0247738 -1.90499 0.194599 0.013952 0.962004 1.46412 0.294315 -0.616411 -1.02881 0.473746 1.13342 -0.753345 -0.254831 1.15365 0.229721 -0.630064 -0.590697 -1.68767 0.279141 0.335429 -0.0876288 0.0686225 -0.37521 0.165926 
-0.965691 1.40822 0.021336 -0.751659 0.623332 -0.0937395 1.05088 0.445421 -0.183834 0.553601 -0.391911 0.381879 2.1665 -0.724032 -0.370217 0.529491 0.651474 -0.735953 -0.364055 -1.99766 -0.515583 -0.00900329 0.734111 0.575788 -0.498492 -1.04378 -0.810598 -0.718034 0.304632 -1.15335 0.0413388 0.782185 0.72717 1.15189 0.782625 -0.94994 -1.01467 -0.0933728 -0.250215 
-1.10865 0.962115 0.141766 0.0419361 0.191903 0.619156 0.0736284 0.0754002 0.613148 0.710367 -0.0342011 -0.216275 1.45393 -0.616494 -0.734693 0.475553 0.456294 -0.152857 0.917432 -0.0918936 -0.0595339 0.537884 -0.660755 -0.308359 -0.593797 -1.39945 -0.73465 -0.541317 0.849392 0.386284 0.072703 0.358232 -0.647976 0.419372 0.0718445 0.710639 0.882225 -0.479389 -0.912075 
-1.15501 0.926349 0.186636 -0.427202 0.486998 0.627266 0.996669 0.396642 0.352494 -0.0407959 -0.644781 -0.260403 0.882096 -0.385022 -0.305861 0.696338 -0.197106 0.818623 0.768035 1.2117 1.02311 0.0768114 0.18431 0.540903 -0.0512543 0.0145008 -0.788051 -0.715973 0.957971 0.488058 -0.302557 0.192034 -0.398227 0.867161 0.688061 -0.711156 -0.042972 -1.67033 -0.128474 
-1.23738 0.755341 0.387935 -0.0814972 0.91224 1.22986 0.95644 0.783404 0.718094 0.862673 0.337964 -0.275058 1.4589 -0.572453 -0.168782 0.904756 0.123872 -0.254153 -0.720205 -0.393291 1.11543 0.192619 -0.300695 0.228199 -1.28165 1.27381 -0.444509 -0.193504 0.851399 -0.288135 0.585504 0.593205 2.33156 0.88679 -0.488511 -0.319826 0.260203 -0.0655712 -0.141826 
-1.33279 0.80751 0.509144 -0.330612 0.261338 0.139231 0.72582 1.16918 0.56579 -0.317042 -0.502758 -1.64246 2.03542 -0.289954 0.0826267 0.532347 -0.182142 -0.0667945 -0.0717462 1.59054 0.0568298 -0.611623 -0.62835 -0.22887 -0.0378491 -0.155537 -0.448877 -0.31847 1.36251 0.317726 0.327999 0.546279 -0.274642 0.211555 -0.157403 -0.151429 1.70044 -0.447652 -0.162928 
-1.34123 0.797781 0.574037 -0.194672 0.851797 1.22058 2.11156 0.815965 0.178938 0.296909 0.143595 -0.319424 1.30882 -0.109058 -0.217155 1.05111 0.245755 0.669961 1.35812 0.0569373 -0.862407 -0.371349 0.0793064 1.94695 0.76723 -1.43918 -0.471758 -0.614134 0.434818 0.244355 -0.014042 -0.631912 0.49257 0.482291 0.0698163 -0.299979 0.637896 0.160982 -0.588413 
-1.38929 0.657641 0.88526 -0.150474 0.850582 1.18559 0.778593 0.559184 0.251436 -0.257517 0.904224 -0.820973 0.714792 -0.42579 -0.85351 0.103653 0.461079 0.0362699 -0.756028 -1.00295 0.527747 0.67725 0.21055 1.02949 0.200935 -0.500501 -0.218455 -0.666866 0.734851 0.69137 0.902008 0.863587 0.810424 -0.562232 -0.0375776 1.01586 1.18972 0.782229 -0.982594 
-1.48063 0.239689 0.603116 0.133065 0.882239 0.706094 1.40249 1.1777 0.845658 0.472402 0.87535 -0.106981 0.844162 -0.227721 -0.622384 0.0117556 0.585714 0.494876 -0.325468 0.913434 0.167833 0.321482 1.24267 -0.432487 0.0873984 0.328577 -0.366637 -0.984967 0.959959 0.958085 -0.458179 -0.920289 -0.688233 -0.350112 -0.200067 0.395355 -0.211114 -1.11173 -0.463937 
-1.47685 0.247816 0.880679 0.262698 1.28543 0.98898 1.44701 0.669338 0.585297 0.829957 0.559999 -0.730637 1.00617 -0.132683 -0.400189 1.27948 0.700064 -0.646353 -0.430492 0.168521 -0.962553 -0.901862 0.291007 -1.32716 -1.45457 -0.0119918 -0.42687 -0.807421 0.521314 1.01719 -0.23373 0.312376 0.332705 0.259236 0.434534 0.88097 0.780248 -0.102586 0.464297 
-1.54332 -0.0275969 1.06288 0.624621 0.310729 0.43195 1.53546 0.497702 0.0349527 0.718987 -0.127335 -1.67501 0.824974 -0.420867 -0.400153 0.747305 0.648483 -0.812073 0.672403 -0.518372 0.143586 0.136371 -0.0990371 1.41726 -0.217705 0.229366 -0.0929478 -0.482657 0.659483 0.917854 -0.0611893 0.1177 -0.506352 -0.166783 -1.19882 -0.352885 -0.894327 -1.00415 -0.285733 
-1.61496 -0.0194474 1.14552 0.718896 0.567786 1.52908 1.08625 0.762543 0.745968 0.731897 1.57714 -0.968435 1.20707 -0.016326 -0.199515 -0.323846 0.411351 0.554305 0.535246 -0.783919 0.752256 -0.396837 -0.778759 0.145678 0.320688 -0.294997 -0.349406 -0.594535 -0.107651 -0.0225502 -1.07476 -0.536335 -0.0653097 -0.584384 -0.0477293 -0.954688 0.593743 -0.111228 -0.851489 
-1.57554 -0.166151 0.935375 0.91827 0.797985 0.870793 0.983833 1.01638 -0.303249 0.0203215 -0.0460458 -1.33378 0.547718 -0.111827 -0.345213 -0.883095 -0.699455 -0.602597 -1.38128 0.434113 -0.865287 -0.197156 -1.18441 -0.673753 0.0777779 -1.18878 -0.206358 -0.388713 0.0724715 0.610595 0.503732 0.498836 -0.123632 0.183096 0.753042 -0.143978 -0.661422 0.479704 -0.270899 
-1.67219 -0.251467 0.813168 0.251115 0.0348609 0.552991 1.41014 0.150531 0.594589 -0.325201 1.05535 -0.888446 0.11478 -0.302354 -0.277876 0.444322 0.320277 0.0908169 0.0436471 0.629425 -0.534081 1.19722 0.567221 -1.02588 0.197184 0.00511401 0.0464859 -0.130562 0.203819 0.198014 0.496607 -1.30036 0.39629 -0.020143 -0.271289 -0.154517 -1.06445 0.128604 -0.443366 
-1.68264 -0.354974 1.08924 1.14949 0.876527 0.946698 1.44811 0.635883 0.849959 0.51097 -0.82699 -1.12537 0.544129 0.171424 0.203928 1.19044 0.921111 1.23842 -0.278058 0.0375246 0.83457 -0.104051 0.958934 -0.727811 0.0492659 0.700011 -0.194918 -0.245732 0.645249 -0.125714 -0.2609 0.376806 0.220494 -0.173981 0.923923 0.255775 0.332339 0.248197 -0.107299 
-1.65528 -0.131212 1.24032 0.894194 1.12539 0.391386 1.44896 0.726744 0.530321 0.511567 0.493772 -0.839121 0.744862 0.000789285 -0.0133581 0.491066 -0.498764 -0.443468 0.383439 -0.369495 0.314969 -0.213067 -0.250213 1.43122 0.062985 -0.106333 -0.127166 -0.298859 0.815043 1.63646 0.994876 0.729282 -0.918084 0.827307 0.114883 1.35239 0.0512325 -0.181962 -0.537208 
-1.71039 -0.374108 1.26022 0.819279 0.483926 1.27346 1.19436 0.848887 0.683694 0.27933 0.200428 -1.06129 0.438913 -0.371626 -0.564332 -0.0134844 1.07853 0.047599 1.14363 -1.14876 0.172523 0.218143 0.807999 0.769515 -0.267931 -1.297 -0.0941214 0.0974039 -0.0151142 0.117222 -0.601646 -0.212801 -0.525954 -0.0130718 -0.057143 0.552502 1.98164 0.411374 -0.822567 
-1.7805 -0.503795 1.22649 1.64518 1.16582 1.27939 0.635078 0.840177 0.767498 1.21497 1.03419 -1.13094 -0.446113 -0.151554 0.168878 -0.495201 0.620558 -0.353825 -0.689833 -0.269508 -0.337027 0.142158 0.959548 1.10769 0.378825 -0.81973 -0.187256 -0.193778 0.1435 0.627292 -0.731359 0.915383 0.194218 -0.211916 1.26796 0.0834316 -0.0983078 -0.541344 -1.52487 