-0.94426 0.34502 1.32771 0.7114 1.96077 0.669843 -0.0142848 -0.0984223 0.731159 1.7248 1.37393 -0.94926 0.094105 -0.181479 0.202619 -0.253554 -0.461077 -0.542295 -1.33494 -2.18301 -0.328669 -0.229382 0.11585 0.82199 1.4092 0.622195 -0.305462 0.194928 -0.308648 0.598637 0.285635 -0.597784 0.37213 0.761322 0.700173 -0.576713 -0.569306 -0.223226 -1.25402 
-0.977091 0.169246 1.19738 -0.237971 0.815083 0.254797 1.07193 0.406163 0.654332 2.03395 1.86979 0.334625 1.15213 0.0462852 -0.174548 -0.467793 -0.784162 -1.26263 -1.12168 2.00434 0.864416 0.13292 -1.01128 -0.301445 0.0688025 0.625715 -0.161729 0.17967 0.190069 -0.263509 -0.75785 -1.51844 -1.53481 0.637955 0.446557 0.55095 0.533591 1.02356 0.0513842 
-0.957942 0.239926 1.12548 0.120332 0.760596 -0.325094 1.79815 0.570385 0.837486 0.670332 1.15056 -0.857387 0.716426 -0.0575753 0.0434593 0.547324 0.165129 -0.309735 -0.532635 0.299056 1.19534 0.765396 0.497394 -0.252374 -0.188446 -0.61043 -0.140428 -0.354961 -0.577782 -1.15875 -0.656658 -0.744883 -0.072879 -0.187574 -0.113084 0.196292 -0.308001 0.686815 0.212631 
-1.02481 0.203071 1.41411 -0.121668 0.500492 -0.226043 1.31721 1.33621 1.30065 2.47058 1.6793 0.160329 0.62244 -0.254429 -0.277413 -0.352195 -0.712543 0.531408 0.218829 -2.08187 -1.08314 -0.257124 1.24305 -0.0801202 0.735995 -0.416911 0.225056 -0.368595 0.605705 0.477595 0.338779 0.991314 1.02897 1.41354 -0.193832 -1.69115 -0.472759 -1.42999 -1.13452 
-1.07018 0.0692835 0.970955 -0.417369 1.22773 -0.150088 -0.144629 -0.298257 0.610804 1.84393 1.0755 -0.0751843 0.367084 0.379772 -0.513222 0.349321 0.532944 0.76691 1.79502 0.984899 0.691062 -0.984859 -2.29579 -0.315403 -1.62148 -0.826949 2.32733 -2.38918 -0.388094 1.8399 -0.960162 0.101979 -2.36846 0.39231 1.36007 0.914936 0.705149 0.0948753 -0.590044 
-0.929196 -0.117835 1.54911 0.268715 1.18649 1.32459 2.19279 1.86817 0.452648 0.146564 1.44657 -1.49669 -0.109032 3.62716 -2.83053 -0.192653 3.23784 -1.62497 -0.0655504 -0.832173 1.62684 1.87082 -0.238292 0.843634 -0.662374 -0.35513 1.94479 -1.49864 0.276044 0.839768 -1.31137 0.899349 -0.407415 -0.413391 -1.90542 -0.376664 0.227428 -1.17808 -1.97472 
0.0897451 -1.72827 0.882279 1.98859 -0.309185 -0.223276 -0.938943 0.972427 2.2009 1.55345 1.61946 -0.739842 0.0753194 2.43787 -1.43198 0.0691542 0.650903 -2.27976 -0.647326 -1.47579 -1.20669 -1.25379 1.91128 0.538989 0.122708 -1.63712 0.675288 -0.26468 1.2869 0.303856 -0.300603 0.315006 0.544723 0.58046 -0.746385 -0.496758 -0.217482 -0.758631 -1.36195 
-0.159052 -1.0242 1.56849 0.746996 -0.958962 0.743654 0.806987 0.901993 -0.624959 1.98061 1.78639 -1.34904 -1.59553 -2.65165 2.49644 2.07736 -2.7728 1.31882 0.484498 1.51778 -0.835762 -2.74214 -0.275397 -1.12289 -0.318274 -1.36016 0.248683 -0.254069 -0.270843 0.0256874 -0.0544012 -0.536618 -0.465878 -1.37762 0.36298 0.62157 -0.170209 -0.0586415 -0.0933297 
-0.808167 -0.13134 1.73048 -0.0843284 0.889739 0.183595 0.426345 0.29907 -0.147416 1.2263 0.845617 -1.04847 -1.15307 -2.08139 1.11175 -0.443931 -0.55896 2.26754 0.00420175 0.912659 -0.576697 1.69121 -1.22207 -0.76482 -0.238714 1.47205 -1.91784 2.00886 0.943733 -1.35004 1.13285 0.48644 2.16699 0.153068 -0.627858 0.0319688 -0.419313 0.731086 1.23345 
-0.870066 -0.30963 1.37611 0.323739 1.12167 0.731343 1.61617 0.433149 0.811788 0.71781 1.2525 -1.57535 -0.18448 -0.135637 0.137916 -0.690413 1.01952 0.0863529 0.148247 1.17236 1.06491 2.01065 0.330416 0.615521 1.17776 2.81637 -1.39938 0.137924 -0.533456 -0.0141296 1.30309 1.36245 0.603705 0.515879 3.34195 -1.05046 -0.58262 0.707681 0.229897 
-0.881473 -0.0373244 1.43637 0.668631 0.943257 0.297 1.4742 1.12615 1.56206 1.4979 1.23672 0.190814 1.51081 0.0464172 -0.92018 -0.311763 0.597497 -0.659124 1.72103 -0.154173 1.28287 2.26054 0.112814 0.0728748 1.06929 -1.24215 0.260356 -1.82051 -1.54061 1.02676 -0.939337 1.30033 0.0766632 0.779972 1.35492 -1.14965 0.255466 2.6147 0.511571 
-0.883705 -0.88986 1.23827 0.762224 0.482366 2.21741 1.44494 1.43229 2.73462 0.774344 1.27996 -0.448297 -1.30289 0.509057 -2.50337 -1.52614 0.415135 -1.15505 1.49951 -1.06511 -0.0115154 -0.403028 -1.54637 -0.360247 2.00841 -2.24227 1.10045 -1.55321 -0.900297 1.4065 -0.972105 -0.336767 -1.32793 0.843865 0.280321 -1.03634 0.272127 2.15182 -0.486796 
-0.743485 -1.6264 0.797337 0.971227 -0.156937 1.58973 0.465814 1.10348 1.21081 -0.0854242 0.97394 2.28955 -0.539655 1.54604 -1.09627 -0.97603 1.34649 -0.448693 -2.11492 -1.47415 -0.145466 -1.92064 -1.20689 0.20123 1.54512 0.596271 1.55065 -2.2079 -0.815531 1.20182 -0.333155 0.161428 -0.271407 0.315162 -0.586674 -1.31393 -0.539308 0.664282 -1.10302 
-0.405852 -1.5823 0.826282 1.75883 0.0386324 0.355618 0.0606522 1.30387 1.08767 -0.473453 1.39344 1.17109 -0.708007 1.73666 -0.367874 0.361305 1.25432 0.810039 -1.27209 0.742272 0.453784 -0.279876 0.153716 -0.282746 -1.23144 0.843395 1.51036 -1.19006 -0.557976 0.767392 0.502392 -1.31358 -1.94144 -0.748155 -1.7219 -0.522558 -0.160213 0.586141 0.819285 
-0.203157 -1.85469 0.937289 1.89915 0.569148 0.463524 1.11841 1.44812 0.964704 0.0115359 0.763095 1.03609 0.28553 0.641226 -0.446043 0.184769 -0.25972 1.1012 0.50284 -0.912246 -0.810302 -0.101506 0.66545 -0.415763 -0.86468 0.353845 1.22655 -0.658552 -0.229776 0.969854 1.07114 0.505747 1.0187 -0.0876804 -0.136171 -0.88904 -0.353456 -1.2525 0.124066 
-0.224546 -1.8604 0.893375 1.55855 1.03531 0.778496 -0.807249 0.650614 0.993854 0.129281 1.09346 0.297111 -0.339052 0.0387733 -0.48047 -0.676515 0.104004 0.521458 1.92892 0.528994 -0.541168 0.128437 -1.08935 -0.150194 -0.35924 -0.742815 0.561825 -0.723621 0.34488 0.350776 0.336158 -0.00908452 -0.093421 -0.283133 0.632236 0.439782 0.766986 0.317289 0.509232 
-0.219302 -2.15472 0.648914 1.96991 1.02704 2.13102 1.57501 1.00732 1.0672 -1.12009 0.641076 0.685079 -0.367533 0.169645 -0.487258 0.333551 0.787695 -0.64715 -0.48807 0.809334 0.465939 0.856568 -0.17178 1.24917 1.21303 0.217396 0.439599 -0.631931 -0.729027 -0.886228 0.184722 0.941263 -0.342745 0.34031 1.26009 0.0294357 0.508394 -0.781119 -0.624467 
-0.197798 -2.16476 1.02187 2.13876 0.407135 0.336551 -0.093019 1.00485 1.71801 -0.095464 1.90918 1.57289 -0.0972582 0.594739 -0.333117 -0.362852 -1.23519 -0.248204 -0.728956 -0.939981 1.0165 1.36731 1.14164 0.691332 -0.649186 -0.0712893 1.02141 -0.600949 -0.925139 -0.948523 -1.31324 -0.312312 1.80255 1.1383 -0.0509691 0.090913 1.34825 0.735041 0.835498 
-0.0532314 -2.36086 0.489994 1.04275 0.76963 1.47884 0.681621 1.79619 2.22742 -0.0467097 1.08298 0.0340667 -0.394777 1.30812 -0.285877 -1.65738 -2.00243 -0.86793 0.12468 1.43049 1.05858 -0.907493 0.290201 0.241194 -0.348664 0.752532 0.607661 0.570253 0.0656077 -0.927875 -0.858289 -0.620487 -0.971557 0.540383 0.306155 1.80028 1.364 0.269363 0.576897 
0.202077 -2.34079 0.328679 0.639891 -0.42622 0.429388 1.19205 1.82693 0.936062 0.136391 2.04944 1.23282 0.643249 0.282642 1.08916 0.476092 0.0481429 -0.723735 -0.0187617 -0.247991 -0.278115 -0.996935 0.8154 0.816824 0.938337 0.725214 2.14272 3.09507 -1.88585 -3.44892 -2.90076 -1.02029 0.209948 -1.73826 -2.31591 0.584853 -3.11862 -1.56154 0.446853 
0.0105509 -1.66069 0.677321 1.07188 0.0702835 1.44649 0.42417 1.56305 1.36911 0.704227 1.60898 1.02563 0.320272 1.79674 4.33844 -1.05994 -2.56601 -2.5424 -1.371 -1.15855 -3.31612 -1.81542 0.359511 -3.79937 -1.62375 -0.257516 2.69127 2.55727 -2.40603 -2.44564 -3.22525 -1.52062 -0.274108 -2.47582 -2.04697 1.09421 -3.08551 -1.43571 0.776051 
0.762094 0.429905 -0.117943 -1.27894 -2.81576 -0.783146 0.0978016 -0.80448 -0.621048 0.436748 -0.51797 -0.426549 0.442454 3.61819 2.26122 -3.94792 -3.27093 -3.07399 -1.85152 -0.0781843 -2.94916 -1.40871 0.382183 -4.33758 -2.75533 0.172071 2.38496 2.16553 -2.75887 -2.59706 -1.16954 -0.109587 -0.63707 -2.83653 -0.612871 0.763019 -3.65451 -1.59051 0.302384 
1.16754 -0.213649 -0.961222 -1.37222 -2.8133 -0.185421 0.322771 -0.778675 0.159238 1.02699 -1.31909 -1.80456 0.519825 1.65962 -1.49954 -2.92369 -0.859869 1.19887 1.26044 0.38388 -0.385422 1.10161 0.481839 -0.364473 -0.384452 0.575994 2.6456 1.28496 -4.05815 -3.32981 -1.0292 -1.03424 1.17157 -2.43655 -0.737812 0.812138 -2.34829 -0.59362 0.635764 
1.27717 -0.519505 -1.33377 -1.92642 -1.72831 0.300931 0.42104 -1.12233 0.312319 0.858009 -0.783582 -0.803647 1.01844 0.21637 -0.572025 -1.9203 -1.13777 1.89801 0.587809 1.53835 -0.22649 0.547504 0.511999 1.65004 1.97851 0.553788 1.32511 -0.934792 -2.29047 -0.854101 1.93209 1.28145 1.37535 -0.513964 1.13554 0.215391 0.0941369 -0.0148986 0.128841 
1.2096 -0.572026 -1.76293 -2.22678 -1.07609 0.311615 1.70696 -0.971057 0.619525 1.47806 -0.234734 0.263237 1.07511 0.258831 0.29052 -0.380523 -0.228224 1.16046 0.363775 1.32808 -0.262435 0.247212 -0.229527 0.43741 0.322478 -0.469579 0.452081 0.00114378 -0.960616 -0.366261 2.28206 0.990873 0.663637 -0.989396 -0.00272705 -1.59516 1.09238 0.518753 0.521324 
1.33315 -0.328246 -1.49998 -2.10322 -0.676553 0.602439 1.61199 -1.34308 0.516224 0.57619 -0.511835 -0.449301 0.620013 0.435256 0.585011 0.545011 0.704004 0.87914 0.674021 -0.70581 -1.04646 -0.541517 -2.20715 -0.44887 -1.3813 0.0322294 0.12184 0.41172 -0.518414 0.463341 1.70325 0.456994 0.165267 -1.03096 0.193825 -1.36427 0.935654 -0.764117 -0.667587 
1.3234 -0.19311 -1.54716 -1.70893 -0.285788 0.883894 1.02878 -1.81074 0.150036 -0.75834 -0.556901 -1.14528 1.14434 -0.0864065 0.258534 -0.353353 0.90718 0.925679 0.232248 -1.11134 -1.06516 -0.00935011 -1.21727 0.586623 -1.3099 -0.397216 0.198935 0.43463 -0.108726 1.05899 0.927233 -0.096169 -1.54806 -1.50742 -1.68618 -2.74453 -0.494658 -1.59283 -1.18339 
1.27598 -0.157369 -1.65498 -1.43398 0.157002 0.789157 0.561122 -2.19753 0.501085 -0.681867 -0.140098 -1.78394 0.289026 -0.150962 -0.00604421 -0.68464 0.773879 0.280557 -0.767856 -1.19452 -0.907576 -1.43849 -0.724285 -0.143659 -0.629768 -1.52933 0.101287 0.272045 0.170185 1.51675 0.425493 -0.408151 -1.40828 0.33019 -0.839426 -1.71725 0.183259 -0.505138 -0.812443 
1.24507 -0.190829 -1.83888 -1.13901 -0.051784 0.197763 -0.098528 -2.54079 -1.08526 -1.52915 -0.674541 -1.7762 -0.241699 0.229006 0.108153 0.618281 1.18469 -0.364982 -0.715159 -0.616267 1.52719 -0.971729 -0.609198 -0.412959 0.642374 -0.646588 0.0488005 -0.266155 -0.066412 0.677055 0.149579 -0.787147 -1.25452 0.557486 -1.16356 -1.13299 -0.140026 0.394841 -1.23914 
1.32218 -0.0823189 -1.40897 -0.557944 -0.208933 0.149017 -0.0347741 -1.00552 -0.335707 -1.33893 -0.438201 -1.09861 -0.27436 0.2174 -0.329968 0.606387 0.191725 -0.0492578 -0.187706 -0.343099 1.66845 0.0750255 -0.473743 -0.0480592 1.07391 -0.03589 0.133167 -0.426742 -0.167323 0.0317086 -0.327515 -0.31406 -0.609166 1.33348 -0.459941 0.709955 -0.315164 2.02361 0.0367284 
1.28747 -0.394961 -1.59778 -1.00289 -0.124297 0.0179623 -0.443383 -1.23726 -1.02836 -2.05235 -0.728117 -0.644363 -0.235952 -0.0401454 -0.653835 -0.842904 -1.08467 0.0267046 0.349589 -0.123921 0.253951 0.438333 1.39347 0.0232971 1.81366 0.640445 0.273912 -0.153484 0.408322 -0.381854 -0.727487 -0.443408 -0.249585 1.36568 -0.686099 -0.454577 -0.402102 1.64295 0.094257 
1.28017 -0.492827 -1.76601 -1.37294 -0.210849 0.438145 -0.178205 -0.818629 0.0313732 -0.0166607 -0.443959 0.798627 0.361688 0.175689 0.141065 0.0039556 -0.646405 -0.766523 -0.339174 0.0472239 0.155027 -0.875223 0.00542597 -0.439861 0.911924 0.100044 0.15933 -0.309846 0.10264 -0.968568 -0.173931 -0.151462 -0.516546 0.788123 -1.01184 1.20942 -0.215431 1.88566 0.644954 
1.3162 -0.298939 -1.60531 -1.49131 -0.86341 -0.294034 -0.429532 -1.12846 -1.78276 -2.10195 -1.04425 0.319869 -0.103524 0.266969 0.260778 1.00986 -0.156956 -0.181626 -0.512381 -0.501821 0.810161 -1.62281 -0.0719661 -0.300238 0.471981 0.0966443 0.305758 -0.0665583 0.768262 -0.535211 -0.594265 -0.607645 0.0660598 1.37262 -0.511019 1.53977 -0.214123 1.35285 -0.210499 
1.33882 -0.320521 -1.35839 -1.49664 -0.406381 -0.0250179 -0.668926 -0.192652 -1.36129 -0.142754 -0.666526 1.30766 0.490948 0.263612 -0.216474 1.12847 -0.0139694 0.109788 -0.392528 0.0469253 1.67757 0.28157 1.67141 0.164397 0.715569 -0.408293 0.347024 0.142282 1.22265 0.167807 0.12965 -0.358126 0.18032 1.21052 -1.89868 -0.788781 -0.795772 0.892135 -1.13577 
1.37375 -0.430749 -1.14874 -1.50846 -0.788112 -0.652595 -0.415955 0.182272 -1.54952 -0.504974 -0.955452 1.08094 -0.444833 0.232212 -0.0635151 0.781652 0.43952 0.389133 0.0918559 0.737155 0.809307 -0.607892 -0.755827 -0.632614 0.586432 -1.53554 0.328336 0.0489647 1.13588 0.518101 0.417158 -0.00442263 0.174008 1.68645 0.200894 1.1032 0.222806 0.847655 -1.07332 
1.38607 -0.354862 -1.04496 -1.17587 -0.0714706 0.0391714 -0.0210288 0.43265 -1.88745 -0.944743 -1.11182 1.93511 -0.900886 0.208451 0.291897 0.537179 0.766373 0.440959 0.413112 0.180609 0.567641 -0.0353689 -0.46415 0.0539641 0.287901 -0.954289 0.104748 -0.0711195 0.981946 1.1859 -0.536341 -0.96937 -0.293068 1.13911 0.301732 -1.22405 -1.07153 -0.00765323 -1.66789 
1.41321 -0.238613 -0.936198 -0.944137 -0.405036 -0.308026 -0.279524 0.616797 -1.58687 -1.01868 -0.940661 1.39951 -1.29498 -0.0845899 -0.0178496 0.660724 1.20859 -0.976715 -1.27467 -1.08676 0.716275 0.973054 -0.540152 -0.611909 -0.639456 -0.553594 -0.0665634 0.206021 1.05774 1.67164 -0.032653 -0.787592 -1.10091 0.555713 1.5296 -0.0982214 -0.354216 -0.364946 -1.14879 
1.3295 -0.360104 -0.781428 -0.282028 -1.00593 -1.08929 -1.04931 0.984511 -1.06384 -1.53357 -1.54325 1.29417 -1.37761 -0.309414 -0.0114142 1.01514 1.53324 -0.427217 -1.36923 -1.52841 0.1909 1.84907 0.379135 -0.487763 -0.782261 -0.500518 -0.186192 0.121059 0.608131 0.753731 -0.65784 -1.36443 -1.68787 0.389762 1.00066 -0.491225 0.10183 -0.926456 -0.850258 
1.28295 -0.239754 -0.526398 0.191623 -0.82881 -1.51901 -1.71368 0.753914 -0.0153471 -0.698931 -1.28889 0.610804 -1.72224 -0.189961 0.187403 0.239439 -0.140139 0.244082 -0.400831 -0.986316 -0.175925 0.216642 0.0324151 0.69354 -0.548494 -0.53642 -0.590786 0.215928 0.462326 0.8138 -1.80874 -1.72753 -1.36152 0.615803 0.99021 0.715057 -0.332837 -0.169332 -0.0502769 
1.23839 -0.234554 -0.691772 -0.393198 -0.805821 -1.45509 -1.98528 0.832047 -0.886034 -1.5565 -1.09986 0.747338 -1.83832 -0.552231 0.304833 -0.326463 -0.384223 -1.67941 -0.759103 -0.141419 0.646648 -0.671699 0.410627 0.0781266 0.529528 0.388056 -0.482996 0.763518 -0.0751257 -0.447912 -1.27785 -0.77733 -0.329664 -0.580126 0.785107 1.54526 0.642433 -0.212589 -0.40172 
1.07311 -0.0393744 -0.6703 -0.101428 -2.41633 -2.1975 -1.87319 1.25081 -0.595981 -0.348053 -1.25791 1.17938 -1.3214 -0.515272 0.820975 -0.330331 -0.403144 -1.71691 -0.542489 0.591493 -0.558921 0.718764 1.65033 -0.000909403 0.242329 -0.00549382 -0.792089 0.893421 -0.198405 0.112165 -0.863372 -1.13566 0.455096 -0.571332 -0.189506 0.657505 -0.213653 0.0791675 1.05349 
1.04066 0.294725 -0.83727 -0.700348 -2.42818 -1.94453 -1.47124 0.377236 -0.279531 0.0196438 -1.12184 1.01876 -1.80425 -0.601518 0.873153 0.0567548 0.592155 0.701407 -0.631098 0.716278 -1.36993 0.45734 0.31723 -0.353059 -0.47531 0.848245 -0.765891 1.43168 -0.498362 0.255882 -0.469568 -0.635787 0.15473 -1.26977 -0.616049 1.94423 0.399998 -0.379653 1.92998 
0.847116 0.523153 -0.656041 0.333077 -1.7912 -2.76428 -1.24448 0.155765 -0.212674 -0.0894831 -1.51587 0.708273 -0.491692 -0.600462 1.05978 -0.37446 0.803841 1.20904 -0.22431 -0.387778 -1.08267 -1.43632 0.461554 0.419536 -0.754855 2.31284 -0.964422 1.06797 -0.359716 -0.193813 1.47615 0.715582 1.1051 -1.39579 0.72413 1.18283 0.565648 -0.462434 1.84629 
0.815009 0.976177 -1.00098 -0.108104 -1.33128 -2.15628 -1.85716 -0.491033 -1.51298 0.420856 -0.862074 0.258409 0.390372 -0.802297 0.532728 -0.560442 -0.794622 1.11361 1.54961 0.661752 -0.437338 0.40613 0.975674 0.958906 -0.139469 1.35683 -1.17267 1.1948 0.365561 0.766491 2.1142 0.896496 1.18414 -0.897337 -1.0898 0.834119 -0.180988 -0.195417 1.44336 
0.555317 0.868753 -0.89651 -0.265786 -0.782992 -1.42782 -0.665877 -0.203066 0.126912 0.819861 -0.894659 0.584652 0.811986 -1.10554 0.511697 0.922779 0.281721 1.36771 1.36844 1.86347 -0.069245 0.159877 0.456272 -0.65755 0.469901 -0.600123 -0.972457 0.777386 0.168759 -0.728724 1.63225 2.74902 0.673161 -0.745603 -1.08347 1.07463 1.93391 0.748084 0.680407 
0.423824 1.30838 -0.629299 0.0950784 -0.0869192 -0.977941 -0.174176 -0.559282 -1.38364 0.816848 -1.32408 0.76529 -0.129712 -0.613177 0.493756 0.823302 -0.125306 0.887772 1.90483 0.182557 -0.515075 -1.67511 0.200852 1.19337 1.01995 -0.576422 -1.04354 0.00196367 0.287129 -0.214258 1.46673 2.7458 2.45421 -0.112871 0.487428 -0.370342 -0.510702 -0.328086 -0.911157 
0.3255 1.18952 -0.565883 -0.365902 0.0153342 0.218655 -0.527655 -0.623264 -1.31041 0.963408 -0.116328 1.66065 0.31399 -0.413088 -0.49764 -0.488226 -0.51161 0.436056 2.08198 1.18157 -0.0512602 0.424352 -0.833986 0.0468881 -0.918731 -0.564307 -0.544858 -0.167083 0.876973 -0.229822 0.152498 1.27862 1.20007 -0.825353 -0.202511 -1.18377 -0.172651 -0.904757 -0.527119 
0.259586 0.997399 -0.839963 -0.292896 0.2916 0.823147 0.882142 -0.613333 -1.02849 -0.0623896 -1.31403 -0.164614 -0.616418 -0.181821 -0.700415 0.466813 -0.125459 -0.652988 -0.284153 1.31282 -0.542192 1.44541 -1.4535 -1.42196 -2.18109 -0.118726 -0.517706 -1.13012 0.881815 -0.704122 -0.0602197 1.70909 -0.0419286 0.92724 0.681836 -1.49199 0.322346 -1.78738 -1.35714 
0.237057 0.74933 -0.382386 -0.466134 -0.618263 -0.04532 0.649275 -1.06487 -0.0835147 -0.528125 -1.09058 -0.575389 0.242538 -0.342512 -0.966405 1.78536 -0.375319 -0.455224 0.0755412 -1.22086 1.29828 0.389224 -0.750187 0.283975 -1.33265 -1.14509 -0.486838 -0.530782 1.37283 0.595285 -0.439207 0.134095 0.762224 0.227316 1.24048 -0.200019 -0.107109 -2.63035 0.282873 
0.118478 0.387713 -0.112277 -0.579312 -0.158203 0.873097 -0.269375 0.397979 -0.703342 -0.858804 -1.14511 -1.52279 -1.64438 -0.528987 0.0188928 1.54253 0.981387 0.181369 0.477484 -0.358459 0.868961 0.0272143 1.25899 1.26745 -1.11154 0.413363 -0.395249 -0.440017 1.49885 0.0851039 0.233914 -0.606215 -1.45441 -0.728932 1.43611 0.548741 1.63946 -0.0641568 -0.450937 
0.0348332 0.767501 0.245079 0.25841 -0.476441 0.355429 0.290304 -0.392474 -0.0674366 0.661231 -0.262613 -1.70479 0.666961 -0.235395 0.40339 0.406781 0.546956 0.787206 -0.805461 -0.563749 -2.22878 1.31418 1.36106 1.53551 1.20983 0.543039 -0.334336 -0.796494 0.706271 -0.0421119 0.909667 1.42636 -1.00675 0.373168 -0.0365576 -0.789918 0.930932 -0.572326 -1.33702 
0.0124769 0.650896 0.0464441 -0.178488 0.546661 0.154146 -0.817007 -1.37506 0.411511 0.431432 -0.137502 -0.250321 -1.09911 0.0394689 -1.04734 -0.500018 -0.980381 0.957358 1.32745 -0.873004 -0.350427 -0.0611381 -2.088 -0.248748 0.361021 -2.09819 -0.187971 -0.24006 0.437713 0.93882 0.590906 0.264269 -1.0849 -1.75506 -0.292266 -0.326165 1.22849 0.366348 0.516184 
0.0189171 0.106241 0.0295481 -0.478873 0.386556 1.498 -0.541534 -0.682695 -0.126791 -1.45742 -0.450675 -1.31056 -1.24923 -0.0417378 -0.705331 0.246193 0.769747 -0.0290315 1.16113 -0.764278 -0.0508638 -1.64977 -1.69125 -0.180504 -0.800876 0.0366972 -0.15891 -0.991156 -0.672512 -0.708814 0.306922 -0.208879 -0.373972 -0.772811 -0.525764 0.314988 0.968022 1.21344 -2.43231 
-0.0300543 0.207573 0.138887 0.38835 0.492946 1.15156 -1.54893 -1.4288 -1.00417 -1.29508 -0.279832 -1.05828 -1.02572 -0.274433 -0.235267 -0.457374 0.087158 -0.538216 -1.56185 0.423433 -0.637759 -0.54991 2.44744 1.30937 1.09428 -0.925039 -0.259586 -0.498461 0.925316 0.288819 0.164736 0.16248 0.0693665 0.410343 -1.89259 -1.26369 0.336163 0.102797 0.685218 
-0.0998782 -0.0375452 -0.168383 -0.420671 -0.140376 0.118901 -0.181947 -1.19974 -0.603445 0.906552 0.405387 -0.157655 -2.07211 -0.339313 0.066009 1.11404 -0.324873 0.278425 -0.932403 0.862513 0.618274 -0.573747 0.352636 0.526984 0.884282 0.749593 -0.70831 0.573645 0.543379 0.74586 0.153302 -0.99081 -0.0464943 -0.356604 -0.521235 0.825919 -0.189343 0.984148 0.238332 
-0.170114 0.255768 0.589508 0.139524 0.724968 0.321815 -0.785824 -0.9543 -1.50118 -1.00152 0.0519401 -0.122653 -0.287947 -0.757746 0.995738 1.26361 0.970732 0.77396 0.352297 -0.46836 0.196797 -0.0557951 -1.53844 -1.55682 0.0777904 1.16525 -1.05924 0.742435 -0.117179 -0.00776381 -0.238677 -1.3503 -0.00231756 0.734938 0.0808004 0.853302 -0.0856335 0.508331 -0.416219 
-0.377077 0.603097 0.343968 0.295933 0.552177 0.410392 -0.641917 -1.05797 -0.658238 -0.66893 -0.659242 -0.0564817 -0.946979 -1.20208 0.914842 -1.26593 0.371949 -0.510643 -0.725481 -0.852854 0.37591 0.678273 0.585824 -0.657226 -0.299952 -1.30922 -1.22857 1.43996 0.119021 0.199501 -0.125488 -0.813548 -0.505315 1.03796 0.769612 -0.517776 -0.632505 0.424203 2.33524 
-0.59294 0.844861 0.0578704 0.40994 0.223661 -0.327334 -1.59914 -0.671132 -0.929243 -0.477487 -0.409852 -0.41232 -1.46887 -1.02937 0.89583 -1.0729 -0.645658 -0.871048 -1.34078 -0.143505 1.1958 0.972922 1.00214 0.808496 0.402623 1.63731 -0.947297 1.53318 -0.794933 0.183767 -0.301876 -1.18481 -0.858104 0.227002 1.27207 0.954594 -0.167238 0.588859 0.810337 
-0.743297 1.18007 -0.108001 -0.191928 -0.284076 -0.775767 -0.803346 -0.127559 0.165258 0.266573 -0.138823 0.380788 0.61809 -0.176883 1.09845 0.13097 -0.067978 0.202976 -0.726008 -0.194932 -0.0495536 0.831608 0.461587 0.434753 0.983751 2.24841 -1.03753 0.959575 -0.373389 0.113582 -0.0211619 -0.67025 0.830037 0.700114 0.557076 0.197612 0.373883 -0.326021 1.63432 
-0.679764 1.55095 0.102759 0.352541 0.385564 -0.976941 -1.80783 -0.723836 -0.226396 -0.0762424 -0.139885 0.626229 0.6657 -0.480524 0.36853 0.54938 0.855492 0.898509 0.531007 1.18166 -0.247405 -0.306527 -0.768954 -0.419385 -0.848903 0.308753 -0.880764 0.543479 0.0402517 0.103278 0.269976 -0.18631 1.19163 0.781774 0.65723 0.829325 -0.179856 0.20203 1.91224 
-0.929638 1.42104 0.109573 0.438804 0.524229 -0.328305 0.253046 -0.336452 -0.103603 -0.54839 -0.441232 -0.476866 0.945023 -1.10554 -0.377361 -0.0545085 0.263991 0.172059 0.519758 1.67989 1.10532 -0.04706 0.451083 -0.671487 -0.77777 0.0372651 -0.920219 -0.0989392 0.537878 0.629876 0.64423 -0.994053 -0.160684 -0.723907 -0.524544 -0.616597 -0.782442 -0.889389 0.0980752 
-1.07095 1.31662 0.0710978 0.542512 0.518734 -0.539297 -0.293566 0.135145 -0.273731 0.31462 -0.611234 -0.157826 0.739623 -0.859149 -0.486217 0.248882 0.0468326 -0.0766743 -1.7446 -1.36768 -0.676482 -0.303081 0.126365 -0.498402 -0.293261 -0.239933 -1.04247 -0.183882 0.634918 0.399436 0.384489 -0.375372 1.76051 1.01657 -0.619207 -1.15276 0.184515 0.528194 1.48767 
-1.24007 1.11735 0.203126 0.466957 0.426236 -1.8669 -1.0334 -0.884069 -0.369522 -0.478463 -0.796592 -0.759612 0.760613 -0.411536 0.148769 0.993526 0.329251 0.339685 -0.96179 0.507993 0.259158 -0.674224 -1.67038 0.846571 1.38664 1.7296 -0.603187 0.200882 0.758247 -0.117615 0.0192798 -0.783465 -0.691487 0.173712 0.0263028 0.562969 1.11634 0.182683 0.219156 
-1.23468 1.41755 0.471979 0.781111 0.80769 -1.39469 0.143731 0.326147 -0.856522 -1.39127 -0.0652994 1.29758 2.39069 -0.0204906 0.759991 0.869022 -0.147097 0.152416 0.793634 0.525773 0.932773 0.343314 0.499808 1.72665 0.475344 0.456711 -0.718247 -0.011295 0.880032 0.408617 0.861549 -0.175144 0.106034 -0.182333 -0.0735396 -0.425604 1.4992 0.904404 1.30569 
-1.27564 1.60776 0.552622 0.350602 0.541151 -1.19023 -0.57976 -0.161299 -0.0835661 -0.0394421 0.339104 -0.2471 1.22543 -0.635063 -0.152023 0.301026 0.276305 0.741595 0.769464 -0.364449 -0.470992 0.596672 1.23323 0.814396 -0.313067 -0.185111 -0.704996 -0.266877 0.6151 0.288341 0.622304 1.72069 0.556561 1.0425 0.51741 -0.434194 1.34639 -0.242848 -0.108298 
-1.47167 1.32681 0.587053 0.980258 1.47017 -0.739108 -0.220745 -0.0592509 -0.354257 -0.227372 0.459073 0.99434 2.25738 -1.00688 -1.09695 0.0412486 0.591329 0.643242 1.37836 0.17446 0.465795 0.276285 -0.946201 -0.238396 -0.818886 -0.640072 -0.683403 -0.327772 0.181041 0.030646 -0.0423001 0.960433 0.415598 0.251039 0.807689 1.73333 0.888783 -0.857533 -1.09368 
-1.63449 0.914894 0.560481 0.784492 1.11222 -0.00323295 -0.44898 0.192826 0.145161 -1.02959 0.157979 -1.0737 0.66812 -0.360974 -0.264439 -0.0203523 -0.177711 -0.73937 0.454404 0.890502 0.828951 0.365374 0.65181 0.156664 -0.789746 -1.20236 -0.873554 -0.77165 1.20969 0.429389 0.438865 2.03434 1.83959 1.12766 0.761207 -0.505822 -0.510277 0.24102 0.364643 
-1.61883 1.16443 0.569488 0.84109 0.756288 -0.358502 0.568078 0.581559 -0.0494676 0.36188 0.542687 0.197893 1.17604 -0.26508 0.100936 1.73147 0.0420876 -0.0665804 1.18479 2.11113 1.04474 0.630926 0.422763 -0.371786 1.07303 1.03463 -0.684913 -0.711099 0.842207 -0.0808754 -0.180581 1.08248 0.623933 0.573621 0.409857 0.454276 -0.755015 -1.65261 -1.1271 
-1.75022 0.985345 1.26592 0.809109 1.02361 1.01483 1.4616 1.00398 0.676672 -0.666714 -0.112533 0.0572261 1.67152 -0.637255 -0.652514 1.26004 0.126724 0.576509 0.921677 -0.107023 -0.0468639 0.127345 -0.142551 -1.04345 -1.29517 -0.225949 -0.429369 -0.403471 0.729892 -0.417729 0.357775 0.671295 0.963931 -0.0340764 0.810729 0.863061 0.190937 0.942844 0.339453 
-1.85654 0.754768 1.08036 0.928776 1.26534 0.42992 0.440176 0.530979 0.0520988 0.166024 -0.177924 -1.1215 1.00467 -0.362337 -0.616234 -0.654693 -0.544886 0.546433 -0.321514 -0.907536 -1.06164 0.334706 0.526194 0.554129 0.0480214 -0.670853 -0.642822 -1.16397 0.740056 -0.922373 -0.764415 0.57022 -0.108342 -1.07182 0.179711 -0.257813 0.636388 -0.740597 0.981338 
-1.89782 0.598797 0.986556 0.396339 1.50471 0.718244 0.598028 0.15231 0.955278 -0.201616 0.237429 0.127598 1.08552 -0.299896 -0.855723 -0.168522 -1.30639 -1.43638 -0.184449 -0.0143263 -1.33445 0.0938671 -0.114124 1.72925 0.336797 1.37409 -0.452087 -0.693461 0.103709 0.050174 0.504382 -0.333755 -0.56348 -0.712245 0.11966 1.45093 1.00757 -0.702583 -0.0304375 