-0.441077 -0.467247 1.49598 0.879383 -0.738555 -0.926604 1.4622 0.3126 -0.146763 1.91934 1.00766 -0.915857 -1.13438 -0.370425 0.176475 0.099153 0.337197 0.992476 0.474928 -0.0831702 0.560982 1.1048 -1.57468 -0.735668 2.28166 0.433441 -0.593362 -0.404008 -0.56941 -0.212659 0.103683 0.284532 0.811529 0.248845 0.263427 -0.16538 -0.181605 0.0528373 -0.483699 
-0.513626 -0.516029 1.4608 0.344228 -0.343106 -0.0276073 1.67132 1.48934 1.26691 0.940515 0.94791 -0.612282 -1.61913 -0.371685 -0.616376 -0.991806 -0.142867 1.13577 2.14452 0.970413 1.34577 1.7517 0.187272 0.0436747 -0.68711 -1.2083 -0.201878 0.0548034 -0.0508811 0.464743 1.24335 1.4056 0.337175 1.08266 0.976367 -0.21646 -0.52383 1.68557 0.764289 
-0.578258 -0.78639 1.1213 0.79401 0.293681 1.12731 2.15533 1.40392 1.2688 2.03091 1.02384 -1.63566 -2.01291 0.0558338 -0.0959176 -0.156007 0.352999 0.503042 1.18269 0.485395 0.631876 -0.0754557 1.37853 0.128883 -0.350597 0.547402 1.3791 -1.61958 -0.558679 -0.0201992 -0.349533 1.36324 0.476825 1.38047 1.90694 0.56833 -0.419585 -0.29259 -0.45071 
-0.541455 -0.55105 1.38742 0.544191 0.138704 1.13385 2.00888 1.99786 1.23655 2.17249 1.02766 -0.969608 -1.13773 2.53308 -1.59719 0.15439 0.119645 -1.57854 -0.537824 -0.414075 0.174221 0.286265 0.44695 -0.529061 0.358912 0.690645 1.90966 -0.638128 -0.206438 0.630566 -0.228805 1.48519 0.339184 -0.455065 -0.726387 0.964693 -0.927088 -0.504842 -0.391158 
0.0275492 -1.64097 1.15982 0.859694 -1.03534 0.692329 1.8335 1.53883 1.52468 2.38671 0.61273 -1.22873 -1.42056 2.93647 -0.772927 -0.139962 0.581146 -0.798909 0.570608 -0.0809537 -1.12815 -0.740785 -0.324932 -1.20528 -0.220015 -0.991611 0.345806 0.454735 0.985237 -0.413552 -0.294681 -0.731173 -0.0797047 -0.337782 -1.10909 -1.04253 0.838767 0.524628 1.4033 
0.167532 -0.955656 1.31982 0.875438 -0.512092 1.72736 1.93126 1.06956 0.679678 1.80232 0.112051 -1.18627 -1.84842 -1.98994 2.2257 1.38143 -0.721545 1.20251 -0.373264 0.356245 -0.541662 -1.51731 -1.51713 1.50909 0.246239 1.07832 -0.0531041 0.136269 0.74912 0.65722 0.176287 -0.959102 -0.576822 -0.570517 0.42651 -0.22718 -0.498282 0.715193 0.671642 
-0.523553 -0.408596 1.64067 0.441331 0.0549599 0.410037 2.07638 1.08932 0.353309 0.89524 1.7222 -0.943166 -0.527923 -3.01807 0.965103 1.31283 0.392211 0.995975 -1.7557 -0.525478 0.505056 1.17415 0.117448 0.62825 1.04281 1.85819 -1.49557 1.8816 0.867242 -0.000188494 1.92979 -0.176151 -0.127 0.0292085 -0.388842 0.711326 1.35993 -0.138814 1.02084 
-0.646547 -0.411457 1.77595 1.09797 0.398534 0.162326 1.52776 1.47456 1.63819 1.84821 0.564359 -0.0426717 -0.351714 -0.350723 0.357803 -0.0269866 0.727761 1.1283 0.129392 -0.466269 0.577345 1.06693 2.30265 0.0778659 -0.398809 0.218944 -2.11438 0.335932 0.336693 -0.547556 0.528369 -1.45193 0.237808 -0.0516937 0.128599 -0.135588 1.7049 -0.07289 0.983172 
-0.655372 -0.195926 1.61381 0.856944 1.0807 0.59415 1.71629 1.55332 1.22697 2.99637 1.76389 -1.35242 -0.300939 -0.291705 -0.499363 -0.773926 -1.19125 -0.37048 -0.0218434 0.818044 -0.55824 -1.06369 -0.228021 1.36044 -1.12009 -0.60739 0.791045 0.155263 -1.5274 0.511786 -1.35424 -0.901426 -2.32283 -0.0113038 0.516965 -1.03065 -0.201479 1.23018 -0.174434 
-0.763271 -0.666722 1.47981 0.409319 0.120442 0.206111 2.10918 1.01151 0.825792 1.56919 1.56292 -1.22887 -0.764788 1.59116 -0.139603 -2.29951 0.0316431 -2.79365 -1.24515 -2.067 -0.586163 -0.535526 -3.36026 -0.309257 1.80977 -0.39586 1.00704 -1.00038 -1.10546 -0.345213 -0.656448 0.758506 -1.52293 -0.911578 -0.283799 -0.396393 0.977789 0.448245 -0.361264 
-0.290493 -0.254795 0.767703 0.87199 -1.30538 -0.49715 0.182702 1.06748 0.832536 -0.2286 1.51676 0.617321 -0.550168 1.8704 -0.865819 -0.903973 0.689887 -0.445762 0.901562 -2.46857 -0.439493 0.727157 -0.158501 -0.218511 1.638 0.200049 1.44459 -2.12691 -1.15411 0.0758443 -0.342824 0.833935 -1.73522 -0.155633 0.668548 -2.82331 -1.17943 1.46359 -0.562745 
-0.326965 -1.12204 1.13679 0.803138 -0.223141 1.10671 0.281211 0.645401 1.43058 1.35554 1.3835 0.555856 -0.552439 0.672808 -2.76906 0.546819 0.0864281 2.35904 2.21554 0.1822 0.418805 1.23123 0.405886 -1.061 -0.132226 -0.259974 1.77351 -1.49341 -0.870198 1.30362 0.787365 1.39621 -1.56165 0.807116 2.11855 -1.50405 -0.46471 1.18932 0.0684447 
-0.160511 -1.74911 0.947688 0.91856 0.791014 1.62267 0.297996 1.40206 1.83622 0.0885778 0.70879 0.495216 -0.694142 0.908671 -1.17487 -0.412296 1.23442 1.38642 0.744771 0.775321 1.32968 1.54017 -1.4 -0.319425 -0.273699 -0.0774152 0.54651 -2.47172 -0.315945 -0.0450802 1.96991 0.583472 0.103405 -0.713319 1.26097 1.59127 0.436019 -0.217107 0.0260522 
-0.136654 -1.74607 0.971023 1.5103 1.02714 1.86182 0.831318 1.72358 2.67874 -0.0257613 1.12879 0.281362 -0.555008 0.184658 -0.612037 -1.01112 -0.146254 0.0205921 -1.54624 -0.0379561 -1.19876 0.106588 1.31068 1.57201 -0.109762 0.330323 0.512689 -1.65728 -1.24067 0.475565 -0.277698 -1.22203 -0.179237 0.118838 -0.292303 -0.716765 0.774646 0.0681953 -0.685108 
-0.155389 -2.06588 0.566045 0.831238 0.853126 0.251991 0.251894 0.416114 1.94992 1.25673 1.8652 0.39731 -0.380886 -0.104172 -1.09035 -1.47345 -0.528301 -1.74178 -2.24594 -0.942992 -1.19554 -1.88591 0.674505 1.22478 0.357556 -0.729333 0.238074 -0.148496 -0.0491018 1.42803 -0.101638 -0.61412 -0.308823 0.104553 -0.809891 -0.112765 0.835803 0.496185 0.259598 
-0.205409 -2.32396 0.422711 1.20313 -0.443884 -0.158098 0.12174 0.740267 1.21567 0.544059 2.02614 0.686834 -1.06254 0.189763 0.414049 0.956998 2.25358 -0.161718 0.775866 -0.272721 1.31721 -1.01334 -1.3971 -0.595434 0.682428 0.0280659 0.338645 -0.405643 -0.781084 0.0975021 -1.15495 -1.07884 -1.66027 -1.12199 -1.93943 0.30014 0.710171 1.30865 1.56861 
-0.148962 -1.82251 0.893898 2.12486 0.756642 1.03596 0.0336877 1.48412 1.17736 -0.121842 1.40457 1.15272 -0.301751 0.636099 0.540035 0.294162 0.678234 0.318936 0.916912 -0.859095 -0.0333275 -0.245118 -0.324046 -0.39451 1.14303 2.70217 0.492063 -0.0747422 -0.164346 0.360054 -0.51198 -0.580657 -0.636428 0.040347 -1.05102 -1.41136 0.00547677 1.19758 0.125367 
-0.0848173 -2.0118 0.511615 1.59025 -0.122234 0.756741 -0.526335 0.70574 1.05105 0.174718 1.71542 1.93839 1.08789 0.582433 -0.510985 -1.18826 -1.7174 -0.47873 -1.50601 -0.399491 -1.26929 -0.154766 -0.0633273 0.605054 0.6913 0.164772 1.2905 0.936932 0.395861 0.21822 0.285414 -0.00989296 -0.414641 -0.120529 -0.404638 -0.783087 -1.20123 -0.0926715 1.7625 
-0.0420965 -2.08412 0.448393 1.13345 0.38438 -0.297394 -0.277453 0.440594 1.08424 -0.245971 1.83957 1.91769 -0.116727 1.38654 0.74915 0.335696 -0.350709 0.0109209 -0.960919 0.43164 -0.0954696 -0.222385 -0.471625 -1.00115 -1.2429 -0.490195 1.75665 1.51775 -0.991229 -2.40317 -1.32113 -2.03182 -1.49206 -0.730884 0.0190679 -0.147847 0.411651 -0.401526 0.653723 
0.227725 -1.58549 0.615491 1.38528 -0.0685354 -0.070826 -0.228178 0.620483 0.904416 -0.333425 0.952101 0.619908 0.765597 2.17025 2.59596 -0.314047 -1.81152 -1.14633 -0.968634 -1.21697 0.470039 0.146509 -0.0602166 -0.122424 -1.14391 0.679705 1.98656 3.83246 -1.64401 -3.51951 -2.18851 -1.9064 -0.0313936 -2.17482 -1.87625 -0.0225691 -2.58363 -2.2366 -1.22592 
0.470903 -0.649621 0.31804 0.0878836 -0.568648 -1.13212 -1.18788 0.816998 1.22953 -0.367174 1.73184 0.705833 0.467152 1.72619 4.50728 -2.84143 -4.82049 -2.69144 -1.36296 -0.436155 -2.28988 -1.84017 0.480635 -2.00438 -1.30556 -0.983551 2.90691 2.64469 -2.51889 -2.99335 -3.15429 -0.192457 -0.490227 -0.863796 -0.889091 1.47743 -3.37515 -2.94789 0.518153 
0.627144 0.89241 -0.425973 -1.39175 -2.3657 -1.27144 -0.566197 -1.25622 -0.522455 0.0540558 -0.559684 -0.766072 0.0611575 2.38386 1.03307 -3.53652 -2.58563 -2.7094 0.705159 0.706097 -1.41528 -1.1391 1.65634 -3.80487 -2.21691 -0.00243078 2.67584 1.52414 -3.54681 -3.59883 -1.58615 -0.062872 -0.254032 -1.29673 -1.13989 0.735674 -2.26662 -1.52758 -0.376337 
1.03854 -0.0683152 -0.973999 -1.40313 -2.88144 -0.413762 -0.688521 -0.345712 0.357453 1.12608 -1.12322 -1.66182 0.522664 2.46604 -2.41355 -2.58919 -0.467408 0.743899 1.25527 0.185943 0.869073 0.575745 0.330649 -0.631977 -0.433118 0.55762 2.08115 -0.137006 -3.77424 -2.78988 -0.746586 1.26592 1.75471 -1.21437 -1.42055 1.30817 -2.25639 -1.01734 0.16832 
1.2158 -0.407825 -1.37651 -1.66387 -1.67436 -0.042649 -0.44816 -0.554059 -0.0374889 0.300471 -1.04758 -1.21229 0.550472 0.877011 -1.21532 -2.24371 -1.51218 1.78348 0.784546 1.26047 0.0849505 -0.429525 -0.239307 1.18043 1.06098 0.248244 1.8531 -1.70259 -1.98096 -1.1586 1.56083 1.40514 1.03418 0.0679374 0.72651 -0.13066 -0.13447 -0.158125 0.415563 
1.22076 -0.714428 -1.79999 -2.27645 -1.28574 0.378257 0.217245 -0.283681 0.0468989 0.83644 -0.25895 -0.498648 0.772344 0.4377 0.0862535 -0.43448 -1.23057 1.13794 0.401803 0.985476 -0.790847 0.18278 -0.436007 0.478622 0.258494 -0.00687359 0.798859 -0.448231 -1.02185 -0.811008 2.58189 0.523933 0.672229 -1.92145 -1.56568 -1.65637 -0.108402 -0.259825 -0.785302 
1.28565 -0.343397 -1.55028 -2.37514 -0.640235 0.394229 0.256011 -1.207 0.136505 -0.174172 -0.706899 -0.913522 0.602543 0.375661 0.606657 0.694331 0.325566 1.34083 -0.186818 -0.48849 -2.19199 -1.29641 -1.48036 -1.30343 -1.35175 -1.17856 0.315986 -0.0469982 -0.217629 -0.0242296 1.7774 0.441868 0.443599 -1.23897 -0.925742 -0.833654 0.586123 -0.370448 -0.607786 
1.27473 -0.365907 -1.56682 -2.09227 -0.0751128 0.268965 -0.15914 -2.08046 -0.949665 -0.620441 -1.24778 -1.93438 -0.083149 0.0587389 -0.145177 0.121309 1.20142 1.00743 0.0972722 -0.465806 -0.56651 -1.2151 -0.413168 0.20719 -0.675613 -0.704511 0.215502 0.42334 0.57881 1.15896 1.18217 -0.751559 -1.04968 -1.26298 -1.39652 -1.9261 -0.728877 -1.174 -2.02389 
1.25856 -0.405309 -1.52368 -1.68697 0.280359 0.54854 -0.103745 -1.6768 -0.795713 -0.627334 -0.568725 -1.62094 0.114242 -0.0365902 -0.0211574 0.216747 1.38592 0.0802382 -0.748778 -0.639774 0.808253 -0.246174 -0.524701 0.457854 0.0168902 -1.27935 0.0276555 -0.133057 0.266088 1.64651 1.43262 0.121821 -0.429851 0.683138 -1.80191 -0.889261 0.249491 -0.136584 -1.31366 
1.22326 -0.360115 -1.50583 -1.29794 0.0388872 -0.36176 -0.646432 -1.42795 -1.11512 -1.1785 -0.922599 -1.89586 -1.01671 -0.0138562 -0.0316575 0.309068 1.22733 0.718393 0.0170597 0.0215663 1.32051 -0.76688 -0.494843 0.0865971 0.525591 -0.87745 0.12472 -0.0552816 -0.00924964 1.30141 0.386971 -0.0940248 0.764658 1.77883 1.07977 1.21087 1.06411 1.0813 -0.221037 
1.21291 -0.405249 -1.42941 -0.983891 0.949508 0.628422 -0.106211 -0.606099 -1.37323 -1.15731 -0.520521 -1.03447 -0.508015 0.233487 -0.0491151 -0.209607 0.53514 0.373198 0.603632 1.51375 1.14932 1.3876 1.83877 0.784603 1.22404 1.04496 0.12264 -0.0331919 -0.304663 0.38533 -0.311488 -0.0688323 -0.0100423 1.74209 0.155184 0.786965 0.175346 1.46782 -0.289117 
1.24087 -0.369586 -1.59853 -0.993166 0.407741 0.262393 0.445017 -0.497003 0.0122997 0.486338 -0.353642 -0.557047 -0.149914 0.207496 -0.00834927 -0.756023 -0.653964 -1.11487 -0.13192 -0.00251906 0.596702 0.906156 1.3604 0.120845 1.15679 0.55909 0.321917 -0.231234 0.0676763 -0.353615 0.0527503 0.140053 0.448389 0.485924 -0.269408 0.501602 -0.474601 1.3767 1.15066 
1.22387 -0.392466 -1.71909 -1.36337 0.0238478 0.570068 -0.126334 -0.126291 -0.626795 0.0576042 -0.446766 0.231906 -0.0175611 0.272242 -0.262234 0.334994 -1.04886 -0.326457 -0.467383 -0.988798 -0.611957 -1.70852 -1.27515 -1.33406 0.354265 0.412415 0.392643 -0.0673879 -0.166256 -0.517821 -1.02726 -1.10187 -0.0386708 0.308586 0.68175 1.29474 -0.143363 1.46671 0.787068 
1.2684 -0.495401 -1.49491 -1.59988 0.167946 -0.107231 -0.298142 -1.0039 -1.31039 -0.77754 -1.36533 -0.15512 0.226928 0.408997 -0.0785103 0.52182 -0.10133 -0.152596 -1.2248 -0.0100271 -0.254134 -0.196146 0.0424146 -0.284557 0.524319 0.449847 0.368354 -0.329538 0.0544967 -0.896356 -0.608651 -0.813765 -0.76075 0.317285 -0.996245 -0.111572 -0.0979173 1.24813 -0.134906 
1.28637 -0.417984 -1.54812 -1.42484 -0.0647014 -0.502349 -0.151961 -0.341077 -0.752665 0.0329284 -0.675463 0.817009 0.388275 0.306212 -0.183803 -0.229866 -0.263309 -0.431624 -0.542993 0.179389 0.964082 0.599791 1.18999 1.22327 1.0772 -0.54058 0.524179 -0.450485 0.316539 -0.566538 -0.702348 -1.82152 -0.395503 -0.00157431 -0.458456 -0.915708 -1.19865 0.236766 -0.532127 
1.30461 -0.578399 -1.59491 -1.75456 -0.163337 -0.547012 -0.184909 -0.22418 -0.806396 0.277106 -0.4691 1.02553 -0.134397 0.413496 -0.53324 -0.0138932 -0.725634 -0.719499 -0.997044 -0.396307 0.256004 -0.32969 -0.978409 -1.10809 -0.247937 -1.06792 0.389762 -0.0896586 0.520858 0.230226 -0.576928 -0.976321 -0.0991061 0.977276 -0.0575149 -0.283288 -0.124921 0.926511 -1.2784 
1.35003 -0.691743 -1.57027 -1.84555 -0.646416 -1.36344 -0.460768 -0.139404 -0.984215 -0.951857 -1.51856 0.570265 -0.381514 0.305769 0.0664301 1.05186 0.608498 -0.287855 -0.662799 -0.258629 0.113017 -0.691055 -1.45684 -1.36551 -0.0130593 -0.997894 0.302146 -0.164127 0.811734 0.168988 -0.833473 -1.27486 -1.31579 0.584743 -0.714454 -1.21064 -1.31746 -0.10312 -2.18086 
1.34071 -0.524793 -1.23286 -1.40757 -0.369552 -1.09796 -0.392785 -0.139236 -1.32391 -1.15765 -1.50425 1.03179 -0.849946 0.0612689 0.313836 1.28301 0.980733 -0.312155 -0.567637 -1.02563 0.389913 -0.473617 -0.269642 -0.42292 0.136134 -1.5836 0.257677 0.292555 1.74022 1.2564 -0.72131 -0.850135 -0.164687 1.40341 0.115521 -1.12655 -1.09899 0.111943 -1.41325 
1.32359 -0.503076 -1.12489 -1.28437 -0.87377 -1.82608 -1.23093 0.171588 -1.32966 -1.27003 -1.85049 0.737229 -1.55073 0.0993523 0.339878 1.64448 1.24634 -0.607314 -0.391299 0.107016 1.43217 0.787342 0.297757 0.0889224 0.146881 -0.706901 0.0819724 0.71564 1.87435 1.71116 -0.376831 0.106926 -0.33159 0.966566 0.29265 -0.320586 0.518298 0.57176 -1.43126 
1.32401 -0.321909 -0.657174 -0.693551 -0.853673 -1.39699 -0.332609 1.02262 -0.671498 -0.942174 -1.45431 1.21033 -1.3401 0.0686801 0.672151 1.61951 1.54312 -0.163837 0.664063 0.689825 0.67542 0.76189 -0.0366709 1.02975 0.522847 -0.14341 -0.192348 0.415497 0.984992 0.937975 -0.899895 -0.696591 -0.909794 1.19291 1.29946 0.951902 1.21812 0.0280228 -0.828597 
1.29904 -0.118801 -0.5582 -0.399574 -0.972098 -1.14586 -0.743496 0.715658 -0.697389 -1.36909 -1.09864 1.32074 -1.60442 -0.399019 0.234876 -0.109039 0.140045 -0.505166 -0.478217 -1.0809 -0.118212 0.592188 0.742311 1.33289 -0.108905 -0.276818 -0.321681 0.615929 0.759642 0.554661 -1.35109 -0.902782 -0.408274 0.785136 1.44165 0.282493 1.00252 -0.445828 0.422081 
1.17984 -0.176347 -0.713622 -0.616128 -1.24893 -1.77666 -1.14329 0.918796 -0.17352 -0.30858 -0.476299 1.11334 -1.49712 -0.570898 0.177219 -0.430466 -0.720642 -1.49768 -1.78145 -1.11025 0.190619 0.771763 0.368457 0.140979 -1.02606 0.702196 -0.528064 0.850276 0.0920098 0.976793 -0.781758 -0.235487 -1.35794 -1.37261 0.872424 0.432205 1.64575 -0.551942 0.559352 
1.11091 -0.00471426 -0.730521 -0.817417 -2.23078 -2.73478 -1.57569 0.863954 -0.0573033 -1.08711 -1.00986 0.235837 -1.00312 -0.426417 0.93558 0.271831 1.30345 -0.463559 0.163013 -0.387539 -1.38594 0.32449 -0.252119 0.586913 -0.5155 1.00491 -0.691102 1.05578 0.0271789 -0.0311179 -0.89565 -0.915137 -0.809773 -0.988503 0.208619 0.566302 0.485491 -0.509298 1.16735 
1.02866 0.351736 -0.632769 0.130755 -1.608 -1.56135 -1.44567 -0.219959 0.112616 -0.610272 -0.0548301 0.57839 -0.661349 -0.509873 1.2748 0.493602 0.681357 0.390367 0.649211 0.246743 -1.27285 -0.57457 0.26362 0.427642 0.450358 0.775752 -0.88064 1.34375 0.224748 0.824509 0.0697754 0.602421 -0.094239 -1.40998 0.488598 1.21507 1.0842 0.188292 2.54217 
0.938382 0.708553 -0.56972 -0.428506 -1.84699 -2.06834 -1.41308 -0.182478 -0.482639 -0.903739 -0.70722 0.741271 -0.344847 -0.951192 0.910994 0.0949997 -0.0839866 0.531017 0.529069 0.31367 -0.15926 0.176167 1.57064 0.67893 0.736521 2.16866 -1.25713 1.11706 0.081651 0.876146 1.12767 1.60367 0.718534 -1.32495 -0.1372 1.64828 0.177593 0.43552 0.899186 
0.743251 0.866397 -0.615662 0.0792632 -1.10185 -1.00639 -1.234 -0.357294 0.281376 0.802385 0.435289 1.39207 1.07584 -1.45736 0.261185 -0.346734 0.614072 0.96438 1.24651 0.576336 -0.17895 0.396938 1.51326 -0.217584 0.0530226 0.371463 -1.35384 0.846337 0.0751942 -0.165557 1.55521 1.13837 -0.0528881 -1.48876 -2.26595 1.18098 -0.0809183 0.864631 0.885849 
0.523505 0.868478 -0.711856 -0.0783136 -0.963845 -0.847667 -1.00885 -0.335887 -0.139172 0.454951 -0.885952 0.81871 0.000275022 -1.16751 0.254064 0.0419438 -0.153077 1.34399 0.807303 -0.341906 -1.47248 -2.66111 -0.288196 -0.769922 0.25695 -1.0379 -1.19436 0.542884 0.0183779 0.102734 1.03595 2.03955 2.32024 0.103207 -0.8582 1.30417 0.546907 -0.955128 -0.5336 
0.402513 1.02243 -0.617682 -0.0119852 0.11152 -0.193251 -1.50292 -1.5667 -1.79515 0.466763 -0.155519 1.68917 0.329307 -0.411567 0.488105 0.396342 -0.456442 0.278765 1.1732 2.01433 0.295918 -1.35605 -0.100463 0.857728 -1.13791 -0.991352 -0.948951 -0.177045 0.0683037 -0.20565 0.499888 1.5664 1.2375 0.116139 -0.51704 -0.5492 -0.912644 -0.604136 -1.25498 
0.376123 1.15228 -0.586117 -0.344128 -0.677141 0.304981 0.449566 -0.101629 -1.18293 0.295895 -0.26244 -0.386679 -0.710207 -0.317083 -0.491168 0.0844079 -0.142969 -0.753149 1.04362 1.7377 1.60366 2.07178 -0.260008 -0.289656 -0.940965 -0.471693 -0.324701 0.0243245 0.925003 0.258702 0.484915 0.574597 0.433232 -0.577278 -1.11761 -0.709541 -0.922462 -1.54027 -0.297096 
0.279298 0.771643 -0.604394 -0.0974172 -0.499468 0.839155 -0.247301 -0.264847 -0.126291 0.157651 -0.388021 0.695921 0.0213406 -0.0953795 -0.449307 1.04689 0.843523 0.293853 -0.51457 -1.5061 -0.926436 0.115772 -0.617392 -1.92874 -0.615276 0.663151 -0.207974 -0.88252 0.052319 -0.346584 -0.932309 0.183756 1.92417 1.91852 0.86885 -2.0193 -0.469046 -2.64306 -1.35592 
0.309616 0.924341 -0.225859 0.138099 -0.377311 -0.108426 -0.672822 -0.865258 -1.06196 -0.349344 -1.71779 -1.02911 -0.13915 -0.00705609 -0.712525 0.0173728 -0.360412 -0.398773 -0.854829 0.415886 0.507363 -1.15898 -1.84366 -0.253329 -2.07171 -1.16239 -0.451701 -0.872081 0.859791 0.431568 0.0221273 -0.117105 -0.923039 -0.744821 -0.215194 -1.43231 -0.344002 0.110835 0.0916299 
0.235383 0.40001 -0.615272 -0.307973 -0.802173 0.110027 0.0393061 0.142027 -1.0141 -1.64093 -0.593421 -1.51533 -0.82162 -0.610462 -0.740083 0.2961 -0.202132 -0.284375 0.341678 0.517592 0.111879 -0.37794 -0.865207 1.53137 0.747832 -0.511922 -0.22782 -0.154101 1.00466 -0.106602 -0.0772292 -1.27402 -0.716964 -1.72716 -0.877434 -1.32914 0.348894 -0.233213 -0.410367 
0.11136 0.537664 -0.136256 0.0186226 -0.580499 0.272664 -0.311655 -0.781244 -1.3317 -1.22766 -0.591701 -0.203245 -0.478278 -0.348165 0.506858 1.5483 0.210079 0.287349 -0.708842 -1.17697 -2.40098 0.179019 0.47023 0.662877 1.81133 0.694486 -0.626845 -1.10605 0.492876 0.343142 0.826677 0.730746 0.675356 -0.317524 0.401501 -1.16111 1.36803 0.327263 -1.37557 
0.104218 0.69405 -0.0742568 -0.19025 -0.508001 -0.483643 -0.841803 -1.82537 -0.84308 -1.26323 -0.115279 0.456096 -0.226293 -0.369675 -0.769868 0.482883 0.713436 1.27286 0.504668 0.257839 -0.457067 0.784194 -0.330437 0.0650145 -0.368092 -1.1464 -0.302483 0.11698 1.60911 0.831179 1.86163 0.527595 -1.36732 -1.5789 0.529059 0.120622 -0.606744 0.682024 0.399722 
-0.0253066 0.134728 0.0206807 0.425993 0.571001 0.80499 -0.140911 -1.1617 -0.681773 -1.60301 -0.559599 -0.579415 -1.30886 -0.123986 -0.34111 0.946512 1.0192 1.96051 1.31097 -0.301822 0.670223 0.365493 -0.309714 -1.36622 -1.02641 -0.163276 -0.334686 0.0496689 0.32696 0.401779 1.42519 0.427085 -0.940919 -0.378506 0.287167 0.889144 0.429285 0.0337112 -0.0333305 
0.0303936 0.525176 0.249816 0.393065 1.2417 0.796839 -1.08134 -1.28554 -0.524497 -1.61909 -1.15096 -0.629196 -0.295368 -0.152909 0.843391 0.0410627 -0.115868 0.443925 -0.0233655 -1.26608 0.0448927 -0.501864 1.3041 0.438152 0.412565 1.14351 -0.453536 0.22897 0.57437 0.672197 0.532558 0.478546 -0.926416 1.02651 0.387706 0.824363 -0.675385 -0.230106 0.411238 
-0.106529 0.612484 0.0183433 0.356156 1.00138 0.847362 -1.08734 -1.13237 -1.04957 -0.44104 -0.249114 -0.11469 -0.365724 -0.58473 0.660298 -0.0422594 -0.0238058 -1.32992 -0.767806 -0.690409 0.460962 0.0258092 1.21484 0.582941 0.76958 0.708689 -0.931332 0.744762 -0.483834 -0.520388 -0.150461 -0.357283 -0.38142 0.379512 0.44792 1.21911 0.0772267 1.41313 2.4271 
-0.161281 0.90298 0.217442 0.376203 0.128966 0.148458 -1.60576 -0.916547 -0.474722 -0.541077 -0.732453 0.220093 0.310961 -1.30409 0.182497 -0.763431 -0.643202 -0.644461 -0.438254 0.875283 0.375585 0.958431 0.0186904 -0.344975 1.20735 1.88813 -1.27976 0.706572 -0.267961 0.113946 -0.698362 0.0147641 1.12671 1.34019 0.909075 1.92896 0.679336 -0.408493 0.269355 
-0.482202 0.729452 -0.274011 -0.0171261 0.484947 0.504767 -0.463952 -0.833073 -0.261768 -0.488029 -0.522887 1.20615 1.15417 -1.41795 0.313264 -0.348279 0.197929 0.462675 0.75344 1.96394 1.01478 0.930594 0.859024 0.211423 -1.23015 -0.338265 -0.988801 1.29033 0.140155 0.130349 -0.864195 -0.963459 1.05217 -0.370367 -0.361995 0.497564 0.371579 -0.125087 0.735156 
-0.566077 1.09134 0.0747481 0.486934 0.575659 0.911615 -0.18428 -0.0954333 0.291054 0.202288 -0.591121 -1.08466 0.106345 -0.242912 1.59089 1.00023 0.841458 -0.424578 -0.752075 0.315991 -0.77882 -1.37971 0.540657 0.78094 -1.34424 -0.943222 -1.32927 0.624219 -0.0885707 -0.148404 0.330176 -0.76567 0.937218 -0.80573 -1.48957 -0.412883 -0.00461346 1.20109 1.03287 
-0.586445 1.61527 0.0694271 0.463912 0.159793 -0.129018 -0.250577 -1.47619 -1.32425 -0.0440962 0.0433368 -0.221495 0.480972 -0.662264 0.547465 0.233491 -0.409759 -0.0783503 -1.706 -0.899525 -1.89625 -2.57403 -1.26299 -0.213553 2.60789 1.65036 -0.876387 0.574847 0.433449 0.272862 0.1096 -1.43615 -0.643455 -0.808168 -1.49368 -0.0908329 0.637961 0.560473 1.50978 
-0.777583 1.40754 0.14178 0.247983 0.551699 -0.6073 -0.861993 -1.65078 -1.71655 -1.05016 -0.766846 1.7448 1.44207 -1.12804 -0.797806 -0.312593 -0.433545 0.540497 -1.0065 -0.995957 -0.105322 -0.26818 -0.603875 -0.0347594 1.99033 2.8435 -0.883344 0.50928 0.275522 0.30892 0.535092 -0.998954 0.323739 -0.979809 -1.07168 0.428909 1.18674 1.79524 1.85903 
-0.917087 1.19709 -0.0604019 0.211273 0.674185 -0.998881 -0.998984 -1.5695 -1.50713 -0.676623 0.00100251 1.94274 2.74088 -0.719579 0.155783 0.211387 0.870718 0.712027 0.472999 1.28692 0.823563 1.38354 1.7497 1.59881 -0.551571 0.680664 -1.00182 0.0768854 0.445094 0.0996235 0.669281 -0.74112 -1.05049 0.786373 0.81794 -0.618504 -0.744621 0.812996 0.889723 
-1.00375 1.50993 0.200844 0.745858 1.21531 -0.104359 0.0631657 -0.985774 -0.592341 0.53091 0.409559 1.17099 2.02669 -0.439347 0.908619 1.01813 0.586599 0.256467 0.0834553 -0.133202 0.97272 1.1258 -0.0176563 -0.829148 -1.05583 -1.70796 -0.680835 0.318033 0.432928 0.526372 0.136802 -0.805352 1.22139 2.06157 1.37626 0.710734 -0.257373 -1.34322 0.0772343 
-1.07157 1.71045 0.289489 0.545657 0.941491 -0.857391 -1.11491 -0.78272 -0.586873 -0.757797 -0.633992 0.825761 1.47533 -0.345113 0.285433 0.475448 -0.0898561 -0.563008 -1.47326 0.0910926 1.44459 0.0792363 -0.964803 -1.8953 -0.976555 -0.547189 -0.628467 0.66347 1.4343 0.225205 0.301308 -1.11194 0.0670593 0.236836 1.16476 0.886248 0.462075 -1.43169 -1.74855 
-1.13413 1.68309 0.355101 0.690989 0.769732 -1.40732 0.111669 0.18622 -0.500287 -0.441078 -1.02084 0.139404 1.66025 -0.543331 0.00588823 1.20797 -0.248796 0.0927298 -1.45228 0.237336 -0.708966 0.107734 0.988258 1.3705 -0.573339 -0.410374 -0.874119 -0.434001 0.336101 -0.0506339 0.342522 0.0131835 -0.577265 1.26877 1.06858 -1.34089 -1.00833 -1.04784 -1.05766 
-1.25266 1.73101 0.707818 0.399329 1.06636 -2.14088 -0.959197 -1.36881 -0.472267 0.107116 0.372079 0.228506 1.21486 -1.02228 -0.874598 0.0625484 0.0218599 0.962356 1.457 -0.698013 -0.0472935 1.05005 -0.421066 0.724282 -0.214216 -0.719039 -0.967486 -0.932855 0.323983 0.093732 -0.157914 0.524255 1.44967 1.57243 0.785345 0.81803 0.789088 -0.142844 0.0262306 
-1.43773 1.22298 0.360509 0.700405 1.65111 0.00865357 -0.418317 0.140291 0.360021 -0.901669 -0.496888 -0.071017 1.16069 -0.970287 -1.27855 -0.688604 0.393183 -0.302334 2.05039 1.3926 2.43982 0.714561 -0.0898357 -0.448325 0.416167 0.480944 -0.950273 -0.925062 0.37675 -0.342374 0.41896 1.66115 0.272417 0.260915 0.730707 -0.163027 0.325364 -0.879344 -1.45374 
-1.54295 1.05038 0.442439 0.622416 0.847548 -0.174305 0.0434348 0.615651 0.122551 -0.0419449 0.0212005 0.697111 1.64478 -0.464378 -0.387384 0.537933 -0.519047 -0.469995 0.507833 1.02877 0.337498 -0.286977 0.281461 -0.342136 -0.784115 -1.03569 -0.838697 -1.18731 0.331646 0.347524 0.592131 2.65922 2.53189 1.43323 0.643161 -0.864842 -0.547232 -1.04067 -1.00146 
-1.59862 1.02885 0.537291 0.398566 1.28645 0.543916 0.317594 0.408494 0.162272 -0.701516 -0.768543 -0.895313 0.415871 -0.341633 -0.342751 1.21975 0.124568 1.00542 1.11425 1.43164 -0.861873 -0.0463766 -0.792339 -0.185713 -1.59875 -1.67786 -0.514306 -0.362551 0.617732 -0.464674 -0.354713 1.17726 1.8888 0.391477 -0.888161 1.3873 1.31132 -0.643754 0.007767 
-1.67245 0.880609 0.865014 0.690933 1.76639 0.923644 1.07469 -0.095272 0.115201 -0.851727 -0.133754 -1.00468 0.402549 -0.33951 -0.103886 0.432974 -0.158061 0.020916 0.87529 1.08578 0.0961228 -0.704607 1.21928 1.87248 0.0548515 1.08349 -0.32278 -0.415512 0.836378 0.0130412 0.608716 0.893749 0.955127 -0.327628 0.422825 0.699244 0.754369 -0.964822 -0.164428 
-1.72757 0.989475 0.676236 0.304449 1.34884 1.42014 1.09529 0.479645 -0.365968 0.380682 0.612029 -0.815904 1.31251 -0.162305 -0.221082 0.0872456 -0.098889 -0.282153 -0.0719531 -0.347464 0.505586 0.475744 1.56508 1.06746 0.502797 1.51328 -0.236918 -0.432731 1.15215 -0.0778622 -0.0246999 -0.186176 -0.85351 -0.579332 1.09616 0.785343 2.23676 1.0664 0.761257 
-1.75607 0.77726 0.879326 0.630866 1.56513 0.920933 0.801685 0.310151 0.521032 0.555698 0.646228 -0.442765 1.6321 -0.0299588 -0.48354 1.35942 0.0500084 -0.0684194 -1.13121 -1.99755 -0.728896 1.86379 -0.355447 0.735588 1.16906 -0.106382 -0.2728 -0.737115 0.4447 0.221879 -0.297049 0.352767 0.983806 1.36995 0.000489964 0.752774 1.34423 0.777214 0.462017 
-1.77734 0.742847 1.14916 0.330063 1.33352 0.434554 -0.387376 -0.12272 1.13829 -0.018192 1.14442 0.463692 1.2875 -0.263359 -0.783388 0.617685 0.431797 -0.0967567 0.463915 1.46329 1.00285 -0.504137 -0.7357 0.501211 0.390833 -0.905241 -0.280805 -0.896809 0.784558 0.695425 -0.00369216 0.314068 0.850162 1.02291 1.96835 -0.0736594 -0.54318 0.154331 0.0770079 
-1.86555 0.366942 1.08486 0.876172 1.52516 1.41544 1.85614 1.12153 0.151433 -0.200813 1.00376 -0.0014485 0.988312 -0.408242 -0.739731 -0.132076 0.979554 0.0464792 1.47666 2.96589 1.85612 0.240749 0.310399 -1.36491 -0.986829 0.239577 -0.361896 -0.788738 0.158045 -0.588586 -0.916316 0.492999 -0.0087935 0.113967 0.66928 -0.457586 0.282518 -0.274727 -0.972772 
-1.92387 0.356363 1.08441 0.890565 1.41815 1.86877 1.76863 1.38523 1.35816 0.209178 0.109718 -0.57896 1.53047 -0.301838 -0.291811 -0.353387 -1.2912 -1.0357 0.0966265 -1.44286 -0.874067 1.20063 0.284431 -0.168962 -0.698629 -0.256293 -0.429942 -1.04885 -0.771286 0.395559 -0.666244 1.17178 1.78673 0.589656 0.165725 -0.389337 -0.806902 -1.81966 -1.11344 
-1.98486 0.224982 0.940323 0.130014 0.66837 1.56915 0.780106 0.400649 1.1309 0.00213288 0.861301 -0.733662 0.84719 -0.263524 -0.691861 -1.03215 -0.391137 -0.874642 -0.100121 -0.963983 -1.20481 -0.0900476 -0.689456 0.42847 -1.08545 -1.5746 -0.167253 -0.339554 0.115543 -0.472179 -0.985646 -0.0853067 -0.168177 -0.163051 1.42188 0.771542 0.0162482 0.168102 0.664047 