-1.03957 -0.473124 1.20238 0.479846 1.09217 0.230597 2.08876 1.39807 0.655661 1.50767 1.47321 0.091172 1.45034 -0.0765984 0.425699 -0.948582 -0.456761 0.0120932 -0.399972 -0.0926753 -0.244843 -1.31028 -1.13693 -0.245245 0.917983 1.14278 0.733114 -0.9682 -0.0102863 0.687542 -0.371752 -0.328436 -0.302017 -0.492623 -0.891923 0.456769 -0.166472 0.819246 0.0164422 
-1.01337 0.102553 1.51941 0.622788 0.92731 -0.304636 1.59588 0.89913 0.0664613 0.243069 1.0211 -0.590759 1.0153 1.46344 -0.824341 0.813088 1.22218 -0.804645 0.121065 -1.09558 -0.282334 -0.330451 -0.136174 -0.763355 -0.121503 -1.51178 2.62524 -1.68955 -0.905569 -0.436639 -1.27275 1.23299 -0.544211 -0.403274 -2.21355 0.243322 0.463159 1.69634 -2.44157 
-0.588161 -0.889154 1.60731 1.56882 0.523534 0.351696 1.38423 1.09204 0.349902 1.33705 0.941418 -0.12073 -0.0844732 3.88971 -2.52857 -0.324752 -0.11037 -1.74674 2.10368 -0.605914 -0.214236 -1.26365 1.39785 0.80068 0.620152 -3.68701 1.00885 0.834084 0.560793 -0.625843 -0.625018 -0.180395 -1.04639 -2.22588 -0.666615 0.154727 1.18337 0.00575267 -1.36505 
0.233488 -1.21888 1.36342 0.55154 -0.314389 1.30649 1.19491 0.663795 -1.09957 1.55187 1.54112 0.310675 -2.70852 0.00200532 1.84575 -0.0279051 -2.02368 -0.0532425 -0.38673 -0.284311 -2.1968 -0.445445 0.313727 2.20698 0.151746 0.105082 0.415794 -0.593443 0.591774 -0.488516 0.0904741 0.428311 -0.842856 -0.534451 -0.061411 0.925236 0.597327 -0.1908 -1.68957 
-0.615874 0.11335 1.59765 -0.168295 0.491728 0.0911615 1.18263 -1.20137 -0.061864 1.60031 2.40716 0.0775561 0.00782365 -3.28564 1.78269 1.15343 -0.521019 1.85732 -1.52119 -0.497845 -0.390231 1.19119 -0.495249 -0.0797846 -0.765221 1.9374 -0.411431 0.40908 -0.441201 -1.13273 0.680954 -0.504682 -0.173819 0.762054 1.25023 -0.643362 0.237906 0.209252 -0.453453 
-0.872072 -0.249878 1.93613 0.122751 1.01878 0.193357 0.860936 0.245763 -0.00259531 1.03495 1.46903 -0.867545 -0.7723 -0.599418 -1.3505 -0.593537 0.594318 0.963081 -0.330788 0.0882285 3.02929 1.89753 -0.887179 -1.92933 0.0600052 -0.54851 -1.79828 1.01828 0.329492 0.807803 0.881168 -0.557978 0.0709777 0.74345 2.76918 -1.9399 -0.332713 -1.34434 2.4425 
-0.840763 -0.582211 1.30916 0.37401 1.18602 -0.12733 1.21198 1.93036 1.68625 0.705409 1.09126 0.138126 -0.557613 0.673941 -0.533236 -0.692949 1.49534 -0.676478 0.729411 0.633878 1.2021 2.02639 -1.29825 -0.34627 -0.408728 0.679275 0.177859 -1.2983 -0.278012 1.77885 0.298903 0.699295 -1.213 3.22785 0.990873 -1.44085 -0.933656 0.100262 0.0789705 
-0.679493 -0.511253 1.59863 1.44955 0.541709 0.771658 1.22855 1.48071 1.86431 -0.25639 1.21772 -1.51061 -0.102172 0.857904 -0.268001 0.201185 1.58281 -0.570377 1.29086 -1.69417 0.536118 -0.746904 -0.43671 0.762177 0.0545336 0.667683 1.53777 -2.01165 -1.8478 1.12019 0.349701 0.142675 -1.11615 1.44638 1.67645 0.0687465 -0.186317 2.07704 1.28396 
-0.587872 -0.702675 1.41244 1.77696 0.784753 0.872926 0.136374 2.47396 0.996588 0.244946 1.58538 0.190481 0.10085 1.55971 -1.9684 -1.90312 -0.134074 1.13794 -0.544921 -2.10841 0.388847 -0.0789038 1.3949 0.100755 2.28642 0.713184 2.09731 -1.82554 -1.62568 1.12448 0.143908 0.479076 -1.86052 -0.357282 0.360392 0.0877738 0.23737 -0.342222 -0.303004 
-0.196517 -1.53508 0.664545 1.35766 1.36093 0.392236 -0.103862 1.87143 1.79044 1.04956 1.26704 1.89214 0.602082 2.18844 -2.00323 -2.48542 -0.21622 0.753285 -0.637634 -0.790251 -0.944223 1.16472 0.551259 -0.48519 -0.334661 -0.952135 1.78869 -1.60051 -1.3382 -0.963356 0.651384 -0.345984 -1.74798 -0.227779 0.29079 1.32058 -0.642571 0.729028 -0.475038 
0.101232 -1.74501 0.191298 1.61355 1.32916 0.423824 -0.378872 1.48084 2.06915 0.737284 1.24065 -0.341403 -0.87077 1.03838 -0.0242428 0.022442 -1.08549 -0.268129 0.0485275 -0.22332 -0.653419 0.415817 -0.120268 -0.908934 -1.61107 -1.17942 1.32791 -1.26514 -1.57271 -1.27685 0.476331 -0.246451 -0.07002 -1.17809 -0.22999 0.667907 0.323209 0.413252 -0.793708 
0.115544 -1.52605 0.67971 0.437411 1.1756 0.458819 -0.267652 1.18019 2.17263 0.89427 0.637348 -0.555816 -0.598264 -0.259594 0.425777 0.275544 -1.39166 -0.120419 0.279928 0.734993 -0.373605 -1.43312 0.109198 0.868035 0.728367 0.149166 0.292562 -0.371126 0.175088 0.38261 0.205368 -0.219374 0.369899 -0.707274 -0.832178 -1.90255 -0.760318 -0.664625 -0.86065 
-0.0122457 -1.49689 0.331235 0.426721 1.24936 0.664317 0.0514226 1.08006 0.746901 0.803296 1.80597 0.722478 -0.734109 -0.6133 -0.446406 0.221279 1.53313 0.534228 -0.368505 0.764897 -0.142593 -1.38415 -1.63809 -0.0444544 1.04338 0.305715 -0.561293 -0.370192 0.54088 0.314862 -0.183939 0.2841 0.772543 -0.566414 -0.941467 -1.9014 -0.505088 0.214907 0.667126 
-0.113896 -1.74129 0.792896 1.79712 1.5635 0.211982 0.181181 1.01922 0.895521 -0.724806 0.589014 0.980941 -0.304062 -0.555482 -0.895269 0.481684 1.75539 -0.140438 0.10162 0.352848 -0.266287 0.337754 -1.86647 -1.50667 -0.511572 0.591499 -0.209995 -0.616076 -0.521606 0.920781 -0.14495 -0.294076 0.872685 0.179541 0.123466 -0.487159 0.542215 -0.426898 -0.431952 
-0.22273 -1.9506 0.572793 1.97994 1.15526 0.770802 0.244815 0.790695 1.05713 -1.03604 0.774299 -0.0749766 -0.152313 0.308457 -0.327493 -0.955596 -0.418869 -0.74231 -0.0555602 0.458806 0.329466 1.52658 1.21162 0.697384 -1.39903 -0.726425 0.359484 -0.89176 -0.19932 0.882904 -0.182541 0.457485 1.13186 -0.262766 0.651549 -0.130776 -0.35268 -0.785068 -0.384006 
-0.0411395 -1.89336 0.325916 1.45727 1.0394 0.200338 0.44026 1.3483 2.30167 0.404388 1.03956 -1.14872 -1.04854 1.07776 -0.21993 -0.763567 -0.688045 -0.118526 0.521517 1.22248 -0.0370624 0.418476 1.77537 1.05599 -0.163546 -0.961544 0.761719 -0.0636904 -0.0871656 -0.768496 -1.29943 -0.17443 0.398617 0.138783 0.472379 0.134145 0.867129 1.23329 1.08308 
0.102242 -2.04553 0.200478 1.40573 1.07681 1.19286 0.977316 0.739283 1.44177 0.636835 1.46601 -0.349991 -1.1334 0.798039 0.237452 0.831158 -0.559324 -1.02844 -0.201794 0.121732 -0.187767 -0.978601 -1.05344 0.356238 2.52416 1.90662 1.53912 3.14543 -0.213645 -2.79489 -2.54625 -0.648018 -0.276069 -2.21699 -1.05444 0.163731 -0.345359 -0.613228 0.562029 
0.192125 -1.7453 0.739754 0.995127 0.310879 0.0787923 0.490377 1.14044 1.39841 -0.65085 1.26069 2.61091 0.856707 1.15784 4.10281 0.461574 -2.80019 -3.33988 -1.43876 -1.55728 -2.43222 -1.64515 -1.58934 -1.49764 -0.358302 1.59116 2.6868 2.86496 -1.89752 -3.33101 -3.72446 -0.11465 -0.952707 -1.94965 -2.30238 -0.441907 -2.47662 0.518355 0.752578 
0.453468 0.156074 0.432122 -1.00747 -1.30309 0.141677 -0.0134342 -1.79851 -0.0759475 -0.935231 0.440414 -0.917363 0.454387 3.10449 3.29821 -3.49702 -3.59298 -4.02476 0.0277351 -1.37453 -1.98521 -1.69857 0.669554 -3.42621 -2.03671 -1.07566 2.61829 2.15559 -2.5799 -2.98956 -3.2053 0.0959551 -1.8159 -1.67017 -1.786 -1.42123 -3.33521 -0.269323 1.10266 
1.18155 0.028846 -0.980072 -2.10833 -2.55832 0.129749 -0.387077 -0.933315 -0.16855 -0.0444277 -1.06186 -0.475998 -0.239217 2.64517 -1.44536 -4.08538 -0.929167 -1.0106 1.55815 -0.866595 0.569001 -0.431829 0.283911 -2.63118 0.143195 -0.390273 2.62483 1.6221 -3.46679 -2.18038 -1.82853 1.17355 -2.15587 -2.20367 -2.41481 -0.285775 -3.10746 -1.40589 -0.757914 
1.29231 -0.589881 -1.57775 -1.79162 -2.01886 1.34282 -0.576008 -1.22078 -0.475162 -0.700724 -1.34748 -0.731914 0.0481895 0.708023 -1.30122 -1.37183 0.865919 1.53784 1.59314 -1.51059 -0.469309 -1.10929 -0.906516 -0.421734 0.807853 0.31051 1.93558 -1.41641 -3.34569 -0.622426 0.0412978 1.09222 -0.866556 1.25955 -0.459536 -0.441966 -1.81258 0.887057 -1.14425 
1.38531 -0.640536 -1.65224 -1.32955 -1.4534 1.35719 -1.34888 -1.43344 -1.19228 -0.957974 -1.36391 0.707203 0.0598097 0.16627 -0.319362 -0.613461 0.131906 1.05462 -0.0505903 -0.269317 0.814886 -0.103374 -0.667849 0.380113 0.673114 -0.783111 0.432803 -1.48296 -1.06937 0.972833 2.34915 1.7907 -0.101648 0.862975 0.526389 -0.411412 0.670815 0.695147 -0.410734 
1.31845 -0.737632 -1.87607 -1.65193 -1.25918 1.33491 -0.768313 -0.387795 -0.571589 -1.3841 -1.1103 0.249025 -0.753335 -0.0792511 -0.545892 -0.131445 0.312822 1.63002 0.887664 1.41242 1.41365 1.72004 0.551329 1.23326 -0.162715 -0.708798 0.322191 -0.195842 -0.455671 0.156915 1.31804 -0.38922 -0.911028 -0.870919 -0.214485 -0.65049 0.00464441 -0.13496 -0.867537 
1.33095 -0.908635 -1.71294 -1.03233 -0.282624 2.05442 -0.498629 0.0211202 0.392213 -0.465569 -0.552989 0.433437 -0.666931 0.301847 0.0657154 -0.0282948 0.036181 0.717561 -0.506046 -0.92693 -1.79227 -0.147003 0.0876887 -0.390129 -0.768378 -0.0978725 0.0340282 -0.374159 -0.0962053 0.387398 1.2842 -0.0973698 0.228326 0.233025 0.185963 -0.396158 0.597263 -1.35469 -1.17665 
1.38904 -0.680804 -1.88592 -1.59558 -0.740294 0.9847 -1.36829 -2.26127 -0.708236 -1.33883 -1.39109 -0.933934 -0.865279 0.128834 0.0714874 -0.00568313 0.140757 0.0963521 -1.03765 -1.06291 -1.1675 -1.50497 -0.892162 -0.512442 -1.02047 -0.498824 0.13833 0.0713249 0.569809 1.23572 1.07643 -0.161752 -0.494926 -0.141265 -0.0315904 -0.0830187 0.603678 -0.33165 -0.228639 
1.34482 -0.848741 -1.71164 -0.884933 -0.207555 1.30469 -1.18291 -1.20379 -0.996282 -1.36527 -0.916043 -1.12795 -1.18237 -0.100774 0.0113936 0.826135 1.46819 0.727579 0.266358 0.295205 1.62358 0.109208 -0.133856 1.11886 0.49768 -0.108 0.124508 0.28718 0.605985 0.333431 -0.0733334 -1.41679 -0.865769 -0.7562 -1.48407 -1.33508 -0.480809 0.00511386 0.0873288 
1.32763 -0.652836 -1.47455 -0.292417 -0.214255 1.21499 -1.21063 -0.588783 -0.608694 -1.50722 -0.657106 -0.21635 -0.987414 0.0521639 0.272852 0.854308 0.245976 -0.207495 -0.95078 -0.0719326 0.317264 -0.221065 -0.332202 -0.0962495 1.05015 0.626828 -0.0439436 0.00048998 0.736109 0.4492 0.116136 -0.735651 0.947544 2.26493 0.0755652 1.16846 1.59648 2.30476 1.49924 
1.33355 -0.681868 -1.28639 -0.645921 -0.349565 0.620247 -1.25285 -0.887379 -1.2012 -1.72495 -0.999208 0.418965 -0.565016 0.0371083 -0.0219789 0.205161 -0.938058 -0.582263 -1.3057 1.03006 0.874589 -0.0224542 1.26534 0.834219 1.58313 1.72794 0.0738056 0.0250522 0.496658 -0.272828 -0.782429 -1.49952 -0.279213 0.203021 -0.664565 0.0906188 0.37012 1.16289 1.0204 
1.31143 -0.642597 -1.36931 -1.08431 -0.624012 0.263806 -0.597418 0.306178 -0.630524 -0.326223 -0.114535 2.13066 0.738031 0.0551924 -0.253029 -0.15916 -0.610199 -0.863459 -1.15292 -0.267137 -0.104367 -0.552448 0.449429 0.536947 0.0121927 0.487136 0.074806 -0.0882789 -0.126698 -1.41779 -1.13774 -1.41962 -0.203132 -0.282831 -0.969446 0.112935 0.0948612 0.76027 0.76584 
1.32328 -0.794378 -1.36075 -1.15236 -0.960219 -0.216119 -1.4438 -1.00866 -1.71161 -1.33082 -0.656552 0.407761 -0.0882442 0.0717009 -0.0985032 -0.385096 -0.844398 -0.969628 -0.68666 -1.26591 -1.20018 -1.10543 -1.12711 -0.732978 -0.879907 -0.882971 0.0914558 0.212231 0.251211 -0.448373 -0.475624 -0.910511 0.963952 1.25562 0.480213 0.457094 0.729682 0.530027 0.624798 
1.30656 -0.673013 -1.55505 -1.79466 -1.31052 -0.22214 -1.40754 -0.952649 -1.6507 -1.45251 -0.625899 0.780279 -0.163986 0.0777994 0.504582 0.509744 0.0285327 0.207787 -0.130067 1.61466 1.48389 1.10953 0.0126529 0.347172 0.485669 0.208803 -0.0927371 0.129991 0.360219 -0.153809 -0.0464025 -0.62742 -0.252553 -0.00945698 -0.921126 -1.11932 -0.609615 -1.13965 -1.31108 
1.32041 -0.504395 -1.10536 -1.10267 -0.805536 -0.283758 -0.468174 0.51881 -0.689916 -1.35791 -0.441519 1.10732 0.108431 -0.206235 0.248241 0.888707 0.6276 0.894938 -0.201878 0.96301 1.17758 0.0337098 0.105777 -0.0345598 -0.111479 -0.466695 -0.244752 0.61323 0.801078 0.0899464 0.0259767 -0.544731 0.695046 0.938674 -0.150423 0.223398 -0.428141 0.881948 -1.25938 
1.21058 -0.519215 -1.11284 -1.22337 -0.66491 -0.343749 -0.835889 0.256841 -1.62075 -1.3898 -0.667578 0.583425 -0.64709 -0.433123 0.243412 0.612757 0.0566022 -0.184508 -0.643253 -0.63196 -0.455646 -1.28545 0.229519 -0.89091 0.326083 -1.50384 -0.320597 0.350911 1.47368 0.356476 0.0306225 -0.817216 0.633058 1.00601 0.0485279 -0.766723 -0.823914 -0.309624 -0.889198 
1.15004 -0.353163 -0.799186 -1.02854 -0.931123 -0.737083 -0.885291 0.0328709 -1.87604 -1.17586 -1.05909 1.56731 -1.41839 -0.259248 0.174998 1.17801 -0.212324 -0.865369 -0.951116 -0.0644076 -0.0747071 0.0216179 -0.795313 -0.997257 -0.139574 -0.437177 -0.409219 0.731539 0.834284 0.221213 -0.0355087 -0.111247 -0.946085 -0.017048 -0.339536 0.140821 -0.814252 -0.4547 -1.80387 
1.09721 -0.404329 -0.528016 -1.38339 -1.27693 -1.02845 -0.901165 0.16635 -1.60196 -2.1961 -1.35667 0.344396 -1.10049 -0.161076 0.651048 0.556359 0.191129 0.124563 0.473937 -0.61185 0.424634 0.889721 -0.0650527 -0.128992 -0.706534 -0.366554 -0.327007 0.664427 0.78758 0.12026 -1.04838 -1.44021 -0.247184 0.235316 1.02251 0.358549 -0.373805 -0.286744 -1.10949 
1.06886 0.0146333 -0.520815 -0.837276 -0.835899 -0.350783 -1.28994 0.460739 -1.05698 -1.2779 -1.16428 0.477187 -1.80072 -0.215546 0.636377 -0.0744621 0.335007 -0.565563 -1.06994 -0.231208 0.323398 1.16579 1.16466 0.520526 -0.0910722 -0.699478 -0.402394 0.478673 0.386239 0.437321 -1.00964 -1.45686 -0.578161 0.336736 1.40267 -0.366893 -0.183805 -0.138937 -0.179722 
0.998177 -0.0443268 -0.560622 -1.06686 -1.67475 -1.80245 -1.06984 0.489126 -0.528404 -1.11219 -1.02506 0.178176 -1.81785 -0.42321 -0.0696382 -0.0162197 0.324289 -1.50307 -2.51819 -0.132799 -0.0635362 0.739546 -0.248242 -0.113426 0.607723 0.212371 -0.358599 1.15703 -0.227863 1.00228 -0.0813245 -2.05057 -0.478003 -0.425405 1.90893 1.31428 0.506453 -0.543501 -0.0888315 
0.901746 -0.00044765 -0.52471 -0.530079 -1.90351 -2.21322 -1.39761 0.381845 -0.376358 -1.5566 -1.25899 1.35996 -1.60045 -0.305132 0.784843 -0.24749 0.88021 0.443603 -1.80158 -0.377557 -0.807006 1.05192 0.104032 0.0883009 -0.368584 0.641337 -0.548289 0.764548 -0.0888379 0.682744 -0.108139 -2.2876 -0.366211 -1.08497 0.716116 1.61176 1.04831 0.258509 1.26127 
0.86977 0.39455 -0.678526 -0.275639 -1.3516 -3.12631 -1.32925 -0.361554 0.440184 -1.05116 -0.984112 -0.404631 -1.1859 -0.372978 1.00496 -0.110566 0.495127 1.34481 -0.683587 -0.324299 -1.15109 0.0917314 1.79686 1.39049 -0.352038 1.15612 -0.749254 1.01975 -0.0679291 0.426659 0.864245 -1.01774 -0.674603 -0.585499 1.45236 2.60113 0.922701 0.582321 1.19409 
0.751095 0.555372 -0.575114 -0.0741381 -0.936499 -2.69685 -1.624 -0.826022 -0.292926 0.137005 -0.342334 0.801994 -0.450457 -0.782943 0.466428 0.150057 -0.377998 0.714332 0.369179 -0.497935 0.145961 0.6351 2.3756 1.03386 0.913088 0.656161 -0.719899 1.6543 -0.0722507 0.12592 1.4428 0.229717 0.916107 -0.687434 0.291438 3.46883 0.359917 -0.516867 2.00929 
0.584713 0.664263 -0.600451 -0.579903 -0.835021 -2.81874 -1.66328 -0.222973 1.02452 1.20058 -0.307287 0.936544 -0.53903 -0.67246 1.03189 0.00706588 -0.365433 0.596239 0.98936 1.60691 0.377063 0.245935 1.49928 -0.962374 -0.0838619 1.00279 -0.997194 1.38609 0.5351 -0.441056 0.852464 1.23285 0.634258 -0.618555 -0.575709 1.58491 -0.60375 0.871238 1.33619 
0.50226 1.1255 -0.567529 -0.367463 -0.504293 -1.92319 -0.653183 -0.447536 -0.0673417 1.54362 -1.00796 0.646597 0.545234 -0.665244 1.23837 0.599058 -0.194604 0.427657 1.33433 1.39816 -0.843643 -1.30533 -0.852236 -1.79416 -0.110889 0.791492 -0.992094 0.599813 0.172727 -0.55023 0.983974 2.28465 1.58582 0.405889 -0.199346 -0.878169 -0.948199 -0.992995 -0.475443 
0.338244 1.34408 -0.301031 -0.724491 -0.523256 -1.78582 -0.821868 -1.11169 -0.179936 0.339379 -1.53229 0.740576 0.244028 -0.768321 -0.300507 0.23334 -0.3424 0.723758 2.17969 0.584289 0.060679 -0.478716 -2.29369 -0.222715 -0.776714 -1.46945 -0.600296 0.37277 0.149988 0.465783 0.260554 2.38563 1.70552 -1.20212 -0.881291 -0.154238 -1.09619 -2.06084 -0.400097 
0.221998 0.987763 -0.448398 -0.640733 0.0190169 -0.254927 -0.316314 -0.397484 -0.509779 -0.707722 -1.17618 -0.548875 -0.946981 -0.206479 -0.788068 -0.390573 0.745277 -0.0868602 1.97542 0.955437 -0.500827 0.279916 0.739051 0.426562 -1.70214 -1.17854 -0.55917 -0.0961321 0.498161 0.430487 0.153216 1.82516 0.913671 -0.223855 0.526339 -1.5025 -0.589507 -1.41846 -0.667582 
0.24218 0.947325 -0.48947 -0.0507517 -0.57908 -0.271072 -0.254914 -1.64453 0.0769748 1.01282 -1.26387 -1.8441 -0.955432 -0.0436718 0.170302 0.463919 0.849353 -0.528252 0.349126 0.69502 -0.320902 1.08941 0.911778 -0.520025 -0.463347 0.799757 -0.373805 -0.907801 0.620234 0.142718 0.444571 1.76179 1.81487 1.18854 1.13926 0.0231087 1.43215 -1.11117 0.690555 
0.179309 1.10015 -0.215598 0.123623 -0.352153 0.0375712 0.0892008 -0.743547 0.493369 0.132302 -1.54433 -1.27394 -0.155606 -0.336284 -0.346991 1.2592 -0.594775 0.676737 0.46509 1.54652 1.806 1.04319 -0.685352 1.32386 0.736158 1.94396 -0.11962 -0.129165 1.46701 1.0159 -0.431446 0.103556 1.45066 0.0951119 -0.889385 1.03508 0.949136 1.32063 0.968674 
0.103559 0.784896 0.135381 -0.543757 -0.0893638 0.108579 0.67847 0.217324 1.03751 0.312569 -0.392018 -0.768521 0.987399 -0.129908 -0.341402 1.59344 0.382733 -0.0676229 -0.219143 1.31282 0.4142 -2.12424 0.0941876 1.67478 1.66637 0.259548 -0.396068 -0.441023 0.317735 0.371219 0.347556 0.690658 -0.762926 0.209406 -0.267069 -0.735527 0.548167 1.12243 1.14599 
0.108349 0.940695 0.574024 0.481706 -0.394233 -0.097013 0.877708 -0.32651 -1.466 0.183838 -0.436486 1.19803 0.0921354 -0.238814 -0.210192 -0.815228 1.02831 -0.218177 0.482944 -2.54184 -1.58603 -1.35469 0.0251711 -0.663587 0.290089 -0.697292 -0.263677 -0.876334 0.0862998 -0.422458 -0.517151 -0.814499 -0.528435 -0.242286 -0.859138 -0.73717 1.76635 0.211079 0.477955 
-0.00310581 0.695143 -0.262402 0.376415 -0.239006 0.501648 -0.922635 -1.44205 -0.212442 0.297546 -0.856717 -0.362561 0.272237 -0.252903 -0.754701 -1.47436 -0.932299 -0.644259 -0.930065 -1.99001 -0.694851 1.12457 -0.755914 0.487781 -1.45299 0.281225 -0.292911 -0.0024613 -0.210401 1.26862 -0.281071 -0.610272 -1.5969 -1.12055 -1.32201 -0.595308 -0.343985 -0.10489 -0.218129 
-0.00293556 0.561663 -0.148693 -0.305173 -0.848283 -0.765891 -0.381301 -1.06076 -0.430442 -0.584467 -0.126894 -1.01263 0.361691 -0.186457 0.195953 0.51779 0.516805 -0.174153 -1.34759 0.415081 0.331976 -0.182981 -0.553405 0.223632 -0.358532 0.502525 -0.418106 0.187173 -0.456834 -0.0583421 0.384654 0.197661 -2.17038 -0.605458 1.12759 1.62835 0.387436 -1.27337 -0.218218 
-0.0926058 0.821162 -0.00304503 0.85123 -0.357195 -0.48102 -0.690662 -1.11037 -0.382255 -0.275459 -0.724764 -0.93028 0.764496 -0.354204 0.975231 0.830975 0.833753 1.15303 1.19117 -0.914793 0.0116838 0.184966 2.32015 -0.0257291 0.342341 -0.476085 -0.570291 0.723228 0.567255 -0.520143 -0.602022 -1.05296 0.861721 1.14714 -0.169969 1.1242 0.784566 -0.528549 -0.100568 
-0.147431 1.10169 0.265055 0.445601 -0.0182825 0.159447 -0.973754 -1.06157 -0.261062 1.6138 -0.162635 -0.528236 -0.130862 -0.641688 0.688218 0.276465 -1.18737 -0.652608 -0.133887 0.793747 0.927316 -0.0156543 1.64324 0.728172 -0.0877876 -0.573067 -0.976793 0.97133 0.294906 0.6127 0.932483 1.33788 0.75674 1.09615 -0.210493 1.06118 -0.985094 -1.87103 -0.554646 
-0.331352 1.20871 0.137346 -0.157732 -0.817209 -0.55153 -0.223944 -0.160675 -0.397817 1.26999 -0.253509 -1.09157 0.174346 -1.06435 0.216093 -0.41905 -0.101098 0.0972649 0.658686 1.98119 1.19109 -0.430702 -1.28963 -1.20486 -1.98607 -0.0742714 -1.13967 0.55867 0.029527 -0.299972 1.01125 1.09318 1.61907 0.761888 -0.856714 0.728421 0.415889 0.0697782 -0.670442 
-0.524747 1.2384 0.0625772 0.382425 0.0574388 0.684595 0.229095 0.161946 -0.659238 0.330779 -0.991337 -3.53913 -0.219055 -1.01344 -0.00777123 -0.237086 0.789525 2.00953 1.64279 1.44258 -0.0950094 -0.981197 -0.925835 -0.23103 0.175137 -0.0996496 -1.22959 0.0166957 -0.897329 -1.04066 -0.0820569 -0.820236 1.06395 -0.130346 -0.54842 -0.0679049 0.604959 1.5926 1.13358 
-0.691977 1.22649 0.0245704 0.554533 0.624698 0.71322 0.645002 -0.272241 -1.30347 0.337808 -0.427315 -0.85817 0.0606144 -0.721376 -0.206615 -0.842717 -1.21422 -0.220216 -1.81589 -0.497998 -1.34768 -0.207813 1.25768 1.93517 3.43167 1.30783 -1.03417 -0.0507821 -0.209456 1.20981 1.92072 1.00659 1.17262 0.600414 0.831539 0.380923 0.881318 1.07127 0.307899 
-0.789619 1.15055 -0.348756 -0.649911 -0.0936596 -0.650023 -0.104976 -1.25 -0.851942 1.50439 0.291616 1.58282 1.08362 -0.488456 -0.0662894 -0.0590253 0.682751 0.578422 -0.254536 0.188044 0.748349 1.94663 1.31624 1.30215 0.805479 0.460727 -0.982793 -0.212882 -0.466604 -0.573722 0.171365 -1.56852 -0.216082 -0.649321 -0.102766 0.362519 2.01356 2.54356 1.51411 
-0.880486 1.21319 -0.000425958 1.17383 1.04418 0.552036 0.736228 0.491672 0.489911 1.5679 0.429938 0.321468 0.51081 -0.705896 -0.0681267 0.185614 0.477285 0.44029 -0.383945 0.244579 0.615896 0.0872894 -0.884596 0.532268 -1.13787 0.327826 -0.708817 0.36894 0.158755 -0.550923 0.235128 -0.825955 -0.317598 -0.415045 0.88827 0.41225 1.62363 1.10941 1.12115 
-1.04942 1.13627 -0.253152 -0.209505 0.227131 -0.908464 0.021298 -0.623584 -0.772605 0.611987 0.631126 -0.154793 1.40007 -0.540887 0.511849 0.279818 -1.39144 -0.272041 -0.910634 -0.579189 -1.22048 -0.915257 -0.896356 0.684403 0.209154 0.759695 -0.791512 0.150412 0.795192 0.483099 0.758693 0.893576 1.14867 0.387042 0.597963 -0.780879 0.335432 -1.22671 0.309894 
-1.08619 1.50703 0.141618 -0.0128091 0.856052 -0.102239 0.351825 -0.788226 -0.354954 0.664148 0.871758 0.605932 1.26187 -0.443555 0.243146 0.928625 0.0948377 0.574774 1.61472 1.35355 -0.199044 0.606656 0.181739 -0.134348 0.068835 0.0353596 -0.820439 -0.013841 0.723183 -0.031091 0.0578363 -0.779273 0.345349 0.377593 0.367104 -1.06405 -0.495322 -1.01828 0.636947 
-1.2232 1.28737 0.208734 -0.102084 0.644001 0.335191 0.835055 -0.843147 -0.214488 0.747958 0.522339 -0.080969 1.4222 -0.650578 -0.540176 0.733332 1.32665 0.338445 -0.189491 1.08746 1.62686 1.34087 -0.0729634 -1.31099 -1.09228 -0.050919 -0.578002 0.251039 1.3982 0.764639 0.987563 0.893135 1.1778 0.344942 0.51878 0.324638 0.127633 0.270592 0.308461 
-1.32785 1.24197 0.507231 1.16712 1.10408 -0.214539 1.00062 0.887653 0.880002 0.554483 -0.0283169 -1.06326 1.19718 -0.395789 0.0564502 1.03213 0.826019 0.750081 -0.38456 0.284092 0.569236 -0.00474617 0.155701 0.276005 0.197627 0.326312 -0.871637 -0.616827 0.708246 0.444047 0.11364 0.127256 1.48371 1.14821 0.411805 -0.84705 -0.77987 0.281011 0.0310677 
-1.38133 1.33927 0.721648 0.641956 1.18612 0.0762874 0.985824 -0.265169 -0.219994 0.858818 0.689512 0.186192 1.73713 -0.615249 -0.234654 0.258849 -0.802903 -0.196506 0.352498 0.965219 -0.366376 -0.863299 -0.692161 0.33349 1.36804 0.119474 -0.629474 -0.470559 0.387519 0.559476 0.32811 -0.45868 0.522509 1.72277 1.45124 0.064491 -0.0825747 0.237707 -0.373183 
-1.55792 1.13922 0.638937 0.492901 0.969921 0.0804936 1.57364 0.494385 0.0830347 -0.152339 0.177515 0.960868 1.30396 -0.518314 -0.650199 -0.490198 -0.159292 -0.317842 -0.268859 0.46453 1.32805 1.69047 -0.0630609 -0.393583 0.0395035 -0.684921 -0.733094 -0.767598 0.553597 -0.625326 0.00711182 0.696715 1.01637 0.0701917 -0.927613 -1.03844 0.961875 0.490314 -0.0149789 
-1.57963 1.01576 0.484096 0.528112 0.965271 -0.0956614 1.24845 1.10052 1.33724 0.758704 0.406391 0.215985 1.03442 -0.449355 -0.726832 0.516233 0.00205144 0.194251 0.603976 0.453419 0.432054 -0.215959 -0.253064 0.836976 -0.905598 -0.0995756 -0.751963 -1.13297 0.397236 -0.777431 -0.324958 0.111317 1.06402 0.605839 1.02972 -0.7557 -0.52212 0.317707 0.267357 
-1.73361 0.774997 0.897527 0.519535 1.11493 0.564525 1.82938 0.929955 -0.117179 -0.435693 0.721939 -0.428079 1.1903 -0.573694 -0.763616 1.04578 -0.829969 -0.133893 0.409657 1.01875 -0.668693 -0.494687 -0.616103 -0.266055 0.268983 1.00316 -0.355105 -0.822759 0.858185 0.482155 0.154391 0.42065 -0.527336 -0.629109 -0.201432 0.843191 1.04664 -0.787539 0.0347434 
-1.79609 0.631989 1.00373 -0.16967 0.875845 0.242329 1.85466 0.39342 0.88008 0.125233 0.209032 0.590261 2.03048 -0.0662484 -0.302944 0.686438 0.568901 0.00284614 -0.0321639 -1.12911 -1.14143 -0.0192464 1.07846 0.438028 0.228276 0.172015 -0.531145 -0.910451 1.32303 -0.641661 -0.753032 -0.216249 0.219263 -0.641744 -0.865358 -0.758364 -0.230192 -0.0446391 1.40243 
-1.7837 0.635969 1.24002 1.03971 1.1232 0.570464 1.10406 -0.26789 -0.136053 0.565083 0.998073 -0.114909 1.34995 -0.197594 -0.374724 0.809459 0.00888285 -0.89727 -0.725281 -0.681544 -0.0546902 -0.51221 -0.0655672 -0.0335682 -0.283686 0.514492 -0.430389 -0.716931 0.947158 0.900227 0.650814 0.424187 -1.10115 -0.221618 0.766164 0.566697 0.323595 -0.943771 -0.614649 
-1.88924 0.454826 1.40688 -0.137088 0.241036 -0.272643 1.4068 0.323709 0.406766 0.0227012 0.168019 0.134898 2.53478 -0.558699 -0.595815 0.641135 0.519906 0.866195 0.608905 -0.325068 0.88369 0.908695 -0.513245 -0.0547056 -1.04495 -0.785775 -0.228944 -0.178949 1.29647 1.6835 -0.200084 0.882565 -0.817239 0.591086 0.257357 0.0734333 0.362949 -2.04643 -2.05413 
-1.99524 0.341347 1.56018 1.51722 1.74827 1.0582 0.877198 0.636518 0.7005 0.0308091 0.942845 -1.71304 0.545747 -0.13477 0.141991 1.00848 2.05014 0.61456 1.94071 -0.387461 0.697692 0.810264 0.166622 0.465423 -1.51649 -2.64933 -0.248377 -0.32607 0.989954 0.583802 0.292075 1.27006 0.863399 0.711242 0.897143 0.0970689 -1.17371 -0.9117 -1.35122 