-0.586875 -0.620573 1.50773 1.11275 1.2793 0.576503 2.10424 1.3871 -0.156528 0.365044 0.644951 -0.593522 -0.891327 3.06061 -2.09703 -2.913 0.943048 -0.517169 -0.768896 -0.989737 -1.66463 0.334128 1.53701 0.912377 0.153111 -0.759859 1.44747 -0.558892 -0.54531 -0.0248341 -0.568055 -1.10047 -1.27164 -0.796272 -1.36534 -0.427366 0.211227 0.616015 -1.48205 
0.136985 -1.98042 0.462525 1.69772 0.416183 -0.152908 2.04806 1.02979 1.03149 2.25623 1.50295 -0.82563 -2.05494 2.50555 -0.767512 -0.332153 -0.414475 -1.62002 -0.466748 -1.13673 -1.14633 -0.950049 0.863808 1.26683 -0.0236659 -1.6676 0.460312 0.390344 0.116969 -0.41718 -0.43087 -0.838265 -1.80523 -1.64808 -0.539479 0.481132 -0.735799 -0.212448 -0.0386734 
0.0321914 -1.02501 1.33966 0.843947 -0.246178 0.252792 1.00706 0.493893 -1.21444 1.19759 1.84505 -0.599729 -2.39371 -2.39618 2.64227 3.09172 -1.53635 -0.021973 -0.321119 -1.15638 -0.329292 -0.905721 -1.05055 -1.80246 -0.398393 0.733116 0.303126 0.000155258 0.19584 0.226954 -0.304071 -0.299216 -0.522038 0.0742936 1.35652 2.05394 -0.114115 -0.137415 0.639925 
-0.530664 -0.495139 1.88767 0.743595 0.402436 -0.364646 0.932453 0.754174 0.0246444 1.24553 -0.171515 -1.21315 -1.31127 -2.08376 0.803137 0.610763 0.695535 1.24019 0.0770374 0.531571 1.25475 2.29952 1.41473 -1.43524 -0.130035 2.3855 -1.73489 1.65927 1.79051 -0.609319 0.546074 0.18714 -0.494021 -0.0189771 -0.680794 0.362122 -0.47893 0.981883 1.26699 
-0.553445 -0.558984 1.61036 1.25321 0.93407 0.347194 1.47478 1.41563 1.47119 2.56059 0.5145 -0.714175 -0.104115 -0.327935 -0.439734 -0.793268 0.682236 0.710326 0.563258 0.584863 0.323868 0.190946 1.40141 1.21056 1.61086 0.672887 -1.61238 0.461411 -0.0921746 0.630961 1.14844 0.105324 0.548542 1.42356 1.7082 0.43681 -0.490884 -0.175323 0.829025 
-0.655393 -0.717919 1.50504 1.14474 1.08143 0.103608 1.45017 0.97227 0.28117 2.59571 0.975882 0.443912 -0.623958 -0.451259 -0.165081 -0.696958 0.133932 0.205013 0.058811 0.1489 0.500593 -0.593722 -0.978776 0.829462 -0.0699346 -1.46009 -0.360556 -0.6924 -1.09532 -0.2876 -0.331488 0.384324 0.141042 0.539274 1.00528 -0.0986383 0.943439 0.536388 0.425028 
-0.710547 -0.629549 1.27255 1.31941 1.13505 0.427582 1.58356 1.76731 0.823771 1.61901 1.30498 -0.767464 -1.41236 -0.274746 -0.429164 -0.563534 -1.09964 -1.1246 -0.064947 -0.393748 0.352112 0.802644 -1.57555 -0.151338 -0.942144 -0.190796 0.112352 -1.14043 -0.241997 0.00316883 0.0410606 0.575367 -1.08037 -0.549438 -2.31814 -2.28744 0.589695 0.402151 -1.26503 
-0.76616 -0.93484 1.22931 0.457382 0.0246164 0.088839 1.04992 1.21172 1.24238 1.07951 0.847786 -0.496927 -0.744682 0.578565 -1.28897 0.420996 -0.156641 -0.151191 0.687693 -1.42455 -1.1535 -1.78005 -1.68934 -0.180878 0.574805 0.0876375 0.503357 -0.931999 -0.0168413 0.56377 0.702936 1.65852 0.232221 0.814036 -0.0522203 -2.5111 0.80514 0.409626 0.161936 
-0.597318 -1.32298 1.45494 1.20811 0.999063 0.991513 0.216393 0.868682 -1.19031 -0.00674735 1.14922 -0.164674 -1.27259 1.00561 -0.752667 0.572758 1.8379 2.01004 2.21863 0.694357 0.659244 -0.880535 -1.34739 1.05002 1.45614 0.384187 0.857198 -1.08956 0.23772 0.913825 -0.329668 0.693182 -0.732969 0.108375 0.632634 -0.854605 0.440603 0.753822 -0.9011 
-0.54083 -1.33105 1.48232 1.56449 1.93313 1.8299 1.67035 1.68332 0.264547 -0.217001 1.84483 1.0027 -0.327467 0.698495 -0.0986418 -0.0893398 1.37007 -0.260794 0.21187 0.56609 1.30352 2.39606 0.653828 0.656392 0.359299 -1.06075 1.27955 -0.922174 0.00444501 1.12104 0.556148 -0.0873887 -1.01184 0.445095 0.722804 0.00272078 1.01793 0.752655 -1.70966 
-0.452607 -1.35672 1.39986 2.02943 0.759393 1.18959 0.716499 1.82729 1.60654 0.623619 1.77761 0.21882 -2.20722 0.923392 -0.416332 -0.536572 -0.343196 -1.30903 -2.33315 -1.88771 -0.0982187 1.58791 1.28874 0.0956706 -0.523458 -2.24455 1.13684 -0.599236 -0.308525 0.85847 0.198379 -0.361535 0.465964 0.809077 2.02313 0.17703 -0.0468479 1.03907 -0.977342 
-0.337083 -1.54086 1.21914 1.33922 0.701843 0.0711266 -0.13127 1.58236 2.13039 1.02469 1.94807 0.487908 -2.36963 1.01022 -0.648579 -0.270888 -0.231781 0.512281 -0.682542 0.0152157 -0.29822 -0.371172 -0.513873 -0.746725 0.922969 0.00397447 0.909364 -1.50784 -0.701675 0.407209 -0.680387 -1.85466 -1.09867 0.0121393 1.00252 0.562637 -0.0241308 0.242701 -1.31816 
-0.226067 -1.69524 1.26031 1.87223 1.25104 0.699954 0.699872 1.57516 1.2155 0.129664 1.0919 1.1759 -2.14572 0.434192 -1.51758 -0.321626 0.868939 0.45638 -0.0773198 0.590086 0.130775 -0.597118 -0.709415 -0.159633 0.833711 0.813793 1.48394 -1.27891 -1.40227 -1.12003 -0.373301 -2.03799 -2.02833 -1.15034 0.075554 0.652423 0.608063 2.04609 2.08504 
-0.261752 -2.36098 1.05597 1.85442 1.14061 0.0468444 0.391345 1.6545 1.47906 0.342457 1.8122 1.35416 -1.55049 1.23429 -0.986342 -1.4747 -1.31558 -0.97909 -1.9661 -2.42924 -1.08816 0.422744 1.1955 1.41663 1.58842 2.2997 1.81516 -0.772391 -1.14494 -0.656259 0.22704 -0.535315 -1.3331 -0.868381 -0.172718 0.349043 0.382699 1.20071 2.25727 
0.0592905 -2.22096 0.560587 1.05296 0.331875 -0.776599 -1.60971 0.725917 1.73906 1.28158 2.43229 2.81013 0.0635948 2.32158 0.544212 -1.09803 -1.78677 -0.168881 -0.619118 -2.16924 -1.17299 0.397135 1.04537 0.56793 0.645845 1.67888 1.40637 -0.0533611 -0.974734 -1.50917 -1.19658 -1.18215 -2.24578 -0.135521 1.08249 -1.24477 -0.979908 0.715614 2.1428 
0.309023 -2.03846 0.53153 0.747315 0.987891 -0.394023 -1.67435 0.741144 1.97312 1.34982 2.35774 2.02924 0.0780031 0.890485 0.952071 0.270643 -0.760002 -0.522142 0.429322 -0.245923 0.94048 0.649074 -2.67557 -2.59009 -0.70095 0.0673628 2.73104 4.06273 -3.05403 -3.71851 -3.98161 -1.71693 -2.03285 -3.548 -2.47918 0.322241 -2.84606 -1.64083 0.308747 
0.254399 -1.67239 0.673019 0.573082 -0.155027 -0.411328 -1.8713 1.4101 2.52335 -1.29377 0.020173 2.11473 0.184397 1.84796 4.79741 -2.7397 -3.28781 -4.83163 -1.61241 -0.250224 -3.13999 -2.93407 -0.739953 -3.90767 -2.63455 -1.32438 2.77166 2.50593 -2.78742 -3.06493 -2.86644 -0.174849 0.412473 -1.74085 -1.50282 -0.436016 -3.87017 -3.33953 -0.420823 
0.755471 0.641206 -0.756828 -1.27673 -3.57574 -1.59863 -1.93997 -1.65905 -1.3704 0.638179 -1.28837 -0.633773 -1.10328 3.34176 2.35627 -3.77069 -3.42739 -3.07721 -0.65746 0.762992 -3.04763 -2.19674 2.11701 -1.93846 -3.36111 -0.51345 2.45326 2.07429 -3.46994 -2.93621 -2.6748 0.132262 0.864398 -2.10022 -2.09536 -0.95327 -2.98143 -2.74633 -0.418478 
1.09297 -0.345616 -1.09508 -1.53623 -3.059 -0.881676 -1.18649 -0.920278 0.029237 0.745426 -1.78167 -1.28763 -0.238195 1.8928 -2.05282 -1.62482 -0.724873 1.47308 1.78326 1.31 0.594186 0.786029 -0.407977 0.410792 -0.703484 0.88087 2.65373 1.91472 -3.73545 -2.67193 -0.997082 0.408747 1.74669 -3.1665 -2.32666 1.04838 -0.143539 -2.10002 -0.833532 
1.21369 -0.475551 -1.5264 -1.73515 -2.17519 -0.192324 -0.742056 -1.23662 -0.428336 0.246186 -0.889999 -1.33175 -0.221378 0.708447 0.179899 -0.93015 -0.226547 1.82664 1.1875 1.3563 -0.799676 -0.185654 -0.984221 1.73589 0.811942 -0.385516 1.48662 -1.41063 -0.926513 -0.499559 2.33605 1.5949 1.61183 -0.17232 0.920255 -1.16911 0.707626 -0.655141 0.916427 
1.2403 -0.224993 -1.54141 -1.69024 -1.32397 0.0665534 0.0548508 -1.55146 -0.148084 -0.201405 -0.142267 -0.443527 -0.541094 0.35585 0.245871 0.481842 0.019751 1.46432 0.287767 0.647343 -0.786782 0.121411 -0.985887 0.374689 -0.0821301 0.140448 0.772332 -0.524011 -0.25548 0.00525854 2.26522 0.700897 0.283987 -1.12767 -0.754636 -1.54852 1.11018 -0.713885 0.467979 
1.26846 -0.318365 -1.3157 -1.7387 -0.782918 0.0641069 -0.165733 -1.85805 -0.251915 -0.702249 -0.52544 -1.39745 -0.0321989 0.437612 -0.828871 0.63711 0.206674 1.02176 -0.277914 -0.993525 -0.559031 -0.60394 -0.841944 -0.48311 -1.66926 0.914738 0.560012 -0.370713 0.211141 0.197404 1.74464 0.0330605 0.07779 -0.918769 -0.70722 -1.27554 0.434532 -0.648066 0.466861 
1.31653 -0.663433 -1.25845 -1.5796 -0.350361 -0.111964 -0.907999 -2.00073 -0.807274 -1.01124 -0.581086 -2.12427 0.372491 0.46247 -0.694626 -0.183851 0.221198 0.729985 -0.2458 -0.532186 -0.316934 -0.862962 -0.52924 0.093777 -0.694848 0.387547 0.453081 -0.545141 0.582346 1.05105 1.38312 -0.351616 -0.302911 0.260635 -0.269416 -0.665324 -0.0383026 -1.30653 0.274269 
1.35121 -0.682406 -1.41475 -1.61919 -0.0853218 -0.0897188 -0.695836 -2.12433 -1.2095 -1.211 -0.423972 -2.08665 0.38816 0.215647 0.152302 0.131056 1.19302 0.718308 -0.179872 0.651507 0.894903 0.305981 0.0221045 0.402696 0.0885912 -0.59808 0.36893 -0.520966 0.0216944 0.783782 0.692114 0.150499 0.168937 0.944547 0.104058 0.142715 0.592041 0.312505 -0.392851 
1.33449 -0.558104 -1.21097 -0.866432 0.336189 -0.215098 -0.327769 -1.351 -0.418227 -0.989132 -0.190297 -2.01624 -0.129277 0.0608928 0.0496321 0.241885 0.81571 0.141863 0.440337 0.7568 1.48759 0.943415 0.630097 0.55753 1.0903 -0.802939 0.141832 -0.379431 -0.257318 0.173383 0.204095 -0.106214 0.60989 1.12864 0.194721 0.672309 0.71238 1.60982 0.221848 
1.32855 -0.633977 -1.3157 -1.13651 0.0559182 0.284022 -0.0168393 -1.02659 -0.0861237 -0.603483 0.111828 -0.959295 -0.305271 -0.0428342 -0.612443 -0.426424 -0.984682 -0.459639 0.0409002 0.102635 0.500465 -0.133666 0.682181 0.388303 1.89031 0.857215 0.046436 -0.132818 0.209846 0.0411896 0.0467789 -0.149283 0.384054 1.27933 -0.119345 0.306776 -0.358876 0.962322 0.348858 
1.2846 -0.876599 -1.4229 -1.48356 -0.0915863 -0.148482 -0.262395 -0.999414 -0.535657 -0.331466 0.187013 -0.0748088 0.73049 -0.0353354 -0.187679 0.0544659 -0.78681 -0.0808564 -0.635261 -0.273858 0.0917068 -1.08932 -0.342307 -1.01007 0.0982906 1.20145 0.24612 0.089753 0.116968 -0.495986 -0.435705 -0.292038 0.101595 0.642482 -0.55699 0.825587 -0.0784037 1.92571 1.01237 
1.28063 -0.717066 -1.30386 -1.63277 -0.0135324 -0.169258 -0.304625 -0.983981 -1.30448 -0.932246 -0.820523 -0.8414 0.876552 0.376626 0.765089 0.605134 0.284411 -0.0855773 -0.421284 0.0411084 0.301491 -0.455668 0.196753 -0.515267 0.474149 0.269384 0.218738 0.0255753 0.108866 -0.318582 -0.269678 -0.864246 -0.264051 0.796404 -0.238086 0.709389 -0.0424361 1.29605 1.14292 
1.34482 -0.431661 -1.15482 -1.32544 -0.165503 -0.437236 -0.254733 -0.798232 -1.02404 -0.141194 -0.281923 0.425555 1.0403 0.32686 0.256504 0.113981 0.327349 -0.255753 -0.488507 -0.0214928 0.898127 0.823104 1.08884 0.924863 1.49764 0.0684095 0.335474 0.630989 0.560665 0.323521 -0.0329439 -0.291864 0.353861 1.23463 0.0592312 -0.382713 -0.49689 0.682785 0.318729 
1.32778 -0.553988 -1.26433 -1.44842 -0.248433 -0.509699 -0.355685 -0.331808 -0.319697 0.116975 0.0593046 0.700453 0.998334 0.0950943 0.0944472 0.13557 0.127731 0.0464155 0.0411252 0.405575 1.22324 0.490702 -0.694579 -0.0974874 0.373251 0.0960618 0.311012 0.693419 0.71158 0.947181 0.225879 -0.374666 0.0556072 0.742058 0.43562 0.490001 0.186448 1.64976 -0.559297 
1.33113 -0.358395 -1.10524 -1.26303 -0.114556 -0.370446 0.0948057 0.0996912 -0.422189 -0.809143 -0.359585 0.823246 1.18795 0.107099 0.684571 0.817875 0.93136 0.541793 0.000775848 0.110011 0.0253722 -0.406706 -0.592281 -0.744379 0.530005 -0.666449 -0.155359 0.183013 0.485878 0.834276 0.0620942 -1.20965 -0.361291 0.907948 0.294033 -0.772462 -1.38969 0.581141 -1.19052 
1.31725 -0.153674 -0.897255 -0.895091 0.271135 -0.473934 -0.283392 -0.339341 -0.751671 -0.452476 -0.624207 1.25766 0.432601 -0.38103 0.180003 0.510409 0.977719 0.0338347 -1.61362 -0.8177 -0.0972565 -0.217763 -0.247335 -1.55165 0.350087 -1.38676 -0.110077 0.503118 0.172254 0.932239 -0.295398 -1.3487 -0.430965 -0.521956 -0.819059 -1.54689 -1.49639 0.318823 -1.7599 
1.19247 -0.237714 -0.881242 -0.681384 -0.0755096 -1.57598 -0.703116 -0.000535809 -0.6365 -1.04646 -1.79915 1.19737 -0.0516863 -0.323138 0.00795714 -0.569139 0.307066 -0.910719 -1.75392 -0.605805 -0.644736 -0.448163 -1.23203 -1.02862 -0.126841 -1.24905 -0.244627 0.514945 0.218817 0.847011 -1.07595 -1.25257 -0.4505 0.0268655 -0.169333 -0.966595 -0.416683 -0.447498 -1.57351 
1.19378 -0.128341 -1.17559 -0.723129 -0.583356 -1.78734 -0.882551 -0.853402 -1.2314 -1.63791 -1.57393 1.14646 -0.678202 -0.0427009 0.527972 -0.202696 0.145018 -1.38349 -0.0146391 0.298446 0.147788 0.0212099 -0.915778 1.032 -0.88226 -0.32421 -0.446785 0.222607 -0.173954 0.48628 -1.72786 -1.11009 -0.0879323 0.54014 -0.270636 -2.17473 0.144055 0.0212973 -1.00374 
1.14261 0.0758123 -0.989066 -0.608413 -1.37724 -1.55207 -0.454066 0.0844634 -0.575511 -1.92739 -0.818982 0.317464 -0.297229 -0.412646 0.318204 0.379362 0.326008 -1.25804 0.310766 0.52195 1.32177 0.148967 -1.30766 1.1599 0.166858 0.163308 -0.317559 0.518988 -0.578676 0.323228 -1.33661 -0.220476 0.133598 0.222228 0.622847 -0.737256 1.54108 -0.740031 -0.111122 
1.04682 0.0689316 -1.01257 -0.539596 -1.76641 -1.51323 -0.423849 0.119 -1.02324 -2.89616 -0.473981 1.33413 -0.467636 -0.493609 0.185283 -0.49971 0.266727 -0.293685 -0.272775 -0.116271 0.141204 0.584891 0.013978 0.720974 -0.00696613 0.217967 -0.733919 0.268941 0.0471876 0.301843 -0.839893 -0.279842 0.782252 0.659371 1.63023 0.780663 1.54867 -0.360811 0.931024 
0.974395 0.19942 -1.2351 -0.461093 -1.64802 -1.72663 -0.594031 0.164486 0.134843 -1.91311 -0.130108 0.328251 -0.0355259 -0.766362 0.0684731 -0.289038 0.0567072 0.204975 -0.675306 0.439177 -0.499202 1.47784 2.1354 0.601889 -0.593226 0.874029 -0.572913 0.823376 0.202501 -0.0711589 0.424809 -0.613231 -0.0823854 -0.486663 0.65555 0.666112 0.0891686 -0.181766 0.901815 
0.806999 0.127802 -1.16057 -0.520572 -1.56547 -1.9973 -0.0427901 -0.285053 0.715799 -0.839255 0.103363 0.748343 0.407863 -0.436869 0.925523 0.786757 -0.390331 0.829674 -0.524887 0.0390774 -0.717489 0.054345 0.683247 -0.653415 -0.200867 0.787317 -0.828555 0.811987 1.00247 0.599122 0.701061 -0.838957 -1.24958 -0.520103 1.18123 2.11068 0.650608 -0.276271 1.09387 
0.821071 0.73327 -0.882506 -0.715151 -0.856121 -2.09505 -0.588275 -0.404568 0.234004 -1.25441 -0.728427 0.141727 0.758848 -0.558728 1.02746 1.58934 0.729541 0.678114 -0.415608 -1.91803 -0.117899 -0.305968 0.207794 0.117404 0.270045 0.342 -0.811963 0.863304 1.35105 0.454105 0.193768 0.063246 -0.616484 -0.630833 -0.989962 1.8653 0.138221 0.384948 0.848589 
0.621687 0.718146 -0.434517 -0.0905324 -0.916939 -2.28169 -1.87285 -0.400884 0.399874 -0.638353 0.22696 1.04101 0.785609 -0.86261 0.237432 0.955067 0.97973 -0.583981 0.606069 -0.757656 -0.0347697 -1.08238 1.38036 0.777915 0.68474 0.15956 -0.700936 1.18506 0.901256 0.367079 1.05541 1.29717 0.448438 -0.452109 -0.911404 0.791636 0.594998 -0.350825 -0.342145 
0.555989 0.885779 -0.451594 -0.132278 -1.40152 -1.59388 -1.32987 -0.457562 -0.976349 0.0754934 0.0137757 0.856385 0.965908 -0.569368 0.555738 -0.417239 -0.258273 0.650197 2.09984 2.47829 -0.416209 -0.642466 0.632456 0.537336 -0.684223 -0.701751 -1.10505 0.727608 0.483239 0.51347 0.397268 1.67754 0.573315 -1.61593 -1.60639 1.5511 0.53933 -0.799414 -1.10727 
0.433581 1.04706 -0.642173 -0.26392 -0.294821 -0.631962 0.420946 -0.742203 -0.303698 -0.0285636 0.743846 0.362631 0.186847 -0.889288 0.748296 -0.312432 -0.309748 1.08537 1.57232 1.46788 -1.9199 -0.570237 0.325241 -0.187796 -1.64645 -1.3589 -0.696084 0.5399 -0.289501 -0.134124 0.913673 2.29233 1.98153 0.0678377 0.453902 0.347104 -0.81253 -0.590891 0.273254 
0.283903 1.32141 -0.610481 -0.33711 -0.36774 -0.349762 0.0161297 -1.93551 -1.59671 0.38948 -0.148465 -0.801144 -0.247669 -0.551238 0.184831 0.0811081 0.0491996 0.500032 0.877256 -0.076978 0.516751 1.07739 -0.298715 -1.51649 -0.0229701 1.0173 -0.617887 0.673338 0.798709 0.378942 0.700931 0.97678 0.892398 0.196316 1.73974 0.00457846 -0.309649 -0.105213 -0.936811 
0.250234 1.17042 -0.617937 -0.249481 0.185242 0.0777236 0.317839 -0.378309 0.974018 -0.315354 -0.662796 0.357132 1.19638 -0.110611 0.166551 1.35465 0.79712 -0.20244 -0.304319 -0.374477 2.17727 2.30799 -0.381781 -0.207604 1.53205 0.346607 -0.312345 -0.0548193 0.124728 0.27281 0.602104 0.438584 0.141348 0.004622 -0.341173 1.04709 -1.3649 -0.180215 0.412809 
0.216222 1.43464 0.006366 0.134211 -0.552207 -0.548582 -0.366039 -0.316447 1.09867 0.0227103 -0.329257 0.775728 0.134387 0.0229762 -0.221006 0.107431 0.294107 0.258721 -0.308455 0.26846 -0.49337 -1.44805 1.43003 -0.103869 -0.182969 -0.548613 -0.314239 -0.844104 -0.181263 0.0401699 0.0776077 0.822091 0.525174 1.47398 -0.333872 0.354168 -0.987014 -1.20326 -0.428731 
0.21762 1.06886 -0.581451 -0.0854356 0.437028 -0.124277 0.538761 -0.777954 -0.657598 1.06238 -0.746434 0.18882 0.740894 -0.420575 -1.23359 -1.55368 -0.769604 0.302182 1.37136 1.02689 -0.360377 -2.67126 0.723571 -0.9741 -2.98668 -0.801372 -0.000596892 -0.524897 0.648315 0.4583 0.128724 1.59571 0.320446 -0.537083 -1.93942 0.409183 -0.648099 -0.557364 -0.875374 
0.0671754 0.771901 -0.730107 -0.351534 -0.259307 0.541013 0.566306 -0.615564 -1.94209 0.720229 -1.22792 -2.2456 -0.557577 -0.0700193 -0.429122 0.744292 0.300987 -0.0947525 2.38054 0.138096 -0.144458 -0.541989 -1.02556 -0.684413 -0.483302 -0.396268 -0.0383093 -1.28249 -0.213799 -0.0767127 0.302643 0.840492 -0.00746058 0.0706144 -1.42663 0.711581 -0.632551 -0.955219 -0.450548 
0.160595 0.85196 -0.248618 0.0828123 0.354431 1.74127 0.6374 -0.91386 -1.24542 0.075751 -1.37378 -0.285107 0.427936 0.315318 -0.406006 1.31344 0.638461 0.080309 -0.280414 -1.0141 0.464308 1.20079 0.0254623 0.203867 1.8348 0.322666 -0.275513 -1.05565 0.449354 -0.617019 -0.0789691 0.865677 -2.01641 -0.0202605 -0.478479 -1.41623 0.117395 -0.748244 -1.03963 
0.111302 0.567814 -0.132436 0.0228678 -0.176297 0.360573 -0.415848 -0.29131 -0.522213 0.745573 -1.02334 -0.360656 -0.197919 -0.401388 -0.914211 -0.144576 -1.16555 -0.00223831 -1.25688 -2.53781 0.137467 0.0322026 -0.649875 0.784738 -0.415949 -0.728855 -0.0934444 -0.491053 1.02264 -0.79174 0.0941665 0.110941 -0.541354 -0.0114135 0.994497 -1.54889 0.379441 1.81813 -0.64678 
0.0165842 0.366224 -0.329398 -0.644804 0.359353 0.810036 -1.77403 -0.836662 -1.17177 -0.549155 -0.625191 -0.690497 -0.196183 -0.505682 -0.19992 0.0124114 -1.74019 0.0402388 0.423559 0.385747 -0.460501 -0.218128 -1.85206 0.200648 0.398354 -1.0167 -0.42218 -0.849935 0.525684 -0.236471 0.351752 -0.700379 -1.37701 0.777604 0.303488 -0.610869 0.365256 -0.282262 -0.751758 
-0.0600862 0.477941 -0.140165 -1.05578 -0.131193 0.721413 -0.0849077 -0.66611 -0.736945 -1.03685 -0.821782 0.0625794 -1.09134 -0.296416 -0.160439 0.840973 0.817549 0.446433 0.345996 0.905945 0.82942 0.250317 -0.107917 -0.39669 0.0854552 -0.0803776 -0.573398 -0.361416 0.176608 0.144997 -0.37627 -0.308261 -0.843613 1.0385 -0.198113 -0.83558 0.495077 -0.195889 -0.22573 
-0.0998709 0.298232 0.0484236 -0.161003 0.788712 1.11124 -0.955132 -0.236425 -0.846846 -0.652234 -0.983073 -0.585663 -0.213603 -0.425544 -0.236691 0.24184 1.91 -0.510778 -0.82502 -1.37708 1.74584 -0.00758492 0.838223 0.3381 -0.623426 0.784697 -0.450068 0.455753 0.969839 1.96717 -0.0194807 0.695633 0.532066 0.596748 0.772722 0.918812 -0.248141 -0.267871 0.455561 
-0.210438 0.367689 -0.0411357 0.0953678 -0.607344 0.122229 -1.40754 0.626842 -0.709128 -0.228941 -0.491491 -0.553936 -0.29942 -0.444436 0.791105 0.417999 1.82571 -0.468679 0.556751 -0.24526 -0.0832871 0.50764 1.09307 0.0726893 -0.398385 0.595974 -0.601933 0.746153 0.34232 1.47869 -0.442684 -0.314746 -0.702566 0.0351332 0.465794 1.49426 1.29633 -0.134545 1.18741 
-0.255182 0.757587 0.229424 0.938652 0.352386 1.57449 -1.21609 -0.326092 -0.225486 0.40106 -0.901354 -0.973179 0.401755 -0.549729 1.24664 0.222305 0.0701853 -0.0432076 0.415134 0.555127 -1.68522 0.454556 0.802606 1.13077 0.473228 0.53398 -1.02934 0.946963 -0.149412 0.564827 -1.19462 0.511055 1.80065 0.285678 0.499924 1.26322 0.75002 -0.162002 -0.955886 
-0.393388 1.0795 0.0488034 0.122626 -0.64118 0.476592 -0.917718 -0.673709 -0.148921 0.544678 0.581181 -0.0545089 0.257938 -1.19058 0.481115 -0.576691 -1.08601 -1.03008 0.106202 2.42936 0.449726 -0.0260876 0.28451 0.762004 0.214675 -1.6292 -1.14223 0.86706 0.304095 0.926095 0.637335 0.612759 1.04382 -1.30671 -0.415644 0.319699 0.419394 0.701509 0.573815 
-0.606357 1.04515 -0.0524294 0.259623 -0.615024 1.69132 1.03181 -0.0128608 -0.218984 0.675829 -0.174053 -0.736853 -1.06471 -1.25955 -0.0787785 0.193423 1.1599 0.846227 0.379947 0.720107 0.107983 -0.900675 -0.500091 -0.679877 0.397025 0.111381 -1.33101 0.855122 0.0884814 -0.268711 -0.298916 -1.21472 0.883822 -0.0659763 -0.389502 -0.507508 0.0894316 0.843583 0.176187 
-0.762669 1.05677 0.125303 0.81556 0.166381 0.8039 -0.27314 -0.618798 -1.14995 0.0639925 -0.0419219 0.367374 0.419922 -0.910097 0.671155 0.719319 0.694248 0.656738 -1.68529 -1.34626 -0.512518 -0.393545 -0.92453 -0.69414 0.828988 1.83823 -1.27745 0.189246 0.38755 1.01024 0.819415 -0.666007 1.23634 1.81384 -0.253847 0.274797 -0.907 -0.149019 1.65323 
-0.883905 1.43802 0.268783 0.668103 0.0132818 0.430675 -0.261917 -0.42698 -0.635797 -0.213528 -0.810513 0.124591 0.712877 -0.758457 0.361369 0.328011 0.184402 0.185569 -1.24617 0.786324 2.12373 0.618492 0.751444 -0.408945 -0.564889 1.71845 -0.837093 0.817345 1.09126 0.691452 0.947389 -2.288 -1.74101 0.0552494 0.39725 -0.84078 -0.753633 0.429083 1.32934 
-1.00041 1.27796 0.26443 0.91259 0.348966 -0.119107 0.433551 0.959799 -0.40089 0.788349 -0.411281 -0.189574 2.08544 -0.428172 0.431775 0.693444 0.21733 0.535854 -1.28814 -0.722741 0.597695 0.771066 -0.0952266 -0.216649 -0.291245 -0.363815 -0.895386 0.217152 0.198644 -0.881713 -0.034255 -1.55794 0.503996 0.89646 0.97877 -0.524469 -1.03057 -1.05352 -0.267121 
-1.03495 1.69824 0.577955 0.785247 0.527232 -0.524602 -0.970764 -0.0019005 0.289033 -0.30439 -0.999776 -0.153902 0.43028 -0.669794 -0.0423311 -0.0458492 -1.40827 -0.226378 -0.778809 -0.159348 -1.01177 0.348237 -1.41079 -0.82332 -0.706965 -1.99588 -0.950826 -0.379612 0.217532 -0.448128 0.361844 -0.960034 -0.387412 0.572601 0.0119422 -0.481876 0.0356736 -0.647991 0.51307 
-1.21488 1.27542 0.22959 0.0367049 0.141853 -0.682759 0.25318 0.168299 0.036837 -0.569205 -1.16872 -0.891097 0.275929 -1.08566 -0.892151 -0.387358 -0.852637 -0.0789788 0.0399324 0.279248 0.118964 -0.783947 -0.515589 0.222109 -0.485642 0.942517 -0.802815 -0.13292 -0.0409795 -1.0808 -0.148601 -0.495937 -0.119456 -0.876121 0.178672 -1.43256 -0.377325 0.123231 -1.00897 
-1.35858 1.22473 0.384203 0.24878 0.459558 -0.45873 -0.739722 0.0613113 -0.577527 -0.799997 -0.778117 -0.630209 1.36985 -0.615562 -0.0958486 0.0244995 -0.0858399 0.0418973 0.133528 0.0376373 -0.0398872 -0.192184 -0.283256 0.34936 0.871398 0.904399 -1.02504 -1.18958 0.0211803 -0.794009 -0.134632 0.531708 1.33133 1.11647 0.209049 0.21671 0.695382 0.541467 1.65403 
-1.41511 1.24323 0.227486 -0.0313482 0.188526 -0.544922 0.257585 0.111437 -0.148007 -0.84111 -0.827888 0.013502 1.17984 -0.542734 -0.626104 0.444741 -0.252176 -0.0879501 0.649853 1.34125 1.26155 0.970779 0.700757 0.549159 1.16056 0.8882 -0.63229 -0.259334 1.44808 0.68794 0.82909 1.88212 0.966835 0.497055 1.27452 0.942739 1.10782 1.33924 0.412884 
-1.53969 0.898662 0.577647 0.0791168 0.383397 0.0761066 0.487503 0.98819 0.577374 -0.124445 -0.250157 0.568633 2.25861 -0.40657 -0.207436 1.84022 0.992651 1.00205 2.31065 1.14515 0.664335 1.45857 1.29567 0.900673 0.777243 -0.435635 -0.548045 -0.274211 0.853822 -0.0446266 0.645914 1.83727 1.78109 1.07111 1.13695 0.871199 1.26535 1.36853 -0.382889 
-1.56048 1.14919 1.07028 0.559418 1.1435 1.26689 1.30086 0.586889 1.56884 0.40726 0.0292838 0.82229 0.830052 -0.349356 0.303389 0.667281 0.164588 0.901749 1.73605 0.819358 0.0635881 0.156216 0.230148 0.88374 0.523835 -1.29266 -0.61295 -0.924764 1.48957 1.20512 0.792935 1.92348 1.15821 0.668702 0.947786 0.820069 1.46444 0.420404 -0.137822 
-1.67004 1.08772 0.874645 0.164043 1.24348 1.44612 1.22518 1.00954 0.793891 0.0979814 0.591156 1.11956 1.10701 -0.585709 -0.964945 0.0770563 0.616191 -0.00352978 0.187258 0.267451 0.169625 -0.523236 -0.423028 0.763339 -0.250094 0.300093 -0.540799 -0.75461 0.281264 -0.362788 0.453519 0.886873 0.64876 -0.156985 0.195865 0.624677 1.3993 -0.512287 -2.01535 
-1.75288 0.635336 1.09263 0.920214 1.1472 1.44604 1.52084 0.688395 1.00262 0.000775095 0.757836 0.585673 1.16859 -0.53155 -1.25354 -0.280471 -0.684055 -0.329688 -0.584856 -0.0185375 -0.237465 0.0172572 0.419866 0.70466 -1.13509 -0.903153 -0.757824 -1.60741 0.518311 0.49205 -0.430716 -0.458523 -0.60521 -0.443876 -1.03533 -0.0160919 0.211535 0.145696 0.573144 
-1.84822 0.413932 0.73063 -0.269442 0.938638 1.03159 1.17689 0.803335 0.850326 0.503077 1.26475 -0.0176184 0.319823 -0.630199 -1.09902 0.610002 0.0247159 -0.535418 -0.783931 -0.972491 -0.693684 -0.550767 0.342936 -0.553735 0.441947 0.34453 -0.406447 -1.34196 0.153377 -0.313947 -0.112388 0.409022 -0.130728 -0.629441 -0.105126 -0.551077 -0.506069 -1.4708 -0.0367899 
-1.95695 0.0471803 1.36298 0.919697 0.647736 0.878449 0.577721 0.137335 0.404682 0.3318 0.252873 1.05327 1.5487 -0.141969 -0.463727 0.505297 0.230886 0.190708 1.11525 -0.116709 -0.513095 -0.148754 -1.10953 -1.32807 -0.646088 0.878477 -0.206276 -0.740322 0.557461 -0.191754 0.0550755 0.318491 0.205589 0.657938 0.549269 0.926596 0.573436 -0.478403 -1.40616 
-1.92414 0.177856 0.952253 -0.144016 1.12608 1.92427 1.03652 0.38878 0.715514 -0.564406 0.03458 -0.657195 1.19948 0.265667 0.167528 0.126644 -0.312018 0.60685 1.19671 1.24112 1.51451 1.08232 0.651089 1.18344 -1.01184 -1.87186 -0.234456 -0.843522 0.431243 0.898412 0.415408 0.542248 0.0632283 -0.231297 0.399335 -0.187299 -0.35408 -0.320108 1.46489 
-1.92586 0.160948 1.4084 0.713478 1.22885 1.83376 1.71102 1.25542 1.68808 0.959529 1.37488 0.0415058 -0.144778 -0.266062 -0.602547 0.0714787 0.961624 0.333468 -0.411776 0.214379 0.248511 0.528388 0.834361 0.881092 0.269401 0.744691 0.0965416 -0.0960676 -0.195785 -0.480232 -0.261993 0.701306 1.96208 0.940508 0.645945 0.098341 1.30764 -0.32552 -0.770399 