-0.466911 -0.713191 1.99541 1.44221 0.925032 -0.267603 1.74059 -0.505699 -0.413159 1.3963 1.55071 -0.715904 -1.05427 -0.225592 0.466591 -0.137962 -0.402863 0.35068 -1.78689 -0.211104 -0.355793 -1.57288 0.155692 0.160295 -0.673221 0.664986 0.212688 -0.0868355 0.194456 0.0301128 0.0644132 0.119148 1.65083 -0.538382 -0.418695 0.28076 0.43519 0.975135 -0.125116 
-0.539277 -0.594264 1.36751 0.98377 1.04185 -2.07233 0.73389 -0.242475 -0.1739 1.76293 1.64333 -1.03812 0.417941 0.0310561 -0.0307414 -0.532988 -0.027135 0.851244 -1.28802 -0.29725 0.256973 -0.40628 1.0025 -0.0419209 0.00841344 1.93024 1.94376 -0.637573 0.196926 0.375177 -1.06507 -1.48864 -0.80352 -0.795511 -1.30872 1.63071 -0.49486 -0.690367 -0.876652 
-0.497128 -0.720057 1.46944 1.41678 1.31739 -1.16756 1.42091 -0.251437 -0.849729 1.95053 1.44641 -0.731312 0.769061 3.05224 -1.43802 0.397905 0.900881 -1.88248 0.078714 -0.688794 -0.58429 0.151462 1.66266 -0.604729 0.0279369 -1.73409 2.19682 0.0330119 -0.284332 -1.31029 -0.661835 -1.37078 -1.22516 0.795451 0.464764 0.946434 -0.901221 -0.479202 -0.63422 
0.273363 -1.2295 1.63177 1.43299 0.190205 -2.04409 0.0478808 -0.732949 0.00399184 2.70439 0.87863 -1.03226 -1.1177 3.16223 0.0803106 0.204061 -1.67935 -1.80333 -0.279313 -1.10867 0.697312 0.93046 0.04759 -0.79143 -0.441029 -2.70856 0.605115 0.184325 0.472504 -0.241245 -0.103133 2.35221 0.629579 1.44495 -0.412618 0.43323 -0.802521 -0.223598 -1.05846 
0.346199 -0.677337 1.56915 0.546299 0.501763 -1.38246 0.342063 0.392639 0.186382 1.94463 0.462639 -1.23626 -1.65985 -2.16506 1.71797 0.199236 -1.20911 1.73364 2.80273 1.50878 2.31194 -0.589812 -1.18876 -0.134159 -0.203127 0.446924 0.159164 0.508513 1.30345 -0.743582 -0.576324 0.555563 -0.105732 0.605226 0.785473 0.345478 0.229946 0.122702 -2.20233 
-0.369533 -0.455542 1.72738 0.803018 0.984104 -0.165864 1.41794 1.34049 -0.634773 1.97328 0.666101 -1.27808 -0.654081 -2.92117 0.693232 1.40983 0.714094 0.974182 1.01386 1.0462 0.0304716 -0.0544473 0.327785 1.04069 0.614605 0.0494094 -1.81986 0.883501 -0.412978 -0.776426 1.08281 1.11315 1.44615 1.48421 0.0125391 -1.92999 -0.32896 -0.11531 0.369359 
-0.507638 -0.36094 2.69243 0.899979 0.950064 -0.719129 1.27932 0.446389 0.137426 2.10308 1.62867 -0.591393 -1.56062 -0.461146 -0.37349 -0.685575 0.200892 -0.177469 -1.4019 0.291185 -0.537546 0.617879 -0.990614 -0.151498 0.136997 -0.021525 -1.83306 0.0444691 0.536065 0.962993 0.553316 0.107447 -0.30274 -0.0766549 -0.204993 -0.847686 -0.376639 -0.00467896 0.0139262 
-0.537066 -0.615449 1.07188 0.894214 0.908336 -1.14316 1.6488 0.891401 0.0569686 1.35839 0.433226 -1.15344 -0.619874 0.275829 -0.626218 -0.734916 0.552758 -0.179256 -0.814788 -1.3451 -0.114608 -0.156129 -1.29202 -1.37197 -0.569317 -0.0503263 0.521331 -0.760434 -0.99376 0.115638 -0.435571 -1.07509 -0.915337 -0.199062 1.66207 -2.33962 -0.23178 1.02826 0.0976224 
-0.469568 -0.633694 1.99504 1.17114 0.873483 -1.29769 -0.0207326 0.371706 -0.0235531 1.3114 -0.0363092 -1.23608 -1.55282 1.22693 -0.785001 -0.511412 -0.042336 -0.449315 0.187903 -1.32528 0.307659 1.2198 -1.64867 -0.0411508 0.948585 0.120996 1.15607 -1.05789 -2.26796 1.22668 0.444329 0.305362 -1.11864 0.562546 1.5815 -1.05522 -0.387512 0.627001 1.45172 
-0.233655 -0.959101 0.564224 0.861008 0.708863 -1.04076 0.367295 1.19053 1.41185 0.35751 0.329833 -0.144787 -0.455022 1.40958 -0.985162 -2.02119 1.05898 0.817492 1.25036 0.0670242 0.791572 1.90542 0.0947776 1.03028 1.25079 1.77394 1.91509 -0.976261 -0.745871 2.04491 0.651762 0.297346 -2.00193 -0.712799 0.417267 0.106766 0.762236 2.02179 0.405773 
-0.1152 -1.06672 0.205737 1.70122 1.25048 -0.473745 0.000406104 1.09923 2.08667 1.33318 1.11751 0.101733 0.127238 1.55819 -0.702096 -0.382256 2.72428 1.38578 0.238086 -1.01285 -1.14926 -0.74773 1.75603 0.799845 1.13761 0.34808 1.7916 -1.62368 -2.06698 1.14075 0.760155 0.441346 -1.24688 1.0036 1.46415 -0.828035 0.0223103 0.226791 1.63771 
0.162171 -1.26574 0.166208 2.24282 1.34446 -0.90428 -0.621904 0.199918 0.599105 1.35374 1.21326 1.06975 -0.0820098 1.19661 -1.48766 -0.488995 0.440376 0.274803 -0.652294 -1.49901 0.41056 -0.284872 -1.03695 -0.979746 -0.972378 0.172751 1.89039 -1.47831 -0.279509 0.513009 0.722396 -0.257096 -1.62623 -1.4093 -0.846296 1.20453 -0.897384 0.128728 0.831079 
0.179751 -1.72412 -0.282889 1.9149 1.38052 -0.941954 -1.44365 1.48945 1.78386 0.691114 -0.0872272 -0.981977 0.339532 1.19114 -1.5494 0.0592309 -2.04598 -0.347765 -0.474627 -0.8744 -0.521673 -0.166386 -0.416169 -1.62952 -0.957963 0.631118 2.10626 -1.61254 -0.497204 -1.00069 -0.774557 -0.940573 -1.32375 -0.572682 -0.949185 -1.37974 0.306806 0.625254 -0.262967 
0.455598 -1.9507 0.142969 1.18483 1.1912 -1.25183 -1.48157 -0.235123 0.426825 1.07581 -0.753926 0.00174236 0.550455 1.86548 -0.968206 -0.100403 -1.74192 -1.38894 -0.400967 -0.0252205 -1.08532 -0.742118 -0.524642 1.30256 1.65209 -0.505781 1.48092 -1.09018 -0.260982 -1.44889 0.0493596 -0.279724 -1.01926 -0.44361 -0.00657138 -1.06975 -0.499824 0.890926 1.18794 
0.661307 -2.14957 -0.441641 1.01242 0.753466 -1.23948 -1.50881 0.555439 0.977295 0.349556 1.38609 0.792944 -0.0701622 0.964934 -0.111139 -0.359586 0.158224 0.41816 0.211047 -0.284415 0.000600341 0.173488 -0.79738 1.18034 1.90524 0.776111 1.33788 -0.384053 0.541717 -0.29346 -0.164847 -0.107938 0.235626 -2.38221 -1.15802 0.437708 1.21191 2.36598 0.685883 
0.685916 -1.99346 -0.235802 1.2542 1.38648 -1.13371 -1.78924 -0.207817 0.628984 0.574269 0.575976 2.0524 1.31583 0.083346 0.382773 0.782234 1.3654 1.15138 0.342662 0.372419 -1.74405 -0.513974 1.00357 -0.1135 0.780745 1.31083 0.726063 -0.306864 0.209419 -0.0900925 0.0399075 0.303425 1.3333 0.416257 -1.00147 -1.71965 0.822613 0.813689 0.23465 
0.645678 -1.9718 0.148874 1.69922 1.2824 -1.03198 -1.20194 -0.961725 0.42208 0.904406 1.1978 1.61878 1.18537 0.0974728 -0.356769 0.634816 -0.268754 -0.361354 0.222206 1.94895 0.502176 -1.25784 -1.14584 -0.363859 -1.03575 -0.512286 0.348749 0.131553 0.579237 0.525853 0.998593 0.752834 0.623862 0.190405 -0.646645 -0.219836 -1.17509 -0.338803 0.527631 
0.674228 -2.14591 0.22957 1.10519 1.22703 -1.00802 -0.00736106 0.263514 -0.745742 -0.131667 0.0939167 0.899663 0.900173 0.432395 -0.183171 -0.0544935 -0.670299 0.28372 0.627611 0.440707 1.97791 -0.181115 -1.26289 -0.981964 -1.07196 -0.695593 0.391078 -0.269634 -2.09352 -0.808494 -0.61913 0.653024 0.535848 0.394048 0.106067 -0.384743 -0.339869 -1.96754 -0.710383 
0.727428 -2.04673 0.0290947 1.34483 1.4165 -0.630956 -0.831186 0.816009 0.233574 0.129812 -0.00953944 0.426599 0.60168 0.479597 -0.054454 -3.17748 -0.781407 -0.52933 0.628799 -1.24145 -0.0258437 1.38851 0.70137 0.0677621 -0.895808 -0.357386 0.508797 0.41219 -2.68674 -1.40979 -0.654716 0.143305 -0.494869 1.59201 -0.414787 -0.111448 0.735298 -0.0386371 -1.70668 
0.769146 -2.16336 -2.5413 0.693976 0.991149 -0.60619 -1.21044 0.26741 0.795 0.245922 0.118322 -0.100646 0.626507 0.315229 0.810057 -3.21403 -1.16632 -1.22557 -0.385694 -0.970189 -0.0751537 -0.259615 1.12526 1.71488 1.08305 -1.36906 0.198778 2.95503 0.0912482 -1.50747 -1.52277 -1.2054 -0.436609 -0.957811 -0.911194 0.26626 -0.119814 -1.12179 -0.772715 
0.77649 -1.67817 -2.7728 0.736749 0.863788 -0.918108 -1.78047 0.776253 -0.041415 0.756043 1.94759 1.58171 -0.599359 -0.181139 4.55293 3.30811 -1.18298 -1.66051 -1.99851 0.781885 -1.10749 -2.37382 -0.414936 -0.153251 -0.183969 -0.587049 1.60159 3.61195 -1.01567 -3.99146 -4.37701 -0.619519 -0.62872 -2.78378 -1.01985 -0.785166 -1.19086 0.184423 -0.162916 
0.67973 -0.123559 0.193425 0.0773719 0.240513 -1.98866 -0.520469 -0.686231 -1.8092 -0.0312846 -0.11661 -0.325603 0.142317 2.01568 4.68862 1.99023 -4.047 -5.06778 -0.283923 0.28007 -3.23237 -0.844893 -2.0193 -2.82543 -0.847312 1.15604 1.80342 3.67538 2.77099 -2.20566 -3.37213 1.46138 0.570369 -1.04385 -1.21514 -0.642156 -1.02773 1.68983 -0.123979 
1.29995 0.42222 -1.15682 -1.34469 -1.43735 -1.13614 -1.56 -2.05846 -0.961202 -0.462241 -1.42288 0.634225 0.514283 2.80446 1.04232 0.101463 -1.69461 -3.18813 3.81545 -0.0329559 -0.128288 1.05507 -0.318541 -0.801182 1.93584 0.420725 1.97195 2.94997 2.15135 -2.96345 -3.47286 1.48406 1.16744 -2.20841 0.236411 -1.61942 -2.40094 -0.0567236 0.19713 
1.42325 0.348709 0.206036 -0.800908 -1.20528 0.577335 -0.592873 -0.773024 -0.635809 -0.251949 -1.11182 1.75839 0.581922 0.851807 -0.197836 0.661162 0.178261 0.0743187 2.12798 1.18542 0.609936 1.11856 0.188616 0.55675 0.840185 -0.937215 2.24219 0.540022 -1.01192 -2.07258 -2.70574 2.76291 -0.167804 -0.933806 0.410691 -1.08384 -1.44152 0.387079 -1.35304 
1.49871 0.340744 -0.669087 -1.26507 -1.39854 0.283829 -0.492492 -1.49173 0.282136 -0.38542 -0.824698 1.5248 -0.290893 0.454559 -0.220802 -1.32067 -1.00891 -0.702453 -0.443248 -0.104009 -0.976463 -0.59021 -0.910828 -0.549277 -1.496 -2.06122 0.588462 -0.271075 -0.0976672 -0.0134989 0.0375265 2.45786 0.849553 -0.0386096 -0.00644628 -0.843099 0.424351 -0.232383 -1.3858 
1.51118 0.256979 -0.988592 -1.32848 -1.51994 0.251097 -0.731754 -1.61067 -1.27501 -0.820033 -1.81145 0.104333 -1.25359 0.0112391 -0.215582 -0.761685 -0.18861 -0.0209365 0.879721 -0.101434 -0.648771 -1.11132 -1.1477 -0.121434 -1.02422 -0.742573 0.411064 -0.451197 -1.1812 -0.763419 -0.206367 0.0136581 0.205522 -1.04001 -0.90117 -1.25908 0.13122 -1.09128 -1.28635 
1.46296 0.251344 -1.3892 -1.37309 -1.40308 0.856066 -0.628963 -2.03929 -0.931171 -1.09245 -1.0223 0.384621 -0.917647 0.151467 -0.46686 -0.105671 0.0177083 0.405192 0.530244 0.415079 -0.254747 -0.384106 -0.515294 0.704045 0.446949 0.500713 0.0893882 -0.764975 -0.396174 0.220033 -0.12344 0.671095 -0.0228687 0.593189 -0.716829 -0.748998 -0.387116 -0.692672 -0.773063 
1.51455 0.0553806 -1.15182 -1.33098 -1.33057 0.585992 -0.384973 -1.80942 -1.68715 -1.15611 -1.04043 0.566589 -0.740668 0.128732 -0.949823 0.295907 0.483708 -0.157101 -0.00712162 0.138408 1.36222 0.339235 0.294268 -0.219881 0.376617 -0.202279 -0.027106 -0.562725 -0.194129 0.103468 -0.0457504 0.482918 0.380695 0.850522 0.948037 0.0605695 1.11019 0.5265 0.0894147 
1.45999 -0.165903 -1.21152 -1.13724 -1.46957 0.826016 -0.541038 -0.806593 -0.54641 -0.953654 -1.33541 0.770269 -1.04913 -0.180277 -0.390608 -0.112883 0.12493 -0.471536 0.117494 0.106218 1.27461 1.43846 0.570793 0.387665 0.133302 -0.411087 -0.0102193 -0.526609 0.88949 0.460396 0.42089 0.0414943 1.05139 1.2161 0.321836 0.338782 -0.639248 -0.0292229 0.243385 
1.42538 -0.11217 -1.32116 -1.27863 -1.54015 0.640573 -0.327164 -0.654285 -0.0913819 -0.855112 -0.640654 0.687212 -1.06356 -0.133076 0.147342 0.811461 0.125773 0.76164 0.127381 1.1878 0.0929276 0.0281456 0.0735904 -0.362743 -0.356047 0.476581 -0.488699 -0.196544 0.620052 -0.107866 0.11019 0.172138 -0.23789 0.195193 -0.60347 -0.379898 -1.0091 0.610092 0.323253 
1.38399 -0.0932521 -0.596198 -1.08447 -1.11799 0.887312 0.528703 -0.697554 -0.504375 -0.944304 -1.81616 0.357881 -0.558326 -0.517304 0.0906669 0.890565 -0.258707 0.629386 0.158878 -0.327294 -1.03505 -2.08618 -1.00982 -1.32426 0.531137 0.781184 -0.257749 0.367221 0.742985 -0.0706078 0.425895 -0.146165 0.324091 -0.623728 -0.580258 0.566331 1.45441 0.623507 0.568339 
1.24218 -0.064826 -0.638684 -1.42251 -1.24875 0.723259 -0.674952 -1.5438 -2.37869 -1.48126 -2.24965 1.24117 -0.293534 -0.229898 0.411077 0.116642 -0.210817 -0.149905 -0.231365 -0.734432 -0.828467 -0.650405 0.549745 1.7839 1.034 0.187479 -0.620652 0.606524 1.2468 0.370032 0.712251 1.54714 0.654042 -0.245469 -1.72732 0.240538 0.278959 1.11588 0.840424 
1.28097 0.0971591 -0.570701 -1.20385 -1.18122 0.704971 -0.200004 -1.40419 -1.2099 -0.655654 0.221958 1.45956 -0.332531 -0.371455 0.832101 0.654011 0.749996 0.39404 1.76055 1.17664 0.749906 0.205537 1.26738 1.62043 0.642697 0.209222 -0.458237 0.417184 0.381422 0.02285 -0.327107 -0.318592 -0.0316114 0.27443 -0.700602 -0.0899018 0.700424 0.678312 0.191153 
1.09967 0.313578 -0.157017 -1.05046 -1.06445 1.8937 0.38435 -0.853163 -2.14123 -0.771669 -0.403349 1.91663 -0.0478073 -0.423549 0.223413 0.369051 0.248011 -0.320942 -0.0786604 0.760913 1.16237 -0.103878 -0.663186 -1.08436 -0.300852 0.024175 -0.301298 0.91983 1.18498 0.418536 0.0910824 0.680052 0.0674222 0.499848 0.870551 1.15712 1.4069 -0.413766 -0.754709 
1.12392 0.203776 -0.330936 -1.08855 -1.32227 0.626337 0.470341 -0.348415 -1.31331 -1.07848 -1.10554 1.10729 -0.256432 -0.0546133 0.567691 0.814914 -0.195266 -0.263661 -0.877243 -1.03131 -0.147598 0.763811 0.0192578 -0.244745 -1.00941 -1.13206 -0.527839 0.803208 1.34249 0.0718652 -0.142408 0.0333342 -0.109256 1.04378 0.283637 -0.340722 -0.69779 -1.05748 -0.349721 
1.04555 0.573919 0.46124 -1.16189 -1.17944 1.27272 -0.622117 -0.957051 -1.28871 -0.794189 -0.745639 0.792588 -1.03159 -0.33074 0.998816 1.29261 -0.146708 0.115635 0.189169 -0.827615 0.0876068 0.429352 0.26814 0.44571 -0.714164 -0.46126 -0.447205 0.44607 1.73394 0.208425 -0.367745 -1.86563 -1.79719 0.341123 0.847977 -0.966643 -0.461099 -1.28841 -1.04165 
0.992771 0.65662 0.692839 -1.17514 -1.26466 0.729595 -0.34555 -0.244086 -0.829267 -0.95501 -0.637651 0.304837 -0.625315 -0.58285 0.110779 1.32572 0.475181 -0.265611 -1.28141 -1.06111 0.560912 0.180772 -1.11705 -0.167378 -0.238182 -0.13494 -0.604943 0.793321 1.61536 0.107755 0.0204727 0.288106 -1.24723 -0.766572 0.505751 0.152898 -0.214357 -1.1127 -0.404055 
0.844063 0.630244 1.51312 -0.930401 -1.29532 0.377253 -1.65647 -0.433724 -1.07853 -1.48324 -0.997147 0.508582 -1.10135 -0.53526 0.208361 0.702931 0.294952 -0.0867706 0.225778 -0.604792 -0.993232 0.139792 -0.10898 -0.621684 -0.356467 -0.0409944 -0.745039 0.494237 0.0301306 0.924066 0.0500387 -0.38036 -0.0487075 0.730235 1.54886 -0.332569 0.606663 -0.167587 0.410504 
0.804561 0.756516 1.21603 -1.03583 -1.29916 0.857717 -0.952966 -1.09658 -0.664231 -1.05275 -1.42224 -0.108008 -0.608954 -0.486127 0.641028 -1.26987 0.740756 0.336982 0.897573 1.06708 0.31572 1.53271 0.731155 0.777178 0.119402 0.609689 -1.14875 0.642389 -0.119393 -0.00779928 0.566954 -0.145379 0.141631 -0.0520083 0.681144 0.274779 0.516241 0.921335 1.14124 
0.669561 0.923331 0.361611 -0.563085 -1.13698 0.961614 -0.699675 -0.127456 0.621078 -1.08818 -0.140314 0.614065 -0.488528 -1.11862 0.769014 -0.830038 -0.297846 0.901304 -0.328823 0.839185 0.938442 0.621766 0.40498 1.14494 1.33437 1.3922 -1.10456 0.547756 -0.523793 0.170906 0.426235 1.42605 1.49965 0.396725 0.904233 0.23442 0.754926 0.747143 0.707177 
0.453604 1.10675 0.437898 -1.19972 -0.884019 0.609188 -0.209389 -0.23904 0.0317936 -0.849017 -0.133872 1.32084 0.721173 -1.10373 0.192264 0.64794 -0.509914 0.275242 0.877155 0.797095 0.163801 -0.526411 -0.480468 -0.0254796 0.683065 0.220897 -1.10347 0.613801 -0.0970917 1.01915 0.801264 1.07229 -0.461372 0.593963 1.74015 0.918355 2.0632 -0.0175349 -0.834163 
0.322757 1.01604 0.838125 -0.835439 -1.00674 1.53211 0.00452214 0.0443245 0.0521609 -1.40382 -0.225319 1.3335 -0.2321 -0.469665 0.164834 0.730219 1.63815 0.250094 1.68083 -1.32847 -0.22407 1.30157 0.613585 0.858862 -1.30202 -2.41034 -1.09142 0.272338 0.790448 0.129335 0.275058 -0.199827 -0.786016 -0.482981 0.733969 0.322751 0.939848 -0.285537 -0.628909 
0.283694 1.18721 0.984258 -0.373425 -0.76522 1.72549 -1.49388 -0.410626 1.47675 -0.522921 0.818809 -0.121927 -1.43437 -0.467086 0.22169 0.33824 0.686385 0.119636 -1.04526 -1.67599 -0.731751 1.34592 0.830327 0.954162 -0.920635 -0.992847 -0.923569 -0.0891771 0.428524 1.44848 0.594352 0.944653 -0.940809 -1.00124 -0.274668 0.331935 1.27498 -2.03493 -2.40656 
0.153567 1.12189 1.05173 -0.495931 -0.947303 0.79702 -1.60511 -0.57669 1.54598 -0.950591 0.839187 0.306152 -1.08827 -0.857971 -0.301304 -0.186892 0.263694 0.603829 -0.481342 0.263804 -0.960979 -1.58858 -0.253414 0.390563 -0.697405 -0.493772 -0.615938 -0.100603 0.00531098 0.731792 0.150146 -1.30436 -0.59332 -0.881388 0.0818941 0.395318 0.438499 -1.96923 -0.870245 
0.00545406 1.05954 0.752086 -0.250107 -0.485452 1.37338 -1.28863 -1.23457 -0.262351 -0.705383 1.22199 -0.90613 -1.83306 -0.414845 -0.375556 -0.312758 0.278068 0.0956568 -0.4427 1.02835 -0.310585 -1.24177 -0.398994 -0.505307 -1.01262 -0.0685681 -0.887474 -0.0483428 -0.97495 -0.597591 0.304742 -0.925421 1.76615 -1.07085 -3.59488 -1.14771 -0.777436 0.755898 0.270923 
-0.00104894 0.961058 0.712716 -0.365263 -0.898782 0.471154 -0.684547 -0.824864 0.188961 -1.21845 0.191153 -0.821393 -1.09719 -0.41737 0.227006 -0.987078 -1.038 -0.166274 -0.553812 1.9202 -0.306952 -2.34086 -1.04766 -1.10544 1.50869 0.801105 -0.647203 -0.354357 -0.605209 -0.335467 0.184815 -0.756169 2.75073 0.839635 -1.6367 1.52836 -0.0892696 -0.319375 1.04004 
-0.149866 1.16776 -0.159361 -0.792561 -0.556125 0.97205 0.466349 -1.47952 -2.83023 -1.35373 -0.130244 0.712597 -1.04477 -0.512382 -0.164662 -0.408796 -0.709535 0.169481 -0.390207 2.33726 1.31748 -0.539454 2.10243 0.449051 0.740972 1.2984 -0.550607 -0.0580664 -1.32051 -0.386032 -0.360109 -0.740354 1.75159 0.892865 0.33061 0.0759934 -2.30269 0.861483 0.914794 
-0.182876 0.894394 0.292171 -0.739716 -0.816667 0.180937 1.46064 0.368222 -0.394325 -0.019033 0.662962 -0.03888 0.146955 -0.369907 -0.316108 -0.609723 0.540402 -0.35202 -0.260198 0.246337 1.37723 2.71786 1.12048 -1.06921 -0.591067 0.278504 -0.241807 -0.0792893 -1.12472 0.31231 0.198172 0.811906 -0.183372 -0.305104 -0.362062 0.980571 1.12397 1.80915 0.604366 
-0.291945 1.03347 -0.750472 -0.527718 -0.711322 0.770128 0.655254 -0.233546 0.17505 -0.730304 -1.43996 0.0442201 -0.735538 0.172506 0.0432472 -0.948431 1.12533 0.114859 1.43107 -2.49291 -1.67363 0.156565 -1.01401 0.655848 1.13107 -0.59113 -0.621234 -0.205254 -0.588597 0.530634 0.0991643 -0.0679095 0.339667 2.95408 2.99981 1.4689 0.731331 -1.27691 1.78358 
-0.173631 0.920565 -0.586468 -0.175706 -0.759409 1.12761 -0.913312 -1.0866 -0.21081 -0.647642 1.37743 1.16854 -0.340976 -0.519696 0.00290558 -0.0915047 0.160946 0.494018 0.249725 0.225722 2.14735 0.587379 0.516205 1.79833 -0.644938 1.84315 -0.644316 0.316512 -0.954559 -0.0597039 0.803552 1.54246 -2.49377 -1.12485 1.10792 -0.0497476 1.02411 -0.420152 -0.318316 
-0.475813 1.04163 -0.90167 -0.456953 -0.481524 0.914512 0.824871 1.69418 0.83319 -0.461328 0.615087 -0.682835 1.00796 -1.09555 0.437964 -0.200589 -1.19611 1.03983 0.482766 -0.435487 0.341404 1.07319 0.945653 0.353479 -1.50422 0.191713 -0.430854 0.236517 0.888206 0.160108 0.877237 0.204329 -0.142437 0.275317 0.59024 0.995226 2.11596 1.47733 1.96661 
-0.518152 1.12298 -0.830267 -0.799024 -0.281235 1.43026 -1.36233 -0.757597 0.982548 -0.126763 1.73709 -0.494464 -0.1113 -0.0940772 0.356511 1.1973 0.0557737 0.766606 0.0651137 -0.332245 -1.81239 0.0744541 0.588666 0.255971 2.18279 0.498034 -1.07591 0.167885 0.132901 -0.221693 0.957928 -0.386132 1.1581 0.688912 0.286105 0.163738 -1.21576 -1.51663 0.395654 
-0.54094 1.20768 0.0411941 -0.439979 -0.127683 0.93352 0.472452 0.116528 0.926243 -0.149848 0.860336 1.67014 1.51843 -0.452808 -0.183044 0.382191 0.913453 0.336805 -0.873497 1.88976 0.486025 -0.74501 -0.774324 -1.48787 0.0267798 0.265225 -0.530245 -0.142003 0.573894 -0.388886 0.247892 0.636159 -0.300033 -1.33831 0.0637752 -0.572762 -1.86057 -1.54839 -1.62445 
-0.683359 1.04811 -0.579347 -0.343379 -0.122978 0.811829 0.364171 -0.300565 0.172801 -0.614777 -0.0638784 -0.489867 0.185761 -0.663698 -0.573411 -0.476099 -0.557109 -0.410784 0.765739 0.0365893 0.225992 0.00982169 -1.24423 -2.00748 -3.69221 -2.46406 -0.451993 0.042312 1.28051 0.686989 0.347887 -1.42082 1.55458 0.975448 -0.816458 -0.615075 -1.48066 0.239427 0.497685 
-0.764981 0.958502 -0.436484 -0.736472 -0.309622 1.42835 0.465115 0.343365 0.948092 -0.913498 -1.55035 -2.37608 -0.686352 -0.191593 0.246773 1.20363 -0.00760116 0.162779 -0.753633 0.0403379 0.682584 -0.136372 0.0712517 0.0999478 0.264354 0.314091 -0.761212 -0.133099 0.565183 0.093038 0.320485 0.373156 0.910165 1.10133 0.104211 -0.895858 -1.24172 -2.76598 -2.65563 
-0.775692 1.16516 0.368891 -0.358819 -0.043913 0.274797 0.360342 0.330473 0.0335889 -0.606799 -0.0017068 -0.2265 0.527618 -0.428711 0.370068 1.18664 0.686105 0.870973 -0.249161 1.12013 1.09251 0.118814 0.225914 0.848255 0.95652 -0.738802 -0.574454 -0.0490536 0.515564 0.301896 0.888887 0.164468 0.699854 0.93048 1.04159 1.06888 0.662437 -0.0957994 0.0544322 
-0.923465 1.1306 0.497332 -0.397108 0.0917124 1.23392 1.47155 1.33729 1.09002 -0.814799 -0.610116 -1.35878 -1.30965 -0.630234 -0.322153 -0.553802 0.409773 1.11459 1.02084 0.863988 0.432481 1.29336 1.11631 0.563232 -0.310834 -0.266424 -0.682057 -0.004328 -0.0852906 0.363375 1.16603 -0.867104 -0.208179 1.14143 0.599195 2.64698 1.49405 1.12841 1.25799 
-0.990397 1.02817 -0.17475 -0.160788 0.468283 0.942872 1.12712 0.740105 1.4695 0.014185 0.604082 -0.589641 0.337334 -0.549015 -0.377351 -1.27202 -0.203522 0.80484 -0.716308 -1.30555 0.273741 0.552843 2.73344 0.610839 0.229929 2.23005 -1.0609 -0.429895 -1.00429 -0.0515886 0.768819 0.142008 0.71708 0.556375 -0.0952819 0.614195 -0.864391 -0.393532 -0.397159 
-1.11551 0.968971 -0.656002 -0.512754 0.462952 0.722237 0.208496 1.6064 1.71011 0.754751 0.0515342 -1.13291 0.788502 -0.896375 -0.333076 -0.656068 -0.469941 -0.00984129 -0.780471 0.0610105 0.237135 -1.38358 -0.43924 -1.36133 -0.0355002 -0.227559 -0.863335 -0.803023 -1.48073 -0.0870042 0.559158 -1.7734 -1.06085 0.0544989 -0.601479 1.37065 1.21225 0.261562 1.85776 
-1.27935 0.886311 -0.805203 -0.412698 0.468796 0.387613 1.14264 0.976805 -0.0437481 -0.277278 -1.04841 -0.652881 0.182677 -0.691352 -0.845984 -0.520828 0.0970326 -0.00151486 -1.33213 0.0968247 -0.201712 -1.19838 -1.20707 0.578549 0.083497 -0.0194228 -0.763695 -0.392455 -0.13758 0.5204 0.36085 -1.73369 -0.00623455 0.277288 -0.0942999 -0.0488351 -1.06124 -0.173347 1.2688 
-1.34727 0.598089 -1.17165 -0.474678 0.467255 -0.207675 0.257516 1.45461 0.400882 0.012897 0.675296 -1.06654 0.824636 -0.19963 -0.265148 0.506708 1.1579 0.528062 -1.22052 -0.00407366 0.100171 1.29444 0.371906 0.37483 -0.0890808 1.73177 -0.82567 -0.724928 0.365508 1.00198 0.490972 -1.94133 0.803068 -0.3112 -1.48392 -1.95953 -1.20628 0.477591 0.387322 
-1.37393 0.77478 -0.448581 0.167974 0.714086 -0.466501 1.09726 1.09226 1.39335 -0.0929439 -0.663695 -0.774483 1.82408 -0.494445 -0.258447 0.987048 1.22081 0.70681 -0.916986 0.93137 -0.161699 -0.415234 -1.00546 -1.70386 0.447498 0.466367 -0.562804 -0.951794 1.11915 0.399809 0.0153642 -1.04493 -0.19631 0.605405 0.396594 0.895565 -0.241502 -0.122735 1.38271 
-1.52409 0.48955 -0.40727 0.138168 0.793885 -0.855646 1.08734 1.33824 -0.0455511 -0.610698 -1.37912 -0.603685 1.30608 -0.605317 -1.1847 0.881675 -0.627667 -0.506543 0.0425652 -0.167102 0.627826 -0.845043 0.621072 -0.576783 0.0154723 -0.0909368 -0.54932 -0.917528 0.911798 1.38221 0.809451 -0.220939 0.604609 -0.314049 -0.58163 1.57707 -0.847894 0.196421 0.711158 
-1.58168 0.252659 0.226349 -0.164607 0.488571 -0.462807 0.899344 1.67482 0.473402 0.237544 -1.3956 -0.782203 1.79466 -0.290967 -1.13923 0.147616 0.594355 0.456358 0.723651 -0.14135 -0.205104 -0.20853 2.76359 0.921547 -0.199677 0.368995 -0.561268 -1.26714 0.16437 1.01015 0.093116 -0.112196 -0.268064 -0.559581 -1.31581 1.60265 1.24286 -0.146117 -0.777822 
-1.64415 -0.0122685 -0.35548 0.430606 1.00655 -0.389402 0.913525 1.18344 -0.26426 0.976534 -0.352884 -0.845751 1.69826 -0.197406 -0.745274 -0.661568 1.95619 0.639845 -0.105958 -0.0901871 -1.28699 -0.584152 1.16577 1.79547 -0.11263 -0.859624 -0.203709 -0.646592 -0.168266 0.714931 0.137142 0.412584 0.285235 -1.18471 -0.000993366 1.69113 1.26389 -1.05729 -0.458699 
-1.67563 -0.073255 -0.408773 0.82436 0.784729 -0.559979 0.773395 0.56228 -0.159128 0.88754 0.656098 -0.929455 1.06061 0.00628825 0.154066 -0.334524 0.348045 -0.25976 -0.159959 0.548085 -1.1984 0.221752 -0.877407 0.317266 -0.815143 -0.936791 -0.160013 -0.831878 -0.217448 1.43906 0.389175 -0.163901 0.113727 -1.01425 -0.60628 0.698641 1.01016 0.200817 0.600362 
-1.68127 0.0633844 -0.712976 0.597065 0.893332 -0.523249 1.38475 0.149323 -0.00892983 0.428054 -0.0357119 -1.7582 0.893476 -0.023965 -0.521993 0.414481 -0.0666662 -0.080902 -0.0192195 0.291092 0.0864464 -0.0666542 -0.393889 -0.799494 0.364879 1.56209 0.128565 -0.452705 -0.267293 1.36682 0.0607314 -0.00269711 0.198902 -0.508596 -0.0462565 -1.22317 0.637023 -0.682875 -0.32453 
-1.7212 -0.299471 -0.130442 0.77871 0.752906 -0.598245 1.00417 0.665581 -0.221534 0.622679 -0.337134 -0.556593 2.54647 0.190443 -0.844025 0.0264468 1.44699 0.346504 0.227412 -0.24496 0.599946 -0.258186 -0.508394 0.321591 0.177405 0.529921 0.0581895 -0.341956 -0.0862517 0.320892 0.697902 -0.904264 0.995845 1.35469 0.738054 -0.387214 0.728131 0.94045 0.535018 
-1.66703 -0.306623 -0.764045 1.32559 1.056 -0.394018 1.11399 0.707204 -0.282345 0.0960275 0.286536 -1.58954 1.43318 0.118734 0.00065576 -0.501036 0.493683 1.0837 -0.990653 0.968458 1.53373 0.890646 -0.0533549 1.52555 0.632272 -0.937999 -0.0917309 -0.667205 0.341636 0.462182 0.428678 -1.04642 -0.696377 1.11133 1.31871 0.45116 0.270046 1.17011 0.366788 
-1.72696 -0.292318 -0.629289 1.01966 1.25104 -1.29625 1.8687 2.0501 0.770714 0.557566 1.39784 0.10752 1.74057 -0.312884 -0.172519 0.410563 -0.83517 0.269232 -1.40716 -0.526354 0.730459 1.71919 1.00242 -0.0339573 1.05104 -0.107606 -0.18728 -0.548237 -0.881824 0.264769 0.321856 -1.12842 -1.60232 -0.630941 0.396087 -0.754887 -0.561012 -1.56817 -1.36143 
-1.7932 -0.376794 -0.48904 0.886882 1.18351 -1.37488 0.579961 1.38062 1.6227 0.650206 0.191583 -0.469291 1.38848 -0.379609 -0.836066 -0.558985 -0.140073 -0.621539 -0.28708 -2.82701 -2.27785 -0.441808 -0.806689 -2.03329 -2.16161 -0.712551 -0.326668 -0.320739 0.206381 -0.719019 0.499226 -0.029193 -1.16488 -0.430585 0.679122 0.156626 -0.367667 0.687706 0.5914 