-0.952989 -0.724116 0.837452 1.35994 1.41251 -1.1876 -0.590713 1.3601 0.900368 2.16814 1.96116 -1.15565 -0.41377 0.331155 0.0988597 -0.471232 1.48571 0.285952 0.0325536 1.5892 -0.702594 0.0908546 -0.0250445 0.72711 1.5372 -0.114515 2.91213 -2.08479 0.842454 0.384953 -1.65193 -1.15194 -0.259145 -0.0890676 0.0597192 -0.127573 -0.465721 -2.10381 -1.71743 
-0.752388 -0.526844 0.949033 1.97528 1.64901 -1.02819 0.0375079 0.552111 0.45204 1.82748 0.702137 -0.0297037 -0.422697 4.00918 -2.40583 1.00611 -0.37832 -1.45027 -0.397602 -0.0469916 -0.152866 -0.4865 0.656127 -0.815551 -2.08872 -1.7793 3.11485 -0.991139 -0.081309 -0.378047 -0.679376 0.627881 0.56815 -0.540807 -0.987602 -0.30924 2.01162 -0.26093 -1.28208 
0.551512 -1.7612 1.67778 1.14262 0.657808 -1.54904 -0.580698 1.19921 0.388292 2.65723 1.1417 -2.94359 -2.06419 3.70727 -1.48379 0.341777 -2.0064 -1.26825 0.688368 -0.949064 0.0839544 -1.18785 -0.333502 1.48321 -1.86791 -1.37256 1.33006 0.319672 2.59415 0.200476 -0.139715 1.14073 0.792757 -0.27438 -0.391051 -0.575963 -0.544467 -0.745692 0.032569 
0.636382 -1.15935 1.23581 0.949592 0.986221 -0.313579 -0.614538 0.584847 -0.816961 1.53408 2.04931 -1.62822 -1.67907 -2.28911 2.84003 2.46245 0.611585 1.22503 1.73206 0.955691 -0.152908 0.0487854 -1.30284 0.20592 1.19098 1.80997 1.03707 -0.828386 1.47299 -0.684216 -0.44122 1.1326 -0.115989 1.77856 -0.035292 -0.875304 1.06508 -1.36054 -0.590153 
-0.358319 -0.496457 3.7316 1.4168 1.25397 0.199738 0.165218 1.03828 0.453915 1.59738 1.285 -1.91807 -0.23739 -2.36778 0.324728 1.61902 1.08671 0.620045 0.636367 0.771192 2.02105 1.14331 -0.636618 -0.317146 0.25097 0.684305 -1.27822 0.980718 0.383965 1.30598 1.29021 2.26799 1.18716 0.869494 0.866753 -2.21069 -0.721245 2.49695 1.13547 
-0.303606 -0.998295 2.58684 1.45968 1.2769 0.34951 -0.00403161 2.2014 0.429911 1.00101 1.69961 -1.40908 -0.942791 0.62115 -1.48843 -1.96619 1.0624 0.555683 0.950969 0.424586 1.19039 0.903574 -1.11002 -1.01058 1.70426 -0.506028 -1.62804 -0.644189 -0.468033 1.04205 0.471441 0.0139679 0.0602163 2.88063 2.11501 -0.642867 -1.50161 1.74474 0.837253 
-0.152556 -1.131 2.09526 1.91482 1.51215 1.17456 0.521339 1.97567 1.44206 0.689995 0.281724 -0.452237 -0.654284 0.245422 -1.22816 -2.26855 0.243319 0.0120679 -0.649885 -0.738378 1.37813 1.18857 -0.082378 -1.34844 1.7644 0.275352 1.01125 -1.80137 -3.86662 0.394656 0.665002 -0.10088 -2.00531 1.00167 1.81007 0.758419 0.0188706 1.7504 -0.489821 
-0.241871 -1.51863 0.698557 1.55101 1.26059 -0.261903 -0.501448 3.29229 1.72564 0.906167 0.377896 0.108341 -0.6027 0.684801 -1.02093 -3.25384 -0.576077 0.347966 -1.10188 -2.86149 0.0023041 1.0913 1.90497 1.02244 0.317723 -0.0663942 1.19599 -1.51779 -2.29863 0.197775 1.1402 0.0776443 -1.03483 -1.20172 -0.266689 -0.304433 -0.489881 1.77547 -0.104401 
0.0776069 -1.5604 -0.614017 1.5993 1.66545 0.115274 -1.5343 1.94165 2.6328 2.16653 1.19461 -0.175832 -0.64527 1.30049 -0.887655 -0.842811 -0.0135757 1.5582 0.712545 -0.538135 -2.77289 -1.48885 -0.270975 0.799027 0.286912 -0.402814 0.886088 -1.45834 -2.08629 0.0253245 0.120038 -1.65127 -2.4611 -0.88082 -0.668366 0.041471 0.996656 -0.208813 -0.512821 
0.224304 -1.88956 -0.00172905 1.51479 2.02498 0.476669 -0.8519 0.989196 0.131787 0.662204 1.08021 0.358316 -0.919602 0.458567 -1.01238 0.428038 0.58108 -0.208814 -0.903804 -0.120396 -1.02022 -1.8355 -1.88461 0.0681456 -0.587465 -0.532581 1.65184 -0.700463 -0.996912 -0.0218038 0.918522 -0.637701 -1.25461 -2.24661 -0.885074 0.840334 1.14759 0.340454 0.837572 
0.221047 -1.98606 -0.255367 1.85834 1.53761 -0.747737 -1.57816 1.07158 0.664842 0.646682 1.20805 -0.675932 -1.08789 0.83756 -0.093876 -0.517971 -0.0428405 -0.298907 -1.50567 -1.00117 0.151118 0.505161 1.15442 0.458071 0.0858337 1.36284 1.45563 -0.889575 -0.121265 0.230436 0.164077 -1.49131 -0.623564 -1.15813 -2.48269 -2.94496 -0.0455865 1.71362 1.93902 
0.513024 -1.91218 -0.431342 1.46404 1.85165 -0.982712 -1.54219 1.07685 0.689947 1.54529 1.46117 0.435797 0.474023 1.42461 -0.231599 -0.611227 -0.308771 0.409746 -0.910517 -0.664375 -0.323346 -0.913815 -1.32156 -0.127395 2.56643 2.76421 1.01209 -0.283243 -0.0882011 0.155544 -0.912436 -2.06456 -1.04706 0.487437 0.811708 -0.443049 0.876193 0.83446 1.49524 
0.734803 -2.06911 -0.762686 1.67555 1.7221 -1.6174 -2.02126 0.771295 -0.308409 -0.427967 1.0372 1.5295 1.66335 0.469474 -0.30864 0.379247 0.217548 -1.01034 -0.994448 -0.289966 0.437714 0.386365 -1.65754 0.499616 0.86476 0.356453 1.16044 0.154697 -0.166083 -0.286841 0.0876248 -0.570804 -0.88586 -0.230171 -0.441942 -0.23183 0.103637 1.78893 1.74841 
0.660645 -2.02905 -0.113348 1.54257 1.31909 -1.93554 -1.7105 1.39883 1.1199 0.204986 1.88128 1.18147 0.892683 0.0751293 0.436855 0.367766 -0.0930485 -0.316064 0.197421 -0.434019 0.0694876 0.419858 1.04665 0.232774 -0.499377 -0.752632 0.254765 -0.135886 -0.376194 0.50813 -0.876344 -0.31053 0.200789 -0.721696 -0.65824 -1.46324 -1.41989 0.598138 -1.28775 
0.731259 -1.85886 -0.454259 1.59987 1.5401 -1.38925 -2.2953 0.792203 0.15769 0.369899 1.2058 1.10496 1.00756 -0.146164 0.110626 -0.905271 0.416658 -0.248276 0.592724 0.490861 -1.26877 -1.11937 0.0522122 -2.07504 -0.190597 -1.85006 -0.495174 0.611252 0.046777 0.369968 -0.369427 0.551602 0.34157 -1.0205 0.418692 1.47411 -0.717137 -0.690412 -1.65696 
0.572272 -1.96194 -0.865679 1.71997 1.17132 -1.31569 -1.30574 0.325539 -0.0751904 0.216564 -0.125273 1.02182 -0.826283 -0.725956 0.402005 -0.324968 0.547199 -0.231424 0.432246 0.803243 -1.25144 0.0373217 0.521528 -1.0329 -0.333701 -1.16722 0.493026 2.93482 -0.342561 -1.8145 -1.57908 -0.70908 -0.282191 -1.74451 -3.01062 -1.78237 -2.64167 -0.578871 -0.414686 
0.420635 -1.6639 -0.723052 1.84208 1.40084 -0.928414 -1.66127 -0.266911 0.21094 0.752559 0.181489 0.822552 -0.0498904 0.778963 3.95287 0.424478 -2.80936 -1.99617 -1.47124 -0.867457 -0.763387 -2.21339 -2.00233 -0.84829 -0.512008 1.36438 0.876112 3.07605 -0.341141 -3.15624 -3.6855 -0.339036 0.743018 -1.13856 -0.49295 -1.20087 -1.87332 -0.668789 -1.24169 
0.83853 -0.208892 -0.509997 0.295597 0.140981 -2.74096 -1.89789 -0.334532 -2.45099 -1.39636 -0.975591 0.586449 0.568838 1.85636 3.85749 -0.153916 -4.68848 -4.96798 -0.868073 0.0459858 -0.0691474 -0.587651 -1.84339 -1.04277 -0.474084 -0.273213 1.54986 3.18589 -0.0643397 -3.45919 -3.24708 0.915069 0.408357 -0.898663 0.20023 -0.35753 -0.570397 -0.0620285 0.520861 
1.09989 0.0472948 -0.849316 -0.515306 -1.13008 -1.75602 -1.58301 -0.359355 -0.410302 -0.73469 -0.85213 0.419714 -0.241238 1.22662 0.459061 -0.531112 -1.72674 -2.58821 2.53574 1.31654 -0.275486 2.42913 1.59161 0.210053 0.413963 -0.769993 2.11001 2.57617 -0.228187 -3.75525 -3.33719 0.92653 1.19004 -0.574439 -0.275578 -0.649081 -0.441964 -0.249248 -0.44843 
1.27639 0.0111061 -0.95056 -0.591238 -1.18831 -0.195855 -0.887136 -0.595683 0.183594 -0.167599 -0.828397 0.945412 -0.10378 0.876817 -0.291723 -0.173065 -0.233449 0.25719 1.94627 1.33774 -0.588987 0.277553 1.11768 0.546224 0.157044 -0.251423 1.40631 0.335496 -0.407707 -1.69269 -1.48123 2.28691 1.66746 -0.437068 1.13942 0.97254 0.524319 -0.420517 -1.92738 
1.40366 -0.0621432 -0.991536 -0.660698 -1.02261 0.205011 -0.556696 -0.876832 -0.097785 0.119337 -0.388087 0.558282 -0.411476 0.592488 -0.00289329 -0.0372913 -0.507213 0.481037 0.16992 0.638031 -0.221333 -1.17544 -0.565324 0.359435 -0.931339 -1.46206 0.920052 -0.181661 -0.447659 -0.171021 0.469463 1.62726 1.27827 -1.66569 -1.23928 0.147099 -0.477524 -0.29232 -1.06416 
1.47116 0.0284032 -0.979647 -0.872559 -0.967816 0.00504923 -0.374361 -0.812557 -1.07201 -0.6443 -0.540407 0.150323 -1.44686 0.310668 0.0301821 -0.449067 -0.0174309 0.372148 -0.0297712 0.151471 -1.35061 -1.6527 -0.983196 -1.082 -0.524465 -0.984057 0.514451 -0.0883685 -0.647159 -0.168602 0.70007 0.321374 0.482183 -1.29004 -2.05019 -1.13135 -0.0833528 -0.972578 -1.09294 
1.49041 -0.0303329 -1.36374 -0.698834 -0.857107 0.208048 -0.401023 -2.01703 -1.86847 -0.68777 -1.45868 0.112225 -1.29147 0.0681404 -0.129176 -0.853132 0.259487 0.471807 0.184319 -0.100678 -1.27714 -1.09589 -0.681432 -0.460349 -0.231793 0.193355 0.233772 0.188842 -0.0997944 -0.17381 -0.0121091 -0.164524 0.479745 -0.553713 -1.40075 -1.82788 -1.20592 -0.117126 -1.08436 
1.46494 -0.00971113 -1.68853 -0.773201 -0.751987 0.220221 -0.403749 -1.89269 -2.24176 -1.21281 -1.02508 -0.0446686 -1.18621 -0.0146278 0.22246 0.294752 -0.237084 -0.418377 -0.197281 0.382967 0.716809 0.099111 -1.01608 -0.257361 0.361971 -0.274744 -0.0164886 -0.0263204 -0.456733 0.366536 0.216933 0.288465 0.617293 0.0312337 -0.116998 0.0846867 -0.158406 0.508841 0.391785 
1.45246 0.0858468 -1.11615 -0.84603 -1.09076 0.0451045 -0.0754485 -1.46685 -1.74853 -1.52088 -1.75204 0.426588 -1.48431 -0.0971771 0.0832168 0.218798 0.190191 -0.196726 0.13055 0.799579 1.33025 0.961043 0.748482 0.276634 0.801504 0.252018 -0.280404 0.0731884 0.0367118 -0.15384 -0.452136 0.170146 0.529502 2.26714 1.5592 -0.10198 0.851085 0.949574 0.38496 
1.39535 0.0453702 -1.50423 -0.708249 -0.873725 0.382114 0.227591 -0.840946 -1.19159 -0.650696 -0.815134 0.646743 -0.868719 -0.357223 -0.130321 -0.26549 0.00859476 -0.245139 0.370603 0.210964 1.96194 1.61851 0.881456 1.18735 0.723273 0.712239 -0.451201 0.0813171 0.502323 0.154713 -0.291491 0.476877 0.720888 1.45509 0.923324 -0.47705 -0.633724 1.44617 0.498667 
1.28318 0.0472299 -1.33538 -0.871244 -1.23695 0.444858 0.123888 0.101371 0.0111959 -0.853628 -0.68372 1.05089 -0.720968 -0.49653 0.0202027 0.43663 -0.0165659 -0.24143 0.409722 0.0231889 0.394901 0.0538354 -1.28833 -0.984734 0.864621 0.316748 -0.267269 0.229716 0.598321 0.459002 0.681398 0.981652 0.562132 0.944308 0.0198457 0.27231 1.42538 1.16573 1.72978 
1.17267 0.0728017 -1.13842 -0.745955 -1.01804 0.820629 0.289114 -0.553972 -1.12052 -1.69907 -1.79405 1.3923 -0.488525 0.00243503 0.439688 1.05002 0.561587 1.17179 0.773543 0.421982 -0.836601 -1.60212 -0.611698 0.376221 0.614809 1.27783 -0.347823 0.429741 0.746096 -0.203499 0.0802611 0.733591 -0.851608 0.374634 -0.0796464 0.0237112 1.07146 1.08153 0.475209 
1.25177 0.258727 -0.458466 -0.621889 -0.667672 1.24387 0.478098 -0.618562 -1.70489 -1.367 -0.379909 1.58215 0.590299 0.037106 0.566758 0.546629 -0.276639 0.324782 0.437663 -1.08063 0.0614673 -0.147398 1.2895 2.15784 0.37497 0.224936 -0.145659 0.448331 0.944259 0.0242431 0.1209 0.600427 -0.257457 0.703139 0.077727 -0.194694 0.169756 -0.103587 0.376739 
1.15455 0.340056 -0.68096 -0.912792 -0.876445 1.28683 -0.459492 -0.539622 -1.26662 -0.70918 0.188975 1.71781 -0.197275 -0.199258 0.173072 0.199735 -0.557994 -1.03143 -0.0854659 -0.769005 1.67873 1.68248 0.376907 -0.197898 -0.761466 -0.849822 -0.128034 0.667171 1.91757 -0.319166 -0.299986 1.06263 -1.25337 0.612542 0.402844 -0.172556 0.564574 -0.264031 -0.450856 
1.14305 0.353236 -0.29005 -0.928422 -1.21088 1.19172 -0.0417966 0.718106 0.123867 -1.09869 -0.617218 0.932781 -0.159656 -0.211034 0.349707 2.01206 -0.167306 -0.774855 0.803358 -0.457188 0.674277 0.587064 -1.50038 -1.54394 -0.709302 -0.752373 -0.289064 0.181431 0.402011 -0.338857 -0.657488 -0.0692156 -0.984088 -0.453549 0.817814 0.306015 -0.958093 -1.08942 -1.94705 
1.04131 0.51207 0.997578 -1.02534 -1.2901 2.11539 -0.750534 -0.0242234 -0.620072 -1.92522 -1.31701 1.1132 -0.852823 -0.183841 0.0692846 0.32079 0.0883864 0.079836 -0.0275672 -0.446839 -2.19491 -0.784202 -0.0707349 -0.868058 -0.538337 -1.40494 -0.410426 0.336308 1.14671 0.409285 -0.898921 -0.193305 0.468694 -0.0495044 0.564148 -1.29325 -1.41983 -0.1075 -0.715617 
1.04023 0.402204 -0.0207655 -0.914018 -1.19297 1.19694 -0.325243 -1.11241 -0.709501 -1.18432 -1.48617 0.474823 -1.4474 -0.329708 0.107588 -0.49005 0.672695 -0.515428 -1.06484 0.978412 -0.715977 0.0308687 0.0787047 -0.0314109 0.558067 -0.0807256 -0.695098 0.61875 0.0568329 0.957242 0.771169 -0.56966 -0.195082 -1.77422 -0.528674 -0.0939041 0.175371 0.120552 -0.329548 
0.882579 0.577845 0.59123 -0.720821 -1.57276 1.09281 0.012058 -0.645531 -0.573785 -1.89269 -1.3974 1.59578 -0.857693 -0.726676 0.779982 -0.264469 1.13111 0.972748 -0.68416 0.174397 0.127859 0.194393 -0.0551636 1.05258 0.653859 1.01755 -0.980736 0.726602 -0.305419 0.874114 0.875914 -1.81064 0.722034 -0.293468 0.83695 1.6905 1.22046 -0.969045 -0.0844217 
0.72933 0.763019 -0.239148 -0.381884 -0.7242 0.551568 -0.152744 -1.04378 -0.486733 -1.25764 -0.544876 1.03958 -0.38828 -0.95184 0.891354 0.0592066 0.43847 1.71495 -1.1315 -0.154274 0.387788 0.888553 1.72326 1.36891 -1.71707 -0.0236716 -1.37573 0.544006 0.197105 0.580774 0.53415 -0.80425 1.53262 1.37273 0.844056 0.960962 1.51704 -0.490263 0.820999 
0.485366 0.987529 0.64255 -0.532594 -0.729225 0.00417848 -0.0566657 -0.364373 0.398146 -0.559837 -0.157963 0.12666 -0.80729 -1.06795 -0.0344461 0.509431 -0.402236 -0.252664 -0.308213 1.61895 1.50058 0.732883 1.06894 0.612114 -1.25282 -0.0766601 -1.44947 0.326337 -0.918907 0.496421 0.91536 0.0105552 0.384016 0.197645 0.346926 1.20023 0.607025 -0.851185 0.263629 
0.287607 0.766471 0.187322 -0.611081 -0.874183 0.278706 1.07996 0.147231 0.317193 -0.442153 -0.0187313 -0.0312884 -0.389211 -0.93857 -0.447897 -1.31508 0.180476 -0.460092 1.1139 0.57425 -0.13926 -0.510686 -0.450978 -0.708175 0.69593 0.321091 -1.36628 -0.230994 -0.797804 -0.948472 -0.067261 -1.23937 -0.404099 -0.178327 -0.100495 1.8656 1.37647 -1.69721 -0.549312 
0.0932394 0.809563 -0.451258 -0.472466 -0.983946 1.14044 0.409298 -0.514142 -0.140033 -0.946126 -0.876219 0.727506 -0.422887 -0.714395 -0.295559 -1.60245 -0.861836 0.129065 -1.2047 -2.14131 -1.69356 -0.849486 0.922205 0.897493 -0.757928 -0.564442 -1.15485 0.264402 -0.619123 0.138911 0.225701 0.200392 -0.499427 -0.838794 -1.26818 0.788335 0.441919 0.250567 1.18388 
-0.0185867 0.655349 -1.14593 -1.06848 -0.831417 -0.882457 -0.447115 -1.27337 -0.586632 0.257318 0.77639 -0.677619 -0.862695 -0.569148 0.8054 0.462364 -0.0274457 0.747472 -0.904393 -1.21059 -0.829308 -0.896391 1.27825 1.18676 -0.428326 1.03874 -0.763174 0.0776994 -0.462903 0.0165194 0.692214 -0.49955 -1.45445 -0.719649 -0.304086 0.440786 0.147785 -0.0856256 0.879432 
-0.157276 1.18153 -0.064007 -0.515575 -0.628923 0.276841 -0.434692 -1.22811 -1.09448 0.0348635 0.19154 0.36392 0.656761 -0.28455 0.393958 0.959814 0.855363 0.812757 0.57685 0.363062 0.864906 0.507882 -0.470427 -0.743409 0.63228 1.57279 -0.743037 0.397832 0.896967 0.0485882 0.810998 0.57046 1.12381 0.927055 -0.580232 1.03742 0.593571 -1.61266 -0.438698 
-0.160007 0.846781 -0.344179 -0.673257 -0.443429 -0.27834 -0.136149 -0.602112 -0.0255342 -0.144349 0.0249251 -0.131374 0.73433 -0.403641 -0.262723 0.723791 0.062766 0.360986 1.55662 2.51512 1.93439 0.249603 -0.181869 -0.540868 -1.48352 -1.55214 -0.352519 0.368814 1.05048 0.682318 0.799546 1.19616 1.77338 0.504956 -0.618223 -0.616121 -0.78057 0.978823 1.2411 
-0.344347 1.08482 0.541078 -0.513891 -0.469052 1.85178 1.45574 0.317584 -0.812127 -0.138644 -0.369026 -0.904852 -0.773588 -0.180974 0.108448 0.432794 0.00584959 0.279635 0.823913 1.71816 -0.255501 -1.19666 -0.219673 -0.126697 0.487177 -0.146902 -0.516359 -0.504194 -0.362634 -0.0185547 -0.226522 0.0341621 1.98932 0.741945 0.844408 0.192869 0.417757 -0.162825 -0.566614 
-0.261723 0.912933 0.0184332 -0.699834 -0.324635 0.570583 1.16936 -0.846922 -1.30404 -0.347748 -0.145276 0.290395 0.66535 -0.274703 -0.446427 -1.23158 -0.114948 -0.708002 -1.54598 -0.175715 -1.04668 0.678062 0.365799 0.992793 1.26757 0.891066 -0.728842 0.574447 -0.099482 0.209147 -0.451386 1.26848 1.31635 -0.0970623 0.0615456 0.129909 -0.867527 -0.271488 -1.39002 
-0.481993 0.907496 -0.483148 -0.600446 -0.848952 0.352456 1.37128 -0.574118 -0.0673663 0.120883 0.515919 0.186371 0.162994 -0.773376 0.679335 -0.586689 0.238715 -0.942099 0.663378 -0.183409 0.157952 1.25913 0.335581 -0.839343 -0.830231 -1.46479 -0.304921 -0.188006 -0.382201 0.181366 0.166728 -0.615623 -0.265565 -1.34906 0.728135 0.509318 0.312856 0.440364 0.279946 
-0.590525 1.22958 -0.468439 -0.610789 -0.822739 1.26044 1.07926 -0.753683 0.0678372 -0.112114 -0.987161 -0.417961 -0.680368 -0.128993 0.176082 0.697476 0.323307 0.912653 0.779265 -0.181002 -0.521092 0.121103 0.160021 -0.656597 -0.777959 -0.574809 -0.566061 0.302498 -0.284239 0.0753772 -0.349674 0.428073 -0.0566084 0.654516 1.70422 1.15702 1.3248 0.160872 0.13358 
-0.563783 1.00333 0.10001 -0.4694 -0.410523 1.15714 1.28294 -1.03608 0.0763039 0.217704 -0.153725 -0.477144 -0.320533 0.0304713 -0.268962 0.184328 -0.168483 0.422321 -0.181492 0.0765371 0.627083 0.618758 0.890013 2.29195 0.992916 1.61207 -0.329238 -0.157375 -0.175387 -0.883736 0.462284 -0.639864 -1.04907 0.0476822 -0.640588 0.443342 1.24194 0.872703 0.798764 
-0.611188 1.13013 -0.312861 -0.723924 -0.631897 1.11314 1.17993 -0.276872 0.748596 0.561903 1.12226 0.437652 0.954704 -0.30629 -0.403917 -0.953449 -1.50301 -0.293386 -1.57498 -1.11254 0.593518 -0.834595 0.294519 2.01779 1.77329 1.49003 -0.266181 -0.40044 0.00652648 -0.335549 0.92527 -0.886208 -0.663766 -0.456283 -0.465319 -0.0627625 0.535858 0.710859 1.62505 
-0.713537 0.844658 -0.692465 -1.24515 -0.581068 -0.370917 0.510913 -0.586714 -0.81145 0.420871 1.6973 1.0479 1.19631 -0.383847 -0.2962 -0.19566 -0.296813 0.846441 -0.90893 -0.909378 -1.14647 -1.13855 -0.982266 -1.70973 -0.186902 0.257087 -0.396847 0.15374 0.0824209 -0.0982129 0.482164 -0.396659 -1.17349 0.254628 0.352621 0.061353 0.58466 -0.350987 -0.263445 
-0.790672 1.01873 -0.473909 -0.900777 -0.226901 0.245048 0.557016 -1.25016 -0.467197 -0.24447 -0.539978 0.28117 1.2771 -0.216813 0.607845 1.04418 1.34702 0.940542 1.07022 -0.329762 -0.278074 1.21876 -0.252678 -1.38173 -2.20933 -1.80111 -0.542618 -0.311199 0.138616 -0.0555114 0.300944 -0.107899 0.000301739 -0.0943684 0.0555781 -0.858207 -0.158686 -1.06513 -0.639816 
-0.828991 1.12994 0.179586 -0.605815 -0.128557 0.72206 0.313394 -0.849982 0.516849 0.191375 0.344204 -0.843501 -0.475225 -0.328607 -0.145113 0.361965 0.196468 -0.453508 0.749619 0.870552 1.05208 1.19443 0.0306178 1.5257 -1.08449 -1.00267 -0.365569 0.682323 0.876504 1.15666 0.775042 1.63677 0.792468 0.454685 1.01425 -1.87209 -1.84129 -1.66585 -1.27383 
-0.94898 0.973624 -0.170315 -0.832709 -0.478298 1.02035 1.24045 -0.425857 0.83485 -0.249967 0.847245 -0.645296 0.379066 -0.265662 0.329648 0.114454 0.132368 0.117476 0.857666 1.23812 0.828446 -0.103394 -1.79437 -0.658603 0.235267 0.323556 -0.507243 -0.492095 0.687762 0.74615 0.234783 -0.0299629 0.775901 1.59891 0.594925 0.0163043 0.752538 -0.103773 -0.249021 
-0.963171 1.29315 0.276941 -0.569573 -0.0916429 1.60443 1.26659 -0.20853 0.418235 -1.25712 -0.32733 -0.63783 -0.0884348 -0.337897 -0.547246 0.542845 0.747931 0.753629 -0.815693 0.0179936 0.841957 -0.542486 -0.0374476 -0.704436 0.937612 0.708251 -0.674897 -0.366899 -0.302605 -0.320173 -0.340997 -1.74521 0.339935 1.39477 1.00874 0.016499 0.500863 1.57253 1.86094 
-1.11085 0.752065 0.283997 -0.490831 -0.120166 0.244649 1.29816 0.226641 0.262351 -0.309282 0.132513 0.162875 1.13854 -0.618615 -0.84826 -0.541514 -0.577627 -0.625081 -2.97573 -0.870849 0.825878 1.21267 1.78775 1.20221 1.57866 1.81793 0.262419 -0.9715 0.488089 0.708871 1.10537 -2.19907 -0.262045 0.486904 0.633067 1.09315 0.366449 -0.49013 0.825544 
-1.23265 0.939512 -0.172289 -0.885855 -0.429673 -1.31159 0.67195 0.430822 1.73997 0.126729 0.754998 0.720256 1.74607 0.671148 -0.810428 0.0934402 0.147885 0.767783 -1.84534 -0.370502 -0.25375 1.23658 1.19404 1.09976 -1.53642 0.237887 -0.443677 -1.14413 0.0819949 0.746324 0.11596 -1.75527 -0.475406 0.574214 0.832446 2.05939 0.984445 0.918278 1.68389 
-0.885921 0.415024 0.363843 -0.446885 0.245113 -1.5513 1.07074 -0.0167384 1.60989 0.605125 1.11827 -1.15127 1.44234 0.0346811 -0.748994 0.631674 1.52225 0.758512 0.84563 0.263228 -0.135142 -0.29823 0.412757 -0.1251 -0.530023 0.11916 -0.475787 -1.00083 -0.721211 0.820943 0.85546 -0.831718 -1.18377 0.0221003 0.922288 0.567906 -0.235708 -1.03737 -0.293359 
-1.2517 0.629429 0.356039 -0.159514 -0.0690757 -0.441147 0.909645 0.284419 1.43108 0.423386 0.586303 0.269431 1.93485 -1.29679 -0.587944 -1.08345 0.893987 0.403047 0.820104 -1.0841 0.296135 -0.22285 -0.604921 -1.36875 0.297501 -0.583498 -0.345126 -0.756178 -0.222267 0.574706 0.751575 1.26099 0.502445 0.0446123 -0.249574 -0.772241 -1.22531 -1.04852 -0.449761 
-1.41536 0.175608 -0.536957 -0.0324877 0.426222 -0.706148 0.31958 0.189482 1.38235 0.0971157 -0.222595 -0.892217 0.950392 -0.490602 -0.309859 -0.950692 -0.801284 0.266585 0.632695 0.298351 0.203963 0.01687 -1.27153 -1.23565 -0.721939 -0.645334 -1.15713 -0.0780558 0.0815736 0.0924493 0.239033 1.17569 -1.41474 0.173844 -0.857975 -0.959561 -2.51147 -0.826958 -0.946295 
-1.4721 0.512033 -0.434139 -0.586845 0.0431291 0.218304 1.17312 0.415278 1.46226 -0.611704 -0.629113 -0.346027 1.383 -0.213886 0.470186 1.17304 -0.801505 -0.0969644 0.556176 -0.646667 -0.0755572 -0.730889 -0.45623 -1.41094 -1.2903 -0.515913 -0.602035 -0.200805 -0.380026 -0.333519 0.178009 0.026473 0.622572 0.748236 -0.887123 -0.0341944 -1.28642 -0.892881 -0.247171 
-1.5297 0.400487 0.442469 -0.459928 0.354858 -0.122517 -0.110526 0.0917982 0.606524 -0.293326 -1.60322 -1.99524 0.523922 -0.299031 0.0217508 0.419515 0.338633 -0.0461086 -0.631253 0.406863 0.691127 -1.00282 1.21014 -0.192526 -0.34797 0.353046 -0.524208 0.100556 1.66248 0.222457 0.374221 0.75853 1.81787 0.905507 -0.71269 0.542387 -0.559275 -0.924456 -0.0495537 
-1.61907 0.540143 -0.082592 -0.44819 -0.00255644 -0.374647 1.51623 0.944454 0.392949 0.315434 -0.861358 -0.640679 1.79836 -0.474654 -0.340067 1.04259 1.06342 0.592695 0.321044 2.78108 1.15533 -0.0622874 1.01778 0.784972 0.183455 0.45177 -0.181979 -0.156955 2.12042 1.82998 0.715035 -0.943967 -0.162188 -0.568735 -1.59238 1.14072 -0.361325 -0.583017 -0.679778 
-1.74399 0.269836 1.3132 0.0385928 0.631728 0.22813 1.9751 1.00052 0.552273 0.481713 -0.914153 -1.83401 1.03492 0.055031 -0.249004 2.41198 2.01825 1.01994 -0.528266 -0.639974 -1.34256 -0.762546 -0.00215307 -0.215057 -0.359485 -1.14477 -0.394651 -0.344391 0.64709 1.24379 0.406021 -0.428036 0.790843 -0.196994 -0.852222 0.992446 0.99049 0.543734 1.21957 
-1.63032 0.44945 1.92917 0.524419 0.490048 -0.865552 1.09104 -0.189167 -0.417047 0.284026 -1.11484 -0.94521 0.762663 -0.0455986 -0.14731 -0.19248 0.529522 -0.0523543 -0.863342 -1.87467 -1.37023 -0.885094 0.0300125 0.29881 0.42707 0.949258 -0.466935 -1.05639 0.959921 1.15751 0.994065 0.146988 -1.28815 -1.21927 -0.058149 1.37069 0.487902 -0.796075 -0.350384 
-1.79381 0.223765 1.1548 0.272027 0.582888 -0.59479 0.643725 -0.155722 -0.389981 0.475738 -0.683303 -1.4638 2.02788 -0.669176 -1.22649 -1.14116 -0.537755 0.345325 0.673883 -0.939428 -0.0728047 0.692742 1.4586 0.744369 -0.597188 0.733324 -0.27947 -0.586772 0.0210392 0.844688 0.411572 -0.249916 -1.59225 -0.450975 0.96903 0.390236 0.256485 1.03678 1.04907 
-1.91918 -0.0701526 0.980288 0.227934 0.642012 -0.165289 0.446063 -0.2846 0.343558 1.40762 -0.464041 -1.45365 1.54643 -0.325039 -0.676441 0.200665 0.543295 0.600481 0.534132 -0.0683404 0.85708 1.95049 0.367152 -0.0248051 0.760175 0.254939 -0.699766 -1.3701 -2.07114 -0.86309 0.203783 0.289959 -1.3258 0.89604 1.66317 0.998784 0.53442 0.420594 0.560655 