-0.264184 -0.750677 0.18086 1.54625 1.13089 -1.16148 0.431518 0.435369 -1.01052 1.64871 0.557925 -1.6485 -0.0413369 -0.229639 -0.286602 -0.984863 0.0329122 0.320092 0.0547511 0.236703 0.634057 -0.691764 -1.79288 -0.5757 -2.2112 -0.852351 0.881693 -1.37329 0.678218 0.0471391 -0.0228951 -0.459191 -1.51397 -0.59414 -0.0156472 1.14934 1.55665 0.199652 1.11706 
-0.340948 -0.936128 -0.458298 1.31711 1.10817 -1.23886 0.363702 0.800695 -0.771719 1.37099 0.461481 -2.72607 -0.475297 1.43579 -1.5601 0.310747 -0.796872 -0.306422 -0.519085 -0.545784 -0.454913 -0.00289144 0.898869 1.79254 -0.224062 -0.209457 2.39049 -1.22166 -0.122999 -0.855129 -0.154162 0.0849143 1.4181 0.7584 -1.14905 0.239147 1.88193 -0.953302 0.308339 
0.0899403 -1.52594 0.439348 1.13693 0.982341 -1.4878 0.128895 0.143138 -0.980321 2.16277 1.97902 -1.82804 -0.138094 3.65588 -1.44912 0.829789 -1.19083 -0.544178 0.0307577 1.56778 0.136651 -0.533597 2.11978 2.78126 1.15467 1.26434 0.0902554 -0.345689 0.691073 -1.1347 0.112688 -0.734462 -1.16096 -0.365997 1.69736 0.00797975 1.2778 1.68836 0.591769 
0.625499 -1.65622 0.209478 0.711181 0.84703 -1.20343 1.29947 0.920223 -1.37591 2.6554 2.66439 -1.76008 0.38345 -1.30261 1.06983 0.582589 -0.738293 0.453318 -0.366076 -1.04686 0.063843 1.84658 -0.822091 -0.293918 2.17822 0.98319 0.473301 0.641678 2.14739 -0.0144156 0.196958 -0.184276 1.0315 -0.315157 0.903197 0.538297 1.08304 1.5566 0.837353 
-0.311217 -0.993693 0.912195 0.756852 1.19359 -1.71346 -0.46732 0.211989 1.2607 1.59096 1.75027 -0.0116235 0.538374 -2.97432 2.3627 1.93908 1.16734 0.808229 -0.264144 -0.272525 -0.475192 1.521 -1.46919 -1.51054 0.649317 -0.17717 -0.937806 1.27089 0.97272 -0.0217944 0.362345 0.0619032 0.392515 0.187144 1.04134 -0.778246 0.578465 0.0452903 1.19625 
-0.236733 -0.481203 1.75198 1.28212 1.22635 -1.36202 1.15696 0.613878 0.475926 1.67529 1.47362 -1.21397 0.307625 -0.0359978 0.738353 0.673468 0.704852 0.0406577 0.424325 1.50045 0.116617 -0.710228 0.0481568 0.974195 -2.09666 0.562045 -2.4507 1.66399 1.67597 0.59792 0.291339 -0.748263 -1.88448 -0.722396 1.41079 -1.53617 -1.29311 1.4447 -1.33818 
-0.363028 -0.626246 1.4567 1.09698 1.20941 -1.41909 0.428999 0.317572 0.445368 1.56824 2.52427 -1.74703 0.941803 -0.530173 0.00441251 0.222661 -0.364562 -0.412967 -0.637365 -2.27313 -0.284127 0.013702 -0.124838 0.000731892 1.02714 -1.51229 -0.270345 0.311424 0.336739 0.508454 -0.103293 0.543873 1.10545 -0.170334 -0.717044 -0.881999 -0.907139 -1.53394 -0.866528 
-0.424843 -0.478645 1.94101 1.08855 1.02735 -1.76616 -0.157766 0.440523 0.525963 1.54342 1.47786 -0.353934 -0.633794 -0.347062 -0.294335 -0.236465 -0.0227931 -0.194023 0.204887 -0.107776 -0.305519 -0.0493406 -0.934355 -2.03235 0.378389 -1.64954 -0.223338 -0.1827 -0.554589 -0.391576 0.0251476 -0.198331 -1.53104 -0.849176 -0.9986 -1.65371 -1.785 -0.0132718 -0.586842 
-0.500635 -0.772215 1.28369 1.07397 1.1141 -1.2691 0.383017 0.129328 0.420045 0.925598 0.92088 -1.42602 -0.0885969 0.214409 -0.262943 -0.933562 -0.167851 0.438163 0.38733 0.193029 -0.606187 -1.07685 -1.59637 -2.08614 -1.01232 0.781763 0.17484 -0.0919879 -0.853291 0.327281 -0.0816171 0.565533 -0.567605 -0.532521 -0.311163 -1.20134 -1.82369 0.548833 -1.41877 
-0.40759 -0.609006 1.2183 0.993152 1.23142 -1.49613 -0.0274982 0.0429989 -0.727623 0.483074 -0.168067 -1.18841 -0.0879169 0.601337 0.164779 -0.859121 0.460383 0.0707914 0.449984 -0.703298 -0.257612 -0.272599 -0.297377 -0.0983366 0.277057 -0.142786 0.680087 -0.664192 -0.760353 0.638701 0.411046 1.88365 -0.113691 -0.718542 -0.392037 -0.671374 0.126129 0.835265 0.684177 
-0.376662 -0.689928 0.619685 1.2921 1.14419 -0.957847 -0.0118984 -0.0255713 0.127844 0.684865 0.846786 -1.1892 -0.14213 0.763188 -0.680176 -0.0423335 1.02566 0.123519 1.82904 -0.40621 -0.14915 0.66771 0.938071 2.2371 1.99421 0.10991 1.3348 -0.681314 -0.714857 0.426098 -0.40457 1.10098 -0.254374 0.394215 0.54263 0.127765 0.723867 0.553279 -0.800652 
-0.238978 -0.946801 1.19837 1.49338 1.28648 -0.277574 -0.248341 -0.0364044 0.104202 1.02186 1.60456 0.475123 0.0223804 1.31356 -1.13224 -0.0581825 0.110547 -0.643 0.839197 0.30481 0.652027 0.871236 0.503765 0.948759 0.383456 -0.860629 0.892966 -1.2286 0.492591 0.912658 -0.361131 1.00299 -0.618997 -0.245011 0.222281 1.87565 1.72802 1.32952 -0.133105 
-0.0562526 -1.25247 0.587255 1.33564 0.836252 -0.390528 0.183865 0.452685 1.20296 0.949623 1.60067 -0.863981 -0.661059 0.51917 -1.06542 0.680052 0.201817 -0.635336 -0.655944 -0.472557 -0.116913 -0.41448 1.15956 -0.211636 -0.449023 -0.261334 1.06524 -1.27653 0.699342 0.967092 0.0669135 0.674431 0.344877 2.00077 0.93016 0.728708 -0.0952275 1.36904 1.97779 
-0.137668 -1.47613 1.74807 1.58247 0.982176 -0.693936 -0.508059 -0.0933697 -0.357601 1.70041 1.44088 0.10867 -0.10801 0.215431 -0.681497 0.962168 1.19038 0.726259 -0.0553202 0.0860322 1.40235 0.145243 0.352857 -1.05683 1.20677 3.40334 0.985838 -1.5152 -1.10378 -0.11198 0.031024 -0.49523 -1.26515 0.489169 0.582033 -0.491687 -2.31703 -0.443013 0.775817 
-0.0387176 -1.59093 1.35942 1.91807 1.17676 -0.411729 0.25144 1.4532 1.41024 1.11916 0.768663 0.145299 1.58446 0.896146 -1.08767 -2.09824 -0.356952 0.668701 0.054189 -1.25731 0.609439 1.0556 -1.62343 -2.49635 -0.0259285 1.26997 0.817082 -0.696095 1.62141 0.619288 0.384522 -2.18353 -2.49921 -1.29768 -0.134875 1.86916 -0.389517 1.99318 1.29718 
0.0676157 -2.01651 0.106968 1.3927 1.29542 -0.643089 -1.22759 0.355243 0.937904 0.622979 -0.529415 0.0937492 0.754384 0.958291 -0.306982 1.12931 -0.358768 -0.201453 -2.54648 -3.44141 -2.75608 -0.277106 1.73776 0.604387 1.09479 -1.72929 1.49136 -0.413404 -0.024051 0.282059 -0.230975 -1.0708 -1.6147 -0.320552 1.38557 -0.810252 -1.59956 0.607994 0.500556 
0.183706 -1.74318 2.26337 1.7274 1.07792 -2.07191 -1.74781 -0.440756 1.11265 2.16253 1.25024 1.06153 0.502351 1.24288 0.501121 2.07059 0.733521 -0.999573 -1.33779 -0.932989 -0.953554 0.451908 0.814867 0.627941 0.748799 -0.61265 1.4032 -0.68897 0.000683176 -0.605356 -0.482153 -1.00011 -1.89914 -2.81171 -1.6937 -0.16205 -0.12797 0.676599 -1.16128 
0.368532 -1.76701 1.75317 1.74714 0.818622 -1.50805 -1.75709 -0.284067 1.51177 1.08403 -0.0292138 0.722518 0.396226 1.05453 -0.671367 -1.12509 -0.462113 -0.478614 1.34661 0.876437 -0.162013 -1.53552 -1.84496 -0.750769 -0.293726 0.265607 0.801483 -0.167721 0.333193 0.291606 -0.217198 -1.21796 0.302321 -0.38267 0.227009 1.18273 1.9303 1.46992 -0.631362 
0.432675 -2.0766 1.38964 1.48514 0.847833 -1.17075 -1.21711 -0.529113 -0.689216 0.945327 0.660243 0.824112 0.71359 -0.0914906 -0.738354 -1.63816 -0.34407 0.687855 -0.120147 1.26778 0.545256 -0.193581 0.533019 1.63423 0.956403 -0.1747 0.361621 -0.092794 -2.0377 0.439894 0.282459 0.633493 0.073348 -0.137768 0.980974 -1.39472 -0.254442 -0.213856 0.401182 
0.301415 -2.13373 0.474864 1.56379 1.14094 -1.5719 -0.997093 0.119872 1.31402 1.36725 1.2667 1.52378 0.322003 -0.53286 0.540665 -1.49584 1.05166 0.861529 -0.611232 -0.843251 0.00675899 2.60678 0.403987 0.456393 0.0799423 0.264879 -0.290739 1.16082 -0.0895141 -0.350353 0.0262368 1.12094 0.894651 -0.575105 -1.29255 -0.552062 0.268803 -1.30549 0.449462 
0.243824 -1.80743 0.223547 1.99835 1.2524 -1.5577 -1.69403 -0.499996 2.46054 1.14713 1.0248 0.897154 0.924358 -0.320764 2.39005 1.52621 -0.132718 -0.661145 1.43297 -0.152776 -1.15239 -1.1865 -1.06222 -1.31631 -2.41431 0.766805 1.35407 3.98904 -0.910153 -2.54887 -2.93612 -0.577917 0.322512 -1.6646 0.0937744 -1.72386 -0.564134 0.457345 0.0911836 
0.171062 -0.94512 1.6918 1.48593 0.824409 -0.613926 -1.06944 -0.657836 -0.0706448 0.643928 0.229503 -0.475557 0.858183 2.47535 5.13221 0.327026 -4.49505 -4.95317 -0.0884785 1.20463 -1.73961 -2.49211 -2.20109 -1.11317 0.471235 -0.130044 2.69628 3.35663 -1.20834 -3.22834 -4.31141 1.1302 -0.216363 -1.81324 -0.558082 -2.02963 -1.30612 -0.92774 -0.385791 
0.884668 0.74448 0.494871 -0.256571 -1.09671 -1.60071 -0.971036 -1.68644 -0.484822 -0.294779 0.148238 1.29531 0.879087 4.18478 2.38366 -3.07905 -4.22754 -5.34245 -0.109172 -0.195645 -0.734043 0.598331 -1.06574 -0.208722 1.38692 -1.24073 2.99005 2.65474 -0.867439 -4.07579 -4.26008 1.84128 0.581405 -0.753899 -1.35989 -2.22299 -1.91685 -0.23017 -0.87457 
1.28339 0.240313 -0.722723 -0.63549 -1.70905 -0.670556 -1.16691 -1.14435 0.678247 -0.0816149 0.0681231 0.683404 0.0928219 1.80923 -1.35646 -1.44083 -1.00872 -0.979067 2.25466 -0.502239 0.947738 1.03941 -0.136091 -1.12653 -0.703611 -0.967711 2.93007 0.983433 -3.77355 -3.84938 -3.62969 0.687869 -0.304704 -0.744521 0.540678 -1.61927 -1.41793 0.670616 -1.25067 
1.34179 0.0704631 -0.627841 -0.771613 -1.5638 -0.102133 -1.24814 -1.00235 0.791326 -0.433747 -0.738889 0.717326 0.290733 0.0139271 -0.984173 -1.77742 -0.970717 0.286594 0.908968 -0.269138 -0.0481361 -0.0017996 -0.618199 -1.44714 -0.592682 -0.337038 1.2589 -1.6057 -2.59574 -0.750876 -0.387804 2.79528 -0.011815 0.984612 1.85621 1.32089 -0.625313 -1.18722 -2.30089 
1.24535 -0.248618 -2.11085 -1.13157 -1.57676 -0.0573338 -1.30744 -1.15345 0.709755 -0.524775 -1.07252 0.19759 -0.0866495 -0.002996 -0.925301 -1.89878 -0.00851854 0.430167 1.04167 0.423249 0.0567014 0.975559 1.63347 0.39817 -0.619509 -1.95046 0.831457 -0.855703 -0.353439 0.0211995 0.671007 1.7334 0.370732 -0.335654 0.492881 0.697163 -0.501946 -0.436309 -1.56856 
1.29908 -0.389199 -2.11167 -0.787496 -1.36352 0.598398 -0.982985 -0.938473 1.99115 0.543813 -0.420377 0.209223 -0.934764 1.18037 -0.231238 1.32557 0.995291 0.63649 1.12941 0.694036 -0.311583 0.546795 1.44069 0.86314 0.125371 -1.64646 0.841422 -0.668191 -0.595345 -0.286067 0.363849 0.865285 0.615092 -0.809616 -0.103224 0.244633 -0.208289 -0.856057 -2.21092 
1.52902 -0.363217 -1.05213 -0.646491 -1.27877 0.700923 -0.883617 -1.34591 1.39704 0.331147 -0.386339 0.308378 -1.11506 1.21156 -0.0235033 1.13539 -0.381524 0.0658986 -0.0317023 0.323519 -0.90614 -1.07329 -1.30062 -0.638539 -0.326184 -0.852881 1.1345 -0.162321 1.12798 0.368343 0.913752 1.21932 1.34809 -0.166621 0.0427338 1.33764 0.2673 0.324542 -2.49825 
1.59136 -0.40052 -1.20291 -0.989531 -1.33574 0.592736 -0.77626 -1.54478 0.741812 -0.329934 -0.921629 -0.0551687 -1.44867 0.447776 0.00168194 0.130442 -0.502293 0.624065 0.299959 1.01823 0.126516 -0.487157 0.0748073 -0.546984 0.274452 -1.52359 0.941557 0.189201 1.0347 -0.141656 0.621116 0.74086 -0.232916 -1.43538 -2.79151 -1.07936 -0.519844 1.00977 -2.10124 
1.61064 -0.362016 -0.935818 -0.908796 -0.986661 0.913467 -0.269842 -1.23344 0.848363 0.325248 -0.815195 0.543031 -2.0638 0.140359 0.293743 0.200486 0.186344 0.787827 0.894273 -0.693742 -0.589867 -1.923 0.200874 0.0335942 1.50695 -1.81047 0.44778 -0.103506 -0.230432 -0.724352 0.356248 0.392379 -0.326568 -1.63194 -2.84934 -1.8794 -0.477351 0.368624 -1.44754 
1.58819 -0.254117 -1.03137 -0.908166 -0.966079 1.19629 -1.16558 -1.93094 -1.52325 -0.256289 -0.8914 1.20352 -2.58341 0.197246 -0.147614 -0.423874 -0.479158 -0.138566 0.149786 -1.51181 -1.82562 -2.5715 -2.04021 -0.00823692 0.175611 -0.305451 0.118177 0.210605 0.396953 -0.437298 0.468034 0.519761 0.634539 0.111922 -1.85489 -0.639192 -0.743757 1.80209 -0.681318 
1.62316 -0.43504 -1.25661 -1.15955 -1.05571 1.02721 -1.13849 -2.47975 -2.1919 -1.01515 -0.818043 0.695561 -2.2228 0.0327984 0.0069295 0.314064 -0.780453 -0.14692 -0.293626 1.46613 0.692604 -0.0634161 -0.824348 -0.900558 0.576815 0.959366 -0.132601 -0.208672 -0.527333 -0.56764 -0.318475 -0.777965 -0.285575 0.258848 -1.6045 -1.54394 -0.029095 0.786188 1.26282 
1.55535 -0.250308 -0.770263 -1.30929 -1.03909 1.0183 -0.289366 -1.42445 -1.56539 -0.829523 -1.59984 1.68939 -1.92239 -0.383108 -0.147844 -0.251925 -0.29083 -0.313952 -1.08648 1.07222 2.08017 0.855055 0.437781 -0.0224428 0.750346 1.93565 -0.229397 0.242132 0.279945 -0.475002 -0.339321 -0.202939 1.04971 1.34437 -0.00615566 -0.838847 -0.573288 0.866201 2.34016 
1.47561 -0.508179 -1.44182 -1.31633 -1.20782 0.327588 -0.493075 -1.00744 -1.13612 -0.792027 -0.832125 1.32562 -0.928821 -0.357236 0.338568 0.0497969 0.135468 -0.334578 0.038131 -0.146884 0.683557 0.0703415 -0.0151574 0.233074 0.440331 2.04583 -0.371775 0.492782 0.393501 0.102973 0.0161631 -0.386631 0.778503 1.92118 0.330605 0.74026 0.304856 0.918622 1.49397 
1.41494 -0.0816198 -0.717546 -1.25331 -1.20097 1.05859 -0.358263 -0.924242 -1.44765 -0.892186 -1.41188 2.06187 -0.556979 -0.14516 0.849717 0.762031 0.425746 0.326657 0.613378 -0.110211 -0.108019 -0.485028 0.431339 0.382546 0.326545 -0.0104346 -0.657687 0.567187 0.0241786 0.29617 -0.699913 -0.667929 -1.23275 1.04456 1.81251 0.444858 0.139437 0.0559344 0.898338 
1.39369 -0.0853659 -0.827471 -1.11549 -1.05656 0.746337 -0.540484 -1.05821 -1.68226 -0.572967 -0.525967 1.60355 -0.896546 -0.580349 0.469094 -0.0153269 0.260142 -0.648224 -0.844474 -1.54032 0.382823 1.8975 0.564647 -0.0665407 -0.346637 -0.880826 -0.52937 1.45059 1.0128 0.678219 -0.239003 0.322711 -0.440968 0.220254 0.870025 -0.0231477 -0.448987 0.0821061 -0.40197 
1.21299 0.151961 -0.716183 -1.13512 -1.51138 0.518188 -1.24361 -0.633366 0.854241 -0.589013 -1.46083 1.78048 -1.089 -0.608724 1.21398 0.545645 0.485388 -0.66869 -0.246165 -0.534057 0.322689 1.43667 -0.388241 -0.904576 -0.203023 -0.484143 -0.533432 0.854282 -0.0804516 0.604777 -0.218328 -0.315466 -0.904869 0.320393 0.763913 -0.610077 -0.225291 -1.75075 -1.08589 
1.18392 0.518545 -0.383756 -0.884884 -1.37666 0.599576 -0.836236 -0.80919 0.068767 -0.871032 -1.23758 1.44149 -1.17139 -0.17935 0.746761 -0.0849519 0.551893 0.334934 0.455674 0.285002 -0.0646845 -1.06027 -1.15662 -0.193724 -1.61873 -0.48664 -0.4795 1.06471 0.724278 0.222067 -0.378041 0.113708 -1.04385 0.13457 1.21077 -0.840897 -0.408603 -0.987989 -0.0293059 
1.12164 0.523588 -0.769721 -0.871327 -1.35619 0.83318 -1.05945 -0.653977 -0.379528 -1.3719 -1.61035 0.442166 -1.36547 -0.0737655 0.301067 0.390454 -0.189771 0.133363 0.365784 -0.904317 -0.196552 -0.117633 -0.453483 0.429804 -0.893032 0.465197 -0.615127 0.85781 0.657875 -0.4147 0.337179 0.231217 0.671279 0.876277 -0.954016 -0.59337 0.737143 -1.81955 1.13766 
1.12169 0.668589 -0.0624162 -0.991222 -1.31694 0.855428 -1.34893 -0.921588 -0.0381907 -1.21026 -0.894057 0.706126 -0.83075 -0.697305 0.474111 0.935534 -1.11551 0.124055 -0.196849 0.535775 0.957187 0.0451951 0.582725 1.05968 -0.425043 1.95709 -0.638629 0.917358 1.08228 0.276567 0.761911 0.116494 0.652999 0.990936 -0.953869 0.408282 1.30074 -0.564419 0.354143 
0.887433 0.759664 -0.0185612 -1.43966 -1.30088 0.718865 -0.728362 0.036686 -0.291844 -1.05732 -0.768751 0.0956368 -0.0575917 -0.836536 1.00447 1.00671 0.558929 0.916098 -0.242865 1.70102 1.20753 -0.897285 0.963396 1.09566 0.279716 0.00525329 -1.09224 0.811254 1.3372 0.584623 0.485374 0.718652 0.983014 -0.229818 0.426241 1.12419 1.74857 0.303608 0.717936 
0.84908 1.16834 0.744866 -0.723917 -0.886531 0.710838 -0.335096 -0.0566764 -1.07713 -0.655494 -0.0240088 0.945153 -0.788304 -0.862393 0.680567 0.789918 1.90035 0.540959 1.03311 0.695617 -1.20755 0.427949 0.701813 0.989831 0.801008 -1.02233 -1.35807 0.307996 1.08548 0.83246 0.189026 0.111547 1.44553 0.713048 -0.00411986 0.783024 0.735857 0.0752221 0.0941524 
0.607693 1.09838 0.617774 -0.502911 -1.04812 1.41376 -0.303614 -0.779419 0.253377 -0.667599 0.0176103 0.767784 -0.681356 -1.10373 -0.565327 0.394567 0.560333 -0.663075 0.359924 0.139602 -0.483678 0.906405 -0.0480035 -0.231212 -0.16404 0.133371 -1.13142 0.541329 -0.0264238 1.10745 0.311275 1.84513 0.273001 -0.848698 1.1638 -0.26532 0.775832 0.159122 -1.38078 
0.502778 0.887644 1.06945 -0.455911 -1.20398 0.962834 -0.236133 -0.368929 0.0400283 -0.738882 -0.203172 0.81548 -0.662797 -0.7534 0.0903298 -0.820616 -0.410023 -0.117982 1.13762 -0.39945 0.317733 0.840441 -0.920752 -0.0785997 -0.589711 -0.721505 -1.26903 -0.0187497 -0.947295 -0.270099 -0.14694 -0.710181 -0.494652 -0.907135 0.0669841 -0.882249 -0.389074 -1.21277 0.0765868 
0.358015 1.14365 -0.0158691 -0.719168 -1.10743 2.17742 -0.520496 -0.533849 1.29168 -1.30166 -0.0408766 0.284438 -1.11009 -0.709066 0.539901 -1.61122 -0.928829 0.449031 -1.21632 -0.854582 -0.466521 -0.820619 -0.838464 -0.220709 -1.18819 -0.0171656 -0.932062 -0.228704 -1.62503 -0.81204 0.0084952 -0.293361 -1.08642 -0.562898 -0.753046 0.0151345 0.181029 -0.681834 0.244053 
0.265327 1.15643 -0.187618 -0.931081 -0.994759 0.17779 -0.719689 -0.669238 -0.907266 -1.32102 -0.37403 -0.165118 -0.634886 -0.576986 -0.414269 -1.26886 -0.68975 0.120027 -1.50024 -1.095 -0.912251 -1.63883 1.00527 0.293804 -0.157422 1.05145 -0.661186 0.181871 -0.307735 -0.620099 0.453863 1.03149 0.696355 -0.201834 -0.453353 0.221778 0.36589 -0.406436 -0.181583 
0.156993 0.938059 -1.00298 -1.07503 -1.05402 1.20559 -1.14492 -1.14441 -0.633682 -0.720469 0.19511 0.160265 -0.389367 -0.233528 -0.280083 1.21823 0.0880541 0.172176 2.42318 1.70839 0.245071 0.345368 1.14658 0.652233 0.754926 -0.196131 -0.37834 -0.445115 -0.232831 0.0602336 0.347164 -0.574758 -0.139339 -0.0842576 -1.38258 0.712382 -0.181238 0.930561 0.323226 
0.159034 1.01755 0.786461 -0.898769 -0.916653 1.78724 0.29847 -0.474245 -0.460761 -0.650673 0.14538 0.468742 -0.723004 0.0393184 -0.217366 0.972342 0.766994 0.352844 0.804269 0.848034 0.812286 0.161661 -0.166316 -0.502519 1.24792 -0.620456 -0.413852 -0.0997034 0.217171 0.250129 0.446382 0.332251 1.08696 -0.132183 -0.81684 0.743451 0.507052 1.02414 -0.116929 
0.125955 0.830357 -0.222791 -0.703883 -0.890354 1.74992 -0.630866 -0.554605 -0.406778 -0.878508 -0.198586 1.20373 -0.752586 -0.354978 0.139557 -0.935213 0.245429 0.43863 -2.04467 -0.340084 -0.394555 -1.21254 -0.274003 -0.0555233 0.442228 0.0653524 -0.494557 0.50745 0.731525 0.218498 0.707986 0.68954 1.33263 1.26863 0.323724 -0.396914 -0.539801 0.550297 -0.413231 
0.0192447 1.08729 0.0624531 -0.787918 -0.712362 0.457213 0.116372 -0.724462 -1.87655 -0.876658 0.105141 0.842793 -0.641594 -0.743364 0.940094 -0.02691 -0.476193 0.621649 -0.00249419 0.843868 0.485614 0.200947 -0.195009 -0.12578 -0.590805 0.111507 -0.509229 0.0317458 -0.540828 0.633412 0.976788 -2.52591 0.387594 0.778137 -0.0837725 0.85355 -0.0645173 -1.25874 -0.258543 
-0.120956 1.2981 -0.230561 -0.953163 -0.59939 1.76348 -0.119254 -0.19218 -0.132911 -1.05465 -0.29438 0.719479 -0.641253 -0.370072 -0.093188 0.242034 0.605245 0.90956 -0.962723 0.787193 1.18565 1.13578 1.26571 -0.0166069 -1.84686 -0.376873 -0.777675 0.679903 0.00691206 -0.534482 0.412328 -1.62367 1.31531 2.54843 -0.0855182 1.09987 -0.789333 -0.895667 0.000814189 
-0.124708 1.04133 0.266758 -0.497498 -0.285053 -0.160985 0.594776 0.125226 -0.485205 -0.131143 0.0956739 -0.685064 -0.846892 -0.365998 0.027828 0.0391432 -0.249053 -0.0581865 -1.93606 0.825217 2.13463 -0.279592 1.45324 -0.794516 -0.400032 -0.0920106 -0.466968 0.0433619 -0.196811 0.696214 0.764595 -1.07592 -0.127131 0.969109 -0.0135769 -0.227488 0.112247 -0.957265 0.349214 
-0.263785 1.3123 -0.186245 -1.08909 -0.630377 0.504904 0.38143 1.31804 -0.433472 -0.19081 -0.918969 0.39373 -0.661866 -0.294477 0.156073 -0.492167 0.330172 0.143634 -0.326948 -1.01808 -0.197233 -1.13685 -1.44371 0.151323 0.785816 0.841032 -0.157522 -0.222697 0.116977 0.575021 0.653349 -1.38703 1.07267 -0.152513 -1.30634 1.01634 0.29659 -0.37968 0.718282 
-0.247811 1.11928 -0.107889 -0.344356 -0.220463 -0.360895 0.0154236 0.0123537 -1.81052 -1.09517 0.218996 -0.0255386 -0.262588 0.144459 -0.343226 0.114838 1.02094 0.956723 0.277836 0.524271 -2.30512 -1.11536 -0.285391 1.14495 -0.00273996 1.02721 -0.619274 0.701557 -0.404982 -0.628122 -0.0094117 1.39522 -0.455233 -1.00613 -1.14252 -1.50821 -1.38028 0.629619 0.915702 
-0.265825 1.14203 -0.0822405 -0.591213 -0.180732 0.702894 0.705782 -0.262025 -1.7331 -0.423981 -0.00995106 0.398076 0.0431426 -0.588116 0.842637 -0.0260613 -1.18177 -0.166483 1.96471 0.355019 -0.855249 -0.0814751 -0.120068 -1.76314 -0.0382997 0.346136 -0.211834 -0.268945 -0.290941 0.786731 0.909215 -1.16534 0.254934 -0.850516 0.535055 -0.181682 0.232164 -1.90114 0.588014 
-0.451902 1.53858 -0.11499 -0.94576 -0.302736 0.946918 0.240606 -0.558531 -1.87425 -1.22403 -1.17152 -0.0507384 0.0008607 -0.443753 -0.0379281 -0.486197 0.0366216 0.297525 -1.67343 -0.251901 1.41342 1.70583 0.156951 -0.869907 -2.13402 -0.258271 -0.58392 0.62728 -0.955149 -0.625204 0.436393 1.22404 1.07145 1.12598 1.97485 1.10852 -0.948217 -0.428692 -0.271372 
-0.4301 1.12353 -0.452179 -0.584569 -0.0432649 -0.382893 0.575352 0.746202 0.33968 -0.378049 -0.694155 -1.36838 -0.0852619 -0.243863 0.0504661 -1.2007 0.334109 0.763402 -0.529734 0.992867 2.00576 2.22436 1.38766 0.65692 -0.420331 -0.67403 -0.976488 0.324919 -0.789091 0.218302 1.00329 0.000761216 -0.455579 0.661048 1.31617 -1.04522 -1.37062 -0.380056 0.511921 
-0.561045 1.56403 -1.04835 -0.790652 0.055357 0.613592 0.839521 0.861989 0.818367 -0.401567 -0.648404 -0.393352 -0.397092 -0.950233 0.501132 -0.52671 0.253916 1.0875 1.65925 -0.411613 -0.743304 -0.273156 -1.21976 -0.730598 1.73082 0.930094 -0.687188 -0.463366 -1.23834 1.47125 1.47237 -0.51597 0.815166 1.91129 1.07564 0.306474 0.440066 -0.319505 1.28353 
-0.734067 1.37304 -0.854064 -0.469482 0.468313 0.723954 0.351344 0.253237 0.0468137 -1.20077 -1.2682 0.0763162 0.556783 -0.735955 -0.708049 -0.390771 1.64712 1.27376 -0.0965913 0.0174374 -0.04383 -1.05103 -0.987899 -0.138596 0.0861397 2.33065 -1.00955 -0.407933 -1.51876 0.591112 0.851854 0.98375 0.161523 0.0804046 0.197359 -0.554178 -0.868625 0.501046 0.358349 
-0.805913 1.21238 -1.34304 0.0197222 0.655142 0.565238 0.866904 0.855893 -0.404352 -1.078 -0.754333 -0.31516 1.15297 -0.49108 -1.0799 -1.42591 0.53968 0.0870005 -0.508939 0.560942 0.813475 0.499514 0.688268 -0.282484 -1.12984 -0.454276 -0.78901 -0.942088 -0.403074 0.630796 0.777233 -0.925722 0.280234 -0.110811 -1.29053 -0.202418 -0.584081 0.582725 1.49285 
-0.911395 0.836519 -1.96501 -0.211783 0.506083 0.404309 0.697182 0.843869 0.677582 -0.819598 -1.48791 -0.855799 0.301303 -0.389634 -0.630183 -0.125 -0.799975 -0.202999 -1.01514 0.288258 -0.0835714 -0.326881 0.837022 -0.541518 0.607932 -0.406867 -0.50744 -0.738266 -0.809731 0.441181 0.210873 -0.058598 1.6894 -0.444918 -0.574911 1.13679 0.816231 -1.48994 -0.432048 
-0.955261 0.899439 -1.42816 -0.391143 0.555576 -0.0874486 1.05297 0.822135 -0.761442 -0.602963 -1.17887 0.196568 0.928231 -0.231408 0.0314632 0.38642 0.0516029 0.196395 0.424437 1.6009 -1.28609 -1.10583 0.609903 1.24099 -0.538286 -0.0786891 -0.657452 -0.557192 0.634159 -0.156828 0.0667201 0.352751 1.22323 0.351035 0.325539 0.219101 -0.232265 -0.816048 -0.769435 
-1.0171 0.852526 -1.64685 -0.197662 0.595658 0.698749 1.65236 -0.0269031 -0.61065 -0.48787 -0.502945 -1.29642 0.289326 -0.547615 -0.160803 0.945038 0.584324 0.28599 1.41794 1.25955 0.433371 0.691447 -0.531807 0.273092 -1.50803 -0.556705 -0.425108 0.0527682 0.950669 0.0458912 0.716796 0.727708 1.84468 1.34524 -0.737455 -0.282053 0.349661 0.229533 0.791906 
-1.14818 0.819858 -0.669504 -0.111164 0.687581 0.860639 1.80814 1.1482 0.0987591 -0.991614 -0.959258 -1.04977 0.606344 -0.373213 0.044796 0.841239 0.00628863 0.790348 0.422553 0.76547 2.66315 0.324256 -0.846947 -0.828457 0.82983 1.10786 -0.591879 -0.236448 1.26858 0.0599668 -0.216871 0.685451 0.94142 -0.763824 0.516862 0.313628 0.502276 -2.08122 0.210676 
-1.16192 0.875161 -0.970042 -0.206156 0.966512 0.99195 2.11804 1.85119 -0.189382 -1.07536 -1.15437 -0.600324 1.04662 -0.295758 -0.174147 0.692049 -0.507439 -0.597255 -0.621013 -0.0829407 -1.23549 -0.120594 0.939304 0.318029 -0.833969 0.844048 -0.553203 -0.300548 1.49887 0.74968 0.187397 -0.880071 -0.366109 1.55982 0.306885 0.116574 -0.120527 1.01476 1.73435 
-1.27164 0.733643 -0.110342 -0.376037 0.401307 0.467258 1.77671 0.312641 -0.0117381 -0.452046 -0.704115 -1.73606 1.1926 -0.41479 -0.470884 1.09242 1.00127 -0.53959 -1.48021 -1.31113 -1.06438 0.0201958 1.04123 0.690786 0.356633 1.12416 -0.875058 -0.939133 0.550631 0.519482 0.0981373 -1.50406 -1.1867 0.119854 0.736659 0.591985 1.10279 0.558216 0.994804 
-1.31821 0.641419 -0.0951686 0.281905 0.707547 0.0332893 1.36697 1.13474 -0.131582 -0.471486 -0.604477 -0.29739 1.81448 -0.953019 -1.15989 0.0204172 1.20438 0.723923 -1.17585 -1.5436 1.34643 0.928436 -0.23062 0.975807 1.50011 0.444078 -0.879348 -0.886582 1.53306 0.331416 -0.571281 -0.915077 -0.0525829 -0.236525 0.581384 1.44379 1.18257 0.154568 -0.00156562 
-1.57637 0.157354 -0.0807927 0.213384 0.740704 -0.291161 0.889437 1.27424 1.13175 -0.650659 0.0711574 -0.483058 1.51955 -0.840129 -0.788431 0.885276 -0.558104 -0.264384 0.381083 1.17844 0.807087 0.620226 0.589128 0.6964 -0.150528 -1.1077 -0.799366 -0.716403 -0.0877789 0.669838 0.209928 -0.698267 -1.13018 1.9661 0.0644051 0.615643 2.27368 2.1231 0.393695 
-1.59181 0.249804 0.616362 -0.00825298 0.578911 0.299207 2.07462 1.72093 0.643483 -0.152866 -0.0501424 -0.415835 1.13537 -0.187396 0.142533 -0.130133 -0.304553 -0.441841 0.333569 -0.00849382 0.672132 -0.84543 0.964902 1.68818 0.949514 0.0768527 -0.753234 -0.380358 0.368683 -0.619638 -0.0247377 -0.129464 0.101493 1.09641 0.770126 1.31625 1.28365 0.368826 -0.410609 
-1.66994 0.22858 -0.169958 0.0497631 0.52803 -0.0565038 0.901627 1.76648 0.154802 -0.0949396 1.40973 0.312477 1.60842 -0.234243 0.248868 -0.407134 -0.282049 0.220228 -0.549536 -1.10819 0.312868 0.223701 0.903223 0.809071 0.600821 0.602097 -0.310376 -0.167815 -0.191577 -0.360781 -0.609008 -0.435449 1.34297 1.06279 -0.940941 1.08584 1.03402 0.630231 0.258135 
-1.6983 0.373896 0.308768 -0.160644 0.679773 -0.0471477 1.44247 1.96311 0.94455 0.363936 0.593285 0.0899849 1.56476 -0.252973 -0.3799 -0.11326 -0.186306 -0.414582 -0.864506 1.71402 0.413081 -0.155547 0.278147 -0.474813 -0.2013 0.271062 -0.111454 -0.417642 0.282009 0.584655 0.301864 0.29679 -0.551148 -0.19512 -0.11937 0.883283 0.694822 -1.05639 0.0473415 
-1.7816 0.0400717 -0.245819 -0.0548464 0.328264 -0.610083 1.92308 2.07842 0.00252175 0.0274617 1.03794 0.151847 1.82319 0.0786555 -0.841441 0.773653 1.06693 0.189665 0.886042 0.318791 -0.52738 -0.338846 0.120651 0.0073636 -1.77483 -0.523217 -0.054339 -0.704612 1.08346 0.999164 -0.11601 -0.959507 0.417213 -1.74704 -0.149193 -0.00949886 -2.0412 -1.64044 -0.336013 
-1.71849 -0.0440737 0.932278 0.360184 0.766161 0.550992 1.64643 1.62044 0.573158 0.386963 0.602773 -1.37803 1.26459 0.179152 -0.620688 1.51194 1.53051 0.243537 -0.287253 -1.22789 -2.23111 0.00824647 -0.220281 -1.91039 -1.63835 -0.681458 0.0415141 -1.45972 -0.424614 0.997319 0.293404 -0.937223 -0.754512 -0.0413616 0.425118 1.53646 0.388377 -1.18266 -0.0382503 
-1.77407 -0.268148 0.959861 0.697335 0.440165 -0.783876 1.22079 0.549872 0.0460378 -0.164627 -0.469014 -1.20277 1.42042 -0.0152512 -1.23276 -1.31716 0.274786 0.208467 -2.0114 -1.37606 0.471737 0.810779 1.60997 0.450475 0.456905 0.492856 0.08706 -1.21206 1.07134 1.84271 1.18797 0.0897021 -1.31262 -1.4171 0.42656 -0.425383 -0.408862 -1.13027 -0.468843 
-1.76458 -0.656595 -0.0929159 0.485686 0.861454 -0.757152 0.857322 1.97321 1.57601 1.3497 0.962645 -0.991783 1.62316 -0.0505437 -1.1014 -0.128877 0.951948 1.39824 0.378433 -0.564515 0.753988 0.465242 -0.171849 1.43531 0.380143 0.101531 -0.131616 -0.932147 -0.320613 0.711066 -0.0356431 -1.73012 -0.786194 -0.185948 0.214553 0.250305 0.50483 0.189538 0.101535 
-1.82989 -0.815359 0.871685 1.16078 1.0989 -0.519702 0.907195 1.0991 0.635837 -0.326157 0.669607 -0.880306 1.52529 -0.169201 -0.091336 0.907592 0.680671 -0.267784 -0.0532624 0.277059 -0.676773 -0.565881 -1.27099 0.143634 -0.210944 -0.344809 0.0126375 -0.700265 -0.405576 0.375463 0.326092 -0.600543 -2.50228 -0.0820697 0.208862 1.35136 1.04545 -0.243558 -1.06944 