-0.708781 -0.573477 0.864159 0.741562 1.16045 -1.01319 0.813794 1.2973 -0.680562 0.770566 -1.19888 -2.46981 -0.320727 -0.249251 -0.0559991 -0.341787 0.165459 -0.15031 1.19242 0.43635 -0.265091 0.791132 -0.580607 -0.915869 0.0439138 1.39161 0.720793 -1.25705 -0.134396 1.07858 0.353206 -1.05257 0.106306 -0.477064 1.1464 0.414599 0.74498 0.0632838 -0.336039 
-0.730931 -0.412534 1.43807 0.943286 1.1434 -0.360572 0.710845 1.73944 0.91092 0.982768 -0.507014 -2.34871 1.14991 1.59313 -1.56688 -0.0293824 1.29129 0.233029 -0.419568 0.274127 -0.0921212 1.79387 1.77474 2.70648 0.982432 -0.32594 2.50893 -1.99257 -1.33547 -0.430329 -0.259364 -0.570835 0.17792 -0.66257 0.400775 0.429247 1.15951 1.10131 -0.902552 
-0.142446 -1.31495 0.780613 1.4492 1.2478 -1.31267 1.07212 1.11864 1.60859 2.11503 1.62124 -1.28472 -0.645888 3.78877 -2.58453 -1.14804 -0.741441 -0.256021 -1.88604 -0.192461 -0.43007 -0.350594 0.953248 2.24958 1.1751 -2.44223 0.282361 -0.443047 0.0867192 -0.65738 0.137757 -0.720147 0.0585758 -0.231939 0.0964669 1.72212 3.20247 1.81623 0.162405 
0.666605 -1.65147 0.414805 0.52391 1.00796 -1.8554 0.516736 1.15455 0.502585 1.68659 1.82864 -0.94659 -1.65874 -1.20245 0.985457 0.145832 -2.17266 -0.0217091 -0.450005 -0.188867 -0.148152 -1.69238 -0.175621 0.999061 1.04997 0.481341 0.312508 -0.371426 1.10336 0.842404 0.739008 -0.278127 0.813535 -0.932709 -0.94654 0.412433 0.850185 0.892233 -2.02796 
-0.634427 -0.808759 0.844255 0.23631 1.21909 -1.63697 0.881497 0.872626 -0.487556 1.93849 2.63094 -0.023547 -0.0236941 -3.35546 2.09828 2.41272 1.8773 1.40248 1.53736 1.28119 -0.550446 -0.709991 -0.596558 -1.27499 -0.193964 0.117139 -1.00341 1.11701 0.486319 -0.583774 0.0988749 -0.0661579 -0.357248 -0.433904 -0.601904 0.447781 -0.96683 -1.15195 0.291429 
-0.640437 -0.60129 2.38273 1.55645 1.62807 -0.55977 1.75158 0.424961 -0.35783 1.18177 0.42709 -1.08662 -1.46394 -0.225226 0.506234 0.42194 1.39029 0.172555 0.351111 -0.278575 -0.305462 1.01578 0.565843 -2.13399 -2.39457 -0.179826 -2.77688 1.22075 0.904403 1.23971 0.708857 1.87651 0.727298 -0.617003 -0.359581 0.185833 -1.62527 0.504609 1.54202 
-0.756463 -0.536827 1.13984 0.99884 1.27889 -1.30826 0.603887 0.43752 0.822846 2.34018 0.318563 -2.64239 -0.177388 -0.580295 -0.468745 -1.37275 -0.207065 -0.302915 0.653044 -0.307085 -0.0965821 0.303372 0.738286 -0.624372 0.73409 1.60061 -0.00195493 -0.165594 0.574145 1.57713 -0.0223735 0.795825 -0.214107 0.0796058 0.700622 -0.51443 -0.998214 -0.0999296 0.442624 
-0.89689 -0.805959 1.1707 1.43335 1.47126 0.0150442 1.44633 0.24094 0.0564476 1.71794 -0.284589 -0.181264 0.471729 0.213819 -0.718957 0.245026 0.733779 -0.210289 0.565781 0.0013919 0.394282 -0.241162 -1.08841 0.962625 2.24689 0.652562 0.246052 -0.615154 -1.47955 -0.0606886 -0.578881 -0.566369 -1.44617 0.330159 0.866311 -0.119629 0.519415 1.18819 1.68613 
-0.71229 -0.863808 1.28681 1.39738 1.16428 -0.804577 0.597751 0.843545 0.552163 1.45178 1.28962 -0.0329812 0.645736 0.919622 -0.341386 -0.279801 0.128253 -0.600367 -1.3414 -1.60772 0.450068 0.655848 -0.886332 1.21494 0.58377 0.280347 1.29998 -0.150797 0.449424 0.697754 -0.294379 -0.954027 -1.57259 0.288889 -0.137777 -0.722119 1.49724 3.04821 1.03377 
-0.585522 -0.948371 0.87679 1.49617 1.17894 -1.03584 -0.120116 0.714023 0.914099 0.987142 0.95401 0.554766 0.858054 1.61599 0.525896 0.281076 0.207522 -0.2505 -1.71097 -2.08424 -0.0843909 0.0816683 0.368821 0.763181 1.18718 0.489626 2.05322 -1.40384 -0.0286144 0.548956 -0.538191 -1.77581 -2.12411 1.57165 1.9635 -0.526546 0.872673 0.641055 0.463405 
-0.137298 -0.582264 1.46406 1.50414 1.03135 -2.1567 -1.43075 0.674179 0.687563 1.69983 2.04921 1.38275 1.27765 1.97542 -1.5168 0.265989 0.612914 -0.239628 -0.772197 -1.20818 1.21484 1.52581 0.352269 -0.214247 0.111596 0.215922 2.01768 -1.43888 -0.401199 0.754891 0.696974 0.0938307 -1.45158 0.416993 -0.523478 -0.765105 0.0529448 -0.331767 -1.86176 
0.125538 -1.66537 1.04137 1.82769 1.05096 -1.62276 -1.29914 2.1064 2.86607 1.22228 0.677199 0.758928 1.16878 1.2288 -2.43065 -0.715698 0.810628 1.33158 1.80061 0.162234 0.529602 -0.670895 -1.12919 -0.714175 -1.59863 -2.6265 1.74982 -1.45899 -0.0700319 -0.671136 0.434477 -0.0418367 -1.64179 0.0265918 -1.07061 -0.276526 0.0863575 -0.0943314 -1.19694 
0.291114 -1.74598 0.803979 1.94529 1.61916 -0.64649 -1.28093 1.24287 -0.123673 0.77963 1.24231 -0.339532 -1.74725 0.490556 -0.414669 -0.326579 -1.51278 0.912441 0.701964 -0.966634 -1.18202 -2.72463 -0.649153 0.302045 -0.252906 -1.59992 0.825438 -2.35976 -0.24673 0.100078 0.584465 1.0141 0.656465 0.415953 -0.946128 -1.56037 -1.50841 -1.54134 -0.777305 
0.274475 -1.8436 0.708164 0.980658 1.44783 -1.00807 -2.24394 0.617626 -0.528527 0.676443 0.947827 0.552506 -0.651419 -0.0700923 -0.697829 0.455538 -0.673207 -0.425489 -0.626499 0.717724 -0.0854891 -0.389231 -0.385599 -1.04952 -0.188987 1.71772 0.55769 -0.344741 0.493296 0.00127401 0.796287 1.46949 -0.133332 -0.726589 -1.67377 -0.328177 0.712035 -0.390341 -1.06624 
0.227807 -2.06263 1.12779 1.56374 1.40651 -1.11465 -0.592457 1.07218 -0.58061 0.43933 0.0798342 -0.473953 0.325855 0.289494 -0.0361181 0.902232 1.51731 0.323102 1.0088 0.796815 0.419232 0.853796 0.30327 0.512152 -0.225185 0.363932 0.354201 -0.502319 0.529717 -0.338827 0.033182 0.122954 0.908631 0.13057 0.883897 0.135739 0.118096 0.907296 0.9326 
0.347296 -1.83679 1.40721 1.81361 1.57621 -0.143274 -1.47878 1.05364 0.578118 0.873367 1.44124 0.37731 -0.167007 0.562365 0.0376425 0.161249 0.220296 0.474161 0.750461 0.497406 0.228144 1.36805 0.479807 1.17416 1.18726 -0.690108 0.990039 -0.156889 -0.491461 0.703989 -0.0167568 -0.298169 0.244775 0.255987 0.97353 0.117552 -0.130486 -0.440605 0.391091 
0.403929 -2.01976 1.20438 1.67758 1.60371 -0.460428 -0.117623 1.2785 1.1729 0.773928 1.2752 0.941867 -0.426662 1.10199 -0.165038 -1.4388 -0.567625 -0.352101 -1.3811 -0.464064 -0.144096 0.224884 -0.226316 -0.676104 -0.310092 0.050446 1.14217 0.0199084 -2.00831 -0.383093 -0.458543 -0.746943 -1.54397 -0.446977 0.23049 -0.146472 0.452581 -0.489899 -0.421228 
0.727703 -1.893 0.139697 1.49061 1.39699 -1.22652 -1.93625 0.812508 0.893667 0.657287 0.674705 0.106472 -0.0504738 1.04426 -0.0038588 -2.411 -0.732745 -1.19028 -1.65161 -2.54221 -0.695569 -1.11723 -0.653316 -0.661188 -1.77863 0.18457 0.898983 1.34911 -1.00759 -0.694383 -0.977463 -1.2112 -0.470696 -0.435835 -1.37888 -1.71228 -1.56837 -0.320937 0.647844 
0.76248 -1.99718 -0.879829 1.26303 1.04264 -1.76417 -2.5902 0.374462 -0.199773 0.224846 0.52448 -0.983161 -0.152733 0.160721 1.96516 0.319296 -0.363514 -1.1711 -0.0671432 -0.15417 -0.311559 -1.76717 -1.43258 -1.1572 -0.0890354 0.654693 1.50335 3.39544 0.14671 -2.81882 -3.30094 -0.621793 -0.573069 -2.64706 -2.23222 -1.50989 -0.933584 -0.411665 0.641083 
0.751775 -0.907895 0.349055 1.28077 0.844661 -1.23874 -2.09323 0.370073 -1.29655 -0.499515 -0.601949 0.0846382 0.775151 1.07316 4.52327 2.59521 -3.05579 -3.94668 0.89794 1.7879 -2.09586 -1.37581 -0.81359 -0.435144 1.27627 0.512913 1.39777 2.91038 1.1727 -2.30054 -3.7576 1.56552 1.75929 -1.72289 -0.60922 -1.55613 -0.810375 0.267859 -0.0216965 
1.13197 0.238416 1.24139 -0.439499 -0.774164 -0.989734 -0.86402 -2.21281 -1.89771 -0.449227 0.0134447 0.532922 0.506511 1.80738 1.90968 1.02369 -2.72792 -4.6761 1.89107 2.49998 -1.50365 1.08241 -0.0781846 0.203912 0.359803 -0.707779 1.07763 2.9936 0.125279 -3.36093 -2.99311 1.61538 2.32571 0.163108 0.488472 -0.710306 -0.596653 1.55201 0.45701 
1.39922 0.0500907 1.15014 -0.239983 -1.30445 0.345206 0.323438 -1.50532 0.0976655 -0.600074 -0.435374 0.568386 0.00189658 0.4422 -0.53785 -2.4352 -1.46189 -0.711496 0.98474 1.31077 2.27289 1.91406 0.105205 -0.270019 0.455516 -0.0238849 1.29817 1.11461 -0.8219 -2.91813 -3.29583 1.77848 1.61026 -0.531532 1.32436 -0.57754 0.0758951 0.541895 -0.696889 
1.2626 -3.41355e-05 -0.863149 -1.25831 -1.11711 -0.144551 0.399506 0.451409 0.542621 -0.406767 -0.322503 1.12448 0.535815 0.0198613 -0.421181 -1.93347 -1.19418 -0.452906 0.183814 -0.352269 0.94691 0.387148 -0.504253 -0.128261 0.222745 -0.109933 0.44477 -0.709905 -2.17991 -0.746342 -0.887467 2.91381 1.05625 1.49909 1.99091 0.97544 -0.142419 0.208622 -1.48243 
1.36997 -0.131328 -0.532924 -0.910374 -1.52959 0.537545 -0.0256314 -0.435009 0.617323 -1.03291 -0.621011 0.897749 -0.0697771 0.178157 -0.398192 -0.00835517 0.460862 -0.671735 2.42805 0.100571 -0.684631 0.298147 0.785576 0.0922123 -0.252144 -1.68341 0.328947 0.0168376 -1.35531 -0.810864 0.427608 0.132391 -0.374675 1.4769 -0.167259 0.773736 0.956131 0.167853 -0.641202 
1.29328 -0.170215 -0.929031 -1.01109 -1.44195 1.87709 0.489541 -0.43948 0.950326 0.16629 -0.274367 0.918919 -1.38236 0.436697 0.450884 0.421237 0.106375 1.11504 -0.0487328 -0.138336 0.617906 -0.57949 1.20369 1.22585 -0.0657588 -0.644716 0.748925 0.139537 0.42092 0.534965 0.322486 1.1277 -0.467339 -0.0183461 -0.672458 -0.231615 -0.0634562 -0.813797 -0.985266 
1.49851 0.113548 -0.23793 -0.859691 -1.04043 0.540332 -0.167257 0.239825 -0.0789365 -0.133779 0.629151 0.902134 -0.769027 0.872341 0.590945 0.502263 0.261486 1.17037 -1.12007 -0.714343 0.669982 -1.05336 -1.03986 -0.178345 -0.707728 0.539127 0.648261 0.263863 -0.374991 -0.00827188 1.24935 0.413969 -0.240673 0.188842 -1.0724 0.350343 0.81628 -0.61788 -1.21937 
1.58675 0.143127 -0.565972 -0.87441 -0.927575 1.00662 -0.21062 0.297952 -0.342008 -0.684241 -0.51311 0.200175 -0.692352 0.47144 -0.0929172 -0.826258 -0.114687 0.825158 0.515634 -0.174157 -0.413697 -0.621318 -0.905901 -0.290625 -0.671211 -0.764687 0.778453 0.366846 -0.295555 0.00274556 0.855414 -1.5051 -0.653835 -0.976382 -2.34981 -2.58255 -0.920156 -0.572777 -0.0206556 
1.64021 0.0925953 -0.990887 -0.931572 -0.683319 1.00314 -0.343617 -0.325387 -0.827812 -0.879843 0.271354 0.224524 -1.60906 0.219915 -0.0961279 -0.817566 -0.254979 0.157137 -0.674513 -0.147314 -1.69663 -1.57069 -1.44461 -0.902399 0.0220732 -0.591034 0.2483 -0.116242 -1.42899 -0.0725405 0.071947 -0.198326 -0.397685 -1.12399 -1.20117 -2.13564 -1.91865 -0.407949 -0.173513 
1.63323 0.120606 -1.31163 -1.02407 -0.8748 0.499323 -0.360951 -1.80942 -2.28508 -1.85042 -1.51959 0.303497 -1.32861 -0.128933 -0.054225 -0.769184 0.0199335 -0.716193 -0.770278 -0.347031 -0.768872 -0.722965 -1.15461 -1.94935 0.173087 0.539676 0.0587443 0.0466768 -0.462824 -0.205291 0.0701738 -0.463771 0.53109 -0.554717 -0.896129 -0.357316 0.336833 1.32243 0.503466 
1.55463 0.090557 -1.6959 -0.928816 -1.02841 0.417788 -0.687608 -1.31754 -1.70455 -1.81987 -1.84524 0.497951 -0.918413 -0.145481 0.165483 0.313343 -0.0183258 -0.0509311 0.107061 0.860626 1.1154 0.566271 1.07109 1.28099 1.44852 1.13267 -0.350308 0.550537 1.25291 -0.190559 -0.486667 0.334331 0.273749 0.511732 0.581911 0.63647 -0.32606 0.891933 0.910632 
1.54138 0.225968 -1.10727 -1.04253 -0.916815 0.629099 0.466086 -0.53657 -1.54011 -1.05471 -0.210952 2.0136 0.0579344 -0.375121 0.793145 2.20277 -0.273423 -0.0436654 1.14333 0.718294 1.31416 1.36532 1.72383 1.55834 0.807712 0.46306 -0.54579 0.550188 1.36864 0.0883222 -0.391154 0.762105 -0.229037 1.43991 1.495 1.32471 0.459832 0.715559 0.579798 
1.37585 0.502741 0.0956617 -1.08871 -1.06711 1.39224 0.00141318 0.194231 0.0455354 -0.515099 -0.242523 1.48623 -0.317673 -0.635026 0.572972 1.25095 0.139935 -0.560374 0.770094 -1.15765 0.410344 1.09341 0.151027 -0.759599 -0.668388 -0.504592 -0.568767 0.532456 2.60522 0.363162 0.0192959 0.591153 0.703929 0.971106 0.993218 0.571096 0.991361 0.306102 -0.111569 
1.26421 0.530524 -0.11528 -0.973241 -1.19092 1.29932 -0.663939 -0.111237 -0.132055 -0.976514 -1.06602 1.33917 -0.476877 -0.437881 -0.078253 0.758165 0.764695 0.07074 -0.467632 0.224752 -0.283623 -0.264703 -1.21663 -0.419853 -0.493433 -0.617922 -0.970981 0.284181 2.1723 -0.105364 -0.286693 0.669369 -1.06467 0.32544 1.21175 0.29608 -0.13269 -1.12301 -0.830768 
1.17331 0.488957 0.673689 -0.673028 -1.0537 1.05358 0.211863 -0.214623 -0.25476 -1.50349 -0.737345 1.00888 -0.985479 -0.746792 -0.188005 1.22103 -0.278835 0.111539 -0.00222127 -0.250077 -0.0618426 0.250689 0.0952855 0.593088 -0.643286 -0.464731 -1.13927 0.145333 0.989604 0.907234 0.342366 -0.308496 0.0483249 -0.0709361 0.461116 -0.274649 -0.911713 -1.8325 -0.0378583 
0.944724 0.46309 0.851574 -1.13613 -1.15892 1.34002 -0.913916 -0.253499 0.215953 -0.94179 -0.486787 0.693016 -0.964912 -1.18194 0.27871 0.378034 0.458358 0.458811 0.0831602 -0.153118 0.213421 0.772472 0.921527 -0.651087 -1.62545 0.546534 -1.64739 0.0102109 0.403351 0.395572 0.39893 -0.395508 0.517691 -0.213548 -0.391175 0.286782 0.260711 -1.17901 0.0166242 
0.689095 0.649668 0.932391 -0.427193 -0.86349 1.16387 0.0559044 -0.0260029 0.749591 -0.82441 -1.47735 -0.743611 -0.28678 -1.59162 0.208902 -0.746963 0.813699 0.505987 -0.484789 0.945581 -0.159004 -0.692508 0.142207 -0.302869 -0.732106 0.455042 -1.88947 0.60096 0.539083 0.475667 0.413889 0.755037 0.652406 0.666206 -0.18405 2.45655 0.881425 -1.82669 0.223819 
0.305417 0.589676 0.165228 -0.693284 -0.947214 0.987374 -0.00450143 -0.512555 -0.622471 -0.870473 -0.857567 -0.0531882 -0.373581 -1.49882 0.527214 0.249331 0.184233 0.181982 0.785666 1.02768 0.495041 -0.983521 1.37429 1.66194 -0.486825 -0.321584 -1.3768 0.303469 -1.38872 0.665688 0.436678 -1.20197 0.411843 -1.22437 -0.718628 -0.311132 0.0213164 -1.42712 0.374221 
0.0849158 0.931856 1.08298 -0.333343 -0.799396 1.84679 1.04493 0.50114 -0.454893 0.207762 0.235216 -1.21352 -0.60683 -0.364124 0.201696 -0.802994 0.0844736 0.17025 -0.952581 -0.390768 -1.12961 -0.114146 -0.471919 0.315156 -0.92557 -0.0597685 -0.901842 0.333173 -0.48349 -0.620838 -0.334795 -0.546959 -0.514033 -1.00618 -0.982267 0.139101 1.51522 1.18116 0.798308 
0.130799 0.712741 -0.568185 -0.654744 -0.888466 0.253423 -0.390903 -1.93833 -0.733382 -1.27809 -0.573037 -1.01731 -0.386386 0.214784 -0.0771433 -0.776895 -1.01645 -0.705631 -1.45115 -1.70352 -1.55317 -0.116869 -1.27689 0.0847324 1.79668 1.19712 -0.748752 0.467976 -0.311269 -0.674913 0.206037 -1.08638 -0.0393156 0.542229 0.779486 1.68269 1.86305 0.278647 0.858335 
0.129454 0.918615 0.371487 -0.905195 -1.13967 0.706448 -0.614403 -1.43378 -0.56923 -0.827624 0.275421 0.88876 0.855337 -0.703415 0.42751 0.469942 -0.989423 0.147267 -0.348571 0.345914 1.70711 0.976629 2.03363 1.83534 1.20861 1.00328 -0.760647 -0.0232655 -0.673417 -0.421474 0.587254 -1.60642 -0.555933 0.279135 0.70169 0.80964 1.00439 0.562434 0.558027 
-0.172264 0.94619 -0.232277 -1.21161 -0.840187 0.0118084 -0.0629663 0.0457868 0.527775 0.268277 1.32339 0.422551 0.84831 -1.29914 0.0535547 0.0348209 0.45238 1.61606 -0.462838 0.971988 1.85276 0.892676 2.01039 1.06888 -1.19077 -0.593691 -0.854352 0.249908 0.608635 0.46868 0.375734 1.33651 1.07517 1.81561 -0.0922695 0.602686 1.788 0.958507 -0.883238 
-0.399133 0.969263 0.341874 -0.662675 -0.422254 0.371693 0.320617 0.725414 0.586322 0.700618 1.35915 -0.374092 0.215965 -0.513464 -0.088088 0.235978 1.62262 0.434183 1.90262 1.09058 0.215499 -1.08542 -1.49646 0.228024 -0.152068 -2.03202 -1.16941 0.179608 -0.848551 1.02968 0.946709 0.798815 1.46548 0.394571 -0.97108 -0.722142 0.224735 -0.0217923 -1.35632 
-0.403417 0.927599 -0.0929087 -0.32027 -0.661198 1.60516 0.98705 0.236905 -0.804887 -0.938341 1.51553 0.329716 -1.47896 -0.3633 0.192448 -0.974697 0.935368 -0.146563 1.38325 0.983284 -1.43123 -1.9806 -2.73 -0.820427 1.13199 -0.9708 -0.492793 0.273553 -0.91251 0.591721 0.405669 1.11572 0.416574 -0.734484 -0.387412 -1.06399 -1.77083 -1.33698 -2.04288 
-0.573438 1.08781 -0.535778 -0.15237 -0.507836 1.54171 1.26659 -1.06293 -1.87237 -1.46799 0.439583 0.979465 -0.865948 -0.192094 0.458932 -1.24809 -0.823932 0.193825 -0.608751 -0.529479 -0.986626 0.647793 0.452556 -2.29639 -1.40305 -0.309967 -0.1654 0.420919 -0.847629 -0.724068 -0.635404 0.387579 0.195956 -0.934166 -0.310015 -1.88403 -1.44587 0.627756 0.263779 
-0.512909 1.17641 -1.20022 -0.785381 -0.591709 1.15147 0.466145 -1.017 0.0426328 -0.624994 -0.969033 -1.17226 -1.78538 0.120745 0.374225 0.0358625 -1.90643 -0.844629 -0.94745 -0.715422 0.449177 1.62921 0.908174 -0.870661 -0.451754 1.241 -0.478298 0.395486 -0.745325 -0.651527 0.196607 -1.69819 -0.505286 -0.302536 0.402695 -0.0278 -1.14603 0.191095 1.58891 
-0.5645 1.29521 -0.564515 -1.21766 -0.911438 0.811941 0.565384 -0.590919 0.209651 -0.799329 -0.533242 0.549056 0.647719 -0.492965 0.0739447 0.424802 -0.0495651 0.109025 -1.41337 -0.134731 0.671778 -0.205115 -0.513489 0.953414 1.58648 2.08082 -0.168261 0.280709 0.59197 -0.539092 0.206356 -0.204852 -0.358112 0.0463453 0.595648 0.700808 -0.0127413 0.160038 1.92494 
-0.736302 1.23702 -0.902235 -0.821157 -0.560852 0.0419259 0.328016 -0.277407 -0.182707 -1.06503 -0.00774047 0.693251 0.713823 -0.367346 0.00612811 0.651236 1.18416 1.16264 0.685116 0.246832 -0.395491 -0.971548 -0.27792 0.843407 0.59985 0.910397 -0.297785 -0.343253 0.984398 0.165326 0.130601 -0.945232 0.00891207 0.31679 -0.638781 1.36525 1.1164 0.261451 1.42848 
-0.740337 1.32267 -0.0763128 -0.569412 -0.400583 1.4129 0.797244 -1.13424 -0.979773 -1.05565 0.311408 1.3032 1.77342 0.0631905 -0.522755 0.705517 0.274745 0.0911646 0.278552 0.153979 -0.332414 -0.512578 1.77406 0.330242 -1.32301 -0.491639 -0.260902 -0.190279 0.49103 1.5458 0.777433 -0.799654 0.470834 -0.402227 -0.890804 0.847076 0.3734 -1.58296 -1.32083 
-0.749152 1.00595 -0.368434 -0.677124 -0.538132 0.311487 0.469839 -0.74491 -0.794799 0.278904 0.292785 -0.718556 0.194212 -0.0102684 -0.251656 -0.0781423 0.897768 0.0435777 -1.64838 0.38639 -0.0246632 -0.026938 1.04693 -0.422359 -2.43483 -2.4347 -0.34812 -0.618105 -0.0183335 0.176664 -0.0308997 -1.12303 1.35645 0.540207 -0.752437 1.03983 -0.154916 -1.02262 -0.842352 
-0.780997 1.22412 -0.200819 -0.0799531 -0.399542 0.111789 1.16443 -1.23182 -0.980987 -0.278777 -0.186071 -1.361 -1.0264 -0.564149 -0.291297 -0.707717 -0.0343164 -0.14216 -1.62289 1.65638 0.907779 -0.331746 -0.82219 -0.522557 0.125547 -0.490803 -0.340388 -0.18794 -0.313477 0.277059 0.366166 -1.55696 0.932727 1.72063 -0.510397 1.21076 -0.648093 -1.69765 -1.52002 
-0.999493 0.888025 -1.02181 -0.704445 -0.621708 -0.968844 2.06849 0.278367 -1.17943 -0.401877 -0.310936 -0.498679 -0.324419 -0.479756 0.00923709 -0.257403 -0.522307 0.522991 -0.20732 0.860768 1.84694 -0.547713 0.0670866 -0.342524 0.469368 0.684828 -0.516747 0.0561668 -0.407218 0.424415 0.47214 -0.973782 0.799149 1.27176 0.528595 -0.234729 -0.785868 0.4276 0.375696 
-0.999389 1.25311 -0.475913 -0.377833 -0.180094 -0.0146904 1.9916 0.920389 -1.63727 -0.266044 -0.598898 -0.753832 -0.165412 -0.175284 0.373263 0.266297 0.607973 0.873551 0.45443 -0.586771 0.44035 0.914697 0.564957 -0.402281 0.326964 0.887747 -0.797179 -0.66995 -0.572829 -0.693693 0.746442 -0.147141 -0.89563 1.63567 0.713703 -0.215556 -0.373832 -0.602349 0.949749 
-1.10262 1.09496 -0.856974 -0.375659 -0.242555 -0.555923 1.49204 0.739768 0.00382728 -0.000873192 -0.787125 -0.0519225 0.774698 -0.656268 -0.892184 -0.371064 -0.407902 0.635028 0.0129932 -2.04381 -0.114414 1.3369 -0.306132 -0.103948 -1.18867 0.362206 -0.649238 -0.826407 -1.28633 0.0356739 0.794075 0.782686 -2.14285 -0.0306132 1.73465 0.965447 0.481649 0.0265866 0.330936 
-1.2846 0.841447 -0.846486 -0.612284 0.0903945 0.0384102 0.00229712 0.714933 0.077065 -0.54437 -0.758756 -2.01432 0.316975 -0.75152 -1.46412 -1.70062 -0.557177 0.358553 0.446978 -2.25404 -0.467958 1.01199 0.316344 0.949005 -0.330701 -0.541493 -0.605969 -1.08565 -1.12441 -0.153998 0.615876 -0.573724 -2.32042 -1.14682 2.03929 1.74798 -0.127297 -0.226739 0.621753 
-1.4239 0.403715 -2.34443 -0.692872 -0.0980205 -0.149076 -0.701126 0.109333 1.30946 0.206247 0.169493 -0.345974 0.196583 -0.209345 -0.543172 -0.880383 0.203588 0.319919 -0.710018 -1.03303 -1.09227 0.929203 1.92978 -0.0563028 0.896714 0.313387 -0.389082 -0.845231 -0.687104 -0.184908 0.719649 0.962048 -1.03118 0.377588 0.623007 -0.232765 0.387275 -0.138606 0.0615428 
-1.40063 0.600395 -1.64491 -0.507703 0.217328 -0.497824 -1.00688 -0.665962 1.27856 0.921007 -0.868094 -0.925781 0.742073 0.192631 0.348249 0.943089 0.311288 0.757794 0.665795 0.890825 0.871544 -0.323849 -0.571714 -0.511847 0.139018 0.582671 -0.326997 -0.6665 -0.34199 0.40632 0.378671 -0.42124 -0.699456 -1.01317 1.33787 0.976486 0.0615961 1.88328 0.826317 
-1.38774 0.59842 -1.61106 -0.528579 0.228397 0.436132 0.155193 1.08905 0.934771 -0.279197 -0.422872 -0.110924 0.937689 -0.261743 -0.335191 0.512634 0.345732 0.266099 0.192685 0.110734 0.0267633 0.555407 -1.03801 0.115354 1.21197 0.593865 -0.229554 -0.20158 1.47284 1.44249 0.865579 0.243538 0.159572 -2.14656 -0.700532 -0.464465 -1.34727 0.568721 1.82249 
-1.53649 0.461011 -1.27314 -0.324312 0.319744 -0.298254 -0.906994 -0.701715 2.00987 0.0719209 -0.795421 0.517871 1.49631 -0.525913 -0.608794 0.73889 1.63168 0.585521 -0.399734 -0.671324 -3.13429 -0.462643 0.0965439 -1.06476 0.474052 1.45271 -0.244034 -0.181623 1.23531 1.00306 0.272402 0.469075 1.02089 -0.269866 0.152574 -1.17123 -0.0968996 0.311122 0.495187 
-1.62361 0.32529 -1.04923 0.367789 0.476332 0.152814 -0.503253 -2.74646 0.38549 -0.243491 -1.60151 0.501517 2.69979 -0.0920172 0.101166 0.901071 1.00621 0.154636 0.339155 1.2536 -0.3071 -0.391404 -0.107627 -0.240313 -0.891984 -0.0616028 -0.33435 -0.513837 1.08862 1.14452 0.438112 -0.572988 -0.231725 -1.23304 -0.40165 0.285896 -1.27364 0.712177 1.21327 
-1.60809 0.534933 -0.575063 0.225271 0.371379 0.0207047 0.301097 -1.13879 1.5502 -0.0515986 -1.09987 -0.408423 1.48136 0.0444269 -0.0666986 0.509147 -0.0894812 0.0929466 -0.296423 0.370724 1.83652 0.00915255 0.140108 -0.426371 0.302233 -0.107245 -0.550646 -0.49447 1.17333 1.50842 0.653374 0.501233 1.33331 0.565951 -0.928946 0.0527619 -0.570233 -1.34011 -1.18338 
-1.64356 0.317154 -0.680384 0.309882 0.499864 -0.0462947 -0.15126 -0.606782 0.429674 -0.173812 -2.10324 0.920416 2.63127 -0.695358 -0.750923 0.442633 1.02545 0.858633 0.230581 0.526005 0.90966 -0.649578 0.123119 -0.434177 -0.666699 -1.30704 -0.591391 -0.254123 1.61522 0.823837 0.200405 0.604559 1.43146 3.00282 0.281837 -1.02781 -0.577129 -1.24394 -1.45744 