-0.0559317 -0.98638 0.746146 1.29069 1.49544 -0.71073 1.88066 1.72062 -0.854754 2.16395 2.03783 -1.82128 -0.438802 -0.158786 -0.166135 -0.623083 -0.49822 -0.00717764 -0.251186 -0.605517 -0.0737676 -1.22155 -1.17198 -1.01882 -0.509853 0.0847674 -0.270588 -0.257321 -1.47942 -0.382773 0.0346341 -1.94122 -0.920561 -1.32281 -0.30173 0.948243 -0.0859968 0.900347 0.250511 
-0.164749 -1.08345 -0.333715 0.70571 1.40001 -1.20965 0.438224 2.06944 -0.60917 1.46663 0.616992 -2.75037 -1.15904 0.127051 -0.483106 -1.32288 -1.03005 -0.144992 -0.858225 -1.69606 -0.919617 0.990328 0.957833 -0.0785377 0.659135 -0.770554 1.75127 -1.2814 1.16938 1.01694 -0.229938 0.601999 1.18519 -0.171883 -0.740122 -0.229459 0.14019 -0.174837 -1.24018 
-0.0817629 -1.19472 -0.478452 0.738941 1.40215 -1.31068 0.402877 1.06072 0.418517 2.71203 1.89044 -1.08775 -1.00434 2.82382 -1.63072 2.01345 1.73476 -0.284111 0.90327 2.08465 -0.146311 0.456 0.947618 1.22164 0.296666 -1.55686 0.156852 0.276368 0.910902 0.406567 0.297572 0.0479951 -1.63179 -0.666204 1.22199 -0.0823652 -0.0849131 1.48047 -0.366356 
0.509843 -1.83622 1.58919 1.58829 1.23027 -0.498109 2.28077 1.94848 -0.00106843 2.00827 1.58388 -2.39773 -2.38031 0.102318 0.875949 2.4053 1.52203 0.534198 0.90284 -0.282523 0.0602725 0.265843 -1.01929 0.0225428 1.25889 0.351429 0.157524 0.516357 1.8303 1.32141 0.323491 -0.145613 1.54007 -0.415519 0.822509 1.00174 1.79672 1.40586 -0.232826 
-0.114018 -0.758338 1.81412 1.51116 1.68206 -0.599458 0.1665 1.08374 0.789896 2.01356 1.82968 0.276024 -0.634223 -2.59342 2.36091 0.164329 -0.126817 0.706753 -1.07095 -0.169926 -0.388843 0.388553 0.191584 0.885803 1.5253 1.29864 0.446911 0.564727 1.13533 1.54331 -0.150019 -1.50385 -1.76869 -0.449938 -0.968281 -2.13503 -1.41442 0.814798 1.12618 
-0.222568 -0.695377 1.76762 1.50511 1.60499 -1.25644 2.14328 1.6585 0.523069 2.07324 2.26294 -0.754012 -1.22028 0.570153 -0.0777682 -1.0555 0.35659 -0.72239 -2.55983 -1.8641 -0.639937 -1.26648 -1.31551 -1.60717 -0.197923 1.02796 -1.33966 1.14101 0.412473 -0.222024 -0.150375 -0.22718 -2.09306 -0.295093 -0.640299 -0.203347 1.14629 2.40644 2.26114 
-0.0247636 -0.774391 0.841769 1.67876 1.27149 -2.46632 -1.45886 0.618762 -0.746275 1.12832 0.372225 0.108939 0.300079 0.536688 -0.752666 0.324264 -0.147982 -0.895404 0.813831 -2.37484 0.00942681 -1.05125 -0.387025 0.473803 1.58491 1.4484 0.152108 -0.699715 0.644914 0.472448 -0.148429 -0.22111 -0.587207 -0.105892 -0.879624 -0.649351 -1.19338 -1.15688 0.0529679 
-0.142006 -1.0316 2.09695 1.41095 1.09936 -0.611488 0.0693661 1.64608 -0.745161 1.7734 2.58892 0.952345 0.0646411 -0.34803 -0.901438 1.82102 0.215755 0.536249 2.30937 1.16769 0.505199 0.357193 0.62612 0.276693 -1.27965 -0.941798 0.444126 -1.35607 -0.884721 0.378798 -0.593901 -0.504198 -2.09292 -0.114826 0.0126388 -1.64022 -1.1611 0.542314 0.181532 
-0.173986 -1.18119 2.58313 1.77331 1.55253 -0.707881 -0.421617 0.951862 -0.261177 1.46726 0.529272 -1.19484 -0.408267 0.131527 -1.14915 -1.38113 0.60609 0.134599 -1.3747 -0.16976 -0.155717 1.06133 -1.39976 -1.76716 -0.874762 -1.20732 0.931709 -1.51807 0.0788066 0.528536 0.439058 1.49638 0.504817 1.09214 1.00455 -0.677239 -0.759459 0.0790595 -0.426199 
-0.166674 -1.55591 0.817394 1.708 1.15969 -1.59598 -0.0679797 1.51857 0.616494 0.835043 0.994349 0.0740232 -0.865129 1.76109 -1.22811 -1.72995 0.425009 0.0354761 -0.676595 -0.523688 0.909379 0.674933 -1.3464 -1.10826 1.39335 0.450561 1.36104 -1.49368 -1.7381 0.615532 0.614503 0.137355 -0.406392 0.484105 0.771941 -1.07234 -2.49962 -0.565324 -0.140912 
0.224586 -1.74296 0.974502 1.97641 1.5584 -1.1726 -0.869793 1.56665 0.619467 0.562541 -0.500607 0.31022 0.0445209 1.93739 -0.946104 -0.692443 0.140796 0.663452 1.5173 -0.304702 0.783977 -0.268877 0.241906 -1.06519 0.158823 1.05985 1.61708 -0.891944 -0.962642 -0.41657 -0.601047 -1.43673 -1.90138 -0.37622 0.670615 -0.343567 0.92922 1.05138 0.591991 
0.277689 -1.9839 0.187553 1.76365 1.51063 -0.427263 -0.323835 2.04596 0.322215 0.931739 0.00137869 0.281816 0.0957681 0.698963 -0.0213072 0.580251 -0.937123 -0.805499 -0.9068 -1.78581 -1.39371 0.0131125 0.995664 2.21828 -0.0277813 0.285132 1.81759 -0.513646 0.0596057 0.0664414 0.346179 -0.377003 -2.07562 -1.04458 -0.32749 -0.60854 0.537013 0.767571 1.54464 
0.347296 -1.73223 1.54532 1.47286 1.10216 -1.80872 -2.4264 0.576342 0.676229 1.13447 1.32041 0.321925 0.359352 0.828963 0.22845 0.760634 -0.0637131 -0.211543 -1.9387 -2.21867 -2.13265 -0.071505 -0.886102 1.72426 0.841342 0.823795 0.541389 -0.732093 -0.851098 -0.752267 -0.303386 -0.550317 0.00209236 0.0712053 0.0543095 -1.13799 0.979748 0.181518 -0.559169 
0.434163 -1.85468 0.928547 1.71322 1.38076 -1.83167 -2.26059 0.54067 0.273639 0.317237 1.39902 1.20682 0.859808 0.117834 -1.00341 -1.59706 0.0155125 0.419461 0.295362 1.81274 1.488 0.0399042 -2.22623 -1.05016 0.273403 -0.936599 0.249263 -0.427276 -0.806585 -1.09785 -0.491545 -1.58642 -1.2435 -0.90806 1.33852 0.45362 1.69745 1.00086 1.20847 
0.319071 -2.1874 0.0620635 1.46352 1.31903 -1.54979 -0.822653 1.59438 0.766343 -0.324967 0.340322 0.650121 -0.344658 -0.458424 -0.824697 -1.72441 -1.27946 -0.417222 0.191165 0.716695 0.960527 1.44774 1.41826 0.269046 0.459188 0.654763 0.52307 0.244718 -1.64542 -0.119533 -0.094714 -0.218789 0.988774 1.0342 0.394175 0.050522 0.349594 0.735587 0.279323 
0.256268 -2.22508 -0.674855 1.03207 1.13788 -1.65031 -1.61942 1.1911 2.11633 1.15561 1.54951 1.73024 1.48289 0.670979 1.35177 -0.366088 -0.165289 -0.536309 -0.543277 -0.574702 -0.148344 0.363303 2.31195 1.49375 0.685583 1.29552 -0.472867 1.56937 0.461885 0.733278 0.370766 0.512883 0.733768 -0.252036 -1.02942 0.052227 0.263097 -1.59026 -1.20222 
0.434513 -1.52529 -0.259894 1.36039 1.01071 -1.91525 -1.31563 1.47201 1.25905 1.07688 1.54041 1.41145 0.812772 -0.274179 3.03507 2.27187 2.16998 0.900849 0.363203 0.208338 -1.28426 -2.51138 -1.33065 0.0750889 -2.49473 -2.08111 1.17465 4.34468 0.871028 -2.88502 -3.00956 -0.00153426 0.395099 -2.66773 -2.33112 -0.654018 0.0625879 0.60738 0.360306 
0.126227 -0.764414 1.49184 2.14043 1.61926 -1.34087 -1.42471 0.277075 -0.969579 0.260828 1.53378 -0.850382 -0.175567 1.1132 4.75977 1.401 -3.35794 -3.34073 0.533582 1.08403 -3.29941 -2.76819 -3.00652 -1.38015 0.108337 -0.839015 2.54413 3.46247 0.348075 -2.29952 -3.63158 1.23361 0.675325 -1.401 -0.986882 -2.33748 -1.45477 -0.683272 -1.17804 
0.664811 0.753561 1.08522 -0.399029 -0.838606 -1.47895 -0.351858 -0.846432 -2.14656 -0.874529 0.277509 1.56619 0.190141 4.15042 1.83637 -1.86 -4.97898 -5.58029 0.981452 0.644959 -0.525344 1.49158 -1.22837 -1.7061 1.62693 0.683896 2.2239 2.18358 -0.280804 -2.97328 -3.35524 2.17192 -0.140748 -2.14997 -0.688118 -2.62744 -1.96479 -1.18202 -0.521428 
1.14537 0.127591 -0.239476 -0.459955 -1.46066 -0.571111 -0.846549 -0.10804 0.927681 -0.56947 -0.00845644 0.900133 0.471806 2.27383 -1.68602 -1.73837 -0.272951 -0.982238 1.83993 -1.23243 0.521226 2.05622 0.126364 -0.837263 -1.61827 0.233026 3.10161 0.98848 -2.01069 -4.24571 -3.68704 2.27658 0.338627 0.11875 1.53178 -0.353521 -0.48999 0.220259 -0.337429 
1.19656 -0.0254372 -0.531347 -0.558015 -1.39196 -0.0700295 -1.42247 -0.502163 0.453617 -0.85068 -0.520123 -0.0934351 0.461519 0.577437 -0.442534 -0.538328 -0.204068 0.829303 1.50682 -0.204944 0.681118 0.0837973 0.866608 1.18436 -1.33143 -1.06816 2.01891 -1.0962 -2.00407 -0.249293 -0.277794 1.50238 -0.489982 0.519634 2.04934 0.762387 -0.299476 -1.83944 -0.978375 
1.23652 -0.0615051 -0.723925 -0.583206 -1.0186 0.5898 -1.01479 0.347663 1.07244 -0.0789048 0.926477 -0.458067 -0.34192 0.800065 0.149482 -0.652078 -0.0351126 0.629215 -0.200573 0.655363 0.15298 0.0524305 0.747755 0.534571 -0.738092 -1.38964 0.87762 -0.210504 -0.82674 -0.15415 0.751404 0.31816 -0.0615615 -0.517534 -1.1376 -0.049749 -0.627725 -1.56226 -1.84606 
1.34553 0.066316 -1.12311 -0.593616 -1.05984 -0.180337 -0.835169 -0.414534 0.559325 -0.43505 -0.14207 -0.828141 -0.620297 0.752994 0.150997 -0.449461 0.012064 0.145351 -1.16597 0.153745 -1.3482 -1.2589 -0.891937 -1.86446 -0.66806 -1.13403 0.747604 0.180687 -0.501791 0.228815 0.753656 0.825001 0.822691 0.27348 -0.855716 0.596857 0.608567 -0.334866 -2.34593 
1.37326 0.0309668 -1.12454 -0.594333 -0.952351 -0.239279 -0.868027 -0.610923 -0.45429 -0.697086 -0.751483 -1.11918 -1.21057 0.331751 0.108866 0.0514278 0.310265 0.348344 1.09718 0.378819 0.202895 -0.937085 -0.0569615 0.206775 0.318869 -1.4149 0.722849 -0.130726 -0.540584 0.0869053 0.390662 0.311329 -0.276077 -1.86084 -2.23103 -1.27351 -1.4385 -0.224243 -1.76123 
1.37286 0.138801 -1.05118 -0.450042 -0.882049 0.675583 -0.490736 -0.292119 -0.566789 -0.526787 -0.0449438 -0.452169 -1.72318 0.341006 -0.330393 -0.197406 0.0899813 0.363941 1.49933 -0.468253 -1.05607 -1.04286 -0.48872 0.252159 0.391264 -0.965938 0.730857 -0.0682246 -0.221553 0.305123 0.28958 1.07976 0.0758023 -0.662507 -1.3042 -0.383567 -0.129708 0.316534 -1.07543 
1.403 -0.10493 -1.28736 -0.565037 -0.765994 0.916056 -1.26752 -1.36592 -1.71208 -1.06104 -0.615462 -0.667135 -1.93905 0.774483 -0.200406 -0.318206 0.0579711 0.0305526 0.0787729 -0.26141 -1.05746 -0.409682 -0.338075 -0.314274 0.100587 0.141326 0.421518 -0.0111425 -0.0991052 0.259734 0.1717 2.2204 0.97428 0.474174 -0.670946 -0.833792 0.123379 0.954315 0.0232426 
1.51519 0.0645696 -1.32797 -0.437353 -0.878885 0.77326 -0.708571 -1.04808 -1.03635 -0.795763 -0.394365 -0.305572 -1.52827 0.292674 0.319092 0.076511 0.222888 -0.137112 0.927344 1.6885 1.67149 0.348585 -0.404945 -0.0686667 0.849335 1.01628 0.28324 -0.346906 -0.523624 -0.42552 0.108029 0.341766 0.125141 0.244893 -0.158547 -0.355095 -0.172702 0.904804 1.12067 
1.42019 0.0672851 -1.19177 -0.466793 -0.854959 1.64553 0.227118 -0.219997 -1.23769 -1.37218 -0.754394 0.266263 -1.01449 -0.352041 -0.282867 -0.308456 -0.581003 0.114141 0.287963 0.43938 1.37636 0.243376 -0.0254288 0.157342 1.07627 1.23143 0.243787 0.0926722 0.273931 0.119048 -0.285648 0.0818079 1.26367 2.02619 1.19133 -0.0293209 -0.0998956 1.27085 1.78451 
1.36492 -0.0487815 -1.59555 -0.75615 -0.829791 1.02669 -0.310952 -0.107839 -0.692942 -0.867619 -0.339604 0.866292 -0.424292 0.0694994 -0.184464 0.247024 -0.0816339 -0.226043 -0.845653 -0.113045 0.951028 0.875998 0.40224 -0.00455458 0.798798 1.15641 -0.114994 -0.0229027 0.153509 -0.236638 -0.226799 -0.00839496 0.675842 1.25334 -0.163971 -0.944355 -0.477266 1.13145 1.58015 
1.37941 0.000615855 -0.935314 -0.526528 -0.992791 1.05493 0.139582 0.423814 -0.106748 -1.17439 -0.83838 1.14656 0.0269302 0.166133 0.255035 0.488521 0.288376 -0.401381 -0.305181 0.414552 0.246689 -0.415271 -0.990686 -0.664451 0.392396 0.695006 0.218362 0.0178763 -0.153709 -0.269129 0.135674 -1.14973 -0.610524 -0.449548 0.159266 0.400602 1.0872 0.829955 1.19823 
1.34924 0.0930457 -1.11127 -0.623932 -1.06397 0.838496 0.064862 0.0450972 -1.16946 -1.54806 -0.989133 1.31953 0.232346 0.253835 0.213954 -0.432974 -0.250625 0.406399 -0.423042 -0.611981 -1.53019 -0.714837 0.0711991 1.29622 0.281687 0.30981 -0.0317782 0.501714 0.637561 -0.070758 -0.338568 -0.73514 -0.0517071 -0.321903 -0.0239123 -0.566277 -0.575421 -0.0426926 -0.106575 
1.38651 0.122954 -1.32037 -0.673932 -0.783105 0.778989 -0.386135 -0.661605 -0.956191 -1.18533 0.192418 1.48346 0.362341 -0.224919 0.454571 0.268238 -0.378655 -0.0300414 -0.508917 -0.453654 -0.660776 0.38769 0.393297 0.0444867 -0.435446 -0.801092 -0.275867 0.768167 0.807772 -0.799493 0.0102986 -0.589157 -0.865784 -0.783211 -1.16478 0.293168 0.427579 -0.145146 -1.06559 
1.23199 0.329531 -0.834803 -0.837755 -1.0941 0.498615 -0.321808 -0.434404 -0.646401 -1.35591 -1.03109 0.90285 -0.35866 -0.685498 0.870195 1.39252 -0.728593 -0.387779 -0.230985 -0.426365 0.519528 -0.488275 0.283256 -0.762967 -0.456646 -1.57152 -0.370455 0.514032 1.11318 -0.331898 0.0939732 -0.0063521 -0.361766 -0.67435 -0.251789 0.225609 0.134525 -0.521552 -1.05578 
1.14963 0.556611 0.0167443 -1.0693 -1.00981 0.646039 -0.748839 -0.318519 -1.52359 -1.06256 -0.541542 1.0445 -0.871148 -0.351238 0.27235 1.05516 -0.0301733 0.156602 0.49394 0.0339685 -0.209103 -0.650071 -0.113665 0.151821 -0.224136 -0.448799 -0.823166 0.85993 1.2639 -0.548096 -0.180236 -0.795507 -0.39365 -0.336336 0.34525 -0.0567353 -0.944131 -0.635989 -0.726126 
1.08194 0.479573 0.184052 -0.870794 -1.02167 0.905399 -0.280233 -0.599122 -1.41522 -1.4834 -0.981061 0.708221 -0.655878 -0.582231 0.342943 0.110446 0.0560388 0.160607 -0.649307 -0.0324578 -0.952281 0.841071 -0.316323 -0.280928 -0.350275 0.718866 -1.04144 0.54403 0.775596 0.0711879 0.36006 -0.0966354 0.572868 -0.164913 0.154246 0.904842 0.0609857 -1.08023 0.0740297 
0.939582 0.740141 0.14435 -1.05761 -0.935181 0.201633 -0.765601 -1.00118 -0.436129 -1.31782 -0.862385 0.717324 -0.194612 -1.24993 0.496738 -0.133952 0.113046 0.313213 -0.607913 0.693567 -0.00196082 0.806061 1.14555 -0.0400668 -1.15475 0.560343 -1.35221 0.161116 0.408357 0.710541 0.71983 0.794932 1.27123 0.10546 0.579215 0.542321 -0.988174 -1.38987 0.574366 
0.698466 0.736062 0.0810922 -0.829533 -0.863191 0.491812 0.340621 -0.619476 -0.371338 -0.816962 -1.09548 -0.464318 -0.111539 -1.49368 -0.112105 0.373241 0.806743 0.773317 1.51294 1.6172 1.09087 -0.247202 0.946717 -0.813607 -1.42727 -0.00441141 -1.73297 0.754192 0.610384 0.395262 -0.210872 0.539227 0.172732 -0.388368 0.868641 0.926447 -0.399426 -0.561334 -0.0783237 
0.492804 0.707798 0.519878 -0.656474 -0.523878 1.3671 0.666411 -0.259909 -0.703425 -0.776748 -1.63974 -0.74159 -0.121241 -1.40764 0.567767 0.858333 0.365145 -0.579907 1.19117 -0.457181 -0.49808 0.0860266 -0.089737 -0.377545 0.443948 -0.632386 -1.68039 0.105809 0.503677 0.849557 -0.428787 1.26714 0.273896 0.315511 0.656019 2.07505 0.986126 0.0869965 -0.511487 
0.274035 1.02625 0.914255 -0.657488 -1.19547 1.41771 -0.049146 -0.98559 -0.223807 -0.929363 -1.49913 0.0430909 -0.561857 -1.08356 0.2652 0.22401 0.225616 -1.32112 -0.131529 -1.25664 -0.680638 0.920208 1.38119 1.98906 1.5512 -0.589599 -1.45232 0.115055 -0.0525223 0.30531 -0.132362 0.0996509 -1.45383 -0.376546 1.48968 1.33216 1.44449 0.895629 -0.388568 
0.152543 0.854447 0.75462 -0.556813 -1.26344 1.3082 -0.425461 -0.753252 0.482555 0.0382558 -0.015171 0.929343 -0.535876 -0.821208 -0.401676 -0.92373 0.00331954 0.414493 -1.08991 -1.30296 0.013328 1.44597 1.59488 2.08001 0.721093 0.186495 -1.11968 0.836312 0.0819278 0.233664 -0.274019 -0.80414 -1.19513 -0.957626 0.323114 -0.096141 1.44429 1.13987 0.153666 
0.00191486 0.856534 0.0662179 -0.673151 -0.981332 0.645255 -1.1817 -0.995289 1.61668 0.0203741 0.203389 0.84173 -0.329282 -0.637122 0.91474 -0.129225 0.0554519 0.972969 -0.758228 -0.185973 -0.555581 -0.59022 -1.4579 -0.28683 -0.0717019 0.797105 -0.728224 -0.180814 -1.72717 -0.833802 0.942941 -2.28869 0.147329 -0.255579 -0.503872 1.84652 2.77851 0.556935 0.830728 
-0.071765 1.30924 0.656119 -0.545431 -0.742432 0.782701 -0.577045 -1.15944 -0.211756 -0.936758 -0.341073 0.894895 0.205906 -0.301485 0.151873 -1.13682 -1.02439 0.807246 -1.42766 1.50817 -0.341643 -1.96809 0.479922 1.15626 0.00787822 0.836878 -0.823196 0.302141 -0.62407 -0.148176 1.31432 -0.732237 0.342154 -0.53823 -1.58217 -1.27457 -0.147278 -1.39522 -0.43723 
-0.135219 0.949422 -0.982847 -1.22197 -0.551385 -0.378666 0.154557 -1.25238 -0.792907 0.267137 1.11424 0.890906 0.445668 -0.630652 -0.485668 -0.617107 -0.240168 0.727852 -0.0526876 0.630317 -0.138265 -1.04296 0.0760649 0.15913 -1.71272 -1.30163 -0.247491 0.294889 -0.330805 -0.355392 1.13738 -0.0877523 2.14188 0.330263 -2.15995 -0.476265 0.0256607 -0.68811 0.507109 
-0.294392 1.09968 0.0973502 -0.687411 -0.356111 0.7825 -0.0117393 -1.27479 -1.46967 -0.944623 -0.284779 -0.863976 -0.802518 -0.0868291 0.267005 0.739878 0.586903 0.665316 1.32343 1.14526 0.770951 -0.260417 -0.977622 -1.08512 -0.881904 -0.203469 -0.431853 -0.468416 -0.518704 0.0203023 0.348104 -0.208336 1.14088 0.40027 -0.193961 0.911631 0.272184 -0.408321 -0.231217 
-0.216601 1.09693 -0.261435 -0.934881 -0.199427 0.645704 1.1721 -0.734067 -1.07665 -0.405068 0.10419 0.00507899 0.353039 -0.0392974 -0.168409 -0.00369294 0.260968 -0.273459 -0.183766 0.794423 0.658108 0.840161 0.963345 0.195453 1.19893 1.04535 -0.71503 0.485959 0.343664 0.0848042 -0.504144 2.37759 -0.112795 0.767 0.965289 -0.857307 -1.42676 -0.0779263 -1.25569 
-0.363429 1.04062 0.117277 -0.569411 -0.519998 0.684706 0.697688 -0.835122 -0.383335 -0.393066 -0.197356 0.43678 0.146285 -1.01571 0.420454 -0.333264 -0.487421 -1.31033 1.2756 -1.25935 0.223155 1.25209 0.057914 -0.513677 0.793491 -1.28731 -0.571576 0.172326 0.360415 -0.204873 -0.341283 0.202392 0.102878 0.895498 1.05328 0.647506 0.128192 0.769314 0.178181 
-0.539237 1.31723 -0.552425 -1.20513 -0.933062 1.63447 0.0778489 -0.597532 0.522475 -0.424376 -0.416124 0.879795 -0.64344 -0.844097 0.415004 0.430264 -0.514846 -0.161466 0.397678 -0.643778 0.502174 0.242178 -0.216456 -0.0064266 -0.196516 -0.808305 -0.901558 0.074402 0.212899 -0.0117162 -0.520829 0.221664 -0.289187 0.62048 0.718252 0.0826433 -0.584655 -0.0313728 -0.559815 
-0.641494 1.25834 0.5466 -0.853888 -0.622346 1.01982 0.144046 -0.50413 -0.0414155 -0.585363 -0.282947 0.271175 -0.450736 -0.371774 -0.311508 0.584086 0.469164 0.643792 -1.04056 0.928748 0.581468 -0.514958 0.0633824 -0.116905 -0.821967 0.635065 -0.648045 0.192726 0.686963 -0.539988 -0.401931 0.156176 0.12592 -0.088104 0.125052 0.474483 0.261128 -0.402061 -0.0448471 
-0.694627 1.19029 0.0220131 -0.979122 -0.592931 0.898758 0.905245 -0.211278 -0.0781444 -0.440237 -0.596397 0.056952 -0.0367886 -0.156113 -0.139733 0.385351 -0.147819 -0.351695 -0.234442 0.822705 -0.613908 -0.11627 0.77172 0.348298 -0.309222 0.776601 -0.392024 -0.0813478 0.307581 0.0844714 0.532585 -0.708932 0.7454 0.177872 -1.43272 0.888897 1.30606 -0.322943 1.19892 
-0.74087 1.21289 0.933551 -0.947958 -0.829222 0.884297 0.878313 -0.950967 -0.145718 -0.154623 -0.0645329 -0.0128644 0.273947 -0.237332 0.201521 -0.22046 -0.370087 0.0485827 0.255199 0.0105636 -0.349235 -0.964232 0.950848 1.6602 0.418094 0.831984 -0.338137 -0.0498626 -0.105242 0.602364 0.901347 0.265252 0.476886 -0.966749 0.518988 1.34105 -0.148855 -1.28671 -0.696565 
-0.815099 1.30673 -0.162559 -1.1885 -0.579859 1.12779 0.926265 -0.473657 -1.23805 0.103441 0.746343 0.537193 0.73408 -0.370674 0.0740042 -0.513558 0.878641 1.51978 0.51728 -0.212984 -0.634109 0.648082 0.743279 -0.477812 -1.3355 -1.59363 -0.48638 -0.0126302 -0.180716 0.086826 0.146046 -1.28241 0.0747935 -1.19076 0.073556 1.05841 0.20011 0.14265 -0.964225 
-0.895974 1.26884 0.472471 -0.509521 -0.00774806 1.30846 0.703007 -1.41188 0.7015 0.258184 -0.554109 -1.37534 -0.977984 -0.515914 -0.214913 0.00233496 0.472036 0.145153 -1.66938 0.105608 -1.18847 1.03708 0.25112 -1.38849 -0.222516 -1.97155 -0.649655 -0.103736 -0.654271 0.561052 0.77492 -1.19981 0.605779 -0.197676 -0.289162 0.0626616 -1.40624 -0.738934 -0.482752 
-1.00793 1.22562 -0.136945 -0.961003 -0.513724 -0.0760988 1.03076 -1.32093 0.0934186 0.205947 -0.523699 0.344266 -0.833007 -0.631995 -0.215462 -0.268755 -0.198213 -0.514788 -1.84089 0.980916 0.380675 -0.948971 -0.644113 -1.09741 0.396036 1.03425 -0.650663 -0.710122 0.335514 0.598376 0.484032 -0.652409 -1.04852 -1.32396 -0.745564 -0.599364 -1.88198 -2.06864 -0.864886 
-1.11895 1.18746 0.242338 -0.629735 -0.304242 -0.023129 1.57622 -1.16557 -0.439411 -0.203746 -1.57469 -0.918277 -0.0384398 -0.488295 -0.778921 0.394569 0.253922 0.484588 0.945997 -1.36825 -0.521499 -1.80824 -0.885154 -0.733719 -2.42894 0.951689 -0.631933 -0.766875 -0.803963 -0.0778173 -0.293193 -1.69541 0.364032 1.85433 0.027315 -0.194743 0.0348841 1.15608 1.63609 
-1.19358 0.87694 0.258702 -0.846659 -0.261073 0.667259 -0.159141 -1.70336 -2.11717 -0.407958 -1.23259 -2.16723 0.0376872 -0.343602 -0.858149 -0.691899 0.0993226 0.1419 -0.0261519 -0.509718 2.01959 0.974173 0.458201 1.17915 1.10433 0.959598 -0.440365 -1.06473 -0.435384 0.376841 0.437975 -0.27388 -0.0554992 1.14953 0.686408 0.162885 -0.487019 -1.56026 0.949624 
-1.26702 0.801201 -0.38699 -0.595594 -0.239893 -0.00357284 1.14031 0.222953 0.81375 0.0293226 -0.64422 0.283081 0.838851 -0.194657 -0.713371 -0.916103 0.201799 0.0857395 -1.25432 1.32449 2.01029 2.51255 1.09532 0.215396 0.432023 0.214956 -0.249221 -0.935216 -1.08385 0.143228 0.874399 -0.217646 -1.61116 0.30817 0.707515 1.04403 2.03588 0.322299 1.08558 
-1.30297 0.55936 -0.58214 -0.759355 -0.227584 -0.227603 1.01581 -0.321318 1.05108 0.226808 -1.12808 -1.67235 0.293996 -0.0473551 -0.452093 -0.602214 0.0714276 0.99142 -0.22051 -1.44354 -1.61885 -0.248107 0.727845 1.20327 -0.677458 0.370871 -0.216413 -1.25166 -2.00323 1.84632 0.854396 -1.41878 1.25978 2.39935 3.06093 1.15743 1.08648 1.39122 0.530437 
-1.33815 0.60757 -0.931709 -0.575923 0.291255 -0.128724 -0.115703 -0.924259 0.545327 0.432399 0.306921 -0.387909 1.22518 -0.146182 -1.04169 -1.47334 2.04646 1.02178 -0.309389 0.246194 1.0948 0.638421 0.216318 1.07544 1.37109 0.446564 0.209268 -1.07102 -1.43732 1.47735 1.08058 -0.66408 -0.808746 -0.746306 0.0249085 -0.978048 0.582562 0.0415131 0.524653 
-1.39976 0.0860274 -1.94868 0.284922 0.320244 -0.418928 1.24377 0.42269 1.88627 0.307371 -0.286493 -0.190673 0.743451 0.356797 -1.04904 -1.11301 1.72674 0.40787 -0.51567 0.475205 0.655918 0.27083 -1.78127 -0.491827 0.742822 0.283679 -0.102459 -0.732015 -0.808681 1.31232 1.48534 -0.178545 -0.909222 0.0258988 -0.106174 -0.70118 0.00233944 1.94209 2.21979 
-1.30431 0.13075 -1.95832 0.302489 0.50175 -0.473633 0.313379 -0.486119 0.922913 -0.746502 -0.194666 0.433564 1.5388 -0.0205778 0.0170812 0.507065 -0.449603 0.899666 0.105601 -1.33786 -1.0591 -0.750763 -0.963114 -1.03111 1.14127 2.25065 -0.379095 -0.892214 -0.0500626 1.36909 0.360026 -0.217039 1.17703 1.27552 1.04976 -1.28904 -0.676524 0.790641 1.14783 
-1.46394 0.11497 -1.4469 0.0342913 0.800975 -0.301277 0.0805663 -0.334415 0.992107 -0.355687 -1.25026 1.04949 2.69739 -0.946153 -0.200754 1.05055 -0.0606364 0.061902 0.269673 0.993908 0.995821 0.807878 0.383416 -0.244382 0.287046 1.1218 -0.537808 -0.324195 1.29046 -0.201782 0.154147 -0.136228 -1.0629 -0.639574 -1.3429 0.130723 0.32681 -0.300974 1.31544 
-1.60888 0.0563531 -0.943819 0.253647 0.52214 -0.233824 1.198 0.188909 1.96906 -0.560584 -0.484189 0.776097 2.55136 -0.811231 -0.46843 1.02755 0.199496 -0.69548 -0.262988 0.0575579 0.234195 -0.635873 1.13766 1.4485 -1.51685 -0.643187 -1.06808 -0.662531 2.48701 0.472704 0.452851 0.851603 0.823859 1.16883 0.165853 1.58083 0.0590339 -1.4214 -0.43444 
-1.73347 -0.0864109 -0.454101 0.120401 0.405193 -0.458054 0.142858 -0.190185 0.240963 0.305774 -0.0889493 -0.503554 2.23807 -0.695717 -0.726183 1.90962 0.633295 0.527616 0.656104 0.0417079 0.517941 -0.639929 1.39713 0.353893 -2.10518 -1.62297 -0.934352 -0.716199 1.84339 0.240757 0.199165 0.827901 0.834426 1.42227 0.0930601 1.02323 0.217443 -1.7092 -1.12828 
-1.84841 -0.267305 0.881128 0.564803 0.798433 0.293698 1.24637 0.530889 1.21286 0.264473 -0.26098 -1.39518 1.27496 -0.626348 -0.533947 1.16582 0.0902243 0.95774 1.16278 0.991029 1.60732 0.728818 0.0253496 -1.15686 -0.671831 -0.694059 -0.703656 -0.783462 1.4984 0.233321 0.776206 1.3844 0.385421 1.34178 -0.0778039 2.1628 -0.530709 -0.847884 -0.864067 
-1.95498 -0.318873 0.669148 0.149822 0.917834 0.446704 1.02495 0.911014 1.18869 0.265934 -1.16048 -1.16863 1.73632 -0.389446 -0.370742 -0.127266 -0.352645 0.479034 0.853893 0.455744 1.21949 0.556819 1.02796 -0.92245 1.02545 0.604098 -0.355884 -0.25708 1.91059 1.06948 0.82516 0.270571 1.63994 1.63334 0.3279 -0.470665 -0.337335 -0.511157 -0.922329 
-2.00839 -0.422344 0.784476 0.364472 1.04803 0.968482 1.65836 1.3618 1.94647 0.856768 -1.13162 -0.276717 1.85579 0.0724496 0.176939 1.1076 1.2104 0.11206 -0.874105 1.04629 0.507149 -0.393899 -0.516848 0.810637 0.0256323 -0.39502 -0.386756 -0.143844 0.517275 -0.374943 0.57026 0.443375 1.53961 1.99892 0.0526567 1.04011 1.3519 0.624334 0.540271 