630.73 21.3776 13.3961 -7.5573 6.61182 3.40885 0.606497 5.72199 -4.62603 -7.41963 0.616131 4.6018 7.10592 
630.759 27.7869 11.1359 -8.5561 4.54172 8.23824 2.67295 2.26395 -0.62655 2.06483 -0.873379 3.50388 -4.8755 
613.372 14.183 0.204065 -15.9112 -2.03591 -0.65043 -2.23898 1.78575 1.3499 3.51513 1.40403 3.27621 -1.0314 
628.747 25.4028 2.20644 -7.81729 3.59713 0.0449453 -5.3311 8.67433 3.94839 -0.143239 2.16175 -0.277236 -3.96121 
636.278 33.6485 3.81648 -2.80181 1.1611 -4.10252 -9.50158 3.95272 -1.07113 2.52719 5.47532 3.95563 2.92372 
713.719 -14.1726 5.17126 1.59439 -4.9234 0.709187 -1.49551 4.94191 -5.07357 -6.20191 4.00371 3.55723 -2.48296 
709.899 8.56613 14.8233 3.51832 4.15057 4.86243 -2.54269 6.29405 -2.49275 0.293642 1.76597 -1.40392 -10.0201 
678.067 7.52684 3.31791 -2.79815 -0.469283 -4.7326 3.34857 2.8055 -1.797 -5.43705 -2.77575 0.674899 -6.65934 
709.267 -7.67622 19.0559 -1.84614 1.80109 -7.77341 2.36855 -4.54716 -0.988273 -2.50551 -2.26448 2.08249 3.97223 
710.934 -29.8522 4.22254 -4.87265 4.94492 -6.74695 5.41916 -1.28904 0.583496 7.56515 0.316827 -2.7196 -0.567032 
722.844 -25.3771 4.13324 -7.61771 7.34013 -11.5645 1.8099 1.73277 -1.15337 0.0746247 1.00506 -2.04507 -4.1286 
727.123 -26.7037 -2.22622 -12.715 1.91084 -0.996909 -0.868467 2.48874 -1.6489 8.96732 10.2356 -1.99078 5.98899 
712.565 -24.4921 5.72584 -7.36485 8.66136 -8.2037 -2.34188 -1.87899 1.65895 6.27868 5.21933 -0.0654069 2.44358 
716.398 -24.7362 6.67973 -8.9792 11.0559 -2.13067 -1.66525 -0.556456 0.591446 4.23931 -0.857958 3.50745 -0.0963324 
713.067 -22.8871 17.1282 -4.20101 14.1132 -7.46301 -0.238667 -1.92361 -0.0210679 8.91191 3.82574 3.76599 -0.226123 
720.663 -23.0989 15.8832 -1.38532 12.5544 1.81577 5.61224 4.3283 -4.79796 4.45144 2.53123 -2.3349 1.6316 
750.572 -8.72644 5.8791 -11.0038 0.192279 -12.0335 -5.76029 -2.23878 -8.96672 11.1141 4.03142 4.59042 -1.68733 
771.161 32.3704 0.00946999 -0.459268 -8.91842 -24.2409 -16.1929 -10.4317 -14.094 0.946479 -0.341709 1.71879 3.62799 
869.707 28.4347 -30.5978 6.44352 -24.105 -31.4307 -28.4217 -3.14115 -8.05098 3.512 -4.00882 -3.41247 2.68668 
884.713 26.4519 -43.2318 4.05033 -24.4813 -24.4639 -19.2197 4.63478 -6.12571 2.28144 -7.30209 -11.0533 -6.27641 
878.288 24.846 -50.0337 9.28846 -19.8283 -22.2609 -12.9645 2.5902 -10.249 -1.81907 -6.05486 -4.68402 -3.28432 
885.728 21.9728 -48.4235 7.30576 -19.2928 -25.912 -11.0703 1.14046 -12.9678 -1.46669 -7.43546 -3.06814 -4.5155 
888.901 20.7229 -45.8642 5.51633 -21.4957 -22.5816 -8.39932 6.95703 -10.9152 0.27793 -12.0533 -1.93839 -7.11573 
885.997 17.4969 -45.9168 3.4614 -23.687 -23.6094 -10.0422 2.35676 -8.98262 -2.75046 -13.8269 2.2783 -3.48402 
878.417 19.4318 -48.7684 2.65498 -25.9402 -20.9444 -17.8404 -0.610374 -10.3424 -3.34581 -16.5614 1.79607 -6.95049 
870.263 26.6479 -46.6234 3.82015 -26.4379 -17.6991 -19.5141 0.375358 -1.17413 -1.33241 -16.4687 2.54935 -7.14909 
833.721 32.0548 -48.8131 5.56017 -27.4278 -14.6916 -24.7045 -5.43915 -4.60359 -2.4442 -15.8321 3.26211 -9.06781 
803.108 48.9124 -40.578 2.77716 -26.8651 -7.06926 -14.1402 -6.12296 -1.2157 -3.91661 -20.3156 0.833279 -6.55759 
780.609 48.6904 -35.1046 -3.04641 -23.4676 -7.3583 -15.1997 -7.81775 -5.47193 -8.80323 -24.2965 2.48374 -7.37391 
776.566 50.5886 -33.7083 1.19503 -18.8679 -4.01373 -13.2624 -5.24996 -9.00501 -7.32207 -21.9293 1.92756 -3.3098 
770.75 48.0751 -36.3124 3.72941 -16.2071 -7.39742 -18.9482 -10.1161 -11.6007 -5.30416 -23.1416 5.93058 -3.51319 
803.749 44.5914 -41.2799 -4.38327 -21.0163 -17.7363 -29.2053 -9.11228 -6.02179 -3.56096 -17.2462 4.74185 -10.6578 
835.655 36.6616 -46.705 -2.38986 -26.2555 -14.9451 -29.1405 -4.91342 -2.87048 -0.91062 -17.864 4.8468 -17.5486 
834.197 39.312 -45.1466 0.857279 -23.4535 -11.779 -14.5666 1.03634 -7.74614 -10.2027 -17.2992 1.95593 -10.7772 
844.472 39.6825 -40.8834 -0.55566 -23.4101 -15.2813 -15.7823 3.6196 -6.78202 -9.07759 -15.7603 2.8261 -10.8789 
846.226 37.3052 -32.3579 -3.28441 -28.3758 -24.3316 -21.4611 -0.126231 -10.2749 -8.04004 -14.9422 -2.20352 -6.01784 
841.435 43.6753 -26.0487 -0.398567 -25.4995 -24.3334 -18.1456 -0.423808 -6.47496 -8.04471 -8.44286 -0.0368306 -2.42187 
827.588 47.8656 -19.8036 -5.77414 -18.4052 -32.0327 -24.5308 -2.15583 -8.79099 -6.47858 -9.40495 0.579561 -3.33882 
797.018 55.9412 -10.7727 -4.01533 -14.3279 -29.343 -24.3867 -8.51962 -8.96598 -9.29576 -5.32627 4.63941 0.675728 
775.506 58.6696 -0.950456 -11.3052 -20.8671 -27.9631 -23.5193 -9.56239 -9.69457 -11.2584 -6.87875 -0.935854 1.16253 
753.564 69.1707 -0.349897 0.67918 -18.0105 -28.5351 -21.3783 -10.6167 -10.3212 -8.34851 -7.99644 -0.38052 4.86906 
741.485 67.0796 -3.02134 7.52542 -17.6869 -24.0692 -19.8541 -7.37248 -12.9988 -10.7805 -2.97222 1.16753 -3.40771 
756.081 37.0225 16.0269 1.3322 -15.1542 -14.0079 -17.8063 -0.748327 -10.2377 -9.67013 -8.3311 -4.19872 -6.06726 
760.952 25.6101 14.2123 -9.32382 -1.71018 -15.0531 -7.75351 0.246396 -10.3128 -8.64292 -12.217 -7.23556 -8.17566 
775.842 4.77686 17.4992 -9.97409 5.37847 -17.6536 -6.49247 -2.39011 -7.8118 -7.80234 -8.22944 -10.4421 -5.75353 
783.954 -0.474848 13.7559 -14.1328 -7.90321 -19.0763 -6.09558 -1.59661 -12.5762 -6.93843 -5.68735 -2.6793 -3.39252 
793.015 -3.29923 1.68058 -16.3817 -0.516503 -11.7372 -4.6379 -6.33954 -10.1908 -2.27971 -6.76631 -13.4901 -4.42779 
779.881 -7.65237 -2.85875 -20.7615 5.20859 -14.4693 -7.75433 -4.73124 -12.4599 -5.60223 -8.35746 -6.25072 -1.76627 
771.265 -6.00883 11.9027 -13.7937 1.85867 -19.4919 -5.93329 -4.09815 -13.2091 -8.10386 -11.4529 -2.4835 -7.65993 
773.804 -8.86721 1.91234 -20.4883 -4.10813 -17.5663 -3.99211 -8.06287 -11.4332 -0.224884 -1.52362 -2.392 -3.95414 
767.24 -13.5247 3.9923 -19.1631 -6.34681 -23.2155 -3.99011 -0.565218 -9.55475 0.027568 1.71645 -3.45663 -3.12785 
745.318 9.13332 0.375158 -8.88554 -0.83462 -17.5697 -3.19682 -1.68501 -12.6091 -5.23194 2.39447 -2.10534 -8.13822 
805.989 42.6294 -12.6018 3.64138 -18.031 -35.0362 -20.2895 -8.83335 -14.2303 0.912235 -3.31152 -0.376328 -4.85902 
822.206 33.5203 -24.054 9.71357 -24.1282 -39.0159 -15.4731 -7.10401 -11.6699 1.28717 -4.94397 -2.00047 -14.1452 
835.605 23.0081 -25.4871 11.7102 -33.3225 -36.0434 -16.4769 -5.40185 -8.83364 10.2109 -1.05558 -0.335479 -11.8074 
832.697 22.5793 -26.9952 8.15451 -32.6285 -38.8638 -13.1678 -9.00051 -13.6744 8.10118 0.772206 -4.15521 -16.8474 
842.493 18.9245 -16.7968 17.8682 -30.9551 -33.5065 -14.4247 -12.8855 -11.2079 7.44415 4.28601 -2.8785 -15.9177 
843.747 14.2432 -9.10272 18.0764 -39.6334 -25.4144 -11.8116 -6.25598 -18.1942 7.75589 0.545628 -4.67799 -8.20412 
851.792 4.74039 -2.06876 17.6632 -46.7065 -34.5857 -14.307 -6.50368 -18.4432 10.8235 1.78631 1.18688 -8.32068 
845.966 11.4795 2.39149 27.1122 -40.9104 -36.8167 -21.425 -17.813 -19.1443 20.972 11.5612 1.96477 -8.07742 
831.304 18.3172 6.56326 30.0797 -39.2017 -37.3026 -15.5968 -14.6829 -21.3128 13.7847 6.03021 0.453344 -2.3856 
768.966 25.8017 5.5826 30.8264 -33.4562 -31.3132 -14.0214 -12.5056 -25.4923 12.1663 4.64639 -2.94129 2.22931 
682.76 48.3891 10.9891 16.9267 -25.6089 -33.5766 -13.6606 -8.93277 -5.62271 12.7129 5.56348 5.13859 -1.89735 
659.634 46.512 6.2326 11.3242 -27.4572 -24.7454 -7.92023 -3.39622 -7.90623 8.59026 3.15555 0.186286 -11.6579 
637.48 43.7085 2.82146 11.6616 -24.1956 -28.1885 -16.1169 -7.64119 -9.17074 15.4331 7.10554 0.167002 -7.11909 
630.264 53.4975 7.63537 16.8001 -26.8622 -22.3862 -4.3243 -11.9152 -14.1118 13.1144 6.8653 -3.71537 -3.52572 
663.965 46.9112 4.38765 -0.345467 -6.2218 -35.3826 -6.63174 -12.7995 -13.1838 16.2171 6.82085 -2.18749 -3.41139 
749.882 11.1795 -24.178 -16.1557 -1.17755 -39.601 -1.73696 -9.73558 -17.3186 23.7601 6.20912 -2.29649 5.30333 
779.368 13.1517 -12.4056 -20.1535 2.03311 -39.92 -4.3486 -3.58683 -14.9207 18.2335 11.4933 1.59836 1.14348 
763.176 -19.7305 16.4529 -6.02474 0.732172 -37.6304 -15.561 -3.75585 -7.90409 4.3237 12.5558 10.8264 -5.31724 
761.03 -20.2774 28.8491 -5.12012 -8.07851 -35.5569 -13.476 -4.26818 -4.03202 6.06561 7.73251 8.01963 2.26256 
733.919 -33.9745 23.2619 -7.54228 0.964554 -34.9096 -11.9073 -1.80272 -8.34747 7.76021 13.9741 4.67581 -6.77015 
738.361 -31.0849 27.4988 -10.7039 -8.95364 -30.8178 -12.7123 -6.69592 -9.87435 7.62427 10.9043 7.35283 -3.18673 
755.944 -32.5002 13.5721 -10.6616 -13.1696 -30.1326 -19.0177 -10.602 -3.8361 9.6637 11.9202 2.84297 -1.33055 
749.75 -41.4122 8.21615 -0.261381 -3.26966 -28.9774 -10.6928 -13.808 -7.00977 11.6522 7.38036 3.59493 -3.36631 
741.498 -34.7904 15.9807 0.81513 -2.13708 -23.8205 -10.0008 -12.9712 -11.9127 12.4429 13.0339 6.17277 2.10372 
721.582 -32.8447 19.9161 -4.30462 -0.552188 -27.3039 -11.3454 -7.0228 -14.6949 16.365 15.6988 6.73737 -0.00289617 
709.352 -34.8378 27.75 -7.95666 -0.780772 -33.388 -7.72605 -1.57907 -6.55338 11.8466 15.2698 7.8083 6.3334 
687.623 -34.4803 34.4071 -12.7581 -10.1674 -35.7953 -10.6613 -7.25695 -14.3569 10.1128 6.57845 2.25228 -4.1549 
670.859 -39.4383 31.1961 -15.2478 -9.6269 -28.9987 -10.6454 -4.45944 -0.168852 18.1623 14.1842 8.14707 -1.00145 
658.042 -31.8772 38.7119 -15.8737 -2.6744 -30.9799 -7.16924 -4.38702 -3.61422 15.9723 12.8172 5.40163 4.3531 
637.564 -31.4956 42.6913 -14.5747 -4.24624 -28.7057 -6.89556 -2.16467 -2.78698 9.91983 8.47856 7.19147 2.85518 
637.868 -27.6124 39.6178 -16.4474 -6.17581 -24.7194 -16.4942 -13.5153 -7.33171 12.469 5.49855 4.96625 0.520714 
684.187 -7.14101 29.6783 -11.1115 5.90506 -15.7706 -12.9537 -11.0753 -5.66789 5.59025 2.68154 -7.28875 -3.52435 
815.154 37.618 -17.2504 -14.7041 -9.8348 -37.4294 -21.5253 -15.3828 -12.0204 0.3799 -8.10487 -7.73972 6.25085 
862.715 28.6737 -41.5686 -19.2252 -14.2127 -30.8951 -19.1782 -4.83134 -8.0858 -6.70992 -12.8013 -13.7341 1.72181 
878.611 29.5211 -55.3104 -11.6812 -13.2484 -23.5858 -12.2597 -0.76477 -8.0576 -11.1971 -14.1185 -9.59711 5.43662 
883.644 28.3879 -63.1389 -13.7179 -14.3931 -21.1823 -9.55376 -1.84619 -10.3709 -12.4077 -16.3448 -15.5399 4.23568 
885.015 30.3796 -63.538 -7.66217 -13.037 -17.6782 -8.09011 -4.26918 -9.37375 -11.7752 -13.2173 -9.68101 3.01401 
882.244 26.9898 -67.3007 -12.4371 -18.8166 -21.1013 -11.9002 -5.457 -12.9217 -13.352 -17.6403 -10.9711 -1.07303 
878.139 28.2017 -63.8312 -11.6723 -17.5652 -18.607 -12.6472 -1.39343 -11.4194 -9.51619 -18.0963 -7.6718 -3.99402 
861.458 28.321 -66.0047 -14.6987 -21.21 -24.1726 -16.6479 -5.43271 -10.796 -11.6921 -24.0214 -7.42503 -7.10129 
844.433 32.6309 -59.0876 -5.53936 -25.7507 -19.4631 -17.9756 -3.68401 -8.81996 -9.31768 -21.9756 -4.23991 -8.8762 
802.255 40.7754 -54.6623 -4.78066 -20.9711 -14.4103 -21.0985 -17.3112 -14.3229 -9.17576 -19.7831 -2.316 -4.99593 
763.009 56.1422 -46.5166 -11.3586 -17.543 -13.4579 -21.4342 -16.178 -8.11548 -1.94154 -21.0108 -2.47649 -2.93883 
730.824 64.4737 -44.0643 -13.0836 -15.3521 -16.4282 -21.7286 -14.8017 -6.44473 -2.49333 -25.1447 -6.50421 -2.95376 
718.198 65.8717 -39.4964 -12.2431 -12.4389 -13.2409 -14.1497 -10.4108 -9.62438 -7.55285 -25.9365 -5.53132 -0.800457 
716.267 73.3845 -47.2665 -7.40441 -12.688 -13.369 -19.2343 -13.1738 -2.66455 -2.5238 -30.1925 -7.73247 -3.114 
744.002 65.3239 -44.8478 -1.47381 -14.8613 -10.9582 -15.5634 -15.6393 -2.15907 -6.58974 -21.7518 3.13177 -1.01061 
787.886 60.9861 -56.8483 0.907096 -25.3813 -11.6344 -19.7462 -7.59366 -2.63712 -9.69812 -22.8407 -1.14766 -6.12411 
803.674 53.4371 -49.1555 4.75521 -27.6338 -17.6414 -21.4587 -3.28095 -0.63507 -8.16181 -17.2478 -4.96047 -4.56398 
795.923 53.9506 -50.5203 -0.428679 -29.5117 -24.2727 -21.9334 -5.6538 -3.86591 -11.6754 -17.6786 -7.07095 0.201833 
784.996 55.017 -43.1973 -1.77139 -29.0319 -28.0614 -22.9468 -9.86473 -1.73937 -12.8337 -17.891 -9.47109 -0.102801 
773.815 58.2196 -33.6185 -9.45747 -30.5553 -29.5105 -21.3464 -9.5114 -1.9969 -14.6068 -18.4291 -10.0759 -2.47344 
732.072 72.7126 -21.5665 -14.1886 -20.8876 -29.2302 -25.8034 -5.87188 -1.4383 -16.4656 -15.6452 -5.42369 -1.2532 
722.938 72.5379 -12.5128 -14.3875 -15.8273 -18.633 -25.3614 -6.494 -1.62105 -14.9896 -18.7455 -6.87153 -5.18325 
697.988 88.654 -9.66505 -11.8812 -18.1071 -18.5106 -12.92 -3.76862 -8.64823 -21.363 -15.8158 -4.86799 -0.257144 
683.789 78.3421 2.89572 -19.6465 -12.0074 -21.7662 -9.79831 -10.9163 -7.69818 -21.2182 -20.6329 -4.39176 -1.34999 
697.274 47.1875 33.3951 -38.5079 -4.14013 -26.9651 -2.19984 -6.04652 -9.23443 -16.6419 -13.1156 0.54148 -6.18816 
697.387 13.2745 37.6436 -40.9769 3.31193 -24.9288 -1.54482 1.0782 -5.90507 -12.3747 -11.2762 -3.13685 -7.30613 
695.658 -0.853782 36.7522 -49.4063 0.592645 -20.9384 -2.52508 7.33945 -9.92502 -15.2164 -18.9281 -9.87993 -4.83078 
696.159 -5.32575 31.0225 -50.6593 -3.32309 -19.1817 -0.759733 9.44947 -8.98774 -5.9853 -7.58472 -11.604 0.256828 
682.419 -18.1659 32.1921 -46.0159 1.33488 -16.0197 0.462863 9.34136 -11.9778 -5.57146 -15.6806 -13.3445 0.140261 
676.286 -24.1308 39.2244 -35.1434 6.43086 -14.9046 -2.37363 4.3544 -9.09926 0.164191 -4.34243 -9.01297 -4.77464 
682.603 -23.824 26.9255 -34.7783 6.01556 -8.47729 -5.019 -2.90803 -21.9798 -6.02783 -9.05922 -11.4525 -8.55261 
675.783 -3.96231 32.5418 -25.6324 6.4961 -17.3827 -8.26799 -3.39267 -19.3961 -11.5929 -10.3134 -9.94683 -3.68372 
692.501 25.7027 21.6382 -23.1594 -10.6169 -39.729 -21.5352 -12.6361 -17.8448 -10.7814 -6.12194 -1.79271 -2.43735 
767.329 48.3111 -1.26786 -14.6227 -9.86852 -44.6531 -25.8102 -6.8527 -13.4644 0.663957 4.23441 3.47813 -7.18437 
785.669 39.3262 -7.04292 -11.7172 -7.00833 -49.9152 -25.046 -6.87506 -16.1751 2.93772 -1.98857 -6.34007 -17.0485 
791.702 33.2099 -2.90279 -3.18995 -15.1511 -45.2639 -15.7802 -11.1745 -12.5297 13.0906 3.17872 -5.34839 -15.6415 
811.764 26.0446 -10.627 4.88321 -23.4981 -40.2037 -5.11719 -13.6405 -14.9278 4.76628 2.70645 -4.27116 -7.78407 
839.413 6.99412 -14.3451 11.8993 -37.4505 -41.0555 -15.1211 -13.744 -15.2036 11.6476 4.80235 1.07 -5.18624 
841.867 15.016 -3.8123 21.3587 -32.7347 -40.3809 -15.9923 -15.7954 -15.0432 14.3519 8.58392 0.230425 -4.72173 
811.706 19.2397 3.76975 17.5104 -33.1727 -39.4887 -9.44648 -12.4876 -15.2165 14.5749 9.87558 3.33455 -3.71256 
773.171 19.215 2.78303 20.7193 -28.1969 -39.3687 -6.86338 -17.7088 -12.3408 18.6768 8.06807 4.32789 -3.79309 
710.926 22.1755 2.63293 20.6482 -28.8942 -42.1544 -5.5866 -10.1778 -21.8696 14.8139 6.21809 0.702765 5.20477 
687.477 28.3347 6.53786 23.1134 -31.8031 -43.1528 -12.0872 -12.7955 -22.4011 11.594 7.74657 -4.43218 5.41955 
633.012 28.8733 -1.91254 16.2491 -17.4299 -32.8932 -13.2752 -13.4126 -15.605 10.3797 6.39433 -0.101201 -1.27215 
618.859 34.6309 1.66821 15.7697 -18.2393 -30.7835 -9.4002 -7.33835 -13.6428 11.1926 3.45141 -3.52344 -5.13826 
590.014 36.0138 2.65339 9.08419 -23.8869 -35.0934 -12.9897 -7.82125 -9.29387 5.97651 4.95513 2.15994 -5.46854 
573.391 32.8816 -2.19558 7.16394 -21.0995 -32.5586 -18.4817 -12.224 -16.7987 8.27551 4.31695 0.724292 1.50463 
586.846 40.4501 -0.553278 9.67894 -11.0236 -32.3233 -16.4199 -5.80818 -11.3082 7.47045 4.25201 6.86252 -2.95972 
666.313 17.8788 -29.1714 -1.24743 15.2799 -38.1095 -20.6623 -6.53195 -16.6736 20.9939 3.0111 11.9194 0.439376 
806.833 -14.3252 -42.9219 -17.108 20.9261 -42.9363 -17.9564 -4.95962 -15.577 23.9142 10.094 11.7341 -0.105039 
763.382 -22.583 -15.3339 -5.2491 23.3332 -40.6768 -14.7631 0.644207 -10.366 18.2831 15.2745 14.3945 7.26039 
746.079 -35.161 -4.49225 -5.69585 18.2121 -40.7366 -15.2592 7.27734 -7.12961 9.82471 11.5095 13.2864 5.39996 
727.121 -51.3958 7.82307 -11.297 11.1246 -37.7247 -20.4842 4.53555 -2.28829 9.73973 8.76066 7.29218 1.92244 
706.854 -47.6799 21.2508 -20.3986 12.6821 -39.3893 -19.7562 0.780203 -3.25204 7.36456 5.2994 7.99369 5.91439 
684.162 -52.7912 22.862 -19.3783 13.596 -31.0604 -21.1267 -1.4197 -5.69427 4.8187 10.6046 9.8233 2.12461 
678.396 -48.9574 21.7164 -16.5268 13.5737 -31.5361 -22.2794 -3.37044 -9.89108 3.56117 9.0328 6.90158 -1.79874 
647.409 -50.4357 34.3273 -18.9616 9.19301 -33.548 -19.7302 -4.36097 -8.01741 5.72568 7.10942 7.5831 -0.865373 
640.476 -47.0241 39.4544 -17.1446 18.8071 -26.1099 -11.3311 3.10444 -1.90056 3.87029 0.998748 2.70874 -6.25525 
636.753 -52.4236 40.2837 -21.6605 9.88403 -20.9951 -18.5427 -0.554133 -8.56815 6.35122 5.01744 -1.29158 0.0468605 
618.866 -49.2462 40.6002 -24.9385 12.6905 -23.9399 -19.9402 2.82473 -4.61068 1.78204 3.96281 6.12212 -6.50264 
610.424 -47.2554 38.675 -22.2133 13.6697 -24.9387 -17.4991 1.08476 -3.13746 4.4729 3.6875 0.964077 -2.31677 
593.704 -41.1335 41.287 -24.6744 16.6828 -20.6866 -17.0389 3.51313 -5.91713 1.95041 -3.3828 6.82588 -1.0643 
577.794 -45.7893 31.9561 -23.2394 9.177 -21.7871 -15.9474 7.58382 -1.27331 4.76698 3.41794 1.46845 -1.52675 
586.197 -23.3372 44.1133 -15.2445 17.0353 -19.1548 -12.0954 4.96388 -2.8657 3.56586 4.2684 3.26535 -2.9219 
560.788 -25.3625 35.2337 -15.5348 20.1928 -16.5806 -10.1263 -1.31953 -4.00933 2.42253 -1.39542 1.2394 -3.17841 
548.892 -15.8325 36.6724 -13.6502 19.3134 -18.1882 -6.80198 -1.27998 1.78493 2.01842 2.65667 5.64434 -3.48831 
531.833 -8.49332 20.172 -15.2029 14.6912 -18.6523 -3.47393 3.50112 -3.49546 3.92087 2.50229 5.68591 -4.08784 
515.237 0.83765 24.128 -5.7784 9.8645 -15.0296 -10.6395 -0.533468 -2.73368 0.463446 -0.522663 4.49449 -6.04804 
