613.372 14.183 0.204065 -15.9112 -2.03591 -0.65043 -2.23898 1.78575 1.3499 3.51513 1.40403 3.27621 -1.0314 -2.01257 -2.38407 -8.92949 0.73881 -0.944597 -8.1933 -8.00405 6.41038 4.57494 -2.20807 3.03513 -3.78112 0.914287 5.54803 12.2709 -9.57962 4.75548 -5.45071 -7.51137 -10.1081 -1.76927 3.5549 9.94682 4.85919 -0.646161 -4.1822 
628.747 25.4028 2.20644 -7.81729 3.59713 0.0449453 -5.3311 8.67433 3.94839 -0.143239 2.16175 -0.277236 -3.96121 22.9059 19.4655 3.61242 13.1094 3.19701 -3.45209 -7.26261 2.16698 -2.42102 -0.987943 4.07129 0.679428 3.95512 82.9595 -41.9595 -5.96467 10.1505 -9.46512 -7.52906 -4.16845 2.67796 -4.44702 -8.26674 4.87709 0.0533423 2.39254 
636.278 33.6485 3.81648 -2.80181 1.1611 -4.10252 -9.50158 3.95272 -1.07113 2.52719 5.47532 3.95563 2.92372 84.972 -39.5754 2.96482 9.41168 -8.52052 0.664242 3.83559 -3.73242 -9.02196 -6.05867 1.84196 3.83446 1.47825 96.5275 -5.61685 14.6192 19.4295 6.18648 5.51286 -0.303711 4.50831 -3.84264 -3.22149 0.361936 -4.68013 -8.98871 
713.719 -14.1726 5.17126 1.59439 -4.9234 0.709187 -1.49551 4.94191 -5.07357 -6.20191 4.00371 3.55723 -2.48296 73.6216 -25.0824 11.0068 6.32013 2.98947 8.96495 6.9589 2.34133 -1.42162 -2.23354 -3.70935 -5.35956 -12.9438 49.3199 -17.876 1.11147 5.01915 -4.06641 -4.77755 8.67968 -5.86883 -5.74539 -5.29381 -4.9375 0.952135 -2.69813 
709.899 8.56613 14.8233 3.51832 4.15057 4.86243 -2.54269 6.29405 -2.49275 0.293642 1.76597 -1.40392 -10.0201 -35.6521 21.6994 -1.85335 -4.39254 4.45411 -5.44179 4.84408 -2.13641 3.27657 0.764863 -6.77947 -2.88233 -4.17638 72.9893 -41.3247 15.2394 0.95567 0.639987 -3.67089 11.8701 -8.49989 0.0828567 -5.0327 -7.7398 -1.87315 1.04851 
678.067 7.52684 3.31791 -2.79815 -0.469283 -4.7326 3.34857 2.8055 -1.797 -5.43705 -2.77575 0.674899 -6.65934 -0.632263 -16.2423 4.23259 -5.36446 -2.34948 -12.6358 4.91123 -10.8412 1.50448 -2.79915 -4.03045 3.48641 13.9923 -2.78485 -15.6796 -0.94872 -6.46704 9.86831 -7.45613 6.91467 -6.23094 5.65706 13.7671 -3.68689 -6.27682 1.91593 
709.267 -7.67622 19.0559 -1.84614 1.80109 -7.77341 2.36855 -4.54716 -0.988273 -2.50551 -2.26448 2.08249 3.97223 32.8672 -37.3791 0.904632 -2.07451 5.4142 -2.01435 2.07058 -4.09453 2.3805 13.0022 3.09258 -3.3945 6.09231 12.9449 -33.9432 -10.6901 -11.136 3.18956 -16.4269 4.35259 -4.56128 1.33938 -0.219017 -0.760909 -0.641146 5.89152 
710.934 -29.8522 4.22254 -4.87265 4.94492 -6.74695 5.41916 -1.28904 0.583496 7.56515 0.316827 -2.7196 -0.567032 13.5771 -17.7009 -14.9227 -5.77157 5.53904 -3.79108 -0.558643 6.27994 -0.165099 2.58014 3.26954 -4.12755 -8.10083 49.0563 -34.2305 -5.54413 -9.9169 2.38012 3.73569 -4.21704 -0.316753 0.148107 14.4044 13.0113 -2.66568 12.6483 
722.844 -25.3771 4.13324 -7.61771 7.34013 -11.5645 1.8099 1.73277 -1.15337 0.0746247 1.00506 -2.04507 -4.1286 16.189 3.14855 -6.44876 -7.84239 -3.03408 5.75004 -6.28763 3.77778 -2.23239 1.40217 9.91873 0.728819 6.55602 3.29822 -16.8159 -13.3301 -5.51871 6.86027 -0.43029 -4.71043 2.66817 2.64723 8.7842 7.48381 -2.14789 -1.52865 
727.123 -26.7037 -2.22622 -12.715 1.91084 -0.996909 -0.868467 2.48874 -1.6489 8.96732 10.2356 -1.99078 5.98899 -10.2789 0.88501 1.5926 0.252859 1.32123 3.36079 -4.15179 -3.61177 2.81233 6.20406 4.21427 1.97966 6.57219 5.46362 5.116 2.45719 -4.10654 6.11093 4.61627 -7.08441 0.732579 0.00794989 -3.32583 -1.17478 6.22705 0.470699 
712.565 -24.4921 5.72584 -7.36485 8.66136 -8.2037 -2.34188 -1.87899 1.65895 6.27868 5.21933 -0.0654069 2.44358 -10.7254 1.96745 8.90595 3.73585 9.14501 -1.13376 -0.796786 -3.0452 2.24034 -4.728 -11.0935 5.49823 -6.08532 -9.77747 2.49004 12.9949 3.4167 6.77307 4.10147 -2.04857 -3.65639 1.1323 8.83729 2.82068 5.81106 3.90248 
716.398 -24.7362 6.67973 -8.9792 11.0559 -2.13067 -1.66525 -0.556456 0.591446 4.23931 -0.857958 3.50745 -0.0963324 0.501465 1.60503 11.4023 3.16385 5.45184 0.740683 2.10322 -0.0446218 -1.68002 2.63323 -1.39359 3.8314 -2.66971 -6.45996 3.60481 18.1094 11.3297 10.6436 2.81268 6.4807 1.83955 -3.14906 -4.51588 -7.70433 -0.344126 -4.35739 
713.067 -22.8871 17.1282 -4.20101 14.1132 -7.46301 -0.238667 -1.92361 -0.0210679 8.91191 3.82574 3.76599 -0.226123 4.26544 1.63736 9.20345 7.59387 1.49856 3.94645 7.27749 4.88475 -5.38941 0.212129 3.38919 -5.84235 1.72793 38.0071 15.7656 0.153258 -3.63898 -8.46909 -3.82978 -3.41841 -0.359791 -10.6257 4.83537 -1.18791 4.65583 -4.13091 
720.663 -23.0989 15.8832 -1.38532 12.5544 1.81577 5.61224 4.3283 -4.79796 4.45144 2.53123 -2.3349 1.6316 37.5056 14.1606 -11.2491 -6.80283 -13.9209 -4.57046 -5.52163 -0.315169 -8.94565 2.20214 0.205679 0.824426 -1.46121 54.7634 57.1067 -6.67026 8.51993 -19.9743 -22.1102 -14.5276 -9.87527 -14.6854 -3.29284 0.516248 -1.78866 3.72432 
750.572 -8.72644 5.8791 -11.0038 0.192279 -12.0335 -5.76029 -2.23878 -8.96672 11.1141 4.03142 4.59042 -1.68733 50.498 55.4693 -15.8737 0.926053 -21.4728 -26.0566 -21.8051 -14.76 -9.29599 -3.50496 -2.87294 4.05369 1.99639 156.641 51.3217 -47.726 10.6445 -38.2182 -23.9677 -28.1831 -1.21754 -8.02991 -5.39991 -7.83456 -7.17846 2.91281 
771.161 32.3704 0.00946999 -0.459268 -8.91842 -24.2409 -16.1929 -10.4317 -14.094 0.946479 -0.341709 1.71879 3.62799 119.135 37.1611 -36.4769 17.4473 -24.2972 -19.3972 -22.6614 -0.902366 0.915741 -7.60206 -8.04024 -8.00289 4.37401 164.05 49.5507 -59.1149 5.43565 -37.0357 -26.2797 -24.8319 0.306482 -1.32776 -2.17 -9.83332 -8.71843 -7.90801 
869.707 28.4347 -30.5978 6.44352 -24.105 -31.4307 -28.4217 -3.14115 -8.05098 3.512 -4.00882 -3.41247 2.68668 113.552 -5.91857 -43.2412 4.50959 -15.5629 -0.223063 -3.0268 15.0665 7.96824 1.33496 -6.96038 -12.7721 -9.9044 127.716 33.5724 -55.9128 20.2923 -20.0205 -10.2274 -7.20421 4.82899 -1.28226 -12.9331 -10.0863 -9.27444 -1.59699 
884.713 26.4519 -43.2318 4.05033 -24.4813 -24.4639 -19.2197 4.63478 -6.12571 2.28144 -7.30209 -11.0533 -6.27641 8.58112 -3.58871 -19.4359 2.84494 4.27669 9.16981 15.4572 5.73135 -2.19801 -5.33107 -2.04604 -1.27155 -5.97101 114.567 -10.3976 -48.433 7.76503 -10.3743 -1.67111 5.12262 11.5722 1.12617 -2.41317 -7.09375 -4.78692 -8.14349 
878.288 24.846 -50.0337 9.28846 -19.8283 -22.2609 -12.9645 2.5902 -10.249 -1.81907 -6.05486 -4.68402 -3.28432 1.01514 -4.47905 -5.19172 3.25544 5.18859 -1.44805 8.14942 -3.49432 -6.84206 -3.74813 -0.133369 7.9852 1.76091 19.1933 -7.71172 -15.2664 -0.92719 2.60927 8.84905 20.0224 10.0982 -2.86418 -3.23407 -8.04446 1.47408 -9.80241 
885.728 21.9728 -48.4235 7.30576 -19.2928 -25.912 -11.0703 1.14046 -12.9678 -1.46669 -7.43546 -3.06814 -4.5155 10.6122 -4.12302 4.16956 -3.77213 -1.66742 -0.320757 4.56519 4.36683 -0.666172 2.097 -5.99842 2.74564 -3.83141 1.28333 -8.95498 -2.68501 -0.588928 0.794302 0.854496 9.17749 -2.27801 -2.8569 -5.0319 -6.52477 13.3316 2.79239 
888.901 20.7229 -45.8642 5.51633 -21.4957 -22.5816 -8.39932 6.95703 -10.9152 0.27793 -12.0533 -1.93839 -7.11573 0.268188 -4.47593 2.50671 -3.84437 -4.39428 2.30254 1.02807 1.2163 3.98516 -1.28377 -6.3914 5.34644 1.03147 0.129089 -5.4142 1.2653 -6.63348 -6.11195 1.3165 -4.87594 -3.20058 -0.0933914 -1.52674 -10.5065 6.4801 -3.66617 
885.997 17.4969 -45.9168 3.4614 -23.687 -23.6094 -10.0422 2.35676 -8.98262 -2.75046 -13.8269 2.2783 -3.48402 -10.4831 -1.29118 -2.90426 -2.86135 -4.44453 1.63726 -9.44112 -7.5674 0.572781 -3.62374 -4.50808 3.73446 0.16524 -15.465 4.67507 1.80012 -3.48562 -7.14514 8.21291 -8.44385 -0.765102 11.7936 0.134289 -9.0332 5.61749 -2.63359 
878.417 19.4318 -48.7684 2.65498 -25.9402 -20.9444 -17.8404 -0.610374 -10.3424 -3.34581 -16.5614 1.79607 -6.95049 -15.7332 9.151 -0.706589 0.35875 -2.75086 5.91037 -9.47192 -1.98141 7.80849 1.41806 -2.64179 0.271051 -3.66506 -55.1793 11.3319 -2.94894 0.0438423 -5.93208 7.88999 -16.3052 -12.3962 6.31156 -2.72213 -3.77884 5.2005 -1.95208 
870.263 26.6479 -46.6234 3.82015 -26.4379 -17.6991 -19.5141 0.375358 -1.17413 -1.33241 -16.4687 2.54935 -7.14909 -44.6962 12.6231 -0.0446854 2.90519 -1.48755 6.25273 -6.86405 -4.82878 5.73878 0.901605 0.729239 1.46604 -2.11732 -82.8888 31.4155 5.33874 -0.684237 -3.17803 16.5402 -4.098 -8.47973 7.76692 -1.16615 -6.48873 -1.44502 -3.07357 
833.721 32.0548 -48.8131 5.56017 -27.4278 -14.6916 -24.7045 -5.43915 -4.60359 -2.4442 -15.8321 3.26211 -9.06781 -67.1556 22.2645 6.04533 -1.04299 -0.427172 10.6298 5.37392 -6.49832 -0.0415708 -2.5842 -3.84694 -1.71607 0.591496 -97.809 29.2587 13.6639 -5.70138 2.47258 13.5861 2.6407 -7.20738 4.87045 -5.45742 -7.73514 0.687666 -0.423425 
803.108 48.9124 -40.578 2.77716 -26.8651 -7.06926 -14.1402 -6.12296 -1.2157 -3.91661 -20.3156 0.833279 -6.55759 -53.1128 16.6356 13.7086 -8.60657 3.96013 7.33333 9.50475 -2.3786 -0.868336 -6.35902 -8.46438 -0.778371 1.69389 -93.6977 23.9407 12.915 -2.62511 7.57004 13.6853 6.25174 -5.62531 -7.83089 -5.98966 -5.46062 -0.621792 3.83928 
780.609 48.6904 -35.1046 -3.04641 -23.4676 -7.3583 -15.1997 -7.81775 -5.47193 -8.80323 -24.2965 2.48374 -7.37391 -26.5421 1.6762 6.86969 -1.58213 7.99721 3.05553 0.877818 0.873009 -7.78932 -3.40546 -1.61368 1.09428 3.24779 -62.9716 16.0203 12.5007 -1.83075 11.2207 7.29422 5.75632 -4.67698 -6.99711 -2.85995 -7.30943 2.66847 5.55462 
776.566 50.5886 -33.7083 1.19503 -18.8679 -4.01373 -13.2624 -5.24996 -9.00501 -7.32207 -21.9293 1.92756 -3.3098 -9.85876 -0.61533 -1.20782 6.77582 7.26056 -0.0391188 -3.74843 -2.29839 -6.12878 3.49907 1.15495 3.44684 3.86072 0.641174 -4.32106 -0.701889 -7.16043 5.84875 -10.667 -15.0651 -2.98932 -4.8061 0.355654 3.06941 3.90858 -4.10021 
770.75 48.0751 -36.3124 3.72941 -16.2071 -7.39742 -18.9482 -10.1161 -11.6007 -5.30416 -23.1416 5.93058 -3.51319 27.1832 -5.99726 -7.57158 -5.57831 -2.14846 -13.7226 -15.9429 -3.86232 2.98322 3.76111 4.68309 2.8143 -7.348 55.0462 -12.0289 -11.6004 0.656546 -2.78782 -7.5868 -13.9408 2.90433 2.60145 7.89261 6.4325 2.36306 -10.1746 
803.749 44.5914 -41.2799 -4.38327 -21.0163 -17.7363 -29.2053 -9.11228 -6.02179 -3.56096 -17.2462 4.74185 -10.6578 64.905 -11.4135 -10.3926 -6.11927 -10.0484 -7.54768 -10.1923 5.20271 8.73022 4.39354 5.27755 -1.08378 -14.0354 57.6312 -11.2767 -11.4382 -0.337754 -4.58569 -7.76529 -1.30418 6.2863 1.25888 -2.88062 4.63009 0.0283694 -7.46743 
835.655 36.6616 -46.705 -2.38986 -26.2555 -14.9451 -29.1405 -4.91342 -2.87048 -0.91062 -17.864 4.8468 -17.5486 30.4479 -5.27943 -3.86665 5.24055 -2.43723 5.95728 14.6387 10.1486 -1.72434 -6.64173 -0.0529995 -2.78593 -0.119431 73.7225 -8.39263 -4.57098 -4.28507 -7.20303 -7.88392 3.16588 13.7357 4.81868 -3.77344 7.38128 -3.10447 -7.36572 
834.197 39.312 -45.1466 0.857279 -23.4535 -11.779 -14.5666 1.03634 -7.74614 -10.2027 -17.2992 1.95593 -10.7772 8.81757 3.02089 5.82165 1.8342 2.84535 -0.336235 13.3582 8.53302 -3.91154 -8.16697 2.10373 -2.0207 6.66965 42.4768 -7.28619 8.92207 1.09886 -7.35951 -6.59534 7.74413 8.98605 -4.25315 -4.47908 2.30398 -6.94538 4.63996 
844.472 39.6825 -40.8834 -0.55566 -23.4101 -15.2813 -15.7823 3.6196 -6.78202 -9.07759 -15.7603 2.8261 -10.8789 12.0289 -2.00676 12.7887 -4.14169 -4.92228 -12.5526 -6.89457 -1.16257 -2.52881 2.16264 2.35697 -4.15945 4.75939 5.78052 7.01376 20.6563 1.99129 0.756002 -9.38832 10.9949 4.48962 -3.60448 -7.13409 9.42115 -4.88363 15.1267 
846.226 37.3052 -32.3579 -3.28441 -28.3758 -24.3316 -21.4611 -0.126231 -10.2749 -8.04004 -14.9422 -2.20352 -6.01784 -3.03705 3.99287 14.8346 0.157093 -2.08935 -9.05209 -2.36331 -4.04341 0.307056 1.03288 7.31741 -2.86294 8.45704 -6.60925 8.55369 25.3429 -6.63142 5.04831 -20.2536 -9.9642 -3.19218 -1.04485 3.7241 7.89424 -1.37637 7.43842 
841.435 43.6753 -26.0487 -0.398567 -25.4995 -24.3334 -18.1456 -0.423808 -6.47496 -8.04471 -8.44286 -0.0368306 -2.42187 -18.6381 10.5605 12.5542 -2.48973 9.97058 -7.70102 -3.06963 -2.0296 1.48396 1.56146 5.53726 2.78308 2.67903 -47.4539 16.2587 30.1107 -3.45967 9.08219 -14.0616 -8.60442 -12.1392 -2.18396 -0.218163 10.434 1.8133 11.5546 
827.588 47.8656 -19.8036 -5.77414 -18.4052 -32.0327 -24.5308 -2.15583 -8.79099 -6.47858 -9.40495 0.579561 -3.33882 -44.4169 12.2659 15.2761 -3.61676 11.1715 -5.00955 -6.24111 -8.09581 -2.49102 -1.25105 3.11659 4.67624 3.09759 -70.7193 21.3644 31.4074 -8.02074 7.50868 -3.63149 -2.05817 -9.43616 0.58038 -3.21834 8.06346 1.26767 7.18037 
797.018 55.9412 -10.7727 -4.01533 -14.3279 -29.343 -24.3867 -8.51962 -8.96598 -9.29576 -5.32627 4.63941 0.675728 -52.0812 10.804 18.8532 -5.53101 -2.46191 4.06953 1.01146 -7.40655 -0.903579 -4.7798 2.52619 -1.51541 4.50135 -87.8712 25.4954 25.6989 1.07775 7.48895 -4.20163 -3.23273 -10.1929 -3.84624 -0.303797 0.446427 -0.34369 7.29093 
775.506 58.6696 -0.950456 -11.3052 -20.8671 -27.9631 -23.5193 -9.56239 -9.69457 -11.2584 -6.87875 -0.935854 1.16253 -43.4543 13.2295 10.4228 4.69451 -3.68259 0.807922 3.00838 -2.09707 -1.35522 0.947248 -2.67017 -5.01993 4.19334 -86.1023 19.2139 16.7823 13.2996 0.718353 7.96347 4.67665 -5.21664 -4.20781 -4.30196 6.43273 0.587971 -0.0688977 
753.564 69.1707 -0.349897 0.67918 -18.0105 -28.5351 -21.3783 -10.6167 -10.3212 -8.34851 -7.99644 -0.38052 4.86906 -34.0211 8.40994 -2.07088 18.8306 3.18026 3.89394 3.66519 2.18991 -3.30423 0.477835 3.90653 2.10339 -4.57025 -40.9372 -18.9187 26.7996 5.34753 -0.82628 15.3351 6.58045 7.7713 -1.27172 -0.374377 -3.00484 -8.83812 -6.74299 
741.485 67.0796 -3.02134 7.52542 -17.6869 -24.0692 -19.8541 -7.37248 -12.9988 -10.7805 -2.97222 1.16753 -3.40771 2.51715 -32.1482 16.3768 0.65302 2.85631 14.5271 3.57207 9.86837 0.0835056 -1.32163 -0.334669 -3.81819 -10.9363 -14.5547 -33.0596 15.1628 1.98133 19.157 12.91 15.7658 9.80878 -0.618235 2.61546 -5.33825 -6.29971 -9.3382 
756.081 37.0225 16.0269 1.3322 -15.1542 -14.0079 -17.8063 -0.748327 -10.2377 -9.67013 -8.3311 -4.19872 -6.06726 19.4664 -41.4695 17.2336 -16.8492 15.9767 9.01607 12.1006 7.61887 2.686 2.13763 -9.24478 -8.40309 -4.76795 22.2782 -64.3939 17.8491 -10.6533 23.389 10.8814 14.8859 8.22659 2.50941 0.546167 -0.233 -10.0616 -10.6226 
760.952 25.6101 14.2123 -9.32382 -1.71018 -15.0531 -7.75351 0.246396 -10.3128 -8.64292 -12.217 -7.23556 -8.17566 19.761 -32.2457 1.47225 -11.3063 20.5327 -3.6457 11.3138 -1.64178 2.4259 1.86779 0.101668 -6.24337 0.313735 42.4688 -67.5544 16.7773 -21.6582 9.78368 4.99291 13.7585 5.77587 0.422642 3.84212 -2.71514 -3.84683 0.0151944 
775.842 4.77686 17.4992 -9.97409 5.37847 -17.6536 -6.49247 -2.39011 -7.8118 -7.80234 -8.22944 -10.4421 -5.75353 23.0024 -26.0849 -0.456383 -4.80898 -6.19303 -4.02315 1.65794 -1.843 -2.26336 1.70449 6.52965 4.55626 4.78314 36.9341 -40.3218 -14.3464 -17.7139 14.6377 2.27068 13.1684 -5.59121 0.046855 7.39042 1.5648 -9.29136 1.63947 
783.954 -0.474848 13.7559 -14.1328 -7.90321 -19.0763 -6.09558 -1.59661 -12.5762 -6.93843 -5.68735 -2.6793 -3.39252 17.1731 -8.07609 -15.8186 -6.40764 -5.89497 5.91638 1.85456 -3.94943 -2.37905 5.52263 1.46313 -3.04799 1.32574 18.9292 -33.2624 -17.071 -11.4377 6.91876 0.583843 -0.000813961 -4.97764 -2.14711 3.04069 3.85954 0.984844 6.4094 
793.015 -3.29923 1.68058 -16.3817 -0.516503 -11.7372 -4.6379 -6.33954 -10.1908 -2.27971 -6.76631 -13.4901 -4.42779 -4.07318 -7.17753 -16.6147 -6.62872 13.1118 4.607 -1.65875 -3.13463 0.116242 1.33619 -2.6701 -3.57141 1.62625 -4.57715 -10.7857 -5.59645 -3.81964 -3.5198 -1.83824 0.559179 -1.70804 -5.39733 -0.301524 -3.22343 7.95859 -1.9064 
779.881 -7.65237 -2.85875 -20.7615 5.20859 -14.4693 -7.75433 -4.73124 -12.4599 -5.60223 -8.35746 -6.25072 -1.76627 -21.7502 -2.70961 10.2222 2.58799 2.37517 -7.75462 -1.29538 2.24139 -3.01829 -5.82415 -4.68656 11.0066 -3.23214 -10.1503 -8.39236 -11.8436 -6.35548 3.79508 1.51001 2.10346 -6.46626 1.14293 6.71354 4.16374 0.2873 -0.56162 
771.265 -6.00883 11.9027 -13.7937 1.85867 -19.4919 -5.93329 -4.09815 -13.2091 -8.10386 -11.4529 -2.4835 -7.65993 -6.07715 -1.21484 4.77109 0.273239 -9.31672 -3.09699 3.76222 -3.33163 1.02669 5.37735 6.83384 3.85871 -2.18787 -25.7755 -10.2254 2.31171 -2.78135 -5.83031 -11.4782 0.647787 5.77432 0.636092 2.30728 8.48276 10.0334 1.29994 
773.804 -8.86721 1.91234 -20.4883 -4.10813 -17.5663 -3.99211 -8.06287 -11.4332 -0.224884 -1.52362 -2.392 -3.95414 -4.02527 -7.51583 -7.91044 -5.36934 -8.20548 -3.72362 1.94317 3.53293 3.65438 8.13143 13.1693 -0.973135 4.53208 -34.5624 16.7857 3.23391 11.876 -6.04321 -3.1004 4.55751 3.04623 -0.14921 0.370293 10.7519 4.14537 -6.37196 
767.24 -13.5247 3.9923 -19.1631 -6.34681 -23.2155 -3.99011 -0.565218 -9.55475 0.027568 1.71645 -3.45663 -3.12785 -28.4853 18.0005 -1.53718 11.6027 3.27351 -0.00341797 0.795298 6.37785 -1.1759 -5.00705 3.91809 0.286658 -4.18408 34.7239 48.6382 -24.5046 17.4351 -19.8897 -15.5443 -14.3562 -4.7352 -1.02114 9.0161 8.14134 2.10717 2.80091 
745.318 9.13332 0.375158 -8.88554 -0.83462 -17.5697 -3.19682 -1.68501 -12.6091 -5.23194 2.39447 -2.10534 -8.13822 38.7491 56.1541 -16.5941 22.8045 -11.6842 -11.8207 -16.2994 -8.26813 -4.67552 0.884667 -5.02798 3.0803 -1.73117 48.4025 42.3875 -25.9663 30.2018 -20.0201 -21.4497 -11.4809 0.958858 -0.236642 1.51205 -3.42035 0.391536 -10.1911 
805.989 42.6294 -12.6018 3.64138 -18.031 -35.0362 -20.2895 -8.83335 -14.2303 0.912235 -3.31152 -0.376328 -4.85902 76.8878 24.387 -24.4291 18.5991 -23.2936 -21.4462 -12.2762 -5.419 0.939259 6.51911 -7.33844 0.104878 -6.00702 68.3654 36.5328 -29.4794 30.8732 -26.9757 -12.828 -12.4868 -4.83664 0.721112 10.1834 -2.77203 3.12115 -8.6796 
822.206 33.5203 -24.054 9.71357 -24.1282 -39.0159 -15.4731 -7.10401 -11.6699 1.28717 -4.94397 -2.00047 -14.1452 29.6163 -19.6213 -12.8852 8.06877 -15.2915 -1.00726 3.81253 3.4315 5.39663 9.29871 2.25595 0.0408492 -6.94843 87.3787 13.4459 -27.3703 17.04 -31.7938 -21.2941 -9.97102 -7.31549 -1.06524 13.3331 -1.62227 -2.04987 -8.70919 
835.605 23.0081 -25.4871 11.7102 -33.3225 -36.0434 -16.4769 -5.40185 -8.83364 10.2109 -1.05558 -0.335479 -11.8074 10.491 -10.941 -2.94123 -1.55905 -8.50026 0.152103 2.30522 -1.8965 -2.0045 6.81401 5.71617 -2.15475 -2.70217 36.5045 -23.7049 -4.19499 14.2268 -12.9241 1.52965 5.86475 -4.05218 3.0224 6.53191 7.59754 -2.50218 -11.0587 
832.697 22.5793 -26.9952 8.15451 -32.6285 -38.8638 -13.1678 -9.00051 -13.6744 8.10118 0.772206 -4.15521 -16.8474 6.88818 -4.08362 8.69023 6.15801 2.36743 2.53691 2.05222 -7.48367 -2.37424 -2.7668 5.34159 -2.54303 -4.11028 21.5411 -19.2771 14.9512 8.36281 -15.5051 13.6015 3.66147 0.848031 -6.52431 6.46872 5.48959 -2.67752 5.94112 
842.493 18.9245 -16.7968 17.8682 -30.9551 -33.5065 -14.4247 -12.8855 -11.2079 7.44415 4.28601 -2.8785 -15.9177 11.0501 -8.33609 17.8925 9.92186 -7.00489 13.4494 1.35625 2.74453 -4.51981 -0.345286 -0.226578 -0.522772 8.64329 16.1871 -18.2677 23.4183 5.95308 -13.3839 1.45776 2.16995 -1.10182 -9.60954 0.612545 2.84188 1.52236 3.48676 
843.747 14.2432 -9.10272 18.0764 -39.6334 -25.4144 -11.8116 -6.25598 -18.1942 7.75589 0.545628 -4.67799 -8.20412 9.29889 -14.1841 14.7281 -0.204935 -15.7514 -1.07915 0.117735 6.38185 -7.2353 3.37934 -2.49971 4.06538 7.59705 13.2691 -11.0998 29.3867 18.9576 -8.28194 2.0471 -8.25719 -8.81246 -5.46994 12.8708 10.789 6.11999 8.76999 
851.792 4.74039 -2.06876 17.6632 -46.7065 -34.5857 -14.307 -6.50368 -18.4432 10.8235 1.78631 1.18688 -8.32068 2.21899 -2.76369 11.4942 9.03578 -1.27705 -11.4023 -9.61344 -11.557 -0.950134 13.2161 11.0155 6.64276 0.126698 -11.1899 -0.60729 23.3601 12.2115 -8.24655 -3.79607 -1.17212 -1.79734 -10.105 6.34059 1.74419 3.33185 13.5321 
845.966 11.4795 2.39149 27.1122 -40.9104 -36.8167 -21.425 -17.813 -19.1443 20.972 11.5612 1.96477 -8.07742 -20.4888 13.5768 8.63202 12.4164 7.5048 -2.71692 -1.28986 -8.17919 -2.86967 2.96125 4.2439 -0.733535 5.93508 -74.7813 11.5585 14.6853 12.75 6.17712 -5.89881 -2.20986 -6.24963 -7.29808 4.4104 4.10076 1.7367 10.4334 
831.304 18.3172 6.56326 30.0797 -39.2017 -37.3026 -15.5968 -14.6829 -21.3128 13.7847 6.03021 0.453344 -2.3856 -77.0002 14.3222 3.19111 3.71423 7.45417 5.50351 7.40358 5.30736 -6.34794 -8.80571 -6.91478 -4.90606 10.3067 -169.033 43.6487 13.0579 -0.736549 21.0975 1.00912 0.646358 -2.42909 12.8205 1.88938 3.77718 3.95171 6.42333 
768.966 25.8017 5.5826 30.8264 -33.4562 -31.3132 -14.0214 -12.5056 -25.4923 12.1663 4.64639 -2.94129 2.22931 -148.544 30.0719 4.42588 -13.153 13.5927 3.72604 1.93621 5.7501 15.6901 -1.07186 -0.466722 4.68525 0.488256 -186.332 35.0325 3.84111 -15.7879 13.4532 12.0714 13.5048 14.4167 11.2381 -12.3817 -8.40561 -1.77849 -3.58048 
682.76 48.3891 10.9891 16.9267 -25.6089 -33.5766 -13.6606 -8.93277 -5.62271 12.7129 5.56348 5.13859 -1.89735 -109.332 20.7103 0.65 -19.5022 5.99907 6.56785 6.10121 9.10938 17.586 -3.57603 -1.49084 3.12757 -13.8872 -193.823 25.3913 -3.7418 -18.418 15.0061 9.11415 -0.520023 7.04168 12.1421 1.64839 1.07533 -0.286343 -4.73349 
659.634 46.512 6.2326 11.3242 -27.4572 -24.7454 -7.92023 -3.39622 -7.90623 8.59026 3.15555 0.186286 -11.6579 -45.2794 -4.68061 -8.16768 -5.26506 1.41332 5.38811 -2.45624 1.29159 -3.54803 2.72025 1.54205 -4.97159 -5.22174 -138.702 27.6958 2.05277 -14.0263 6.59401 8.92705 9.69715 0.590363 11.3805 0.948078 2.21891 -0.774084 -5.75503 
637.48 43.7085 2.82146 11.6616 -24.1956 -28.1885 -16.1169 -7.64119 -9.17074 15.4331 7.10554 0.167002 -7.11909 -29.3708 6.98556 1.40277 5.47589 0.594938 2.3592 3.59594 -8.51902 -6.20555 4.52411 3.70975 -3.90166 8.13217 -18.7943 -1.47791 -6.60148 -17.2722 19.3871 -1.80608 7.02889 -3.86673 -7.56107 3.50424 1.25736 -7.32608 -1.51404 
630.264 53.4975 7.63537 16.8001 -26.8622 -22.3862 -4.3243 -11.9152 -14.1118 13.1144 6.8653 -3.71537 -3.52572 26.485 3.20269 1.56619 -12.0071 17.9738 -7.19418 9.48513 -5.15832 -4.01304 0.783988 -0.284688 -2.35449 3.7077 90.2473 -35.3324 -30.4106 -27.4799 26.2796 -14.8557 6.18327 -6.33935 -9.41235 15.1698 3.05356 -2.48278 16.9612 
663.965 46.9112 4.38765 -0.345467 -6.2218 -35.3826 -6.63174 -12.7995 -13.1838 16.2171 6.82085 -2.18749 -3.41139 119.618 -42.318 -31.8134 -32.9558 25.6847 -17.2149 2.58733 2.17967 -3.20681 10.6457 -0.656183 1.41888 8.82906 141.888 -30.5568 -15.2271 -31.8151 26.2287 -11.7316 11.7683 4.05436 -5.74995 2.80038 4.38772 1.43136 8.26257 
749.882 11.1795 -24.178 -16.1557 -1.17755 -39.601 -1.73696 -9.73558 -17.3186 23.7601 6.20912 -2.29649 5.30333 115.403 -33.7595 -16.7933 -19.8081 8.25491 -4.53741 2.28315 9.21268 -1.73691 2.01639 4.6724 3.78584 4.55487 132.912 -73.228 8.81753 -22.8249 27.5944 -15.2443 -11.2367 8.15939 6.20769 -8.79066 5.69046 14.5418 -1.79151 
779.368 13.1517 -12.4056 -20.1535 2.03311 -39.92 -4.3486 -3.58683 -14.9207 18.2335 11.4933 1.59836 1.14348 13.2939 -30.91 40.6309 10.131 1.90972 1.97061 -13.824 5.97972 9.4145 -19.4364 6.34664 13.1229 -10.6206 97.0649 -67.1886 24.4615 -4.77465 -1.85671 -0.174255 -6.8443 8.53132 9.15176 -10.1515 0.91166 10.2071 5.67395 
763.176 -19.7305 16.4529 -6.02474 0.732172 -37.6304 -15.561 -3.75585 -7.90409 4.3237 12.5558 10.8264 -5.31724 -18.3382 -33.4292 41.2548 15.0334 -10.1116 4.36315 -9.12745 -0.681354 10.8887 -12.1679 -3.76074 6.42127 1.11908 -15.9625 -45.1541 47.4399 8.61345 2.1421 4.69146 -10.1703 7.93286 8.97112 -15.9998 7.76499 6.9723 -12.0735 
761.03 -20.2774 28.8491 -5.12012 -8.07851 -35.5569 -13.476 -4.26818 -4.03202 6.06561 7.73251 8.01963 2.26256 -29.2563 -14.2441 6.80896 -1.51753 0.232382 2.72085 3.65371 1.95313 -0.443386 3.43651 1.41835 -6.15063 -1.45291 -41.0069 -44.2367 39.9044 9.44966 -10.9868 9.10229 -8.36369 -3.10909 5.04633 -10.6092 -0.588917 5.75447 -4.33021 
733.919 -33.9745 23.2619 -7.54228 0.964554 -34.9096 -11.9073 -1.80272 -8.34747 7.76021 13.9741 4.67581 -6.77015 -22.6687 -10.8075 -1.35032 -5.58375 -0.875134 4.73914 0.763758 -2.42774 -5.84233 1.55866 3.17183 -0.666798 -5.44929 -7.23132 -12.7698 -2.8808 -4.63681 -13.9018 7.49786 -3.45675 -6.84619 4.06798 5.34 -0.635597 -7.98347 3.98669 
738.361 -31.0849 27.4988 -10.7039 -8.95364 -30.8178 -12.7123 -6.69592 -9.87435 7.62427 10.9043 7.35283 -3.18673 22.025 1.47431 -9.68975 -3.11927 -14.1342 4.777 -7.11045 -8.79933 4.51137 1.90349 -2.05395 -1.83284 5.4396 -11.2802 -21.1348 -20.633 4.85873 4.80885 6.57949 2.78324 -9.53979 -2.97775 5.58663 -0.352147 -4.4247 -5.62887 
755.944 -32.5002 13.5721 -10.6616 -13.1696 -30.1326 -19.0177 -10.602 -3.8361 9.6637 11.9202 2.84297 -1.33055 11.3885 -10.3273 -19.2827 10.4425 5.68398 1.84035 2.01948 -7.11205 2.86458 4.02796 -3.52397 -3.7579 -0.17958 7.57855 -0.815853 -7.28118 8.35741 -3.10164 11.0891 1.90653 -11.1684 -3.56519 4.68269 -0.940229 1.49696 8.87388 
749.75 -41.4122 8.21615 -0.261381 -3.26966 -28.9774 -10.6928 -13.808 -7.00977 11.6522 7.38036 3.59493 -3.36631 -14.4465 -2.29016 2.40857 11.4767 11.0325 6.31207 9.01698 -2.36912 -8.07656 2.7792 1.11372 3.3298 3.43427 -16.7793 -1.75978 -7.58273 6.39925 8.40146 3.51382 1.36693 -0.326873 -4.82058 8.74077 4.79448 -0.615458 3.18384 
741.498 -34.7904 15.9807 0.81513 -2.13708 -23.8205 -10.0008 -12.9712 -11.9127 12.4429 13.0339 6.17277 2.10372 -28.1678 8.56753 11.6999 -4.04323 2.71747 1.67347 -0.652549 6.78518 -7.68516 4.71281 8.31845 3.14244 3.36342 -46.5928 -2.3376 14.1779 2.70489 12.3888 -3.25538 11.2917 9.02298 -2.71727 2.18293 3.34967 4.96533 7.66395 
721.582 -32.8447 19.9161 -4.30462 -0.552188 -27.3039 -11.3454 -7.0228 -14.6949 16.365 15.6988 6.73737 -0.00289617 -32.1463 -0.0474396 11.7694 -8.77179 1.35631 -9.56745 2.2747 11.3921 5.35929 -0.596268 2.23595 1.63553 4.22968 -62.1268 6.93189 26.191 -12.4967 -6.89771 -6.81795 0.031456 6.55102 -7.34709 -1.53945 -0.801909 -1.34265 -0.788586 
709.352 -34.8378 27.75 -7.95666 -0.780772 -33.388 -7.72605 -1.57907 -6.55338 11.8466 15.2698 7.8083 6.3334 -33.959 -1.63564 14.491 -8.45349 -9.61518 -8.49141 0.684005 -0.234159 0.338066 -6.25226 -9.12037 -4.48509 -4.152 -70.6392 -4.64788 15.2154 -16.063 -7.48982 -5.17821 -0.644611 8.51172 11.7438 5.71944 1.15027 1.97431 -3.10518 
687.623 -34.4803 34.4071 -12.7581 -10.1674 -35.7953 -10.6613 -7.25695 -14.3569 10.1128 6.57845 2.25228 -4.1549 -38.4929 -4.60044 3.44603 -7.29118 -8.84613 4.38923 -2.91931 -2.88037 6.38452 6.31571 -1.08567 0.338777 -7.33485 -63.5405 0.96755 18.7958 -11.5691 -2.12221 -3.67594 4.17611 2.63578 11.0807 -0.392769 -2.88162 -1.33575 4.356 
670.859 -39.4383 31.1961 -15.2478 -9.6269 -28.9987 -10.6454 -4.45944 -0.168852 18.1623 14.1842 8.14707 -1.00145 -29.5814 2.60319 4.30478 -3.11557 7.49297 4.81548 3.49211 2.86994 10.7426 5.8595 6.23875 3.14934 8.508 -71.7874 3.34227 14.9413 -6.61801 -3.46547 4.68223 0.83049 -0.585603 3.76639 -1.9268 -6.79126 -0.616828 -3.47822 
658.042 -31.8772 38.7119 -15.8737 -2.6744 -30.9799 -7.16924 -4.38702 -3.61422 15.9723 12.8172 5.40163 4.3531 -33.2945 7.9427 11.4952 0.673169 5.38066 0.292992 3.7498 2.29477 -2.61813 -8.24251 -5.70559 -0.955606 3.85663 -49.7552 6.86789 5.21069 -3.68934 3.99156 11.0759 -5.8329 -6.25835 7.02516 2.35625 -1.0799 2.71397 4.67561 
637.564 -31.4956 42.6913 -14.5747 -4.24624 -28.7057 -6.89556 -2.16467 -2.78698 9.91983 8.47856 7.19147 2.85518 -20.1738 4.26471 0.905903 -0.573776 -3.50141 6.26045 -9.32501 -9.12828 -3.71749 -3.50325 -7.31865 -0.435377 -3.83239 13.3286 32.2973 -1.51772 4.13637 15.532 13.2281 -2.30835 -6.61589 -5.49903 -12.5721 -11.5026 -15.4358 -2.5229 
637.868 -27.6124 39.6178 -16.4474 -6.17581 -24.7194 -16.4942 -13.5153 -7.33171 12.469 5.49855 4.96625 0.520714 46.6231 24.3546 -13.0129 3.4632 10.1513 12.9351 -6.05815 -8.91066 -2.8809 -4.32958 -5.79703 -14.4802 -6.37953 157.112 69.4951 -55.9623 1.16958 -7.16041 -6.44952 -14.356 -10.9958 -8.40621 -15.5924 -20.9221 -13.1413 1.89775 
684.187 -7.14101 29.6783 -11.1115 5.90506 -15.7706 -12.9537 -11.0753 -5.66789 5.59025 2.68154 -7.28875 -3.52435 177.286 65.2304 -56.8682 1.74336 -3.659 -12.71 -5.03103 -1.86753 -4.68872 -12.0891 -13.6034 -12.706 5.73013 225.151 60.1693 -84.2599 -4.65051 -9.96648 -2.18933 -12.2827 -2.66667 -5.29881 -16.6298 -21.2799 -20.9256 -1.13336 
815.154 37.618 -17.2504 -14.7041 -9.8348 -37.4294 -21.5253 -15.3828 -12.0204 0.3799 -8.10487 -7.73972 6.25085 178.528 35.8147 -71.2469 -8.11371 -20.1178 -15.1245 -6.22452 6.24399 -2.41791 -12.3002 -15.4828 -6.44536 5.24617 240.743 57.1335 -94.9282 4.76628 -7.0726 1.13363 4.23454 12.7505 -0.725893 -23.6661 -19.6171 -14.5634 4.9159 
862.715 28.6737 -41.5686 -19.2252 -14.2127 -30.8951 -19.1782 -4.83134 -8.0858 -6.70992 -12.8013 -13.7341 1.72181 63.457 -8.09692 -38.06 3.02292 -3.4136 13.8436 9.26557 14.6181 3.96282 -11.577 -6.01367 -1.85739 -0.814232 199.456 35.5289 -92.8172 -2.60641 -20.2981 -5.41169 3.39995 9.22914 -4.70304 -17.9979 -19.0263 -8.25114 7.76003 
878.611 29.5211 -55.3104 -11.6812 -13.2484 -23.5858 -12.2597 -0.76477 -8.0576 -11.1971 -14.1185 -9.59711 5.43662 20.929 -0.285851 -21.5703 5.50731 -0.180351 9.71278 9.62447 2.98515 -2.28513 -5.69773 -3.54349 -1.80578 2.51386 69.8607 -7.2384 -46.2876 7.04191 -3.20221 19.7512 13.4352 11.1137 2.64667 -12.1551 -5.11248 -1.9413 -3.23684 
883.644 28.3879 -63.1389 -13.7179 -14.3931 -21.1823 -9.55376 -1.84619 -10.3709 -12.4077 -16.3448 -15.5399 4.23568 6.40369 0.858521 -8.22759 4.01899 0.211396 5.90764 4.16959 -3.50441 -1.31615 -0.57809 0.901196 -0.0839052 -2.42261 19.5291 -1.68391 -25.7322 6.78812 -4.60385 9.79376 7.27798 -0.625653 -4.83588 -6.64204 -4.83896 2.76297 -2.79485 
885.015 30.3796 -63.538 -7.66217 -13.037 -17.6782 -8.09011 -4.26918 -9.37375 -11.7752 -13.2173 -9.68101 3.01401 -1.3999 -1.39806 -4.16186 1.28081 -4.4235 0.0809841 -2.34648 -3.6108 -2.55074 -0.944305 -1.29548 4.56875 -5.30871 -0.47168 -1.31936 -8.52079 0.00882912 -4.31682 4.97881 -0.387494 -0.628663 -3.36182 1.68089 -3.97778 1.92531 -9.43063 
882.244 26.9898 -67.3007 -12.4371 -18.8166 -21.1013 -11.9002 -5.457 -12.9217 -13.352 -17.6403 -10.9711 -1.07303 -6.87537 -2.17788 -0.293201 -4.01016 -4.52822 -0.928825 -4.55709 2.87574 -2.04566 2.25898 -4.87897 2.00921 -7.00802 -22.1855 -0.0668201 -2.86586 -0.980827 -6.81696 -2.99028 -7.09415 -3.58651 -0.42504 0.715536 -7.67661 8.11486 -11.337 
878.139 28.2017 -63.8312 -11.6723 -17.5652 -18.607 -12.6472 -1.39343 -11.4194 -9.51619 -18.0963 -7.6718 -3.99402 -20.7856 1.33124 1.296 -2.26164 -2.39346 -3.07127 -4.74766 0.0242887 2.1257 1.65984 -6.38113 3.5461 -6.02825 -40.5817 2.25131 4.45038 2.12281 -12.7137 -1.78497 -9.88553 0.585161 0.553793 2.4575 -8.75822 5.4411 -11.8902 
861.458 28.321 -66.0047 -14.6987 -21.21 -24.1726 -16.6479 -5.43271 -10.796 -11.6921 -24.0214 -7.42503 -7.10129 -33.7063 4.42919 4.74358 6.13297 -8.18547 -0.856148 -5.32844 -2.29058 2.59946 0.198514 -3.87924 3.43189 -4.88218 -79.9884 13.7856 12.6385 7.6564 -2.15447 6.69096 -9.19824 -11.8542 -1.40119 4.1762 -2.14281 8.65513 -3.9229 
844.433 32.6309 -59.0876 -5.53936 -25.7507 -19.4631 -17.9756 -3.68401 -8.81996 -9.31768 -21.9756 -4.23991 -8.8762 -59.2028 12.4544 11.3425 9.91804 0.238983 9.76223 -4.45057 -11.8785 -3.52689 2.51636 4.23833 5.10903 2.10535 -115.13 27.9405 17.3146 0.313709 0.0222034 5.14904 -8.787 -14.7846 3.30393 7.57465 -2.91451 5.19531 1.05519 
802.255 40.7754 -54.6623 -4.78066 -20.9711 -14.4103 -21.0985 -17.3112 -14.3229 -9.17576 -19.7831 -2.316 -4.99593 -81.4242 23.5113 12.5711 -5.81926 8.20767 6.00519 -3.45856 -12.494 0.704478 7.37613 0.964737 1.76342 5.93737 -130.634 36.1526 21.9404 1.61507 5.85789 7.74441 -5.08068 -9.36898 4.35124 9.19879 -1.12332 0.920819 4.14753 
763.009 56.1422 -46.5166 -11.3586 -17.543 -13.4579 -21.4342 -16.178 -8.11548 -1.94154 -21.0108 -2.47649 -2.93883 -71.4316 23.6983 10.598 -8.30297 5.61891 -2.01781 -0.63011 2.50949 7.87813 6.68243 -5.36164 -4.18821 2.04217 -126.235 33.2409 19.5913 -6.70371 13.3118 6.22221 3.82591 -6.72681 -0.80442 1.76483 -3.96092 -1.29141 8.07574 
730.824 64.4737 -44.0643 -13.0836 -15.3521 -16.4282 -21.7286 -14.8017 -6.44473 -2.49333 -25.1447 -6.50421 -2.95376 -44.811 9.72952 7.02019 -0.884451 5.10411 0.217014 7.28446 5.7672 -1.5089 -5.61131 -4.92565 -3.05483 2.13837 -85.9883 32.6091 7.39574 -2.62374 8.28309 1.04138 1.86419 4.13734 11.6583 6.65196 -10.4095 -5.41647 1.88193 
718.198 65.8717 -39.4964 -12.2431 -12.4389 -13.2409 -14.1497 -10.4108 -9.62438 -7.55285 -25.9365 -5.53132 -0.800457 -14.5568 8.91085 -3.20222 5.67923 2.66418 3.05919 2.4943 1.62785 3.78018 -0.030477 -5.04781 -1.22826 -0.160243 -19.0068 9.18172 1.66882 9.88482 2.68177 2.4997 5.8708 0.538705 5.95641 -4.64819 -0.740948 5.60826 1.92822 
716.267 73.3845 -47.2665 -7.40441 -12.688 -13.369 -19.2343 -13.1738 -2.66455 -2.5238 -30.1925 -7.73247 -3.114 25.8042 -0.547806 -5.35137 10.7693 -2.42235 2.28269 -1.41366 -5.2285 7.46531 0.963114 4.18471 8.66309 -0.210149 57.0622 -3.48758 -12.784 13.9907 -10.0292 4.7938 1.98235 7.20803 3.80761 -7.20479 2.30398 5.35655 -3.17035 
744.002 65.3239 -44.8478 -1.47381 -14.8613 -10.9582 -15.5634 -15.6393 -2.15907 -6.58974 -21.7518 3.13177 -1.01061 71.619 -12.3984 -9.58178 8.3115 -12.6933 1.73461 -0.511948 5.58018 0.027426 -7.17432 7.35179 6.58481 -3.0101 85.4759 -12.4347 -9.65911 16.9983 -15.1949 -4.40045 -7.30894 7.12987 8.98931 -0.608963 8.68872 0.570853 -3.76352 
787.886 60.9861 -56.8483 0.907096 -25.3813 -11.6344 -19.7462 -7.59366 -2.63712 -9.69812 -22.8407 -1.14766 -6.12411 59.6717 -11.8869 -4.30774 6.22902 -12.7725 -6.68314 -5.89528 12.3584 1.524 -1.57208 4.50402 -8.09224 -3.55337 79.6561 -19.4339 -3.25377 6.97573 -16.8237 -10.9037 -2.69908 7.52003 -1.20136 -9.15165 12.5139 0.661522 3.31583 
803.674 53.4371 -49.1555 4.75521 -27.6338 -17.6414 -21.4587 -3.28095 -0.63507 -8.16181 -17.2478 -4.96047 -4.56398 8.03711 -7.03545 6.32802 -1.33578 -4.13036 -12.6383 -2.18713 1.93985 -1.22879 -1.97733 5.16212 -5.92329 6.32594 40.9942 -10.3069 1.65045 -0.297578 -14.1707 -17.1032 -7.38341 5.77459 0.419703 -6.24394 3.86074 -12.6029 0.907805 
795.923 53.9506 -50.5203 -0.428679 -29.5117 -24.2727 -21.9334 -5.6538 -3.86591 -11.6754 -17.6786 -7.07095 0.201833 -18.6775 1.57996 5.95819 -6.5266 -1.39812 -10.42 -1.48813 -6.58378 -1.1043 -4.67186 -0.643276 -4.51062 4.46118 -14.0706 -2.76648 23.2298 -10.3646 -5.17399 -17.8761 -1.60018 -1.91775 0.640218 -4.90867 4.41164 -8.92827 3.65067 
784.996 55.017 -43.1973 -1.77139 -29.0319 -28.0614 -22.9468 -9.86473 -1.73937 -12.8337 -17.891 -9.47109 -0.102801 -22.1077 4.26897 16.9018 -9.02879 -1.04363 -5.23781 0.586948 -3.8576 1.86901 -2.93134 -0.750488 -3.00498 -2.67527 -71.6013 19.2756 27.589 -18.9438 6.74619 -11.5888 -4.34467 -2.59093 -0.803229 -8.30377 1.60253 -0.463217 3.31078 
773.815 58.2196 -33.6185 -9.45747 -30.5553 -29.5105 -21.3464 -9.5114 -1.9969 -14.6068 -18.4291 -10.0759 -2.47344 -52.9238 17.6956 21.6308 -12.4172 8.14432 -1.16876 -2.85654 3.99285 0.30107 -3.63191 2.24581 4.0474 -1.1504 -72.9851 18.5872 38.0075 -13.9588 13.6844 5.63964 -3.42801 -0.840199 2.24486 -3.31418 -1.06694 0.199423 -5.38509 
732.072 72.7126 -21.5665 -14.1886 -20.8876 -29.2302 -25.8034 -5.87188 -1.4383 -16.4656 -15.6452 -5.42369 -1.2532 -50.8774 14.3183 21.1056 -4.93003 14.728 10.8775 -4.01496 3.0174 0.375852 -0.382842 -0.316452 3.2044 -2.70982 -87.0084 33.637 33.5323 -10.1098 10.9248 9.55084 10.0268 6.09611 -6.90886 -8.52932 2.07526 4.6031 -0.154343 
722.938 72.5379 -12.5128 -14.3875 -15.8273 -18.633 -25.3614 -6.494 -1.62105 -14.9896 -18.7455 -6.87153 -5.18325 -34.0846 15.9414 11.9014 2.30742 2.78051 10.7196 12.8833 2.10326 -7.20993 -4.89741 -0.170544 0.555698 0.996057 -90.0269 20.1225 36.5142 -10.1891 18.5478 7.74432 11.5481 -1.40494 -5.70128 -6.61145 -2.20384 5.68418 1.12345 
697.988 88.654 -9.66505 -11.8812 -18.1071 -18.5106 -12.92 -3.76862 -8.64823 -21.363 -15.8158 -4.86799 -0.257144 -39.1495 5.80419 15.4085 -5.25904 3.81985 -3.13313 15.5631 -4.42234 -6.07713 -6.22861 -1.88739 2.47977 3.83327 -34.798 -25.5252 54.9615 -24.3193 16.7475 2.26504 23.6035 -0.17464 -7.79614 -0.176306 2.52963 5.96517 -4.93496 
683.789 78.3421 2.89572 -19.6465 -12.0074 -21.7662 -9.79831 -10.9163 -7.69818 -21.2182 -20.6329 -4.39176 -1.34999 -0.71344 -41.4666 43.0601 -26.6267 13.967 -8.45455 10.7202 -2.2779 -0.586208 4.72111 2.70017 5.40947 -5.93102 -25.5511 -59.2634 50.1564 -26.5894 19.1392 -6.29573 23.8166 7.5722 -4.28402 2.6149 7.46931 3.73468 -2.12288 
697.274 47.1875 33.3951 -38.5079 -4.14013 -26.9651 -2.19984 -6.04652 -9.23443 -16.6419 -13.1156 0.54148 -6.18816 13.5983 -65.0676 34.7479 -21.3303 15.3194 -3.16261 8.2535 11.9945 1.79311 8.84351 9.3567 1.25491 -5.95615 -2.32996 -89.5078 46.4172 -37.5251 18.6998 -2.42784 10.3949 11.1081 -1.27679 6.14655 -3.11229 -5.01194 -4.57364 
697.387 13.2745 37.6436 -40.9769 3.31193 -24.9288 -1.54482 1.0782 -5.90507 -12.3747 -11.2762 -3.13685 -7.30613 -1.61652 -48.0412 3.35715 -10.8985 4.73278 6.02671 -0.325239 13.386 -0.690584 1.42544 -5.81246 -10.4214 1.35738 12.3707 -83.6678 28.1268 -31.0127 8.68435 2.58444 9.03858 20.3658 -1.28956 15.2329 13.0482 -7.21227 1.60681 
695.658 -0.853782 36.7522 -49.4063 0.592645 -20.9384 -2.52508 7.33945 -9.92502 -15.2164 -18.9281 -9.87993 -4.83078 -1.22766 -18.6002 -6.62109 -9.68239 -6.63502 5.74705 0.785084 8.37127 -3.08267 6.38943 3.6915 -8.46718 7.56296 -14.8553 -65.3534 -1.20298 -7.50805 5.47501 10.9454 2.6627 15.3879 -2.74336 11.0704 -2.565 -13.886 6.32842 
696.159 -5.32575 31.0225 -50.6593 -3.32309 -19.1817 -0.759733 9.44947 -8.98774 -5.9853 -7.58472 -11.604 0.256828 -13.2388 -17.3121 -4.56012 3.39041 0.742235 4.91873 2.98794 2.0019 -2.05277 9.64499 3.24746 -3.46455 4.97104 -21.1014 -37.4053 1.58079 5.8335 3.11892 10.0242 -0.828816 3.2762 -3.19419 12.5389 6.93379 -5.87613 2.53149 
682.419 -18.1659 32.1921 -46.0159 1.33488 -16.0197 0.462863 9.34136 -11.9778 -5.57146 -15.6806 -13.3445 0.140261 -19.8737 -18.805 8.20188 15.5159 9.75394 4.27716 -1.6139 -5.09507 -0.111522 6.14949 3.24229 2.59105 -5.03147 -13.0554 -22.9702 -9.82665 14.628 5.42291 12.4611 -2.49392 -10.2475 -12.0548 9.18862 9.86883 -1.57254 -3.72183 
676.286 -24.1308 39.2244 -35.1434 6.43086 -14.9046 -2.37363 4.3544 -9.09926 0.164191 -4.34243 -9.01297 -4.77464 0.183472 -5.65804 -5.26653 11.2376 4.68068 7.5424 -5.48186 -12.2494 -10.002 -0.456368 6.62138 1.89201 -8.69287 -20.3765 1.36344 1.51932 25.0268 9.81919 1.79898 -7.50826 -12.8421 -10.4083 -5.60758 -2.72864 1.65719 -3.94055 
682.603 -23.824 26.9255 -34.7783 6.01556 -8.47729 -5.019 -2.90803 -21.9798 -6.02783 -9.05922 -11.4525 -8.55261 -0.502808 20.1685 -6.68256 9.51092 0.0652466 -2.47818 -5.89436 -7.74707 -10.2968 -11.7571 -5.97092 -0.933863 1.09092 10.0818 43.8686 -10.5539 22.8565 -11.9518 -23.7093 -21.9981 -21.9775 -5.86697 -5.20991 9.55866 11.5518 -2.57761 
675.783 -3.96231 32.5418 -25.6324 6.4961 -17.3827 -8.26799 -3.39267 -19.3961 -11.5929 -10.3134 -9.94683 -3.68372 9.89832 49.5267 -5.28737 11.6189 -16.6325 -31.2517 -16.5162 -9.72809 4.13502 -4.75354 2.93728 9.65976 6.11526 91.0433 72.4418 -40.4923 20.5207 -16.2994 -29.7485 -23.4366 -11.2071 -4.36518 0.499765 8.57685 12.4911 -2.40973 
692.501 25.7027 21.6382 -23.1594 -10.6169 -39.729 -21.5352 -12.6361 -17.8448 -10.7814 -6.12194 -1.79271 -2.43735 91.5461 52.2734 -33.8097 11.0098 -16.3646 -27.2703 -17.5422 -3.46003 5.93163 12.2568 14.5478 13.425 -3.50065 103.067 63.1501 -33.9685 23.0612 -13.0239 -41.4379 -20.027 -3.96702 5.80471 8.96555 7.07065 5.11241 -8.49588 
767.329 48.3111 -1.26786 -14.6227 -9.86852 -44.6531 -25.8102 -6.8527 -13.4644 0.663957 4.23441 3.47813 -7.18437 93.1686 13.6235 -28.6811 11.4422 3.60856 -10.1862 -3.51074 5.76107 1.66969 13.7191 4.13337 -4.54735 -14.6111 115.919 37.1722 -35.4446 22.4425 -21.6472 -27.8812 -7.51219 -7.7818 6.86633 24.6835 13.4921 4.59845 -11.9577 
785.669 39.3262 -7.04292 -11.7172 -7.00833 -49.9152 -25.046 -6.87506 -16.1751 2.93772 -1.98857 -6.34007 -17.0485 24.3732 -15.1012 -1.63493 11.4327 -5.28253 -0.610847 10.03 -4.32177 0.934696 12.4267 -1.05569 -8.82652 -8.45709 119.263 0.341946 -32.2651 28.0426 -12.8812 -0.474651 16.418 -1.00435 2.91698 15.5476 8.82839 -2.47845 -5.34672 
791.702 33.2099 -2.90279 -3.18995 -15.1511 -45.2639 -15.7802 -11.1745 -12.5297 13.0906 3.17872 -5.34839 -15.6415 26.0944 -13.2815 -3.58405 16.6004 -16.4897 9.71156 19.9288 -6.76541 1.24729 1.82856 4.69502 2.06891 9.26443 72.0842 -41.317 -13.0773 26.522 -27.582 3.5976 10.6891 -6.89134 -1.73917 10.9836 0.567944 -2.40813 1.99813 
811.764 26.0446 -10.627 4.88321 -23.4981 -40.2037 -5.11719 -13.6405 -14.9278 4.76628 2.70645 -4.27116 -7.78407 47.7111 -26.2157 -11.4424 15.0893 -22.2994 4.20844 0.659063 -2.56957 -2.67387 -1.44301 1.62363 6.41839 10.4552 56.1972 -24.3102 3.23062 33.0759 -25.7263 9.53434 9.05368 -8.92035 1.13185 11.4142 10.5725 6.57049 12.3268 
839.413 6.99412 -14.3451 11.8993 -37.4505 -41.0555 -15.1211 -13.744 -15.2036 11.6476 4.80235 1.07 -5.18624 30.1028 -11.0287 6.81467 16.4755 -9.23659 -0.177216 -10.8751 -2.15493 -0.115438 9.58561 5.87747 4.50159 3.06233 20.0038 -13.9701 6.67254 20.7004 -18.0217 5.77517 6.3337 -1.31308 -2.68671 1.48427 6.69686 8.68294 11.9289 
841.867 15.016 -3.8123 21.3587 -32.7347 -40.3809 -15.9923 -15.7954 -15.0432 14.3519 8.58392 0.230425 -4.72173 -27.7073 12.2456 18.1149 5.61108 4.27778 1.56673 5.67463 1.25649 -0.0128431 2.92728 5.07323 2.26455 1.47368 -38.5931 -6.82967 13.41 15.8361 -4.69883 0.834934 -1.7462 -4.06829 2.58702 13.9105 5.36161 8.59905 3.99097 
811.706 19.2397 3.76975 17.5104 -33.1727 -39.4887 -9.44648 -12.4876 -15.2165 14.5749 9.87558 3.33455 -3.71256 -68.696 4.19899 6.59533 -0.639427 4.53776 1.01215 9.12891 -1.91336 2.70246 4.32492 -0.515857 4.09747 0.928638 -128.487 15.1814 16.9781 8.74884 8.55629 -1.0989 9.53451 3.56629 -6.66597 3.16632 1.41574 -0.367235 10.391 
773.171 19.215 2.78303 20.7193 -28.1969 -39.3687 -6.86338 -17.7088 -12.3408 18.6768 8.06807 4.32789 -3.79309 -100.779 2.93574 -1.13682 3.13776 4.27851 -2.66563 3.85988 2.3098 -6.65312 0.239039 -3.65749 -2.63179 8.91733 -154.39 13.3187 10.3502 1.75474 0.931572 -2.77189 3.90505 2.99989 -7.35785 -2.75792 -0.837356 -4.6626 10.1413 
710.926 22.1755 2.63293 20.6482 -28.8942 -42.1544 -5.5866 -10.1778 -21.8696 14.8139 6.21809 0.702765 5.20477 -85.6938 9.11971 3.75483 2.39416 -3.60619 -3.78404 -5.22385 4.91325 -10.0603 -7.08285 -0.321499 -8.76007 9.21264 -178.694 9.63355 -5.68229 -1.2613 15.7429 6.59555 -3.82876 -0.925078 -0.388596 -4.19517 -3.48125 -3.43576 2.44041 
687.477 28.3347 6.53786 23.1134 -31.8031 -43.1528 -12.0872 -12.7955 -22.4011 11.594 7.74657 -4.43218 5.41955 -77.9145 6.69781 -4.54547 -4.39907 11.4643 9.26117 -7.68864 -3.23488 6.26453 -4.43421 0.176239 -0.803966 -6.47692 -154.312 15.416 -1.11482 -4.94953 9.95756 8.58525 -2.53682 10.3704 -1.30207 -7.4842 -4.61665 -7.85134 -1.34517 
633.012 28.8733 -1.91254 16.2491 -17.4299 -32.8932 -13.2752 -13.4126 -15.605 10.3797 6.39433 -0.101201 -1.27215 -68.618 6.29626 -4.86965 -7.34369 13.5638 12.3693 2.68704 5.45716 8.75824 -0.401353 -4.29515 0.908736 -10.5578 -120.912 13.8384 0.0204608 -11.564 5.00732 7.061 -7.40314 2.3565 12.5757 -8.83742 -1.26296 1.45717 -10.6733 
618.859 34.6309 1.66821 15.7697 -18.2393 -30.7835 -9.4002 -7.33835 -13.6428 11.1926 3.45141 -3.52344 -5.13826 -42.9976 7.14054 4.56593 -7.16493 -6.45701 -2.20017 0.2855 5.59138 6.31118 -4.40321 -1.4392 2.26114 -4.19639 -114.086 4.5469 -8.73344 -15.9495 10.7036 10.5942 -6.39443 0.571544 5.60234 -3.31846 -3.42962 5.15647 -3.91491 
590.014 36.0138 2.65339 9.08419 -23.8869 -35.0934 -12.9897 -7.82125 -9.29387 5.97651 4.95513 2.15994 -5.46854 -45.4675 -1.74936 -3.86379 -8.60578 -2.8602 -1.77509 -9.08146 -4.88562 -3.1559 -2.9171 0.865537 4.24773 6.6429 -46.1663 11.5768 1.35926 -6.57017 6.40629 0.569866 -3.14464 7.60445 4.29683 -2.90927 -2.14231 6.96372 -1.68757 
573.391 32.8816 -2.19558 7.16394 -21.0995 -32.5586 -18.4817 -12.224 -16.7987 8.27551 4.31695 0.724292 1.50463 -3.1687 4.4363 -3.20667 0.594755 12.8633 2.77003 -3.43014 2.01307 -2.01435 1.49394 -0.703113 4.70258 2.50882 47.4544 -16.7521 -30.8396 -17.0172 33.5193 -7.32605 -11.2621 0.806402 -3.0308 9.80133 -0.440316 15.4429 5.57764 
586.846 40.4501 -0.553278 9.67894 -11.0236 -32.3233 -16.4199 -5.80818 -11.3082 7.47045 4.25201 6.86252 -2.95972 92.9219 -15.0028 -26.9758 -8.41137 36.3795 -5.55096 -2.18065 5.69202 0.125095 12.7184 -1.30585 11.1951 -1.06526 216.818 -50.3391 -45.5753 -26.1922 44.813 -7.84296 -4.96663 2.86163 -6.28311 17.9377 5.13887 9.5742 5.3635 
666.313 17.8788 -29.1714 -1.24743 15.2799 -38.1095 -20.6623 -6.53195 -16.6736 20.9939 3.0111 11.9194 0.439376 219.987 -54.7754 -42.3686 -26.787 31.9497 -10.613 -1.53648 0.848555 -4.26875 16.4438 5.84198 4.87162 2.85468 189.99 -55.4646 -13.1383 -12.413 44.4327 -8.11826 3.71852 12.8682 6.43272 10.0076 10.9575 13.6702 5.75575 
806.833 -14.3252 -42.9219 -17.108 20.9261 -42.9363 -17.9564 -4.95962 -15.577 23.9142 10.094 11.7341 -0.105039 97.0684 -40.4618 13.8375 -4.00167 8.05323 -2.56729 5.89916 7.17616 6.30763 -2.71088 12.2634 2.47508 6.82101 159.234 -75.6112 -3.93897 -15.3748 29.2357 -8.41329 1.1607 13.0855 4.17861 2.35426 7.25751 6.42387 8.35968 
763.382 -22.583 -15.3339 -5.2491 23.3332 -40.6768 -14.7631 0.644207 -10.366 18.2831 15.2745 14.3945 7.26039 -60.7534 -20.8358 38.4296 11.4122 -2.71402 2.1997 2.69719 12.237 8.44737 -14.0895 1.41553 1.55225 5.505 60.8078 -69.2747 36.9945 -10.0496 -4.15538 0.384853 0.178102 11.0675 14.3853 -11.2542 5.74956 -4.62726 1.48306 
746.079 -35.161 -4.49225 -5.69585 18.2121 -40.7366 -15.2592 7.27734 -7.12961 9.82471 11.5095 13.2864 5.39996 -36.2606 -28.8128 23.1569 -6.0479 -12.2086 2.95214 -5.72106 3.89134 8.07772 -8.54334 -6.51382 -7.10234 -5.33795 -99.9783 -33.3547 64.1727 -3.2906 -8.24405 3.54706 -1.79981 5.73983 12.3249 -16.5497 -4.7946 -3.74044 6.01943 
727.121 -51.3958 7.82307 -11.297 11.1246 -37.7247 -20.4842 4.53555 -2.28829 9.73973 8.76066 7.29218 1.92244 -39.2249 -12.5189 25.7431 -14.7028 -5.53002 1.34736 -4.497 -6.49713 3.87757 -2.46015 -6.21012 -5.2927 0.514427 -79.2195 -30.2082 38.1958 -14.1292 -9.73718 9.61644 -6.36352 -2.06391 4.67174 -13.4644 -4.66986 -4.57121 -5.13578 
706.854 -47.6799 21.2508 -20.3986 12.6821 -39.3893 -19.7562 0.780203 -3.25204 7.36456 5.2994 7.99369 5.91439 -42.959 -1.39534 15.0389 -8.08127 2.47143 6.66429 -0.64246 -5.95525 -3.40598 -4.92103 1.84396 2.53113 0.202171 -67.6829 -13.7964 26.2086 -10.8309 -4.63841 9.20055 -7.02025 -10.6478 -2.76148 -6.26355 -2.47672 -6.38481 -7.19871 
684.162 -52.7912 22.862 -19.3783 13.596 -31.0604 -21.1267 -1.4197 -5.69427 4.8187 10.6046 9.8233 2.12461 -28.4581 -1.27752 0.465553 3.87185 0.891607 7.85318 -2.52325 -4.15064 -6.63904 -3.8034 3.7334 -1.09212 -7.71313 -79.7119 0.960175 26.5043 -7.66458 -1.93155 4.17669 0.754009 -8.89651 -5.72912 -4.01406 -1.65124 0.290923 -2.78781 
678.396 -48.9574 21.7164 -16.5268 13.5737 -31.5361 -22.2794 -3.37044 -9.89108 3.56117 9.0328 6.90158 -1.79874 -36.7529 2.35551 11.4654 0.416689 -4.40298 -2.4876 1.39647 -2.94126 -2.32313 0.906973 -3.4952 -2.2402 -2.98998 -66.3785 0.655792 18.2036 3.25397 6.12504 13.2793 8.42505 2.32424 1.35148 -3.49427 -4.30065 -5.28496 -12.1696 
647.409 -50.4357 34.3273 -18.9616 9.19301 -33.548 -19.7302 -4.36097 -8.01741 5.72568 7.10942 7.5831 -0.865373 -37.9204 1.93331 17.738 -0.617882 5.23343 5.42615 10.9483 6.47488 7.99052 0.309128 -8.03405 -4.19284 -4.4565 -47.4095 0.367603 17.4217 -2.28223 -3.71196 10.0653 2.58396 0.86557 -2.87388 1.53252 -5.58718 -11.1149 -2.07775 
640.476 -47.0241 39.4544 -17.1446 18.8071 -26.1099 -11.3311 3.10444 -1.90056 3.87029 0.998748 2.70874 -6.25525 -10.6566 -1.98791 5.95639 -2.69892 0.691026 12.5529 1.18749 3.80683 -0.550743 0.625544 -2.09198 -8.87468 0.912234 -59.53 -0.288807 18.8838 -8.4117 -0.883201 7.59616 2.33923 6.19516 5.2804 -1.77913 -5.06999 -0.779458 -4.70389 
636.753 -52.4236 40.2837 -21.6605 9.88403 -20.9951 -18.5427 -0.554133 -8.56815 6.35122 5.01744 -1.29158 0.0468605 -21.6096 -2.22212 1.14579 -7.79382 -6.11663 2.17 -8.60907 -0.279714 -2.71012 -2.08826 2.96407 3.41338 -0.247388 -36.9847 3.18031 4.34764 -3.25168 4.47673 8.60926 2.23112 5.44573 4.87995 -1.25278 -3.42192 -6.61902 -1.4514 
618.866 -49.2462 40.6002 -24.9385 12.6905 -23.9399 -19.9402 2.82473 -4.61068 1.78204 3.96281 6.12212 -6.50264 -26.3282 5.16822 -1.60874 -0.552753 3.7857 -3.94362 1.04363 1.63889 5.43069 -1.87832 -1.32994 2.25566 -2.36363 -46.7718 5.89064 1.83259 -7.52979 -2.12433 5.42335 -5.70777 0.408685 -4.01657 -1.91989 -4.38155 4.11715 5.19095 
610.424 -47.2554 38.675 -22.2133 13.6697 -24.9387 -17.4991 1.08476 -3.13746 4.4729 3.6875 0.964077 -2.31677 -25.1622 8.11275 0.686802 0.26403 3.9923 3.25334 2.9013 0.6884 -1.30645 0.168369 -7.34562 0.703764 5.43834 -58.9589 6.63432 -8.3276 -1.57894 -0.707035 -0.79199 2.5953 8.13796 7.29484 -1.58424 -1.5995 2.76004 -1.57361 
593.704 -41.1335 41.287 -24.6744 16.6828 -20.6866 -17.0389 3.51313 -5.91713 1.95041 -3.3828 6.82588 -1.0643 -32.6307 1.46611 -6.71886 -1.02618 -4.49274 3.15163 1.55167 6.49906 1.86415 0.294084 -0.269561 0.504376 0.79002 -32.6693 25.909 3.51308 9.69395 4.34483 4.78509 7.84484 2.13915 1.74498 1.78382 0.305583 -2.85677 3.58074 
577.794 -45.7893 31.9561 -23.2394 9.177 -21.7871 -15.9474 7.58382 -1.27331 4.76698 3.41794 1.46845 -1.52675 -7.50714 17.7963 2.82628 9.42992 0.352528 1.53175 4.94353 1.45075 3.05143 1.61546 7.6512 -3.56053 -1.85761 -49.6362 21.8929 -3.44127 6.67849 6.52305 8.35813 7.37276 -2.40429 -0.871876 -2.05037 -5.08292 0.275324 -0.861642 
586.197 -23.3372 44.1133 -15.2445 17.0353 -19.1548 -12.0954 4.96388 -2.8657 3.56586 4.2684 3.26535 -2.9219 -17.0056 20.4268 3.27759 7.70468 11.0158 5.2065 5.82108 -8.90335 -2.73602 -2.34445 -4.81336 -0.229053 -1.65166 -44.8123 25.301 -4.61464 11.0243 2.63062 2.49837 10.2369 -4.79311 7.70207 0.0680087 6.03947 -1.18154 -2.42401 
560.788 -25.3625 35.2337 -15.5348 20.1928 -16.5806 -10.1263 -1.31953 -4.00933 2.42253 -1.39542 1.2394 -3.17841 -37.3052 7.50469 -7.44092 1.59434 2.2781 0.966621 5.29337 -6.24386 4.65063 -1.54745 -1.61173 2.37899 -0.566405 -45.9611 37.2959 -11.7841 8.03656 5.51417 3.1348 12.4735 -4.0827 -2.22215 -0.846112 -0.915648 4.21746 -2.56109 
548.892 -15.8325 36.6724 -13.6502 19.3134 -18.1882 -6.80198 -1.27998 1.78493 2.01842 2.65667 5.64434 -3.48831 -28.9556 16.8692 -15.0617 0.331883 -5.50162 -2.0717 6.65239 4.82065 0.513876 1.49834 3.89771 4.44651 -0.909434 -70.9597 24.1748 -19.9853 9.46612 -7.17079 4.12523 1.45585 -5.49734 0.132021 -3.10242 -4.79106 1.22914 -3.12614 
