-0.44608 -1.488 1.64473 1.12809 1.64393 -0.731561 2.37506 1.67075 0.621914 1.10505 1.79168 0.216932 -0.632115 0.185416 0.190557 -0.450084 -1.21317 -2.25421 -0.537359 1.51394 1.24661 0.399729 0.570659 0.0878187 -0.846766 0.11624 0.42285 -1.55404 -0.979787 1.60551 -0.672114 -0.998236 -1.01229 -0.120929 0.346304 0.458023 0.461014 0.136352 0.134962 
-0.399512 -1.3398 1.28967 0.10011 -0.0139412 -1.2719 2.45205 1.8607 0.597233 1.15562 1.75587 0.322616 -0.173649 1.19927 -1.58363 -1.73969 0.752721 -1.19305 -0.635758 -1.6933 -0.0300143 -0.0487453 0.123135 -0.101149 -0.0708572 -0.330702 2.23401 -1.06579 -1.43831 -0.139222 -1.63705 0.0205075 -0.61998 -0.0503064 -0.221291 0.551768 0.330651 -2.48517 -2.49739 
-0.150996 -2.39672 0.678342 1.62776 0.429797 -1.27461 0.904615 1.65401 0.600701 1.24467 1.70562 0.135231 -0.953639 3.3517 -1.65461 -1.48335 1.0832 0.264149 0.567717 -2.30978 -1.35036 -0.68471 -0.0330374 0.286976 -1.9428 -3.15972 0.544715 0.873265 0.098584 -0.449362 -1.02474 0.295682 -1.20565 0.260995 0.317489 -0.126648 -0.778652 -0.684602 -0.86742 
0.499193 -2.29037 0.46383 0.826157 0.20625 -0.698311 0.457202 1.07447 -0.00550044 1.13507 1.96474 -1.72658 -3.44995 -0.342768 2.76815 1.88802 -1.27875 -0.0465274 1.04073 0.149494 0.300966 0.444924 -0.267454 -0.7716 -0.708897 -0.739213 0.127983 0.291585 0.745336 2.0511 1.26168 1.04887 -0.830894 -0.370108 0.518474 0.0150933 -0.038785 0.159997 -0.462051 
-0.288356 -0.73986 1.70088 0.735821 0.344188 -0.262137 1.00172 1.83017 1.0309 0.983699 1.11009 -0.617078 -1.70183 -3.15648 2.04461 2.50772 1.58394 1.29862 0.862628 1.24458 0.861685 1.33499 0.0311962 -0.327656 2.1058 2.58063 -0.584023 1.61448 1.051 -0.619914 0.580735 1.14917 0.80531 0.638004 0.404125 -1.16042 -0.0350574 1.21262 0.722026 
-0.427234 -1.06007 1.82612 1.89522 1.44468 0.148909 1.48584 1.57741 1.23856 1.1804 1.70655 0.479478 -0.730729 -0.591837 -0.571187 -0.449617 0.534921 0.774705 0.526162 0.874913 0.42377 0.0607851 -0.916011 0.735112 2.04684 1.5938 -2.07941 1.6673 1.10739 0.198866 0.307416 0.96406 0.8576 0.587874 0.671063 -1.03637 -1.99143 1.57786 2.35046 
-0.495563 -1.0517 1.44178 1.08629 1.06692 0.272896 1.71591 2.0779 1.10984 0.0575489 1.65948 1.52702 -0.0133046 -0.151047 0.224495 -0.992932 -1.28216 -0.905441 0.452257 -0.153396 -0.197289 -0.491797 -1.08996 -1.90901 -0.360165 0.24566 -0.610788 -0.632469 -0.340262 0.224709 0.410953 0.514151 0.126177 -1.35925 -0.296727 -0.0278196 -0.407322 1.38112 1.29276 
-0.510829 -0.902821 1.26915 1.00095 0.513638 0.615369 1.3253 1.46319 0.812222 0.0758448 0.246729 0.0937032 -0.450268 -0.385238 -0.300989 0.00352306 -0.200142 -0.254621 0.176229 -0.717833 -2.10301 -0.441136 0.871034 -1.19026 -0.520819 -0.0481658 -0.375259 0.0359778 -0.786159 -1.55315 -0.0271252 -0.329936 -0.885141 -1.00851 -0.202438 -0.187124 0.43585 1.19121 0.763685 
-0.644833 -1.20425 1.43113 0.933222 0.776485 0.483245 1.07523 0.853032 0.729823 0.964238 0.745822 0.972387 -0.0397322 -0.452286 -0.183633 -0.0571404 -0.653448 0.888594 -0.898984 -0.981085 -1.05979 0.230652 0.884853 2.40211 1.67421 0.659365 0.09811 0.755258 0.122984 0.265465 0.117328 -1.00841 -1.2959 -1.62813 -2.03556 -0.916849 -0.963676 -1.77799 -0.967864 
-0.678901 -0.986179 1.22523 0.537361 1.34847 -0.17191 0.46069 0.846308 1.04649 0.996707 2.06284 1.84615 0.262288 0.533059 1.32432 0.17786 0.586966 0.414823 -1.54661 -0.941227 0.100135 -2.13756 -1.80966 0.109425 -1.47939 -1.14337 0.649711 1.93145 0.737808 0.0394384 -1.25533 -2.17583 -2.52239 -2.30256 -2.15062 0.154256 0.0379947 -0.40217 0.960666 
-0.536579 -0.398591 1.51605 1.31934 1.14498 -0.904928 0.24453 0.912147 -1.20138 -0.87846 0.819767 -0.589745 -1.21005 1.4754 2.81354 1.07132 0.751629 -2.41079 -2.0607 -2.24434 -1.75486 -2.9548 -0.746809 -2.35645 -2.13871 0.484165 1.58642 2.22696 0.108673 0.397526 -2.01691 -2.61739 -2.45265 -1.98589 -1.44465 0.699922 -0.133884 -1.20101 1.57073 
-0.30638 0.69744 1.8 1.03628 -1.06429 -2.03708 -1.47849 -0.175661 -1.632 0.244095 0.26302 -0.408961 0.791856 1.97645 1.70923 -0.0158611 -0.0314954 -2.87045 -2.0142 -2.19513 -2.53363 0.305937 2.4962 -0.257055 0.123221 3.02556 1.83726 1.51112 0.0901003 0.919554 -3.33291 -2.47392 -2.544 -1.35438 -1.73815 -0.05565 -3.3164 -1.77604 0.520504 
-0.0235462 0.633984 1.49477 1.2818 -1.72023 -2.72695 -1.65279 -0.563685 -0.898277 1.69504 0.615231 -0.467462 1.9739 1.43215 -0.757759 -0.934476 0.470487 -1.6578 -1.30479 -1.00868 0.0814795 0.752111 0.673857 -1.37031 0.140682 0.126417 1.89436 -0.056388 -0.103627 0.0620432 -2.43334 -2.42999 -2.2291 -1.18561 0.17623 2.03441 -1.32043 0.42446 1.79775 
0.054011 0.275607 1.27508 1.34261 -2.73589 -3.20089 -2.36657 -0.127419 -0.920918 0.948554 -0.787453 -0.268324 0.947772 1.0217 -1.79453 -0.109705 0.158544 -0.0955683 -1.29149 -0.655736 1.06338 -0.0883474 -0.468237 -1.22499 0.334972 -0.868496 2.92479 -2.28321 -1.54442 -2.7715 -0.348416 -0.0804756 -0.467325 0.525621 0.925843 -0.628413 -1.63808 0.00232793 0.216228 
0.221741 -0.399076 1.42204 1.37444 -1.85411 -3.87842 -2.24064 0.056806 -0.955702 1.22814 -0.324817 -0.122617 1.09067 3.20112 -2.36919 -1.14268 -3.96196 1.24717 1.19768 0.407797 0.507987 0.413186 -1.32255 -0.468973 -0.153678 0.115748 2.84504 -2.48662 -3.55704 -1.86886 0.276069 2.1088 0.765129 1.74398 0.101169 -3.7039 -2.71865 0.330661 0.169136 
0.910486 -1.09624 0.636015 -1.38738 -1.54811 -2.04279 -2.04974 0.16939 -0.519745 -0.39455 -1.15302 -0.437073 1.09254 3.48501 -1.61025 -4.69359 -2.49732 0.450331 4.1648 1.62883 0.992553 0.21104 -3.27192 -1.82952 0.0185205 1.05364 3.16251 -2.54443 -3.45166 -1.94774 1.36742 2.77422 1.57154 0.225961 0.530219 -3.3765 -1.09105 0.33856 0.540243 
1.15783 -1.32349 -1.16384 -0.352232 -1.45066 0.0326981 -0.885152 0.636018 -0.73937 -2.11429 -1.72424 -0.110378 2.21503 1.80936 -1.11456 -3.51788 1.52245 0.445212 2.58151 1.59516 -0.279204 0.251938 -2.0885 -0.755106 0.515987 0.518734 2.97472 -1.54465 -3.64507 -1.71517 1.34134 3.66966 1.54838 -0.586152 1.64694 -2.01096 -1.02047 0.0147462 -0.141372 
1.37666 -1.72842 -1.30527 -0.360433 -1.1497 0.39928 -0.722885 0.00742786 -0.266016 -2.52324 -1.73602 0.0980257 1.65822 1.22748 -0.507895 -0.228944 0.354805 1.21009 0.833426 0.344559 -1.74126 1.86592 1.2335 0.684825 -0.017655 -1.24446 1.33848 -0.533441 -2.7743 0.330926 1.26185 1.46647 1.52222 -1.48168 1.27929 -0.332621 -0.168002 -0.37794 -0.603004 
1.46082 -1.59802 -1.30195 -0.125148 -0.299379 0.852823 -0.622112 -0.378026 0.990169 -0.835842 -1.21306 -0.136161 0.939129 0.306705 0.377649 -0.225171 -1.05203 1.11777 -0.582658 0.344819 -1.54741 1.36021 1.73714 0.569107 -0.953442 -1.26849 0.863121 -0.0748593 -0.0586053 -0.696811 1.92392 -0.0300319 1.02706 -2.19457 1.81968 1.40351 0.922592 -0.450642 -1.62938 
1.42144 -1.48088 -1.44131 -1.09706 -0.0892785 -0.0944983 -0.459624 -0.893636 1.0011 -0.728247 -1.31277 -0.91131 0.357213 0.134279 0.397363 0.164361 -1.19684 1.16437 -0.871871 0.963047 -0.943401 0.429422 0.160289 0.355679 -0.500951 -0.748034 0.218271 0.531815 0.0305177 -0.996535 2.08375 -0.363446 1.3638 -1.33803 1.28821 1.5354 0.171199 -0.788016 -1.10265 
1.45725 -1.33885 -1.22442 -0.96097 0.806901 0.0907002 0.16704 -0.927079 1.40619 -0.658112 -0.951993 -0.669909 0.18172 0.0317899 0.340484 0.281307 -0.172761 1.45258 0.090311 1.39284 -0.106291 0.263218 -0.210776 -0.373635 0.0582556 -0.0862326 0.102692 -0.0245236 -0.166282 -1.99655 0.872858 -0.542256 1.13793 -0.703881 0.0572056 0.0488558 -0.00824019 -1.23464 -1.33537 
1.38912 -1.25525 -1.29967 -1.23137 1.30069 0.0361329 0.695123 -0.954825 1.26515 -0.93109 -1.60589 -0.857308 0.291026 0.0208122 -0.43914 -0.374795 -1.305 -0.0781483 0.136097 0.486152 0.052987 -0.36231 -0.128192 -0.362008 -0.892765 -0.888471 0.129109 0.226629 0.19786 -1.05278 0.296122 -0.112541 0.50949 -1.24926 -0.84576 -0.568574 0.0460232 -1.03018 -1.56688 
1.42185 -1.57284 -1.44249 -1.87088 0.690166 0.263813 0.550525 -0.895441 1.09825 -0.776255 -1.23628 -1.61547 -0.722369 0.165221 -0.039209 0.00149838 -1.12385 -1.07324 -0.241083 -0.746222 -1.44056 -1.33769 -0.377764 0.428332 -1.22375 -1.83059 -0.25147 1.07354 -0.170219 0.0775978 -0.51935 0.0509833 -0.473577 -1.35647 -1.02144 0.196383 -0.0162058 -0.148521 -1.70493 
1.39422 -1.25346 -1.31143 -2.01719 0.204484 -0.140717 0.0302996 -1.79362 0.0653335 -1.3052 -1.28962 -2.15074 -1.59706 -0.427714 1.89722 0.159029 1.45191 -0.541995 -0.06425 -1.09502 -1.72889 -0.934264 0.308582 0.346721 0.71139 -1.1955 -0.045079 1.39091 0.299249 -0.0754079 -0.768459 0.00179043 -1.27273 -1.10012 -0.839357 0.156161 1.74485 0.104998 -1.81907 
1.26067 -0.429438 -1.36789 -0.892261 0.116866 0.251036 -0.411001 -1.90227 0.267329 -0.446431 -0.982021 -0.874996 -1.94714 -0.244616 1.93079 0.41864 1.07537 0.147775 0.245959 -0.88325 0.0732253 0.271313 0.517723 1.5369 1.32535 -0.391583 -0.242787 1.97191 0.543568 0.366125 -0.187352 -0.706804 0.153392 -0.927065 -0.640669 -0.678878 0.78924 0.871392 -0.436271 
1.28438 -0.0902631 -1.0945 -1.29651 0.310128 0.134331 -0.751085 -1.75019 0.336779 -0.760875 -0.130965 -0.764969 -1.98217 0.0345907 0.787957 0.592046 -0.93654 0.328766 -0.895535 1.28686 0.569838 0.119081 -1.008 0.543812 0.245674 0.64762 -0.405482 1.72492 0.480318 -0.0116374 0.574557 0.428357 -0.265732 0.723154 0.431489 0.164812 1.31378 2.38472 0.407005 
1.22913 0.0600024 -1.05589 -1.54977 0.400659 -0.533043 0.653598 -1.56942 0.399575 -1.46693 -0.577995 -0.624009 -1.24685 -0.406675 0.417015 0.24676 -1.04242 0.57283 0.339634 0.539821 0.754001 0.268991 -0.369068 -0.0564559 1.32091 0.86474 -0.0858698 0.386091 0.409792 -1.84349 0.00803223 -0.134286 0.891678 0.800101 0.798387 0.421948 1.23131 1.20785 1.36502 
1.1291 0.180489 -0.971799 -2.02655 0.834155 0.496294 -0.321947 -1.31001 0.606101 -1.12607 -0.18307 0.616138 -1.05511 -0.178713 -0.26887 -0.022174 -1.36984 -0.302522 0.71516 -0.152151 0.350004 0.885078 1.41513 0.843886 1.08695 0.985496 -0.215894 0.169237 -0.385403 -1.13108 -0.841 -0.42877 0.64519 0.520626 0.56877 -0.51824 -0.14567 1.10949 1.48875 
1.13778 -0.0736074 -1.08063 -2.5041 0.0630726 0.17735 0.494116 -1.36468 1.23224 -0.00220241 0.054051 0.511195 -0.19366 0.0562269 -0.194132 -0.753999 -0.354195 -1.5872 -0.920911 0.280096 -0.170546 0.444872 -0.168876 -0.104429 -0.098084 0.918195 -0.0641918 -0.121925 -0.147335 -0.430748 -0.596149 0.307464 -1.11301 0.828822 -0.369579 -0.515043 -0.862101 0.643277 1.46597 
1.10364 0.0909414 -1.39777 -2.28514 -0.767951 -0.31133 -0.113742 -1.40864 1.03625 -1.28594 -0.271629 0.505821 -0.0722202 0.0689899 0.0940508 -0.162596 0.867576 -0.411749 -0.294148 -1.27335 0.604408 -1.35753 -1.94986 -1.81048 -0.38451 0.769855 0.23444 0.152228 -0.0370282 0.852965 -1.57132 -0.182602 -0.38464 0.16703 -0.326652 0.397011 -1.07689 0.298302 1.06136 
1.11589 0.00674217 -1.18236 -1.92576 -0.382027 -0.0487365 -0.6191 -1.01168 0.0142831 -1.98869 -1.3309 0.099832 0.634298 0.307926 0.393782 0.718642 1.49128 -0.322285 0.67476 -0.775383 0.328397 -0.863056 0.550937 -1.10372 0.415458 0.347249 0.0530159 0.247966 0.388059 1.02079 -1.26296 -0.45347 -1.18679 0.0829923 -0.702071 -0.940441 -0.543029 0.545844 -0.218205 
1.14875 0.347997 -1.01636 -1.27955 -1.12499 0.361578 -0.80337 -1.2165 0.270435 -0.707547 -1.11953 0.935259 0.314345 0.00727439 0.236368 0.70303 0.483824 -1.1198 -0.320755 -0.246376 -0.547708 0.464722 0.987519 1.20272 0.978193 -1.0537 0.137309 -0.17707 0.965833 1.55215 -0.585636 0.0303639 -0.104246 0.318411 0.308578 -0.325975 -0.741894 1.05166 0.246055 
1.0767 0.170995 -0.809508 -1.6103 -1.52406 -0.29951 -0.858733 -1.33012 0.46258 -0.962533 -0.426186 1.12073 -0.442365 -0.097903 -0.643923 0.604402 0.538684 -0.379101 -0.630984 0.638189 0.0116634 1.24797 -0.895617 0.272312 0.742824 -0.0689701 0.0661862 -0.0374833 0.892143 1.49029 -0.472462 0.200218 -0.467492 -0.225014 0.37431 0.798523 0.0755978 1.09924 -0.936309 
1.08006 -0.00672475 -0.697577 -0.926508 -1.53795 -0.177039 -0.290556 -1.20894 1.43493 -1.61278 -0.921812 1.70877 0.266188 0.0898888 -0.295847 0.520198 1.46714 0.557126 0.595767 -0.354723 0.233678 0.00329366 -0.201861 -1.11476 0.233196 -0.0996252 -0.118074 -0.775335 0.517577 1.98716 -0.472623 -0.79868 -0.428127 0.691509 -0.696933 0.208966 -0.162299 1.14149 -0.511722 
1.06067 0.0214807 -0.536893 -0.62124 -1.0155 0.300104 -1.19053 -1.19318 0.48895 -1.15623 -1.28248 1.3586 -0.52254 -0.0973227 -0.423396 0.111467 2.0468 -0.183771 -0.453878 -1.18901 0.777473 -2.13429 1.08866 -0.451898 0.51573 -0.570266 -0.460163 -0.0894001 -0.0641744 2.43451 -0.754388 -0.735692 -0.0446456 0.975435 -1.86735 -0.094946 -0.0238409 0.0145597 -1.14636 
1.01154 -0.231434 -0.649052 0.459624 -1.75865 -0.55133 -1.33204 -0.755081 -0.493287 -0.482894 -1.27441 2.2436 -0.305549 -0.82795 0.165455 -0.592325 1.68963 -1.46534 -1.59488 0.293645 0.897203 -2.36932 0.0894089 1.09089 -0.232539 -1.30802 -0.542423 0.427438 0.121853 1.88494 -0.0408913 -0.660748 -0.541622 0.70975 -3.28676 -0.674932 0.597406 -0.604434 -1.61874 
0.787247 0.143926 -0.874226 0.520223 -2.49765 -1.13286 -0.970801 -0.669536 -1.65418 -1.0512 -0.462738 1.10697 -1.86483 -0.771269 0.998958 0.0683842 0.408151 0.150051 -0.443208 0.493244 0.0336183 -2.02625 -1.78411 1.12669 -1.206 -1.40935 -0.503935 -0.421781 0.872936 1.10725 0.562914 -0.477239 -0.32542 1.48665 -2.73746 0.15184 0.973592 -0.140162 0.00602672 
0.754008 0.382401 -0.624147 0.723251 -1.65077 -0.91572 -0.942518 -0.734731 -2.32271 -2.29938 -0.427462 0.968816 -1.75367 0.0204316 -0.74985 1.78954 -0.227814 2.17168 0.947619 -0.713302 0.848998 -1.09676 0.0462066 0.00696784 0.0604938 1.29568 -1.16453 1.02452 0.291751 0.221789 0.960783 -0.554475 0.998409 0.518046 -0.998265 0.061689 2.00449 -1.26796 -0.345068 
0.751742 -0.273244 0.0943113 0.348202 -0.399871 -0.206779 -1.60762 -0.173987 -2.63368 -0.990473 -0.466649 1.16332 -0.487677 -1.0845 0.392168 0.341599 -0.0771024 1.04393 -0.309201 0.777771 0.54673 0.758967 1.8291 1.13054 -0.224903 0.971894 -0.679569 0.864684 0.979074 -0.104366 2.0932 0.595271 0.134856 0.368108 0.819399 1.81201 -0.211559 -0.615582 1.89789 
0.408639 0.638504 -0.449451 0.65447 -0.663032 -1.15577 -0.31097 -0.415343 -1.60536 -0.410075 0.422405 0.725207 -0.714689 -1.10665 1.92265 -0.448559 0.142353 0.410248 -0.134793 0.881467 -0.44912 2.12748 1.7582 -0.241953 -0.763207 0.982641 -0.487982 -0.173609 1.19999 -0.556791 0.650869 1.6431 -0.0454591 0.986086 0.672107 2.92977 -0.399423 1.20148 1.0931 
0.400162 0.885153 -0.164201 0.429752 -0.035874 -0.285009 -0.887865 -0.434976 -0.664972 0.82612 -0.659709 0.353931 0.562526 0.302299 -0.637582 1.29861 -0.586119 -0.229795 2.54851 -0.839888 0.596971 0.0855417 1.09887 -1.5768 1.55041 0.331983 -0.867268 1.69174 -0.474526 0.456543 0.550447 0.907968 1.82937 -1.10274 1.24923 0.556631 0.544968 0.711268 0.70933 
0.45218 0.287521 0.249934 0.237003 -0.929033 1.25568 -1.05547 -0.0666748 -1.50378 0.73029 -0.784978 2.34753 -0.344069 -0.277414 0.379835 -0.179398 0.488485 0.280807 1.37332 1.45078 -0.921375 -0.553341 -1.21569 0.857774 1.54154 -0.143428 -0.19189 0.687212 0.0710333 -0.30214 0.807839 1.10979 0.710055 -0.644113 0.783156 -0.142454 -1.15559 0.0869107 0.723888 
0.28113 1.13399 -0.275144 0.748409 0.200713 1.03605 0.31617 -0.971192 -1.14758 -0.407394 -0.017111 1.96693 0.436601 -0.614657 1.56797 -1.1876 0.248094 1.23632 -1.03523 1.74264 -1.41544 0.899361 -1.25908 0.280138 -1.469 0.524856 -0.639251 0.0318541 -0.609788 -0.689524 0.0963824 0.270694 1.14268 -0.950636 -1.16817 -0.622481 0.044904 -0.194656 0.275156 
0.238572 1.23682 -0.41376 0.390987 0.248073 0.341985 0.396839 -0.890832 -0.658053 -0.547719 -0.581313 0.796326 0.227999 -0.744827 -0.344605 -0.631776 -1.32121 -0.146277 -1.00236 0.004492 -0.266044 -0.928738 0.572967 -0.804335 -1.77441 0.456943 -0.9113 1.24497 -1.06353 -0.209326 0.76227 -0.701169 1.57411 -0.609321 0.75443 0.0660653 1.4349 -1.47193 0.199269 
0.0310181 0.955727 -0.634106 -0.172611 0.01692 0.152852 0.289935 -1.12548 -1.97345 0.19359 -0.637514 0.0947192 0.937736 -0.839277 0.124271 -0.23818 -0.467593 -0.285647 0.0831193 0.263608 0.638847 0.049224 1.30847 1.33652 -0.189577 -0.303224 -0.583696 0.170859 -0.291399 -1.42752 0.120012 -0.372029 -0.0955743 1.71954 1.04528 0.58297 -0.563404 -1.60348 -0.910456 
-0.0380267 1.33498 -0.556931 0.0547129 -0.0729026 0.465943 0.591018 -0.517759 -0.589684 0.80762 0.425076 0.589845 -0.0648259 -0.189259 0.569703 0.251868 -0.453956 0.309769 0.49833 -0.130611 2.29256 2.24503 -0.00398202 0.173659 -0.0310115 -1.57897 -0.673361 0.110217 -0.217483 -0.87449 0.7079 0.194969 0.693031 2.19383 0.0363223 0.843067 -0.458834 -1.25892 -0.222897 
-0.0632921 1.3165 -0.508605 -0.499544 0.282014 0.662061 0.148776 0.211364 0.10274 0.202841 -0.51476 0.0548982 -0.687542 -0.237091 0.0179955 -0.0416078 -0.601342 1.16968 0.184746 0.617407 1.95855 -0.00851381 -0.478041 -1.8496 -1.23124 0.0136969 -0.429716 0.167928 -0.0926403 -0.151976 -0.391491 0.0246149 -0.179519 1.293 1.07165 0.241323 -0.0146757 0.334313 -0.058746 
-0.145751 1.3705 -0.59233 -0.373182 1.03861 0.684195 1.08615 0.624431 -0.57411 0.330663 -0.989598 -0.711468 -0.0266407 -0.500487 -0.348608 -0.362553 0.307695 -0.773201 -0.462381 -0.102714 -0.779447 -0.895389 0.229545 -0.187225 0.388581 1.48819 -0.424768 0.021773 0.0505115 -0.415415 -0.744113 -0.393184 -0.32497 0.55297 -0.0718492 -0.487055 0.195773 -0.397304 -0.65722 
-0.244882 1.13588 -0.719964 -0.304731 -0.518863 0.279881 0.0313467 -0.242137 -0.692637 0.451603 -0.666234 0.456087 0.890686 -0.444803 0.0034643 0.124826 0.118661 -2.06531 -0.717577 -1.03649 -1.33616 -0.087533 -0.0285572 2.0727 0.77217 -0.829102 -0.554943 0.0505858 -0.169428 0.796049 -0.00474154 -0.220179 -0.279722 -0.777119 -1.07347 -0.742575 0.255946 -1.41765 0.930318 
-0.311725 1.39744 -0.53648 -0.307861 -1.03409 0.0652331 0.174419 -0.153523 -0.63079 0.314708 0.5762 0.0928905 -0.868721 -0.387973 0.409424 0.147857 0.756702 0.783788 0.165073 -0.258582 -0.199118 -0.466967 -0.99299 0.478005 -1.98657 -0.381408 -0.527225 -0.52098 0.258204 0.338174 -0.337617 -0.0123032 -1.69143 -0.701747 -1.04425 -0.449683 0.941124 0.409694 0.415901 
-0.394919 1.40215 -0.651488 0.19766 0.212811 0.47988 -0.218669 -0.357426 -1.09627 -0.5535 -0.312214 -1.63911 0.516203 -0.399672 -0.723358 0.239716 0.361015 1.66791 0.703267 -1.12771 0.448319 -1.23789 -0.440474 -1.01136 -0.33046 1.31303 -0.483469 -0.173262 0.423868 0.652477 0.585281 0.466428 -0.179674 0.778848 0.40747 -0.33088 1.1258 -0.283625 -0.810057 
-0.465042 0.995888 -0.417642 -0.0765233 0.567821 0.764591 -0.814917 0.108512 -1.73934 -0.123719 -0.201516 -0.261664 0.526559 -0.38707 -0.654364 0.441081 0.12435 -0.050038 0.472349 0.0250574 1.09338 0.976904 0.643379 0.791032 1.65439 -0.619052 -0.546741 -0.577501 0.0651831 0.470202 1.07468 0.519024 0.0102349 1.0296 -0.107707 -0.0632667 -0.401748 0.345292 0.925224 
-0.544702 1.04128 -0.422249 0.266877 0.123746 0.964983 -0.22741 0.280547 -0.179636 0.1197 0.27967 0.0924984 -0.10649 -0.475772 -0.073738 -0.136625 0.287266 -0.334321 0.00575783 1.13672 0.747761 1.09651 0.359866 0.562484 0.700284 -0.212414 -0.653262 -0.50404 0.407941 0.875136 0.403465 -0.183366 0.574865 0.302135 -0.360788 0.791501 1.08985 1.46868 -0.90062 
-0.639701 0.977318 -0.505134 0.104295 0.198935 0.81677 0.121972 0.54506 -0.713349 0.258703 0.216698 0.467139 0.328582 -0.657404 -0.0423907 0.126283 1.04104 0.560944 -0.71954 0.705047 -0.772909 -1.43824 0.135221 0.437575 -0.0306281 -0.491061 -0.636169 -0.317721 -0.0632367 -0.21874 -0.258946 -0.0921853 0.0897584 1.39236 1.42402 1.70292 1.76277 1.36914 -0.0608754 
-0.770297 1.04119 -0.365601 0.964048 0.636073 0.344199 0.342276 -0.169144 -1.4714 0.27172 0.602968 0.0530804 -0.595502 -0.541579 -0.368521 0.0657683 -0.518786 0.0333429 -0.128817 -1.02615 0.88495 0.698612 1.33488 1.4229 0.812375 0.119063 -0.636785 -0.360773 0.361577 -0.0777478 0.405397 -0.266934 0.217113 0.639324 0.00963256 0.0926605 -0.235591 -0.914283 -0.130978 
-0.832815 0.78496 -0.481663 -0.267048 0.191942 0.744084 -0.780973 1.06156 -0.0511844 1.64113 1.28872 1.31375 0.476816 -0.360924 -0.458674 0.378281 -1.09251 -0.0476692 0.358583 -0.431831 1.49923 1.44521 -0.0590917 -0.699587 -1.0055 0.312829 -0.348038 0.216823 1.00413 0.0672401 0.349778 -0.373405 -0.819547 -0.912525 0.350924 0.733324 -0.495428 -0.558078 0.0300546 
-0.912749 0.79568 -0.170793 0.199691 0.54934 0.723744 -0.0551131 0.705358 -0.126547 0.224449 0.0621607 -1.01097 -0.244887 -0.0185587 0.656402 1.30915 0.652471 0.411762 -0.377087 -0.0245563 -2.0265 -0.260164 -0.614764 -1.97713 -1.4509 -0.102316 -0.236412 0.444354 0.999508 -0.855916 -0.566871 0.195616 -0.49839 0.988012 1.64751 0.283645 -0.318579 -0.633103 1.29354 
-0.879254 1.19684 0.223499 0.163943 0.557429 0.441043 -0.831917 -0.118715 -0.265717 1.02395 -0.22286 -0.218434 0.393831 -0.0220831 1.05734 0.990377 0.0472983 -0.630718 -0.0898371 -0.208727 -0.353213 0.632454 0.327197 0.344246 0.283228 1.23374 -0.322858 0.561558 1.09948 0.476665 0.275072 -0.467574 1.10104 -0.552183 0.130121 -0.72068 -1.25284 -2.11261 0.2788 
-0.960177 1.44393 0.359599 0.216127 -0.111291 0.687226 -0.262721 0.500264 0.475123 0.573365 0.31454 -0.720511 1.06758 -0.501622 0.102356 0.194925 0.00406196 -0.0582207 -0.257016 1.42665 1.31867 0.419461 -0.126673 0.571104 -0.922812 0.420244 -0.488308 0.268487 0.876268 -0.0159936 0.845087 0.125695 0.75985 -0.933446 0.281173 -0.538635 -0.216891 0.0422912 1.25205 
-1.06116 1.28209 0.31778 0.150761 0.46031 0.249409 0.35159 0.650557 0.141193 0.907361 0.201904 -1.19558 0.856636 -0.760638 -0.698892 0.211348 -0.0199051 1.6829 0.263395 1.17508 -0.813515 -0.282188 -0.885643 -0.585228 -0.251616 0.262593 -0.713958 -0.327421 0.629194 0.443354 0.177165 -0.0249528 1.07315 0.674564 0.635253 -0.505751 0.729294 -0.693646 0.114862 
-1.21472 1.05681 0.462885 0.186527 1.50538 0.978452 0.706791 0.0269078 0.240451 -0.321639 -0.139367 -0.992198 1.36572 -0.639166 -0.557865 0.672133 0.609932 0.291763 0.225485 -0.0601822 -0.549931 0.378454 -0.398718 0.252013 0.132962 -0.300813 -0.777647 -0.932207 0.228697 0.231945 1.03001 -0.369533 0.404999 0.130116 0.240496 -0.342973 -0.387313 -1.04846 -0.971331 
-1.28164 0.978103 0.673694 0.552612 0.707681 0.505461 0.270341 0.330817 0.510608 0.51176 0.384198 -1.06305 0.566329 -0.481213 -0.582701 0.113226 0.363924 -0.404068 -0.764028 -0.66191 0.926935 0.581028 0.523875 0.152587 -0.934285 -1.45832 -0.680221 -0.908014 0.580246 0.187105 0.372884 -0.324983 0.0805495 0.419737 0.397281 -0.179007 -0.653969 -0.52469 0.0713973 
-1.39091 0.738179 0.512375 0.419858 1.06784 0.31639 0.113688 0.567878 0.795097 0.228995 -0.0326257 -1.9814 -0.13355 -0.448088 -0.690683 0.128623 -0.323176 0.181662 -0.665469 0.158992 1.01195 0.118602 0.201768 -0.984541 -0.734221 0.367617 -0.487335 -1.26346 0.191203 -0.0806675 -0.512339 -0.368479 0.067786 1.32021 0.642859 1.20994 0.771873 0.0637378 -0.497234 
-1.44854 0.595814 0.731625 0.315266 0.846679 -0.0651534 0.37553 0.921334 0.642416 0.732033 -0.37314 -1.84198 0.974168 -0.299965 -1.15135 0.160562 -0.419121 -0.207481 0.26483 0.74442 0.618927 0.226503 0.675337 0.718415 0.989835 0.836628 -0.482095 -1.02203 0.23142 -0.0318629 0.54998 0.31512 0.546887 -0.00700855 0.620377 0.278785 0.392195 0.907946 0.011893 
-1.51626 0.0843051 0.587817 0.116787 0.823807 0.608948 0.716865 0.929342 1.02557 0.934973 0.504077 -0.948265 0.764149 -0.324775 -0.713604 0.19964 0.330303 0.508822 1.0969 0.535381 -1.06358 0.660506 0.061452 1.42855 1.73209 -0.372861 -0.331085 -0.748195 0.894249 0.278106 0.0689118 0.585598 0.54377 0.55123 -0.174043 -0.158808 1.34009 1.63155 0.891732 
-1.58085 0.200013 0.828492 0.525565 1.3077 0.999438 0.800891 0.302241 1.26974 0.808394 0.70318 -0.028707 0.608611 -0.233272 0.121102 1.06552 0.822089 0.308342 0.534827 -0.054027 0.00136318 -0.451749 -0.851983 0.791613 0.815729 0.223436 -0.382483 -0.865253 0.731362 0.897144 -0.221627 0.684831 -0.170465 -0.115551 0.186647 0.226657 1.41111 1.02019 -0.298317 
-1.62292 0.180603 1.15941 0.663969 1.0875 1.15202 0.640852 0.930893 0.635852 0.0744918 1.0964 -0.0981243 1.0214 -0.290021 -0.476535 0.805807 0.863195 -0.764061 -0.162154 -0.757144 0.881305 -0.429745 0.149369 0.161348 -0.608932 -0.00798462 -0.572877 -0.699804 0.427045 0.461721 0.311402 0.65858 1.09973 0.363284 -0.0534176 0.146345 1.63074 0.320742 0.315505 
-1.70342 -0.0560248 1.25769 1.10091 0.515822 0.895821 0.126778 0.816618 0.900139 0.974926 0.816579 -0.675948 0.624151 -0.683646 -1.08525 -0.472278 -0.184639 0.0897266 0.364186 1.45444 0.392708 0.379005 0.982075 1.04529 -0.473308 0.138933 -0.365823 -0.754709 0.579427 0.157397 -0.544648 0.333402 0.748016 0.793781 0.00899426 0.751444 0.947311 -0.727662 -0.753865 
-1.85587 -0.434303 0.887891 0.521524 1.136 1.53676 1.84801 1.16052 1.00577 1.09507 1.88149 -0.602818 1.19039 -0.298338 -0.562611 -0.00615996 -0.614376 0.112911 0.618478 1.70838 0.0309309 0.435906 0.588964 0.906955 -0.218886 -0.924438 -0.411857 -1.07161 -0.176898 -0.532153 -1.31853 -0.566168 0.433359 0.948011 0.0161887 0.892694 0.551626 0.809841 -0.59195 
-1.82832 -0.362809 1.24173 0.664082 0.587148 1.51651 1.54994 0.835401 1.32209 1.59232 1.49655 -0.913233 -0.317503 0.022239 -0.386754 0.247464 -0.44712 -1.68938 -1.13251 -0.905058 0.705165 -0.363748 -0.101757 -0.421982 1.36167 -0.875308 -0.236131 -0.681111 0.0652391 -0.410692 0.975025 0.197229 0.298334 0.702353 0.735414 0.601973 0.566842 0.689867 -0.163725 
-1.89087 -0.63741 1.01098 0.199274 -0.566675 0.532807 1.04807 1.57224 0.69652 1.00404 1.55163 0.821127 0.300045 -0.0842219 -0.376006 0.109327 0.137728 1.09853 -0.347536 -1.33144 0.771257 0.488639 -0.000877174 -0.266535 0.973329 0.706555 0.068817 -0.442548 0.380425 0.37531 -1.69934 -0.827026 -1.09875 -0.117751 -0.254284 -1.03774 -0.904818 0.169468 -1.57092 