-1.02253 -0.999164 1.67013 1.27816 0.763849 -0.88611 2.06439 2.10396 1.80512 1.40692 2.17848 -0.224592 0.1377 0.534009 -0.859623 -0.250258 0.51004 -0.645416 0.514762 -1.07781 -0.663221 -1.51191 -0.751409 -0.46184 -2.04508 -1.06823 1.86226 -2.23359 -0.777564 0.646958 1.37242 0.375141 -1.81153 -1.0355 -0.403625 -0.101714 -0.0509746 -0.788147 -1.38878 
-0.803041 -1.51955 1.1961 0.710002 -0.127957 -0.779986 1.00889 2.19161 1.14976 0.910823 1.00953 -2.61127 -0.246788 3.23097 -2.70131 -2.13335 -0.873451 0.243674 0.787074 -2.3879 -0.736661 -0.760298 0.0138425 -0.289243 -2.07348 -1.29317 0.54103 0.262239 0.267512 0.288781 0.289631 0.119065 -1.22255 -2.06796 -2.32144 -1.51257 -0.549083 0.278374 -0.606618 
0.208885 -2.96939 0.603811 0.560334 0.970753 -0.0958836 -0.188752 1.62041 1.03692 1.37159 1.87452 -2.44386 -1.26236 0.313307 1.21045 0.677361 -0.108815 1.01928 -0.34443 -0.3378 -2.11955 -1.07713 -0.983692 -0.327718 2.41755 0.376343 0.0969191 0.228599 0.745721 0.790852 1.02707 0.139359 -0.705701 -0.171828 -0.162896 -0.664854 -1.76195 -1.05968 0.772784 
-0.705701 -0.568789 1.48335 0.60211 0.75499 -1.10205 0.639368 0.88868 0.0846436 -0.295697 0.669959 -0.0288211 0.125644 -3.09221 3.00986 3.27244 1.93174 1.00475 -0.58947 1.59098 0.525027 0.616543 -0.770472 -2.25331 0.846509 2.28318 -0.527166 0.469289 0.758757 0.826865 0.286133 -0.124202 0.683246 -0.328653 1.42474 1.16139 0.339535 1.88081 0.788822 
-1.01748 -0.674984 2.14078 2.08014 1.84104 -0.658826 1.21388 1.88442 1.55902 0.415413 -0.247646 -1.54114 1.13452 -1.17023 -0.599384 0.481141 1.21424 -0.649564 0.187838 1.2035 1.69526 2.73192 2.33499 0.822508 -0.129602 0.633219 -2.18762 2.46094 1.88457 0.632955 -0.877643 -0.921122 1.11352 0.261352 1.25649 0.107527 -0.488047 1.46864 1.84944 
-1.185 -0.969467 1.6761 1.54958 0.183315 -0.900885 1.68598 1.84608 2.58916 2.3942 1.39519 -0.169738 0.770796 -0.413875 0.104498 -0.437753 -1.08009 -2.01521 -0.638091 -0.210229 -0.149273 0.847646 0.905358 1.55197 0.94876 0.0195795 -0.895805 -0.409636 0.616672 0.609022 -0.0692557 0.684715 1.52135 1.47069 0.946061 1.08379 0.393061 -0.3429 0.0702228 
-1.20279 -0.55006 1.89102 1.19749 0.0790145 -1.26956 0.961573 1.74891 2.2977 1.4268 1.15288 -0.529093 1.12819 -0.274835 0.105735 0.465816 -0.39391 0.597804 0.742661 0.665448 0.320344 -1.6194 -1.07326 -0.250355 -0.240561 -0.499837 -0.50482 -0.764893 -1.1926 -1.77375 -1.48806 -0.103742 0.406774 -0.318956 0.219762 0.874902 1.20173 2.03399 0.398678 
-1.31627 -0.84362 1.86148 1.21428 0.698892 -0.154318 2.23824 1.98882 1.01586 1.08252 1.12723 -0.429289 0.213004 -0.407397 -1.04467 -1.30906 -1.21795 0.280822 0.508995 0.744978 -0.261865 -0.55791 0.115265 0.18898 1.5223 0.514284 -0.205594 0.289245 -0.0723574 -0.364534 1.06311 0.84205 0.773486 -0.0943952 -1.231 -1.79076 -0.171656 0.168212 -0.652359 
-1.38558 -1.28324 1.22166 0.204868 0.318299 -0.752695 1.5869 1.54668 1.71916 1.51055 1.29163 1.09617 1.64707 -0.0690406 0.279034 -0.544733 -0.0598684 0.693362 0.399278 0.308269 -0.42698 0.265652 -0.982939 0.0063051 0.481357 -0.247817 0.283141 1.08504 -0.0361382 -0.577404 -0.351647 -1.29128 -1.60915 -2.73097 -3.14974 -2.24964 -0.933444 0.72772 -0.189122 
-1.36755 -0.588367 1.5602 1.14543 1.29776 0.254698 2.46233 1.68876 1.20912 -0.123114 1.09688 0.0830197 -0.077223 0.843268 2.42966 1.28407 0.485583 -0.667483 -2.234 -2.62337 -3.41994 -2.96947 -2.70113 -1.53407 -0.612695 -0.697118 1.13175 1.83373 0.0479447 -0.118898 -2.58124 -2.17402 -3.29164 -2.13193 -1.25329 -1.14468 -1.15038 1.27983 -0.00171563 
-1.08225 0.577928 1.80109 0.571111 -0.268996 -2.93224 -0.882581 -0.52675 -1.11935 -1.71239 -0.16471 0.43874 0.879826 1.85881 2.04698 0.64493 -0.0724426 -3.7242 -3.31058 -4.20065 -2.44253 -1.64465 -0.327522 -1.66494 1.08821 0.293485 1.55364 1.82351 0.465912 1.43833 -1.89557 -1.81885 -2.24833 -1.43631 -1.19638 -0.856301 -1.65615 -0.00303095 -1.64023 
-0.669483 0.987045 1.83183 1.06655 -1.95388 -2.98315 -1.45635 0.194456 -0.387841 -0.559233 -0.480616 1.24417 0.20724 1.61961 -0.11649 -0.561575 1.42008 -1.55018 -0.200006 -0.0201427 1.49369 1.65494 1.72352 -0.855566 0.648795 -1.25503 1.9621 0.950571 -0.432462 0.53688 -3.45247 -2.17734 -3.5809 -2.21403 0.0753958 1.06589 -1.55452 1.03653 0.473744 
-0.477163 0.537836 1.4917 1.68278 -1.62568 -3.11233 -0.960238 0.311213 0.375876 0.259595 -0.992934 1.13007 -0.47974 1.25575 -0.830997 -1.25999 0.798359 -0.339865 0.394817 -0.0379951 -0.538314 1.77084 1.56859 -0.57781 0.190534 0.331905 2.49933 -1.02915 -1.51098 0.23703 -1.85309 1.72916 -1.57417 0.891046 1.52094 2.69979 -0.553173 0.213094 -0.0800225 
-0.205822 0.413417 1.1861 1.68228 -2.25561 -2.57852 -1.55041 -0.17157 1.216 1.23084 -1.05171 1.44553 0.532493 2.35207 -1.15582 -1.65926 -1.08658 -0.617107 2.53412 -1.81637 -0.264077 0.108831 1.40346 0.060097 -0.35435 1.20522 2.78052 -3.02467 -3.43366 -2.15362 -0.427023 2.94192 -0.187488 1.03412 0.642664 0.837608 -0.939671 -0.360076 0.408156 
0.41263 -0.278341 0.653692 0.794946 -2.16906 -0.604735 -2.68825 0.107675 0.422177 1.8558 -0.973495 0.748858 0.772694 3.16454 -2.94946 -3.82346 -3.59355 -0.136186 3.56911 -0.138609 1.96194 -1.00202 -0.591013 -0.776278 -0.581229 0.213514 3.05181 -3.22865 -3.09911 -3.04273 0.165659 2.96848 0.560254 0.39775 1.34483 0.759197 0.312674 -0.0730902 0.904509 
0.999775 -1.74211 -0.694128 -1.20529 -2.37981 0.946499 -1.73692 0.943838 0.221274 0.485364 -1.80654 0.821746 0.732053 2.50104 -2.88102 -2.92609 -2.8722 0.843943 1.4655 2.53484 0.824786 1.45543 -0.516391 0.39587 0.306705 -0.0546035 2.66383 -2.17623 -3.33194 -2.44116 -0.0115515 2.88548 0.398395 0.411888 -0.297488 -0.264358 -0.594643 -0.568708 -1.30896 
1.36033 -2.38276 -0.794385 -1.51722 -1.43894 0.852398 -0.418411 0.549304 1.73044 1.19793 -0.643217 1.07443 0.687599 1.06958 0.235392 -1.10853 0.422052 0.152861 0.318963 0.663328 -1.38206 0.705794 0.296652 -0.0791294 -0.0588546 -1.76176 1.66102 -1.12988 -2.76092 -1.72972 0.588701 0.953192 1.51219 -0.0819592 0.186921 -1.24706 0.021566 -0.517192 -1.71969 
1.39107 -1.51944 -1.26692 -0.88972 -2.25206 1.27656 -1.1866 0.0778793 0.827015 0.782078 -1.91598 0.756472 -1.16549 0.133154 1.48211 -1.15575 0.631782 -0.115402 -0.174199 -0.676864 -0.914558 -1.2029 -0.912241 -0.360651 -0.885208 -1.99443 0.706625 0.576316 -0.752056 0.34735 1.53955 -0.455957 0.704369 -1.88135 0.213729 -0.463458 1.15929 -1.14028 -2.12373 
1.38764 -1.22915 -1.38991 -1.03436 -1.54502 0.697674 -1.09946 -0.039653 0.547458 0.0753017 -1.01328 0.125637 -1.45698 0.0419381 0.510194 0.0176363 0.055824 1.70333 -0.921396 0.227653 -1.14767 -0.422892 -0.820822 1.75874 -1.26446 -0.779918 0.075445 1.17678 -0.504988 0.535599 0.563294 -0.535783 -0.541786 -1.55494 -1.33557 -1.44242 0.463058 -1.71902 -2.10171 
1.38293 -1.09158 -1.29738 -0.866284 -0.772866 0.38733 -1.03659 -0.649201 0.375015 -0.233219 -0.324044 -0.59781 -2.02064 -0.0286489 0.0182021 0.432701 0.0924582 0.81381 -0.535511 0.0761522 -1.17257 -0.269305 -0.741884 1.03397 -1.12991 -0.520403 0.0693001 0.489388 0.383331 0.446359 2.45041 -0.489595 0.24671 -1.4451 -0.565237 -0.620029 1.45887 -0.80414 -0.191934 
1.35207 -1.16867 -1.22049 -0.981704 -0.841168 0.187774 -1.08864 -0.781483 0.23939 -0.847314 -0.092286 -1.08479 -2.0366 0.052763 0.126132 0.581905 0.551627 1.2331 0.273759 0.115493 -0.790502 -0.176653 0.115931 0.353861 0.342951 0.593655 0.117521 0.166285 0.521819 0.204415 1.19137 -0.553493 -0.255224 -1.55901 0.076313 0.475155 0.857327 -1.16022 -0.417221 
1.379 -0.950502 -1.0561 -0.44736 0.296458 0.672957 -0.989622 -1.16465 0.153776 -0.148686 -0.0326557 -0.233482 -1.41749 0.200283 0.212019 0.373032 0.198356 0.629457 -0.197999 -0.333839 -0.920071 0.396537 1.3011 0.209199 -0.217243 0.0594508 0.0693169 0.183718 0.489336 -0.216522 0.337211 -0.520167 -0.199285 -0.323602 0.0430529 0.408197 0.358568 -0.752121 -0.273453 
1.40548 -0.963454 -1.07979 -0.844574 -0.298001 0.00965472 -1.45452 -1.37371 0.555313 0.62871 0.0651833 -1.31941 -2.00061 0.041965 0.126 0.175464 -0.811699 -0.802812 -0.962481 -0.306219 0.373064 0.266206 0.366001 0.168438 -1.20228 -0.879313 0.0536912 0.343174 0.400772 0.0245378 1.12288 0.28064 0.475732 -0.551344 -0.193923 0.523127 0.44892 0.282174 0.488626 
1.37087 -0.809523 -1.01055 -1.11592 -0.408794 -0.256662 -1.33012 -0.990676 0.34756 0.22945 0.0870798 -1.52128 -2.37817 -0.130485 0.240533 0.252479 -0.14295 0.732593 0.585468 0.951134 0.193816 -0.57544 -0.686513 0.443688 0.594264 0.584085 -0.0294168 0.0822648 -0.258766 -1.15633 -0.868765 -0.329828 0.631101 0.28666 -0.100614 0.365561 0.402843 0.413848 0.622065 
1.33032 -0.736951 -0.997156 -0.979695 0.335064 0.601698 -0.639773 -1.30594 -0.0396478 -0.228896 0.439728 -0.68638 -1.40762 -0.104761 -0.00138295 -0.531918 -0.678319 -0.197121 0.529551 1.1095 0.037007 -0.339404 0.0667178 0.417853 1.73669 1.68555 -0.0947399 0.179556 -0.0717281 -0.699906 -0.11705 0.174845 1.05351 0.594002 0.00921707 0.0964234 0.91079 1.89488 1.50217 
1.30571 -0.763663 -1.30566 -1.6781 -0.586103 0.280413 -0.369874 -1.01582 -0.0262011 0.256202 0.437708 0.333208 -0.615777 -0.0365294 0.00636868 -0.330458 -0.749736 -0.841035 -0.340176 0.357783 0.633007 0.626663 0.808582 0.876755 1.71051 1.29525 -0.0517541 0.489107 0.0885925 -0.230534 0.120118 0.266991 1.01294 -0.478187 -0.726459 -0.711412 0.481301 2.25484 1.86446 
1.29168 -0.685303 -1.19525 -1.59883 -0.403505 0.283816 -0.370194 -0.977938 0.491936 0.668868 1.21518 1.14011 -0.0596017 0.00632717 0.637357 0.692634 0.399908 0.369948 -0.160424 0.15086 -0.664061 -0.442779 -0.877087 0.281836 0.998352 0.635519 -0.0639527 0.771064 0.203043 0.118654 -0.0539773 0.00119567 0.40444 0.13266 0.281304 1.85971 1.0097 1.99116 1.462 
1.28373 -0.240844 -1.01105 -1.38019 -0.269134 0.139231 -0.290415 -1.45635 -0.496839 -0.825155 0.662421 1.39828 0.0318172 -0.0813663 0.983994 0.661576 0.928313 0.807394 0.352104 0.174173 -0.431759 -0.267208 1.34875 0.586647 0.709352 0.535114 -0.121151 0.732543 0.860317 0.391051 0.118456 -0.127854 0.299572 -0.236121 -0.408679 0.64924 0.422731 0.665041 0.953887 
1.23561 0.0963572 -0.915599 -0.879437 0.294759 0.646459 -0.269315 -1.28083 0.185834 2.20083 1.72207 1.89619 0.481394 -0.21548 0.304589 0.617077 0.13516 -0.199093 -0.0010763 0.255565 0.365246 0.0205905 1.63724 0.3332 -0.163671 0.575304 -0.249729 1.00882 0.657491 0.368962 -0.255733 -0.11703 0.42597 0.559132 -0.308187 0.323798 -1.13008 0.369485 0.682553 
1.17553 0.0334919 -0.752833 -1.29347 -0.448162 0.15469 -0.114753 -1.28701 -0.533232 1.04553 0.934682 1.22093 0.615483 -0.332924 0.305206 0.346155 -0.422153 -1.08031 -0.499058 0.383555 1.2113 -0.0411386 -0.964233 -2.21593 -0.227965 0.344875 -0.414431 0.50633 0.519472 -0.315273 -0.0691671 0.209703 -0.194255 0.0207419 0.072145 0.219454 -1.35778 -1.53875 -0.200513 
1.08176 0.371153 -0.787851 -1.23727 -0.652368 0.172392 0.0239437 -0.610186 0.0915911 1.01716 -0.365502 1.6501 0.820417 -0.461583 0.353031 0.185161 -0.524469 0.147438 0.293215 -0.440269 -0.315757 0.101919 -1.37316 -2.2916 -1.63596 -0.772027 -0.504783 0.126044 0.297146 -0.717515 0.00865942 -0.846137 -0.400722 -0.154913 -0.168955 -1.96249 -2.52062 -2.14552 -0.797931 
0.971674 0.344 -0.702615 -1.73292 -0.325141 0.459443 -0.578419 -1.52116 -0.493409 -0.618268 -1.22293 -0.530544 -0.231288 -0.48829 -0.125563 0.12507 -0.493577 1.12095 -0.627731 -0.815408 -1.4 -0.109481 -1.29018 -1.42315 -2.29696 -1.27002 -0.612121 0.450604 0.252556 0.453306 0.675945 -0.321168 -0.29418 -0.0464633 0.0633499 -0.893948 -2.05518 -0.454624 -0.720733 
0.867524 0.324286 -0.76657 -1.65208 0.319203 -0.428162 -0.784398 -1.48677 -0.0666978 -0.549207 -1.71916 -0.80811 -0.555067 -0.530882 0.234549 0.219675 1.14101 0.684568 -0.714507 0.13595 0.274116 0.010627 0.352104 -0.674776 1.13224 -0.0589936 -0.576047 0.490602 0.337733 0.956767 1.18245 -0.245384 -0.78806 -0.386751 -0.0633528 -1.80619 -0.986019 -1.79103 -0.604075 
0.740882 0.566035 -0.635776 -0.843863 0.266064 -0.226414 -0.512658 -1.40581 -0.539139 -0.256449 -1.88379 0.677679 -0.321045 -0.446622 0.763416 0.406583 1.76901 0.31174 0.308285 -0.0801025 0.896929 0.0784927 -0.783825 0.00207287 0.195769 0.581242 -0.585194 -0.0114588 -0.339648 1.70038 0.338361 -0.698436 -0.26313 1.3108 0.822313 -0.558873 -0.202347 1.25452 1.1859 
0.669484 0.941236 -0.609721 -0.262082 0.585436 -0.108595 -0.917145 -1.0024 -0.0488284 -1.52107 -1.75343 -0.601147 0.0349029 -0.418622 -0.227732 -0.696551 1.10759 -0.252918 -0.213789 -0.403101 1.52468 0.961706 -0.986406 0.386367 0.407068 1.55271 -0.545189 -0.0186263 0.104112 2.04004 0.119576 0.19289 1.17737 1.69806 -0.581771 -0.735482 0.858753 1.22338 1.51348 
0.553725 0.442875 -1.01017 0.0185426 0.0401195 -0.420055 -0.942175 -0.549491 0.306428 -1.46615 -1.56231 1.11056 1.30031 -0.439057 -0.765608 -0.222761 0.924116 -0.139556 -0.0387416 1.53728 1.42698 -0.696767 -0.054327 1.24316 1.30633 1.31189 -0.363731 -0.147874 -0.103349 1.90653 -0.526684 0.264175 0.760087 1.53209 -0.0958635 -0.441765 2.05989 0.274159 0.938031 
0.474384 0.416434 -0.755947 0.453967 0.458302 -0.130162 0.436149 -0.20396 -0.75749 -1.63643 -0.638788 0.793202 1.40058 -0.177551 0.0630901 0.571492 1.41081 -0.341326 0.579132 1.36078 0.574184 -1.02952 0.487275 2.59491 -0.039629 -0.361216 -0.233941 -0.37934 -0.17086 0.824524 -1.13372 -0.284982 1.18949 1.03243 -0.260644 0.253291 1.99072 1.24624 0.933405 
0.46027 0.536879 -0.773901 1.12282 -0.262884 0.16576 0.248951 -0.256347 -0.714073 -0.945632 0.803704 1.06584 0.889689 0.0499547 0.310038 -0.00281282 0.178245 -1.1746 -0.333921 -0.065592 -0.00565025 0.442279 0.357459 1.63814 0.223089 -0.126038 -0.292762 0.241835 0.646815 0.861876 -1.50941 -0.506972 0.982604 -0.125446 -1.60148 0.185351 2.11436 -0.233887 -0.105924 
0.46936 0.694839 -0.796251 0.575054 -0.571017 -0.441894 0.316734 -0.254376 -0.398699 -1.26832 0.841507 1.02938 1.23965 -0.305396 0.262089 0.420343 -0.259567 -1.41838 -1.25012 -0.13674 -0.722924 -0.743918 -0.262563 0.465083 -0.200225 0.279825 -0.365233 0.385014 0.703736 0.655806 -0.336854 0.516206 -0.0643688 -0.0110874 0.167393 1.86141 1.30861 -0.0737291 -0.303017 
0.317124 0.779479 -0.610425 0.894672 -1.50469 -1.04662 0.0641656 -0.731758 -1.46692 -1.30548 1.19805 0.849415 1.15965 -0.648525 0.195102 1.0794 0.703312 0.805487 1.03796 0.0363658 0.011979 -0.211869 1.80183 0.257283 -0.271498 -0.195667 -0.378107 0.0795763 0.876446 -0.0701175 0.125377 0.444913 0.794924 0.169399 0.529073 0.411674 -1.49559 -0.563438 0.08681 
0.192841 0.887417 -0.315393 1.11497 0.125584 0.59496 0.290997 -0.294346 -0.652941 0.795601 1.04349 0.736747 1.00479 -0.313713 -0.140851 0.913382 0.191096 1.59744 1.85836 1.13612 0.97399 1.38406 0.748507 -2.62266 -0.433559 -0.126218 -0.603233 0.249162 0.983009 0.107188 0.641818 1.42522 0.214786 0.267464 0.664282 0.51764 -0.19034 0.372845 -0.682886 
0.170744 0.721195 -0.209514 1.02601 -0.117788 0.796698 1.04887 -0.201723 -0.225551 -0.478253 -1.26604 0.383514 0.998521 -0.329759 0.139288 0.412986 -0.53974 -0.0139536 0.887687 0.268567 0.372063 1.00518 -1.19358 -0.528337 0.756902 -0.589208 -0.59093 0.752692 0.668704 -0.227127 1.19402 1.45416 0.356449 0.645213 0.25489 0.260459 -0.979305 -0.701099 -0.91854 
0.0402244 1.03832 -0.15546 0.663344 0.10793 1.48409 0.478605 -0.120962 0.233366 -0.657341 0.518193 1.54366 0.352113 -0.644943 1.10812 0.111042 -0.465048 -0.151022 0.106189 -0.66161 -0.077725 -1.05452 -0.437102 1.21129 -0.364779 -0.945987 -0.573278 0.63003 0.541819 -0.452144 0.260009 -0.20933 -0.0065419 0.0570207 0.779921 -1.24951 -0.928224 -1.21884 -1.8538 
-0.104382 1.59554 -0.194989 0.63396 -0.254916 0.917601 0.381842 -0.294845 -1.26948 -1.04303 -0.180894 -0.00884823 -0.032939 -0.600734 0.673811 0.422523 -0.028695 0.352683 -1.15868 -0.228572 -0.27338 -0.0808686 -0.237885 -0.809205 -2.17412 -1.62335 -0.60896 0.586282 -0.103152 -0.919586 1.26003 0.0440581 -0.517083 -0.554803 -1.90427 0.0836133 0.526512 -1.34449 -1.09565 
-0.217719 1.58836 0.00906633 0.619361 0.409851 0.361602 0.209445 -0.330012 0.101891 -0.988219 -0.267113 -0.783207 -1.39849 -0.342479 -0.350011 -0.235809 -0.715136 1.67572 -0.0366581 0.0904678 -0.653219 -1.06194 0.544385 -0.446256 -1.20264 -0.342171 -0.63285 0.400261 0.0906813 -0.627073 0.806659 -0.285458 -0.174809 -0.215936 -0.769864 1.2986 -0.300863 -1.53877 -0.44075 
-0.261943 1.38108 -0.347499 0.0424211 1.20021 0.898082 0.405814 -0.728954 -2.32036 -0.455455 -0.630204 -1.29703 -0.42334 -0.424803 -0.149508 -0.258697 -0.768673 0.634343 0.785379 0.0671445 0.0019372 -0.750485 1.74756 0.378407 0.374463 1.1337 -0.527473 -0.255317 0.0600565 -0.0125526 0.398573 -0.24149 -0.00791906 -0.0906377 0.727613 0.364559 -0.226181 -0.136761 0.76653 
-0.407278 1.52361 -0.154466 -0.0148834 0.957277 1.15016 0.211988 -0.375932 -0.657112 1.01199 0.0469982 -0.385188 -0.221979 -0.514936 0.0503246 0.354039 0.722001 -1.17266 -0.277555 -0.0521216 0.551679 1.92699 -0.112823 0.123398 1.07888 1.32455 -0.486279 -0.648949 -0.437833 0.338024 0.491567 0.584158 -0.00184401 0.731111 -1.31357 0.689077 -0.0542062 -0.450942 0.441234 
-0.486537 1.46555 -0.215953 0.597249 0.172587 0.641758 0.298775 -0.449145 -0.570183 -0.639499 -0.552164 -0.145861 0.955787 -0.36689 -0.644932 -0.364364 1.23434 -0.0209988 0.00998338 -0.0215262 1.01081 -0.696799 -0.941426 -0.452704 -0.873775 -0.547953 -0.460792 -0.312893 0.269017 0.28464 -0.126076 -0.26272 0.368269 1.17387 0.979902 -0.515844 -0.254988 0.40311 -0.340266 
-0.574327 1.08892 -0.368884 0.948626 0.933482 1.17649 0.13306 0.175915 -1.3658 -0.144908 -0.408281 -1.32176 -0.830854 -0.236093 -0.422379 0.0753058 -0.326195 1.05352 -0.0651893 0.540778 1.06144 -0.776131 -0.471814 -0.487892 -0.557303 -1.69167 -0.371565 -0.644601 0.300281 -0.283199 -0.597288 -0.311627 0.399835 0.895737 -0.207309 -1.1131 -0.985912 -0.140445 -0.0833674 
-0.602746 1.19704 -0.218638 0.315958 1.08538 0.594193 0.736489 0.132703 -1.35322 -1.24503 -1.04002 -0.744067 -0.867356 -0.241782 -0.144043 0.840256 -1.58168 -0.656978 -0.418453 0.547968 0.225169 0.502731 -0.33259 -0.968218 0.745617 0.494063 -0.0671904 -0.680945 0.593206 -0.99316 0.227984 0.112286 -0.124655 0.331622 -1.32342 -0.421265 0.247407 0.0028679 -0.98885 
-0.692748 1.02826 -0.00318895 -0.33413 0.355344 0.781663 0.577381 0.262263 -0.950362 -0.586978 -1.34079 -0.526908 -0.333441 0.113032 -0.412276 0.836712 -0.950277 -0.752765 0.22641 -0.642169 -0.590399 -0.682316 -0.00365589 0.849527 0.600454 0.533741 -0.301008 -0.64642 1.30827 -1.37096 0.226517 -0.600022 -0.00960483 0.422098 0.265632 -0.393665 0.0614652 0.303865 -0.515257 
-0.583252 0.936081 0.14535 -0.463147 0.423749 0.833276 0.0873184 -0.264185 -2.04834 -1.3009 -0.289773 -0.104422 -0.327817 -0.25432 -0.647218 1.13639 -0.18923 0.955988 -0.377586 -0.51164 0.368556 -0.16103 -0.111022 1.0611 -0.342669 -1.07455 -0.279576 -1.49062 0.566486 -1.47013 0.606447 -0.294304 -0.632905 -0.361968 -0.406423 0.40318 0.973272 -0.638116 0.13927 
-0.816041 0.591858 0.505118 -0.506167 1.18313 0.427006 0.0481392 0.433569 -1.15696 -0.768908 -0.394681 -0.895631 -1.50139 -0.574942 -1.44005 0.0355233 -0.950409 1.50235 -0.6116 -0.0676149 0.120937 0.262683 0.479797 0.561223 -1.32351 -0.316171 -0.0923784 -1.01823 0.611765 -0.68866 -0.210794 -0.991674 -0.288521 0.0913597 0.858675 0.0904577 1.35584 0.120562 0.398653 
-0.83117 -0.0923372 0.123507 -1.24236 1.72776 0.248579 -0.0339553 -0.239596 -1.85786 -0.78916 0.193578 -1.52183 -0.690614 0.091073 -0.611369 -0.196744 -0.688737 -1.1756 -0.944788 0.214095 -0.22331 1.17455 0.226206 0.902586 0.526505 1.60838 -0.56097 -0.711818 0.478051 0.185981 0.147387 0.0535923 1.03883 1.36497 1.76327 1.83255 0.717205 0.0386753 -0.249037 
-0.805083 0.182231 0.371421 -1.07665 0.152936 -0.485221 0.185699 0.254186 -0.111922 -0.554904 0.404683 -0.335051 0.179071 -0.335916 0.56659 0.705045 1.2171 -1.29719 0.693943 1.35896 1.75132 1.7756 1.64619 0.479426 1.40946 0.060283 -0.528462 -0.362318 -0.139066 0.487183 -0.0212599 0.321695 0.56559 -0.139493 0.772944 1.01354 0.470533 0.759359 1.45786 
-0.986179 0.377639 0.424088 -0.292603 0.591597 0.947255 1.1555 0.751016 -0.249548 1.09202 0.601206 -0.0172191 -0.653737 -0.950064 0.177193 0.018507 1.34961 1.18076 1.38743 0.510762 0.0555212 -0.258149 0.954443 -0.21846 0.420919 0.216927 -0.787387 0.447107 0.516381 1.5751 -0.676688 0.502659 0.791952 1.12982 1.72437 0.0967825 0.0519473 0.973757 0.957503 
-1.19881 0.361437 0.341384 -0.0211905 1.17664 0.895166 0.595834 0.240015 -0.409535 0.514114 0.166252 0.112639 0.382254 -0.936176 0.0165939 0.0925908 0.867559 0.525045 -0.00810582 -0.363138 -0.197932 0.218613 -1.5237 -0.400295 -0.205754 1.15495 -1.04332 -0.0152806 -0.0885152 1.44268 0.655471 0.75068 0.352332 0.0107494 -0.54259 -0.0325154 0.0024282 -0.143665 0.879625 
-1.37451 0.436923 0.429727 0.378332 1.04375 0.955804 0.7627 0.586671 -0.100366 -0.748515 0.194444 -0.239555 0.545326 -0.73035 -0.17518 -0.121481 0.561739 -0.373039 -0.368282 -0.0411816 -0.019582 -0.315739 -0.981201 0.226019 -0.552927 0.90335 -0.886264 0.107394 -0.0266971 0.291024 -0.297886 -0.612206 -0.317997 0.563046 0.40616 -0.712799 0.104017 -0.575156 1.85104 
-1.50713 0.277519 0.243932 0.4058 0.845998 0.549655 0.498848 0.181344 -0.761118 -0.689481 0.339292 -0.480888 1.3142 -0.493667 0.139608 -0.103526 -0.463398 -0.847947 -0.804307 0.0303091 0.98278 0.282283 0.711732 0.554684 -0.442037 1.14976 -0.883794 -0.191908 0.194498 0.285039 0.237718 -0.914735 -0.38291 0.438979 0.597594 -0.512152 0.578392 -0.13612 0.171566 
-1.59083 0.588063 0.340921 -0.0124021 0.299161 0.181673 0.731398 1.12191 0.108485 0.035539 0.671741 -0.71452 1.73888 -0.695553 -0.0448079 0.439875 -0.165411 0.685333 -0.850695 -0.36935 0.636197 1.0335 0.400826 0.613999 0.429939 -0.646402 -0.432366 0.105751 -0.185191 -0.279524 -1.57503 -1.4458 -0.249215 1.05548 0.991088 0.896271 0.33378 -0.441992 -1.34802 
-1.80193 0.290953 0.416814 0.252762 1.43787 -0.270077 0.100342 0.511231 0.151732 -0.270458 0.8715 -0.0235547 0.600802 -0.21201 0.0145286 -0.143385 0.120874 -0.989574 -1.12836 -0.280803 0.469801 0.881245 0.333555 -0.0682113 -0.0465756 -2.74563 -0.657885 0.372419 0.517557 0.0914291 -0.456645 -0.425928 0.730392 1.74829 2.212 0.649625 0.0742283 -0.375971 -1.01886 