-0.21441 -1.75048 1.13208 -0.238467 0.597433 -1.2558 1.54866 0.943385 -0.712365 -0.572555 1.68115 0.648242 0.445793 0.562289 -0.0364825 -0.741781 0.938707 -0.272267 -0.936624 -0.200529 1.87497 1.17803 0.40113 0.667646 0.0517712 -0.414977 1.81554 -0.887353 -1.16913 -0.968414 -1.4263 -1.58027 -1.47915 -0.51227 -1.58615 -1.17242 0.635844 0.327597 -0.298499 
-0.0972597 -1.67191 1.19828 1.4758 0.668017 -1.56286 1.97938 1.87189 0.542723 -0.136833 1.52253 -0.167318 -0.6447 3.23062 -1.05259 -1.24624 -0.163174 -1.07874 -0.192327 -0.739963 1.44846 -0.263476 0.30053 -0.16235 -1.57355 -1.68561 0.741449 1.37519 -0.0717024 0.209846 -0.256297 0.379837 -1.28698 0.505364 0.274622 -0.366232 0.0217572 0.150867 -1.02949 
0.577768 -2.41746 0.584665 -0.364427 -0.379635 -1.44214 1.02576 1.6223 -0.962868 -0.103204 1.57702 -0.970925 -1.22247 0.660859 1.9558 0.636424 -0.708543 -0.0500673 1.39204 -1.48445 -1.27696 -0.940789 -0.781078 -0.654406 0.13322 -0.836104 0.203642 1.01729 0.356216 1.27109 1.72795 1.22379 -0.406158 0.775016 1.32753 -0.454048 -1.21732 -0.68256 -1.12496 
0.0335553 -0.395756 1.47125 0.86675 0.619468 -0.0828133 0.957888 1.26853 -0.423518 -1.18558 1.06848 -0.0358073 -1.47123 -2.89795 2.47617 1.8054 1.63753 3.20629 1.62962 0.207781 -0.505582 1.55139 -0.764762 -1.34592 0.757086 0.315331 -0.28336 0.681856 0.408093 -0.609807 0.0450042 0.819765 -0.69014 -0.363984 -0.602314 -0.225462 -1.05526 -0.0457465 -1.13809 
-0.207325 -0.8052 1.36703 1.1047 2.51113 0.287788 1.13759 1.38187 0.70445 -1.12905 0.631194 -0.199498 -0.908108 -1.13454 -0.996816 0.00330094 -0.0222424 0.0997394 -0.424798 0.580599 0.763118 0.302953 0.536237 -0.654866 -0.184481 -0.550578 -2.10338 1.61509 1.20239 1.10082 0.695027 0.0269696 0.412895 0.551759 0.510639 -0.0361677 -1.01773 -0.0295038 0.353941 
-0.2977 -1.02672 1.46834 0.865629 0.70614 -0.513655 1.31939 1.625 -0.0754588 -0.385402 0.614096 -0.23017 -2.01485 -0.58923 -0.224565 0.0677961 -0.362797 -2.35406 -1.58474 0.331985 1.16293 -1.07863 0.701603 0.0827342 -0.78883 0.161054 -0.632291 -0.284141 0.000678039 -0.367189 -0.380447 -0.152848 0.366704 0.319158 0.490607 0.912006 -0.786688 0.0937097 1.32173 
-0.398237 -0.937363 1.39221 0.80191 0.382911 -1.36304 1.33259 1.92645 -0.407451 -0.0967728 0.701359 -1.01376 -0.746608 0.0831152 0.617797 0.00374342 -0.424101 -0.575358 0.260472 -0.101286 -0.403258 0.149816 0.31064 -0.324616 0.300792 2.23542 -0.219467 -0.204614 0.029449 -0.0197876 -0.992785 -0.710643 0.939988 0.783682 -0.495254 2.1312 0.234451 0.107127 -0.186671 
-0.315575 -0.614797 1.46561 0.508537 0.183443 -0.223752 1.22423 1.43271 0.110776 0.0981392 0.394574 0.0732234 0.202027 0.221341 -0.0443014 -0.0160729 0.323741 1.12241 0.771459 0.897622 -0.208965 0.547628 1.31543 0.191682 0.921262 -0.35972 -0.178056 0.847505 -0.0761419 -0.00333447 0.743064 -0.0448841 0.440746 -0.832497 0.184616 1.00455 0.719179 0.342359 1.94239 
-0.380538 -0.953092 1.38085 1.10726 1.39268 -0.535701 1.90641 1.82556 0.199163 1.79705 0.849002 -0.0739307 -1.10112 -0.382439 0.570625 -0.115994 0.404335 1.4869 -0.299189 0.677503 -0.709785 -0.0023897 0.625062 1.19425 0.114298 0.224426 0.215634 0.61823 -0.0330127 0.261143 1.71295 -0.0874682 0.339818 -1.24612 -0.56265 0.0933505 -0.436731 0.894095 0.950383 
-0.453267 -0.233341 1.41071 0.885284 1.52222 -0.522482 1.65063 1.0962 0.13617 1.02299 1.25519 0.185326 0.426318 0.131189 0.915154 -0.0292016 -0.033438 0.98662 -0.85972 -0.453497 -1.43307 -1.14588 -1.25428 -0.741437 0.1568 1.58087 -0.235448 -0.0531883 -0.417353 0.544675 1.12437 -1.42679 -0.622619 -0.575107 -0.845699 0.485389 0.108785 0.327414 0.134159 
-0.386041 -0.349102 1.36377 1.09623 2.27989 -1.42398 1.57537 1.14875 -0.983807 0.0841331 0.333058 0.0817674 0.467201 -0.0119111 -0.629753 -0.526129 0.218377 -0.104569 -1.34728 -1.49298 -0.0740704 -0.878315 -0.187642 -1.07414 0.282835 -0.0224776 -0.0707096 0.759259 0.0613552 0.530549 -0.278994 -0.333886 -0.472306 -1.15849 -1.34529 -0.32346 -0.172703 -0.513266 0.313783 
-0.495599 -0.627217 1.17708 1.09731 1.42448 -1.92356 0.623428 1.05878 -0.764053 0.807163 0.502644 0.470301 0.405966 -0.252773 0.151038 0.130473 0.63959 -1.33698 0.484769 -0.165258 -0.0968953 -0.233354 0.915383 0.515893 -0.769838 -1.15463 -0.0452011 0.166832 -0.272958 -0.249922 -0.521293 -0.257974 -0.757793 -0.321207 -0.733201 -0.0794955 -1.30137 -0.741435 -0.195567 
-0.490362 -0.23866 1.41627 1.68136 1.06972 -0.898167 1.43736 1.1006 -1.20248 1.41647 0.711263 -0.713012 -0.674939 -0.0674376 0.875375 0.108239 -0.527239 -0.544948 1.06065 0.500591 -0.38506 0.10987 0.0828973 -0.537334 -1.17004 -0.187297 0.50852 2.17147 0.683896 0.792731 -3.27495 -0.770161 -2.39278 -2.03565 -0.791672 -1.78186 -0.696807 0.909502 -1.22861 
-0.552221 -0.0489208 1.21989 0.648854 0.929229 -0.792058 0.931352 0.875049 -0.620031 0.971054 0.131848 -0.734979 0.222303 1.09025 2.87121 0.937552 0.27394 -2.71238 -1.3673 -2.96694 -2.55491 -0.593439 -2.65402 -1.38501 1.86641 -0.345085 1.35608 2.25928 0.468595 0.922127 -3.04773 -0.499759 -1.94395 -2.49541 0.569408 -0.473161 -0.165817 0.0387058 -1.22499 
-0.249038 1.62876 1.82046 1.94261 -1.38193 -2.3203 -0.576981 -0.104028 -1.80166 -2.26108 -0.262355 1.19628 -1.01495 2.30826 2.2685 0.62544 1.59247 -3.22387 -1.62858 -3.04538 -2.85476 0.421533 -0.565474 0.320245 1.22026 -1.30789 1.76864 1.47274 -0.21046 0.865574 -2.96576 -0.864959 -3.55746 -2.23425 2.25208 -0.390369 -0.892241 0.692152 0.240989 
0.00257463 1.42921 1.48808 2.07806 -1.98412 -2.489 -1.13552 -0.470652 -0.146664 0.224917 0.370918 0.511538 -1.0717 1.83367 -0.816768 -1.25839 0.72499 -0.955239 0.374478 -1.68955 -0.350901 2.80395 2.25091 0.275911 -1.03101 0.68043 2.74127 -0.141264 -0.432792 -0.525588 -2.58245 -1.77366 -3.62198 -2.14784 1.4501 0.723561 -1.4401 0.335616 -0.283184 
0.183616 1.11409 1.26775 2.60339 -2.24752 -1.91049 -1.73583 -0.27169 1.18928 0.945753 -0.0548122 0.133613 -0.338825 2.22609 -2.44962 -1.29154 -2.22452 0.029516 -0.421446 -1.69556 0.0594631 0.988697 1.23149 -2.10208 -0.813273 0.988716 3.51639 -3.62475 -3.18817 -3.8396 0.177371 1.41561 -0.623602 0.280695 1.91684 1.6263 -1.19528 0.0134956 1.97239 
0.536223 -0.140138 0.920922 0.126141 -1.96083 -2.91632 -2.2984 -0.445241 0.926041 2.00092 -1.11265 -0.327793 -0.0901158 3.9841 -4.18933 -3.68658 -5.24234 1.16834 1.28599 0.872788 0.661569 -0.927971 -0.718473 -1.75712 1.05093 1.81688 3.27026 -3.50225 -4.2969 -2.94925 -0.122954 3.34919 0.531575 0.942861 0.869781 -2.10841 -2.25162 0.125301 1.53835 
1.16971 -1.57894 -0.343074 -2.02175 -1.19629 -0.541982 -1.17864 0.0370056 0.23658 -0.0151273 -1.29305 1.20645 1.46334 3.18414 -2.3868 -5.3752 -1.249 -0.187216 4.3315 2.39065 1.09808 -0.157557 -3.28354 -0.676253 0.967544 0.966614 3.18993 -3.03088 -3.82742 -3.14748 0.461969 2.89635 1.11508 0.391784 0.78039 -1.32986 -1.84137 0.686405 -0.132399 
1.31644 -1.66891 -1.42573 -0.961653 -2.13317 1.65535 -0.724669 0.0688276 0.787465 -2.56019 -1.58223 0.659506 0.869569 1.29312 0.00580335 -2.25109 1.53642 -0.603855 2.09722 0.585968 -0.208824 1.66991 -0.586347 -0.517453 -0.222433 -1.94777 2.62197 -1.31712 -3.3892 -0.760625 0.0483351 3.61121 1.57031 0.0337239 1.07206 -2.0142 -0.366211 0.109529 -0.665049 
1.46325 -1.56231 -1.32836 -0.64219 -1.74471 1.67975 -0.813543 -0.0638099 2.02914 -0.790562 -1.64971 0.973156 -0.464685 1.15268 0.577003 0.118039 0.341394 0.241 -0.116599 -0.336102 -1.10327 1.19054 1.3219 0.213092 -0.832225 -1.76262 1.12914 0.292881 -1.48603 1.02012 0.0367595 1.1527 -0.268122 -1.99031 0.487463 -0.382809 -0.52022 -1.41299 -2.6116 
1.57383 -1.28333 -1.37865 -0.64066 -1.91899 1.54866 -0.977093 -0.452817 2.07347 -0.657273 -1.41936 -0.199265 -0.874996 0.571943 0.414409 -0.0505972 -0.356304 0.643348 -0.742629 -0.937493 -2.385 -1.22028 0.190489 -0.134822 -1.47172 -1.27885 0.717183 0.376209 0.19055 0.102649 0.699944 -1.60749 -1.8149 -2.89677 -0.465357 2.08774 0.424089 -1.57918 -3.10776 
1.57118 -1.28175 -1.35477 -0.939226 -1.16736 0.914623 -1.46873 -1.1885 0.767558 -0.475659 -1.73426 -0.541562 -1.7299 0.0302845 -0.0413732 0.183861 -0.236907 0.617304 -1.7401 -2.0398 -2.64986 -1.69171 0.653414 0.294189 -1.06162 -2.08355 0.460359 0.731756 0.497129 -0.00986046 1.03719 -0.872448 -0.621617 -2.25815 -1.3771 1.10614 0.267447 -1.62455 -1.14375 
1.54236 -1.29717 -1.30289 -0.831933 -1.36515 -0.26557 -2.37051 -1.70211 0.313703 0.307373 -1.19882 -1.29333 -2.93755 0.18579 0.613689 0.828588 0.328887 0.631347 -0.258902 0.123325 -0.551369 -0.190704 0.84271 0.449756 -0.476649 -0.114898 0.161973 0.342954 0.382473 -0.505555 1.78585 -0.741005 0.0356775 -1.7201 -2.22032 0.458732 0.855791 0.12923 -0.670329 
1.57973 -0.872482 -0.998059 -0.629312 -0.600837 0.658265 -1.41347 -1.45048 0.593955 0.754676 -1.40309 -1.03561 -1.84183 0.233395 0.530941 0.416079 -0.371655 1.58174 0.891496 2.08588 0.401621 -0.560698 -0.24158 0.743196 1.22061 1.28095 0.0457103 0.436538 0.0432396 -0.744672 0.792543 -0.232005 1.1136 -0.589395 0.359567 1.16341 1.76961 0.783205 0.341321 
1.56316 -0.941343 -1.12593 -1.14257 0.0592286 0.688022 -1.0009 -1.51572 -0.250884 0.0158407 -0.658973 -0.0464542 -1.66641 -0.114612 0.00550345 -0.75545 -1.21779 0.341285 0.00248233 1.3335 -0.250759 0.512711 0.245455 1.70974 1.42147 0.575526 0.0709412 0.583099 0.0637271 -1.28678 1.01924 0.399687 2.08144 0.662124 0.31538 0.0779577 0.946045 1.8815 1.36819 
1.51097 -0.856042 -1.33161 -1.68946 -0.296137 0.676823 -0.547732 -1.57102 1.16367 1.14673 -0.175882 0.417288 -1.26966 -0.120441 0.291251 -0.311125 -1.1528 -0.329201 -0.412986 0.637624 0.396875 0.838612 0.287955 0.405015 1.04392 0.461906 -0.179024 0.127356 -0.388051 -0.635413 0.823455 -0.314049 0.675221 0.153593 -0.954149 -0.876907 0.639287 1.72928 0.935974 
1.4929 -0.740337 -1.26587 -2.14515 -0.241278 0.269605 -0.6012 -1.33156 0.663222 0.467543 -0.359619 1.01919 -1.20681 -0.186314 0.18544 0.15883 0.456981 0.669515 -0.354354 -0.450408 0.398871 -1.50164 -1.11554 -0.938211 0.66017 0.627632 -0.120314 0.833961 0.0622112 -0.444468 0.374158 -0.347545 0.317104 0.376906 -0.125441 -0.476108 0.771334 1.79675 1.42188 
1.42375 -0.72338 -1.26676 -1.26608 0.304836 0.320072 -0.876708 -1.38592 -0.395232 -0.37146 -0.831761 1.08931 -0.64585 -0.0832756 0.878411 0.413725 0.615857 0.785268 0.0221442 -0.223226 0.0368426 -1.00059 -0.77336 0.528661 1.11878 1.34799 -0.131495 0.728184 0.439874 0.268975 -0.0324391 -1.09939 -0.67076 0.29628 -0.835242 -0.0335409 0.346602 2.16922 0.739587 
1.4322 -0.160079 -1.08994 -1.58104 0.464179 0.308842 -0.778029 -1.31679 -0.366207 -0.570375 0.0276667 2.16162 0.13076 -0.0359155 0.83771 0.53025 -0.157495 -0.715459 -0.91121 -0.428077 -0.0682699 0.631365 1.0549 1.35034 1.9501 0.330301 -0.188758 0.645549 0.534347 1.02598 0.391726 -0.141005 0.0860616 0.336329 -0.539104 -0.138604 0.292922 1.11247 1.62307 
1.37524 -0.169411 -1.04005 -1.38701 -0.344321 -0.622361 -1.19073 -1.42061 0.29987 1.1567 0.139862 3.08444 -0.316653 -0.233767 0.0302816 0.422063 0.571133 -0.30751 -0.172691 0.335244 0.344978 0.425826 0.611884 -0.182446 0.221677 0.713121 -0.136414 0.809839 0.687431 -0.734675 -0.797205 -0.467978 0.757041 0.448211 0.523594 0.196403 0.209953 0.595122 0.970828 
1.33277 -0.127635 -0.910377 -1.05654 0.183252 0.143158 -0.580841 -1.15705 0.111695 0.335981 -0.0907513 2.38386 0.839272 -0.19446 0.29854 0.543264 -0.719684 -0.274716 0.380253 1.41825 0.593182 -0.145679 -0.894844 -1.10601 -1.23129 0.916378 -0.427053 0.499573 0.819843 -0.0818883 -0.480973 0.0671587 0.0335117 -0.835153 -0.117561 0.155454 -1.63876 -2.18524 -0.0801387 
1.28593 0.0363037 -0.807677 -2.00593 -0.595647 -0.206477 -0.268235 -1.14409 0.173846 -0.0517309 -0.635346 1.81634 0.593256 -0.477834 0.67622 0.857076 -0.682994 -0.292224 0.264328 -0.292002 -1.46142 -0.579936 -0.491129 -1.84332 -2.84378 -0.778762 -0.637639 0.701953 0.76864 -0.171948 -0.325375 -0.107283 -0.103306 0.183266 -1.76776 -2.42832 -2.54943 -2.79028 0.233519 
1.17053 0.322026 -0.541256 -1.64296 -0.0838776 0.437117 -0.803731 -1.8472 -0.473221 -0.305809 -1.3903 -0.538218 0.0695589 -0.865819 0.688277 0.65636 0.502239 -0.132907 -0.491567 -1.55407 -0.40712 -1.65514 -1.46425 -2.03802 -2.11784 -0.590361 -0.804883 0.759469 0.133354 0.488062 0.0900831 -0.210625 0.157427 -0.226722 -2.13444 -2.87709 -1.939 -1.09341 -0.227269 
1.02383 0.493752 -0.526019 -1.54246 -0.71897 -0.707544 -1.33635 -1.3382 -1.54727 -2.05936 -2.07335 -0.36112 0.0102183 -0.859359 0.390263 -0.643996 1.23933 0.397554 -0.495873 0.49742 1.12313 -1.58678 -2.29869 -0.551127 1.53364 0.529402 -0.777989 0.286675 -0.207205 1.53693 0.0805171 0.239427 -1.2921 -0.601099 -0.903381 -0.698224 -1.20877 -1.23911 -0.837634 
0.910093 0.586985 -0.82624 -0.526562 0.271613 -0.068479 -0.497931 -1.32135 -2.1221 -3.48462 -1.77091 1.02974 0.596034 -0.426844 -0.27666 -0.972141 1.28378 0.226425 0.783626 -0.137602 -0.409978 0.716871 0.765665 0.540241 0.632613 -0.421148 -0.713336 0.604442 -0.312424 0.815257 -0.931533 -0.379398 -0.123418 2.26738 0.79114 0.12238 -0.153088 0.706704 -0.591483 
0.87471 0.327941 -0.953995 -0.386694 -0.517947 0.132594 -1.45584 -1.53366 -0.761807 -0.937161 -1.67783 0.282632 -0.405155 -0.326255 0.461492 0.16482 -0.299395 -1.55358 0.0679714 -0.659562 1.7284 2.33944 2.3877 0.349668 -0.680746 -1.23355 -0.664256 0.344126 -0.109662 1.13854 0.232247 1.11387 0.158737 0.634764 0.56993 0.535123 0.954633 0.501138 0.543095 
0.78686 0.897952 -0.758776 -0.773189 -1.13406 0.018958 -0.966982 -0.51072 0.377982 -0.0857972 -1.51091 0.326343 -0.624302 -0.677506 0.767852 0.807837 0.0351771 0.0544296 0.52579 0.344734 1.17348 -0.184947 -0.280512 0.618517 -0.0267321 1.13373 -0.193299 -0.0324931 0.119497 0.396631 -1.40352 -1.38544 -0.517939 0.870012 -0.165949 2.52016 1.26628 -0.186305 -0.273513 
0.661079 0.836787 -0.60633 -0.336953 -0.472173 0.70155 -1.25229 -0.984113 -0.929327 -1.28334 -1.22665 0.250077 0.720111 0.00169256 -0.491955 0.026741 0.748543 -0.185195 -1.66633 -0.0189155 -0.664024 -2.54184 0.00265239 1.19178 0.460587 0.926444 -0.206718 0.11177 0.562512 0.941387 0.98638 0.183135 1.79989 1.92648 -1.44688 0.717695 1.06015 0.274323 0.28854 
0.74803 0.59308 -0.75148 -0.0915391 -1.30458 -1.71769 -1.00698 -0.825703 -2.28013 -0.0345347 -0.652052 0.793643 0.295581 0.330726 -0.598496 0.0716879 1.05264 1.15753 -0.299224 2.01029 1.24206 -1.29566 0.940893 0.66981 0.360069 -0.739005 -0.347913 -0.113661 0.406072 1.07975 1.3641 0.838367 0.900653 -0.482766 -2.21054 -0.950935 1.9334 0.189726 0.334532 
0.70693 0.4631 -0.579449 0.614066 0.569299 0.402784 0.066698 -0.402302 -2.27057 0.0848037 -0.738983 0.614273 -0.0102093 -0.582258 0.349067 0.609846 0.501479 1.8635 2.65522 1.19704 -0.00173235 0.299189 -0.943787 1.16885 -0.228902 -0.474295 -0.155704 0.210967 0.17169 0.222554 0.199911 -0.0756455 1.15178 1.16549 0.39489 1.24041 1.07901 0.518216 -0.0936235 
0.558912 0.83143 -0.490092 0.371258 0.374129 1.09093 -0.232632 -0.829084 -1.93605 -1.31166 0.190501 0.553716 -0.172453 -0.593039 0.90525 0.200924 -0.807572 -0.916597 0.224718 -0.503498 0.200211 1.65292 0.221175 0.64168 0.266333 0.656526 -0.864364 0.218523 0.476156 0.429871 0.637489 1.34316 0.602471 -0.0676908 0.743427 -0.114146 0.3741 -0.040116 -0.593404 
0.515037 1.06069 -0.496251 -0.0827096 -0.261413 0.655081 -0.297834 -0.310671 -0.495966 0.442775 -0.271324 0.882322 0.642226 -0.853422 -0.0318469 0.135577 -0.0133605 -1.08231 -1.07903 -0.409166 -0.133166 0.405864 0.805784 -0.722951 0.184406 -0.23225 -0.804007 0.780671 -0.0359861 -0.826438 -1.38668 -0.502034 -0.45484 -0.759687 0.276961 -0.769151 -0.0756617 -0.772562 -1.32752 
0.300006 0.823745 -0.43537 0.378005 -0.606164 -0.0280193 -0.533988 -0.894303 -1.47925 -0.133149 -0.312296 0.737731 -0.400657 -0.742702 0.1906 -0.250816 -0.177187 -0.801382 -0.795297 -0.0923978 -1.22013 -1.41334 -0.987836 -0.748064 -1.19095 -2.27975 -0.67464 0.0618076 -0.832685 -1.13977 -0.858194 0.227549 -0.00409354 -0.246624 0.734176 -0.115422 -1.64544 -0.241873 0.297161 
0.284626 1.19669 -0.609904 -0.221083 -0.988128 -0.165439 -0.387045 -0.887297 -1.96157 -0.896172 -0.791981 -0.344397 -1.61474 -0.268122 0.132 -1.42267 -1.33874 0.0168354 1.35727 0.403192 -0.230578 0.289958 -0.94501 -1.31102 -0.471336 0.637735 -0.760671 0.0589223 -0.753692 -1.47274 -0.419963 0.339714 -0.05838 -0.200031 -0.0601354 -0.885532 -1.00036 -1.85379 -0.597057 
0.191735 0.921891 -1.05967 -0.789287 -0.594324 1.41546 -0.291295 -1.00535 -1.14492 -1.41199 -1.2333 0.249133 0.233159 -0.521287 -0.0944434 -0.913613 -1.56529 0.276975 1.20403 0.0153749 0.915979 1.31653 0.109474 -0.493801 -1.03289 1.56864 -0.272238 0.804165 -0.614716 -0.441695 0.01997 1.21907 0.594472 0.530532 1.13669 0.680927 0.797321 -0.154194 -0.320305 
0.111199 1.14857 -1.01238 -1.58905 -0.741476 1.11687 -0.404079 -0.458905 -0.542425 -0.694978 -1.13182 -1.40899 -0.0585317 -0.187143 0.996392 0.474064 0.805049 0.00192785 0.0745322 0.374216 0.860774 0.807522 1.5701 2.27661 0.289763 -1.00327 -0.469134 0.166225 -0.453985 -0.181199 0.483167 1.29566 0.0564217 0.373566 1.24187 1.01045 1.96921 0.486975 1.46853 
0.104305 1.57835 -0.85745 -0.0575832 -0.59594 1.5098 -0.068007 -0.602935 -0.263667 0.839284 0.397037 0.541214 -0.759004 -0.25999 0.339225 0.214604 1.337 0.313682 0.316875 0.0578507 -0.486534 -0.114097 0.831888 2.8984 1.62175 0.299504 -0.322692 0.265603 0.404122 1.07428 0.438058 -0.51223 -0.0621351 1.17918 1.20559 1.6446 1.85135 0.314918 -0.520176 
0.00502103 1.38057 -0.923217 -0.386143 -0.461692 1.4661 -0.392666 -0.69038 -0.635076 0.520167 0.940701 0.249342 0.24015 -0.351662 -0.613962 0.159495 0.438569 0.533034 -0.656974 -0.456154 0.599005 0.358718 -0.0200971 -0.0167325 0.0923548 0.38816 -0.353623 0.308505 0.4394 1.75142 0.356902 0.0401216 -0.041285 0.620508 0.806652 0.96905 0.927677 2.61791 1.04857 
-0.0254665 1.19468 -0.792306 0.349488 -0.11816 0.834765 -0.400832 -0.323675 0.143321 0.858617 0.396466 0.630809 -0.372478 -0.330028 0.102629 0.473739 0.700486 0.12108 -0.256694 -0.1125 1.2318 0.882241 0.0697382 -1.77274 1.52767 1.04425 -0.578371 0.124352 0.351796 0.0937684 1.18211 -0.159474 -0.61795 0.515557 -0.30529 -1.09663 -0.876154 0.315585 0.648487 
-0.119182 1.45974 -0.721138 0.252938 -0.355757 1.21206 -0.49534 -0.113395 0.325135 0.665588 -0.308652 1.81118 1.27676 -0.610484 0.800745 0.392806 -0.344493 0.920581 0.484939 -0.353216 0.0120382 -0.700159 -1.06088 -1.07261 0.290564 0.456019 -0.523837 0.123424 0.38311 0.577224 0.27664 -0.776141 1.0055 1.93606 0.286226 -1.1965 -0.833552 0.126651 -0.0673697 
-0.221849 1.72477 -0.625494 0.0629139 0.709435 1.36075 -0.664717 -0.320577 -0.568639 -0.582847 -0.35499 0.923712 0.0812857 -0.541822 0.0828683 0.127189 -0.0396135 0.214585 -0.632789 1.42785 1.19599 -0.63342 -1.24656 0.735711 -1.37178 -1.09395 -0.457289 0.418541 0.195963 0.351696 0.0942508 -0.558291 0.60914 0.0672042 -0.248935 -1.0193 -1.31816 -1.22434 0.105208 
-0.297894 1.52615 -0.670072 0.236429 -0.16542 0.562461 0.433584 0.44674 -0.3163 -1.03649 0.225876 0.398974 0.194747 -0.15118 -0.206481 -0.0825007 0.74096 -0.810106 -1.12097 1.14982 0.0255871 0.414954 0.0541296 -0.559492 -1.75804 -0.290221 -0.527832 -0.142681 0.257146 -0.0136333 -0.215544 -0.799604 0.407707 -0.0366466 -0.274557 -1.02728 -0.485706 -1.50527 -0.981391 
-0.300024 1.60429 -0.665802 0.737846 -0.0251538 0.197704 0.078006 -0.311105 -0.102225 -0.459333 -0.741544 -0.884687 -0.20436 -0.336644 -0.265952 0.278128 0.0077736 -0.486603 -0.283992 -0.894875 -1.29118 0.322646 0.232154 -1.34561 -0.433263 -0.0970668 -0.686198 -1.01677 0.0221473 0.175233 -0.655636 -1.06027 1.00997 0.701493 0.793071 0.986668 0.971187 -1.03525 -0.0753007 
-0.4238 1.36725 -0.553232 0.261897 -0.608003 0.279715 -0.193059 -0.163315 0.0525701 -0.663111 -0.719721 -0.0505704 0.100488 -0.9895 -1.1873 0.122885 -0.551375 -0.00527985 -0.099082 0.171375 0.823259 0.339638 0.864407 1.73858 0.51778 0.230622 -0.49843 -0.418384 0.17146 -1.1062 0.225879 -0.368249 -0.141444 0.37943 2.52077 0.420725 -0.282334 -0.00342499 0.637978 
-0.593951 0.850286 -0.616611 0.268013 -0.0332762 0.10944 0.165448 0.0736639 0.2846 0.801454 0.506171 -0.358722 0.0260701 -0.493139 -0.299008 -0.00587237 -1.32053 0.759595 -0.130938 0.70914 1.72813 2.15598 0.143202 0.98544 0.432855 0.928123 -0.852691 -1.04503 -0.0427604 -1.61642 -0.299259 -0.180256 0.345512 0.857446 0.979332 -0.214051 0.380127 0.567282 1.98048 
-0.589982 1.18701 -0.560148 -0.889259 0.0742799 0.157946 0.254533 0.647186 2.35878 -0.414579 -0.00759765 0.388284 1.02203 -0.426851 -0.245626 -0.183297 -1.35954 -0.370098 -0.0971306 0.280202 0.225042 0.60082 -1.0983 -1.28528 0.167581 2.27679 -0.688026 -0.568965 0.57158 0.175648 0.491309 -0.357801 0.653946 0.750743 0.747426 0.584765 0.656179 -0.484918 0.879426 
-0.743073 0.70452 -0.700841 -0.917705 -0.370697 0.0232282 0.325773 0.176978 0.947425 -0.69253 -0.396525 -0.191966 2.28394 -0.650568 -0.474522 0.89948 1.5106 -0.158886 -0.271836 0.146104 -0.816295 -1.44694 0.389596 -0.193168 -1.01183 0.204425 -0.381994 0.169648 0.737105 -0.41913 0.871325 0.553783 0.15145 0.924083 0.728063 0.435438 -0.208509 -0.3117 1.75552 
-0.796681 0.893397 -0.172549 0.467427 -0.0724933 -0.112016 0.325051 0.260561 0.857677 0.179783 -0.13364 -0.654712 1.22651 -0.210142 0.495149 1.33395 0.852307 1.44 0.75492 -0.0826064 0.908484 0.088901 1.48777 1.01577 -0.538416 -0.0502918 -0.678908 -0.494353 1.00371 1.07189 0.581513 0.427497 0.616893 -0.185958 -1.12299 -0.024162 0.0822245 -1.38956 -0.116506 
-0.836423 1.03723 -0.123917 -0.144141 0.925746 0.833175 0.24312 0.601844 1.06929 1.44319 0.337165 -0.749369 2.23603 -0.478042 -0.195663 0.665189 -0.269788 0.870967 0.782702 0.660647 0.53014 0.28953 -0.441233 0.280659 -0.654168 -0.315477 -0.537576 -0.379165 1.05852 1.25523 0.765846 0.510569 0.512494 0.485669 -0.181279 -0.32769 0.990205 -0.195518 -0.225266 
-0.958978 0.779903 0.112956 0.247027 0.710319 0.727151 0.740166 0.50742 1.19155 -0.391975 0.0772783 -1.33085 0.915836 -0.684457 -1.00579 0.315836 0.603452 -0.500329 -0.147407 0.752724 -0.335666 -0.306594 -1.83073 0.18667 0.307187 -0.196567 -0.618598 -0.682267 0.256094 -0.859012 0.260528 0.370935 0.536385 -0.0542011 0.550283 0.550049 1.34037 0.664306 0.457281 
-1.05184 0.400466 0.00935384 0.408985 0.470773 0.694085 0.719901 0.441351 0.773221 -1.07881 0.481243 -0.439416 2.04318 -0.55071 -0.734802 -0.261505 -0.753161 -0.555195 -0.337643 0.0407386 -0.647785 0.222789 0.940712 1.35176 1.45611 0.920901 -0.823633 -1.43737 0.549552 0.500253 0.346556 -0.354982 0.13471 0.221287 0.0616229 -0.566552 -0.0937607 -1.13216 -1.96582 
-1.13998 0.318174 -0.00535417 -0.40155 0.205821 0.387976 0.740119 0.200078 1.4549 0.975911 1.04991 0.157592 1.83023 -0.683781 -0.970572 0.543564 -0.0328182 0.922317 -0.252088 -0.577037 0.570354 0.331288 1.25852 -0.315278 -1.66389 -2.22369 -0.490332 -0.902526 0.10034 -0.663308 -0.0927694 -0.744248 -0.243642 0.456498 -0.962352 0.667857 1.06602 0.375514 0.00112727 
-1.26709 -0.213548 0.241859 0.398496 1.29993 0.444894 0.306119 0.70713 1.15122 0.735135 0.268362 -2.15125 -0.15823 -0.265665 -0.500744 0.423317 -0.040348 0.434763 -0.514736 -0.360226 1.1833 -1.2199 -0.328163 -0.0562248 -1.00118 -0.885067 -0.522314 -1.22379 0.556735 -0.655155 0.0506564 -1.22158 0.0494073 0.0186534 -1.00718 1.11106 0.812104 -0.750216 -1.69811 
-1.24762 0.00762566 0.174753 -0.418709 0.594899 -0.137459 0.471539 0.75424 0.193714 0.562854 1.02125 -0.874484 0.955181 -0.185548 -0.709961 0.32699 -0.751132 -0.865666 -1.15563 0.641082 -0.594823 -1.37313 -0.220593 1.29902 0.766133 0.13772 -0.30805 -0.465657 0.990093 0.968928 1.92248 0.574439 0.868041 0.990982 -0.470937 -0.777391 -0.39574 -1.84448 -1.2418 
-1.35411 -0.659231 0.379991 -0.248284 0.515195 -0.754611 0.708131 0.424706 -0.271884 0.473059 1.20349 -1.37054 -0.0198506 -0.248895 -0.129694 1.12021 1.16045 1.93297 1.19656 1.49567 0.0357899 0.713161 -0.446407 -0.443196 -1.21146 -0.631119 -0.0987898 -0.079073 0.865332 -0.156746 -0.577746 -0.305482 0.421427 -0.246639 -1.8375 -0.232147 0.895529 -0.175126 0.261693 
-1.35094 -0.0632593 0.658536 0.627811 2.33632 1.13699 1.44588 0.768513 0.975253 -0.0161657 0.717402 -2.12225 0.331759 0.0174694 0.614981 1.02279 0.551509 0.146449 0.813724 -0.0901493 0.231061 -0.497272 -0.0306633 -0.212837 -0.972858 0.223477 -0.402417 -0.883459 1.15473 1.25548 0.273443 0.79458 0.859485 0.248694 0.543367 0.527155 0.27076 -0.470411 0.22734 
-1.38888 -0.249126 0.821324 0.258831 0.644029 0.117184 0.620426 0.530852 -0.769446 0.477561 1.06346 -2.37357 0.2035 -0.421914 -1.07944 0.678988 0.295596 -1.60125 -0.258616 -0.371423 0.233951 -0.207744 0.923913 0.762198 0.649917 0.949419 -0.171432 0.121005 0.715293 0.353794 -0.31086 0.976959 -0.789711 0.427553 0.419461 -0.259131 -0.825883 0.299812 0.365645 
-1.49879 -0.747593 0.950054 0.908235 0.887606 0.880931 1.1698 0.876018 0.783643 1.32814 1.27077 -1.46075 1.27441 -0.305826 -0.432833 0.0939932 -0.152583 -0.536151 0.336402 -0.944015 0.267431 0.879046 -0.246492 -0.814775 1.33682 0.267523 -0.402416 -1.07541 0.270073 -0.153304 -1.12001 -0.297298 -1.05503 -0.119602 -0.32122 0.86596 0.78843 0.988567 0.134208 
-1.50685 -0.51581 0.857925 0.142253 0.156722 0.486947 -0.0391275 0.654109 0.187387 0.179134 0.495358 -1.00749 0.470493 -0.248894 -0.395569 -0.253596 -0.491183 0.212524 -0.0737666 -1.00998 -0.435241 -0.149594 -0.121229 0.192472 0.541664 -0.74741 -0.20559 -0.566586 0.480882 0.497126 -0.533596 -0.619132 0.298198 1.26652 0.991423 -0.275169 0.348244 1.09578 -0.415911 
-1.60211 -0.990208 0.83519 0.491721 1.07608 0.819293 0.466075 0.668676 0.653482 1.20553 1.41897 -0.910283 0.535759 -0.0390869 -0.337402 0.658768 0.71955 -0.128556 -1.04322 1.33367 1.30406 0.0734773 -0.0460556 1.22892 -0.0164114 -0.752435 -0.127004 0.122197 0.381142 0.202399 -0.26196 -1.16173 0.0160355 -0.454388 0.824038 -0.0485511 0.0555887 0.566764 -0.0333869 
-1.55618 -0.720855 1.14063 0.79822 0.037326 -0.594326 0.826723 1.26509 0.292952 0.162031 1.38063 -1.02946 -0.273135 0.0340994 0.579367 0.851469 0.712617 -0.54185 -1.26433 1.03035 -0.194221 0.935087 0.0461841 -0.137689 0.143074 0.740147 0.000931457 -0.280455 0.629192 0.772719 0.393694 -0.810693 1.04025 0.170178 0.139158 0.119364 0.811063 0.948038 0.0587282 
-1.6326 -0.603105 1.20187 1.14155 0.58363 -0.494539 1.12879 0.574731 1.66954 1.31789 1.33238 -0.768664 1.27105 0.0361222 -0.0365133 0.324306 0.170518 0.608743 0.113534 0.0271573 -1.13474 0.0285872 0.132172 -0.24646 1.15929 0.860194 0.176421 0.346375 0.510095 0.412616 -0.165366 -0.519077 0.641753 0.681622 0.143023 -0.189005 0.0688296 0.483236 0.539732 
-1.58615 -0.731554 1.27759 0.967849 0.583444 -0.458968 0.81758 0.728641 0.351081 0.395083 1.21669 0.154525 0.581104 0.253504 -0.0850599 -0.0533421 -0.244728 0.331785 0.673921 -0.19106 1.01765 -0.829165 -0.256034 0.208731 0.441296 -0.031768 -0.116113 -0.479458 0.131495 -0.0544389 0.500474 0.00386032 -0.216964 -0.354437 -0.250484 0.677438 0.593454 1.00245 0.474882 
-1.60663 -0.645161 1.17427 0.943346 0.879756 0.230216 0.973498 1.05096 0.821252 1.00607 1.49215 -0.321151 1.24149 -0.232883 -0.61304 -0.114113 -0.250198 0.00328245 -0.0955409 -0.311729 0.633105 -0.315338 0.489571 0.96171 0.0489754 -0.232793 -0.00867728 -0.838137 -0.136634 -0.125205 0.0940503 0.289639 -0.0486778 0.282286 -0.998401 -0.155689 0.367722 0.50152 -1.05487 
-1.68535 -1.11464 1.22351 0.764802 0.583051 -0.543508 0.581478 1.02394 0.0457727 1.12977 1.91194 0.199625 0.352362 -0.272378 -1.0613 -0.152848 0.0820821 -0.221558 -0.323443 0.126735 -0.704949 -0.203917 0.0781607 0.229333 0.165044 -1.251 -0.0313814 -0.330756 0.00255019 0.485674 -0.197919 1.10859 0.584302 0.258559 -0.746565 0.301734 -0.0664948 -1.1876 -0.531838 