-0.544519 -1.07896 1.31743 0.705369 1.15532 0.764714 2.04774 1.92714 1.08269 -1.25589 0.6718 -0.836179 0.456834 1.54244 -0.340816 0.242524 2.63387 -2.1701 0.133481 -0.326943 0.706791 0.93733 1.94166 0.228902 -0.994462 0.739821 1.50588 -0.407825 0.0939639 2.04647 -2.81993 -0.437709 -1.03775 -0.371398 0.0758863 0.99599 -0.0934809 -2.1182 -1.43517 
-0.153274 -1.71404 1.37766 1.66094 -2.24077 0.515897 1.47328 1.97644 0.850828 1.68942 1.05442 -1.65892 0.482015 2.74254 -0.93664 -0.0608659 1.3785 -3.56612 -1.07232 -1.97369 -0.563879 -0.86635 1.51298 0.314598 -1.37658 -2.10877 0.329592 1.2132 0.787209 1.46383 -0.552283 -0.651806 -0.971664 -0.0867376 0.393495 1.07549 0.19698 0.293056 0.204268 
0.181477 -1.63432 1.28215 1.65728 -2.56081 0.0200195 0.535618 1.60482 0.121854 0.489085 0.878137 -2.61033 -1.52759 -1.01475 2.1979 0.994226 -0.735159 1.61534 -1.03536 -0.892222 -0.847031 -0.488481 -0.750907 0.0146281 1.27816 -0.524611 0.058944 0.459903 0.426818 1.36657 -0.203978 0.212027 -0.951148 -0.710236 0.440047 1.98064 0.491296 -0.83227 -1.28839 
-0.472351 -0.396535 1.90246 1.16721 -0.606719 -0.202412 0.758735 1.5024 0.297815 0.879874 1.06354 -0.0045754 0.00836341 -2.66777 1.65316 0.730577 0.393242 3.39384 1.39212 0.780803 -0.366203 1.36809 0.718134 0.299291 0.555252 0.56355 -0.887225 1.04323 0.0726011 -0.898315 1.77945 -0.330355 -0.356108 -0.298111 0.689777 -0.718193 0.946601 0.818541 -1.00824 
-0.597383 -0.642293 1.667 1.93533 0.909648 1.03455 1.05493 1.38843 1.57259 1.33717 1.07441 -1.8896 -0.963486 -0.493923 -0.598166 -0.881839 -0.449505 0.390417 0.588095 0.461635 0.439025 1.27395 -0.119991 1.1722 -0.478456 -0.690202 -1.83968 0.957087 0.263831 -1.0121 2.2025 0.662887 0.542221 0.221851 0.741223 0.215291 0.704223 1.99521 1.80718 
-0.646563 -0.749656 1.43139 0.868857 -0.23748 0.238169 1.04266 1.71748 1.64695 0.782237 1.83373 -0.618836 -0.623208 -0.434851 -0.183852 -0.317308 -1.72643 -0.923512 -0.434693 -0.0605552 0.61688 -0.524174 -0.516092 0.582539 1.3999 1.54212 -0.463195 -0.344773 -0.688154 -0.0485531 0.139554 0.355451 0.334381 0.803728 2.2624 0.415273 -0.577424 -0.554627 1.0522 
-0.755164 -0.747864 1.4956 0.763621 -0.0778282 0.74502 0.953747 1.69881 0.981057 0.792583 1.45691 -0.0780361 0.533856 -0.305125 0.0963205 -0.202746 0.374056 -0.185457 -0.0654578 -0.00764828 0.548768 1.29823 0.551891 -1.90316 -0.0702351 1.90546 -0.296743 0.066492 -0.160482 -0.839184 -1.31938 -0.628261 -0.0328388 0.486071 -1.05846 -0.587546 0.0353632 0.786416 0.875969 
-0.768261 -0.687827 1.32081 1.13378 -0.462868 0.212217 0.980497 1.99137 3.02229 1.44274 0.581949 -0.705895 1.22065 -0.0856362 0.304705 0.0629621 0.618947 -0.473617 -0.433888 0.0441033 -0.0314913 -0.676585 -0.20464 -0.542383 -0.631738 -0.534708 -0.195848 0.617649 0.0156952 0.379057 0.733434 0.375831 -0.534064 -0.412211 -1.01713 -1.11749 -0.675476 -0.501723 -0.339013 
-0.815813 -0.561527 1.52605 1.19604 -0.600759 0.456067 0.929747 1.66177 0.225028 0.59943 1.09981 -0.890254 0.0505762 -0.0465124 0.859042 0.225597 0.108665 1.04257 0.616917 -0.650914 -1.10131 -2.45204 -1.88173 1.04882 -0.426506 -2.33099 -0.293744 0.169409 -0.689906 0.191941 1.14296 0.280141 -0.0187718 0.373466 0.999702 0.147779 -0.294548 -0.32335 -0.669025 
-0.818028 -0.170278 1.43759 1.21719 0.579759 0.673372 0.443921 1.38107 0.350055 -0.642814 1.27102 -1.25306 -0.97571 -0.429832 -0.028024 -1.1503 -0.380474 1.78044 0.850019 -0.0425342 0.474233 1.81416 0.329084 0.167388 0.310152 -0.280038 -0.108211 0.779816 0.270289 -0.416922 0.0107088 -0.888258 -0.907124 -2.07731 -3.07767 -2.1849 0.369246 0.160397 -1.52948 
-0.972198 -0.573993 0.912481 0.944897 1.20376 1.08362 0.841851 1.89572 2.15721 1.00852 1.20936 -0.486059 -0.189831 -0.158463 0.34186 0.197832 -0.664955 -0.979097 -1.8532 -0.48557 -1.56056 -1.04282 -0.674982 -0.588514 0.579942 0.501432 0.579903 2.05891 0.960638 0.37413 -0.211284 -1.13923 -2.44563 -2.82997 -1.40618 -0.252687 -0.303963 0.794167 0.24165 
-0.898933 0.0382595 1.53964 0.771476 -0.465112 -0.628745 0.0292863 0.524683 -0.80124 -1.36669 0.883582 -0.500447 -0.470845 1.37643 3.16561 2.65993 0.856764 -1.96074 -2.44125 -3.06491 -4.08958 -3.40998 -0.664932 -0.55423 0.465622 0.539335 1.10858 1.86893 0.94028 0.685179 -2.1924 -2.48115 -2.55068 -2.17867 -0.994829 1.21069 -0.396497 0.98911 1.60132 
-0.62618 1.32171 2.32147 1.53997 -0.854716 -0.638267 -1.47504 -0.315825 -1.54891 0.295983 0.844465 0.118918 0.351181 1.98981 2.50807 1.27976 1.54726 -1.37671 -1.63583 -2.75645 -1.22972 -0.0856508 2.02113 0.0852302 0.387259 1.36145 1.74497 2.04166 1.43099 0.867726 -3.24956 -3.45779 -2.67983 -3.5937 -2.04745 -0.22271 -0.942783 0.140412 1.67464 
-0.382307 1.54109 2.21601 1.83881 -1.92054 -1.77569 -2.06012 -0.154422 -0.919488 0.951666 0.939116 0.00332731 0.854202 1.51994 -0.0541412 -0.410252 0.263828 -1.55595 -2.42901 -0.342564 -0.493242 1.0856 0.363539 -0.636484 -0.33181 1.41002 2.23304 0.464155 -0.247053 0.320737 -1.50017 -2.66744 -2.46799 -2.17068 0.645004 0.675345 0.386588 -0.463665 0.756299 
-0.240245 1.29364 2.10073 1.7295 -2.49523 -2.35142 -1.78421 -0.600292 -0.403057 0.743952 0.425492 -0.305955 1.72255 1.72334 -1.78511 -1.67032 -1.14067 -0.218943 -2.11667 -0.379636 -1.55044 0.820248 -1.2903 0.396897 -0.846629 -0.495181 2.77361 -1.02627 -2.72771 -2.00798 -0.169613 -0.911533 -0.688662 0.528696 1.50879 -0.899393 -1.88813 -0.15149 0.728179 
0.0602038 0.478778 1.3264 1.06774 -2.1805 -3.26588 -2.39663 -1.00538 -0.0600209 -0.466526 1.19956 -1.08641 0.408617 3.09787 -1.47956 -3.88337 -2.89696 1.42141 1.15981 -0.514052 1.13263 0.630364 -1.44271 -1.74383 0.178985 -0.576918 3.00491 -2.89963 -3.8933 -3.04604 0.953527 0.779718 1.24732 0.524064 1.4737 -2.14256 -2.09303 1.31904 0.142532 
0.584584 0.413897 0.0363852 -0.242796 -1.06142 -1.50273 -2.21985 -0.0135441 0.251473 -0.846211 -0.721532 -0.0711578 1.19901 3.28156 -2.58506 -4.45724 -2.84747 1.31774 3.23933 2.00318 2.18395 0.855857 -1.21775 -3.03505 2.13781 0.637579 3.15734 -2.80401 -3.95236 -2.48358 2.06688 2.07447 2.01858 1.48687 1.79973 -1.00824 -1.33997 1.80817 -1.24575 
0.936125 -1.06149 -1.04257 -0.870707 -0.853742 -0.932744 -0.975812 0.144715 0.837878 -1.80285 -0.796404 1.67813 1.04332 2.16212 -2.74584 -2.33711 -0.356986 0.899987 1.79396 3.12563 0.720557 1.41615 0.238426 0.0533113 1.59251 -0.918015 2.76841 -2.24419 -3.17917 -2.12216 1.34214 2.82 2.03597 1.42605 1.28698 0.0692019 -2.58398 1.16925 -0.437299 
1.14914 -1.22244 -1.20717 -0.47787 -0.166021 -0.201348 0.0287755 0.352398 1.75409 -0.539417 -0.686983 1.98915 0.350183 1.32756 -0.792713 -0.546705 0.0652906 0.2078 0.768804 0.630682 -0.407812 0.608107 1.25188 -0.220898 -0.993715 -1.17903 1.83442 -2.4204 -1.52503 -1.11805 0.0808555 1.19115 1.79102 -0.518689 0.588857 0.159626 -0.714165 -0.315114 -1.2072 
1.26855 -1.53086 -1.33574 -0.816965 -0.673067 -0.363166 -0.56721 -0.0939753 1.46839 -0.352499 -0.942141 0.39843 -0.0544324 0.883946 -0.898727 -0.064214 -1.11451 -0.759485 -0.0894391 -0.805573 -1.40799 -0.745348 -0.100366 -0.956339 -1.90601 -0.531446 1.09733 -0.759913 -0.123191 -0.34951 -0.0740356 0.899075 0.358737 -0.809081 -0.520672 0.923477 -0.88117 -1.68177 -1.6638 
1.35817 -1.75515 -1.24422 -1.23105 -0.984129 -0.244419 -0.621862 -0.422233 0.923845 -0.614909 -1.31625 -0.468737 -0.129987 0.48496 -0.337698 0.351032 -0.533587 -0.237387 0.522656 -0.145493 -0.647485 -1.19787 -0.235851 -0.892284 -0.661791 -0.808952 0.741374 -0.473896 0.217382 -0.485999 -0.162025 0.232313 -0.683208 -1.0889 -1.29474 0.134662 -0.984861 -2.02701 -1.25382 
1.36661 -1.72835 -1.15237 -1.17283 -0.952076 0.0307013 -0.731038 -0.461093 0.149746 -0.58087 -1.5293 -0.4526 -0.799253 0.332876 0.201376 0.4044 0.468048 0.633275 0.437928 -0.0440546 -0.00177554 -0.723861 0.209733 -0.287324 -0.0885131 -0.972997 0.438301 0.142548 0.581011 -0.274013 0.655999 0.843739 0.310397 -0.388925 -0.735455 0.507863 -1.07071 -1.05252 -1.38684 
1.41393 -1.63055 -1.03252 -0.901844 -0.364124 0.0889661 -0.710879 -0.44335 0.116792 -0.340491 -1.50566 -0.579402 -1.03125 0.224664 0.573708 0.561287 0.16384 1.00947 0.690545 0.568754 0.124437 0.364086 0.774174 -0.459408 -0.375811 -0.852374 0.152418 0.437588 0.54724 -0.202092 1.0711 0.131838 -0.242591 -0.451038 -0.754099 0.660504 -0.628459 -0.349615 -1.55248 
1.39227 -1.38128 -0.857391 -1.05168 0.0563702 0.544415 -0.368108 -0.41458 0.516888 0.330451 -1.83185 -0.934299 -1.58549 -0.101683 0.481356 0.454783 -0.743916 0.594638 -0.231538 -0.241108 -0.599957 -0.131106 0.504033 -0.507853 -0.258864 -0.883684 0.092372 0.427272 0.698409 -0.0557376 1.47811 0.141967 -0.732361 -0.932757 -0.13343 1.08104 0.30923 -0.119578 -0.883982 
1.34882 -1.33866 -0.794076 -1.40156 0.215985 -0.0555405 -0.945222 -0.784999 -0.0505148 0.266009 -1.84006 -0.910068 -1.84735 -0.0939594 0.0934038 0.535746 -0.248667 0.665388 -0.469829 -1.48135 -1.33641 -0.513893 0.422949 0.844191 0.254322 -0.21589 0.0374811 0.520155 0.637727 -0.282112 0.683094 -0.180505 -0.996599 -0.883078 0.373196 1.52064 0.827874 -0.411765 -0.875528 
1.32931 -1.3212 -0.575969 -1.21267 0.709533 0.229806 -1.51713 -1.15085 -0.063551 0.845458 -1.27732 -0.602207 -1.76472 0.140527 0.32639 0.546773 0.363596 0.207195 -0.00380289 -1.01 -0.549079 0.556894 1.19837 1.54528 -0.149543 -0.17461 0.0314038 0.417837 0.425652 -0.238199 0.374419 -0.810765 -0.832768 -0.750476 -0.0573615 0.410509 1.47698 0.0571384 -0.330427 
1.35108 -1.13937 -0.5068 -1.14379 0.396035 -0.0374808 -1.74662 -1.09939 0.524721 1.65598 -0.824586 -1.09955 -1.98721 0.122632 0.559423 0.132131 -0.0743311 -0.202517 -0.65686 0.440125 0.355349 0.45051 0.00347477 1.01006 -0.202282 -0.199516 -0.0119634 0.612681 0.259349 0.0973492 0.625203 0.520931 -0.0502251 -0.61193 -0.0940818 0.535791 1.35265 0.735586 0.151681 
1.32659 -0.982668 -0.508795 -1.25443 0.46653 -0.218313 -1.24907 -0.980606 0.396867 0.887138 -0.613735 -0.8598 -1.92833 -0.18443 0.621451 -0.140557 -0.248596 0.531067 0.76047 0.971276 -0.25647 -0.661996 -0.627946 0.152511 0.867793 0.327798 0.0633262 0.301048 -0.531188 -0.960969 -0.339448 -0.200204 1.01813 -0.240162 -0.236656 -0.209631 0.989499 0.370848 0.246791 
1.26295 -0.763777 -0.584375 -1.30473 0.910504 0.526148 -1.08684 -1.25698 -0.215563 0.98518 -0.724817 0.0248141 -1.64793 -0.0405367 -0.0834279 -0.969746 -1.19212 -0.118524 0.393659 0.889803 -0.689946 -0.717594 -0.289835 0.230757 0.562374 0.464876 -0.0701371 0.0447015 -0.774329 -1.26986 -0.608152 -0.168532 1.22083 -0.0325713 -0.439061 -0.279276 0.777461 1.48033 0.522364 
1.27848 -1.02824 -1.02652 -2.06069 0.310255 0.0834715 -0.649364 -1.37048 -0.403423 0.597852 -0.462521 -0.129872 -1.45833 0.0431717 -0.533591 -1.07962 -1.42106 -1.14718 -0.978879 0.618329 0.184847 0.164953 0.261536 0.821478 0.581771 0.262571 -0.0648352 0.46257 -0.0974615 -0.482097 0.0115967 0.547784 1.09043 -0.596321 -0.463725 -0.99039 0.00707296 1.80596 1.37152 
1.23813 -1.07831 -1.16042 -2.26758 -0.307922 -0.151841 -0.687345 -1.1781 -0.0633401 1.31805 -0.18522 0.779793 -1.37087 -0.0918484 0.803985 0.814556 0.550753 0.182972 0.400985 0.532749 -0.0958296 0.19253 -0.893923 -0.2262 1.20694 1.12698 0.137696 0.449666 -0.134411 -0.278294 -0.626325 -0.00848249 0.5824 -0.00513905 0.00425513 -0.499759 0.985805 1.46241 1.53482 
1.21611 -0.543584 -0.597102 -1.67491 0.465293 0.390485 -0.312988 -1.44199 -0.221437 -0.373075 -0.611744 1.43249 -0.356891 0.163383 1.23461 0.86629 1.04572 0.511111 0.986821 0.153391 -0.221719 -0.158331 -0.881367 0.414685 0.850195 1.52188 0.00560907 0.940353 0.443974 0.686637 -0.0783753 -0.752273 -0.0885916 -0.0312022 0.774129 -0.00629081 -0.169164 1.71851 0.972484 
1.24674 -0.336367 -0.703542 -1.54327 0.185941 0.573367 -0.630746 -1.31707 -0.26003 0.361291 0.0869222 1.88143 0.107178 0.0773532 0.639986 -0.117852 0.333459 -0.217325 -1.44495 -0.620625 0.0259412 0.68877 0.84128 0.00898582 0.476507 -0.00574352 0.0376782 1.1103 0.549779 0.895248 0.477004 -0.251699 0.209109 0.748568 0.461654 -0.39409 -0.90543 0.177045 1.45589 
1.20079 -0.156918 -0.662624 -1.43776 0.207 -0.620205 -0.827226 -1.44826 0.496129 0.613968 -0.606338 2.05153 -0.335709 -0.12421 0.466678 -0.00311126 0.110798 0.0644097 -1.32285 0.140112 1.13963 0.684617 0.382991 -1.5584 -0.680411 0.169479 -0.0755366 0.366572 -0.159282 0.56661 -0.27582 -1.43745 -0.580251 0.0764822 -0.00512942 -1.06696 -1.50662 -1.06988 -0.343475 
1.17537 -0.0532516 -0.708158 -1.45841 0.218556 -0.350162 -0.58394 -0.726566 0.453054 0.83121 -0.938182 1.00635 0.295466 -0.227647 -0.0647799 -0.134607 0.39408 -0.0338454 -0.568024 -0.0971066 0.040584 -0.69281 -2.11305 -1.90921 -1.53115 -0.425051 -0.325877 0.308711 -0.064678 1.14004 0.247119 -1.89374 -0.19194 0.314848 0.20178 -0.563982 -1.93873 -1.47144 -0.877448 
1.10064 -0.191345 -0.737041 -1.15914 0.138161 -1.00491 -0.955368 -1.44668 -0.277411 -1.7326 -1.8621 0.0777483 -0.714412 -0.445034 0.0209206 -0.100497 1.36525 0.25867 -1.33544 -0.360386 -0.771151 -0.453582 -1.07664 -0.885591 -0.768557 -1.23004 -0.354403 0.0244419 -0.238683 1.77014 -0.570223 -1.15456 0.0900559 0.700656 -1.21957 -2.21719 -1.03775 -0.897463 -0.606319 
1.01475 -0.0364732 -0.764468 -0.515555 0.451758 -1.28268 -0.906251 -1.15995 -0.0622926 -0.345891 -1.52094 0.0174386 -0.850934 -0.389336 0.121965 -0.242782 1.90446 -0.540615 -1.04488 0.238093 0.816638 -0.690994 -0.480784 0.598998 0.64581 -0.315739 -0.421471 0.518859 0.216027 2.71433 0.177146 -1.07677 0.512475 0.481247 -1.05698 -2.26877 0.0254187 0.146164 -0.961622 
0.955522 -0.114194 -0.868879 0.1525 -0.45395 -1.73001 -0.836302 -1.02925 -1.04899 -2.23735 -1.46877 0.915431 -0.988866 -0.284189 0.784864 0.438549 2.16575 -0.0124285 -0.167454 1.04253 1.35043 -0.745499 -1.57647 0.913233 0.908017 0.0702048 -0.714341 0.454548 -0.321479 1.80642 -0.134932 -1.05343 0.6935 1.35709 -0.937831 0.203805 1.77355 -0.00249544 0.347967 
0.898877 0.436756 -0.53464 0.974797 0.405033 -1.38144 -0.193914 -0.456494 -0.892699 -2.08699 -0.921013 1.19375 -0.757322 -0.83001 0.586446 -0.264878 0.441436 0.444157 -0.425 0.675955 0.872144 -0.372717 0.669624 1.62844 -0.652329 0.700425 -0.910335 0.142471 0.234389 0.768091 0.158077 -0.498859 1.15057 0.911943 -1.63135 -0.914595 1.96547 -0.320743 0.0805096 
0.687829 0.240482 -1.01245 0.463506 -0.0292214 -2.01262 -0.394311 -0.582079 -1.47706 -1.444 -0.398624 0.0766215 -0.294226 -1.26316 -0.54897 -0.0716063 -1.17522 0.237729 -0.51812 0.457064 -0.225549 -1.10614 0.479833 1.55571 -1.22704 -0.00095541 -0.900363 0.417964 0.206393 -0.214903 0.0952778 0.569559 1.16313 0.527522 0.418228 0.497872 1.51876 -0.792814 1.02595 
0.510706 0.113029 -0.575615 0.180094 0.616611 -1.73052 0.0866437 -0.597519 -2.11233 -1.5078 0.101319 -0.387278 -0.731573 -0.700647 0.0665731 0.587772 -0.734026 -0.287817 1.25044 0.839723 -0.234246 0.849666 -0.142786 0.278382 -0.130253 0.483869 -1.03734 -0.0937867 -0.316802 -1.51083 -0.509248 0.753626 -0.740553 -0.819605 0.133513 1.08208 1.10398 0.121154 1.02879 
0.456117 0.284537 -0.703408 -0.0294454 -0.360303 -1.09923 0.168458 -0.727765 -0.585846 -1.56735 -0.216097 -0.0879493 0.193889 -0.496736 0.427144 -0.428694 -0.808981 -0.745232 1.60388 -1.38016 -0.84308 1.25961 0.718487 -0.17084 1.34194 1.1886 -0.847503 0.817956 0.801152 -1.5097 0.854458 1.28403 -0.135478 -0.594978 -0.203718 0.295208 -0.299121 0.597059 1.04693 
0.335712 0.372523 -0.80614 -0.364123 -0.186779 -0.564831 -0.987748 -1.06945 -0.77867 -0.659316 -0.0115059 1.34943 0.428626 -0.741548 1.19208 0.670916 -1.2487 1.27783 0.585447 -0.987663 -0.549828 -1.07933 0.436684 -0.659131 0.712475 0.725169 -0.59598 0.897189 -0.0172756 -0.306631 0.256552 0.873569 -0.248451 0.484824 1.3275 1.6206 -0.429522 0.504223 1.87527 
0.213029 1.00107 -0.350235 -0.874407 0.925245 -0.660539 -0.616471 -1.04255 -1.77655 -1.03685 -0.64996 0.835829 0.912127 -0.52453 0.951472 0.399668 0.396656 1.07867 -0.34849 1.08749 1.42689 0.250386 1.0988 -0.374001 -0.850883 0.997375 -0.544672 1.16979 0.514075 -0.377391 1.09278 0.863327 0.492568 0.462372 0.0282187 1.23657 -0.17804 0.375516 -1.04195 
0.152987 0.945298 -0.596951 -0.0837442 0.893124 -0.792824 -0.242253 -0.325018 -0.534242 0.618312 -0.257904 0.254198 1.40646 -0.193854 0.599285 0.136086 0.744009 -0.0261165 0.655455 1.6443 1.10519 1.11318 0.939205 0.430746 -0.347801 -1.97974 -0.475981 1.19009 0.611802 0.200906 0.753225 -0.204234 1.37525 0.580581 -1.02195 -0.117355 -1.01687 -1.98412 -1.07532 
0.12228 1.36342 -0.280961 -0.356456 0.864386 -0.171874 0.539674 -0.470505 -0.600929 0.0606908 -0.367258 0.390304 -0.949252 -0.295917 0.870624 0.561096 -0.14648 -0.199824 0.0795903 0.69994 -0.721776 -1.40967 -1.2791 -0.909946 -1.10151 -2.2913 -0.346262 0.779091 0.220142 0.576951 0.301176 0.944039 1.53308 1.32993 0.345215 0.214398 0.147787 -0.849569 -0.87104 
0.0338492 1.46977 -0.302072 -0.174843 0.652901 -0.715234 0.217426 -0.731945 -2.08147 -0.787244 -0.85667 -1.16472 -0.752042 -0.409504 0.600519 0.208442 -0.00297221 0.408558 0.699594 0.345313 0.549191 -0.71918 -0.738189 -0.249119 -0.490513 0.926743 -0.30252 0.545091 0.539713 0.317423 0.544767 0.925909 1.08157 0.687615 0.776758 -0.231514 -0.332329 -0.995683 -1.26467 
-0.028451 1.7265 -0.17328 -0.349403 1.25236 0.348299 0.737816 -0.196388 -1.40293 -0.734509 -0.53155 -0.239527 -0.0387773 -0.234239 -0.0251209 0.286245 0.548748 0.849758 1.24982 0.711259 1.56248 2.29396 0.967591 0.487409 0.119721 0.774053 -0.425787 0.109012 -0.240401 0.965932 0.411577 0.325978 0.0230619 -0.0740432 -0.0351204 -1.74906 -0.385818 0.132993 1.06936 
-0.0681327 1.45904 -0.153091 0.209559 1.49644 0.197712 0.685453 0.0851377 0.368533 0.342326 -0.536715 -1.00646 0.012816 -0.326941 -0.415286 -0.588533 1.25175 0.095117 -0.21864 -0.290152 -0.67335 0.681066 -1.31758 -0.240727 0.617039 0.308746 -0.32654 -0.119865 -0.142419 0.428295 0.963707 0.949005 1.0687 0.335622 1.20052 1.44112 1.12775 1.02157 0.077952 
-0.156218 1.48265 -0.488651 0.515821 1.31668 0.213 0.467302 -0.577366 -0.693678 -2.18348 -0.690323 0.561 0.282327 -0.336114 -0.136189 -0.51217 -0.00175593 0.260222 0.112254 0.683447 -1.16768 -0.928223 0.643408 0.927377 0.879359 -0.70782 -0.621021 -0.843277 -0.664232 0.324301 0.131319 0.0523347 0.187167 0.249882 1.44149 1.55433 0.378287 0.686546 0.0488582 
-0.198451 1.38194 -0.427927 0.217444 1.73124 0.298618 1.13297 -0.560723 -0.659083 1.10609 0.072508 0.132846 -0.635558 -0.736232 -0.841347 -0.458413 -0.840509 0.1008 0.312593 0.555546 0.959536 0.958438 3.0587 0.712408 0.0530557 -0.276826 -0.842316 -0.209647 -0.287609 0.463292 0.597659 0.324756 0.873711 -0.724974 -1.12184 -0.11966 -0.895761 0.365809 0.0764615 
-0.397827 0.98423 -0.734952 -0.049959 1.38687 0.456916 0.82049 -0.083368 0.314934 1.30566 -0.222437 0.633165 0.0449831 -1.0974 -0.161061 0.0578021 0.59443 0.447794 0.366972 0.461467 0.218926 -0.344541 -0.826356 -2.05892 -0.524216 0.772295 -0.65154 -0.232373 -0.0832657 -0.362682 -0.105128 0.265529 0.344395 0.641428 -0.623579 1.71863 -0.334218 -0.594841 -0.0843408 
-0.540518 1.28999 -0.400208 0.63309 2.15973 0.581352 1.41677 -0.463578 -1.05675 0.211408 -1.28168 -0.540512 0.127623 -0.378014 0.509687 0.325559 0.355019 -0.16453 0.0828714 -0.0887296 -0.177342 -1.66512 -1.12873 -1.13732 -0.641236 0.151653 -0.765621 -0.171201 -0.0176805 -0.4033 -0.343132 0.189097 -0.911969 1.14671 0.130883 -1.18098 0.0347695 0.798478 1.67966 
-0.539799 1.29304 -0.565102 0.201942 1.18309 0.536847 0.698526 -0.198562 -1.508 0.0697799 -0.970697 -0.191319 0.21627 -0.207765 -0.0779784 -0.0874646 -1.13294 -0.772881 -0.0796027 -1.60416 1.20335 0.495028 -0.576461 2.09833 1.30422 1.18297 -0.712846 -0.40035 0.0292382 -0.236207 -1.12625 -0.0589962 0.249546 0.218926 -1.14845 0.0739643 1.17056 1.68521 1.62126 
-0.635136 1.24768 -0.449601 -0.132698 1.32779 0.545302 0.177181 0.161067 -0.54828 -0.401301 0.0974137 1.14749 1.28246 -0.83883 -1.09568 -0.2814 -0.675418 -1.02052 -0.146368 0.434036 0.424314 0.362122 1.16833 2.60597 2.29198 1.73475 -0.595785 -0.542643 -0.157327 -0.409105 -1.11136 -0.319974 -0.624826 0.549943 0.240621 -0.141183 1.90894 1.27178 0.377948 
-0.809946 0.642659 -0.717439 -0.250924 0.0954496 0.453138 0.962101 0.00863999 -1.14297 1.42586 0.742157 2.77232 1.89732 -0.813175 -0.723464 -0.161917 0.586853 -0.395815 -0.352982 0.829321 -0.53705 -0.219863 0.368775 0.299476 -0.0594529 -0.762927 -0.916709 -0.523079 -0.163063 -0.0286693 -0.494772 0.0091322 0.550152 0.89802 0.901588 -0.610963 1.27519 -0.927153 0.143486 
-0.898146 0.81969 -0.538515 0.277766 0.88519 0.314104 0.732278 -0.146875 -0.81138 0.0525761 0.293809 1.07435 0.581532 -0.719183 0.323863 0.0229927 0.625923 0.528911 0.179222 0.296371 0.682926 0.663988 -1.91598 -1.00565 -3.20648 -1.59123 -0.652637 -0.198375 0.0490351 0.320282 -1.50147 -0.151855 0.178817 0.0066351 0.285368 0.665045 0.442453 -0.977478 -0.963781 
-1.04681 0.840444 -0.708199 0.186262 0.607692 0.601849 1.12415 0.354418 -0.452153 -0.698334 0.0804656 -1.36506 0.406464 -0.302908 0.443281 0.237225 -0.180853 -1.20127 0.15816 -0.574624 0.515093 0.545866 0.35021 0.252949 -0.904463 -0.39945 -0.533533 0.485531 0.621619 0.373924 0.573635 0.588106 0.18554 0.490965 0.350236 -1.6203 -0.0556425 -1.29949 0.0151123 
-1.01923 1.08883 -0.415554 0.163158 -0.389092 0.447779 0.251966 0.108971 -0.248047 0.485506 0.459614 -0.0900801 0.227244 -0.197578 0.43146 0.953219 -0.149903 0.152723 0.672448 -0.0330618 -0.0913383 -0.264286 0.0082125 0.93129 1.92636 1.58335 -0.730364 -0.296641 0.450534 -0.279129 -0.658031 0.496512 0.548597 1.78096 0.861691 -0.577972 1.06302 -0.553823 0.619508 
-1.1386 1.10252 -0.205172 0.0928218 0.731497 1.10264 1.04324 0.285309 -0.763199 -0.651308 0.692261 1.1264 1.94313 -0.943253 -0.872249 0.469801 -0.195574 0.530388 0.563973 1.30304 1.71065 0.434915 -1.05994 1.08038 0.35656 1.10439 -0.465457 0.139988 0.818189 0.298749 -0.171864 1.26779 0.668194 1.16428 0.846998 -0.454319 0.698285 0.668246 0.825604 
-1.31842 0.571942 -0.169137 0.0384812 0.124676 0.871141 1.15643 1.00545 0.195539 -0.672751 1.16943 0.374049 1.30714 -0.605257 -0.199326 0.332275 0.527796 -0.289738 1.14047 0.914691 1.53588 1.22837 -0.575815 -0.0569324 -1.27423 -0.635338 -0.71598 -0.619255 0.505781 -0.590995 -0.242265 0.761074 0.827108 1.4774 1.02328 -0.128162 1.18461 0.565294 0.612919 
-1.34378 0.987699 -0.0317568 0.462894 0.398432 1.93753 1.6613 1.08814 0.536749 -1.26329 0.654327 -0.51558 1.36388 -0.278836 -0.0451913 0.324151 -0.587939 -0.74471 0.532317 -0.217829 0.130542 0.729452 0.867219 0.405962 0.19447 -0.407222 -0.570138 -0.763835 0.483871 -0.0147315 -1.68657 0.169609 -0.584795 -0.303222 0.841403 0.634934 0.896469 -0.784204 -0.195242 
-1.43281 0.549219 -3.43656e-05 -0.354554 -0.678177 1.27191 0.939256 1.05524 0.957013 0.343561 1.43584 0.628844 0.945437 -0.372762 -0.937023 0.427204 -0.559097 -1.51061 -0.880662 -1.63825 -1.95036 -0.270643 1.26019 1.18068 0.500107 0.379369 -0.365617 -0.295596 0.692329 0.818192 -0.763755 0.699625 -0.166565 0.495473 0.985747 1.05076 -0.186245 -0.879977 -1.18037 
-1.48429 0.432114 0.192049 0.0895851 -1.19526 1.32966 0.396563 0.0228808 0.218844 0.196446 1.43009 0.133933 1.75233 -0.356913 -0.382195 0.763315 1.64387 -0.0422713 0.477069 0.0300633 0.466756 0.392272 0.295105 -0.644671 -1.06264 -1.0106 -0.508442 -0.795101 0.879755 -0.211847 -0.80196 -0.29328 -0.508187 -0.996102 0.274081 1.80399 1.07266 0.813705 -0.10085 
-1.56891 0.325139 0.402187 0.778859 -0.755716 1.63323 0.904901 1.28518 1.35458 0.714311 1.01148 -0.739869 0.0083083 -0.502008 -0.246666 0.955159 0.270496 0.681677 0.485829 1.01283 0.658142 0.583823 0.767886 0.164777 0.294853 -0.524013 -0.384119 -0.872245 0.931936 0.891542 -0.578415 0.176865 -0.385334 -0.0483073 0.681257 0.18356 -0.211982 0.427044 0.154386 
-1.66075 0.289011 0.696105 0.283677 -0.525279 1.69723 1.087 0.355378 0.823143 1.10067 1.53792 0.518369 1.27925 -0.3098 -0.918299 0.701149 -0.492193 -0.541185 -0.206997 -0.49809 -0.558313 0.383513 -0.129535 0.373576 1.47792 1.16698 -0.345918 -1.10198 0.831373 0.939387 0.450322 -0.0996503 -0.130501 1.03744 -0.516626 -0.321618 -0.0323085 -1.22942 -1.76273 
-1.69191 -0.219258 0.771409 0.45131 -1.34842 1.50624 0.481032 0.965844 1.74269 0.605905 1.25659 1.17244 1.14789 -0.100774 -1.40167 0.35108 0.943636 -0.135456 -0.60682 -1.1544 0.625715 -1.16899 -1.18296 -0.209776 -1.50617 -1.58064 -0.265451 -1.17073 1.03456 -0.087029 -0.156681 -0.834323 -0.761736 0.144468 -0.83614 0.235978 0.196201 0.608172 0.955094 
-1.72561 -0.544196 0.879502 0.938163 -0.699037 1.28484 0.179105 0.6705 -0.464327 -0.196402 1.3995 -1.42314 -0.201511 -0.15832 -0.834125 0.924785 0.366519 0.420844 -0.953008 -0.452139 0.710963 -1.33169 0.355354 -0.131026 -0.884781 -0.0662513 -0.252195 -2.09435 0.498377 0.199436 0.298188 -0.00173713 -1.23368 0.778087 -1.53815 -1.04814 -1.40503 -1.19599 -0.33188 
-1.77277 -0.713363 1.25934 0.711077 -0.947759 0.84672 0.091053 1.32664 0.279618 1.04464 1.16995 0.0334319 1.11137 -0.345161 -1.74922 0.431223 -0.695379 0.514615 0.624303 -0.400429 0.329596 -0.576758 -0.0671771 -1.56262 0.327683 1.16352 -0.202399 -1.24922 0.804806 0.155802 1.60333 0.486051 -0.0838252 -0.300192 -1.58777 -0.386781 -1.05178 -1.1413 -0.255337 