-0.322997 -1.30241 1.04468 0.734155 -0.617186 -0.378315 1.90872 1.78487 0.842453 0.00896908 1.19184 -0.696885 0.0587946 1.39258 -1.75282 0.0446799 -1.00779 -1.92999 1.32674 -1.56402 0.851765 1.10596 0.346305 0.930631 0.937364 -1.74169 0.00204298 0.0780982 0.715727 -0.300187 0.0720815 -0.318323 -0.558601 -0.912951 0.828228 0.814739 -0.148066 1.96378 1.27586 
0.0794132 -2.26872 1.14015 0.295299 -2.12358 0.95412 0.566848 2.08601 2.06217 0.850769 1.65663 -0.772132 -1.49846 0.531986 0.549694 0.529199 -0.0938785 -0.0879005 0.55993 -1.07531 -0.35545 1.81406 1.41368 -0.00828897 0.33646 0.800716 -0.171802 0.472765 -0.000503007 0.834212 0.331318 0.494886 -0.195108 -0.260568 -0.0116197 -0.328422 0.553461 0.0279856 -0.712389 
-0.216496 -0.925849 1.38726 0.670497 -0.686319 0.197243 1.0185 1.57337 2.34559 1.65038 1.18063 -0.264322 0.909372 -1.72505 2.46769 -0.0498624 2.15744 2.32844 -0.743525 1.33146 -1.21155 -1.16196 -0.667743 -0.1926 -0.889081 0.952893 -0.365414 0.137988 0.291262 0.577476 -0.0213908 0.469014 -0.450382 0.340536 0.80609 -0.711477 0.283999 0.538342 -0.435967 
-0.471081 -0.748143 1.09835 1.50131 0.0842164 0.289027 1.59271 1.45309 1.06773 0.00664744 1.50986 -1.71046 -0.49205 -1.20892 -0.320904 -0.135192 0.893333 0.122086 -0.00885081 0.531373 0.74628 -1.01857 -2.1263 0.389394 0.265916 -1.26381 -0.960735 1.32277 -0.166796 1.62484 1.11436 -1.39468 0.672773 -0.917095 -1.51327 -0.863779 0.377974 0.479229 1.50078 
-0.616754 -1.06856 1.28883 1.16359 -0.557581 0.231426 1.4074 1.9042 1.47148 -0.935483 1.46193 0.0893299 -0.35415 -0.0110877 -0.518637 -0.182841 0.0706836 -1.12129 -1.02006 -0.505378 0.0319421 -0.457713 -0.200416 0.698183 1.42728 0.866039 -0.789942 -0.701894 -0.758824 0.686507 0.0479463 -0.687254 -0.398652 -0.513716 -1.37887 -1.70298 -0.234711 -0.59622 -0.103731 
-0.522663 -1.00879 0.968291 1.53046 -0.958681 -0.639281 1.15623 1.43229 0.664313 -0.279415 2.01828 -0.0577079 0.425419 -0.223334 -0.669787 -0.907519 0.0548456 -0.0162909 -0.876128 -1.01221 -1.42218 -0.461144 0.401125 -0.695366 -0.895332 1.19218 -0.188981 -0.243579 0.569178 0.307009 -0.0889499 0.196459 -0.426601 0.984793 0.899056 0.336773 -0.794051 0.642684 0.297894 
-0.730118 -1.41937 0.677735 1.18381 -0.559235 -0.55988 0.567415 1.1676 1.06518 -0.503214 0.945382 -0.855995 0.897294 -0.351941 0.193405 0.957091 0.359836 1.0857 1.23264 -0.00955392 1.16339 1.35001 0.558293 -1.74505 -0.711618 -0.464439 -0.0556042 0.312265 -0.257475 -0.00155983 0.762944 -0.235877 0.385054 -0.0900274 -0.904339 0.489922 -0.141334 -1.33534 -0.13826 
-0.673463 -0.844742 1.5949 1.72268 0.0780742 0.576571 1.11448 1.96844 1.778 0.340536 0.729684 -0.797529 -0.0195383 0.0976097 1.15162 0.55075 -0.0452339 0.860518 0.551749 1.48733 1.27535 -0.524445 0.113152 0.51308 -0.536542 -1.30449 -0.345881 -0.0365694 0.153385 -0.551813 0.00383003 0.679213 1.25946 0.530273 -0.071964 0.442962 -0.644032 -1.22465 -1.77885 
-0.750059 -0.683776 1.03462 1.14758 0.26533 0.0078911 1.71737 1.75887 0.605762 -0.414829 1.31765 -1.39998 -0.407889 -0.290245 -0.218066 -0.751725 -1.1008 -1.02547 -0.420495 1.55127 -0.535629 -1.46884 -0.0919735 0.896895 -0.600087 -1.58094 -0.0338414 0.541399 0.52018 0.234884 -0.427173 0.0081167 0.708627 0.47233 -0.399814 -0.383133 0.226815 0.77644 -0.0571924 
-0.806304 -0.926114 1.08722 1.09115 -0.87453 0.218944 2.31534 1.66825 0.526008 0.18397 1.38425 -1.41259 -1.6078 -0.184614 -0.337092 0.156462 0.37737 -1.24541 -0.573093 -0.617521 -0.719946 0.0642203 -0.490462 -0.207721 1.39742 1.2877 -0.370533 -0.0522806 -0.424771 -0.983052 -0.918483 -0.684105 0.150283 -1.37694 -1.75441 -0.481941 0.267139 -0.678439 -0.937163 
-0.852153 -0.836143 1.12978 1.34969 -0.894533 -0.494982 1.19161 1.36795 0.64037 -1.04725 1.15977 0.219383 0.941368 -0.395801 0.170592 0.166063 -0.228403 0.133158 -0.460572 -1.36252 -1.2182 -0.401931 -0.386242 -0.538123 -0.118594 0.527297 -0.203778 0.347963 0.634897 0.236522 -0.789555 -0.0312133 -0.653566 -0.576823 0.359336 -0.00138813 0.125408 -0.267184 -0.848824 
-0.969871 -0.775668 1.18875 0.951625 -0.735359 -0.17683 1.19647 1.03206 0.169406 -0.323997 0.983353 -1.48905 -1.03721 -0.204741 0.87076 0.707703 -0.0429987 0.486259 0.502902 -0.174262 -0.0347555 0.266062 0.503 0.378757 -1.6696 -2.23725 -0.231564 0.701733 0.006684 0.279651 1.33685 0.111173 -1.1389 0.271034 1.31389 0.303445 0.675329 0.371213 1.59061 
-0.960104 -0.268075 1.59085 1.31473 -0.422633 0.0262963 1.01874 1.31431 0.84437 -0.493328 1.43324 -1.59204 -1.31897 -0.0429904 0.876739 -0.161412 0.621604 1.30379 0.567222 -0.0212749 1.52224 1.7262 0.710084 1.43758 0.539519 1.39749 0.0983336 1.29005 0.544206 1.04275 0.717001 -0.0478334 -0.750585 -0.714298 -0.612237 -1.45064 -0.653218 -1.05961 -0.388606 
-1.03074 -0.204034 1.07291 1.29147 0.506899 0.40567 1.14539 1.74486 1.5988 0.477215 2.03559 -0.829349 0.424466 0.352902 1.03078 0.0323799 1.47712 0.31052 -0.593735 -0.735863 -0.891615 -0.947484 -1.97047 -1.23908 0.537083 1.82997 0.734898 2.66149 1.07719 0.963519 -1.31983 -1.94929 -1.5765 -1.51378 -0.544709 -1.06998 -0.331331 0.968174 1.94184 
-0.905733 0.395441 1.60364 2.13706 -0.116333 -0.496224 0.398762 0.838882 0.0299222 -2.8931 0.51679 -0.935065 0.585569 1.32373 3.01609 1.63071 0.704437 -2.6106 -3.01961 -1.8963 -3.44695 -2.3373 -1.78882 -1.87153 0.529525 0.941144 1.20853 1.82247 0.508023 0.586582 -2.38345 -2.41461 -2.55562 -2.09605 -0.885208 0.115466 -1.40437 1.15664 2.32231 
-0.693772 1.64364 2.14666 1.67804 -1.93938 -2.42585 -0.398435 0.0115592 -0.382029 -1.70564 0.65397 -0.180824 1.41884 1.77053 1.64382 0.658198 -0.665243 -2.7158 -2.43658 -2.37604 -1.76019 -0.0181843 2.10234 -0.616208 0.736582 0.956961 1.6055 1.14892 0.769894 -0.0207674 -3.26266 -2.84534 -3.29486 -3.73006 -1.46051 -0.12391 -2.19546 0.635444 0.0823566 
-0.438708 1.42461 2.03185 1.75117 -2.66175 -2.7728 -1.52699 -0.0641062 -0.00462657 -0.429324 0.0584628 -0.0549235 1.59614 1.50599 -1.31945 -0.581847 -0.721026 -0.702721 -0.545651 -2.11732 -1.24529 0.772573 1.67624 -1.03162 0.178275 -0.793506 1.87781 -0.113057 0.269998 -2.21923 -1.75468 -1.75427 -2.78274 -1.44454 1.09052 3.46203 -0.9306 0.638177 -0.468048 
-0.303752 0.905331 1.75174 1.26069 -2.58786 -2.9026 -2.11822 -0.637968 0.247052 0.249301 -0.10989 0.0747923 0.636916 1.54368 -1.77954 -0.293283 -2.3502 0.959896 0.226395 -1.0129 -0.0780597 1.10985 1.44713 -0.611529 -0.025815 -1.45785 2.8776 -2.71392 -2.74343 -2.61448 0.570061 2.01952 -0.160443 0.569037 2.43028 1.92745 -1.41761 -0.484111 -0.648895 
-0.0377176 0.41188 1.82848 0.415025 -1.74354 -2.5147 -2.36753 -0.139058 0.907509 1.25203 -0.396422 -0.027603 0.133917 3.58704 -2.59264 -3.17618 -2.83356 1.34774 3.02243 1.92705 1.92146 1.71419 0.306079 -0.841202 -0.685974 0.0795254 3.12795 -3.33312 -4.20307 -3.42731 0.927697 2.58193 1.84101 0.284857 1.55057 -0.290134 -1.41097 -0.0613579 -0.793794 
0.692038 -0.592378 -0.365249 -0.348056 -1.30418 0.0168073 -0.618195 0.271351 1.66637 0.56807 -0.733701 -0.636344 0.748985 3.99478 -3.03162 -5.46182 -2.31314 0.0544838 2.94888 3.26399 0.399362 0.460871 -1.72947 -1.2525 -0.0229021 0.573141 3.39508 -2.72654 -3.72546 -2.32422 0.989241 2.87719 1.87685 1.37812 1.2957 -0.138091 -1.70792 -0.115963 -0.607924 
1.07676 -1.34766 -1.80568 -0.900222 -1.6785 0.334698 0.196864 0.0210029 1.275 -0.859949 -1.32274 0.00297587 0.751454 2.42668 -1.33777 -1.92546 -0.325081 -0.269803 0.519549 0.367753 -0.23496 -0.408872 -0.433146 -1.41617 0.577972 -0.74523 3.22494 -2.20746 -3.28608 -1.84175 0.712133 2.30489 2.0312 -0.21407 0.789651 -1.07755 -1.06619 -0.251098 -0.367066 
1.35006 -1.34161 -1.65203 -0.542105 -1.54472 0.553931 -0.359559 0.119165 1.30394 0.00409208 -1.7804 0.066375 0.0164941 1.71624 -0.145109 0.96134 -0.187386 0.737267 -0.117688 -0.78091 -0.701084 0.317501 0.643001 -0.154842 -0.231816 -0.955049 1.82058 -1.10101 -0.875229 -1.12079 0.651004 0.0184687 0.148192 -1.21082 -0.694136 -0.819037 -0.717263 -0.0331005 -1.65304 
1.52798 -1.38552 -1.17626 -1.01662 -0.970078 0.265288 -0.458975 -0.360636 1.52217 -0.138844 -1.44174 -0.200137 -0.195894 0.785694 -0.232421 0.723485 -1.19201 0.998421 -0.528037 -0.181555 -1.31143 -0.357832 -0.38932 0.471013 -0.59601 -1.15191 0.970031 -0.221773 0.737804 -0.630434 1.18021 -0.618032 -1.55864 -1.91186 -0.621023 0.966012 0.227257 -0.640004 -2.32586 
1.53041 -1.43154 -1.18049 -1.22507 -0.590208 0.0939434 -0.538239 -0.562923 0.984352 -0.507551 -1.43907 -0.544127 -1.13245 -0.0171509 -0.148462 0.0436226 -0.660828 0.537904 -0.681318 -1.11487 -1.72072 -1.00807 0.357472 0.460786 -0.445136 -1.73487 0.523028 0.136494 1.0605 -0.305715 1.84076 -0.391902 -1.25424 -2.33655 -0.718442 1.17116 0.670051 -0.671493 -1.65394 
1.47463 -1.42538 -1.156 -1.40001 -0.449514 -0.340596 -1.38069 -1.24419 0.656873 0.241296 -1.10793 -0.641871 -1.94178 0.118083 0.459043 0.722993 0.786737 0.958949 0.00987851 -1.34293 -1.64068 -0.434183 1.59929 0.42145 -0.11513 -0.746292 0.122711 0.224044 0.468887 -0.182643 1.11062 -0.390377 -1.24241 -1.27233 -1.34912 1.25772 0.179916 -0.65554 -1.59865 
1.51643 -1.10905 -0.709278 -0.792095 0.327109 0.145953 -1.64151 -1.40708 0.600684 1.35551 -1.1342 -0.616715 -1.86603 0.208684 0.502203 0.59341 0.42343 0.665397 0.165053 -0.395181 0.0975095 -0.440675 0.940899 -0.217549 -0.248684 -0.0981859 0.0764216 0.428874 0.581657 -0.124834 0.396365 -0.290746 -0.828888 -0.39955 -1.05075 1.27595 0.0749487 -0.520921 -0.937566 
1.48702 -1.07714 -0.770799 -1.17193 0.191188 -0.140887 -1.72944 -1.23272 0.267757 1.31814 -1.27304 -0.863852 -2.01169 -0.00890798 0.192106 0.0683303 -0.945279 -0.493315 -0.402404 0.337289 1.10735 -0.703864 -0.282303 -0.317251 -0.432534 -0.307823 -0.00356258 0.315443 0.800787 0.710479 1.17478 0.444099 0.00869859 0.417411 -0.583918 1.78146 0.445977 -0.158899 -0.147843 
1.46548 -0.945772 -0.672617 -1.33592 -0.124048 -0.194454 -1.40713 -0.898514 -0.00931064 0.971663 -1.37264 -1.04435 -2.15061 -0.241816 -0.0157528 0.497726 0.557448 0.604166 0.355082 0.411225 0.389316 -0.211258 0.892336 0.813207 0.0940667 -0.0254157 -0.213135 -0.0457814 -0.0726467 -0.966825 -0.0785627 0.0382324 0.514156 -0.158543 -1.17097 -0.0893025 0.572829 0.832406 0.0965226 
1.36828 -1.03784 -0.449112 -0.86826 0.774192 0.239693 -1.43619 -1.07761 0.0711738 2.33698 -0.68003 -0.702431 -2.00709 -0.397096 -0.230142 -0.172219 -0.361792 0.468456 0.418462 0.29531 -1.33973 -0.559364 0.205061 1.08094 1.35418 0.472151 -0.165274 -0.028808 -0.351451 -1.04804 -0.108983 0.204883 1.23596 0.0628276 -0.472567 0.526311 1.05011 1.75004 0.780704 
1.30154 -1.03435 -0.795629 -1.55067 0.331076 0.246453 -1.20617 -1.59453 -0.498036 1.1698 -0.582716 0.526632 -1.63648 -0.0790327 0.00236111 -0.983073 -1.97531 -0.660444 -0.132047 1.10183 -0.345268 -0.324724 -0.340898 0.582678 1.82385 0.9959 -0.129401 -0.0615728 -0.217109 -0.882152 0.446078 0.0644345 0.611882 -0.294661 0.169993 0.326089 1.38854 2.46432 1.0601 
1.29692 -0.987736 -1.11036 -1.99298 0.165549 0.156616 -0.593142 -1.28409 -0.220633 1.88316 -0.256574 1.39393 -0.956639 0.140072 0.169177 -0.129322 -0.82978 0.0485204 -0.369861 0.456495 0.937374 0.692483 0.141906 0.763229 1.33923 0.827541 0.0173597 0.505101 -0.162406 -0.988516 -0.732416 -0.61459 0.437795 -0.618483 -1.44417 -1.23463 0.412449 2.2805 1.72978 
1.29396 -0.884745 -0.890167 -2.02935 0.390493 -0.0629804 -0.876882 -1.16963 0.0638309 1.29252 -0.0264632 2.0809 -0.758437 0.0831253 0.759466 0.756376 0.638646 -0.0396994 -0.662685 -0.562379 -0.461456 -1.22299 -0.905985 -0.0314302 0.669986 1.09286 -0.0253489 0.582146 0.271559 -0.537724 -0.685807 -1.0736 0.0789835 0.204407 -0.621001 0.367664 0.934738 1.0409 1.07624 
1.27276 -0.48605 -0.616982 -1.64352 0.141837 -0.431532 -1.075 -1.54777 -1.2663 0.754546 -0.284795 2.19958 0.193096 -0.211966 0.704517 0.496372 0.108029 -0.700526 -0.994947 -0.354717 -0.716532 -1.38303 0.247518 0.479835 -0.19123 0.491171 0.0494825 0.956622 0.186074 0.803521 0.279993 -0.87252 0.0047976 0.152665 -0.29618 -0.437298 -0.398696 -1.09425 0.720586 
1.1839 -0.415835 -0.569379 -1.97914 -0.25592 -0.967381 -1.19342 -1.55887 -1.11614 1.54136 0.321352 1.92318 -0.224838 -0.0218799 0.657955 -0.506284 0.469147 0.385147 -0.45239 0.573665 0.617687 0.870682 0.47336 -0.491754 -1.84011 -0.193209 -0.0584794 1.09392 -0.0033388 1.3567 0.583541 -0.908354 -0.0711885 -0.0610128 -0.778052 -0.878261 -1.20112 -1.61593 0.620173 
1.21804 -0.044912 -0.961741 -1.38965 0.518458 -0.819518 -0.652437 -1.28024 -0.55488 1.27307 -0.651586 0.197422 0.0258811 0.0811257 0.912261 -0.505435 1.75433 1.35947 -0.164633 0.273316 0.605937 0.528944 -1.13047 -2.0659 -1.54528 0.290163 -0.068458 0.422201 -0.328055 1.43821 0.932246 -0.342697 0.460914 1.20388 1.07793 -0.0731172 -0.837634 -2.18078 0.0236404 
1.15916 0.176987 -0.913574 -1.00047 1.03881 -1.08147 -1.00997 -1.29712 -0.691523 0.144677 -1.20323 0.250825 0.102927 -0.126714 -0.0164953 0.0529481 1.50441 0.633931 -0.00465626 -0.00601042 0.851221 0.20788 -0.534074 -0.612841 -0.509654 0.271662 -0.00487928 0.263008 -0.492556 2.15562 1.35689 0.0374221 0.36377 0.973677 0.0410322 -1.42914 -2.03221 -1.07125 0.806708 
1.1328 -0.00605604 -0.935291 -0.55193 1.12951 -0.781342 -0.691361 -0.897749 -0.399708 0.588573 -1.10744 -0.316482 0.3347 -0.116601 -0.501945 -0.17297 1.19782 0.0981642 0.179685 0.175843 0.575514 -0.530114 -0.31505 -0.621007 0.400128 0.710962 -0.348174 0.5108 -0.285929 1.63263 0.454439 -0.097473 0.533071 1.09217 -0.439383 -1.51499 -0.86273 2.00195 0.291369 
1.07687 -0.0737083 -1.03708 -0.335655 1.14501 -0.86784 -0.904114 -1.05035 -1.1557 -0.278276 -1.66508 0.754608 0.861594 -0.51955 0.786597 -0.448647 0.734341 -0.10832 -0.147828 0.661681 0.478196 -0.709308 -0.999117 -0.524996 2.70107 0.12225 -0.424553 -0.0176652 0.0277968 0.985302 -1.25211 0.337432 0.735326 1.35218 1.29634 -1.70776 -0.0686421 1.04515 -0.473593 
0.933211 0.511812 -1.24179 -0.1485 1.04113 -0.87944 -0.198723 -0.698881 -1.01427 -0.651259 -1.49868 2.76114 0.49052 -0.665557 0.504732 0.206507 0.157938 -1.33504 0.207972 0.726537 1.07859 1.8361 -1.415 0.535008 0.752484 -1.21839 -0.81632 0.725576 0.272071 0.16341 -1.39466 0.46132 0.910722 0.600612 0.64428 -0.138014 1.29618 1.3822 -0.618312 
0.834778 0.276039 -0.908704 -0.257298 -0.0993084 -0.627281 -0.359842 -0.555939 0.365927 -2.01474 -1.27669 1.65254 -0.355416 -0.95964 0.295353 0.816398 -0.4997 -1.27577 0.689352 0.454647 0.237398 1.3363 0.872129 2.24683 -1.18251 -0.800195 -0.997106 0.354203 0.396155 0.825063 -1.05354 0.234247 1.34235 1.61287 2.57651 0.963384 1.42706 -0.316099 -0.235498 
0.605518 0.736673 -0.708576 -0.441028 -0.147329 -0.180696 0.129091 -0.618548 0.0879116 0.343459 0.148765 1.49457 -0.298255 -1.13529 0.0379965 0.331014 0.97924 0.303249 0.0515321 0.916288 0.901037 0.802938 2.41279 1.36018 -1.07777 0.991504 -0.687073 -0.696483 0.139369 0.365863 -1.3856 -0.804591 0.522246 0.560616 -0.0429847 -0.02404 2.59056 -0.710569 -0.958839 
0.455956 0.347397 -0.697678 0.284247 0.20014 -0.535624 0.335494 -0.148925 1.02049 0.819764 -0.281378 0.503133 0.69053 -0.289593 -1.27819 -0.630208 1.0105 -0.098966 -1.72006 0.18782 0.428252 -1.42496 -0.882723 1.18952 0.42895 -0.278987 -0.724347 -0.945796 -0.229284 0.0474492 -0.925818 0.192532 1.40534 0.0586393 -1.76046 1.3656 1.37198 -0.936564 1.29225 
0.472866 0.0229806 -1.13559 0.118145 -0.226889 -1.77527 0.244479 -0.444265 -1.12725 -0.757382 1.01856 2.03059 -0.553307 -0.180264 -1.38283 -0.649213 -0.902777 -1.20313 0.156163 0.803372 -0.862219 -2.68001 -1.00425 0.462048 0.0788458 0.581722 -0.453787 -0.96525 0.254661 0.315468 0.368511 0.509615 -0.0463154 0.163328 -0.901275 -0.380856 -0.222637 -0.825126 0.990946 
0.355129 -0.428708 -1.13731 -0.235604 -0.919881 -0.344378 0.940935 -0.609884 -1.24795 -0.4262 0.053355 0.647527 1.31685 -0.544578 -0.0948885 0.974139 -0.568441 0.535833 2.32156 -0.238881 -0.258706 0.442562 0.507739 -1.4795 -1.30689 1.4972 -0.456895 -0.0739257 0.48953 -0.625133 0.836581 1.04737 -0.117035 -0.183669 -1.37211 -0.00273083 0.13971 -1.06882 -1.17003 
0.265992 0.0150781 -0.497672 -0.213151 0.291724 0.477042 0.0201606 -0.608141 -0.775126 -0.197801 -0.0747234 0.624899 1.01047 -0.659437 1.30392 1.31449 0.0617949 2.12341 1.11322 -0.940696 0.59846 1.20733 1.01542 -0.272068 -1.22137 -1.90975 -0.553628 0.720815 0.850621 -1.43344 0.00831992 1.32302 -0.0214222 -0.082106 -0.500581 0.0636296 -2.38537 -1.433 0.43131 
0.11482 0.397725 -0.27347 -0.211468 1.09471 0.757811 0.157888 -0.351816 -0.254004 0.739627 -0.151856 -0.662502 -0.608114 -0.46723 1.16992 0.185178 -1.37512 -0.470962 -0.70983 0.218184 0.121771 -1.00772 -0.428803 -1.6752 -0.231016 -0.938394 -0.4921 1.49355 0.873371 -0.259013 1.55449 0.705384 -0.930737 1.27343 0.839554 0.314626 -0.407201 -0.474896 -0.911624 
0.0816327 0.761586 -0.383449 -0.999386 -0.138369 -0.155979 0.159722 -0.584726 -1.64012 -0.756592 -1.31194 0.422681 0.0801795 -0.2429 0.893096 -0.124045 -0.403366 -0.461696 -0.268573 -0.189178 0.957307 -0.376999 -0.680158 -0.262382 0.723673 0.886197 -0.47672 1.09408 0.300513 0.585344 1.16851 -0.0718611 0.00811136 0.893362 0.394053 1.13664 0.348614 -0.704764 -0.501258 
-0.0042394 0.979115 -0.364505 -0.449667 0.673351 0.544785 -0.0268605 0.0828969 -0.589682 -0.11932 -0.349943 0.203198 0.329997 -0.407744 0.447087 0.221487 2.1853 1.73404 0.589155 -0.202856 0.959388 1.37415 1.60352 2.14189 -0.516246 0.398371 -0.26422 0.764489 -0.129863 0.407255 0.556197 -0.605692 0.0672492 -0.264509 -1.25461 0.0925301 -0.0716789 0.0535061 0.64848 
-0.0854109 1.07695 -0.245126 0.222339 1.50932 0.447396 -0.0359159 -0.148989 -0.506179 1.11152 0.258321 -0.0985972 0.51875 -0.253994 0.245355 -0.0581267 0.970627 1.0924 -0.515107 0.276642 -1.32201 -0.973324 0.788608 0.172361 -0.647682 -0.0715091 -0.542611 0.197724 0.279264 0.766089 0.659708 0.800075 0.0871305 0.844951 0.8857 1.36129 2.06108 0.46942 0.1701 
-0.126528 1.17415 -0.411784 0.0870202 1.71642 0.0971043 0.15924 -0.604398 -1.42582 0.775661 -0.228275 -0.465104 0.287405 -0.584462 -0.131561 0.156105 -1.12857 -0.996437 0.373095 0.314572 0.0613192 -0.495762 -0.199386 0.593114 1.04379 -0.147348 -0.294831 0.0611631 0.375738 -0.0699679 -0.0335764 -0.3927 0.239029 -0.0554611 -1.07841 0.221524 0.337766 -0.42384 -0.29535 
-0.303895 1.04717 -0.150201 -0.424852 0.584073 0.845122 0.180381 -0.155331 -0.941526 0.82669 0.689454 1.12519 0.398498 -0.297364 -0.128111 0.567713 -1.05433 -1.0708 -0.00404267 0.0203579 1.21835 -0.19353 -0.548426 0.279963 0.205419 -0.225897 -0.354128 0.186362 -0.122676 -0.197363 -0.408936 -0.289843 -0.333849 -0.65489 -0.478117 -0.957802 -0.690677 -0.359589 -0.0711121 
-0.261441 1.14644 -0.043641 -0.5183 0.721097 0.135864 0.141308 -0.0411851 -1.60752 0.0740222 -0.0274658 -0.179125 0.0867179 -0.0723951 0.430589 -0.328443 0.871094 0.630375 -0.764499 -0.716365 -0.913505 -0.0460003 -0.764791 -1.50305 -1.4163 0.114156 -0.421372 0.0268211 0.220232 -0.149306 0.0360942 0.591478 -0.459014 0.371053 0.589693 -2.03045 -0.291065 -0.0132598 -0.159926 
-0.373323 1.3527 -0.376913 0.0557025 1.19177 0.160065 -0.424071 -0.641535 -0.999419 -0.133322 -0.421149 -0.402889 0.546029 -0.479135 0.195491 -0.270889 0.862405 1.16435 0.707219 -0.574827 -0.789414 0.763685 -1.51117 -0.660582 -0.201916 0.0880573 -0.565502 0.324581 0.520263 0.592926 0.387602 0.2296 0.348659 -0.146598 -0.635852 -1.15401 -1.73503 -2.11804 -0.0255384 
-0.449266 1.31173 -0.232148 -0.0426469 1.83197 0.851615 -0.350464 -0.466305 -0.9859 -1.77727 -0.51843 -0.348791 0.207524 -0.960539 0.0691284 1.03577 -0.0505659 -0.173792 1.01823 1.14709 0.696037 -0.660012 -0.399759 -0.790221 -0.865354 -0.0936491 -0.796304 0.0728456 -0.460215 0.270317 0.348417 0.110083 -0.653465 0.480029 0.336299 -1.12315 -0.948769 -0.667778 -0.90311 
-0.701278 1.44262 0.301918 0.0164707 1.04171 1.17184 0.455012 -0.335434 -1.57261 -0.65743 -1.00746 -1.31468 0.480765 -0.964443 -0.0612851 -0.363267 -0.481935 -0.74824 -0.601923 -0.216832 1.35443 -0.457391 0.378126 -0.591222 -0.50519 -1.10157 -0.972045 -0.580258 -0.196851 0.251994 -0.216053 0.307321 0.483585 1.50847 0.297394 0.112522 0.966493 0.516407 -1.29222 
-0.778358 1.32387 -0.481975 -0.325157 1.1406 0.321301 -0.557228 0.163895 -1.38905 -1.37247 -0.958379 -0.857702 -0.889868 -0.795718 -0.883208 -1.30959 0.406042 0.00693472 -0.667972 -0.551783 1.15322 0.925794 0.528625 2.07535 1.44392 -1.37835 -0.856453 -0.294609 -0.110426 0.488022 -2.26298 -0.517781 0.569366 1.16948 0.410377 0.888885 0.347396 0.240376 0.749933 
-0.981256 0.964521 -0.576065 0.23475 1.06194 0.578664 -0.0184135 0.195717 -0.814943 -0.0729074 0.513856 0.356687 -0.900051 -0.586151 -0.338041 0.20769 1.15937 -1.53263 -0.0725738 0.916775 0.0715181 0.840823 0.543583 1.0563 0.784065 2.0358 -0.755608 -0.366252 -0.485295 0.160188 -0.262295 0.528449 0.191841 0.634147 0.918082 0.0784991 0.556401 -0.565908 -1.35889 
-0.997334 1.17094 -0.35281 0.317974 -0.289915 0.294831 0.138496 0.162573 -0.702687 -0.770086 -0.186571 0.0755539 1.22545 -0.575454 0.379858 0.641123 -0.175795 -0.221548 1.29287 0.791224 -0.395749 -0.0136865 -0.434504 -1.33342 -2.04042 -0.172202 -0.802513 -0.570517 0.308203 0.43639 -1.17984 0.194681 0.606779 0.300656 -0.0263222 -0.0771376 1.04223 0.768298 0.675339 
-1.19712 1.23979 -0.159193 0.124894 0.866866 1.85185 0.577357 -0.0356192 -0.845717 -0.638507 -0.471984 -1.86954 -1.04575 -0.868473 -0.461894 0.209496 -0.552366 0.370401 0.282938 -0.171195 0.269513 -0.912129 -0.608402 0.329141 0.0679735 -1.18947 -0.615662 0.14118 0.715384 -0.0295797 -0.0899312 0.492981 0.353615 -0.247798 0.182342 -0.168602 -0.330763 0.614045 1.06488 
-1.29849 0.944133 -0.222446 -0.00425584 0.0728113 0.606744 -0.0319359 0.258716 -1.48746 -1.54335 0.0504086 0.207787 0.0380578 -0.546726 -0.146433 0.333165 0.147186 0.184947 -0.712022 -0.354452 0.0519102 0.159664 0.276279 0.900222 2.72499 1.47753 -0.694191 -0.0060112 0.5368 0.190801 1.07246 0.862942 0.458191 -0.266291 1.33942 1.10719 0.469356 -0.638655 -0.452134 
-1.40462 1.20114 0.05326 0.197187 1.05484 1.21674 0.26103 -0.0465929 -0.731009 -0.355323 0.185027 1.23484 0.497886 -0.393425 0.481603 0.520455 0.82437 0.793489 0.757391 0.735528 -0.636444 2.26298 1.75305 0.297485 -0.743461 0.707326 -0.476296 -0.230547 0.306433 0.150349 -0.0148917 0.105868 0.928903 0.981759 0.45715 -0.981061 0.449185 1.30812 1.48293 
-1.46137 1.28008 0.114328 0.449948 0.834215 1.37025 0.519494 -0.0911042 0.392417 0.503328 0.264106 -0.567655 0.793002 -0.327494 -0.159878 0.0816003 0.0696395 -0.144049 0.812082 1.49296 1.13963 0.272473 -1.26421 -0.300315 -1.28686 0.320373 -0.572126 0.0290803 1.06966 0.323118 0.0236244 1.46066 1.238 0.585263 1.64194 1.60231 1.30171 0.700552 1.81646 
-1.5483 1.15447 0.0987292 0.225747 0.932797 2.0323 1.41546 0.47787 -0.521629 -1.91172 -0.0409596 -0.148452 0.856586 -0.651295 -0.410943 0.938555 -0.371877 -0.712812 1.02529 0.780012 1.33287 -0.597121 -0.102773 1.43166 1.52195 1.48357 -0.507862 -0.452521 0.516556 0.061887 -0.401724 -0.188879 -0.264858 1.27096 0.690883 -0.0254366 1.13692 -0.682402 0.250347 
-1.6993 1.08367 0.72863 0.229507 0.176225 2.38875 1.10634 0.528482 -0.127995 0.333866 1.31199 1.191 2.34283 -0.602888 -0.468731 0.620652 0.0265178 -0.214563 -1.07809 -1.8106 0.413043 0.403051 1.25219 1.81118 0.563879 0.025203 -0.603054 -1.04186 0.891068 -0.0963813 -0.58266 -0.0311472 0.346926 1.04271 0.397538 -0.810757 0.800091 0.941379 0.984917 
-1.77215 0.923589 0.502012 0.229988 0.744309 1.04876 -0.0601282 0.644666 -0.202664 -0.463149 1.28607 0.538502 0.913028 -0.448452 -1.07337 0.276101 0.252146 0.167333 -1.0954 -0.351399 -0.0652128 0.967183 -0.711238 -0.366951 -0.481995 -0.272465 -0.503895 -1.29492 0.669891 0.428255 -1.43108 -1.17911 -0.661436 0.373546 0.749953 -0.0335459 0.865041 0.364986 -0.604247 
-1.8782 0.492142 0.903206 0.360995 0.3476 1.38873 0.792442 0.459854 0.664409 -0.562195 1.037 0.708035 2.09446 -0.320436 -1.38302 0.291393 0.569389 -1.20714 -0.417759 1.00921 0.0190074 0.333983 -1.27249 -0.660439 -0.149715 -0.686576 -0.316302 -1.34505 -0.0917319 0.645621 0.454729 -1.00031 -0.780766 -0.490017 0.527586 -0.159229 0.306633 -0.317223 -0.14008 