-0.470993 -2.51199 1.37116 1.73992 1.11952 0.232484 1.92111 1.20083 0.582565 0.187235 0.830855 -0.7282 -0.0820762 -0.345646 -0.142282 -0.377094 -2.23699 -0.190171 -0.227934 -0.776693 0.236136 0.748748 0.172465 -0.128706 -1.89025 -1.87546 -0.0925747 -0.38629 -0.127722 -0.25892 -1.08076 -0.81029 -0.932345 -0.04548 0.69271 1.22498 0.373301 1.31994 -0.161448 
-0.553631 -2.39068 1.50095 1.02498 0.754747 -0.477719 1.98212 1.53827 0.810665 0.26684 1.46822 -1.20601 -1.42629 0.288414 -0.118655 0.0515973 0.112853 -0.845387 -1.48207 -0.448672 0.16436 0.0355802 0.837322 0.812929 1.14804 -0.618481 1.82371 -1.65744 -1.42709 -1.50612 -0.324662 -0.365876 -0.705382 0.14208 -0.157031 1.01795 -0.985597 -0.481864 -0.184039 
-0.427458 -2.49083 1.37718 1.75161 0.624372 -0.986301 1.45407 1.30496 0.659141 1.1132 1.2803 0.897035 -0.790681 3.334 -2.10243 -1.78924 0.173771 -0.359912 -0.253781 -0.151322 -0.0575323 -0.887024 0.906916 -1.25891 1.36732 1.69803 0.982095 0.529799 0.188625 -0.681717 -0.198558 -0.636443 -0.476188 -1.40487 -1.67343 -0.24181 0.270457 0.829889 -0.210257 
0.381807 -3.51752 0.549589 1.07606 0.53974 -0.700563 1.76155 1.46152 0.220976 1.26312 0.837556 0.729897 0.52658 1.31824 0.810999 0.234128 -1.03002 0.497034 0.649171 -0.182892 -1.94582 -1.78803 -1.12168 -0.482831 -0.193842 0.411898 0.830716 2.31922 1.08218 0.536781 -0.0726906 -0.655675 -1.54953 -2.12378 -2.39698 -1.13255 -1.66919 0.479585 1.68689 
-0.0823365 -1.93169 1.47812 1.02443 0.903852 -0.477002 1.20734 -0.311098 -0.581217 0.0600059 1.05423 0.621135 -0.315466 -1.97587 5.19762 3.43104 0.602964 0.212911 -0.604086 -1.86855 -2.63482 -1.63563 -2.15553 -1.06355 -0.807589 0.204995 0.980264 3.05738 0.8947 -1.05452 -0.792199 -0.368782 -0.702519 -1.43363 -2.59605 -2.40358 -2.19731 -1.17789 2.16806 
-0.237754 -0.419868 2.31316 1.40462 0.655271 -1.20745 0.117593 -0.716205 -0.909322 -0.834574 0.308735 -0.415541 0.76408 0.285408 3.27541 1.12316 -0.405401 -1.79504 -1.13466 -0.74142 0.127916 -0.946526 -1.50288 -2.56185 -1.11286 2.02618 -0.906332 4.19587 2.01053 0.238329 -0.977843 -1.5185 -1.32298 -1.46802 -1.24437 -2.37201 -1.53838 -1.7726 0.244336 
-0.0396809 0.0535943 2.04142 0.701064 -0.139275 -1.41409 0.497642 -0.236677 -1.21388 -1.37832 -0.255702 -0.956802 2.01443 0.482256 0.417564 -0.380342 -0.241124 -1.80789 -1.3737 0.1417 0.773348 0.339905 -0.434856 -1.08001 -1.16879 0.0939244 0.273556 1.9346 0.764768 0.650962 -1.2532 -1.17816 -0.712561 0.310512 0.685713 -0.283361 -2.2836 -0.873296 0.4219 
-0.137452 -0.0884036 2.09454 1.18747 -0.395273 -2.33836 0.139907 -0.115638 -0.612975 -1.19388 -0.228669 -2.07272 0.87397 0.158024 -0.696686 0.0369382 1.34086 -0.240439 -0.401381 -0.195882 0.2641 1.70533 1.17355 -0.600836 0.149156 -1.52981 0.747271 -0.0521112 -0.786569 -0.741857 -2.10335 -0.532893 0.316466 -0.356768 0.0521902 -0.167086 -1.80732 -0.0929652 -0.54625 
-0.0343299 -0.25975 2.03981 1.50669 -0.285343 -1.75661 0.240138 -0.051241 0.0685233 -0.112666 -0.543295 -0.746754 0.258777 0.738882 -0.506616 -0.813915 -0.759647 -1.58758 0.675202 0.251995 -1.22681 -0.25547 0.231389 -1.43135 1.08379 -0.674129 0.692236 -0.881351 -0.301272 -0.249917 -1.50118 0.170671 0.434619 -0.623338 0.252294 -0.0987235 -1.67438 0.663268 -1.1516 
0.0380043 -0.291756 1.65042 0.63508 -1.31869 -1.80795 0.253642 -1.14557 -0.746583 -0.880077 -0.949233 -0.538507 0.101431 0.972763 -0.505877 -0.494695 -1.65776 -2.19173 0.616091 0.742402 -1.05532 -1.40789 -1.30301 -1.72872 0.617417 0.27647 1.49339 -0.627244 -0.920006 -1.54606 -2.48506 1.33272 0.578128 -0.681135 -0.496121 -0.882813 -2.01145 1.20363 -0.410796 
0.209618 -0.462675 1.76171 0.373657 -1.55737 -1.27414 0.760366 -0.941378 -0.897314 -1.34906 -1.41889 0.12671 0.578396 1.70717 -0.35473 -0.58285 -1.35909 -2.41853 1.04782 0.480148 0.362358 -0.24376 -1.20966 -1.35916 0.291261 0.244548 2.52022 -0.308693 -1.50009 -3.16577 -3.15013 1.38286 0.550289 -0.254882 -0.429451 -0.932712 -1.42856 0.335068 -0.128519 
0.497024 -0.407213 1.32647 -0.304851 -2.72159 -0.975415 0.55649 -0.880035 -0.871734 -2.02216 -1.63217 -0.12713 0.384374 3.15905 0.0722849 -1.78242 -2.71263 -2.87828 1.17201 -0.0462684 0.730953 0.979629 0.270719 -0.264666 -0.22042 -0.392161 3.07997 -0.415438 -1.80967 -2.84848 -2.09006 1.74275 1.26035 1.03169 0.790817 -0.606688 -0.986268 0.757229 -0.75711 
1.09382 -0.331022 0.813901 -1.44136 -3.22557 -0.340898 0.626874 -0.37537 -0.138985 -0.995524 -1.53123 -0.186845 0.129814 3.34361 -0.2222 -2.1641 -2.57023 -0.955686 1.20741 1.13441 0.943422 1.11445 0.530305 -0.0293653 0.581119 -1.05923 3.01755 -0.439065 -2.72114 -2.3884 -0.950003 1.8727 0.821651 -0.0380244 0.0664694 -0.161473 -0.539487 0.15331 -0.329321 
1.43528 -0.445976 0.18016 -2.0278 -3.28038 -0.0134746 1.40165 -0.140825 -0.016046 -1.40637 -1.62183 0.694909 -0.83061 1.78924 -0.680943 -2.34779 -0.577095 1.32784 1.25189 1.0934 -0.78055 -0.879995 -0.468109 -0.512869 0.412745 0.0531791 2.66134 -0.960615 -3.22042 -2.15034 0.442054 1.97474 0.209812 -0.880703 -0.133835 -0.312861 0.534892 -0.58338 -1.43643 
1.57688 -0.635256 -0.427943 -1.87572 -2.46669 0.657108 1.43804 -1.04152 -0.723598 -1.38842 -1.77296 0.396647 0.192891 1.01989 -1.0868 -2.72384 -0.388558 1.63213 1.34893 -0.878668 -2.06074 -1.22803 -0.89158 0.72109 -1.21836 -0.510845 1.68514 -0.673408 -3.01283 -0.443472 1.92012 1.64768 -0.776754 -1.12367 0.117656 -0.142885 1.51117 -0.335258 -1.42906 
1.69303 -0.985077 -1.25726 -2.34027 -2.34591 1.06321 0.578191 -1.85056 -0.851996 -2.2271 -1.22026 -1.03249 -1.41555 0.971606 -0.242392 -2.2251 -0.00887575 1.71308 0.879943 -2.11373 -0.644617 1.03412 0.290842 2.5397 -0.770581 -1.61506 0.901278 -1.16549 -2.1648 -0.148383 2.07656 1.43895 -2.94802 -0.326484 -0.964104 0.0648545 0.55641 -0.46375 0.0428526 
1.82049 -0.685704 -1.60598 -1.94273 -1.48551 1.35352 -0.409146 -1.59686 0.0740787 -1.01456 -0.423292 -0.696359 -1.6607 0.454084 -0.497311 -0.56206 0.212808 1.65905 0.511974 -2.95009 1.64564 0.230644 0.939198 6.12103e-05 0.71583 0.585717 0.75743 -1.07417 -1.16793 0.4395 2.10049 1.29825 -2.83042 1.13325 0.523868 0.645346 1.11664 0.820301 -0.999143 
1.78508 -1.18305 -1.57039 -2.26396 -1.3959 1.46127 -1.96224 -0.538911 -0.634553 -1.1982 -1.19459 -0.0195992 -0.740631 0.26621 -1.21909 0.452086 0.650374 1.61639 0.798338 -1.56292 2.07908 -0.447591 0.385183 -1.05241 1.71398 0.53124 0.273943 -1.07452 -0.271207 0.121142 2.29455 -0.0049821 -1.34367 2.39099 1.03289 2.27702 0.487438 1.77144 0.223695 
1.85752 -1.30136 -1.39169 -1.58351 -0.560124 1.98377 -1.79977 0.0681265 -0.198271 -0.545383 -0.946304 1.73068 -1.04837 -0.0100168 -0.964646 0.14993 -0.0138767 1.98086 -0.525256 1.19648 1.38244 0.897729 1.50318 0.626768 1.29862 -0.30975 -0.0137993 -0.47097 0.644188 0.952455 1.42899 -0.425824 -1.03993 2.04843 -0.0607612 0.872248 -0.866353 0.562913 0.80091 
1.74122 -1.65146 -1.51324 -2.33419 -0.260206 1.0183 -1.06564 0.558182 0.0646305 0.400477 -0.842194 1.81897 -1.09453 -0.294535 0.567588 0.525016 0.704212 0.638869 -1.35786 0.202185 0.514965 0.411792 0.536473 -0.172133 -1.06042 0.386586 -0.278361 0.00774638 0.677025 1.5114 1.91214 -0.542185 0.948995 0.732969 -0.144405 0.574145 -0.307938 -0.625646 -0.201795 
1.73034 -0.883077 -1.13946 -1.1895 -0.1988 0.865703 -1.72732 0.458064 0.14999 0.0766404 -1.0104 0.227048 -0.602235 -0.452644 0.955971 0.877006 2.14548 1.0473 -0.185301 0.0153602 -0.455152 -1.02257 -0.904231 -1.08765 -1.98345 0.112577 -0.609286 0.597894 0.742956 1.23985 0.65074 -0.756014 1.96287 0.301124 -0.493373 0.549769 0.323854 -2.39671 0.290961 
1.56773 -1.00842 -1.07795 -1.00837 0.336799 0.850985 -1.14804 0.157293 -0.622941 -0.433033 -1.38358 -0.992393 -0.96321 -0.711411 0.216194 0.601979 1.04989 0.371409 0.369759 2.32106 -0.134845 -0.908097 0.036086 0.575253 -1.61876 -0.0358199 -0.584201 1.56059 1.08635 2.37349 0.0995687 -0.800241 0.329788 0.104996 -2.00721 -1.02249 0.114423 -1.85653 0.245641 
1.48108 -0.668144 -0.847207 -0.571989 0.0081905 1.14845 0.101433 0.318285 -0.454917 0.193126 -0.68486 -2.06763 -0.641411 -0.512119 1.12053 0.771137 1.18457 -0.91874 -0.860207 0.395566 0.586768 -1.08519 -0.225244 1.20437 -0.0874395 0.187794 -0.822493 0.721753 0.689506 1.10236 0.0203464 -1.66117 0.522405 0.137844 -2.60013 -0.932245 0.263468 -0.834022 0.262098 
1.37683 -0.270156 -0.697725 -0.303796 -0.200671 0.136431 -0.915304 0.605764 -1.35573 -0.580568 -0.730062 -1.11755 -0.745472 -0.644562 0.733908 0.443898 0.51308 -0.369578 -2.53273 -1.66099 0.308082 -1.8308 -1.06787 -0.254713 0.699282 0.354491 -0.805356 1.06844 0.047071 0.481075 -0.445006 -1.3322 0.00143672 -0.0312698 -0.175773 -0.0765227 1.50175 0.543524 0.215256 
1.25139 -0.153614 -0.637169 -0.30154 -0.212395 -0.922248 -1.37048 0.539575 -1.72616 -0.805706 -0.792008 -1.07818 -0.232151 -0.815719 0.295111 -0.700238 -0.485274 0.176141 -0.875777 -0.409346 -0.627807 0.926959 0.119816 0.809583 0.719172 0.0787892 -1.03193 0.678968 0.119113 0.281491 0.0136522 -2.13202 -1.72672 0.147319 -0.423075 0.10721 0.673391 1.77343 0.35109 
1.09702 -0.0095544 -1.08272 -0.678796 -0.106357 -0.590748 -1.34975 0.0641293 -0.635441 -0.37949 -0.282358 -0.0999177 -0.652971 -1.05525 0.158741 -0.263666 -0.0912383 0.3607 -0.241391 -0.588077 -0.12284 1.40933 1.16134 1.13584 1.31741 0.0631375 -1.28151 0.681093 0.292569 -0.360172 0.550482 -0.924728 -0.711554 -2.08054 0.0404424 -0.00174414 -0.461067 0.816476 0.715696 
0.901432 0.0280711 -0.795115 -0.42179 -0.0115838 -1.13505 -1.95307 0.409582 -0.657524 0.447615 -0.174215 0.787013 -0.157633 -1.29383 0.600392 1.14371 0.0151035 0.673754 -0.331312 -0.526652 -2.00976 -0.85503 -0.144294 -1.47988 0.219924 0.744278 -1.53184 0.813296 0.59493 -0.168148 0.539083 0.885127 0.278063 -1.44714 1.12347 0.51881 -0.0349585 -0.0445811 -0.140328 
0.677198 0.427711 -0.508728 -0.730296 0.275096 -0.876457 -1.88142 -1.60406 -1.20203 -0.44524 -1.02822 0.210391 0.204121 -1.46528 0.914284 1.16601 -0.111988 0.470959 1.38345 0.932101 -1.71218 -0.18454 -0.622294 -1.22341 -1.34793 -0.191961 -1.23755 0.957379 1.13159 0.771229 0.532034 1.57852 1.5852 -0.880473 -0.893932 0.527097 -0.705652 0.292673 0.463977 
0.431397 0.646984 -0.209525 -0.555456 0.25285 -0.0303711 -1.2756 -1.01602 -0.73991 -0.101056 -0.786377 -1.12396 -0.376202 -0.74356 0.666111 0.573079 1.08755 0.146629 2.37337 2.56139 0.892742 -0.0676611 0.692308 0.475102 0.129334 -0.201119 -1.14323 0.515156 0.238245 -0.00185451 0.232784 1.35435 1.70064 -2.33504 -0.784485 0.421208 -1.42672 -0.991641 -0.818146 
0.41852 0.903007 -0.231506 -0.0884433 0.35238 1.03088 0.146544 -0.906161 -1.20001 0.334223 -0.754895 0.392356 -0.0249701 -0.417256 -0.241604 -0.804981 0.139935 -0.129289 0.367652 1.25196 -1.24784 -0.621647 1.05568 -0.767457 0.250959 -0.690589 -0.889168 0.414478 0.720038 0.486497 0.487838 1.40557 1.67718 1.03843 0.930623 0.56872 0.526489 -0.598447 -0.254221 
0.268277 0.596992 -0.648996 -0.52625 0.17092 0.250663 -0.333012 -2.0631 -1.13795 1.04552 -1.16084 -0.76968 -1.16765 -0.721873 -0.128622 0.519134 -0.380718 0.603053 -0.555793 -0.407686 0.421588 1.08717 -0.0992341 0.205131 -0.78354 -0.0543511 -0.459997 0.0863852 0.00904753 0.303407 0.0991204 0.712621 1.56774 -0.30474 -0.581222 -0.749154 -0.0807512 0.31046 -0.449861 
0.166192 0.918397 0.0176609 -0.395847 0.693037 0.563154 -0.286522 -0.592343 -0.364018 0.313996 -0.622311 -0.71901 -0.0854366 -0.343599 0.338527 0.818175 0.312373 0.257136 0.550496 0.760196 0.860305 0.0318288 -1.88926 0.617263 0.118328 0.217569 -0.376213 -0.298214 -0.118748 0.264517 0.448511 -0.337747 0.221578 -0.648608 0.159116 0.516897 1.33545 0.643522 -0.292321 
0.126727 0.882718 -0.244306 -0.385561 0.311971 0.679953 0.201965 -1.39165 -1.06409 -0.783159 -0.813394 -0.603309 -0.915706 0.0985679 -0.290899 -0.699887 0.778963 0.0837178 0.110591 0.678648 -1.24483 -0.888913 0.636207 1.58139 1.52788 -0.243487 -0.492002 0.161398 0.488166 0.685038 0.0857143 0.770461 0.683818 0.500087 0.116193 -0.350199 1.79952 0.885053 0.274851 
0.154131 0.839879 -0.367153 0.0464996 0.734019 0.635754 0.180861 -1.63696 -0.95507 1.03678 0.22776 1.44437 -0.363205 -0.4698 -0.140877 -0.0778574 0.670462 -0.150735 0.442728 0.108651 -0.228088 0.120736 1.48756 1.8039 0.89799 0.115284 -0.411183 -0.501097 -0.711481 0.219357 -0.674288 0.421555 0.769292 -1.40649 -2.12663 -0.753813 0.0766763 0.276277 -2.26699 
-0.0517806 0.891016 -0.305618 -0.0133614 0.217665 1.02186 0.196884 -1.60743 -0.926015 0.799747 0.15268 0.667663 -0.781277 -0.779285 -0.401055 -0.380414 -0.443498 -1.1931 0.429761 0.300756 -0.538687 -1.34596 -1.47483 -1.51629 -1.19708 -2.25016 -0.355192 0.0989341 0.00514474 0.284844 -0.346203 1.17406 0.803108 0.596502 0.536654 1.05104 0.67747 0.536214 -0.20058 
-0.115009 0.697614 -0.585818 -0.301491 0.0382329 0.967148 0.335013 -2.10595 -1.87618 -0.373203 -0.537091 -0.252895 -2.94647 -0.118996 0.25465 0.0851279 -0.24396 -0.433807 1.07436 0.914492 0.982467 0.4794 -0.372356 -0.917195 -0.274489 -0.311107 -0.734788 -0.0729301 -0.0731985 -0.602497 -0.60158 0.121448 0.388857 1.04901 0.584565 0.202119 -0.457284 -0.962938 0.860214 
-0.127555 1.1282 -0.282167 -0.232348 -0.0399819 1.87592 0.859754 -0.836396 -0.528931 0.503586 -0.299841 0.277504 -1.13673 -0.432701 0.284048 0.268789 -0.363543 0.200029 -0.27894 0.186573 1.86642 1.99709 1.67104 0.851173 0.132436 3.23393 -0.430332 -0.410459 -0.0185695 0.717391 0.09382 -0.110737 -0.359689 0.00519033 0.534225 -0.321936 -0.855317 -0.111608 1.22742 
-0.282652 0.951813 -0.466849 -0.597791 0.146331 0.723904 0.394521 -0.614321 -0.383084 1.39507 -0.0677043 -0.0665352 0.771023 -0.593159 -0.824895 -0.113847 1.27177 0.553174 -1.22491 -1.39537 -0.977309 0.11815 0.00125824 -0.292252 0.168498 1.7032 -0.517569 0.0719968 0.738559 1.14356 0.725079 0.595113 0.264459 1.32016 1.75331 0.520469 0.109448 -0.593 1.83581 
-0.342188 0.740665 -0.362197 0.528604 0.271893 0.86565 -0.391991 -1.66294 -0.392726 0.584886 -0.426559 0.514955 0.822082 -0.422672 -0.206446 0.851533 1.9838 0.929171 1.04457 0.139854 -0.195132 -0.101852 -1.1302 -0.741262 -0.780508 -1.1653 -0.326174 -0.658369 -0.402417 -0.175871 0.684368 -0.518478 0.217831 0.358658 0.174172 -0.822266 -0.203165 -0.629753 0.685601 
-0.447359 0.922167 -0.0448099 0.623498 0.675169 1.5538 0.415304 -0.803245 -0.405756 0.333261 -0.428506 -1.17361 -0.565835 0.0520031 -0.0782458 -0.49741 -1.48573 0.510899 0.545121 1.66149 1.43033 0.096132 -0.913984 -0.0253488 -0.857956 -0.913601 0.0574804 -1.04462 -0.419889 1.10423 0.489438 -1.07732 0.593581 1.44842 0.852268 -1.24164 -0.039703 -0.601577 -1.07374 
-0.367886 0.785207 -0.641707 -0.493206 0.559374 1.29058 0.890053 -0.526811 -0.272422 -0.258478 -0.414132 -0.701842 -0.22559 0.511369 -1.21536 -1.48931 -0.418225 -0.176929 -2.44972 0.612276 2.02893 1.03795 -0.236507 0.647203 0.122778 -0.00146426 0.253887 -0.0732921 -0.779314 -0.445141 0.166179 -0.916274 1.00867 2.08625 -0.144601 -0.835155 -0.0920396 -0.758597 -1.5443 
-0.338531 0.308668 -0.84018 0.291845 0.565749 -0.44958 0.827671 0.820857 0.394691 0.174348 -0.0654561 -1.00093 -0.565539 0.359138 -0.0392479 -0.685838 0.897442 -0.275778 -1.74124 -0.372453 1.21164 -0.221177 -0.0126947 -0.140283 0.0234108 -0.776427 0.39453 -0.80037 -0.940081 0.139639 0.0884498 -0.793011 1.0544 1.24592 -0.2413 -1.90891 0.250514 0.596061 0.881163 
-0.303638 0.852318 -1.01921 0.0257386 0.392915 -0.138341 0.486191 0.431048 -0.381264 -0.191275 -0.461624 -0.669946 -1.11566 0.130668 0.12154 0.0620753 0.642871 0.287706 1.4136 0.735903 -0.451709 -1.26593 -1.85255 -0.344378 0.568116 1.00853 0.0405996 -0.510812 -0.248991 1.82712 -0.202461 -1.30897 0.218723 1.75154 0.392339 0.058963 1.37923 1.44107 1.06965 
-0.341191 0.468825 -0.828718 0.646206 0.72444 0.679539 1.34251 0.422775 -0.468629 -1.61725 -0.219349 -0.197314 0.595156 -0.298155 -0.665752 0.307424 1.67306 -0.0788181 0.0354054 0.639723 1.00623 0.667692 0.0539354 1.98668 1.61901 1.99309 -0.0158629 0.413175 0.44425 1.14066 0.160578 1.03221 0.757661 0.385861 -0.0149721 0.694279 0.703651 1.12989 1.42434 
-0.43188 0.556874 -0.880153 1.04613 0.340108 -0.126703 0.92131 1.22146 0.151796 -0.056756 0.599737 1.62255 1.17621 -0.16238 0.414199 0.611594 0.973349 -0.0615445 -0.0806289 0.228457 0.939195 1.27887 2.58155 1.26689 0.723911 0.60254 0.000885053 -0.585945 0.456373 1.42203 0.369488 0.82451 0.359609 0.350287 0.353 0.399253 1.60282 0.223813 1.12744 
-0.42967 0.798342 -0.531465 1.21423 0.6816 0.597092 1.43674 1.15854 0.505801 1.07091 0.466763 0.827028 1.2894 0.293938 -0.140137 0.384643 0.334308 0.639175 1.02797 -0.190224 -0.563815 -0.263052 0.355683 0.165487 -1.3473 -0.712165 -0.148887 -0.456772 -0.0057954 -0.183336 -0.424526 0.180159 -0.18923 0.562834 1.09079 1.38984 1.20386 0.401338 -0.494569 
-0.386726 0.565601 -0.700931 1.201 0.701608 0.68974 0.668495 0.731987 0.0127135 0.382617 0.711653 -0.287531 0.359968 -0.0877201 -1.04663 -0.620926 -1.19769 -0.648292 0.307655 -0.488855 -0.227475 -0.0888751 -1.09958 0.339682 -0.25229 -1.12528 -0.223558 -0.316975 0.687006 -0.48386 -0.136806 0.3895 -0.278316 -0.215322 0.90835 -0.253282 -0.591916 -0.951164 -0.787835 
-0.496286 0.282485 -0.875214 0.378639 0.300188 0.829479 0.936391 0.94325 0.492501 0.0400341 0.669492 0.46832 -0.00146729 -0.666627 -0.304577 0.65744 -0.976424 -0.888742 -0.529226 -0.185402 0.289572 1.25885 -0.652461 -1.01472 0.29591 -0.136679 -0.439975 -0.663234 0.450706 0.075572 -0.0277498 -0.0801214 -0.780635 -0.51703 -0.527275 -2.4655 0.0750619 -1.04566 -0.397268 
-0.622875 0.479167 -0.379835 0.508467 0.181447 0.243556 0.419678 0.938188 0.972683 -0.196532 0.208287 0.130433 0.204913 -0.640265 0.136961 1.30439 1.33327 0.573183 -0.418466 -0.536496 -0.429045 -0.443518 -1.59201 -0.276795 -0.905504 0.710738 -0.577403 -0.820722 0.177863 -0.435343 0.0100485 0.631012 -0.700899 0.434848 0.809508 -1.33783 0.308598 -0.370691 -0.319454 
-0.724714 0.451566 -0.217654 1.17935 0.623608 0.473102 0.396556 0.563643 0.223093 -1.48833 0.550832 -0.81584 0.81709 -0.286976 -0.816573 -0.388046 0.401754 0.8741 1.34145 -0.736815 0.259983 -0.368267 -0.818389 1.39698 -0.693646 -0.19133 -0.348771 -0.0112367 0.645721 0.163339 0.358991 -1.05858 -1.939 0.0203867 0.953605 -0.20995 0.699776 0.747998 0.932716 
-0.747843 0.0964444 -0.602469 0.706943 0.678508 1.31418 -0.286199 1.12027 0.757618 -0.943316 0.96222 -0.853574 -0.0129302 0.0620111 -0.171126 -0.324967 -1.07568 -0.0296185 -0.962357 -1.98714 0.453458 1.48749 1.34214 1.19401 1.76749 0.353653 -0.387229 0.426687 0.495036 0.267823 0.644735 -0.300247 -0.934345 -0.384508 -0.192645 -0.427604 0.847104 0.383645 -0.167387 
-0.747481 0.442359 -0.407481 0.422648 0.599192 -0.324278 -1.3457 0.903441 1.34818 -0.0523499 1.19895 1.68701 1.22539 -0.354414 1.37046 1.13879 0.00108686 0.126573 -1.73798 -0.487354 -0.748593 0.19208 0.332901 -0.278293 1.14534 0.0324179 -0.307686 0.354067 0.122312 -0.52835 0.507728 -0.223115 0.109034 1.37835 2.02612 1.62053 0.547806 0.293791 -1.00744 
-0.89256 0.979341 -0.0310356 0.646382 0.744219 -0.112103 -0.7853 0.480171 0.947212 -0.52696 0.84278 0.767841 0.0262936 -0.572815 0.627494 0.510054 0.371716 0.81112 0.665944 2.11253 1.29156 0.698151 0.389564 -0.484621 -1.41697 -1.4467 -0.943574 0.255553 0.904301 0.113036 0.252689 -1.41773 -0.271898 -0.50322 0.459758 0.924283 -0.0327966 0.39554 -0.142188 
-0.956156 0.895308 -0.163037 0.601703 1.05991 0.19862 0.310211 1.92645 1.90323 0.421253 0.971942 -0.321784 -0.434768 -1.20034 -1.04637 0.233067 0.186576 0.246939 -0.109016 0.120029 0.109569 0.326201 0.645084 0.193678 -0.680252 -0.163309 -0.940366 -0.0389924 0.917087 0.234862 0.0937286 -0.0553952 1.56036 0.59884 -0.374287 1.28176 -0.100415 -1.64176 -1.0367 
-1.28501 0.463635 0.0693551 0.705742 0.879385 -0.217567 -0.78095 0.539635 1.23366 0.204793 0.969393 -0.19719 -0.159356 -0.976672 -0.69893 0.881208 -0.014696 -0.691899 -0.744661 -0.109925 -0.534221 -1.06769 0.975402 0.307535 -0.412075 0.321112 -0.57014 -0.742079 0.449435 -0.404813 -0.460216 -0.746379 0.354106 0.124924 0.546246 2.05815 0.393102 -1.45284 0.752646 
-1.2831 0.580665 0.274435 0.530938 0.653335 -0.422245 0.123955 1.46111 1.18307 1.48672 1.15791 -0.906871 -0.0638581 0.25866 0.0308254 0.448472 -0.718805 -1.01387 -0.866581 0.322352 0.0472978 0.284145 1.56036 0.304143 -0.936062 1.02746 -0.725238 -0.665534 0.651263 -0.603765 -0.411386 -0.607873 -0.361114 -1.25975 -0.741763 -0.160331 -0.20075 0.784323 2.09004 
-1.25018 0.571296 0.281772 0.179761 0.287022 -0.93729 -0.608897 0.548336 1.48974 1.86124 1.15359 -1.52464 1.02309 -0.219634 -0.213832 0.106631 -0.794107 0.00308346 -0.0511585 -0.372797 -1.06336 0.306981 -1.17156 -0.621833 1.31496 2.03021 -0.154626 0.106776 0.784849 -0.338274 -0.532721 -0.985936 0.202459 0.302323 0.752436 0.841325 0.463821 1.33249 2.33968 
-1.38835 0.546745 0.30907 -0.0437271 0.647789 -0.480797 -0.280192 0.564416 1.45564 0.383136 0.859372 0.954856 2.27066 -0.518183 0.0934783 0.742101 0.279076 0.13095 -0.419955 -0.07612 0.334343 0.545685 -0.672177 0.290388 2.45623 1.60146 -0.327046 -0.00914154 0.7266 -0.68485 -0.396292 -0.816154 -0.152002 -0.431658 0.499724 -0.349625 0.190086 1.83176 1.44571 
-1.44286 0.715214 0.646899 0.298923 0.355259 -1.29487 -0.767132 0.791033 1.93469 1.26217 1.33063 1.95399 2.86502 -0.322954 0.182481 0.995542 -0.127416 -0.667754 -1.015 0.160552 0.515008 0.253843 0.770484 0.84202 0.767407 -0.395378 -0.374568 0.150436 0.540348 -0.383946 -0.109179 -0.324787 0.0466895 0.264701 -1.05908 -0.752783 0.968283 2.00799 0.141644 
-1.52385 0.742168 0.806003 -0.187367 0.255145 -1.32087 -0.242252 0.954389 1.68984 1.24158 1.32399 2.04082 1.81838 -0.102422 0.0894527 0.0774095 -0.782297 -0.336323 -0.00842574 0.120872 -0.00037128 -1.64418 -0.16533 0.994017 -0.175411 -1.41673 -0.0681034 0.146496 0.847001 0.412627 -0.668198 -1.09529 -0.205081 -0.0624091 -0.482411 0.823713 1.6943 0.610866 -0.707521 
-1.51378 0.856802 0.666336 -0.268106 0.153864 -1.31878 -0.762083 0.760875 0.798222 1.17517 1.87448 1.7042 1.23929 0.205477 -0.00484017 0.289355 0.731558 -0.431886 -0.413475 -0.441454 -0.595502 -0.73848 0.0986296 1.43525 -0.0598419 -0.364158 -0.443376 -0.321466 0.495092 0.566059 0.436362 0.640557 -0.262599 -0.250902 1.27376 0.867127 0.682766 -1.30522 -2.41386 
-1.5046 0.82919 0.935668 0.224331 -0.001394 -1.6732 -0.703308 0.439088 1.20742 1.42125 2.09787 1.95477 1.40197 -0.631148 -0.540197 0.67342 1.59973 1.00366 0.833037 -0.476169 -0.318953 3.02894 1.08144 -0.100068 -1.27466 -1.24023 -0.211481 -0.588898 0.196373 0.624823 0.85996 0.861378 -0.373107 -0.446122 -0.0443007 0.522857 0.577449 -0.841939 -0.987895 
-1.73954 0.634017 0.995743 0.704879 0.725684 -0.660392 -1.25191 0.471014 3.03648 2.34777 1.84795 -0.102973 -0.183658 -0.55834 -0.805014 0.00812917 0.167569 1.77686 1.52471 -0.0567799 0.0288253 0.720202 0.444796 -0.685325 -0.868552 -0.707151 -0.40649 -0.823683 0.269873 0.50182 0.416422 0.642869 0.339538 -0.452128 1.76765 1.88223 0.435335 -1.12124 -0.857086 
-1.70904 0.453156 0.919075 0.271403 1.01659 -0.453983 -0.845512 0.432732 1.7784 1.95066 1.76623 0.722959 0.591495 -0.0418643 -0.58493 -0.26439 -0.871599 -0.368222 -0.00542447 0.899706 -0.255334 -1.11844 0.933563 0.655644 0.0317559 0.314381 -0.522017 -1.72391 -0.277559 -0.414115 0.123481 0.337786 -0.11292 0.113395 1.35207 -0.312669 -1.69744 -1.6382 -0.916833 