-0.338376 -1.20622 1.33777 1.11105 1.34103 -1.20676 0.827705 0.736382 1.14072 1.55457 2.06875 0.33321 -0.798603 0.240504 0.271201 0.227771 0.190625 0.669195 -0.271691 -0.844998 -1.01256 -0.227711 0.278183 -1.38844 -0.715503 -0.243104 1.47237 -1.31174 -0.919563 0.0179754 0.468606 0.322614 0.851985 -0.395931 -1.2673 0.018214 -1.0699 -0.864774 -0.174432 
-0.264157 -1.31884 1.3208 1.07529 1.24425 -0.895704 0.731503 0.734061 0.715881 1.19204 0.971562 -0.663387 -1.53799 2.63616 -2.26395 -1.83869 0.250852 0.698346 0.690362 0.714935 0.387938 -0.740959 -0.204017 -2.08799 -1.01025 0.26303 1.02736 0.236932 -0.436154 -0.771616 0.516545 0.345411 -1.0893 -1.3174 -2.1705 -0.202658 -0.369644 1.32809 0.21378 
0.395554 -2.34653 0.35142 1.24555 1.77874 -0.741597 1.46806 1.00362 0.393217 1.35794 0.831688 -0.965918 -0.466701 1.46056 0.0693977 -0.917047 -1.21982 0.0951979 0.803052 -0.427788 -0.678728 -1.86465 -0.513825 0.917039 1.93965 0.4583 -0.0299791 0.429084 0.258816 -0.201633 -0.131787 0.681503 0.515764 0.256174 -1.24946 -0.998627 -1.86145 -0.221422 0.67791 
0.126058 -1.28692 0.824526 0.449406 1.30118 -0.353898 0.309292 0.276032 -1.18008 0.718656 1.50098 1.80478 -0.978317 -2.68995 2.89208 2.24241 -0.52492 -0.919129 0.363201 -0.0888411 -0.0460383 -0.458056 -0.968919 -0.349378 0.82014 0.45622 -0.295269 0.34299 -0.42106 -0.668891 -0.112542 0.260976 -0.878856 -0.577161 -0.65948 -0.279684 -0.429819 1.21555 1.60809 
-0.427738 -0.896547 1.53518 0.978952 1.19532 -0.498964 1.36103 0.975788 -0.0651427 0.47803 0.616652 0.0725313 0.090549 -1.95465 0.429903 0.25151 0.326717 -0.286737 -0.402882 -0.596034 -0.0561048 1.23787 0.187481 -1.46774 -0.818215 1.27114 -1.75665 2.09702 1.10131 -0.577707 -0.202014 0.355266 0.221627 0.313082 1.3726 0.151937 0.852444 1.61383 1.45963 
-0.48225 -1.07389 0.949635 0.62313 1.11699 -0.632331 -0.269365 0.241351 0.0948748 0.871751 0.628522 0.750896 0.529497 -0.229571 0.231909 -0.513681 -0.247382 0.591632 0.183472 0.366954 0.461468 1.80225 1.15083 1.48849 0.66481 1.11199 -1.25342 0.916771 0.785791 0.796602 0.206277 -0.590451 1.40267 0.979676 2.26685 0.464075 -1.21254 -1.16359 1.51519 
-0.531675 -0.782985 1.2534 0.855848 1.56565 -0.378576 1.67781 1.29303 1.78662 1.49168 1.48199 0.91261 1.41272 -0.129659 0.927988 0.980991 0.721702 0.579661 -0.519852 2.27139 1.33283 0.97368 0.361989 -0.114466 -0.23182 0.357416 0.535729 1.90574 0.653263 -0.901732 -0.81969 -1.55649 -2.33939 -1.72593 -1.71798 -1.01395 -0.407693 0.118385 0.220643 
-0.556976 -0.610633 1.46264 1.00107 1.47977 -0.990324 1.81827 1.15106 1.09981 1.18073 0.551578 0.445896 0.971497 1.11468 2.60586 1.53775 -0.954196 -1.85772 -2.60719 -3.11867 -2.6806 -3.45569 -2.34181 -2.01004 -0.544776 -0.889342 1.09882 3.02072 1.25659 -1.45489 -1.82513 -1.33597 0.392544 -0.497708 -0.586855 -1.55407 -1.74172 -1.23928 -0.418247 
-0.242589 0.523207 2.06247 0.367298 0.389685 -2.15631 -1.24654 -0.526162 -1.73545 -0.614628 0.290752 0.207937 0.400439 1.94933 3.5782 0.991944 -2.65611 -3.37357 -1.56123 -1.79107 -1.965 -1.53002 -2.18899 -2.16511 -0.887306 -0.828615 1.37648 2.43045 1.00655 -1.11261 -2.57932 -1.5757 -0.881498 -0.921464 -1.22548 -2.01372 -2.69874 -0.904089 -1.42276 
-0.0238599 1.18405 1.98148 -0.367421 -0.653167 -2.05663 0.128405 -0.181557 -0.454138 -0.789065 -0.730821 -0.696219 0.0300473 1.16581 1.01706 0.0419361 -0.526757 -2.08222 0.15363 2.09172 1.5009 2.27993 -0.0264492 -1.53074 -0.268414 -0.672778 1.88496 1.57059 0.0737663 -1.95447 -3.67038 -0.9636 -0.998434 -1.91497 -0.825607 -1.8179 -2.11902 0.0646196 -0.46241 
0.0614469 1.03122 2.07614 0.0997487 -0.928013 -2.05622 0.674038 0.497833 0.604535 -0.652636 -0.61874 -0.143796 -0.359235 1.17508 -1.24195 -0.879259 0.0598334 -2.2243 0.0587195 0.625777 -0.498387 0.742109 0.0513108 -0.611695 0.958268 0.309455 1.78626 -0.0142001 -0.549203 -0.549704 -2.88553 1.05762 1.67975 0.145298 0.775663 -0.667054 -3.07762 0.162296 1.2812 
0.282888 0.55717 1.5053 -0.331685 -2.06056 -2.0211 0.68586 -0.516965 0.314123 -0.75761 -1.10006 0.518632 0.416102 1.79479 -1.05225 -0.909007 -0.208446 -2.32302 1.48433 -0.0885678 -1.30226 -1.51472 -0.756042 -2.50934 0.428526 2.04721 2.37809 -1.6039 -1.39052 -0.998058 -1.73905 1.27642 0.519393 -1.30621 0.121599 -1.51509 -1.58474 0.804269 1.16533 
0.549381 0.499637 1.58414 -0.00322396 -2.39773 -1.05103 0.567253 -0.384164 -0.933785 -1.34239 -2.10349 0.394526 2.05383 2.76776 -1.17203 -1.31096 -1.38903 -0.438807 1.91919 0.00460997 -1.17844 -0.611294 -1.83241 -1.46101 -0.212219 0.939144 3.19601 -2.04801 -2.45908 -3.05348 -2.32931 1.63504 0.0782423 -1.6771 -0.133534 -0.794315 -0.776337 1.35684 0.218245 
1.05529 -0.0345819 0.799568 -1.04506 -2.34075 -0.720126 0.665718 -1.31477 -0.300854 -2.40888 -1.96856 0.238665 1.53666 3.50555 -2.02628 -2.96176 -3.84382 -1.23701 1.05079 0.197048 -0.853776 1.39808 -0.176306 1.50198 0.821862 -1.82717 3.24853 -1.22011 -2.36937 -1.7426 -0.555869 3.14246 0.665691 -0.681541 -0.0998217 -1.35766 -0.105031 0.728924 -0.467947 
1.5375 -0.521274 0.000600526 -1.9858 -3.18184 -0.340719 0.726051 -0.961216 0.504903 -1.51426 -1.23022 1.43517 -0.0523821 2.61974 -0.667654 -2.41872 -0.926554 -0.426391 2.95808 0.798856 0.308738 0.527346 0.236698 1.33832 0.8895 -1.46432 2.92694 -1.29845 -3.76571 -2.55353 -0.219428 2.28416 0.0941301 -0.691219 1.67839 0.206424 1.52962 -0.180979 -2.30183 
1.78442 -0.372945 -0.495214 -1.51931 -2.6131 1.28746 1.38411 -1.10138 0.24791 -2.21182 -1.19149 1.36569 -0.146307 1.34822 0.0693729 -2.96398 0.453906 0.883052 2.4929 -0.0697717 -0.028428 0.242711 0.422379 0.529544 -0.975061 -0.689634 2.03035 -0.497847 -3.57873 -0.584697 0.393237 2.87123 -1.24464 0.716389 0.156177 1.94044 1.96643 -0.207803 -1.68375 
1.89486 -0.489368 -1.58412 -1.74632 -2.62752 1.35047 0.636744 -0.977079 0.762757 -1.15133 -0.92859 0.180989 -0.831718 0.745961 -0.0912522 -3.21295 0.144992 1.00341 1.49777 -2.25542 0.627796 -0.362994 2.05127 1.26884 -1.06718 -0.381243 0.969839 -0.182458 -2.64414 0.187605 1.87222 1.55857 -2.23993 0.784982 -0.121228 0.855095 0.75944 -1.64234 -0.934317 
1.9657 -0.421734 -2.21232 -1.43955 -1.98281 2.3018 -0.737538 -0.671045 -0.113293 -0.393808 -0.45527 -0.00613904 -0.565918 0.257376 -0.35634 -1.19784 -0.212302 1.94136 -0.0765978 -2.56428 1.05359 -0.347421 0.587537 0.487004 -0.511939 -0.342026 0.441077 -0.668567 -1.81928 0.0312532 2.14676 0.333744 -2.40289 2.03258 -0.333949 1.68406 0.0741212 -0.23035 -0.573426 
1.9333 -0.671332 -2.2297 -1.85129 -1.40509 1.29397 -1.7721 -0.257231 0.41747 -0.64087 -0.651965 -0.481749 -1.20558 -0.017947 -0.923115 0.348397 -0.110527 2.23818 -0.98454 -0.571418 2.00936 0.0519598 -0.065203 -1.15543 0.868921 -0.258483 0.059157 -0.505668 -0.311733 -0.281437 2.50759 -0.740071 -2.16723 1.65984 -0.864694 -0.295497 -0.339038 -0.0728194 -0.2274 
1.92364 -0.888435 -2.0357 -1.49189 -0.572991 1.62774 -1.29331 0.698675 -0.0503945 -0.466435 -1.14414 1.09461 -0.842336 -0.163229 -0.41427 0.70424 -0.167493 1.84853 -1.07861 0.0162381 1.10196 -0.478397 -0.932501 -0.918074 0.457459 0.0780913 -0.144979 -0.319635 0.869831 -0.320852 2.22332 -1.40773 -1.17636 1.38937 -1.13222 -1.1274 -0.913326 0.428382 -1.10463 
1.84876 -0.882399 -1.86385 -1.93308 -0.241262 0.555927 -1.78143 0.495506 -0.061679 -1.48825 -1.2013 0.0935243 -1.0894 -0.226709 0.43088 1.01628 -0.321486 1.11975 -1.20803 -0.804364 -0.203286 -1.13726 -1.25937 -0.0324589 -0.465949 -0.958145 -0.270561 0.184035 1.3264 0.934609 1.35573 -1.36047 -0.0362831 0.721953 -1.12927 -1.12546 -0.80322 0.516122 -0.50406 
1.82054 -0.674914 -1.50392 -1.65331 0.130748 0.801665 -2.06568 0.563919 -1.20293 -1.60581 -1.17287 0.490605 -1.93488 -0.289852 0.675715 1.37849 1.39875 0.191057 -1.04054 -0.0432479 -0.158238 -0.604041 -0.389787 -0.124713 0.0255948 -0.642484 -0.727747 1.11413 1.10284 0.610711 0.455662 -2.03197 -0.234375 -0.762097 -1.30731 -1.64275 -0.247892 -0.750621 0.0346704 
1.72719 -0.545877 -1.13947 -1.20509 -0.123814 -0.156225 -1.84607 0.39138 -0.669242 -1.85083 -1.28427 0.117267 -1.81374 -0.985159 1.22233 0.714854 1.12363 -0.447867 -1.95446 0.543001 -0.770498 -0.117865 -0.672055 -0.278495 -0.207169 0.978824 -0.667385 1.2207 0.714236 0.9779 -0.130554 -1.39298 0.00926833 -1.11466 -1.61711 -0.472125 -0.152147 -0.386283 -0.237755 
1.49569 -0.0637813 -1.13243 -1.06756 -0.155163 -0.532106 -1.58519 0.0434911 -1.3136 -2.22053 -1.34624 0.217086 -0.768035 -0.821832 1.13697 -0.258528 -0.11014 -0.409966 -1.12912 0.070128 -1.27108 -0.951565 -0.163167 -0.0600648 -0.366177 0.367304 -0.810938 1.28654 1.16136 1.36114 -0.208649 -1.41777 0.148273 -0.425713 0.505114 0.994771 0.305488 0.986033 1.54489 
1.45009 0.0223702 -1.28557 -1.25723 -0.385798 -0.928623 -1.80529 -0.469416 -1.63199 -2.01097 -1.32924 -0.359319 -1.36021 -0.364779 0.688879 1.10831 0.6727 0.110289 -0.253715 -0.35167 0.231347 0.620661 1.84645 0.696807 1.11912 0.68198 -0.889619 1.30865 0.506357 0.318122 -0.169412 -0.564957 0.381057 -1.2032 -0.0798545 1.95853 0.912609 1.65462 1.95089 
1.35222 0.279354 -0.551721 -0.714948 -0.0887048 -0.70908 -1.93663 0.204261 -0.669463 -0.585486 -0.946286 1.63736 0.0525533 -0.658691 0.807316 1.05156 0.524657 0.132009 0.245999 0.396599 -0.272647 0.886984 2.47243 1.27847 1.88835 1.73443 -0.823488 1.29171 0.684794 0.206305 -0.764967 -0.0821081 -0.288987 -1.11351 0.292116 2.22677 1.13752 0.509883 0.661636 
1.22069 0.425007 -0.735041 -0.981166 -0.305627 -0.765708 -1.46094 -0.651334 -0.715661 0.18327 -0.587358 2.04333 0.688013 -1.00599 1.23006 -0.0346515 -0.406322 -1.29322 0.120819 0.025697 -1.65919 -0.324458 0.778687 0.817988 -0.641757 0.0195953 -0.994746 0.988656 1.27886 1.0479 0.140995 0.553936 0.444967 -1.7867 -0.192405 2.16628 1.13532 0.582389 1.40224 
1.02128 0.89437 -0.578778 -0.920229 -0.908298 -0.631308 -1.93716 -0.920427 -0.99128 0.0957328 -0.475095 0.80883 0.100501 -0.99631 0.658141 0.956397 0.856695 0.0617146 0.609358 0.145737 -2.025 -1.06073 0.0814726 0.233431 -1.34481 -0.228542 -1.17717 0.978396 -0.0338041 0.217287 -0.190685 1.03419 1.30994 -1.59883 -0.779426 1.06102 -0.414832 -1.36035 -0.561713 
0.89258 0.7527 -0.23511 -0.533426 -0.269834 -0.355646 -1.34985 -2.02475 -1.78998 0.241669 -0.459794 0.316938 0.446521 -0.951777 0.220044 -0.0218409 0.68725 0.982942 1.48074 1.53995 -0.395722 -0.418657 0.473721 -1.34894 -0.587872 -0.6466 -1.02386 0.88057 0.205207 0.289316 0.179532 1.3425 0.741418 -1.10575 -1.34878 -0.612965 -0.653637 -2.1498 -0.273873 
0.706183 1.00197 -0.599023 -0.560097 -0.290924 0.371439 -0.529651 -1.18603 -1.40937 0.504526 -1.27772 0.0491191 -0.628638 -0.707012 0.645581 -0.636992 -0.480341 0.190569 1.47122 0.747317 0.60719 -0.234613 -0.800272 -1.07909 -0.605354 -0.0858633 -0.806541 0.171148 -0.0107077 0.640246 1.06943 1.19879 0.516119 -0.576359 0.718362 -0.0276029 -0.669102 -0.86792 -0.447133 
0.64905 1.07408 -0.582461 -0.776977 -0.152694 0.640631 -0.679384 -1.60843 -2.01997 -0.487594 -1.10379 -0.465098 0.371456 -0.390864 0.0221165 0.00167263 0.154025 0.621596 0.376565 -0.91344 -0.338074 1.12829 -0.503227 0.4829 -0.192307 0.144032 -0.635439 0.471303 0.0652109 0.130651 0.57879 1.34018 1.09 0.959764 1.10731 -1.53763 -0.752444 -0.833766 -0.903871 
0.555088 1.01014 -0.606765 -0.475661 0.0983276 0.623162 -1.40345 -1.41243 -0.246421 0.0406133 -1.0035 -0.205418 -0.435541 -0.351652 0.0457234 0.736222 0.646491 0.66841 0.605754 0.558128 0.643803 1.32149 -1.00737 0.103219 -0.143652 -0.912732 -0.308454 0.125255 0.48329 0.358829 -0.0146694 0.495393 0.249903 -0.146126 0.263224 -1.22593 0.725088 0.21168 0.828875 
0.509419 1.09411 -0.199607 -0.43792 0.266112 1.04824 -0.184833 -1.16722 -0.659557 -1.40186 -1.05277 -0.657499 -0.668113 -0.125109 0.15137 0.755079 0.314421 -0.664412 0.387831 1.22501 0.160172 -0.860107 -0.937374 0.488377 0.397492 0.739169 -0.331634 -0.0261127 0.0155822 -0.572711 0.365538 0.6023 0.977839 -0.062728 1.44566 1.14287 1.17676 -0.321859 -0.55778 
0.481692 1.08324 -0.213885 -0.308294 -0.32429 0.882547 -0.288798 -1.30006 -1.11569 -0.811122 -0.726072 0.293271 0.451754 -0.202792 -0.0987388 -0.715044 -1.41217 -0.13348 0.324748 0.614627 -0.713948 0.0935606 2.35615 1.46329 -0.138129 0.289999 -0.265095 0.121483 0.443798 0.573561 -0.238582 0.26902 0.810767 -0.385916 -1.39415 -0.0483564 1.17854 0.181317 0.115829 
0.413311 1.04156 -0.588461 -1.16326 0.178677 1.26472 0.362255 -1.64919 -0.554142 0.688509 -0.202241 -0.842847 -0.304753 -0.3189 0.0164732 -0.0604369 0.438509 0.281348 0.0248375 -0.249906 -0.647901 -0.479245 0.883429 1.08048 -0.220019 -0.63035 -0.288925 0.141859 -0.194834 -0.00554564 -0.161056 -0.290111 0.0916727 0.0450822 -0.643125 0.488095 1.87465 1.111 -0.190991 
0.351637 1.08857 -0.254653 -0.0767705 -0.149841 0.895036 -0.545604 -1.73713 -1.59571 -0.0363369 -0.100575 0.00334209 -0.258429 -0.280769 0.297072 0.405297 1.39789 -0.131779 -0.780829 -0.490258 0.783102 -0.704473 -1.7784 1.02293 1.16413 -0.514392 -0.493764 0.19792 -0.4633 -0.311829 0.384169 0.423912 -0.135422 0.898707 0.1729 0.56357 0.279016 -0.764292 -1.72745 
0.294404 1.18786 -0.381577 -0.435705 0.0923155 0.729219 -0.118045 -1.11326 -1.26435 -0.914511 0.389424 0.634915 -0.879676 -0.504628 0.265749 -0.671533 -0.858567 0.281892 0.628495 0.105609 1.82 0.659818 -0.216799 -0.697058 -0.465576 -1.26267 -0.505312 0.017466 -0.0712264 2.35882 -0.191106 -0.446903 0.162431 1.73435 0.627462 -1.03646 0.214041 1.26441 -0.735736 
0.167279 1.21913 -0.620371 -0.515877 0.0249527 1.31811 -0.471831 -0.496162 -0.911556 -0.244384 -0.519991 -0.600185 -1.70618 -0.561926 -0.284877 -0.520644 1.7202 -0.179142 0.0811329 0.698339 1.46872 1.32594 0.560911 -0.72513 0.00188633 -0.301606 -0.454425 0.145481 -0.340872 0.58273 0.187399 -0.27868 0.0793923 0.381112 0.257402 0.244541 -1.08324 -0.599546 -0.686583 
0.0932944 1.04179 -0.667059 0.458496 -0.0239467 0.779998 0.506883 -0.111151 0.100608 -0.427832 -0.0464947 0.62838 -1.20639 -0.25361 -0.0619949 0.132109 1.62364 -0.0176548 -1.06681 0.00423154 -1.31667 -0.397284 0.507755 -0.714751 -0.0696541 0.500052 -0.676524 -0.3263 -0.302532 0.887647 0.128547 0.294262 0.183884 0.299266 0.384795 0.314488 -1.28086 1.21148 1.71549 
0.0563129 1.18504 -0.558753 0.328401 0.0106391 0.588095 -0.492325 -1.38796 -1.3078 0.194812 -0.949809 -0.698084 -1.0978 -0.564926 -0.217331 0.0415177 -0.551163 0.35395 0.370756 -0.464878 -1.07114 -0.939842 -0.187587 -0.947104 1.11583 2.14769 -0.156451 -0.445395 0.000305673 0.0923614 -0.0131551 -0.415616 0.62863 -0.920565 -0.781382 0.27352 0.117513 1.24857 1.36778 
-0.108693 0.929666 -0.653614 0.178327 0.196338 1.02777 0.0501824 -0.835998 -0.850159 -0.609784 -0.612899 2.04445 1.32387 -0.0100847 -0.618423 -0.134957 -1.50822 -0.0228603 0.415731 0.755389 0.138137 -0.347727 -0.182673 0.885343 1.22122 0.968412 -0.343384 0.17575 0.0453822 -1.42106 -0.366294 -0.107491 -0.0323648 -0.683796 -0.513871 0.248879 -1.2598 -1.73105 -0.721148 
0.0165474 0.871409 -0.639147 -0.446598 -0.00696087 0.866457 0.185651 -1.29057 -1.6534 0.0172496 -0.439024 0.852585 0.0568934 -0.00901865 0.466378 0.0265279 -1.33843 -0.931079 -0.54309 0.442504 0.198527 0.454296 0.483653 -0.697378 -2.68379 -2.94784 -0.282896 0.0201188 -0.14496 -1.10616 0.468658 0.196435 1.45767 0.691483 0.919707 -0.846944 0.352874 -0.58489 0.164342 
-0.148147 1.16102 -0.648139 -0.508886 -0.39463 0.653971 0.43722 -0.697544 -0.376055 -0.192119 -1.0325 -1.39194 -2.08956 -0.463469 0.634588 -0.0963529 0.0358166 0.714486 -0.115842 0.985036 0.766217 1.25265 -0.811648 -0.404584 -1.74308 -0.806907 0.13655 0.118499 0.133996 0.019511 0.108292 -0.35702 0.200186 0.487199 0.981791 1.32647 0.731657 -0.682384 -0.24134 
-0.155776 1.18727 -0.699014 -0.423279 0.440934 0.78326 1.07717 -0.766115 -0.363351 -0.722175 -0.686512 -1.38243 -0.859235 0.231613 -0.303 0.180882 1.35734 1.07511 -0.0169497 -0.189757 0.441875 0.510841 1.08133 1.67731 2.07296 2.66877 -0.36433 0.436004 0.231819 0.522038 -0.607731 -0.433132 0.103591 1.03802 1.81749 -0.373121 -0.163521 0.821156 0.686354 
-0.117246 1.00585 -0.560586 0.197705 0.28093 0.638037 0.236343 -0.393628 0.155839 0.759454 -0.056165 1.24647 1.04853 -0.14524 0.00389655 0.457611 0.648854 -1.65849 -0.562457 -0.846567 0.585885 0.52306 0.375276 0.204817 2.50454 1.53533 -0.0302781 -0.25557 -0.251177 0.132756 0.487662 0.39021 0.765103 0.821444 1.27959 -0.0933471 1.01294 0.584935 1.89158 
-0.235058 1.18628 -0.464311 -0.083 -0.609257 0.396289 0.265549 -0.36428 0.181032 -0.401322 -0.575768 1.80715 0.956742 -0.2859 -0.0933692 -0.57924 -1.1884 -0.354606 0.617918 1.11083 0.630397 0.74314 -1.18826 -0.326691 -1.52709 -0.631447 -0.267052 -0.127991 0.120887 -0.137439 -0.30458 0.179692 -0.938434 0.584303 0.808548 1.16692 0.0398641 0.998615 1.32276 
-0.237653 0.956001 -0.877227 -0.411938 0.0538951 1.05392 1.24483 0.0384734 0.925153 -0.316395 -0.257864 -0.712717 0.337065 -0.302017 -0.20936 -0.270817 -0.837877 1.17514 0.836332 -0.247739 0.179983 0.274044 1.00183 -0.136554 -1.58111 -0.115762 -0.548122 -0.217566 -0.0403304 -1.64548 -0.61901 0.514799 -0.118762 -0.819381 -0.440302 -0.506937 0.319485 0.215363 -0.243011 
-0.360177 1.07816 -0.616949 -0.511409 0.129453 0.960732 0.0107577 -0.238434 0.47091 0.479227 -0.665697 -0.221011 0.846801 -0.627845 -0.246131 0.512484 -0.998509 -0.606538 0.176629 -1.23542 -1.6782 -1.15733 0.594311 0.76345 1.73564 0.350559 -0.469533 -0.632044 0.0564677 -0.51401 0.530157 0.7485 0.855311 0.923596 0.470553 1.38287 0.5865 -1.83658 1.27173 
-0.458036 0.829404 -0.613346 -0.923399 -0.332187 1.16965 0.0716368 -1.09914 -0.247894 0.200121 0.181267 1.49491 0.771066 -0.481296 -0.750355 0.356296 0.149963 -0.390063 0.321328 1.27554 1.02428 0.19523 0.629571 0.925195 -0.0831741 1.47991 -0.662572 -0.901512 0.635451 0.416073 -0.173449 -0.429999 -0.286766 0.348121 -0.709844 1.42773 0.315898 0.277127 0.0116149 
-0.537713 0.698248 -0.43612 -0.429072 -0.119966 1.17488 1.1724 0.461483 0.680236 1.02724 -0.131485 -0.336176 2.59813 -0.475851 -1.11681 0.483574 1.54279 0.322448 -0.850061 0.912074 2.1389 0.481704 1.08992 -0.331419 -1.47072 -0.354918 -0.448031 -0.857224 0.356157 1.46139 0.579463 0.777847 2.27362 0.578084 -1.61057 0.595603 1.754 -0.0378474 0.982952 
-0.63398 0.265394 -0.364838 -0.120924 -0.13179 0.587063 0.895308 0.358659 0.254221 1.15936 -0.0232115 -0.392279 0.38216 -0.26633 -0.546313 0.200512 1.77918 1.25006 0.881929 1.4302 -0.266445 -1.74449 0.0747789 1.40202 0.0606132 -0.429377 -0.197239 0.0459433 0.830945 2.30813 0.745842 -0.135254 0.213801 1.44495 -0.505136 -0.307231 0.680189 -2.40363 0.578225 
-0.652398 0.420844 -0.33813 0.495622 0.666044 1.77034 2.47785 0.283782 -1.09292 1.07966 0.683025 -0.267712 2.12238 0.144461 1.17162 0.819941 1.50815 0.790375 0.63459 -0.64322 -0.261009 -0.958777 -1.4487 1.24353 -0.711116 0.965908 -0.212236 -0.0202918 0.734599 1.01923 0.385943 -0.440699 -0.469747 -0.689322 -0.258438 -0.628086 -0.0323528 -1.60235 -2.30906 
-0.62856 0.851048 0.0625327 0.663637 0.364014 1.01429 0.272775 0.184654 -0.715898 -0.149141 0.698129 -1.30938 1.53394 -0.0899508 0.502008 0.951479 -0.435814 -0.684128 -1.57199 -1.97002 -0.613308 1.5067 -0.811384 -1.42893 -1.51111 -2.09528 -0.243167 0.652148 0.665016 0.203111 0.0671264 -0.227146 -0.833219 -0.729972 0.310731 -0.402506 1.24467 -0.565252 -0.57076 
-0.715514 0.670099 0.159186 0.275093 0.230979 0.69672 0.62158 -0.129765 0.456786 0.340471 -0.166616 -2.20648 -0.296584 -0.552077 -0.2097 0.222614 -1.246 -0.708898 -0.992838 -0.32661 -0.671267 1.27304 0.977726 0.412479 0.207187 -1.60274 -0.588622 -0.202072 0.309604 -0.49476 -0.403129 -1.64088 -2.98007 -0.944337 1.60768 -0.383485 -0.0368892 -1.56928 -1.45061 
-0.82679 0.742753 0.172276 0.0242161 -0.0866888 0.334583 -0.0553556 -0.268302 0.594993 0.70988 0.930945 -1.05373 -0.310491 -0.891012 -0.818324 -0.467886 -0.226597 0.0510268 -0.982853 -1.53966 -0.595944 0.0655006 0.36281 1.39604 0.0907985 0.502924 -0.736034 -0.389641 -0.0410284 -0.751159 0.649537 -0.72539 -0.450776 -0.347719 0.224748 -0.582317 -0.020306 -0.46693 -0.436887 
-1.01284 0.256042 -0.0982424 0.162736 0.260025 0.0238083 -0.834512 -0.531506 0.533524 0.650188 0.64438 -2.09947 0.315144 -0.673543 -0.38729 -0.290468 0.243903 1.67538 -0.139557 -0.190768 0.232891 -1.04217 -1.66044 -0.423512 -0.621377 1.1113 -0.636457 -0.206628 -0.541105 -0.49183 0.0513235 -0.973872 -0.3623 -0.0227044 -0.50879 -0.431796 0.80617 0.637969 0.652657 
-1.06053 0.54524 0.00918903 0.155123 0.967828 0.235256 -0.257172 -0.106482 -0.460362 -0.787767 0.672331 -1.85623 1.01087 -0.169341 0.49519 -0.386449 -0.431932 0.006437 -0.535622 1.12695 0.577513 -0.546118 -0.868273 -0.317911 0.503467 0.1889 -0.432656 -0.632743 0.00215695 0.281847 0.715248 -0.476482 0.199659 0.555724 -0.202656 0.0628666 -0.180577 -0.887596 1.42962 
-1.09917 0.501872 -0.312367 -0.0557865 0.260921 -0.34491 0.188963 -0.135364 -0.0148401 -0.139821 0.447842 -1.46544 0.560577 -0.0485644 -0.573472 0.290533 0.122556 -0.609046 -0.606098 0.442891 0.49605 0.858485 1.73746 0.201268 -0.17676 0.424324 0.0297024 0.223154 0.668246 0.490359 0.378056 -0.132231 1.46942 1.91615 0.387799 -0.895577 0.213551 0.382026 1.07101 
-1.11155 0.254193 0.155048 0.223288 0.580163 -0.181399 0.130225 0.234271 0.42684 0.749926 0.780988 -2.09091 1.53092 0.214603 -0.17521 1.43409 1.07463 0.547514 0.324847 0.627378 1.9092 0.935127 -0.183316 0.615065 -0.142805 0.957264 0.151807 -1.02387 0.485741 0.348129 -0.738315 -0.828264 0.392613 1.47404 1.42887 0.968463 1.23032 0.839111 -0.360553 
-1.07324 0.410904 0.441574 0.504635 0.603404 -0.128364 0.747907 1.16625 0.950693 -0.317957 0.799746 -1.65676 1.70227 0.296481 -0.972565 0.470074 0.331716 -0.533389 -0.686138 0.0375078 1.41943 0.540284 -0.594051 1.43583 0.954609 -0.832865 0.0520428 -1.28043 0.664104 1.44457 0.559422 0.474856 0.787069 1.39761 0.967152 0.920253 1.11037 0.6397 0.41086 
-1.06168 -0.237352 0.396378 0.399597 0.240261 -0.652494 0.140673 1.20287 0.988827 0.20488 1.61537 -0.880734 0.584511 -0.132263 -1.75473 -0.392964 0.83223 0.282033 0.407639 0.319685 -0.092481 0.015812 1.26996 0.863952 0.738649 -0.528036 0.281001 -1.24666 0.0502182 1.58899 -0.121478 -0.113323 1.40559 1.34965 0.343003 0.474269 0.275456 1.16535 -1.06004 
-1.14873 -0.473586 0.223984 0.939725 0.778287 0.144494 1.02074 1.10683 0.976647 0.802113 1.29796 -0.722382 1.11143 0.165857 -0.906848 -0.394423 1.76648 0.328271 0.504741 1.6413 0.335326 -0.194724 1.15552 -1.05709 0.121004 -0.335335 0.440953 -2.58897 -0.33908 1.42705 0.353969 -0.399919 -0.185586 0.896967 -0.388786 1.0017 0.56978 2.1326 -0.784092 
-1.05001 -0.695882 0.178013 1.31772 0.444333 -0.313589 1.64242 1.43434 0.799603 1.22273 0.984311 -0.735145 0.218448 0.860072 -2.13328 -0.143641 1.05142 0.235317 -1.03433 -0.523329 1.26233 -0.380034 -0.0874057 -0.0973442 1.21978 -0.340476 0.293591 -1.62607 0.392259 1.70157 0.800881 0.0240761 0.176575 0.864527 0.81525 0.85349 -0.843146 1.90079 -0.247813 
-0.934083 -1.54825 0.138972 1.48815 0.923677 -0.563433 0.509689 1.96862 0.598029 0.709653 1.23108 0.82645 0.739373 0.317377 -1.5403 1.00801 0.480868 0.868187 -0.472654 -1.41649 0.792613 0.998328 -0.147499 -0.0383094 1.62585 0.0492321 0.529324 -1.70367 0.818641 0.909538 -0.163653 -0.68958 -1.08654 0.794076 1.27534 0.835774 -0.677253 0.625645 -1.76453 
-0.994033 -1.47265 0.705388 1.57115 0.989261 -0.639479 0.300859 1.97674 1.82973 1.07659 0.952135 1.33228 0.300965 0.0144041 -0.429994 1.42781 0.146618 -0.504522 -0.0424223 -0.746192 -0.225424 1.62989 1.07457 -0.779439 -0.636768 -1.59281 0.203135 -1.18122 0.89926 0.312478 -0.078499 -0.882834 -1.5528 0.277402 -0.0122253 -0.416518 0.00805124 -0.382911 -0.709601 
-0.966688 -1.76722 0.889574 1.56875 0.601999 -0.596692 -0.208594 1.81881 2.27364 1.65518 0.763234 0.00429476 -1.09348 0.0157284 -0.241186 0.402948 -0.0738282 -1.008 -0.90437 -0.404648 -0.423284 -0.997314 -0.339974 0.0646474 -1.96336 -0.836846 -0.179101 -0.288193 0.489858 -0.443088 -0.821786 -0.755934 -0.157978 -0.860727 0.141094 0.257091 -0.125214 0.458206 -0.313766 
-1.02625 -1.59676 0.911024 1.53778 0.349735 -1.25901 -0.0998348 1.69239 0.820226 0.758507 0.980481 -1.18406 -0.650086 -0.315691 -0.0151914 -0.660724 -0.740573 -0.764752 -1.13743 0.57521 -0.875798 -1.48017 -0.768835 0.630155 1.06696 1.23508 -0.125821 0.26166 0.841596 0.332419 -0.467127 -0.825387 -0.538004 -0.350737 -0.874191 0.11605 0.315127 -1.13076 -0.931792 
-1.09581 -1.7778 0.529604 1.19065 0.116035 -1.37474 0.301842 1.22678 0.770638 0.954004 1.12401 1.35796 0.372279 -0.228586 0.618786 0.917318 0.507286 0.277645 -0.383395 -0.215927 -0.0189912 0.162285 0.479628 0.366367 0.943286 -0.192072 -0.347357 0.425317 -0.291561 0.0124267 -0.0937073 -0.26485 -0.109532 -0.93269 -1.91719 -1.60519 1.05089 0.579956 0.005478 
-1.1299 -1.28884 1.39017 1.80486 0.521847 -1.52419 -0.325046 1.68295 0.995881 1.17258 1.18619 0.0116601 -0.849039 -0.264847 0.637684 0.198853 0.750096 0.601833 0.720599 -0.688878 -0.318405 -0.366489 -1.11836 0.770475 -0.525646 -1.24611 -0.467434 0.653229 0.429976 0.23258 0.761974 1.01628 0.0863034 -0.130894 1.1551 0.402624 0.570245 1.09215 0.10259 
-1.21006 -1.46038 0.626712 1.58328 0.492811 -0.889018 -0.363146 1.01375 0.405864 -0.059403 1.56727 0.677715 -1.05615 -0.551243 0.344749 -0.244415 -0.206098 0.85969 1.95712 0.333944 -0.139229 0.97095 -0.00251974 0.400853 0.0655191 0.286513 -0.70643 0.612061 0.446949 0.569631 0.502195 0.664232 -1.06817 -1.45235 0.169393 0.0619141 0.583644 -0.789084 -0.305171 
-1.32789 -1.11859 1.25158 1.7031 1.06141 -0.197417 -0.0389537 1.59175 1.99803 1.15594 1.41217 0.0863896 -0.489745 -0.91164 0.264247 0.500745 -0.00237379 0.140754 0.30613 -0.558913 -1.54724 0.543659 1.19426 0.0144025 -0.182578 0.89771 -0.719148 -0.691524 -0.44308 -0.706298 0.00705043 0.195065 0.11448 -0.453751 0.615958 -0.327408 -0.0341265 -0.504999 0.630136 
-1.51341 -1.33057 0.884351 1.58685 0.578503 -0.685202 -0.907285 -0.0348181 0.9713 0.993048 1.56608 0.435603 0.0160725 -0.646352 -1.39347 -0.455754 -0.736565 -0.869502 -1.65936 -0.182593 -0.436148 -0.360644 -0.380021 -0.430098 -0.514455 0.380854 -0.609104 0.177889 0.476745 -0.540415 0.557616 -0.123898 0.89787 -0.0661039 1.43095 1.27008 -0.00157513 -0.525846 0.540616 
-1.55368 -1.82159 1.0006 1.32708 0.509317 -1.33047 -0.233168 1.29866 1.63923 0.802091 1.14969 -0.579561 -0.0204062 -0.103317 -0.0119999 0.245712 -0.720522 0.686048 -0.503958 1.63706 1.47274 0.857134 0.304317 -0.000750472 -0.285385 -0.327564 -0.777652 -0.539109 -0.396455 -0.715348 -0.124059 -0.943401 0.040097 -0.186803 -1.09318 -0.886082 0.249766 -0.184752 0.456944 
-1.58044 -1.33955 1.00638 1.21912 1.00844 -1.03238 0.590521 0.970026 1.85712 1.25051 1.55598 0.0621953 -0.340925 -0.648341 0.572819 -0.171086 -0.218087 0.660462 0.188232 0.245945 0.205688 -0.686789 -0.660388 0.774977 0.357812 0.0984231 -0.367058 -0.315978 -0.20963 -0.770372 0.344947 -0.502927 1.5983 1.81913 1.39973 -0.0743097 -0.121302 -0.00138573 -1.14352 