-0.614046 -0.811216 1.29438 1.34207 0.863874 -1.06132 0.387142 1.30703 1.06582 1.00274 1.34031 0.232703 -0.0572317 0.0186664 0.404337 0.257972 1.04724 0.883028 0.307813 0.580237 1.07024 -0.203689 -0.0837151 0.727225 0.00638735 0.907155 0.567111 -0.885993 -0.538369 1.2036 -0.730074 0.651951 0.349595 -0.987631 -0.566958 -0.961862 -0.625741 -0.188432 -0.994498 
-0.623816 -0.948945 1.24568 1.72005 1.57203 -0.946289 1.29723 1.30628 0.590751 1.03348 1.34849 -0.782702 0.399186 0.955343 -1.79047 -0.855684 0.379568 -1.27475 0.667183 1.06001 -0.478768 -1.30488 -0.716128 -0.293613 -0.559833 -1.44809 3.0938 -3.13113 -1.74048 0.616153 -0.33355 -0.352907 -0.325869 1.67237 -0.868396 -0.605758 0.76506 -0.341512 -0.430479 
-0.337842 -1.84171 0.904414 1.56503 0.0600506 -0.676074 1.43949 0.955718 0.304531 0.526087 1.21533 -0.485059 -1.56143 4.55148 -4.64 -2.97825 -0.222462 -1.40572 -0.832851 -0.983325 0.950512 -0.746224 -0.635737 0.354387 -0.367763 -1.37354 2.05814 -0.958937 -0.846756 -1.23101 -0.814001 0.351445 0.620125 0.121803 -2.57657 -1.725 0.12634 -0.450538 -1.26419 
0.793434 -3.64204 -0.114702 1.5868 0.687625 -1.4601 0.293125 2.09493 0.155318 0.610519 1.5309 -1.24655 -1.02688 2.08599 0.496087 -0.465457 -1.97275 0.0208126 -0.137587 -0.300816 0.60084 -1.56643 -1.37226 0.454288 0.0879242 0.125909 0.850707 -0.504408 0.150471 -0.386957 -0.757716 -0.0169107 -1.06321 -0.400506 -1.07783 -0.981469 -0.140451 0.59108 -1.03729 
0.297115 -1.53808 0.692856 0.396157 0.0533266 -0.773171 1.12228 1.46548 -0.609322 -0.388729 1.44513 -0.346509 -1.41601 -3.29252 3.96109 3.21829 -0.265842 0.237453 0.810904 -0.325689 -1.46801 -0.43927 -0.543244 -0.578382 0.951864 0.284268 0.151568 0.548976 0.358823 -0.0105368 0.656051 -0.0130114 -0.159916 0.793636 -1.02534 -0.181128 0.363222 0.333478 0.508269 
-0.278201 -1.31671 1.35791 1.42788 0.814191 -0.988712 -0.0491226 0.954612 -0.101072 0.249321 1.27083 0.0340944 -0.715497 -1.85909 0.251347 1.03167 1.97719 0.962658 0.121479 0.101624 0.343894 0.439978 1.17217 0.0479349 0.235016 0.37132 -2.28365 3.53927 2.67089 0.0591024 0.0105157 -0.111385 -1.30912 -2.98123 -2.34087 -1.31287 -1.21457 -0.220662 -0.189123 
-0.319695 -1.37726 1.16577 1.56441 0.626078 -0.714997 1.21009 1.7703 -0.352852 0.395632 1.48217 -0.0135083 -1.01339 -0.075379 0.835398 0.967513 0.361436 -0.236481 -0.974309 -1.28546 -2.20959 -2.16692 -1.04107 -1.19433 -1.19072 -0.502906 -0.895901 1.96125 1.14053 0.798721 0.170822 -1.43222 -2.0014 -1.40484 -1.05146 -0.231241 -2.26793 -0.806549 0.857754 
-0.329043 -0.815112 1.80149 1.64012 0.649165 -1.58731 -1.3573 -0.777183 -1.36518 -0.444325 0.718565 -1.51768 -1.2291 0.539746 2.4084 0.758325 -0.913425 -0.717701 -2.26259 -2.56333 -2.0912 -1.59581 -1.43355 -3.33943 -1.06785 0.484654 0.635501 1.75892 -0.0181523 -1.64457 -2.03565 -0.989558 0.173503 -0.742015 -0.442569 -1.53525 -3.40956 -1.95697 -0.890459 
-0.175359 0.0421341 1.51371 1.02233 0.16498 -2.08573 -1.38417 0.132934 -1.28384 -0.560115 -0.0876822 -1.40286 -0.49199 1.01665 1.55038 -0.991459 -2.49597 -2.87679 -0.503996 1.49592 1.27392 1.69599 -0.815239 -3.74321 -0.808429 -0.435649 0.936988 2.46296 0.179974 -2.09864 -1.79919 -1.30499 -0.821827 -0.622496 0.51392 -1.3777 -3.52955 -0.215054 0.529355 
-0.0333859 0.103659 1.34945 0.161658 -1.14032 -1.90401 0.133753 0.269414 -0.376096 -0.987161 -1.04284 -2.56408 -1.67222 0.846574 0.930702 -0.472099 -1.81549 -2.03568 0.311993 1.55089 1.30188 2.20075 -0.230054 -1.77112 0.834683 0.0342198 1.21694 1.19101 -1.25005 -2.59496 -2.86302 0.351219 2.32721 0.664404 1.77192 -0.649098 -2.59467 2.13883 2.04433 
0.066333 0.599343 1.29912 -0.0534955 -1.10702 -1.91337 0.162213 1.20183 -0.000322974 -0.712163 -0.913565 -0.277117 -0.442664 0.782931 0.066408 -0.961044 -0.882639 -1.49573 1.03325 1.36067 -0.487426 0.323996 0.0427788 -0.0193892 2.96167 2.50963 1.64781 -0.258174 -1.13853 -1.19729 -2.25118 1.65893 2.14304 -1.17726 0.394157 -1.89016 -2.67126 1.01613 1.10101 
0.188112 0.156583 0.911314 -0.362211 -2.08011 -1.29936 1.48869 -0.0888089 -0.187278 -0.95701 -1.03773 1.37346 0.971449 1.58904 -1.2762 -1.30582 0.266457 -1.40562 2.17531 1.07942 -2.77052 -1.73052 -2.06035 -2.10191 0.180338 1.07145 2.39791 -1.25244 -1.80622 -1.81543 -1.87006 1.4241 0.704912 -0.725405 0.218748 -0.802956 -0.699468 1.8414 1.92917 
0.543608 -0.131098 0.703353 0.102542 -1.99136 -0.624215 1.23409 -0.977349 -1.00989 -2.08649 -1.89637 -0.0163992 0.693726 2.75996 -1.7582 -1.86216 -1.47555 -1.36551 1.10244 -0.497301 -0.42791 -0.0510632 -1.00342 -1.01062 -1.10997 -0.553856 2.98888 -1.83848 -2.04692 -2.12889 -2.49234 2.53645 1.29211 -1.20195 0.0357812 -0.563967 -0.46577 0.484373 -0.479144 
1.03692 -0.855088 0.0611967 -1.2369 -2.93978 -0.653239 0.973731 -0.399563 -0.217229 -1.62552 -1.50285 -0.0715582 0.404446 2.82623 -1.20914 -1.8942 -3.03498 -2.40273 1.62593 0.505398 1.27165 1.79764 1.39201 1.40885 0.295582 -1.58779 3.08835 -2.268 -2.47078 -2.16588 -0.991935 2.25877 -0.328999 -1.15006 -0.894295 -1.62891 -0.266517 -0.88029 -0.799549 
1.41344 -0.822409 -0.161413 -1.69484 -3.48918 0.335663 1.72827 0.0674413 0.0384989 -1.15532 -1.21373 0.396668 -0.95689 1.80215 -1.30874 -2.00141 -1.34138 -0.159235 2.28302 0.0903683 -1.00742 -0.927982 -0.967446 0.604859 0.202368 -0.29138 2.68843 -1.78223 -2.95292 -2.8626 -0.836108 2.28902 -0.158005 0.24842 0.633459 1.03725 1.85255 -0.929828 -1.35457 
1.58181 -1.60451 -0.852585 -2.0322 -3.05728 0.700474 1.05021 -1.17252 -0.75868 -2.27 -1.20162 0.218283 0.112529 1.14552 -1.20003 -2.72418 -0.693985 1.11515 1.80482 -0.702241 -0.994535 -1.05823 -0.101906 1.24075 -1.2534 0.172832 1.80975 -1.27163 -2.40857 -1.26592 1.16909 2.47362 -1.18621 -0.332795 -0.105161 0.708587 1.75421 -1.20253 -1.74108 
1.74999 -1.50841 -1.40564 -2.10708 -2.82261 1.40276 1.00705 -0.695244 -0.578928 -1.22179 -0.610849 -1.23797 -0.762292 0.872528 -0.409042 -1.76478 -0.297496 1.92355 1.42414 -1.5505 0.572836 0.836573 1.85556 1.90295 -1.43666 -1.52034 0.727625 -1.1582 -2.68648 -0.0114187 1.69907 1.01216 -2.21618 0.0428546 -1.18427 0.274626 0.264297 -0.609562 -0.208423 
1.83174 -1.829 -1.65818 -2.20985 -1.89334 1.53941 -0.524706 -0.685098 -0.27088 -1.02926 -0.284596 -1.65861 -1.46739 -0.0682603 -0.364157 -1.47709 0.697267 1.45579 -0.285927 -2.02335 1.01994 -0.246987 0.459246 -0.881157 0.620272 -0.411282 0.425248 -0.354042 -1.86918 0.0954649 2.5073 0.217362 -1.55161 1.32148 0.278884 2.42167 0.0446078 -0.360653 -1.35661 
1.70141 -1.7067 -2.0797 -1.69614 -1.94646 1.21676 -1.04375 0.148782 -0.72316 -0.913516 -1.01455 -0.395673 -1.17987 -0.241626 -0.0662699 -1.15699 0.44069 1.87751 -1.0953 -0.358577 1.01825 -0.495999 1.12782 -1.86012 1.05587 0.103282 0.0283439 -0.235863 -1.04502 0.528831 2.71203 -0.799534 -2.04521 0.509533 -0.0338049 0.308403 -0.679537 0.0324052 -0.450955 
1.72814 -1.85349 -2.1859 -1.95072 -0.757714 0.868294 -0.900053 0.157583 -0.560358 -0.274519 -1.1527 -0.240462 -1.34568 0.113263 0.048868 -0.154433 0.0132088 2.65686 -0.907852 -0.492184 -0.423086 0.235842 -0.060594 -0.120117 -0.602565 -0.0761254 -0.261539 0.610462 -0.158403 0.657023 2.31459 -1.19215 -1.86938 0.69965 -0.547278 0.104899 -1.03996 0.512885 -0.0999037 
1.71042 -1.66401 -2.14907 -1.68995 -0.331336 0.657993 -1.55357 -0.158125 -0.585761 -0.952397 -1.05723 -1.16993 -1.24619 -0.141289 0.896959 0.913479 0.437591 1.63024 -0.686349 -1.94093 -0.188602 -0.0927135 -0.978071 0.339173 -0.551048 -0.230338 -0.127063 0.457146 0.723485 0.0986953 2.52755 -0.90389 0.236498 0.402783 -0.364163 -0.440241 -0.412803 -0.432819 0.250887 
1.65639 -1.31596 -1.76703 -1.69342 0.22577 0.442291 -2.86791 0.0376981 -0.614604 -0.926095 -0.977502 -0.94661 -1.57362 -0.297668 0.574223 1.29154 0.134214 1.17501 -0.44218 0.780042 0.88922 -0.618582 -0.456415 -0.496568 0.14862 0.309154 -0.392503 1.11234 1.12901 0.725019 1.38327 -1.29714 0.0794674 -0.115871 -0.181637 -2.08031 0.362963 -0.467469 0.041672 
1.58905 -1.3148 -1.55734 -1.61216 0.372068 0.378335 -0.782983 0.581644 -0.946742 -1.25561 -1.27849 -0.951138 -0.908722 -0.434952 0.61331 0.858476 0.529697 0.460056 -1.25251 2.03585 0.0196423 -0.0847172 -1.5449 0.162677 0.0619742 0.248609 -0.463603 1.11849 1.52237 0.0957382 0.835188 -1.0994 0.447584 0.689865 -1.21992 -0.413971 0.193264 0.758269 -0.35574 
1.49146 -0.943943 -1.3733 -1.38163 0.489293 -0.323044 -0.833454 0.0839051 -0.664185 -1.9562 -0.886031 -0.842365 -1.29961 -0.383528 0.944377 1.09623 0.00933782 0.0811023 -1.20059 -0.232836 -0.0715523 -0.726739 -0.028463 0.753737 0.60498 -0.698823 -0.631251 0.863502 1.00529 0.399342 0.417676 -1.12025 1.25049 1.13432 0.628003 -0.794806 0.100077 1.79804 0.78211 
1.44043 -0.74961 -1.05492 -1.60825 0.402438 -0.355882 -1.03178 0.555116 -1.37081 -1.27303 -0.906634 -0.129058 -1.62766 -0.493722 0.560012 0.719804 0.0112765 0.16061 -0.421487 -0.502167 1.34226 0.81799 0.594225 -0.0398676 1.74577 0.529716 -0.700697 0.926707 0.809354 0.207546 -0.670803 -1.1926 -0.0510884 -0.224593 -0.147154 1.06709 0.897936 1.44442 0.449318 
1.30787 -0.603018 -1.04296 -1.37658 0.56858 -0.5903 -1.35331 1.18501 -0.187224 -1.55779 -0.890642 1.4878 -0.730979 -0.647659 0.31453 0.175304 0.280572 -1.11709 -0.581738 0.167354 -0.230537 0.588096 1.35506 0.519462 0.844248 1.13554 -0.655594 1.13921 0.920835 0.716033 -0.643374 -0.304523 -0.717363 -0.197991 -0.677652 1.68464 -0.103952 0.860674 1.82864 
1.208 -0.551915 -0.973525 -1.44386 -0.304388 -0.719186 -0.87782 0.401783 -1.02794 -0.366538 -0.645911 1.00933 -0.424099 -0.470886 0.986642 0.726254 0.94425 -1.15485 -0.0311052 -0.381924 -1.61177 -1.55335 1.48769 -0.131502 -0.888347 1.32286 -1.03745 1.03486 0.660381 0.612621 -0.319265 -0.58305 -1.07151 -1.91825 -1.01024 1.83757 -0.166455 0.592953 1.9915 
1.13154 -0.0131705 -0.709685 -0.8195 -0.161478 -0.623577 -1.75216 -0.0699754 -1.09345 -0.562724 -0.938723 0.335751 0.668899 -0.880634 1.09082 0.863009 0.539587 0.61614 -0.287896 -1.48656 -2.14544 -1.69756 0.913903 -0.78095 -0.258248 0.884212 -0.976866 1.06987 1.01724 0.774205 -0.321424 1.06471 0.739893 -2.79985 -1.90031 1.00472 0.0285776 -1.01376 1.10695 
0.901657 0.0987161 -0.577723 -1.12622 0.0551669 -0.906373 -2.38839 -1.27884 -2.01828 0.245354 -1.00208 0.690249 0.516057 -0.967975 0.466114 0.870729 0.0874238 0.650615 1.62869 1.28827 -1.84373 -0.557285 -0.237382 0.15122 -0.154565 -0.211093 -0.955221 1.39719 0.473731 2.07189 0.707258 1.48623 0.149617 -2.22025 -0.379122 0.392917 -0.550784 1.11048 0.870907 
0.797479 0.272968 -0.310353 -0.769394 0.219288 0.337955 -0.470081 -1.50996 -1.41867 -0.719666 -0.852687 0.153738 0.461126 -0.526276 0.805154 -0.116901 2.19078 0.445267 2.51662 1.66767 -0.600342 1.29799 -0.411883 -0.0346817 1.36892 -0.0147372 -0.910622 0.439757 0.318604 1.25159 0.655845 0.794521 1.18069 -0.959466 0.267541 -0.158585 -0.0982799 -1.22768 -0.879709 
0.707746 0.582672 -0.629925 0.168417 0.309591 0.587348 -0.72448 -1.72713 -1.26134 -0.0281202 -1.00423 2.52223 0.514074 -0.373099 0.13343 -0.367476 1.56915 0.33254 -0.435665 0.159657 0.641783 0.885101 0.0648638 -0.314411 -1.10522 -0.716426 -0.752082 0.677098 -0.375402 1.85831 0.296426 2.11824 1.54099 -0.381578 1.37939 -1.25718 0.496486 0.114717 -0.751401 
0.652171 0.364997 -0.477116 0.157432 0.404356 0.0622011 -0.323866 -0.967546 -0.902568 -0.674766 -0.987536 -1.28501 -0.276258 -0.580766 0.115766 -0.466326 0.260004 -0.00914175 0.658429 0.222928 0.106024 0.280458 -1.10432 0.729051 -1.26777 -0.781075 -0.492048 0.0434042 -0.698498 -0.232388 -0.256417 0.274919 0.796311 0.0379296 0.22849 0.713676 0.51027 0.475203 -0.406557 
0.496546 0.664394 -0.841881 0.320636 0.284437 0.967349 -0.514588 -1.61202 -1.09792 -0.764004 -0.644081 0.868609 -0.291065 -0.350087 -0.0705731 -0.721565 -1.85512 -0.737836 0.850679 0.816008 -0.622413 -0.60121 0.829475 1.02865 1.57185 0.274594 -0.407997 0.438308 -0.299278 -0.0302302 -0.409388 0.519329 0.499995 0.0112257 0.0937162 0.575052 0.364653 -2.15062 -1.13098 
0.514165 0.337997 -0.805764 -0.941843 -0.0691312 0.557428 0.482914 -1.43343 -1.25342 -0.119256 -0.485263 0.815234 0.0249901 -0.0183471 0.481817 0.00227334 -0.281347 -0.628975 0.122544 0.388671 -0.119353 -0.148165 1.8291 -0.224765 -0.92772 -0.404369 -0.364831 0.350686 -0.082805 0.543127 -0.25222 0.845099 -0.00900561 -1.03145 -0.668648 0.659284 0.993131 1.16658 -0.972318 
0.463801 0.959695 -0.839598 0.152545 -0.122073 1.02616 -0.137888 -1.67668 -1.18451 0.459063 -0.736404 -0.335487 -0.701399 -0.185305 0.549509 0.596405 2.58431 0.338928 0.418073 -0.829785 -0.667679 -0.124022 -0.00166344 0.381801 -0.404294 -1.29718 -0.219442 0.275224 0.352114 -0.633278 0.183597 -0.0661416 0.0349656 0.912218 -0.230676 0.170577 -0.401402 0.461779 0.452922 
0.428444 0.672793 -0.531851 0.585641 0.119867 0.793369 -0.366666 -1.93542 -1.32592 -0.118784 -0.289844 0.303089 -1.32104 -0.302426 -0.105062 0.553441 -0.529394 0.893375 -0.218204 -0.348424 1.20929 -0.0844258 -1.59903 -0.375482 1.38073 0.844785 -0.404163 0.873296 0.568809 1.73349 0.177974 0.767259 -0.889871 0.73724 1.75501 -0.0571808 0.566647 -0.181404 -1.76878 
0.340917 0.912572 -0.585327 -0.162313 0.408053 0.880745 -0.503016 -0.681623 -1.23392 -0.60719 -0.900224 1.51211 0.197434 -0.408148 0.637076 0.298549 -0.296916 -0.0830856 0.734128 -0.266256 1.54336 2.12498 -0.0468276 0.413731 0.205237 -0.542971 -0.410825 -0.102455 0.548874 0.288544 0.209076 -0.80937 -0.323276 0.771605 0.571674 -1.11007 0.271622 0.858004 -0.0688666 
0.272015 1.05868 -0.394113 0.408338 0.0492191 1.21874 -0.649099 -0.673924 -0.0866042 -0.148472 -0.079278 0.596723 -1.87664 -0.300861 -0.0295842 0.310304 0.925331 -0.590197 -0.990301 -0.0514771 -0.291533 0.754337 0.262749 0.745632 -0.52602 -0.939981 -0.547843 -0.0599547 0.275337 -0.0664595 0.0439903 0.471515 0.0830669 0.335036 2.20772 0.0166681 -0.891736 -1.04976 2.27746 
0.218531 0.909489 -0.442216 0.383572 0.0254013 0.272566 -0.569291 -0.883605 -0.794086 -0.430141 -0.532211 0.83905 -0.774245 -0.397401 -0.714174 0.136969 0.228148 0.135006 -0.024748 0.365603 -1.16018 0.385192 0.0886607 -1.72096 -1.28465 2.85626 -0.315384 -0.129111 -0.505455 0.74301 -0.24602 0.755036 1.29431 -0.520207 1.39555 0.831223 0.6737 -0.933927 0.295726 
0.118997 0.656164 -0.330249 0.541708 0.112753 1.18927 -0.295616 -1.56872 0.137909 -0.087681 -0.881367 -1.07922 1.13031 -0.161539 -0.141156 -1.09713 0.0655093 0.200725 2.1242 1.63901 -0.372537 0.842288 0.77536 0.204253 -0.435956 1.21904 -0.261409 -0.410565 -0.0206087 0.41759 0.54059 -0.863917 0.700384 -0.282113 -0.778813 0.465716 -0.312798 -0.734411 0.785924 
0.14035 0.841307 -0.942569 0.420711 0.129369 1.53109 1.06577 -1.15019 -0.302952 0.0892302 -0.421017 0.285049 0.516821 0.0146786 0.162326 -0.16476 0.336712 0.672734 -1.26543 0.492202 0.787656 -1.23434 0.5024 1.24847 0.524944 -2.07402 -0.211625 -0.101752 -0.455529 -0.398475 0.413649 1.34406 0.854586 0.721554 0.44402 0.189385 -0.377885 -0.90407 0.172086 
0.0967297 0.765053 -0.404332 0.739314 0.507128 0.416192 0.185278 -0.909961 -0.582238 0.249407 -0.274818 -0.362943 -1.02989 -0.147694 0.00746119 0.388465 -0.56889 0.413812 -0.108353 -0.591742 1.22901 -0.315964 -0.522278 -0.770591 -0.495751 -1.0669 -0.105701 0.421698 -0.398141 -0.249759 -0.118935 -0.200209 0.42216 1.04547 -1.04452 0.948063 0.514358 1.47014 -0.944847 
0.0665632 0.859837 -0.763724 0.0824836 0.36444 1.45151 0.455762 -0.139416 -0.487418 -0.257966 -0.772269 -0.347999 -0.587871 -0.16755 0.412765 -0.454065 -0.645421 -0.868784 0.969032 0.0237666 0.465454 0.0863131 0.678616 -0.528333 0.950358 1.07963 -0.309722 -0.242655 1.05974 -0.0523805 -0.294682 -0.734432 0.299316 1.48649 0.188804 -0.664792 -0.440154 0.225672 -0.368463 
0.0166422 1.02006 -0.610682 0.355805 -0.0469261 0.982355 0.19473 -0.508182 -0.532059 0.704172 -0.511147 0.915715 0.115073 -0.306347 -0.331947 1.27505 0.518552 -0.877347 -0.987947 0.956779 0.564129 0.555214 -0.269377 0.11447 0.709395 0.664167 -0.247424 0.304726 0.00012791 -0.668192 -0.229036 0.579 0.365261 0.568675 -0.126012 -1.22082 -0.415064 0.589782 1.96457 
-0.0575643 0.680335 -0.179538 0.387683 -0.194882 0.844743 1.40422 0.341065 -0.163732 -0.436274 -0.703666 0.612115 0.121667 -0.194529 0.00393816 0.458738 -0.211023 0.505162 -0.0987139 0.422294 0.203815 -0.201175 -2.15035 -0.0916119 -0.367574 0.912481 -0.440568 -0.18713 0.297877 -0.399504 0.412318 -0.784498 0.797173 -0.00656646 0.354485 0.074339 0.505906 -0.792743 0.921133 
-0.0720058 1.03654 -0.399708 0.229323 0.244349 0.908556 0.605268 -0.315082 -0.649569 -0.730255 -0.540305 0.452113 1.08486 -0.340846 0.0826454 -0.804249 -1.02328 1.48986 -0.183318 0.0199439 -0.599245 -0.129602 0.381747 0.593482 -1.52824 0.256865 -0.363151 0.246681 0.272007 -0.707043 0.416164 -0.354829 1.23518 0.0650548 0.229025 -0.984525 1.3693 0.213472 -0.138471 
-0.192638 0.742733 -0.545989 -0.219402 0.702233 0.720236 1.40982 -0.106343 -0.239494 -0.179758 -0.40783 -1.38584 0.404335 -0.338383 0.334169 -0.0284338 -0.696277 0.113203 -0.429203 1.09258 -0.15123 0.485667 0.967628 2.04445 0.568849 -1.07913 -0.454451 -0.149677 -0.25158 -0.774365 0.182981 0.135985 -0.205533 -0.195922 0.235012 -0.000169503 0.88302 -0.0329703 0.794113 
-0.206298 1.24569 -0.411465 -0.184278 0.294468 0.636675 1.69039 -0.40516 -0.36645 -0.0824855 0.44384 1.22643 -0.0326534 -0.32684 -0.281234 0.414868 0.027854 -1.2264 0.390304 -0.275182 0.332262 0.420828 -0.360508 0.65821 1.47967 0.533781 -0.655492 -0.193046 0.218509 -0.45939 0.25475 -0.364011 -0.356367 -0.101076 1.49758 0.99834 0.749502 0.292337 -0.684094 
-0.323268 0.592821 -0.355072 -0.204543 -0.0718435 0.939534 1.11841 0.189205 0.00580523 -0.418924 -0.0812875 0.59254 0.977224 -0.626075 -0.591482 0.374987 0.113159 0.259491 -0.112462 -1.53313 0.000387601 1.22572 0.274881 -0.98527 -0.287619 0.352404 -0.507904 -0.047958 0.34502 0.439606 0.278846 1.41091 0.481982 -1.19534 0.332066 0.552625 0.548101 0.799062 0.147792 
-0.431875 0.914761 -0.238781 -0.118945 0.434593 0.554636 0.132947 -0.37431 0.348338 0.102664 -0.00925095 0.868525 0.350144 -0.419751 0.22038 0.12974 0.565825 1.63576 1.72564 0.86465 -1.82304 -0.0204326 1.05787 0.11058 -0.684709 -0.406579 -0.546775 -0.283785 0.429175 1.03624 0.417702 0.39054 -0.733215 -0.155796 0.390164 -0.0312492 -0.594613 -1.60184 0.0788809 
-0.483379 0.735582 -0.294512 0.128627 0.91504 1.95918 1.97414 -1.23428 -0.00627926 0.289106 -0.0145299 -0.290303 0.564573 -0.177898 0.211302 0.301367 1.26152 0.361214 0.700596 0.629567 -0.218236 -0.759977 -0.291655 0.106444 -1.3515 -0.295938 -0.300709 0.352869 0.608934 1.12811 0.617655 -0.425157 -1.19076 -1.07226 0.804131 0.46817 -0.0343211 -0.396571 -0.759151 
-0.515246 1.05223 -0.0997553 0.625858 0.637303 0.95991 0.752088 -0.517831 -0.095117 -0.0905209 0.0555444 -0.895794 0.0534495 -0.0209855 0.261513 0.828031 0.92912 -0.710731 -2.35886 -2.33037 0.482979 0.951817 -0.463804 -0.181553 0.267513 -0.397189 -0.285994 -0.0505566 0.347634 0.342397 0.154302 0.45093 0.465398 0.0102154 0.315405 0.214184 0.183436 -0.524292 0.842437 
-0.516962 0.902343 0.0852982 0.676754 0.45823 0.530741 -0.385661 -0.818523 0.548742 -0.0190406 -0.0863539 0.0856568 0.161764 -0.241117 -0.275675 0.247334 -0.795088 -0.1414 -0.022039 -0.0604746 0.20367 1.14163 0.575069 0.136556 0.804818 1.13619 -0.450008 0.327056 0.048791 -0.467611 -0.106106 -1.867 -2.31383 1.00584 2.10432 0.78412 0.324647 -0.513921 0.471669 
-0.618676 0.905557 0.0145666 0.153792 0.530776 0.932067 0.676758 -0.324847 0.570622 0.295096 0.134625 0.190466 1.25769 -0.640142 0.185427 -0.747175 -1.523 0.534207 -0.433251 -0.515195 0.721594 1.44205 1.4443 0.628157 -0.80368 0.856849 -0.438312 -0.442196 0.314258 0.0517928 0.367565 -0.139227 -1.0081 -0.711021 1.13921 -0.315811 0.336895 1.30878 0.948719 
-0.747002 1.02471 -0.255059 -0.226009 0.767374 0.256434 -0.918631 -0.21245 1.38971 0.947054 0.225932 -0.954463 1.07324 -0.402746 -0.319003 0.249116 0.881115 0.685797 -0.183054 -1.18083 -1.10139 0.166653 -0.939889 0.327708 0.506903 -0.186841 -0.572059 -0.296629 0.121206 0.129856 0.521296 0.158887 -0.0330438 0.0375128 0.994811 0.859253 0.70294 0.702631 1.19899 
-0.77339 0.733608 0.129703 0.673515 0.933188 0.807718 -0.526118 -1.17276 0.667663 -0.330983 0.304383 0.882892 1.07533 -0.201154 -0.582998 0.941397 1.71121 0.244168 0.674528 0.471883 -0.702734 -0.296184 -0.37191 0.363886 1.50087 0.349402 -0.415561 0.0812918 0.78542 0.522466 0.0210821 -0.332633 -0.459457 -0.310394 1.18832 0.498613 -0.304213 -0.348534 0.564961 
-0.837752 0.698729 0.176582 0.784873 0.898071 0.646083 -0.458185 -0.7424 1.21678 0.700274 0.412853 1.05196 1.45289 -0.207532 0.433162 0.984948 -0.17897 -0.668743 -0.311628 0.613609 0.694238 1.19688 1.57119 -0.787822 -0.875399 0.742263 -0.268727 -0.0878209 1.03395 0.931371 -0.229994 0.645969 1.48974 0.406143 -0.601658 0.000900025 0.160814 -0.0741383 -0.374326 
-0.866164 1.00052 0.581255 0.565999 0.502211 0.606307 0.0769634 -0.588505 1.36563 0.719844 -0.0550429 -0.252037 1.86672 -0.192372 0.468167 0.681748 -0.473807 -0.609248 0.296063 1.35575 1.17298 -0.353697 0.394458 -0.153504 -1.59118 -0.75815 -0.245683 0.297357 0.533635 -0.544827 -0.0367956 -0.675326 0.681714 1.5602 1.1833 0.590076 0.225407 -1.20973 -0.488701 
-0.925715 0.986066 0.489513 0.502905 0.503698 0.808897 0.891806 0.223694 1.01031 0.965277 0.354334 -1.02921 0.67178 -0.151976 -0.0264371 -0.145058 -0.515987 0.597708 -0.696172 0.221257 1.18916 0.160997 -0.828021 1.09134 -0.366192 -1.26842 -0.348528 0.106699 0.707817 -0.901237 -0.184367 -0.533101 0.987471 1.49715 0.495372 -0.0377231 -0.0640307 -1.75063 -0.934522 
-0.94131 0.999272 0.516179 0.259074 0.850425 0.174416 0.285174 0.390493 1.45937 0.168472 0.476966 -0.713812 0.550826 -0.318955 -0.319606 0.430826 -0.687696 0.313612 -1.09091 -0.145223 0.633203 0.937782 -0.41915 0.0396954 -0.198782 -0.225635 -0.577421 -0.729097 0.0770239 -0.840887 0.252218 -0.850236 0.0322535 0.662498 0.193592 0.244626 1.26435 1.13444 -0.305633 
-1.05384 0.813765 0.687726 0.0943821 0.677121 0.140418 0.731183 0.759268 1.55714 0.686951 0.387465 -1.26968 0.448767 -0.697235 -0.956723 0.270113 -0.566518 -0.228867 -0.573523 -0.184342 -0.405006 0.0836396 1.14867 0.710173 1.50116 0.930181 -0.44998 -0.555276 0.27215 -0.679692 0.644158 -0.718073 0.263996 0.793465 0.412516 0.28737 0.995117 -0.307045 -0.0646452 
-1.18947 0.455236 0.640916 -0.0777503 0.690084 -0.183964 0.0851812 0.0980075 1.50799 0.93714 0.828158 1.29299 1.53916 -0.342132 -0.42819 -0.00029696 -0.183801 0.651757 0.0191022 0.466866 0.311322 -0.446894 0.792077 1.37362 -0.127651 0.134772 -0.678469 -0.400379 0.850703 -0.151206 -0.636225 -0.111406 -0.0244196 0.167642 0.722587 2.71446 1.16845 1.12866 1.51819 
-1.18932 0.578109 0.688834 -0.0159927 1.05859 0.137233 1.18658 1.03811 1.29631 1.21749 1.05339 -1.41611 0.603476 -0.301142 0.418668 1.06615 0.386816 -0.754493 0.410088 0.151626 0.583209 0.756022 2.19282 0.953071 -0.372054 0.603725 -0.300721 -0.370884 0.266918 0.714874 0.0961142 -1.03441 -1.53905 0.607568 0.765407 1.41548 1.3189 0.876781 -0.401731 
-1.31194 0.713691 1.12959 0.149502 0.206349 0.0471916 0.223314 0.593707 1.94881 2.40309 1.29458 0.823466 2.18535 -0.0986219 -0.0699278 0.422635 1.13781 -0.520505 -1.56456 -2.36052 0.405572 1.33472 0.960635 0.506547 1.0014 -0.57165 -0.266494 -0.166666 0.206155 0.623742 0.0628919 -0.383102 0.239442 0.968459 0.145911 0.714498 0.413661 -1.83473 -1.55009 
-1.24754 0.551486 0.883302 0.655614 0.718816 -0.815134 -1.20356 1.39213 2.07468 1.86059 1.30798 -0.0699749 0.0178236 -0.0890876 -0.64026 -0.73894 0.447901 0.835181 -0.980337 0.139849 0.575597 -0.565019 -1.29747 -0.378121 -1.50318 -2.21938 -0.325703 -0.306803 0.456745 1.22125 -0.787986 -1.5553 -1.59089 -0.808212 -0.148227 -0.0110619 0.789307 1.32754 0.664135 
-1.36713 0.354299 0.793001 0.412897 0.70067 -0.555016 0.349593 1.08333 1.61907 1.53822 1.1295 -1.14136 -0.127197 -0.37901 -0.341419 0.296882 0.479055 -0.693834 -0.760837 0.403179 -1.42231 -1.47457 -0.952719 0.610025 0.32934 1.22887 -0.251502 -0.728821 0.0907704 0.148433 0.0624836 -0.926354 -0.213052 1.23533 -0.845627 -1.97319 -0.0758403 0.0935398 -0.181455 
-1.39473 0.366457 1.02028 0.937443 0.272402 -1.28578 -0.81226 0.288264 1.2144 1.22594 1.61167 0.387719 1.3192 -0.279011 -0.342527 0.885516 -0.235371 -0.755114 -0.403331 -0.404325 0.909999 -0.359284 -1.09448 0.247285 1.58286 2.00861 -0.417896 -0.87644 0.0526197 -0.12957 -0.341854 -0.26511 0.247332 -1.30091 -2.41011 -1.12896 0.272383 -0.0704876 0.495817 
-1.48259 0.168625 1.19909 0.27201 0.216552 -0.811389 -0.0717949 1.83968 1.40933 0.808905 1.26111 0.973444 1.99138 -0.234715 -0.841253 -0.210032 -0.630436 0.158504 0.367258 -0.10201 -0.197734 -1.2095 -0.406652 -0.238777 -0.415947 -0.744427 -0.267812 -0.386484 0.808216 0.0615762 -0.376754 -0.757761 -0.329579 0.536812 -0.484907 -0.0773834 0.721624 1.04788 1.62294 
-1.49612 -0.110206 0.925496 0.5628 0.350393 -1.0803 -0.929392 0.161095 0.508742 0.955959 1.5127 -0.139831 0.55247 -0.113165 -0.176713 0.384236 0.334204 0.166667 -0.727901 -0.00332057 -0.279746 -0.159272 1.02128 0.7717 -0.535645 -0.367184 -0.0934872 -0.299573 0.609519 -0.332235 -0.0286919 -0.32567 -0.0175472 1.30946 0.579099 0.421394 0.377084 1.3449 0.20044 
-1.54542 0.0796965 1.37601 0.468132 0.299566 -1.2623 -0.0896039 1.6471 1.31627 1.4925 1.64149 0.287657 1.62002 0.099874 0.439696 1.16872 0.213764 -0.217205 -0.851515 0.0777385 1.77409 1.88777 0.943502 0.760987 1.76428 0.925673 -0.115896 -0.253868 0.422225 0.268194 -0.444453 -0.932764 -0.623884 -0.851364 0.734975 1.84113 0.976643 0.693879 -1.21197 
-1.49136 0.160518 1.46107 0.68766 0.197227 -1.60529 -0.865622 1.60663 1.6097 1.58762 1.88799 2.21481 1.53608 -0.054756 -0.162956 0.281238 0.0350948 -0.858151 -0.665364 -0.76592 -0.789827 1.01287 1.25204 0.614982 1.22397 -0.901401 0.0649133 -0.169016 0.799762 1.16069 -0.00586379 -0.212201 1.48538 1.53919 1.43 1.03379 -0.224348 -0.520794 -1.31643 
-1.58972 -0.00120526 1.50583 0.487275 -0.247946 -1.67572 -0.874908 1.04768 1.9069 2.33021 1.94753 1.92802 0.688773 -0.000888174 -0.66447 0.0877974 1.32383 0.193248 0.537157 1.74454 0.0835781 -0.252386 0.342363 -1.10595 -2.30742 -2.30148 -0.00694326 -0.506668 -0.188088 0.656802 -0.396146 -0.399522 0.105761 -0.280905 -1.14421 -0.495393 0.221733 0.973833 -1.38143 
-1.51856 -0.212999 1.50245 1.46933 0.296595 -1.29798 0.875654 1.70383 1.46231 1.81783 1.37765 -0.813202 -0.862514 0.047669 -0.519021 -0.57122 0.842898 0.240189 0.0705289 0.893149 0.418783 -2.27303 -1.83651 -0.316764 -0.251823 -0.541136 -0.135657 -1.09173 -0.277496 0.832101 0.467494 0.0225432 0.753792 0.953077 -0.674727 -0.615538 -0.482739 -2.07882 -1.20696 
-1.60152 -0.289858 1.24592 0.984385 -0.119697 -1.64808 0.00950738 1.41224 0.580892 1.10536 1.81156 1.61743 0.135101 -0.196202 -0.809723 -0.517751 -0.216364 0.50324 -0.500029 -0.821118 1.05639 -0.479684 -1.07378 0.388426 0.184726 1.03804 0.146338 -0.901814 -0.333328 1.36766 0.250034 -0.1254 0.885079 1.08338 -1.50091 -0.809052 -0.0967863 -1.49929 -0.767233 