-0.534071 -1.02031 1.15984 1.12701 0.749927 -0.337827 0.975991 1.14414 0.251334 0.7807 1.43087 -0.556759 1.03799 1.51975 -1.86926 -0.829113 1.60648 0.286614 -1.44587 -1.08504 0.712572 0.318163 -0.181311 -1.20841 -1.77834 -2.4708 1.74659 -1.91864 -0.448286 -0.213383 -0.633824 -0.320208 -0.531859 -0.858211 -1.21285 -0.217782 0.936136 0.797917 -0.467128 
-0.0605599 -2.49799 0.695947 2.18052 1.18812 -1.39592 0.345439 1.73384 0.376152 1.02121 0.690794 -1.93187 -2.47553 2.83885 -2.91733 -1.21862 -0.0417815 -0.196732 -0.866097 -0.542703 -0.597943 -0.767298 0.0596669 0.752875 0.711962 -1.65817 0.132894 0.0655241 0.57256 -0.0785665 0.371075 0.547706 -0.296888 0.0691515 -0.00992947 -0.520324 0.488876 -0.0202371 -1.84515 
0.364331 -3.06351 0.602872 1.05714 0.622385 -0.980128 0.478728 0.684194 -0.424679 0.841985 1.90965 0.373901 -1.12494 -1.31655 2.001 1.69585 -1.72915 0.28921 2.24341 0.730936 -0.655322 -0.364096 -0.44161 1.8058 1.76512 0.646837 0.00943566 -0.364731 0.602065 0.776596 1.0158 -0.082894 0.283465 0.936412 -0.125803 -0.652778 0.288868 1.0435 0.0381564 
-0.511439 -1.04743 1.38101 1.15874 1.32859 0.33262 1.01972 1.23111 0.0820546 0.681659 1.84082 0.343011 -1.62057 -2.83932 2.4897 2.12864 1.01692 1.7729 0.779231 0.887488 1.5578 0.611058 -0.834899 -0.405894 0.502045 1.74676 -0.996134 1.25441 0.484629 -1.99644 -0.506158 0.824465 0.747997 0.394768 0.700005 0.142338 1.40994 2.79025 2.43064 
-0.580999 -1.26579 1.47238 1.58451 1.58116 -0.36795 1.29701 1.83167 0.204897 0.18795 1.64971 1.03663 1.17011 -0.342778 -0.32362 -0.958118 -0.855588 -1.07448 -1.05773 0.173258 1.05146 0.993992 0.580696 -0.0552383 1.46409 1.87139 -1.84249 2.03354 0.894426 -0.188524 0.450281 0.0656796 -0.168711 0.771926 0.957576 -0.0580715 -0.820838 -0.503881 1.22477 
-0.646129 -1.24817 0.935058 0.629767 0.71694 -0.455788 1.18103 2.00103 1.07435 1.15957 1.80443 2.23367 0.837647 -0.216224 0.200599 -0.789693 -1.28075 -1.07418 -0.657726 -1.08723 -0.769133 0.264036 0.743531 -0.636469 -1.07325 -0.453135 -0.316846 0.0944682 -0.165891 0.825627 0.195914 -0.861356 0.0017079 -1.2047 -0.836712 -0.223246 -1.05475 -0.243003 2.61519 
-0.674597 -1.09415 1.0982 0.815694 0.969677 -0.851378 0.29887 1.24408 0.505771 0.796071 1.24278 -0.311299 0.584894 -0.195946 0.49299 0.74146 1.89366 1.37853 -0.120918 -0.167776 -2.31999 -1.82699 -0.862002 -1.27998 -1.73432 0.834252 -0.279748 0.353331 -0.402734 -0.982282 -0.866029 -0.27372 -0.143718 -1.01575 0.628221 1.23555 -0.353611 0.0330268 -0.17019 
-0.733143 -0.868826 1.2134 1.65175 1.45821 -0.529927 1.02864 0.257057 -0.605411 0.483866 0.987248 0.0419637 1.93798 -0.261301 0.305312 0.22556 -0.00206864 -0.26946 0.303229 0.917585 -0.302742 0.297525 0.652662 0.179071 1.12147 0.33014 -0.225053 0.813964 0.332173 0.48649 0.800751 -0.0505795 -0.391786 -0.878268 1.4093 0.235107 -0.885657 -0.987445 -1.01919 
-0.782831 -0.848124 1.15668 0.768223 0.802023 -0.602126 1.14484 1.00425 0.838366 1.33153 1.35575 1.14205 1.0252 -0.191349 0.611777 -0.2274 -1.29095 -0.13603 0.0793723 -0.300603 1.3912 3.13211 1.10776 0.156466 0.605237 -1.81943 -0.496782 0.176083 -0.0644731 0.588883 -0.179039 -0.312401 0.576978 0.018519 -0.267092 -0.423012 0.268928 1.30556 -0.304037 
-0.818663 -0.405103 1.07885 0.877171 1.36415 -0.451356 0.754066 1.2803 2.41212 1.38324 1.08582 0.836403 -0.436092 -0.574258 -0.0298361 -0.293426 0.736227 -0.00826323 -0.711975 -0.219339 0.307296 -0.588266 -1.16368 0.142945 0.394863 -0.58906 -0.0953132 0.226721 -0.739437 -0.230829 -0.858568 0.010103 -0.623485 -0.369242 1.19633 0.0696548 -1.12274 -1.14973 -1.29291 
-0.992684 -0.840175 0.993997 1.13725 0.778428 -1.12692 0.945018 1.21929 0.331934 0.414593 1.4457 1.66797 0.262025 0.0180815 -0.270468 -0.830715 0.97281 -1.19604 -0.0358123 -0.446798 -1.79021 -2.02973 -1.05226 -1.57681 -1.92155 0.556287 -0.223816 0.498563 -0.415471 0.53939 0.184405 -0.240643 -0.562441 0.948384 0.818444 -0.440816 -0.512136 -0.522498 0.142915 
-0.83618 -0.568088 0.687191 1.37966 0.685454 -0.460606 0.345021 -0.0686487 0.540325 0.555398 0.0794046 -1.59428 0.300304 0.189003 0.724559 -0.289394 -0.0656057 0.294454 0.403869 -0.454551 0.665025 1.33091 0.632189 -0.798815 -0.987542 0.784032 -0.154249 0.215612 0.199251 0.597429 -0.948338 0.107218 0.0290077 -0.487671 -2.6483 -0.0175922 0.266225 -0.052805 -0.0580391 
-0.954702 -0.296337 0.833029 1.05394 0.921792 -0.800933 0.528842 1.70107 1.64336 0.933683 0.935271 0.429433 1.2966 -0.288573 0.597334 1.14976 -0.22768 -0.275316 0.215574 0.485155 1.26794 -0.527824 1.00744 1.89544 1.87075 -0.56539 0.153107 0.924039 -0.231578 -0.285723 -0.248101 0.152062 -0.497677 1.05579 0.760381 0.157953 -0.136819 -0.515817 -0.0680575 
-0.95327 -0.114625 1.13953 1.20492 0.51457 -0.278188 0.793223 0.862691 0.0911434 1.37455 1.28658 0.815431 -0.431881 0.0475415 0.523314 -0.0236338 -0.323008 -0.679332 -0.161214 -0.141348 0.419082 -0.64354 -0.475147 0.612839 0.402571 -0.803309 -0.221967 0.424352 0.202927 0.0631032 0.25891 0.50637 0.834049 1.5582 0.26259 0.724674 1.95419 1.55972 -0.00841324 
-0.962654 0.104545 0.785317 0.825415 0.52808 -0.905796 0.400762 1.99946 1.08457 0.567316 1.32478 0.965195 0.252916 -0.0936309 0.000909071 -0.82532 0.286871 0.677107 0.523991 0.522666 0.339049 0.741319 -0.198712 0.536507 -0.0611918 0.606683 0.663551 -2.06855 1.31025 -0.8312 -0.482072 -0.270242 -0.225336 -1.01269 -1.35132 1.83127 0.0819274 1.29452 -2.30663 
-1.00706 -0.0848358 0.750175 1.32045 0.868981 0.139383 1.27593 1.10141 0.844104 1.22922 1.62743 0.75926 0.370498 1.03107 -3.16602 1.97265 -0.76586 -0.0685712 -0.188405 -0.126586 -1.48777 -0.679348 2.55637 -0.524947 1.10104 -1.4893 0.507468 -1.29429 0.717394 -1.12459 0.535935 0.0598029 -0.3442 0.678354 -0.231052 0.210065 -0.901425 0.306196 0.291312 
-0.651248 -2.11531 1.58834 0.347062 0.471223 -1.03139 0.28626 0.876019 0.491866 2.62503 0.988942 2.39246 -1.68892 0.914756 -1.63702 1.90454 -1.75238 0.154509 -0.410728 -0.933741 0.352235 -0.997752 0.415679 -1.67976 0.424572 -0.261011 0.138715 -0.889272 0.50617 0.509155 1.18265 0.055746 0.675096 -0.688955 0.221702 0.409851 -1.05374 -0.443841 0.229485 
-0.733423 -1.21856 1.52418 0.285567 0.93516 -0.155722 0.418974 1.34996 -0.050197 1.57519 0.555388 1.3231 0.0368279 -0.818265 2.05646 -1.20331 1.39767 1.90362 0.295978 0.942988 0.756016 0.85392 -2.10966 -0.809012 -1.60297 1.77219 -0.00194794 -0.307046 1.33328 -0.160629 0.47131 -0.67074 -0.451735 0.359055 -0.618012 -0.840386 -1.43246 -0.355345 -0.240916 
-0.940332 -0.625353 1.0379 1.08923 1.5021 -0.787667 1.1556 1.42565 1.35148 0.95166 0.47201 0.368406 0.639419 -0.934001 1.28439 0.0782501 1.52435 0.576837 -0.500581 0.393168 0.00673477 0.372949 -1.40665 -0.128343 -0.824408 0.0661911 -0.631759 2.06474 -0.750421 0.661711 0.546088 0.533434 -0.0971565 -0.0180311 -0.795326 -1.09154 -0.412875 -2.53619 1.39232 
-1.06009 -0.27704 1.51988 1.09921 1.23427 -0.519334 0.782563 1.34089 0.35384 0.463967 0.472388 0.292786 0.131555 -0.239963 0.674402 0.129083 -0.570018 -1.05625 0.481542 -1.05656 -0.789503 -1.64752 0.829883 0.277416 -1.31289 -0.308409 -0.443669 1.70365 -0.60634 1.56978 0.0870125 0.305448 1.22924 -0.24291 1.19601 0.0707235 0.817779 -0.875059 0.474492 
-1.04164 -0.117144 1.05527 0.721362 0.900502 -0.402461 0.185664 0.822866 -0.158282 1.62883 0.647684 -1.2854 0.243692 0.18606 0.97703 -0.941097 0.469023 -0.441759 0.958355 1.09056 -0.274267 0.729124 1.46338 1.13752 -0.175019 0.465506 -0.116722 0.946795 -0.365903 0.672148 -0.247446 0.524494 -0.148504 0.590362 -0.675306 0.401322 1.26124 -0.0820856 -1.3 
-1.02306 0.446143 1.08118 1.31749 0.971586 0.229417 1.78764 1.12229 1.09525 1.6477 1.19638 0.0913291 0.749094 0.0313777 0.603055 -0.639182 1.41107 0.672385 0.28344 0.881154 1.38921 0.968174 -0.392986 1.28696 1.22831 -0.961939 0.385104 0.496201 -0.62467 0.711142 -0.48118 -0.235601 -0.937819 -1.62758 -0.199346 0.518638 0.601966 -1.68444 -0.7445 
-1.05484 0.340383 0.745231 1.47109 1.25231 -0.168298 0.998121 1.84463 0.809557 1.32816 1.46695 0.304318 -1.00768 0.433204 -0.285378 0.0513574 0.422085 -0.304758 -1.25939 -2.21649 -1.43438 -0.955374 -0.891581 -0.398539 -1.75818 -1.17173 0.785637 2.00299 0.813906 1.05574 -1.30648 -1.59611 -1.52797 -1.95746 -0.63603 -2.17091 -1.11051 -0.600338 0.607093 
-0.905785 0.272566 1.06543 1.5093 0.784463 -0.712749 -0.249242 0.0386611 0.241089 0.948342 0.941131 -2.13083 -0.776955 1.24863 2.04753 1.86 -0.0775858 -2.69942 -2.49256 -2.71777 -3.44118 -1.61013 -2.12797 -2.692 -1.9108 1.6283 1.3557 1.57703 1.00303 -0.396624 -2.09807 -2.12425 -2.30808 -2.63718 -0.990055 -2.07232 -2.05637 -0.763922 0.0282808 
-0.672787 1.824 1.50025 1.38102 -0.255555 -2.05069 -1.49985 -0.735358 -0.664792 -0.359848 -0.250397 -2.11264 1.13227 1.78722 2.38219 1.44692 -0.953066 -2.9505 -1.69044 -0.559563 -1.32501 -0.0235994 -1.51601 -2.1907 0.886974 1.25029 1.54724 1.46863 1.58897 -0.684617 -2.83097 -2.03472 -1.18144 -3.05734 -1.12278 -1.99504 -2.45903 -0.693203 1.31216 
-0.348852 1.99391 1.64441 0.925342 -0.861879 -1.98357 -0.762013 -0.963419 0.269513 -0.250326 -0.456641 -0.976792 0.868076 1.28778 -0.0916492 0.497928 -0.823106 -1.69298 -0.331703 1.29845 0.244496 0.504807 -0.190755 -0.401376 1.12118 -0.245923 1.60676 1.3175 1.12923 -0.535433 -2.31729 -0.984808 -0.436381 0.0454194 -0.328552 -1.58187 -2.59903 0.348033 0.525089 
-0.278028 1.78804 1.67481 0.870373 -1.20833 -2.28554 -0.303549 -0.567144 -0.135858 -0.498807 -0.507458 -0.659667 0.818349 0.847368 -0.622787 0.236519 0.243889 -0.644884 0.338655 0.03748 1.35756 -0.325649 -0.327604 -1.07794 -0.475328 -0.667207 1.49037 -0.941608 -0.203205 -0.428987 -1.65888 0.667138 0.56866 0.453569 1.05597 -0.692121 -1.42199 0.760649 -1.19186 
-0.0970956 1.58065 1.70757 1.01663 -1.23659 -1.70731 -0.7256 0.0347476 0.0118332 -0.498714 -1.14501 -1.56155 0.002585 1.15481 -1.08595 -0.76933 0.250579 -0.88084 1.29674 -0.610225 0.212841 0.463957 -0.629719 -1.39362 -0.233497 -0.914602 1.54057 -1.7641 -1.14637 -1.18285 -1.80346 0.865489 0.668431 0.703563 1.27473 -0.147117 -0.673743 0.455425 0.552738 
0.0735563 1.04577 1.30931 0.96543 -1.71318 -1.27879 -0.86292 -0.422533 0.354382 -0.988774 -1.39708 -0.935765 -0.371051 1.67803 -1.62412 -1.89165 -1.78419 -2.15326 0.904566 0.770897 -0.640043 1.50266 0.133841 0.219736 1.01087 1.27836 2.64566 -1.85025 -1.64613 -2.13548 -1.8282 1.06443 0.90716 0.54634 0.607636 -0.405174 -1.17063 0.179051 -0.311523 
0.424382 0.456093 0.863776 -0.0362029 -2.44323 -0.999566 -0.0145619 -0.456588 1.48594 -0.378118 -1.00611 -0.249374 1.68438 3.19363 -1.27294 -1.61902 -3.01381 -1.95569 0.225491 1.70609 0.341048 0.0780086 0.139211 -0.0866722 0.45019 0.648079 2.89754 -2.23512 -2.37449 -3.52848 -1.94613 1.31519 2.34228 -0.596787 -0.0941539 -1.70759 -0.689955 1.18898 0.787633 
1.08716 0.170672 0.581708 -0.781073 -2.81085 -1.08881 0.708344 -0.182325 0.47905 -0.863883 -1.45352 -0.339222 0.485526 3.08594 -1.23514 -1.56527 -2.7673 -0.866241 0.969359 2.0532 0.00420954 -1.62877 -2.12202 -1.09823 0.370971 -0.428664 3.06711 -2.18128 -2.26594 -3.3786 -1.13221 1.61774 2.37642 -0.202226 -0.386222 -0.974907 1.05498 1.05578 0.035336 
1.40301 -0.392155 0.159077 -1.64364 -2.94003 -0.242424 1.87599 -0.467542 -0.00606557 -2.06137 -1.70742 0.246056 1.1312 1.85007 -1.51633 -1.67866 -1.34527 0.19905 2.07275 1.15912 -0.566237 -0.482157 -1.28487 1.39281 0.777984 -0.562357 2.79092 -2.04164 -2.69861 -2.57703 0.155815 2.14116 0.641651 -0.873977 -1.79803 -1.20687 1.11146 0.19881 -2.87688 
1.6645 -0.877315 -0.171312 -1.58629 -2.7201 0.509607 1.77648 -0.618628 0.0731241 -1.87772 -0.566769 0.675706 -0.242689 1.50214 -1.37258 -2.36718 -0.562772 1.10807 2.06296 -1.27707 -0.928532 -0.119361 0.70962 2.4751 -0.131482 -2.44305 1.8508 -1.72692 -2.95094 -1.0002 1.29947 2.92633 -0.767452 -0.805483 -0.35749 -0.417953 1.59045 0.0811808 -1.79336 
1.86738 -1.33803 -0.88736 -2.00742 -2.34792 1.34853 0.703225 -1.17399 -0.0683482 -1.48036 -0.130713 0.100168 -2.05936 1.18712 -0.682235 -2.62398 0.0394444 1.81725 2.06077 -2.07989 -0.286799 0.105361 0.779663 0.583735 -0.674203 -1.20901 1.19603 -1.44491 -2.82058 0.332454 1.9038 1.69144 -1.96824 -0.0167904 1.20133 1.50966 1.81588 -0.414744 -1.30262 
2.02657 -1.3328 -1.32719 -1.61034 -1.73687 2.09889 -0.134745 -0.84657 0.2237 -1.24071 -0.195814 -0.162895 -1.81755 0.454884 -0.459352 -1.74421 0.967741 1.8459 0.33864 -1.08974 0.896337 1.2265 1.00178 -0.216311 -0.336883 1.17005 0.778638 -0.744795 -2.28276 1.12384 2.42654 0.738392 -3.31439 0.51051 -0.665616 1.68353 -0.590287 -0.936216 -0.42645 
1.9917 -1.63519 -1.66832 -1.50778 -1.34888 1.62478 -0.297226 -0.519732 1.14418 -0.665739 -0.269794 -0.307887 -0.519379 0.0813465 -0.239497 -0.698359 1.38147 1.9478 -0.995799 -1.90801 0.803398 -0.775481 1.13167 -1.33745 -0.39578 0.825779 0.40356 0.232971 -1.05888 1.10413 2.32659 -0.644248 -3.05734 1.24873 -1.02644 0.797599 -1.1277 -1.51016 0.283575 
2.0296 -1.47379 -1.66244 -0.87731 -0.681627 1.3577 -1.88787 -0.261614 -0.460064 -0.322226 -1.04963 -0.646125 -0.728318 0.194825 0.808786 0.217434 0.42786 1.76406 -1.2128 -2.5886 0.388577 -2.24011 -0.109194 -1.21024 -1.39525 -0.832232 0.0394106 0.124808 -0.172515 -0.0230924 2.09421 -2.14527 -1.75298 0.899537 -1.33233 -0.0429634 -1.60908 -1.05777 0.306994 
2.03157 -1.03152 -1.61329 -1.31272 -0.394976 0.718145 -2.67639 -0.244085 -0.926889 -0.73948 -1.04251 -2.06682 -1.60093 -0.0323634 0.448312 0.471982 -1.43293 1.30161 -1.98351 -0.199578 0.118085 -0.529325 -1.20566 -0.691784 -0.814441 -0.464181 -0.0128328 0.713675 1.13258 0.466672 1.57475 -2.22884 -1.04537 0.944264 -1.4115 -1.47102 -0.966423 -0.240468 -0.312038 
1.9957 -1.12618 -1.49894 -1.73198 0.0172163 -0.136571 -2.06951 -0.187657 -0.910667 -1.27273 -1.49183 -1.66372 -1.32799 -0.232027 0.165597 1.47092 0.149411 0.679353 -1.88371 1.33315 0.579456 0.859939 -1.60695 -0.0143978 1.12795 0.565186 -0.222164 0.679198 1.44552 -0.0917053 1.00434 -2.44027 0.270382 0.274841 -0.0469083 -1.83128 -0.283282 0.919289 0.632887 
1.93284 -0.884744 -1.02409 -1.27473 -0.039327 -0.700035 -1.44817 0.17389 -0.0615716 -2.01087 -1.05287 -0.605201 -0.852887 -0.350166 0.481249 1.67548 1.29338 0.256778 -1.40952 0.528609 0.153238 0.44819 -0.924748 0.322437 1.88514 1.15673 -0.505385 0.327195 1.38497 0.157155 0.592091 -1.71215 1.38822 0.909047 0.305191 -0.324605 0.302459 3.01873 1.8164 
1.85861 -0.755181 -0.82256 -1.04864 0.139801 -1.1932 -1.58134 -0.0874878 -0.435361 -1.99861 -1.28745 0.764351 0.194551 -0.617725 0.306335 0.587715 0.0305184 0.239396 -0.488159 0.342028 0.351925 -0.605889 1.20909 0.378395 2.36486 1.32926 -0.679347 0.79668 1.34597 0.937895 0.216607 -0.942623 1.00832 0.193603 -0.926187 0.53697 0.889626 2.33693 0.994428 
1.70887 -0.637993 -0.811266 -1.30382 0.0736706 -1.05418 -1.13162 0.422208 -0.584697 -1.03047 -0.812819 2.43517 0.895543 -0.786566 0.601048 0.325929 -0.111183 0.0793767 0.116901 0.689072 0.0335358 -1.36636 1.51763 0.776688 0.82108 -0.0970266 -1.03531 0.996907 0.801845 0.239448 -0.412156 -0.894915 -0.728 -1.29245 -1.84741 1.28868 0.499428 0.63127 0.00927322 
1.57982 -0.299079 -0.721302 -1.15766 0.164542 -1.08602 -0.945566 -0.0765743 -1.67881 -0.7715 -0.793488 1.83429 0.0755814 -1.10624 1.03627 0.615407 0.255054 -0.878817 -0.73755 -1.21529 -1.71178 -1.18925 0.248198 0.232205 -1.62644 -1.27001 -1.45747 0.685758 0.513427 -0.0169589 -0.202009 -0.0905138 -0.766045 -1.4058 -1.8183 1.86558 0.185587 0.142961 -0.52426 
1.32628 0.127271 -0.586644 -1.20624 -0.430065 -1.59847 -2.24756 -0.868258 -1.66039 -0.818433 -0.665968 0.381156 -0.759177 -1.63381 0.337042 0.45405 0.0675944 -0.392739 -0.214454 -1.60815 -1.51136 -0.401062 0.603048 -0.559014 -0.646023 -0.385537 -1.43783 1.14025 0.301334 0.395498 -0.688318 0.0190646 -0.141027 -1.77281 -0.900085 0.399364 -0.945912 -1.00964 -0.341201 
1.02593 -0.0305164 -0.565444 -1.16583 -0.0711046 -1.23147 -2.42287 -1.2176 -2.00792 -0.275713 -1.15104 1.03165 -0.421128 -1.28175 0.492696 -0.146593 0.230847 -0.189092 0.793679 1.04889 -0.148022 0.295928 0.186448 -1.43116 0.471753 0.973344 -1.47821 1.03562 0.344345 1.04624 -0.456136 1.59981 0.384699 -2.02381 0.169785 0.820172 -0.379975 -1.49843 -1.02291 
0.886704 0.506405 -0.686756 -1.12231 -0.553394 -0.975273 -1.28081 -0.992722 -1.32931 -0.65577 -1.57952 1.00522 0.523261 -0.820781 1.05589 0.0778667 1.25369 -0.314921 2.48754 2.07484 -0.609668 0.526211 0.315492 0.0686088 -1.07258 -0.603421 -0.995751 0.575317 -0.473641 1.15601 0.571195 1.4924 1.39167 -0.159961 -0.092461 0.0965252 -1.29054 -0.529484 0.368487 
0.736027 0.748688 -0.5699 -0.504886 -0.263832 0.683205 -0.512407 -1.68629 -1.45872 -0.00986319 -1.10849 -0.315431 -1.20311 -0.376949 0.301812 -0.52157 1.23136 1.07542 1.32878 0.630443 -0.0331797 -0.420427 -0.100042 -0.199267 -1.07249 -0.549297 -0.702549 0.714838 -0.0378236 0.799833 -0.000225942 1.81458 2.06858 1.25434 1.36198 -0.746344 -0.0291795 -1.42797 1.26258 
0.740918 0.749942 -0.946668 -0.473962 0.0206996 0.055906 -0.698968 -1.03155 -1.67676 -0.722193 -1.70774 -0.341746 -0.187855 -0.354227 -0.0799989 -0.106635 -0.248727 0.314642 0.0867599 0.419653 1.90042 0.733859 -1.19832 -0.119821 -0.564728 1.93544 -0.562418 0.29151 -0.000359461 0.938637 0.658915 1.35195 0.355751 -0.464043 -0.825706 -0.378424 0.24304 -1.08726 -0.912431 
0.597619 0.721003 -0.652984 -0.691505 -0.109334 0.76741 -0.124457 -0.283347 -0.712823 -0.954498 -1.18605 -1.0143 1.33898 -0.566888 0.123726 0.547765 -0.0482067 -0.0529885 0.59669 -0.198608 -0.464499 -0.402093 -0.359705 0.488872 -0.171751 -0.327464 -0.241173 -0.243257 0.516223 0.446354 0.886598 0.0143829 -0.019414 -0.230727 -0.817258 -1.28069 0.682103 0.272011 0.284808 
0.533458 0.866975 -0.750872 -0.547461 -0.027563 0.528906 -0.879719 -1.392 -2.00685 -0.99625 -1.39726 -0.539032 -0.608531 -0.0596613 -0.189697 0.890716 0.799914 1.06106 -0.0371974 -0.439608 -2.15527 -1.54834 -0.298963 0.95913 0.888669 -1.59637 -0.50408 0.118846 0.733578 -0.0152279 -0.106012 1.03888 -0.429008 -0.169027 1.14937 1.67451 1.85859 -0.130179 -1.33965 
0.554858 0.615394 -0.311035 -0.286549 0.456838 0.757103 -0.526888 -1.9045 -2.12864 -1.17998 -0.575781 0.141902 -0.743044 -0.280711 0.0773365 0.5552 0.00684037 -0.111427 0.88971 -0.314596 0.273862 1.45977 2.26066 1.82339 0.031688 -0.983147 -0.31623 0.122724 0.538046 0.642073 0.31565 0.534651 0.149781 -1.1963 -0.703393 1.1752 1.43007 1.34825 -1.1861 
0.418922 0.951055 -0.551908 -0.589905 -0.108056 1.22532 -1.16716 -1.20189 -0.573366 0.825013 -0.236012 -0.476654 -1.88767 -0.478046 0.395803 -0.0746178 0.00252762 -0.571229 0.816425 0.623405 0.895489 0.842253 1.62576 0.816625 0.676924 0.441694 -0.404335 -0.0993092 0.314662 0.338774 0.111013 0.191287 0.470651 0.269209 0.601152 0.0908203 0.893456 1.11388 0.654807 
0.376246 0.925698 -0.380475 -0.331427 0.122748 1.39764 0.0484818 -1.25088 -1.28008 0.133592 -0.0563571 1.02784 -0.156681 -0.402342 -0.159891 -0.0668311 0.406241 0.283744 -0.592042 0.884797 -0.00839924 -0.923978 -2.18082 -0.719474 1.26352 1.69796 -0.606482 0.221131 -0.540944 0.528785 -0.619134 0.219334 -0.0881764 0.11121 0.868845 0.920876 0.127765 0.0383706 0.512 
0.264891 0.866619 -0.618029 -0.407034 0.0294009 0.791971 -0.351351 -1.22224 -1.39779 -0.905256 -0.695863 1.15799 0.343483 -0.538483 -0.0617616 -0.692285 0.65448 -0.389336 -0.479424 -0.726166 -0.794466 -0.0516274 -0.591419 -0.671344 -0.622533 0.128093 -0.51506 -0.655344 -0.0851836 1.25749 0.224242 -0.31618 0.683527 -0.559394 0.209775 -1.47661 -0.73698 -0.522009 1.03961 
0.178009 0.910969 -0.71314 -0.00851461 -0.111022 1.05016 -0.617537 -1.85736 -1.2782 -0.325749 -0.485524 0.25519 0.0190922 -0.46337 -0.645549 -0.0314199 1.18624 0.0642564 0.177996 -0.058242 -0.588517 1.0872 0.458243 -0.2179 -1.85563 -0.592372 -0.386654 -0.177862 -0.211972 0.530965 -0.596374 -1.12839 -0.83208 -0.21027 0.362683 -0.443108 -0.783124 -0.727225 -0.708824 
0.0910434 0.437193 -0.669059 0.215863 0.045803 0.945739 -0.402987 -1.67516 -0.317211 -0.525259 -0.835956 -1.18855 -0.424028 -0.1154 -0.122916 0.408022 0.00532595 -0.535915 -1.07373 -0.272434 0.560905 0.360407 0.0572895 -0.323802 -0.206338 -0.798086 -0.26618 0.155419 -0.666037 0.149125 -0.139832 0.484937 0.28541 1.12799 0.765275 0.176419 -0.53594 -1.41867 -1.42551 
0.117149 0.852798 -0.576897 -0.0518134 -0.425635 0.249548 -0.866196 -1.45322 -0.886043 -0.266365 -0.693131 0.0137584 -1.01776 0.00822888 0.89416 -0.919009 -1.01662 -0.281146 0.531509 0.405369 1.74777 -0.395165 -0.279966 -0.467773 0.229049 -0.805438 -0.412655 -0.3542 -0.600521 0.813387 0.726698 -0.196254 0.628958 1.15125 0.0756681 0.0880764 -0.172145 0.0334991 -0.264804 
0.070327 1.10151 -1.09834 -0.403952 -0.128296 1.36904 -0.0281754 -0.386038 -0.640737 -0.735554 -1.13535 -0.874266 -1.4705 -0.581378 -0.291014 -1.26233 1.01704 1.66352 0.82788 1.03328 0.622556 -0.324854 0.0194004 0.0935974 0.255109 0.579007 -0.435253 0.656127 -0.321016 -0.944713 0.113424 -0.395597 0.195561 1.55124 0.0945953 -0.00446018 0.53889 1.06199 -0.560631 
-0.0950157 0.675218 -1.15249 0.47563 0.472814 0.898819 0.0861884 -1.0031 -1.14297 -0.237278 -0.634643 0.361305 -0.251613 -0.742285 0.00540751 0.474765 -0.217969 0.457204 -1.05693 -0.166442 -0.148021 0.448735 0.250246 1.12778 1.00628 0.285939 -0.539047 0.0459169 -0.158641 0.0123058 0.460334 -0.0246182 0.420717 0.786437 0.366801 -0.44042 0.574506 0.439366 0.94404 
-0.194086 1.13449 -0.933658 -0.573219 0.10483 0.581237 -0.179338 -0.510501 -0.164914 -0.521876 -0.417558 0.432055 -1.08807 -0.323904 0.397264 1.05631 -1.02306 -0.9492 -0.833016 -0.523206 0.181217 0.637553 -0.550438 0.611001 0.261908 0.42953 -0.661323 -0.446809 0.565439 0.184861 -0.397599 -0.251822 0.556765 0.265766 0.874807 0.71086 0.159063 0.57574 0.608468 
-0.223578 0.98656 -0.739975 -0.147816 -0.0697397 0.281741 -0.39314 -0.882072 -0.488297 -0.66385 -0.246305 0.717529 0.318824 -0.364714 -0.539737 0.381521 0.433465 -1.07404 0.733151 0.840346 0.4099 0.347566 0.542594 -0.943313 -0.33193 0.381814 -0.282778 0.149671 0.772015 -0.83027 -0.708354 0.285217 -0.207151 0.984433 1.55232 0.142775 0.472319 0.475094 1.18783 
-0.335899 0.780231 -0.808709 -0.374989 -0.506578 1.15828 0.595582 -0.218954 0.21508 -0.0744297 -1.02011 0.030321 -0.580102 -0.158619 -0.156126 0.103046 -0.0646151 -0.149797 1.26242 0.277172 0.828622 0.803717 0.690027 -0.0343401 0.296328 0.826583 -0.282391 -0.784317 0.283451 0.576642 -0.749193 0.325325 -0.387654 -0.503306 0.317453 0.969373 0.75022 -0.699673 0.526609 
-0.29847 0.904798 -0.733701 -0.230571 -0.171395 1.26232 -0.13625 -0.278307 0.323767 -0.0985121 -0.269378 1.11769 1.40911 -0.11717 -0.433378 0.0610567 0.284978 -0.0883229 -0.247498 -1.30375 -0.948442 -0.0818435 0.547515 1.8679 -0.465154 0.202809 -0.399788 -0.49981 -0.395509 -0.176437 -0.513495 0.625773 1.01437 1.31509 -0.410594 0.545198 1.09913 -0.848082 -0.340789 
-0.397333 0.501522 -0.820329 -0.260526 -0.574329 0.987632 -0.601721 -0.940246 0.188334 0.376952 0.169514 -0.541456 -0.306505 -0.516933 -0.447109 -0.65658 -0.183702 -0.646861 -0.355394 0.947804 0.52535 -1.23107 -0.0876844 1.39576 -1.26463 -1.12283 -0.308611 -0.441744 0.151504 0.0733209 0.217504 -0.0153786 -0.462246 0.855211 0.385386 -0.432941 1.70218 -0.439294 0.0498868 
-0.48971 0.616335 -1.05115 -0.380508 -0.547199 1.00941 0.737515 0.0993238 -0.791531 -0.155053 0.619252 -0.474521 -0.0529103 -0.407969 -0.0943658 0.18794 -0.212671 0.425868 0.25532 0.750519 1.82379 0.412235 -1.06995 0.248537 -0.0315332 -0.102311 -0.606198 -0.852181 -0.0060174 -0.678863 0.120115 0.0102707 0.0332615 0.109623 0.0801909 -0.337474 0.463977 -1.63475 -0.90257 
-0.553191 0.463632 -0.777876 -0.426805 -0.358485 1.20035 0.0905733 0.40556 0.629584 -0.465038 0.326778 -0.559772 -0.432393 -0.499127 -0.614233 0.674475 -0.709602 0.833301 0.399189 -0.904325 -0.425979 1.27093 -0.324973 -0.829547 -0.611245 0.256078 -0.416039 0.0794871 -0.0894168 -0.641049 0.603712 -0.172439 0.251318 0.742367 -1.7857 -1.24486 0.387317 0.376264 -0.151136 
-0.675167 0.209155 -0.801355 -0.827123 -0.106643 1.33183 -0.0923811 -0.232397 0.463075 -0.401337 0.0892282 -1.23276 0.290431 -0.29439 0.24426 -0.292402 -0.632091 0.51091 -0.467772 -0.444447 -1.06589 -2.14863 -0.386126 0.221701 0.47575 -0.00133509 -0.344898 -0.376292 0.562125 -0.239386 0.946606 -0.19806 -0.18807 0.576969 1.46297 -0.403046 -0.476257 0.113594 1.04494 
-0.672169 0.666286 -0.940127 -0.829693 -0.0957379 0.861757 -0.316309 -0.403302 -1.35484 -0.760221 0.466934 0.069394 -0.426076 -0.0858738 0.171581 0.17695 0.380474 0.635505 -0.647574 0.681268 1.01175 0.0852796 -0.163088 0.218598 0.752421 0.854925 -0.352629 0.0966681 -0.267935 -0.735449 0.221229 -0.996222 -0.269872 -1.13235 -0.209993 0.254526 -0.477305 0.498535 0.559344 
-0.726439 0.360181 -0.763586 -0.658787 0.224823 0.856138 0.536213 0.507912 0.59463 -0.518173 0.227405 -0.250464 1.41783 -0.303364 -0.0720293 -0.0739659 -0.333856 -0.167585 -0.900018 0.12288 -0.127339 1.91225 0.654219 -0.833963 0.10953 0.619201 -0.357653 0.459924 0.330983 0.726904 0.689302 -0.478058 0.714978 1.16491 1.16882 0.232574 0.0806603 0.343681 0.618345 
-0.794062 0.644263 -1.00929 -1.06434 -0.207204 0.193594 -0.201342 -0.512344 0.507232 -0.223516 -0.0659044 0.231127 0.392693 -0.520168 0.472908 0.335364 0.530868 0.434073 0.00649826 0.183162 0.18593 0.990906 0.405938 -0.132291 -0.345795 -0.177141 -0.486292 -0.177952 1.02908 1.57261 0.615664 0.381519 1.10997 0.717564 2.92905 2.46636 0.00857534 -0.083835 1.76507 
-0.918729 0.725258 -0.658307 -0.405609 0.445192 0.879147 0.70663 0.632458 1.584 -0.180001 0.141888 -0.669895 1.19397 -0.51489 -0.112766 1.61046 2.33086 1.12291 1.46448 1.21721 0.859432 0.83961 2.1573 0.830019 -0.196127 1.22311 -0.449684 0.209918 0.481156 1.21406 0.454336 -0.415967 -0.00243002 -0.679537 0.507686 0.982018 0.709519 0.000656931 -0.678827 
-0.984638 0.593303 -0.360611 0.204283 0.393081 1.32824 0.920237 0.114393 1.35329 1.51509 0.462059 0.00272906 2.00215 -0.237695 -0.153445 0.397269 1.00586 0.270937 -0.560493 -0.182664 -0.907886 -0.544089 0.698712 1.00592 0.356676 -0.462389 -0.61387 -0.480078 1.26691 1.14958 0.790577 0.176327 1.05554 1.14634 1.29745 1.6108 0.386289 -0.525811 -0.00290309 
-1.0193 0.645401 -0.526647 0.115528 0.575585 0.469853 0.540546 -0.0585935 1.11941 0.392282 0.781992 -0.192711 0.596636 -0.513827 -0.464815 0.274966 -0.876917 0.103807 -1.1878 0.057331 0.318919 0.359027 -0.329599 -0.361068 -0.400375 -1.17623 -0.456776 -0.139122 0.578621 0.49376 -0.037832 -0.307736 0.00993488 -0.465829 -0.452577 1.36479 0.770242 0.580768 0.20404 
-1.17487 0.292261 -0.281072 -0.336721 0.431296 0.440661 0.974909 0.338101 1.74414 1.26511 0.230695 -0.486366 0.470213 -0.531868 0.0191305 0.478357 -0.393814 -0.329565 0.158291 0.198052 0.408349 0.0767733 0.84609 -0.0562662 0.323476 0.719434 -0.554935 -0.589764 -0.0187816 -0.747456 0.0311879 -0.919299 0.231961 0.245598 0.463589 -0.0478706 0.792263 -0.336491 -0.760935 
-1.21539 0.688134 -0.36043 -0.15294 0.374781 0.608597 0.724659 0.231797 1.24291 1.08241 0.744941 0.242096 1.54664 -0.417666 -0.255366 -0.275798 -0.104444 -0.0553451 -0.0721117 0.22543 -0.0780302 0.0458107 0.249961 1.3383 0.0222906 0.453311 -0.81596 -0.954479 0.660398 -0.883952 -0.662728 -0.195792 0.661726 1.44538 1.23066 1.18171 1.19091 1.35685 0.490727 
-1.33388 0.140004 -0.436246 -0.441944 0.381734 0.403734 1.18421 0.265826 1.83831 1.47856 1.08269 -0.435983 1.07179 -0.830231 -1.21347 0.517245 -0.762773 -0.69864 -0.403494 0.602249 1.08122 1.05829 0.488185 1.53259 1.25204 -0.171251 -0.580072 -0.243057 0.564993 -0.500944 0.209202 -0.116638 0.0779341 0.885603 -0.934918 -0.828569 0.125418 0.031664 0.310588 