-0.346866 -1.80289 1.43637 1.79755 0.699332 -0.0100532 0.458107 0.989577 0.338423 0.535766 1.03705 -2.03469 -0.111305 -0.42324 -0.752101 -0.296973 -0.696806 -1.15394 -0.958029 0.630513 0.544528 -0.369408 -0.476503 -1.09628 -0.344285 0.528808 0.714011 -1.31105 -1.38479 0.148711 -0.569482 -0.784826 -0.243629 1.45525 -0.707802 -0.204456 -0.0476985 1.58941 0.62385 
-0.404617 -1.93193 1.08554 1.15021 0.260936 -0.570955 2.17199 1.92208 -0.021987 0.570476 1.26112 -0.679193 -0.517412 1.59255 -1.6911 -1.95954 -0.579471 -0.0120512 -1.58377 0.953443 2.45763 -0.516357 0.0147487 -0.117884 1.91328 0.0383543 0.834364 -0.0933275 0.20973 -0.0885261 -0.25773 -0.837887 -0.358325 0.410249 -1.11062 -0.337836 -0.586201 0.409759 -0.286756 
0.0991727 -2.68562 0.449371 1.443 0.694949 -1.44027 1.31579 2.60663 -0.302715 0.538686 0.959751 0.186451 -0.0194453 1.87016 0.620634 0.616102 0.58961 0.785286 -0.20842 -1.08134 -0.114414 -0.828089 0.133133 0.279781 0.877993 -0.842265 0.0307544 0.384475 0.248523 -0.100825 0.391505 -0.248658 0.112802 -0.0201538 -0.883798 0.278043 0.752035 1.14715 -0.0586754 
0.127075 -1.53914 1.36264 1.43836 0.786715 -0.768939 1.18927 1.82726 -1.06351 0.706348 1.41574 0.361223 -1.34159 -1.54069 2.28288 2.33606 0.455532 0.619471 1.26146 -0.83456 -2.48474 -0.437885 0.270484 1.17852 -0.411878 -0.108032 0.0709521 0.583551 0.858858 0.972859 0.820482 0.377937 -0.575924 -0.00565105 0.442554 -0.119981 -0.0967268 0.674033 0.382835 
-0.421488 -1.37568 1.57061 1.65744 1.11047 -0.321332 0.556283 0.934196 -0.843064 0.828811 1.6385 -0.244207 -0.0798601 -1.74852 0.272483 0.663402 0.748082 0.46707 0.78377 0.367382 0.102705 1.29627 -0.254148 -0.409696 0.00252914 1.24449 -1.06549 1.29693 1.29268 -0.0935642 0.343895 0.909387 -0.501903 -1.05617 0.528239 0.624658 0.698783 -0.100217 0.431388 
-0.457709 -1.33845 1.66295 1.81363 1.10091 -0.0779812 1.51688 1.87695 0.623464 0.407281 1.16825 0.403189 0.0049123 -0.310537 -0.309933 -0.414725 -0.569587 -0.0836294 0.0752551 0.210114 1.35704 0.997961 0.368525 -0.192581 0.276331 0.562148 -1.06069 0.151889 -0.316954 -0.0180309 0.537951 0.58119 -0.560427 -0.773822 1.43453 1.11151 -0.213404 -0.759578 1.68139 
-0.56261 -1.49634 1.34179 1.30832 1.0585 -0.265161 0.74165 1.81873 0.46076 1.22904 1.51764 0.110025 0.55686 -0.0943665 -0.0327692 -1.1235 -0.759312 0.36052 0.0827625 -1.0626 -0.930464 0.235744 1.39007 0.116118 -1.00337 0.54567 -0.17289 -0.132286 -0.559075 -0.415415 -0.21446 -0.3476 -0.024776 0.743884 1.32229 -0.140136 -0.418624 0.259576 -0.193711 
-0.532136 -1.30619 1.08628 1.36021 1.34425 -0.0150836 0.551119 1.239 0.94831 1.95477 1.22742 -0.702058 0.624492 0.00887041 0.119495 -0.403583 0.0173886 -0.219975 -0.539314 -0.257597 -0.572496 0.413684 -0.51011 -0.388857 0.0602881 -0.776156 -0.163085 0.0834537 -0.46503 -0.230222 0.368884 -0.380374 -1.00354 -0.35644 0.420519 1.38676 1.15693 0.168594 -0.272736 
-0.605185 -1.38006 1.11844 1.28189 0.915862 -0.759606 0.503986 1.41903 1.01415 0.642513 1.28231 0.217864 -0.198551 -0.190278 0.168894 0.444327 0.459222 0.212891 -0.593774 -0.168449 0.546102 0.208809 0.0267836 1.51246 1.2206 -0.844141 -0.178713 0.422407 0.307738 0.0237763 0.246194 -0.246872 0.654947 -1.4559 -0.545882 0.949546 -0.0320907 0.131671 -1.36125 
-0.636154 -1.16265 1.27907 1.57667 1.48944 -0.558322 0.394087 1.5838 1.23856 1.9712 2.10092 0.729089 -0.201639 -0.320646 0.529701 0.867713 0.028295 0.608931 0.219558 1.03207 -0.97985 -1.00553 1.48072 0.349606 0.108478 -0.68575 -0.171592 0.350577 0.0899841 -0.234676 -0.472041 -0.247509 0.229504 -0.123775 -0.0470841 -1.08225 0.359469 0.767938 -0.385152 
-0.749425 -1.03745 1.51903 1.26145 1.32438 -0.574148 1.43279 0.748205 -0.255277 2.2918 1.47764 0.380663 -0.85992 -0.109135 0.371573 -0.30236 -0.765375 -0.90375 0.273106 0.428453 -0.683297 -0.26573 -1.12994 -1.00247 -0.216839 0.425516 -0.0467366 0.652311 0.432972 0.487362 0.269864 0.29591 -0.477134 0.553547 0.521767 0.546479 0.792792 0.805608 -0.0485464 
-0.715137 -0.907291 1.1054 1.11992 0.892147 -0.324888 0.776935 1.11035 0.919325 0.688562 1.50773 0.52087 0.292954 0.237981 0.467497 -0.2183 0.648478 -0.184389 0.23828 -1.62656 1.56219 1.55867 -0.921505 0.768198 0.944713 0.626898 -0.175085 0.195808 -0.416951 -0.783558 -0.608054 0.261368 -0.240125 -0.669 0.337107 -0.0481328 -1.61319 -1.10341 -0.241055 
-0.721312 -0.729162 1.38661 1.58197 1.20541 -0.371916 -0.0430685 1.76929 1.76871 1.24325 1.9171 1.49717 -0.155845 -0.196342 -0.0653796 -0.305677 -0.287984 0.00840586 0.135247 -0.736346 -0.0331066 0.62083 1.08226 -1.25457 -1.23522 -0.690127 -0.0600897 -0.0416884 -0.320572 0.398685 0.0537875 0.70125 -1.25977 1.61279 0.946142 -1.29483 -1.41064 -0.756523 0.23312 
-0.821026 -0.893017 0.930101 0.925612 0.901366 -0.214967 0.106256 1.06965 1.73877 1.89036 0.767523 -0.848792 -0.372968 -0.343827 -0.520798 -0.247146 -0.0924226 0.284075 0.800251 0.0856686 0.145412 -0.550418 -0.398632 -2.74113 -1.94155 -0.384697 0.243727 1.09955 0.940318 0.544598 0.228466 -0.4945 -1.28695 -0.720271 -1.94072 -0.659021 -1.22031 -0.926892 0.429404 
-0.872705 -0.966168 1.24004 1.49517 1.39792 0.333808 0.0297412 1.8474 1.08382 0.781923 0.309936 -0.678046 -0.504052 0.617921 1.73956 1.7057 1.04267 0.353897 -0.809757 -0.837421 -0.737763 -2.70855 -1.75345 -0.451388 0.0148048 1.14212 0.856451 2.22238 0.287743 -1.65947 -1.57864 -1.37494 -0.91927 -3.07866 -2.54678 -2.60376 -2.63081 -2.29558 0.399297 
-0.67569 0.117138 1.74196 1.46283 1.14031 -0.951713 -0.655843 0.55995 -1.71798 -0.092513 0.495724 -0.792825 0.867054 1.82909 3.8946 0.681694 -2.15334 -2.63863 -2.73608 -1.21482 -3.42167 -2.18726 -2.25747 -0.943313 -1.07503 0.804513 1.36595 2.60478 1.08571 -0.637115 -1.588 -1.3697 -0.693225 -1.70924 -1.77077 -1.94846 -1.25418 -1.10431 -0.352362 
-0.353684 1.23304 1.54933 0.275382 -0.352919 -2.12881 -1.0737 -0.448626 -1.7034 -1.76699 -0.24875 -1.86502 0.384782 1.75184 2.21308 -0.0905673 -1.89668 -2.72252 -1.11857 -0.0183807 -1.08371 0.803085 -0.233812 -1.30208 -1.46805 -1.5257 1.68472 2.64593 0.414596 -1.61385 -3.06587 -2.45349 -0.612494 -1.84479 -1.17289 -2.03945 -1.93988 -0.8802 -0.103568 
-0.180505 1.38856 1.67224 0.384147 -0.666314 -1.96513 -0.677143 -0.180004 -0.664448 -0.368742 -0.272191 -2.42803 -0.668049 1.09405 0.120323 -0.0594688 -0.030308 -1.95186 -0.744888 0.456636 1.45619 0.922992 0.177336 -1.77198 -0.0841054 -0.922174 1.84968 0.783142 -0.428001 -1.36453 -3.04939 -1.06087 0.689289 -1.02598 1.74169 -0.812658 -1.97007 -0.278215 -0.963224 
-0.0614462 1.34977 1.49487 0.222732 -1.64712 -2.80743 -0.66536 0.501905 -0.495861 -1.58148 -1.29071 -1.92186 -0.52252 1.45768 -1.01784 -0.533818 0.0524219 -1.84319 -0.367324 0.834378 -0.0119162 1.05834 -0.594189 -1.45556 1.09892 0.489215 1.95093 -1.05391 -1.05519 -1.20743 -2.42138 0.93667 2.21153 0.107624 1.97531 0.949638 -0.755014 1.79616 2.26539 
0.223923 0.877307 1.38497 0.376978 -1.88825 -2.30548 0.0728535 -0.206602 0.716921 -1.0497 -1.12962 -1.13566 -0.107195 2.29123 -1.70581 -1.49283 -1.60008 -1.66969 2.12068 2.20013 -1.34757 1.18897 0.793367 0.718691 2.43723 3.33652 2.77268 -1.75727 -1.57195 -2.28982 -2.12873 0.959789 2.17991 0.249466 1.10412 -0.945699 -1.07777 1.46691 0.605642 
0.600158 0.45893 0.736928 -0.692901 -2.75369 -0.918683 1.31992 -0.413661 1.05329 -0.704128 -0.880126 0.896836 3.00016 3.35416 -1.63232 -1.78303 -3.15629 -1.33839 1.77624 1.78415 0.271226 0.119329 -0.369602 -0.0504508 0.822116 0.151149 3.23861 -2.33361 -1.97576 -2.59861 -1.01954 2.30516 2.43667 -1.38418 1.01255 -0.263574 0.399721 1.35611 0.762123 
1.21347 0.0270149 0.484601 -1.39418 -2.77454 -0.725334 1.68189 -0.0447496 0.892247 -1.47842 -1.16759 -0.158969 0.101996 3.32946 -1.81675 -1.42144 -1.92415 0.1557 1.21562 0.728888 -0.128598 -0.1095 -1.06094 -0.152244 -0.661595 -2.5289 3.12704 -2.34666 -2.92258 -2.91159 -0.366093 2.8032 1.106 -1.05405 -0.124741 -0.194995 0.699234 0.493367 -0.761748 
1.58209 -0.49312 0.0140228 -1.78669 -2.64653 0.159187 1.9745 -0.517919 0.934712 -1.90927 -0.977466 0.181381 0.421503 2.07284 -1.90999 -2.53205 -0.79401 0.806813 2.27356 -0.464251 -1.39667 -0.259532 0.172024 1.03702 -0.178686 -0.972291 2.64672 -2.20845 -2.90683 -1.54144 0.836523 2.1837 -1.21323 -0.462803 0.061807 0.368511 0.758494 -0.899515 -4.3946 
1.8077 -0.976481 -0.783376 -1.86668 -2.23444 1.30038 1.25731 -0.993001 0.58097 -1.29888 -0.571361 -0.323676 -0.857439 1.26371 -1.51635 -2.87033 -0.160928 1.12077 1.94668 -2.2135 -0.368756 0.169359 1.43851 1.22194 -0.522892 -2.17514 1.28398 -1.91841 -2.94242 -0.249761 1.18643 1.72934 -1.3729 -0.185921 0.835698 0.938585 0.644131 -0.016643 -1.4867 
1.92667 -1.27943 -1.41998 -1.91115 -1.89768 1.89204 -0.0322246 -0.782019 1.17429 -0.307383 -0.273394 -0.375885 -1.78916 0.154613 -0.984094 -1.81239 0.467321 0.995713 0.237818 -1.21345 1.19346 1.14934 0.787398 -0.127743 0.152816 -0.623699 0.719784 -1.16599 -2.20573 1.27979 2.00262 1.07663 -2.79218 0.20343 -0.126709 0.859033 0.272241 -0.297604 -1.62192 
1.81009 -1.46911 -1.69815 -1.64575 -1.56875 1.5022 0.155112 -0.217337 2.07922 -0.428227 -0.654413 -0.110311 -1.45426 -0.0156974 -0.238793 -0.384179 1.91645 1.90885 -0.370374 -1.18045 0.57916 -0.311672 -0.560285 -0.834306 0.128309 0.434621 0.160858 0.121379 -1.12653 1.56204 2.07258 -0.155265 -2.57411 0.787989 -0.747902 0.324617 -0.754379 -0.00276281 -0.406764 
1.87652 -1.36083 -1.63381 -0.893568 -0.624831 1.54895 -1.10459 -0.415214 0.796051 -0.950261 -0.768507 -0.19047 -1.28509 0.123106 1.17763 0.154544 1.67244 2.13908 -0.426337 -1.91681 -0.362062 -1.95784 -0.454629 -0.924654 -0.160471 0.181974 -0.219694 0.792848 -0.0579511 1.01897 1.82694 -1.205 -0.823947 1.03731 -0.907387 -0.665543 -0.938377 -0.127783 -0.429777 
1.80276 -0.769005 -1.64758 -0.762318 -0.14281 1.10898 -1.58326 -0.476981 -0.413331 -0.952446 -1.20222 -0.254243 -1.21301 -0.367221 1.44872 0.307277 -0.515987 0.856647 -1.32201 0.166576 0.517098 -0.667868 -0.117561 -0.476184 -0.300032 -0.900943 -0.177292 0.994182 0.928052 0.255308 1.78353 -1.43743 -0.703513 0.936452 -2.31827 -0.902559 -0.851539 0.22868 -0.733594 
1.71791 -0.51115 -1.50828 -1.21322 -0.051603 0.353264 -0.958598 -0.0897162 -0.0396842 -1.09593 -1.05477 -0.493569 -2.17031 -0.432415 0.337059 1.22733 -1.31157 0.561146 -1.59902 1.04856 1.35118 -0.534782 -0.46513 -0.264028 0.456544 -0.973025 -0.443213 1.10538 1.0073 -0.504163 0.644537 -1.83713 -0.76786 0.206214 -1.38826 -0.482599 -0.988284 0.646509 -0.0697006 
1.62404 -0.532685 -1.0705 -1.51934 0.233935 -0.334899 -0.63954 0.403654 -1.07813 -1.48846 -1.36475 0.305519 -2.1732 -0.403727 0.234286 1.19184 -0.157025 0.131188 -1.27597 -1.11263 -0.303736 -0.827375 -0.373562 -0.904309 1.14443 0.819481 -0.547069 0.299357 0.925025 -0.293896 0.456669 -1.91255 -0.310048 0.315072 0.186047 -0.206229 -0.278679 0.29904 -0.439947 
1.54803 -0.331535 -0.94861 -1.33553 0.0392558 -0.801179 -1.96962 -0.310541 -1.08029 -1.52911 -1.59071 0.850717 -1.2659 -0.518825 0.125876 0.150065 0.9248 0.144243 -1.107 -1.44101 -1.02217 0.727879 0.256086 -0.121109 -0.068136 0.495833 -0.592421 0.310531 0.788495 0.2216 -0.0485219 -1.17775 -0.646826 0.0809138 0.320645 0.848047 0.136883 1.26508 1.20382 
1.41865 -0.412886 -1.02212 -1.04692 0.333474 -1.33795 -1.94757 -0.29534 -0.121197 -1.2145 -1.44393 0.266893 -1.60547 -0.626245 0.245564 -0.0164363 0.472011 -0.185317 -0.377364 0.312937 0.383988 1.16482 1.24058 1.10207 0.51173 0.460227 -0.841079 0.779334 0.540977 0.654024 -0.462265 -0.727309 -0.779716 -0.656876 0.281367 1.75143 0.775936 0.762287 1.35444 
1.3095 -0.145698 -0.981953 -1.11203 -0.0803352 -1.15053 -1.69125 -0.073637 0.437847 -0.149516 -0.956537 1.47342 -0.735204 -0.942815 1.0636 0.659139 -0.0211461 -0.820404 0.0989636 0.48062 0.318649 -0.432557 1.53298 1.21527 1.06448 0.944866 -1.05365 1.28209 1.07787 0.463416 -0.623733 0.36495 0.223908 -1.77997 -0.290443 2.38836 1.01469 -0.202301 0.750892 
1.08245 0.224303 -0.723899 -1.09454 -0.208397 -1.26054 -1.51754 -0.101924 -0.654704 0.493476 -0.743749 1.51999 -0.570634 -1.20442 1.70493 1.61996 0.172165 -0.7336 0.93411 -0.0597006 -2.28061 -1.48273 1.19858 0.326983 -0.781245 0.335383 -0.921476 1.20374 1.41982 1.10282 -0.757019 0.850059 1.57795 -0.411264 -0.314264 0.601216 0.961366 0.707237 2.06457 
0.892593 0.845348 -0.212169 -1.05338 -0.564488 -0.324873 -1.74992 -1.61021 -1.44448 1.18291 -0.774396 0.621504 -0.334369 -0.658395 0.76829 1.4503 1.53576 -0.298898 1.15275 1.40999 -0.761251 0.0891042 -0.917896 0.138992 -0.14038 1.25484 -1.01334 1.20474 0.685306 1.39028 -0.0176943 1.07413 1.09066 -1.80023 -0.318163 -0.0336226 -0.49719 -0.36355 0.532402 
0.834004 0.698556 -0.0373818 -0.286241 -0.403509 -0.238996 -0.246918 -0.627257 -0.518199 -0.55102 -0.671242 1.39897 0.786643 -0.556262 0.128483 -0.597228 1.73377 0.725818 0.638609 1.36105 0.362468 1.13509 -1.23145 -1.01862 0.300118 0.226699 -0.743028 0.832576 0.295409 0.785685 0.152521 0.72772 -0.0433727 -1.16483 0.203078 -0.732599 -0.701091 -1.33302 0.496008 
0.675657 0.966586 -0.530558 -0.136227 -0.0782504 0.236029 -0.523564 -1.38763 0.0354747 -0.213722 -1.377 1.00286 -0.0465893 -0.63303 0.501773 -1.00441 -0.452874 0.547022 -0.0763008 -1.47996 -0.481883 0.122258 0.171607 -1.11664 -1.613 -0.731659 -0.429175 -0.0653209 -0.337304 1.52232 0.932026 0.411451 0.552846 0.40046 0.542998 -1.88101 -0.903504 -0.610933 -0.687216 
0.593383 1.02576 -0.555614 -0.571197 -0.0361556 -0.318609 -1.59017 -0.966651 -0.339111 -0.371939 -1.33101 -0.40155 0.077518 -0.190316 -0.217557 0.107027 0.351913 0.694235 -0.0152461 -0.710047 0.0572479 -0.559188 -0.686974 -0.242949 -1.10589 -0.968179 -0.475451 0.0910186 -0.631064 0.179421 0.0806033 0.303353 -0.412809 -0.824994 -1.00186 -0.643273 -0.42667 -0.123648 -1.08877 
0.571627 0.896895 -0.503306 0.0212483 0.386988 0.211117 -1.17046 -1.36819 -0.660674 -0.998879 -1.52724 -0.219303 -1.00175 -0.193883 -0.354198 0.0796007 0.71044 -0.407021 0.544801 0.963248 -0.400237 -1.20311 -0.826724 0.523919 1.44671 -0.43901 -0.262878 -0.534065 -0.210324 -0.323332 0.0113772 0.196122 0.0808459 -0.548926 -1.4971 0.168 1.32104 0.398341 -0.205593 
0.488253 0.880675 -0.541823 -0.216621 -0.303161 0.158247 -0.723618 -1.2517 -1.8623 -1.31404 -1.03402 1.28748 -0.327187 -0.267571 -0.58105 -0.409363 -0.778757 -0.65831 0.330127 0.790287 -0.646093 -1.05278 0.859891 2.10172 1.62462 0.741471 -0.459006 -0.80567 -0.92651 -0.196795 -0.354354 0.53296 0.492039 -0.436563 0.637909 2.10154 2.40726 1.82722 0.0565184 
0.443762 0.626645 -0.729493 -0.442862 -0.0471041 0.495639 -0.46034 -1.81688 -1.99078 -0.0468149 -0.310084 1.67262 -0.178491 -0.604481 -0.855535 -1.44152 -0.965025 -0.106905 0.252636 -0.385774 -0.069242 1.8808 2.97313 2.85849 0.947172 0.492455 -0.45624 -0.505566 -0.467402 -0.86534 -0.462407 0.455367 0.560969 0.452079 -0.614247 1.75399 2.41654 0.893268 0.247181 
0.25644 0.458977 -1.27458 -0.783132 -0.370614 0.373341 -1.07721 -1.31646 0.575425 2.01131 0.624475 2.40679 0.237037 -0.525991 -0.174418 -0.273316 -0.385934 -0.0180641 0.35615 -0.12946 1.12064 0.387612 0.931778 1.2937 -0.456386 -0.484241 -0.518792 -0.380873 -0.197732 -0.262924 0.475611 0.881214 0.697181 1.1884 -0.287119 0.212128 0.912543 -0.929553 0.151008 
0.236166 0.580756 -0.88891 -0.691017 -0.0554858 0.803475 -0.582107 -1.08968 -1.47088 0.985982 0.435837 1.1912 -0.630246 -0.297671 0.288813 1.15782 0.620416 0.840772 1.04371 1.21132 1.32601 -2.19514 -2.75517 -1.57271 -2.17108 -0.338018 -0.490286 0.146852 0.0873867 0.502366 -0.587395 0.596446 -0.211486 1.21827 1.5702 -0.43268 -0.214977 -0.924048 1.0559 
0.119288 0.668678 -0.731615 -0.478047 0.192059 1.29719 0.0137101 -0.452574 -2.22192 -1.09656 -0.301269 -0.0302037 -0.0626134 -0.326675 0.406507 0.41144 1.08313 -0.846221 0.532239 -0.143801 0.167853 1.2899 -1.37195 -1.58948 -0.760297 1.60585 -0.2279 0.471994 1.07584 1.30897 -0.0183958 0.0714336 -0.563549 0.142104 -1.02436 -1.45836 -1.52193 -2.14006 -0.988987 
0.0900648 0.855395 -0.712256 -0.131554 -0.614522 1.26908 -0.716846 -0.996628 0.207901 -0.568445 -0.499688 0.363182 1.09215 -0.0994929 0.435441 0.442713 1.17484 -0.849609 -0.907461 -1.91031 -1.18075 1.09016 1.26813 -0.556319 -0.641413 -0.726004 -0.256378 0.337523 0.670866 1.66379 0.284347 0.720561 0.216808 0.037871 0.189885 -0.815283 -1.28893 -1.06555 0.861586 
0.0432796 0.95928 -0.539613 0.13183 -0.36923 0.472909 -1.71878 -1.25711 -0.799674 0.313987 -0.634263 -0.722641 -0.765856 -0.119927 0.1142 0.589934 1.19514 1.29254 0.533957 0.388453 -0.133327 -1.09268 0.541271 -0.21272 -0.642085 -0.691925 -0.075744 0.348002 -0.177327 0.328808 -0.00312229 -0.0355715 0.0354656 -0.00355703 1.52466 0.857805 -0.569527 0.536742 0.137584 
0.00775214 0.968752 -0.447999 0.489486 0.248535 1.73622 -0.370177 -1.10403 -1.17346 0.0257895 -0.632298 -0.330022 0.424362 -0.0335288 0.101127 -0.696229 -0.713907 0.863735 0.890417 1.93567 1.17127 0.538515 -0.39116 -0.236788 1.34176 0.866095 -0.262893 -0.312705 -0.212494 0.928782 0.962158 -0.243761 1.05057 0.661791 -0.079071 2.0811 -0.152446 -0.503734 -1.67152 
-0.0123765 1.06542 -0.906591 -0.296628 0.208711 1.25942 0.0273009 -0.49622 -0.0859548 -0.138953 -0.780909 0.846698 0.187036 -0.337985 -0.577736 -0.89548 0.0825469 0.17282 -0.849256 0.864419 0.830661 1.00146 1.58427 0.00464845 -0.023008 -1.1016 -0.283886 -0.00638532 -0.551352 0.430486 0.907847 0.843919 2.28298 1.6514 0.233309 0.0924739 0.438605 1.12548 1.40101 
-0.141838 0.700331 -0.912767 0.498877 0.367076 0.964083 0.40699 -0.569837 0.134857 1.79137 -0.63814 -0.31718 -0.669587 -0.460827 -0.100991 -0.110653 1.31325 0.519967 0.352503 0.807494 0.577357 -0.294732 0.48699 0.857776 0.131209 0.624386 -0.385821 -0.0533714 -0.385713 -0.441126 -0.654919 -0.858128 0.149473 1.358 1.12537 -0.53113 0.315684 0.16651 -0.136526 
-0.199867 1.06005 -0.986174 0.389344 0.558075 1.56398 0.752981 -0.130616 -0.442442 0.394321 -0.289213 1.03542 0.888498 -0.33333 0.50675 0.333659 -0.669745 -1.13862 -0.346191 -0.701192 0.606277 0.199002 -2.12492 0.44392 0.237494 0.948717 -0.606306 -0.0937891 0.693806 0.726914 -0.734181 -0.868535 0.204886 0.594428 0.411931 0.118524 0.658065 -0.810316 -0.0892781 
-0.289992 1.03028 -0.774287 0.0946963 -0.386384 0.642665 -0.231893 -0.184984 0.412514 -0.608689 -0.387802 -0.00724158 0.369251 -0.593249 -0.0311749 1.14597 -0.310373 -1.60494 -1.56286 -0.577259 0.048416 0.730076 -0.364572 0.0710475 -1.19864 -0.726773 -0.447061 0.492767 0.91282 0.344536 -0.362305 -0.558831 -1.33633 -0.395961 0.0293826 -1.70141 0.303434 -0.570886 1.06097 
-0.428215 1.09319 -0.449023 0.182727 -0.505444 0.152506 0.226192 -0.117059 0.517316 -0.0287587 -0.256331 -0.292521 0.184456 -0.444296 0.248948 1.02568 1.15209 0.612744 -0.42048 -0.932277 -1.03262 -0.173917 0.389813 -0.0125336 -0.990713 0.178313 -0.691628 -0.569339 0.634868 -0.481905 -0.352029 -0.763529 -0.266542 -0.0465885 -0.402445 -0.382173 -0.393324 -2.44417 -0.777976 
-0.472383 1.21798 -0.29617 0.692066 0.0246691 0.254687 -1.07979 -0.890934 0.211199 -0.184551 -0.403664 -1.09805 0.606699 -0.608946 -0.820826 -0.19785 -0.332338 1.09451 0.502937 0.237421 -0.103613 -1.1681 -0.0240514 -0.616996 -2.01294 -0.111715 -0.59571 -0.306633 0.510029 0.161261 0.577957 1.09355 1.33464 -0.180251 -0.949778 0.586621 0.520344 -1.15471 -1.02414 
-0.661405 0.690648 -0.571402 -0.0359641 0.225941 0.591854 0.436258 -0.204688 -0.960905 -0.0694143 -0.624712 -2.54916 0.120211 -0.591385 -0.703294 -0.262265 -0.919242 0.274993 2.02103 2.52866 0.835432 -0.851084 0.210373 0.748177 -0.528673 -1.27991 -0.663712 -0.434536 0.16411 -1.25743 -0.0769967 -0.449204 -0.326588 -1.22849 -1.76061 -0.0308605 0.544454 -0.722514 1.17739 
-0.700155 0.880285 -0.450163 0.150725 0.211146 2.05415 1.20264 -0.353563 -0.859855 0.0380665 0.0241146 -1.66191 -0.672724 -0.544787 0.172874 0.449486 -1.36612 -1.19144 -1.11255 -0.649869 -1.20715 -0.726465 -0.00600081 1.38646 1.06074 1.36318 -0.794674 -0.800242 -0.0671241 -1.70387 -0.608321 0.291189 1.35578 1.28731 0.652247 0.546508 0.893965 1.09873 1.08211 
-0.8748 0.836379 -0.376075 -0.822977 -0.562641 -0.416179 -0.156205 -1.0268 -1.8719 -0.0897981 0.175307 -1.30033 1.59018 -0.789697 -0.498223 0.171792 -1.38696 -1.17074 -1.56995 -0.906716 0.526405 1.54415 0.348871 0.51154 1.96654 2.42953 -0.739274 -0.256451 0.211048 -0.607575 0.181297 0.139465 -0.352164 -0.461953 0.51302 -0.580075 1.96142 2.31759 0.921775 
-0.989113 0.655736 -0.391125 -0.647747 -0.563669 0.636318 0.377867 -0.0218703 1.14548 0.416224 0.313888 0.619975 1.90649 -0.740122 -0.551259 -0.128407 0.552331 1.48283 1.34627 0.206493 0.710698 1.27022 -0.584612 1.37057 1.97667 -0.384922 -0.778423 -0.503139 0.0245828 -0.74893 -0.0815602 -1.27763 -0.529656 -0.27316 1.36112 0.353045 0.294491 1.20295 0.911108 
-1.14846 0.582567 -0.464372 -0.555322 0.426949 0.778742 0.0258868 -0.572445 -0.218393 -0.759997 0.96606 0.993107 1.24174 -0.563175 -0.253572 -0.126586 0.380745 1.06694 -0.22647 0.248709 -0.822296 -0.0908601 0.0129142 -0.0926973 -0.391901 -1.46268 -0.540464 -0.0918755 0.225033 0.749759 0.85756 0.374711 0.408212 1.12349 1.98159 -0.186473 0.742321 1.60768 -0.453584 
-1.20818 0.566173 -0.478528 -0.474421 0.149387 0.422161 0.598142 -0.587833 1.05085 0.417083 0.251275 0.212101 0.436943 -0.199653 0.42199 0.470176 0.481649 -0.174733 -0.775539 0.269614 0.477114 0.848482 0.395732 -0.323559 0.129102 -0.106845 -0.581624 -0.0621663 0.971528 0.679751 0.904569 -0.143804 0.243534 -0.101351 -0.563503 -0.544788 0.0367069 -0.574122 -0.512618 
-1.25537 0.865748 -0.258891 -0.326524 0.314395 0.0726538 0.26507 -0.273559 0.893442 -0.329211 0.768809 1.17943 1.18256 -0.448053 0.169274 1.57278 0.557932 0.311834 0.0543704 0.0282606 0.708923 -0.519886 -0.567511 0.149948 -0.365564 0.907815 -0.471771 -0.251752 0.715494 0.76637 0.319538 -0.747168 0.472921 0.757004 0.469087 0.580468 -0.367 -0.362084 0.324142 
-1.39173 0.709917 0.268101 -0.203687 0.36036 0.459622 0.619028 -0.134662 0.405177 -0.23391 0.330171 -0.165737 1.43323 -0.620871 -0.793263 0.597224 0.574945 0.673956 -0.260945 0.284742 0.321368 -0.351842 0.198174 -0.185466 -0.608304 0.446334 -0.533057 -0.695707 0.636935 0.25714 0.314647 -0.00795504 0.230995 1.69643 0.234442 0.87076 1.27036 -0.149062 -0.121546 
-1.49224 0.478409 0.00894364 -0.0464369 0.766149 -0.17239 0.517936 -0.0783331 0.463604 -0.120294 0.652094 0.524749 1.69881 -0.478862 -1.21256 -0.621611 -0.194564 0.180035 -0.0318516 0.233547 1.08754 0.764884 1.45771 1.63773 0.165916 -1.04469 -0.462654 -0.996727 0.299361 0.275448 -0.0253309 -0.702126 0.291667 0.902886 -0.158047 0.41072 0.0655438 -1.37389 0.172505 
-1.58479 0.0912322 -0.0622552 -0.346638 0.483698 0.419832 0.825589 0.570503 1.40964 1.38954 1.27673 0.062569 0.398488 -0.183826 -0.70567 -0.145488 -0.186655 -0.693219 -0.711011 0.0504322 0.632088 0.175921 0.222477 0.283166 -1.19872 -0.26892 -0.438211 -0.91264 0.19786 0.212825 0.915066 -0.643357 0.108346 1.27303 -0.329687 0.180518 0.642903 -0.287944 -0.311844 
-1.59427 0.1394 -0.0877362 -0.185039 0.308846 -0.820664 0.558875 0.323699 0.711616 0.115916 0.808682 -0.80329 1.47103 -0.283401 -0.159097 0.923179 0.497604 1.21452 -0.855912 -0.120053 0.25913 -1.12488 -1.27201 -0.730174 -0.547822 0.704418 -0.296589 -0.690187 0.482894 0.858108 0.155578 0.195618 0.632038 1.03097 -0.061176 0.377574 1.06545 -0.172714 -0.0875158 
-1.71754 0.0537968 0.365555 -0.109069 1.29488 -0.358266 0.71233 0.724305 -0.0130685 -0.0526538 0.842345 -0.52313 1.1832 -0.332581 -0.329257 0.868759 1.36813 0.945939 1.02517 0.696335 0.457441 -0.247954 0.164343 1.21709 0.968037 0.168417 -0.276453 -0.302588 1.12904 1.16484 0.518724 -0.75446 -0.208892 0.278647 0.264387 -0.781866 -0.478369 -0.171637 0.00486916 
-1.74219 0.00807853 0.313365 0.531103 0.941446 0.0865726 1.18401 0.609491 0.41521 0.286839 1.50993 0.339818 1.69819 -0.198051 -0.289125 0.756057 1.10144 -0.415836 -0.191018 -0.150071 0.0311804 1.40199 0.475439 0.0649332 0.31855 -0.706177 -0.402521 -0.297131 1.34005 1.35391 0.947696 1.10796 1.07784 1.48701 0.574487 0.469542 0.358991 0.390046 -1.01333 