-0.614557 -0.799792 0.966147 1.16928 1.34335 0.669161 1.16978 -0.225852 -1.13055 -0.335883 1.4993 0.815046 0.256522 0.315466 -1.41679 0.0990169 1.23398 -0.0626 1.17927 -0.751749 -0.162828 -0.991707 -0.363074 0.633258 -0.000665409 -0.117264 0.843845 -1.35129 0.0276674 0.323707 -0.310122 -2.2736 -0.867177 0.761099 0.667614 0.86046 0.797136 0.145639 -1.18713 
-0.460985 -1.35499 0.861218 1.80111 1.33701 2.27015 1.33061 1.04415 -0.900559 0.227666 1.36888 -0.358841 -0.182668 1.68306 -1.655 -0.241076 -0.101146 0.211259 -0.769324 -0.228336 1.71906 0.553714 1.92496 0.420838 0.293202 -1.95909 1.51434 -0.23842 0.397549 -0.308975 -0.45511 -1.411 -1.1147 0.633655 -1.34316 -0.171194 -0.284434 -0.0483811 -1.79059 
0.018531 -1.45588 0.845795 1.04598 1.44333 -0.139602 1.0274 1.61035 -0.490974 1.35944 1.77512 1.14337 -1.8632 2.08238 1.0577 0.511155 -1.65473 -0.548525 -2.93173 -0.690045 0.804398 -0.602908 0.141219 -0.937649 -0.0471675 -1.82035 0.353434 0.719999 0.593831 -0.162734 -0.352299 -0.383911 0.217319 0.755938 0.988174 0.997271 -0.635889 -0.513759 -0.496416 
0.333052 -0.847363 1.13519 0.269421 0.978659 -0.795225 0.933023 1.90964 -1.46853 0.365719 0.671751 -0.421583 -2.15036 -1.12642 2.73373 1.16006 -0.126003 -0.692389 0.253686 0.493734 -0.949347 0.632345 -0.615471 -1.14351 -0.876998 1.41757 -0.154372 1.22241 0.493229 -0.569899 0.210544 -0.469925 0.631929 -0.974217 0.615228 0.837134 -0.402401 -0.298709 -0.376643 
-0.480776 -0.229249 1.45993 0.90015 0.998198 0.119213 1.28414 0.614629 0.230691 0.836876 0.930555 0.127199 -0.28297 -2.33112 0.774752 0.249553 0.888567 0.779063 2.31251 1.48683 -1.84777 1.34414 0.958398 0.492862 -0.288961 1.40803 -1.25749 1.3931 0.445398 -0.20077 0.395748 1.8553 1.72025 0.066417 0.879415 0.205388 -1.01364 -1.38749 0.585164 
-0.651825 -0.461113 1.27203 1.04333 1.42116 1.61211 1.73869 -0.0395597 -0.00373245 1.2172 0.999157 -0.762132 -0.580585 -0.871882 -0.645217 -0.47461 -0.151499 1.1571 1.92714 1.6979 0.996488 0.423993 0.887147 -0.0287288 -0.71305 -0.792336 -1.65272 0.428536 -0.0115406 0.638477 0.450938 1.83898 0.706038 -0.31124 1.84455 1.18256 0.535769 0.891024 1.51514 
-0.877488 -0.452151 1.21716 0.731204 1.66874 2.12439 2.20648 1.68398 0.734831 1.62615 0.884396 -0.700602 -1.12423 -0.294015 -0.133272 -0.283017 -0.055054 -0.244567 -0.151337 -0.595064 1.49916 0.863346 0.593922 0.178889 1.32302 0.220417 -0.0414339 -1.49935 -0.275501 -1.39901 0.525382 0.724697 0.223716 -0.288576 -0.0287276 0.895158 1.23098 1.36164 0.0681217 
-0.815621 -0.464396 1.12969 0.961819 1.24617 1.44825 1.39361 1.56326 0.959105 1.75048 1.1017 0.749383 -0.312128 0.802254 -1.60552 0.0258476 -1.71227 -0.528477 -1.10779 -1.4243 -1.32136 -0.450831 0.288514 1.52787 2.28911 0.859811 0.456555 -1.32 0.509986 -1.262 0.535431 0.164645 0.21225 0.502603 -0.954365 0.177627 0.618788 0.932043 -0.0462755 
-0.599419 -1.08701 1.23673 -0.85264 1.32249 0.962413 1.40304 0.293454 0.32563 1.8928 1.95308 1.92089 -0.155163 1.0142 -1.8484 1.07009 -1.62733 0.885897 0.296273 0.853964 -0.994919 -1.99423 -0.358628 0.591665 -0.24172 -0.276348 1.00564 -1.94036 0.359063 -0.76159 -0.0209154 -0.2368 -0.495285 -1.56463 -1.09824 -0.803001 0.571218 0.51105 -0.00792512 
-0.452123 -1.20345 1.69667 -0.545028 1.75311 1.75151 1.84946 0.519175 -1.06145 1.45215 1.49986 0.463111 -0.587998 0.78879 -1.30682 0.523773 0.692338 0.466353 0.769307 0.776387 -0.34074 -0.851658 -1.33839 -0.813929 -1.69266 -0.874371 1.11393 -2.16875 0.21139 -1.09329 0.174774 -0.478571 0.00299752 -2.01475 -1.603 -0.800647 0.40844 0.164542 -0.431321 
-0.326777 -1.59373 1.51732 -0.256615 1.57635 1.75931 1.81601 -0.0563639 -0.502047 0.739098 1.34456 -0.0324181 -1.08631 0.748587 -1.40657 -0.752808 0.168292 -0.700588 -0.9259 -0.863253 -1.13887 0.0896936 -0.688164 -0.0714512 0.439105 -0.19495 0.809896 -1.41235 0.133229 0.931277 0.957754 -0.839555 -0.268966 1.23422 -0.569612 -1.22313 -0.811228 -0.467753 -1.04349 
-0.195685 -1.75297 1.30806 -0.424072 1.30303 0.779349 1.35614 -0.677679 -0.906323 0.866118 1.42311 0.959066 -0.774676 0.491801 -0.813403 -0.329466 0.528791 0.708968 -1.83363 -1.13424 1.61167 0.179687 -0.262094 -0.117413 1.16184 -0.2573 0.567982 -1.09692 -0.173233 0.583457 0.294862 -1.09574 -0.958554 1.58247 1.12032 -0.678775 0.0272823 1.18323 -0.136446 
-0.17384 -1.88879 1.35063 0.191147 1.97656 -0.160127 1.1729 1.66586 -0.252969 0.525043 1.23488 1.29392 -1.34131 0.148326 -0.240439 0.464947 0.592385 1.03774 -0.446925 -0.378414 2.77473 1.25398 -0.198907 0.13804 0.931477 0.0417475 0.30604 -0.559746 0.0139639 1.08513 -0.0647227 -0.25508 -1.13515 0.940328 0.560541 1.70005 0.304413 0.0192794 -0.385188 
-0.18119 -1.80222 1.55781 0.0813406 1.90157 0.30703 1.13081 2.27888 0.464346 0.707228 1.49639 2.02073 -0.701995 -0.0103305 -0.0277358 0.336129 0.896008 -0.826482 1.47313 -0.333759 -0.648725 0.496318 2.49261 0.513823 -1.13175 -0.164232 0.179982 -0.513509 -0.0547653 0.769609 0.951902 0.610498 -1.44409 1.72729 0.619369 0.283942 -0.471637 -0.379633 -0.384573 
-0.223294 -1.8468 1.53286 0.971807 1.45054 1.37126 0.972254 0.989186 0.326681 2.71595 1.5773 -0.014947 -1.49433 0.133214 -0.531335 -0.566418 0.414725 0.130184 1.12876 -1.48555 -0.98711 -0.507808 0.573534 -0.665227 -1.3608 -0.462617 0.0921101 0.0764292 0.296293 0.258364 -0.335661 1.29394 -0.33735 -0.161783 0.172773 1.2883 0.859717 -0.0120244 -0.0561996 
-0.172786 -1.97627 1.26691 0.425698 1.95264 1.47904 0.293515 1.24308 -0.0043401 1.22271 0.994371 0.448694 -1.18197 0.152505 0.140986 0.114734 -0.565697 0.366389 0.0316973 -0.111738 0.456726 -0.282819 -0.801712 0.543468 1.12579 0.0975956 0.913246 0.905491 -0.219001 -0.789651 -1.96265 -0.821574 -0.433815 -1.08173 -0.219916 0.848177 0.244503 0.345137 0.785955 
-0.207114 -1.73243 1.59902 0.427373 1.6441 1.39842 0.894325 1.4857 0.0928893 2.03079 1.94095 1.26997 -1.36045 1.31129 1.88834 0.206549 -1.4718 -2.64747 -2.17143 0.916414 -0.16893 0.252932 0.540555 0.990335 1.76618 1.30445 0.58331 1.26949 -0.480977 0.00450702 -1.59431 -1.79477 -1.51514 -1.61203 -0.964407 -1.86017 -0.747664 0.615368 1.2741 
0.310457 -1.1123 1.38121 -0.940154 0.328138 -0.792914 0.783889 1.0756 0.321208 1.7094 1.67807 2.46938 0.274312 0.768718 1.7621 -0.88678 0.559946 -2.41794 -2.24629 -1.84328 -2.16849 -0.860039 -1.63365 -1.39916 -0.409203 1.27082 2.33418 3.08072 -2.19215 -1.03463 -2.59456 -3.02799 0.0433582 -1.24143 -1.20554 -1.70212 -0.998439 -0.142422 1.97906 
0.0574381 -0.922615 1.14019 0.903379 0.158053 -0.95166 -0.140699 -0.803867 -0.743537 0.619309 0.913286 0.791271 0.0589759 2.38684 2.73194 -3.67085 0.0904213 -0.668806 -1.52821 -0.873974 -1.15447 -1.6834 -2.76877 -2.14448 -1.92231 0.82444 2.78237 1.88421 -3.37299 -0.630265 -2.77848 -2.75209 -1.20424 -1.44182 -0.789845 -2.50613 -2.56168 -1.59933 1.63459 
1.22721 0.113563 -0.537062 -0.889791 -0.102769 -2.39362 0.284639 -0.13781 -1.37483 -0.693086 0.116604 0.252202 1.20462 3.64023 1.06318 -4.43537 -1.40602 -1.13089 -1.12112 0.286723 0.635097 -0.0746122 -1.64828 -1.61543 -1.42482 0.486479 2.19828 0.618539 -3.43974 1.05487 -1.58282 -0.484874 -1.3569 -0.507574 -0.788302 -2.2642 -2.15321 -1.90795 2.04654 
1.47939 -0.412631 -1.17885 -0.402842 -0.5516 -2.12754 0.00161771 -0.118053 -0.759955 -0.804936 -0.269273 -0.854314 0.618967 1.09575 -1.80542 -1.75634 1.29433 -1.36821 0.890993 -0.878237 0.600107 0.75059 -0.196092 -0.383982 -0.26713 1.37725 2.64607 0.0804034 -3.50156 -0.917765 -1.38674 0.320501 0.750959 1.59592 0.592776 -1.40236 -1.34372 -0.661017 1.35383 
1.62358 -0.607055 -1.45173 0.251961 -0.955582 -1.46974 -0.216966 0.51087 -0.529715 -0.849518 -0.183987 -0.0632643 2.74067 0.55255 -0.943972 -1.08907 0.179347 -0.658199 1.45373 0.662617 1.01486 0.789065 -0.187092 0.0503623 0.671433 0.967949 0.563039 -1.91761 -2.12171 -0.0229732 -1.60286 1.49256 -1.12452 0.245444 0.164281 -0.166867 -0.494077 -0.490429 -1.30825 
1.65681 -0.763696 -1.74373 -0.271864 -0.976108 -0.616398 0.351707 0.970795 0.125331 -0.953512 -0.258786 -0.0914284 1.70652 -0.206679 -1.07278 -1.59714 -1.33646 -0.694144 0.853028 -0.57614 -0.365358 -0.547219 -0.0200943 -0.169911 -0.289798 -2.79454 0.214362 -0.415741 -0.867911 0.531215 -0.341711 1.83095 -0.245084 1.27289 0.399955 0.321409 -0.0338745 1.15692 0.0960975 
1.49498 -1.01338 -2.28294 -0.991197 -1.40177 -0.585472 -0.55159 0.134925 -1.03955 -0.852297 -0.331261 -0.404775 -0.294487 -0.216483 0.318869 -0.291753 0.51217 0.190457 0.697772 -0.98986 0.296589 -0.304598 0.610821 -0.0565572 0.668845 -0.870295 -0.223813 -0.0948814 -0.379228 0.153778 0.00503519 0.717798 -0.164022 0.750677 0.756869 0.461151 -0.829112 0.652028 -1.23966 
1.52427 -0.573015 -1.89065 0.160831 -0.888677 0.105849 -0.211598 1.29736 -0.131198 -0.405478 -0.324875 0.668485 0.779843 -0.152204 0.929026 0.985178 1.52832 0.664832 -0.0419835 0.352789 1.12956 1.45739 0.626963 -0.782715 1.04861 1.45125 -0.686957 0.506347 0.166946 0.754806 -0.0551069 -0.106259 -1.74875 -0.809666 0.224157 1.04237 -0.722913 -0.229111 -0.800094 
1.38835 -0.560944 -1.76048 0.362674 -1.02818 -0.635208 -0.372755 1.3455 0.543489 -0.290171 -0.917425 0.791463 1.32264 -0.876952 0.439343 0.539109 0.475342 -0.295813 -0.87906 -1.26456 -1.16753 0.579384 0.757763 -0.769679 -0.924821 0.00118318 -1.0645 1.31655 1.42231 1.75997 2.22732 -0.500451 -0.889921 -1.21996 0.793591 1.06234 -0.188192 0.199544 0.541319 
1.12551 -0.330652 -1.60202 0.56014 -1.09458 -0.817431 -0.926742 0.0700909 0.535175 0.270843 -0.901703 -0.402629 0.808076 -1.54001 1.04464 1.23729 0.789864 2.11575 -0.613991 -1.50649 -2.43046 -0.50342 0.767805 0.592863 -0.810912 -0.873309 -1.26706 1.09487 1.4156 1.16964 1.77613 -0.212443 -0.547199 -1.46081 -0.86397 0.357527 -0.217446 -1.29392 -0.610469 
0.722337 -0.0589132 -1.10586 1.04711 0.220649 -1.28187 -1.22162 -1.22209 0.0793839 0.394916 -0.518398 -0.148777 0.392653 -1.13654 1.20177 1.6728 1.06133 2.5059 0.569905 0.550112 -0.385773 -1.60245 -0.2867 0.545011 -0.557462 -0.665737 -1.16201 1.53453 1.18925 0.218718 1.11039 -0.11419 0.668738 -1.79011 -1.33354 0.459218 0.189862 -2.54077 -1.05188 
0.622125 0.238786 -0.719105 1.49067 0.389606 -0.228621 -0.638839 -0.32752 -1.07635 0.0353063 -0.536947 -1.05167 0.105537 -0.306856 1.25605 0.618483 -0.512038 -0.74743 0.423153 2.35045 0.532075 -1.07972 -0.163469 -0.332784 -2.10734 -0.267415 -0.850478 1.12881 1.37681 0.781563 1.21093 0.298686 1.48974 0.198049 -1.91075 -0.247588 -0.502392 -1.10252 -0.731653 
0.553365 0.533809 -0.775622 0.551321 -0.257687 -0.846206 0.0614039 -0.64561 -0.986395 0.266965 -0.782321 -2.57853 0.126572 -0.21624 0.49026 0.478084 -0.0383979 -1.01046 -0.263557 1.34609 0.570856 -0.66915 -0.0352755 -1.1088 -0.704393 -0.129544 -0.244574 0.7641 0.853223 -0.169622 -0.143886 1.07443 2.18211 1.07381 -0.0503849 -0.248893 -0.54499 -1.56868 -0.898106 
0.489678 0.502991 -0.462467 1.42426 -0.247399 -0.509583 0.0890353 0.290116 -1.71348 0.0192728 -1.35665 -1.86952 -0.00947269 -0.0849535 -0.11116 0.708618 0.27577 0.529821 0.817342 0.433126 0.570752 1.02705 -0.160216 -0.281702 0.308619 -0.707427 0.068744 -0.265096 -0.196584 -1.46522 -0.68826 0.076433 -0.327342 -0.947868 0.440726 0.942499 0.0175179 0.23781 -1.1511 
0.473834 0.540012 -0.398136 0.76971 0.0344597 0.000820896 0.284644 -0.028084 0.147354 0.141853 -1.00966 -2.2325 -0.621648 0.321356 -0.889365 -0.802683 -1.91301 0.104536 0.302267 -1.77876 -1.58662 1.20225 1.27298 1.16377 0.986159 -1.11822 0.974581 -0.948868 -0.252152 -1.05948 -0.594377 1.1034 -2.14461 -1.27688 1.49806 -0.288644 -0.458536 2.07771 -1.39168 
0.573915 0.175352 -0.877219 -0.34157 -0.211798 -0.200071 -0.910328 -1.38193 -0.39682 1.1454 -0.548744 -0.745037 -1.20781 1.62674 -1.31374 -1.12064 -1.69005 -1.31704 0.458044 -3.19491 -1.9313 0.767172 -0.215565 -0.229893 2.09211 -0.799858 1.64359 -1.21563 -0.486068 -1.94966 -0.669932 0.718939 -1.43619 -1.39372 2.43154 -0.357548 0.839645 1.64773 -1.70024 
1.08422 0.0303206 -0.979566 -0.79399 -0.787483 0.472896 -1.49748 -2.06593 1.00978 -0.0315799 -1.19989 0.162663 -1.47115 2.28149 -0.935726 0.0226276 -0.679707 -0.987287 0.51015 -0.075066 0.103632 1.70537 -1.73906 -0.130367 0.91938 -0.721929 1.75608 -1.7223 -0.600894 -1.84074 -0.892733 0.095591 -2.53579 -1.47748 0.335991 -1.49399 -0.253669 1.93848 -1.0212 
1.44821 -0.172175 -0.859336 -0.989358 -0.834824 0.326381 -0.967987 -1.26014 1.44511 -0.35811 -0.667695 0.302725 -1.97192 1.15452 -1.27146 0.159929 -0.758483 0.152575 -0.396263 -0.0682236 0.360539 -0.358997 -1.7399 -0.0378851 0.148265 -0.307776 1.69012 -1.01879 0.115644 -1.46072 -0.673507 0.455694 -0.395906 0.430459 0.787735 -2.13131 -0.648228 1.29751 0.217316 
1.50428 -0.461233 -0.889708 -1.51319 -0.722904 0.0534461 -1.55136 -1.6715 0.69646 -1.53581 -1.25261 0.32446 -1.78145 0.395151 -0.594067 0.144013 -1.26575 0.100017 -0.0147334 -0.445479 0.325001 -0.758378 -1.05164 -0.606985 0.582811 0.950346 0.627235 -0.708741 0.24949 -1.14646 -0.407796 -0.771222 0.367744 1.25425 -0.818368 -1.37288 0.567922 0.935367 1.22635 
1.56219 -0.373134 -0.777821 -2.16841 -0.80195 0.305083 -1.23039 -0.903427 0.714821 -1.26147 -1.128 0.96379 -0.903653 -0.16363 0.206798 0.217296 -0.770952 -0.703876 -0.585774 0.526414 0.93137 -0.609676 -0.0568375 0.747903 0.93686 1.62469 -0.258791 -0.0726897 0.61125 -0.617583 -0.0696498 -1.52593 -0.710131 0.701679 -1.26684 -0.982684 0.477162 1.46272 1.78167 
1.39303 -0.31863 -0.769777 -2.2437 -1.17497 -0.563771 -1.27656 -0.671256 0.121421 -1.57067 -0.742541 1.39231 0.0257179 -0.809509 0.483608 0.802382 0.436458 -0.223761 -1.87613 -0.477794 0.387853 -0.745197 -0.233722 1.20899 1.10965 0.965618 -0.570513 0.677187 0.718846 0.281351 0.248911 -0.806073 0.141763 1.09718 -0.682211 0.775209 1.09756 0.711222 1.84771 
1.19062 -0.111782 -0.351183 -1.80435 -0.96439 -1.6587 -1.51065 -0.480007 -0.00170738 -1.45075 -0.287706 2.23016 0.18135 -0.745123 0.807707 0.898385 1.13169 0.982926 -0.438231 -0.357853 0.195943 -0.196597 1.0753 0.592451 -0.109878 0.362514 -0.831727 1.07962 0.761492 0.503079 0.601456 -0.978689 0.0155825 -0.466448 -1.87933 0.217564 0.580713 -0.293026 1.32438 
1.04741 0.0817575 -0.292814 -1.24938 -0.609492 -1.02702 -1.49052 -0.451506 -0.0223532 -0.617131 -0.343809 1.25751 0.449875 -0.513533 1.13463 0.380394 0.217813 0.948574 0.644258 0.484635 -0.89912 -1.48892 0.521356 -0.483746 -1.43924 0.45704 -1.10961 1.30428 0.898595 0.95214 0.562732 -0.843466 -0.117477 -1.22781 -1.82182 0.403164 0.416054 -1.68791 0.415462 
0.938342 0.428851 -0.145755 -1.63851 -0.419637 -0.992302 -1.25894 -1.42242 -1.49471 -0.980827 -0.659749 0.568017 0.709084 -1.01864 1.14756 0.500101 0.117055 -0.307076 -0.630803 0.194157 -1.50507 -1.96892 -0.544424 -0.0631752 -1.82616 0.0796534 -1.32638 1.35213 0.654334 1.50682 0.749485 0.163724 0.502637 -1.00365 -0.57741 0.394597 -1.36993 -2.19573 -0.295719 
0.591547 0.627936 -0.0246341 -1.17487 -0.82219 -1.69123 -1.39937 -2.037 -2.01649 -1.07767 -0.414638 -0.849181 0.564091 -1.59404 0.89243 0.633786 1.76523 -0.036592 -0.500431 0.146442 -0.175103 0.807652 -0.0017094 -1.11252 -1.08164 -0.782059 -1.24202 0.9587 0.137738 1.74045 -0.0380221 0.37069 0.0575707 -1.19299 -0.0605425 -0.423959 -1.43454 -1.50053 -0.372153 
0.250556 0.865584 0.192504 -0.0698603 -0.469171 -1.52046 -1.19416 -1.59645 -0.590017 -0.967556 -1.48212 -0.683267 -0.120912 -0.955133 0.289275 -0.2987 2.17528 0.223323 1.02386 -0.133502 0.232435 1.90414 -0.00869549 -1.60998 0.105921 -0.487125 -0.987315 0.789866 0.186957 2.21658 -0.203477 0.655172 -0.160723 0.44484 0.778832 -0.0806843 -0.734065 -0.497689 0.826486 
0.16128 0.805921 -0.175194 0.765499 -0.714934 -0.628686 -1.48933 -1.77852 0.0329682 -1.0705 -1.59329 -0.736033 0.0572653 0.0242348 0.291117 -0.354947 1.15742 -0.256365 1.23606 -0.365564 0.618807 0.128716 -0.101528 0.27301 0.516346 1.66762 -0.644028 0.338411 -0.491732 2.24127 0.662089 1.49933 0.88952 1.09608 0.29151 -0.0463825 -0.124525 -0.0627073 -0.675624 
0.215034 1.04436 0.0124594 0.947776 -0.651278 -0.236472 -1.41239 -0.927928 -0.394154 -1.04143 -1.31217 -0.0985666 1.7333 -0.0702163 0.217 -0.490267 0.78005 0.578154 0.728314 1.26043 0.893727 -1.54902 -0.0495879 1.4959 -0.170253 -0.247715 -0.340428 -0.24524 -0.457562 1.03212 -0.452226 1.23739 0.47227 0.716033 -0.857298 -0.330888 1.13979 0.25411 0.0266397 
0.0876886 0.952901 -0.426174 1.44104 -0.393631 0.125434 -0.808806 -0.818229 -1.52277 -1.09903 -0.547508 -0.940194 -0.187229 -0.568069 -0.660435 -0.38026 0.197209 -0.351114 0.200678 0.957721 0.10909 -1.14382 -0.329615 1.1176 -0.215808 -1.64489 -0.425555 0.183112 -0.0678957 0.933491 -0.434015 0.394165 1.18437 1.32294 0.0449525 1.22657 2.16482 0.742053 0.24854 
-0.0592222 0.814929 -0.180855 1.09495 -0.890542 -0.0329739 -0.899187 -0.800354 -1.52686 -1.31443 -0.53733 -0.355067 -0.0421375 -0.608632 0.0562942 0.368137 0.44401 -1.16261 -0.30699 0.24439 0.470164 1.61006 1.65958 1.11463 1.03274 0.509815 -0.46282 0.0571147 -0.721821 -0.0186422 0.258149 0.19213 0.896974 1.3916 -0.933623 0.819522 2.17564 -0.532573 -0.802242 
-0.202917 1.03094 -0.227171 1.81194 -1.12242 -0.200853 -0.689889 -0.307455 0.219657 0.364617 0.225206 0.237815 0.398333 -0.169881 0.74471 -0.770714 -0.233605 0.641844 -0.0226447 0.17876 1.32676 0.0376811 1.40615 1.5058 -0.389656 0.773462 -0.469382 0.0393698 -0.167217 -0.765495 -0.00553479 -0.457025 0.215456 0.844981 1.64154 1.84328 1.05789 0.997649 1.27114 
-0.172984 1.18829 -0.578848 0.851568 -0.53082 -0.0625286 -0.816546 0.619502 -1.42604 -0.0720465 0.515547 -0.811309 0.832313 -0.139726 0.00135926 -0.646533 -1.46911 1.11993 -0.296692 0.0186206 0.392862 0.355289 0.758646 0.178521 0.12411 0.855418 -0.347346 0.556117 -0.091969 -0.065531 0.24463 0.167445 0.185139 0.80734 0.826035 0.723005 -0.378045 -0.979869 -0.278055 
-0.304525 1.08541 -0.560068 0.448534 -0.474295 -0.516394 -0.695763 0.12128 0.652068 1.04171 0.32748 0.371859 1.36259 -0.384926 0.0881669 0.610709 0.135136 -0.368208 0.170952 0.045394 -0.503177 0.954988 -0.456106 -1.9216 -0.730946 -1.07942 -0.314325 -0.0620908 -0.464593 -0.229446 1.17067 -0.379483 0.359223 -0.566272 -1.08037 -1.92162 -2.13241 -0.23161 0.0162852 
-0.373423 1.28 -0.252687 0.942467 -0.780396 0.109947 -0.807622 0.0972934 -0.367524 -0.455482 -0.886292 -1.65967 -0.32352 -0.362709 -0.0959169 -0.0997349 1.15364 0.324598 -0.213613 0.428649 -1.00874 -1.63646 -3.27453 -2.68224 -0.382963 -0.843862 -0.385892 0.211535 0.0849619 -0.27746 -0.288757 0.221209 0.408999 -0.678798 1.67008 -0.496129 -1.81528 -0.0943689 -0.319832 
-0.496009 1.09815 -0.606329 1.46275 -0.305945 -0.745236 -0.474998 -0.937469 -0.994967 -1.80232 -1.61912 -0.0766924 0.464868 -0.231016 0.227768 -0.492342 -0.514161 -0.0325785 0.0420987 0.465671 -0.23062 1.04441 -0.191596 -0.204685 0.630151 0.728395 -0.691228 -0.118922 -0.0369844 -0.965019 -1.55063 0.498328 1.26124 0.111267 0.171922 -1.25557 -1.22057 -0.87826 -0.855888 
-0.511826 1.4316 -0.504755 0.444753 -0.827508 0.147957 -0.566393 -0.135657 0.78435 -0.607989 -1.05847 -0.944217 0.501548 -0.737499 -0.0838985 0.0262395 -2.44288 -2.32091 0.76037 1.1747 1.10288 1.84895 1.63153 1.26372 -0.62062 -0.0854378 -0.683934 -0.506251 0.0963302 -0.419097 0.0783789 0.613052 2.11313 0.391648 0.316145 -0.281685 0.21736 0.82254 0.516956 
-0.838556 1.11605 -0.586552 -0.78342 -1.73346 0.0423367 0.158141 0.244791 0.996866 -0.363168 -0.739628 -0.798298 0.398187 -0.857624 -0.988655 0.628595 -0.0523672 0.0960042 0.64281 2.2295 0.618582 -0.659906 -0.175065 0.49749 0.325033 -0.17674 -0.530662 0.0575818 0.111274 -2.28502 -0.659378 0.881278 0.866736 0.431161 0.750306 1.12699 0.972205 0.0665645 1.43 
-0.902791 1.06137 -0.169218 0.365674 -0.797055 0.812848 0.649779 0.53263 0.156868 -0.746065 -0.72775 -0.579324 0.334823 -0.10805 0.168873 0.133526 -0.593798 1.45151 0.247537 -0.076973 -0.67351 -0.946602 -0.152043 -0.072556 0.705167 1.62204 -0.820168 -0.788813 0.335644 -0.538807 0.471972 -0.00800144 1.19745 -0.0933719 -0.496891 0.321452 0.783897 0.866774 0.162953 
-0.927396 1.24239 -0.510534 -1.35333 -0.885321 0.294734 0.0994277 -0.458189 0.0700658 -0.481144 -0.817176 0.00334655 2.20246 -0.447084 -0.196131 -0.11582 -0.672637 0.465086 -0.705776 -0.707918 -0.73889 0.074672 0.598851 0.469565 0.681094 0.346514 -0.324768 0.0145543 0.374487 -0.153277 1.6709 -0.180981 0.146859 -0.743203 -0.832119 0.234431 0.939085 0.253413 -0.700997 
-1.12828 1.03112 -0.22391 -0.275704 -0.543958 0.070401 0.242316 -0.239736 0.296307 -0.208481 -0.417029 0.194663 0.741449 -0.410949 -0.148448 0.440362 0.379168 0.625522 -0.518804 0.252065 -0.127778 -0.0384703 0.461782 1.2243 -0.405431 -2.38425 -0.532152 -0.161647 -0.384666 -1.48713 0.157346 -0.487492 -0.276395 -0.137682 0.424001 -0.223299 -0.294372 -0.708991 -0.63404 
-1.13832 1.23259 -0.273671 -1.0412 -0.535444 -0.252596 0.222588 -0.581996 0.091381 -0.0632265 0.0340902 -0.471019 -0.383126 -0.400828 -0.047781 -0.504695 -1.30778 -0.301814 0.0654071 0.340544 0.572148 0.438476 -0.888994 -0.785784 -1.48973 -1.03649 -0.693481 -0.513093 0.445233 1.04043 1.25852 -0.0297241 0.0468404 0.160814 1.36031 -0.256116 -0.384229 -1.04316 -1.94177 
-1.33513 1.06451 -0.482454 -1.49287 -0.753483 0.132734 0.414382 0.379272 0.815568 -0.969844 -1.00539 -1.5255 -0.367344 -0.692833 -0.622703 0.244832 0.986462 0.930088 0.42968 -0.205163 0.273841 1.66839 -0.794934 -1.64746 -0.78806 0.283558 -0.559805 -0.281538 0.262452 -0.659846 -0.467272 0.106925 -0.541242 0.250773 0.957449 -0.619875 1.06648 0.634135 0.194298 
-1.46287 1.01935 -0.139305 -0.178544 -0.00184277 0.18988 0.0930189 -0.279575 1.89471 -0.742471 -1.17141 -1.385 -0.0454833 -0.490942 -0.375991 0.902314 0.422544 -0.32469 0.0100219 -1.04736 -0.331814 0.710936 0.0791151 2.08915 2.22794 1.24008 -0.575833 -0.161235 0.9992 0.620991 1.04407 0.952793 -0.336337 0.111502 0.91016 -0.00708166 0.667436 0.401002 0.160757 
-1.5783 0.957104 -0.00343113 -1.14142 -0.976806 0.137269 -0.180705 0.0389258 1.61929 -0.88601 0.465278 1.02571 1.0184 -0.224357 0.379408 1.31194 -0.176096 0.354372 0.664346 -0.239036 -0.179454 -0.575384 0.788156 2.47592 1.25777 -0.116153 -0.420769 -0.0105454 1.21289 1.1754 1.4614 0.0538439 -1.14175 -0.85052 0.402872 0.789624 1.33105 1.18218 1.19644 
-1.59859 1.236 0.554447 -0.369789 0.184467 0.877245 -0.0552735 -0.458225 1.35547 -0.0396165 0.576264 0.0515483 -0.14582 -0.180316 0.358762 0.990671 1.12176 2.13683 0.00148668 -0.429096 -0.581936 -0.222989 0.958237 -0.470914 -0.858563 0.0445627 -0.778217 -0.430471 0.935619 0.0998203 1.51082 1.54213 0.773246 0.522146 0.778095 0.77001 1.6046 0.843502 0.121402 
-1.69627 1.1649 0.52191 -0.156105 0.284746 0.132897 -0.434051 -0.566868 1.44796 -0.0346688 0.102425 0.0307259 1.09417 -1.01382 -1.02661 0.144798 0.296523 1.52026 1.13936 1.21694 0.70417 1.51087 0.223491 -0.532127 -0.278445 0.241103 -0.385649 -0.356273 0.544499 0.139622 1.30957 -0.210211 1.13782 0.587915 0.0179722 1.49503 0.314495 -0.818931 -1.12002 
-2.05251 0.849486 0.636374 -0.132586 1.07408 2.06032 0.601214 0.300894 2.99435 0.170263 0.169571 -0.276918 0.145303 -0.43524 -0.894651 -0.149298 -0.948646 -0.516669 -0.307953 1.87425 1.17557 0.251851 1.0036 0.879323 -0.0766919 -1.25879 -0.513288 -0.440906 0.457362 -0.117486 0.25889 -0.306311 1.55086 1.21295 0.217417 0.411429 -0.614709 -0.268902 1.52553 
-1.91699 0.834992 0.449668 -1.0477 -0.0543863 -0.194395 0.585761 0.69254 1.77238 0.856275 0.706615 -0.0659386 -0.258207 0.195822 0.363754 0.559479 -0.463772 -1.22859 -1.56156 0.757601 0.544464 -1.24413 0.318214 -0.165334 -0.0233559 1.39855 -0.530635 -0.583762 0.855125 0.50984 0.549913 0.66321 1.88432 1.29004 -0.269158 0.619227 0.763156 0.144215 -0.755409 
-2.01887 1.05942 0.93568 -0.58462 0.30549 0.424814 1.00381 0.890521 1.75692 0.46284 0.0255758 -0.312303 1.70468 -0.410266 0.017483 1.47939 1.61187 1.17631 1.05326 0.527663 0.153846 -0.56546 -0.189561 0.0630473 0.250667 0.437884 0.123154 -0.502286 0.555289 0.832791 -1.41953 -0.642432 0.449614 0.0186319 -2.15352 0.551736 1.83745 0.743999 0.608063 