-0.527991 -0.683388 0.910193 1.70397 0.984812 0.012017 0.648339 0.566909 0.265988 2.34715 1.6537 -0.300453 -1.52825 2.07904 -2.55451 -0.7076 1.65461 -0.379042 -2.59387 -0.345477 0.62866 -0.449555 -0.0215956 0.393824 1.44645 0.718421 1.66914 -0.465742 -0.0384197 0.90313 -0.0150997 -0.90563 -0.100189 1.26608 0.0631494 -0.476865 0.0112841 0.856698 0.279576 
0.140116 -1.96028 0.543035 1.64794 0.869544 -1.30019 0.958323 1.29843 -0.292815 1.30793 0.964701 -1.03136 -1.41605 2.84857 -0.573534 -0.0990684 -0.496601 -0.362039 0.115494 -0.106522 0.400748 -0.00722065 -1.8103 -1.04673 0.670333 0.608462 0.442217 0.364576 0.266989 0.861999 0.870608 -0.130056 1.1384 -0.403099 -0.491756 -1.32264 0.265219 0.951441 0.192372 
0.298151 -1.00196 0.854595 1.27852 0.724679 0.149782 0.589441 0.890666 0.256214 0.64042 1.05954 0.425187 -0.918398 -1.41353 3.09043 1.09909 -0.588653 1.63172 2.47991 1.64418 -1.05021 -0.138253 -1.54631 -0.0231119 -0.218982 -0.481582 0.356767 0.572667 0.509618 -0.367525 0.7483 1.55511 1.17777 0.06098 0.381017 -1.96654 -1.41422 -0.675478 0.679253 
-0.324385 -0.279306 1.14544 1.14346 1.93524 1.90115 2.13563 0.432612 -0.429614 -0.153595 0.943981 -1.26862 -1.86372 -2.31762 1.39413 0.844803 0.0610063 1.44205 1.70548 1.44996 -0.312653 0.481479 -0.527055 -0.772964 -1.52594 0.204445 -1.50578 1.89269 1.14937 -0.582987 -0.102244 1.26674 -0.268334 -0.34585 0.283881 -0.228031 0.369641 0.469314 0.474349 
-0.440123 -0.246713 1.31735 1.3318 1.66425 2.3477 1.6296 0.629537 0.720195 0.125628 0.618749 -1.22717 -0.700512 -0.988342 -0.464034 0.580693 -0.110075 -1.75245 -0.990036 -1.94406 0.69153 0.494308 1.28643 0.530015 0.829145 1.05205 -1.80831 0.707277 0.327311 -1.42416 0.499619 0.82376 0.139224 -0.337883 -0.328024 0.73265 -0.0307993 -0.37449 0.459359 
-0.660131 -0.538122 1.46315 1.04986 0.750502 0.606476 0.779219 0.994768 0.0468039 1.01606 1.23313 -0.371031 -0.823518 -0.560627 -0.389387 -0.365239 -1.78701 -0.713109 -0.724256 -1.2867 -0.0372789 -0.870042 1.41516 0.757595 1.05571 0.348288 -0.257188 -0.584441 -0.39298 -0.524639 -0.762674 -0.939431 -1.86814 0.455632 0.426196 1.87552 0.89217 1.238 0.489352 
-0.646349 -0.464792 1.11557 -0.201525 1.17066 1.3974 0.737367 0.594175 -0.126016 1.41485 1.03539 -0.0842632 -0.343074 0.552544 -0.298301 -1.15276 -0.517395 0.699369 -0.0532632 -0.173793 -0.170031 0.0349287 0.967371 0.658395 0.765224 -0.46383 0.675096 -1.20592 -0.0565174 -0.872662 -0.742927 -1.95823 -1.57245 -0.10608 -0.117198 1.67863 0.469296 0.735047 -0.0327 
-0.529268 -0.706491 0.828886 0.606556 1.1962 0.525582 0.67282 0.850569 0.0778902 1.88936 1.59419 0.457351 -1.25397 1.59284 -1.22314 0.284409 0.734519 -0.31209 -1.48884 -0.495145 -0.0580891 0.738029 0.603365 -0.120716 -0.10531 -0.377748 1.44337 -1.84869 -0.0500423 -2.59078 0.534518 -0.0454864 -0.207075 -1.8034 0.00481264 -0.135324 -0.696332 0.228341 -0.878822 
-0.200467 -1.13788 1.27057 0.430001 0.943742 -0.543577 0.404057 0.541752 0.58667 1.95005 0.959988 -0.198445 -0.690013 1.68941 -2.19354 1.08139 -2.63334 0.0788387 0.0364074 -0.0564652 -1.78932 -0.0184683 -1.11647 -1.54178 -0.463596 -0.566743 1.48794 -2.05477 0.667462 -1.10255 0.921849 -1.18344 0.921238 -0.336193 0.806479 0.0266882 0.558654 0.118968 -1.10145 
-0.054141 -1.90916 1.42156 -1.65339 1.22924 0.560874 0.649269 -0.621214 0.0572125 0.827088 0.722702 -0.044763 -1.78427 0.719305 -1.55062 0.691779 -2.06776 1.6371 0.165369 1.54708 -0.289987 0.253967 -0.558869 0.87414 0.266898 -0.916232 1.20421 -1.77129 0.455385 -1.81979 0.3926 -0.404408 0.858107 -0.766781 0.074365 -1.25776 -0.781182 0.569835 -0.385172 
-0.019106 -1.98968 1.64929 -1.34436 2.01302 -0.341189 1.51279 0.299205 0.830097 1.4057 1.44192 0.0903779 -1.55937 0.175953 -0.192418 -0.414832 0.424175 0.499019 -0.465384 1.03666 0.968374 0.119566 -0.373905 0.54773 1.20247 0.120247 0.551992 -1.24469 0.0137915 -0.523549 0.927945 1.03885 1.56483 -0.174948 0.0947821 -1.34328 0.166648 0.430425 -0.883883 
-0.0373171 -2.01974 1.19256 -1.28831 1.54171 -0.0540049 1.39759 0.167915 0.170348 0.454549 1.02177 1.25704 -1.64807 0.119063 -0.11494 -0.669957 1.44162 -0.303485 1.06283 0.236223 0.118989 -0.128024 -1.0337 -0.631989 0.293474 -0.12033 0.273698 -0.329816 0.197222 2.44632 1.43668 0.57513 0.517886 1.31422 1.61029 0.631018 0.861888 0.754022 0.455669 
-0.0195092 -2.05798 1.28017 -0.105756 1.79183 1.02403 1.69591 0.39196 0.703214 0.420314 1.0801 0.407977 -1.65657 0.224202 -0.221588 0.704464 2.57664 1.55279 1.16113 -0.443085 0.496023 1.85057 1.14056 0.601186 -0.227767 0.428121 0.378616 -0.237636 -0.481 0.945016 0.468633 0.84074 -1.14464 -0.247609 -1.00559 -0.682398 -0.647129 0.566181 0.723844 
-0.00588245 -2.14625 1.57824 0.924769 2.55492 1.43859 1.10104 0.569785 1.96156 1.48871 1.35079 1.01027 -1.21318 0.446299 -0.172963 -0.030623 -0.274277 0.98868 -0.0621014 -1.53191 -0.369783 -1.08506 0.230862 -0.187227 0.440716 0.985995 0.538367 -0.421464 0.340067 1.01049 1.11292 0.91816 -0.850973 0.953279 -0.27761 1.19493 0.585575 0.158616 1.2155 
0.0791805 -2.15795 1.26216 -0.340329 2.42991 0.931689 0.630526 0.0839923 -0.35144 0.609511 0.967439 0.885 -0.680451 0.592711 -0.317792 -0.206276 -1.32933 0.0419564 -0.0715109 -0.518885 0.571987 -2.17779 0.299955 0.187349 0.44012 1.01926 1.12643 0.559739 -0.23936 -1.34074 -1.23667 -1.79636 -1.53898 -0.369683 -0.809165 0.497895 0.16562 1.03418 0.894336 
0.137143 -2.32525 1.46376 -0.215622 2.56344 1.33405 0.750965 1.03393 -0.152411 1.74209 1.44797 1.48665 -0.204782 1.29659 0.975874 -0.31716 -1.34985 -2.71091 -1.96514 -0.211893 -0.0150714 0.111001 0.376712 0.428038 0.892697 0.0813933 0.881091 2.35023 -0.636554 -1.64151 -1.87392 -2.44485 -1.93888 -1.6152 -2.18941 -1.48983 -0.509024 0.484609 0.592378 
0.435354 -1.63096 1.08679 -1.49834 0.6078 -1.62643 0.497224 0.0668372 -0.246607 0.93418 1.19946 1.8514 -0.581946 0.763868 3.57011 -0.721415 -0.662117 -2.66382 -2.70034 -1.67936 -2.32466 -0.475865 -2.06766 -0.826442 0.189627 -0.309144 2.27666 2.83605 -3.06319 -1.61015 -3.02794 -2.31385 -2.05667 -1.27958 -2.10516 -1.35661 -1.42047 -0.339103 0.759537 
0.331999 -0.382497 1.06639 -0.783175 0.772649 -2.17666 -0.418539 -0.876752 -0.616499 -0.20369 0.977218 1.69181 -0.485164 2.25751 2.94104 -4.15345 -0.603297 -1.5401 -0.656283 -2.12021 -1.36902 -2.66214 -1.98521 -2.25588 -1.31761 0.826504 2.68198 2.34605 -4.09626 -1.66074 -4.26865 -1.99961 -1.71498 -1.56642 -2.29198 -2.01827 -2.54875 -1.59266 0.228399 
1.08251 -0.0315102 -1.19537 -2.01539 -0.435735 -2.48866 -0.983568 -1.06037 -2.83011 -0.935019 -0.0720773 0.424608 0.239443 3.42845 -0.323515 -5.25749 -1.35282 -3.33874 0.43972 -0.264446 0.62556 -2.30261 -0.331513 -2.47295 -2.21957 0.58861 2.53059 1.58564 -3.39832 0.306956 -1.72835 0.993049 -1.03578 -0.177194 -1.33166 -2.07042 -2.21752 -1.48416 1.16179 
1.33374 -0.564626 -1.82208 -1.94373 -1.46697 -1.61879 -0.588949 -0.368681 -2.85147 -0.536853 -0.415921 -0.711576 0.105427 1.69643 -0.734688 -0.80645 0.991412 -0.876246 1.83189 0.948233 1.19556 1.05226 -0.476267 -0.611518 -0.573415 0.55733 2.826 -0.0355065 -3.73261 0.0259103 -1.76157 1.75161 0.143349 0.487246 -0.942223 -1.06627 -2.55541 -0.963385 0.741716 
1.55976 -0.438031 -1.63945 -1.16331 -1.03781 -0.126953 -0.297686 -0.0849763 -1.8128 -1.40264 -0.422427 -0.196412 0.799687 0.990649 0.312127 -0.190478 1.39771 0.875497 1.60688 0.432401 -0.0693429 1.16663 -0.930041 -0.835132 0.995333 0.298202 1.06029 -0.794956 -1.2938 1.35838 -0.511454 1.04425 0.264929 -0.982122 0.96485 -0.0648564 -1.39759 0.573772 -0.166332 
1.59727 -0.399865 -1.92788 -0.742823 -0.904149 0.451364 -0.267304 -0.430331 -1.72328 -1.42596 -0.891541 0.365957 0.414273 -0.0576708 -0.315633 -1.08083 0.68076 0.177824 -0.597491 -0.642117 -2.25299 0.132459 0.41137 -1.18649 1.31732 -0.7449 0.661179 0.0858913 -0.17819 1.04303 0.32846 0.945547 -0.130265 -0.481884 2.16671 -0.291009 -1.76595 1.48227 0.00772027 
1.50584 -0.615859 -2.2342 -0.577938 -0.938939 -0.913004 -0.734775 -1.9369 -1.68717 -1.04578 -1.09488 1.22975 0.0965482 0.0196475 -0.157442 -0.0679955 -0.110661 -0.388187 -0.485818 -0.575374 -0.438729 1.48062 0.594898 -1.4433 0.911795 -0.279837 0.0370318 -0.144132 -0.147954 0.494138 -0.353754 -0.0706384 -0.88606 -0.906486 1.11106 0.155106 -2.12563 1.10052 0.235859 
1.56676 -0.491363 -1.96641 -0.836925 -1.18167 -0.18999 -0.657265 -0.794825 -0.290718 -0.898627 -1.70786 1.35304 0.162323 0.0851627 0.155644 0.866504 -0.0640493 -0.653617 0.551756 -0.359725 1.27862 1.23018 -0.213418 -1.56105 0.101029 1.03319 -0.342787 0.234536 0.41794 0.505613 -0.689462 -0.0949241 -0.793298 -0.436224 2.25618 0.527122 -1.73137 0.636077 1.29744 
1.49517 -0.536495 -1.75953 -0.632021 -1.39297 -0.209975 -0.972463 -0.893414 -0.497384 -1.26925 -1.97717 1.33898 1.11846 -0.590232 0.515474 0.679879 0.741386 -0.561533 0.412196 -0.321055 -0.0191993 1.2755 0.0476014 -0.79003 -0.0881108 1.82417 -0.865454 0.7372 0.822644 0.363234 -0.0536345 0.22081 -0.378949 1.05565 2.55134 -0.462531 -1.00295 -0.445607 1.77419 
1.35157 -0.215628 -1.59424 -0.199503 -1.57446 0.332212 -0.867648 -0.815364 0.943005 -0.879652 -2.15821 1.25748 1.95162 -1.47876 0.890034 0.336252 0.520893 0.601512 -0.262845 -0.0658475 -0.0981866 1.88511 -0.326688 0.277757 -0.66231 1.07521 -1.40269 1.03804 1.06807 0.631873 0.988992 -0.287037 0.00162764 -1.31445 1.15046 1.65161 1.81054 -1.61984 0.560315 
1.01092 -0.0563491 -1.57607 -0.183903 -1.01235 -0.562425 -1.00264 -0.978712 1.32731 -1.59793 -1.82934 0.621712 2.18114 -1.64932 0.941757 0.881204 0.0435337 1.98133 -0.706405 0.327961 -1.40318 0.135077 1.93863 3.17623 -1.97664 -1.15199 -1.42402 1.34905 1.33996 -0.0202953 1.29508 -0.489186 0.631965 -1.09476 0.678686 0.737634 0.369754 -1.77892 -0.969372 
0.815665 0.292745 -1.11149 -0.161221 -0.276273 -0.594958 -0.619749 -1.97057 1.07118 0.895804 -0.386641 -0.882874 0.853533 -0.794373 0.992663 1.62179 -0.532434 1.25041 -0.263474 0.789054 -1.08294 -1.04863 1.22074 0.229294 -1.60612 -2.21292 -1.18051 1.16946 1.36703 0.589331 1.5134 -1.18883 1.26507 -0.770953 -0.972201 0.641486 1.77703 -2.51932 -1.73022 
0.733911 0.479805 -0.686612 -0.640117 -0.200215 -0.915689 -0.429155 -1.87137 0.307976 -0.489284 -1.70866 -1.11747 0.05377 -0.240367 0.695255 1.11636 0.689432 0.178784 -0.623257 1.11469 0.57766 -1.30753 -1.15947 -0.833734 -1.23978 -0.885937 -0.477337 0.945928 1.12118 -0.189515 1.01416 0.557966 0.956825 -1.1359 -1.02389 0.77123 0.406399 -1.5215 -2.37357 
0.70642 0.666593 -0.499609 0.431596 -0.176762 -1.41439 0.18367 -1.50177 -0.199145 -0.206407 -0.861478 -2.2254 0.0135652 0.0119217 0.338556 0.0168296 0.314234 0.204926 0.939514 0.303316 -0.143367 -0.186732 -0.286542 0.325552 -0.332709 -0.5862 0.0788992 0.550753 0.610639 -0.0555635 0.37787 0.773449 -0.671127 -0.535454 -0.394812 -1.39604 -0.706344 0.0189183 -1.03367 
0.701063 0.65899 -0.678562 -0.369425 -0.0833199 0.289758 -0.198659 -1.99371 0.12418 -0.780677 -1.53405 -1.47786 -0.495403 0.333785 0.0953626 -0.223132 -0.744044 0.378278 1.54672 -1.87229 -1.14456 0.837693 -0.496146 -0.0627126 1.27327 -0.327847 1.05706 -0.45269 -0.530993 0.127268 -0.817779 0.865472 -1.17424 0.56982 1.02203 0.167278 1.43467 0.532031 -0.89955 
0.771039 0.713059 -0.62334 -0.206295 0.0554098 0.577809 -1.12206 -2.44495 0.610159 -0.69249 -0.904382 -0.846933 -0.284962 1.62175 -0.920654 -0.790399 -0.145563 -1.3358 0.0896089 -1.63264 0.790266 1.44103 0.499039 1.57041 1.02317 -0.468898 1.55086 -1.45448 -0.866754 -1.64363 -0.93705 1.18824 -2.54683 0.280079 0.370009 -0.620071 0.0575434 1.35929 -2.00279 
1.1557 0.150981 -1.11382 -0.493492 -0.990992 0.393983 -1.33517 -1.3506 1.51837 -0.342385 -0.662071 -0.370187 -0.930773 2.07744 -2.04792 -1.04065 -1.24999 -1.67753 -0.146989 -1.01681 1.47327 -0.376831 -0.232216 0.162564 0.476403 -2.03258 1.79231 -1.54475 -0.431092 -1.00098 -1.02603 0.176639 -1.39238 1.64749 0.0164733 -0.672259 0.906447 1.20343 -1.13289 
1.36367 -0.410137 -1.19603 -1.27857 -1.07951 0.375474 -1.82373 -1.24188 0.242077 -0.933422 -0.821085 -0.33127 -2.23737 1.16966 -1.15539 0.162686 -1.06364 -0.0890666 0.148584 0.0554339 1.04012 -1.41038 -1.28976 -0.363375 0.526933 -0.862278 1.63357 -1.62685 -0.680417 -1.77036 -1.15919 -0.305808 -0.92155 1.51676 -0.109272 -0.646462 -0.310943 1.15641 -1.27342 
1.47344 -0.485132 -1.02567 -1.40577 -1.0696 0.574623 -1.27971 -0.502648 0.148345 -1.56562 -0.873409 0.200189 -1.74779 0.464022 -0.140436 0.048922 -0.89881 0.0646773 -0.168772 -0.0253578 0.213549 0.254463 -0.527682 -0.54331 1.0135 0.535131 0.679443 -0.87759 0.266309 -1.236 -0.192781 -0.162123 -0.0746561 1.31092 -1.34628 -0.118143 0.129442 1.81796 0.992966 
1.46772 -0.492353 -1.17036 -2.04933 -1.05588 0.144914 -1.82531 -1.0716 0.485984 -1.4488 -1.13322 0.765933 -1.69866 -0.130606 -0.00797058 0.227815 -0.432573 -0.159475 -0.299364 -0.135215 0.420639 -0.217287 1.16119 0.557 1.81 2.04636 0.0563633 0.335268 0.740982 -0.512113 -0.0112391 -0.104001 0.711626 0.196874 -0.960856 -0.0693573 0.371408 1.68893 2.29422 
1.39743 -0.495059 -0.901753 -1.77625 -1.19503 0.174856 -1.35887 -0.162583 -0.0650725 -0.512286 -0.569146 2.1598 0.257069 -0.40609 0.636268 1.03461 0.286638 -0.0569311 0.0847293 0.83909 0.0237837 -1.41311 0.457407 1.05252 1.15824 2.18857 -0.510864 0.684702 0.744721 -0.0456563 -0.17884 -0.896383 -0.433903 -1.02782 -1.16623 0.563881 0.280636 1.203 1.93509 
1.3083 -0.150696 -0.603371 -1.80234 -1.11312 0.242817 -1.2165 -1.0569 -0.88669 -1.04917 -0.551368 2.01985 0.444157 -0.704638 0.981831 0.861172 0.390061 -0.069385 -0.694507 -0.352805 -1.52825 -1.19128 -0.474765 -0.166181 -0.260449 0.252425 -0.994886 1.38998 0.626675 1.14458 0.348981 -0.954909 0.354004 0.447269 -1.52107 0.148103 -0.0402711 0.117566 2.57294 
1.1476 0.0351836 -0.430012 -1.44046 -1.26055 -0.736897 -1.59167 -1.42033 -1.2227 -0.97851 -0.670014 1.87764 0.521503 -1.19131 1.30241 -0.117968 1.12442 0.57321 -1.1458 -0.431751 0.488531 -0.427252 -0.267823 -1.08024 -0.998448 0.864912 -1.19913 1.98203 0.619349 1.42034 1.0228 -0.369149 0.254045 -1.07206 -1.72847 -0.386513 -0.567784 -0.931961 0.699234 
0.911087 0.554498 -0.669349 -0.836061 -0.751318 -1.25368 -1.50505 -0.661168 -1.30365 -1.32318 -1.1643 0.93863 1.30281 -1.21438 1.76678 0.0447701 1.35778 1.53692 0.306015 0.646553 0.372051 -0.901469 0.0254984 -0.54955 -0.92355 0.584123 -1.33116 1.28029 0.405819 0.710107 0.323413 -1.01817 -0.827915 -0.411933 -0.534763 0.249925 -1.0954 -2.27567 -0.651042 
0.743401 0.993798 -0.406618 -0.273833 -0.257892 -0.352274 -1.11881 -1.1201 -2.09937 -0.980064 -0.985649 0.877515 1.10774 -0.935606 0.486222 0.712155 -0.243957 -0.0930256 0.0120915 -0.504016 -0.919784 -0.212889 0.579081 -0.323635 -1.90601 -1.62598 -1.07495 1.10587 0.558566 2.02007 1.64114 -0.0549032 0.614812 1.00232 0.976349 0.720549 -0.277067 -1.75034 0.0402532 
0.59131 0.814269 -0.279444 -1.0446 -0.832558 -1.24989 -1.84462 -1.42006 -1.5128 -0.810541 -1.35337 -1.12525 -0.255128 -0.5091 -0.216753 0.772429 1.12247 0.803544 -0.333684 0.0571611 0.749816 2.10018 0.848141 0.212986 -1.30828 -0.527267 -0.652143 0.86293 1.10764 1.2434 0.333307 1.63745 1.53938 0.988783 0.352795 1.36987 0.113293 -1.295 -1.15556 
0.552779 0.869932 0.0163883 0.690771 0.257079 -0.796509 -1.06213 -0.510154 -0.06619 -0.21751 -0.874105 -0.539179 0.615744 -0.122101 0.731456 0.906699 1.77571 0.587177 1.90343 2.25839 2.02678 0.652804 1.07048 0.496199 0.257185 0.267983 -0.497001 -0.0534026 0.0513042 0.183063 0.513088 0.732479 0.635042 0.662727 0.327154 0.814254 0.210656 -1.4493 -1.24938 
0.517878 1.20787 0.2173 0.480834 -0.46147 1.2045 -0.233613 0.236816 -0.882736 0.158531 -1.08317 -0.846939 0.0244003 -0.304315 0.180882 -0.695838 -0.885664 -0.0555906 1.2101 0.669542 -0.000888791 -1.69146 0.137473 0.0865623 -0.538105 -0.941747 -0.489219 0.0142455 -0.146952 1.98712 0.501168 1.39672 1.61354 2.27309 1.37906 0.982454 1.51825 1.00882 1.40813 
0.424169 0.963069 -0.366941 -0.0687076 0.200732 0.75954 -0.573033 -0.515682 -1.70871 -0.115057 -0.833384 -1.12197 -0.27837 -0.679061 -0.674783 -1.11957 0.664309 0.143948 -0.264322 -0.419746 0.490634 1.03595 0.116129 1.50878 1.04376 1.40731 -0.603999 -0.186292 -0.303334 0.267448 -0.83965 0.0827199 -0.59911 -0.101395 -0.527342 -0.0280625 0.478153 0.737121 -0.639496 
0.275789 0.834045 -0.398729 1.05208 -0.385125 0.85014 -0.513683 0.634267 0.118765 0.241159 -0.245718 0.283023 1.40927 -0.677583 -0.398547 0.254653 1.22553 -1.10615 -1.07975 -1.3453 -0.0893341 1.06035 -0.158402 0.561868 1.49116 0.19434 -0.63454 -0.324913 -0.439601 -0.347262 -0.569583 0.764837 -0.355252 0.30912 0.988792 0.716386 1.94723 -0.0956104 0.984877 
0.182527 0.739992 -0.228284 0.984375 -0.554231 -0.651372 -1.50665 -0.593721 -0.68355 -0.287428 -0.526394 0.492422 -0.0702876 -0.35093 0.267484 0.479429 -1.07516 -0.924432 1.17789 0.0211024 -0.130033 0.177897 0.752536 1.0557 -1.15691 -0.232798 -0.426391 0.31383 -0.198266 0.487152 -0.380568 -0.0578695 -0.524215 0.00658197 0.945839 -0.0217021 0.463968 1.25552 1.63183 
0.133063 0.974443 -0.136631 0.129914 -1.01924 2.36446 -0.482463 0.52286 0.288448 0.91491 0.337919 -0.969772 1.20296 -0.0246473 0.865053 -0.542438 -0.61735 0.592509 1.04867 0.754651 0.11769 0.101229 0.145073 0.0680624 0.12564 1.74564 -0.300363 0.490323 0.0210611 -0.580851 -0.249491 -0.406215 -0.0311671 -0.232054 -1.04399 -0.441024 0.0628946 -0.112827 -0.730445 
0.138605 1.2065 -0.52737 0.455256 -0.179597 0.695515 -0.957461 -0.502031 -0.588192 -0.177915 -0.496037 0.6283 1.64282 -0.152852 0.440465 -0.446994 0.379038 0.595831 -1.60895 -0.0514635 -0.103679 -1.43771 -1.26694 -0.948866 1.02171 -0.622218 -0.405558 0.597376 0.0280477 -0.545768 0.378945 0.901288 1.06832 1.32332 0.141006 -0.850833 -0.454401 -0.688323 -0.516368 
0.0503187 1.20924 -0.383301 0.456242 -0.642401 0.267865 -0.502482 0.43306 -1.10807 -0.287124 -0.201415 0.136321 0.61884 -0.644779 -0.0106545 0.585074 -0.0359235 -0.0339285 0.0215729 0.464419 1.35669 0.0809635 -1.14919 -0.635913 -0.99769 -2.34737 -0.39294 0.32374 -0.567408 0.0264236 1.00421 -1.82416 -0.41015 0.296123 -0.365998 -1.1474 -0.872963 0.923464 -0.81262 
-0.0931031 1.19511 -0.207254 0.42532 -0.221539 0.711586 -0.613207 0.605466 -0.512478 -1.27058 -0.860053 -0.452101 -0.614983 -0.496705 0.0395977 -0.379742 -0.333523 0.845447 -0.450218 -0.409565 0.450006 1.00294 -0.0915673 -0.164894 0.169937 -0.330026 -0.62063 -0.278333 -0.35205 -0.505785 -0.776321 -0.57172 0.912597 0.795717 -0.343184 0.255914 0.214948 -0.964586 -1.48487 
-0.13655 1.22528 -0.593039 0.170803 -0.0995647 -0.327364 -0.775363 0.797202 -0.13858 -0.397414 -0.301563 0.320161 0.3182 -0.363307 -0.332923 -1.09738 -0.568521 -1.03841 -0.64266 0.577691 -0.461717 -0.487976 1.4676 0.941059 -0.228081 0.599726 -0.698946 -0.38523 -0.19017 -0.306466 -0.365153 0.209411 0.434306 0.243237 0.401361 0.00807708 -0.573551 0.0494605 -0.270492 
-0.239577 1.00785 -0.811103 -0.0618757 -0.931455 -0.132989 -0.188971 0.222125 -0.988306 0.0673657 -0.340637 -0.699214 -0.0136079 -0.6347 -0.52941 0.103777 -0.0275032 -1.33733 0.72604 0.908156 -0.161758 -0.503922 0.113824 -0.558357 -0.0973445 0.0192152 -0.303159 0.277658 -0.279104 0.106762 -0.302515 -0.467468 0.510207 0.189906 0.125296 -0.0730664 0.985065 -0.338363 0.753533 
-0.365207 0.930784 -0.537239 0.148096 -1.00826 0.601485 -0.117779 0.659785 -0.629866 -0.316928 -0.622131 0.214603 0.356382 -0.144878 0.749945 0.691576 0.712148 0.634958 0.141277 0.00715271 0.691398 0.65105 -1.54231 0.36851 -0.195887 0.301068 -0.760452 -0.408764 -0.0844269 -0.763784 -0.915299 0.247464 1.26218 0.602267 0.900869 1.6083 0.665736 0.319324 1.22355 
-0.319906 1.41154 -0.432499 0.550444 -0.528593 0.0381827 -0.1676 0.784174 -0.359939 -1.39044 -0.141968 -0.911468 0.298018 -0.593555 0.00740271 -0.225356 -0.892022 0.0687902 -0.406525 0.531212 0.844289 1.61078 1.82065 1.45144 0.515464 1.43769 -0.52776 0.225377 1.12671 0.0760717 0.287966 1.10867 0.526274 -0.270542 1.13836 0.396141 0.96174 0.320868 0.662875 
-0.581404 0.929247 -0.662191 -0.616841 -0.981893 0.0628701 0.273638 1.34718 0.928884 1.34894 0.183206 0.77256 1.77072 -0.716971 -0.404443 0.955114 -0.606001 -0.204815 1.16709 0.595949 -0.967377 0.744807 2.02829 0.910638 0.615984 0.492462 -0.556071 0.245781 0.562901 -0.421121 -0.181213 -0.052172 0.517292 0.268672 1.36036 -0.535817 0.554847 -0.964384 0.209171 
-0.573476 1.18525 0.0908332 0.0310698 -0.684172 1.5385 0.269529 -0.0137357 0.359319 0.46829 0.360406 -0.244674 0.795329 -0.312873 0.366012 1.04888 0.390974 -0.301001 0.381993 0.0616831 -0.528109 0.0552219 -2.44833 -0.702984 -1.74098 -1.18097 -0.795221 -0.43034 0.200808 -0.915922 0.261896 0.998932 0.9846 0.536389 0.486754 0.84427 -1.37556 -0.324623 -0.23755 
-0.712605 1.12342 -0.0873634 -0.280265 -1.20143 0.545937 0.333513 0.909411 0.979643 -0.950426 -0.218384 -1.11263 0.64452 -0.566032 -0.147081 -0.660246 -0.499323 0.598154 0.015271 0.527984 1.57756 -0.141879 -1.00681 -2.67991 -1.02236 -0.764295 -0.469114 0.387878 1.17385 1.1113 0.777785 0.155525 -0.0848012 -0.631887 -0.28546 -2.5521 0.186577 0.334818 -0.46442 
-0.781338 1.09941 -0.272949 -0.396717 -0.305785 1.54641 0.658667 1.27484 0.219004 -0.492121 -1.14867 -1.35179 0.0733739 -0.45663 0.201792 0.666642 0.979445 1.42263 -0.168044 -0.152993 -0.144695 -0.39199 -0.588751 0.971128 2.17894 0.640709 -0.612685 0.0455586 0.00800303 -0.294884 0.523066 -1.26263 0.0968381 -0.884495 -0.236705 -1.66257 -0.757221 0.289371 -0.190891 
-0.887339 1.22796 0.277547 0.561542 -0.274774 0.316322 0.241803 0.785982 0.596865 -1.52252 0.317877 1.24644 1.28566 -0.429544 0.24659 0.673616 0.152441 0.163886 -1.42967 -0.412882 -2.52778 -0.13556 -0.96731 1.7171 1.40213 0.547667 -0.523656 0.0247187 0.527694 0.797066 1.41136 -0.126316 0.145964 -0.96534 0.714756 1.08947 -0.255072 0.350697 -0.736054 
-0.94787 1.2284 0.0957911 -0.264932 -0.216181 -0.317892 0.383443 -0.802375 0.0848153 -1.41584 -0.194508 0.166201 0.624243 -0.398758 -0.130792 0.105484 0.00721588 0.593438 0.0583778 0.323919 -0.894304 1.27237 1.90324 -1.279 -1.72065 -1.50236 -0.515971 -0.167313 0.987773 0.83765 0.812825 -1.29032 -0.994393 -1.72457 0.95933 0.0526052 1.05376 1.22036 0.645975 
-1.04455 1.15101 0.334284 0.568643 0.100478 0.380081 0.486847 0.0479825 1.82755 0.220056 -0.406404 -0.616738 -0.152349 -0.413742 -0.43829 0.770231 0.883783 1.00722 -0.0165284 -0.712066 0.654998 1.31356 1.04278 -0.317939 0.169662 0.225867 -0.455407 -0.472899 0.242846 -0.543238 0.936036 -1.17134 -0.873495 0.523938 -0.128365 1.97438 0.523651 -1.43545 -1.04239 
-1.10962 0.983636 0.51759 0.494745 0.434229 -0.351189 -0.103038 -0.270169 1.35543 -0.472502 -0.380393 0.349742 0.862912 -0.349161 -0.478953 0.250761 -0.657399 0.751603 -1.36795 -1.31148 1.49082 -1.41797 0.468686 1.98678 -0.108015 0.278263 -0.547686 -0.507361 0.665639 1.0443 0.688349 0.339613 0.0392533 2.66964 1.04023 1.44233 0.656276 0.147381 -0.250946 
-1.18674 0.884053 0.470803 0.00514058 0.580908 -1.40426 -0.422892 1.26544 0.450167 0.630155 0.698831 -0.733849 0.137153 -0.479485 -0.218598 0.203295 0.404812 -0.0118405 0.441851 0.761729 2.2979 -0.037119 0.693375 1.19869 0.028306 -0.513551 -0.489712 -0.672655 0.329062 0.551487 0.15296 -0.416743 0.476516 1.20816 -0.860884 -0.64135 1.40645 0.564708 1.28861 
-1.29127 0.858763 0.628042 0.843201 0.406976 0.209436 0.451151 1.60898 1.31668 0.146298 0.283348 0.380232 0.384221 -0.452777 -0.404059 0.23136 1.34415 -0.512052 0.924816 1.85804 -0.142903 0.380979 -1.22248 -0.127619 0.84032 1.25562 -0.412152 -0.89066 0.118501 0.398618 -0.385539 0.531352 1.47324 1.26507 -0.343716 0.620892 1.59121 -0.137064 -0.033823 
-1.36031 0.657968 0.596667 1.16006 0.221018 -0.217856 0.90542 1.14348 0.816722 -0.530577 0.619565 0.175843 1.37485 -0.200325 -0.962646 -0.0285972 0.0952455 -0.508824 0.20363 0.917479 -0.88749 -0.370541 0.0611766 0.901447 -0.194536 0.482762 -0.36303 -0.800347 0.483843 0.864332 -1.07872 -0.262127 1.62414 0.0527581 1.05225 0.118023 0.534598 0.865047 0.162339 
-1.38839 0.327838 0.611145 0.92588 0.0492326 0.461398 1.11532 0.87657 0.954691 0.177883 0.780573 0.169441 0.872121 -0.149683 -0.653636 0.476743 -0.275337 -0.987201 -1.19042 -0.00734501 0.221969 0.910097 1.37611 0.849668 0.276532 -1.05431 -0.258422 -0.822524 0.191986 0.623638 -0.401217 -1.5861 -0.202814 -2.08532 -0.580599 0.519905 1.36231 0.000145377 -0.13818 
-1.44209 0.29568 0.85729 0.924578 -0.454842 -1.77217 0.916554 1.32067 1.69621 0.722384 1.08778 0.475098 0.371533 -0.237415 -0.125387 0.310585 0.679617 -0.0339737 -1.98945 -1.1429 -1.38146 -0.325378 0.572699 0.90014 0.203986 -0.637024 -0.312552 -0.715179 0.504457 -0.199465 -0.103213 -0.761413 -1.12376 -0.263737 0.257339 2.18632 0.923632 0.0922865 0.108833 
-1.49674 0.253834 0.780518 1.51027 0.00726084 -2.12821 0.32462 -0.260829 0.636489 0.684594 1.27707 0.390147 0.273641 -0.373292 -0.287549 0.261455 0.0449854 0.865105 0.351526 -1.26461 -0.490476 -0.58634 1.24907 0.379778 -0.149106 1.19231 -0.36856 -0.739018 0.169419 -0.367982 -0.0377408 -0.570326 0.525669 0.052946 -0.512782 0.866838 0.322716 -1.068 -1.38899 
-1.59159 0.133178 0.999682 0.964107 0.101067 -1.32857 0.0399115 0.913747 1.12503 1.85734 1.29277 0.313496 1.54781 -0.373753 -0.84841 -0.0615456 -1.11577 0.00430668 1.36996 1.74531 1.46073 -0.288016 0.475752 -0.454439 -1.56216 -0.997169 -0.251356 -0.600505 0.135124 1.10565 0.830547 0.791652 1.64601 0.506887 -0.495377 -0.165527 0.32394 -1.36676 -0.332333 
-1.64638 -0.214749 0.745526 0.553235 -0.00925474 -0.365031 1.57333 0.931965 0.354505 1.10126 1.01471 -1.30143 -0.674242 -0.0533212 -0.49676 -0.0624861 1.31853 0.331015 0.592835 3.14015 1.06826 -0.00587294 -1.43427 0.0675212 -1.5916 -1.57629 -0.30622 -0.646801 0.0564951 0.174611 0.725719 1.39304 1.38181 2.28117 0.329573 0.0695587 -0.809989 -1.77333 -0.178023 
-1.64419 -0.143497 0.964174 2.09703 0.301809 -0.57232 2.27354 1.78477 1.11656 0.499888 1.32282 -1.40996 0.038088 -0.139252 0.000766987 0.145715 1.34226 1.04382 0.264921 -0.169999 1.06555 0.699673 -0.380027 -0.577187 -0.699108 0.795766 -0.338984 -1.06583 -0.446492 -0.7952 0.256274 0.424277 1.08543 0.405553 -1.14854 -0.752043 -0.0387266 -0.46211 -0.404243 
-1.725 -0.219906 0.824357 1.70653 0.6655 -0.0336536 1.46961 1.80076 1.03001 0.723031 0.683596 -2.05855 0.117325 -0.511275 -0.924114 -0.587711 -2.27642 0.0543873 -0.0702999 -1.90164 -0.601759 -1.38117 0.548205 -0.0932298 1.00919 1.10723 -0.139063 -0.523951 -0.0114234 0.52166 0.364432 0.828249 -0.563389 -0.420258 -0.303966 -0.430489 -0.132489 -0.176383 0.047458 
-1.83547 -0.653394 0.640225 0.143522 0.318597 -0.675288 0.947086 1.28662 -0.225145 0.983848 1.26282 -0.317424 1.13183 -0.110541 -0.68035 -0.160707 -0.691936 -0.505732 0.721462 -0.465167 -1.50594 -1.05896 -0.12179 0.429189 0.482535 -0.730384 -0.213248 -0.65775 -0.0739726 -0.583991 0.441904 0.715099 -1.02778 -2.04424 -0.629822 0.761374 -0.561436 -0.0524171 -0.979354 
-1.79494 -0.596773 0.734908 1.11338 0.309813 0.889264 1.15747 0.561306 0.000656131 0.584667 0.916259 -1.53624 -0.571731 0.144666 0.0614932 0.481396 1.57647 0.593074 0.926762 0.738746 -1.62208 0.62535 0.374219 -0.614222 -1.06704 -2.25675 -0.244126 -1.11395 0.0325403 -1.16195 -0.727636 0.456786 0.104342 -0.855658 -1.02752 -0.187605 0.303767 0.441382 -1.13522 
-1.82812 -0.625412 0.903404 1.4979 0.693607 0.513636 1.48505 -0.0480548 0.378309 1.3062 0.910954 -1.47291 -1.03806 -0.304688 -0.806362 0.209903 -0.713848 -0.49788 -0.1616 0.588795 0.587397 -0.180808 -0.0897872 -0.00820071 0.0918646 -0.603549 -0.0897659 -0.353884 0.0448546 1.554 0.79532 1.69324 1.19993 0.152783 0.571639 -0.0375623 0.418013 0.570345 -0.998315 