-0.801573 0.0876442 0.841982 0.437456 1.72258 1.44631 1.12877 0.733296 0.382958 1.00797 1.17405 0.377401 -0.332336 0.528884 0.0920076 -0.920264 -0.537164 -1.31465 -0.297912 0.776589 0.0462325 0.142587 0.667056 1.11082 2.06445 1.07041 1.68318 -1.03423 -0.0917509 -0.940496 -1.48932 -0.153647 0.855327 0.739551 1.21042 2.22698 -2.73811 -0.659641 -0.655162 
-0.795875 -0.110892 0.783409 0.82829 0.979184 0.237645 1.26504 0.650844 -0.595993 1.32395 1.5676 0.162175 -0.76323 2.42803 -2.16208 0.261349 -1.53535 -2.44851 -0.549134 1.04955 0.606352 1.00097 2.32218 -1.84484 -0.643039 -1.03464 2.76845 -0.55568 -0.905947 -1.99647 -1.71651 0.945945 0.761947 0.0831959 0.393933 1.46421 -0.403965 1.18602 -0.0900197 
0.0594577 -1.07183 0.970877 -1.12484 -0.15672 0.971402 1.78358 1.26556 1.59197 2.88628 -0.234113 -0.331958 -1.24026 3.67219 -0.881048 -0.559563 -1.9538 -1.13011 1.60235 0.1146 0.0530996 0.33569 0.953431 -1.65126 -0.625266 -1.19858 0.764916 -0.0460881 0.466088 -0.431996 -1.80646 -1.06237 0.148935 0.0978669 -1.04319 -0.0583192 -1.06292 -0.790326 -1.73459 
0.520506 -0.588244 0.499451 -1.16677 0.104481 1.61787 1.34044 0.706132 -0.17258 2.09271 0.30789 -0.527076 -1.82123 -1.27578 2.10247 0.488616 0.992412 -0.125407 -0.915895 -0.892235 -0.490154 -2.25924 -2.39414 0.487061 -0.381845 -1.00193 0.477667 -0.21524 0.186396 -0.875354 0.225802 1.17876 1.1245 0.331253 -0.388194 -0.877784 -2.36959 -1.30532 -1.3542 
-0.43507 0.0394748 1.21407 -0.072931 -0.265858 0.180256 1.23501 0.852493 -1.04887 0.941433 0.145998 -0.745806 -2.11824 -2.95705 0.579313 0.85498 0.858809 1.47431 0.0231347 1.21063 0.331404 -0.802498 -1.9363 -1.32724 -1.0417 -0.396565 -1.11958 1.24967 -0.0259047 0.865387 1.17193 0.0986912 -0.780756 -0.138348 -0.975543 -1.48174 0.530603 -0.531039 -0.298507 
-0.58935 -0.287988 0.926895 -0.253031 1.2143 1.63641 2.09508 1.00135 -1.09321 0.518998 -0.703338 -1.68747 -2.14506 -0.439651 -0.307329 -0.538224 0.0801067 1.82815 1.05197 -0.0634342 0.334795 1.08271 0.739911 0.13169 -0.319766 0.631828 -1.51059 -0.016437 0.466478 1.59112 1.11839 -0.371333 -0.235823 1.43355 0.793331 -0.700541 0.771027 0.755373 0.259928 
-0.623583 -0.132385 0.940843 0.0354737 1.11357 1.08591 1.20008 1.15064 0.256671 1.53712 0.253585 -1.08942 -1.50068 0.646613 -0.596481 -0.104381 1.11737 0.151556 -0.535225 -1.51393 1.32032 1.76339 1.15045 2.2442 1.94396 0.674483 0.418155 -2.25864 -0.164483 0.607798 1.71901 0.391987 -0.444217 1.11208 1.75727 0.661818 1.41939 1.13715 1.89301 
-0.380301 -0.613814 0.871857 0.928109 1.3162 1.1735 1.16123 2.14915 1.01611 1.44748 1.02428 0.530051 -1.48845 1.06423 -2.91933 0.263402 0.671672 0.660147 -0.51144 -0.489344 0.947358 1.04296 -0.0113668 1.58947 1.69801 1.54116 0.916528 -2.22324 0.391756 0.091762 0.652152 -0.262867 -1.78815 0.65754 1.24813 0.699145 2.2446 1.28001 0.738669 
-0.26169 -1.69507 1.07077 0.755674 1.60301 0.64351 0.901192 1.97689 1.51527 1.5238 1.47911 0.849841 -0.0507213 0.736353 -2.5795 0.733544 -1.00814 0.804839 0.172709 -0.647747 -0.560713 -0.252936 -0.380417 0.500506 -0.387584 0.158977 1.07591 -2.79822 0.412981 -0.298419 0.293096 0.128104 -0.553289 0.425608 -0.274 -0.395046 1.23742 0.716711 -0.505733 
-0.138409 -1.99555 1.23823 -0.0889495 1.91589 1.32101 0.764172 1.67525 0.744442 1.135 1.4147 0.109709 -1.30374 0.561261 -1.07968 0.400256 -1.04828 -0.219319 0.688075 -0.194011 -0.454383 -1.37179 -0.434895 -0.0940144 -0.843954 -2.15173 0.520028 -1.82475 1.26069 -0.131576 0.675508 0.111248 -0.364235 -1.7496 -1.46607 -0.533622 -0.181522 -0.457063 0.275083 
-0.0838786 -2.27819 1.26952 -0.302899 1.42231 1.2354 0.785334 1.59467 -0.0776008 1.16716 1.41361 -0.0868283 -1.98123 0.0432507 -0.026089 1.30778 0.839276 0.185093 -0.0193193 0.190719 -1.44697 -1.51633 -0.219885 -0.76504 -0.221795 0.136528 0.139235 -0.542329 0.94603 -0.0420377 -0.301732 -0.0918251 0.565233 -0.497284 -1.88805 -0.517879 -0.398634 0.0953566 -0.100049 
-0.150185 -2.01766 1.89339 0.804587 2.04334 1.30294 0.886743 0.437286 -1.01912 0.952648 0.834608 -0.123062 -1.13958 -0.36112 0.309751 1.1297 0.990909 -0.193964 -0.814723 0.849702 -0.113616 -0.907373 -0.147908 -0.439813 0.923321 2.01192 -0.0814805 0.252028 0.402709 -0.276002 -0.254526 -0.523035 0.976315 -1.05712 -1.57184 0.566955 0.710908 0.754997 0.256194 
-0.243651 -2.12147 1.83513 0.747455 1.26094 0.531486 1.3163 1.50622 -1.12207 1.04315 1.08292 0.97596 -0.100332 -0.178976 0.393203 -0.66082 -1.18797 -0.530594 -0.701969 0.957102 0.235383 -0.380744 0.84298 1.60743 1.12359 0.137057 -0.0622711 0.483285 0.59195 0.238879 0.849552 -1.12278 -0.202066 -2.38431 -0.973589 -0.0635387 0.418102 0.317565 -0.228011 
-0.243294 -1.8165 1.55851 -0.398456 1.62546 0.696251 1.48427 0.649725 -1.44171 1.63188 2.0739 1.1663 -0.974933 0.254626 0.388384 -0.175186 -0.698495 1.43381 -0.733615 -1.11259 -2.62374 -0.266799 0.0701484 0.919024 -0.566908 -2.30022 0.330357 0.116485 -0.180627 0.105783 0.146578 -0.333786 0.636642 1.0138 0.754906 -0.116067 0.140173 1.00155 0.612237 
-0.178065 -1.92288 1.74448 0.0506315 2.33988 -0.102488 0.631168 -0.746261 -1.41011 1.09591 1.79429 0.352735 -2.16677 0.669953 -0.220105 0.359762 1.31466 0.761037 0.241656 -0.215923 0.933784 1.2952 -0.979131 -1.47295 0.0856003 0.549688 0.791646 0.19513 -0.790871 -1.11746 0.752102 0.43885 0.0381257 -0.794449 0.293007 -0.320771 0.845485 0.217906 -0.75909 
-0.0257027 -1.94192 1.7369 0.986724 2.19177 0.90321 1.35483 1.46428 0.11475 0.834071 0.950933 1.28131 -0.432565 0.938304 -0.102715 -1.11762 -0.69796 -0.333893 1.33877 1.13725 1.71411 0.623122 -0.433846 0.0902914 0.799067 1.39564 1.44374 0.495798 -0.992529 -1.23373 -0.763337 -1.46977 -2.25589 -0.593785 0.0670558 -0.0163404 0.279256 1.03751 1.58156 
0.13774 -1.98579 1.17986 -0.645639 2.07188 1.05046 1.34033 0.741031 -0.647283 0.740122 1.87013 1.27495 -0.850009 1.51528 0.936152 -1.9803 -2.85589 -1.83714 -2.2685 -2.50572 -1.61272 -1.21191 0.953837 1.77994 1.16843 1.26188 1.69098 2.68875 -2.58532 -0.52852 -1.86957 -1.87737 -1.1474 0.103699 -0.932015 -2.2936 -2.21576 0.525074 3.35781 
0.501272 -1.45165 0.738427 -1.94128 0.778334 -1.05422 -0.193668 0.083414 -1.28933 1.60317 2.32252 2.62141 0.761742 1.62317 3.95776 -3.09147 0.0348347 -2.33064 -3.92769 -2.53185 -1.59121 -1.74706 -2.12284 -2.878 -0.183938 2.47712 2.70555 1.8744 -3.90303 -2.06659 -3.25803 -3.07545 -2.14013 -1.56076 -0.991634 -1.64274 -1.07758 -1.1303 0.868773 
0.704199 0.113409 -0.377438 -0.584054 0.282404 -2.33762 -0.224359 -0.621284 -2.6833 -0.984806 -0.33033 1.08501 1.45673 2.59008 1.75322 -4.37031 0.277614 -2.82109 -1.97257 -0.0773363 -0.177864 0.0159332 -2.78704 -3.1559 -2.61718 -0.277443 2.62306 1.74234 -3.46191 0.0889462 -2.7108 -2.93532 -2.14735 -0.814245 0.160815 -1.36572 -2.58719 -1.13881 1.91199 
1.42161 -0.526318 -1.46203 -1.62861 -1.38486 -2.7565 -0.237219 -0.060418 -1.24351 -0.660171 -0.091058 -0.321447 0.546955 2.35667 -1.45742 -2.54224 0.070888 -1.54181 -0.120149 -0.0598419 0.658827 1.94365 0.597582 -0.370404 -1.27543 -0.282117 2.01826 0.800978 -3.03142 1.5615 -2.12218 -1.26512 -0.851638 0.548482 0.293568 -2.84972 -3.69274 -1.52903 0.813261 
1.53911 -0.670845 -1.65852 -0.485184 -0.906001 -2.44263 -0.257069 -0.0437815 -0.36112 -0.504498 -0.607786 -0.339825 1.23766 0.469421 -0.600339 -0.563778 1.66168 -0.206172 0.227955 -0.96319 0.812097 0.341067 -0.387836 -1.46377 0.671293 1.19746 1.56387 -1.25488 -1.87346 0.479789 -1.68486 0.811619 -0.133547 1.67083 1.65097 0.258933 -0.462415 -0.612438 -0.590083 
1.56581 -0.854199 -1.7481 0.115458 -1.55554 -2.56135 -0.829763 0.649223 -0.813745 -0.978665 -1.20699 0.456203 1.68229 0.0113679 -0.33246 -0.509961 0.521498 -0.85751 1.23935 -0.121017 1.26568 0.0535814 -0.316883 -0.242534 0.472331 -0.426336 0.302551 -0.471481 -0.604614 1.68966 0.409382 1.94924 -0.0139632 0.70554 0.881916 0.297635 -0.101334 0.649514 0.0384053 
1.51567 -0.856086 -1.91753 0.0797072 -1.57299 -1.3754 -0.32769 1.0569 -0.270838 -0.765475 -0.787182 0.212724 0.886581 -0.0207572 -0.0681789 -0.426331 0.437185 0.813974 2.46002 0.925493 0.00269233 0.726866 0.711556 1.2987 0.0989862 -1.1766 -0.127587 -0.246634 -0.377641 0.507412 -0.338723 1.84723 0.341058 1.51379 0.647841 -0.0569581 -0.224842 0.898081 -0.177314 
1.53061 -0.898717 -1.96506 0.593153 -0.948886 -0.441594 -0.251829 0.661053 0.071589 -0.405967 -0.204453 0.586356 0.644418 -0.217255 -0.0142122 -0.111279 0.105283 0.39111 1.30796 0.508336 0.478291 0.731506 0.246438 -0.0757308 0.607855 0.196869 -0.44567 0.487958 -0.103835 0.467424 0.706164 2.40388 0.525399 0.266708 1.5364 1.51798 0.488111 -0.0802145 -1.19388 
1.40855 -0.871868 -1.97604 0.21415 -1.28855 -0.249017 -0.00828192 1.47876 0.619975 -0.569812 -0.838661 0.918602 1.10598 -0.669163 0.773003 0.250074 0.139804 0.219977 0.854908 -0.317488 0.307609 1.13192 0.968693 -0.732654 -0.238518 -0.232508 -0.966647 1.1854 0.493068 0.369839 1.26738 0.54093 -0.548552 -1.92088 0.328148 1.40547 2.2688e-05 -0.805206 -0.761379 
1.25809 -0.495325 -1.84183 0.763296 -0.794849 0.294144 -0.444211 0.935761 1.43523 0.375172 -0.759709 0.334665 0.470765 -1.26545 1.71735 0.905091 0.350197 1.44869 -0.562037 -1.18602 -2.68288 -0.33272 1.30875 0.0363766 -1.65129 -1.1041 -1.3016 1.60722 1.34671 0.690756 1.714 0.402608 -0.249731 -1.3743 -0.70427 0.0211182 -0.392889 -1.00071 -0.872027 
0.917802 0.0343682 -1.5234 0.601881 -0.19826 -0.735047 -0.738921 -0.824717 0.254091 0.486987 -0.804168 -0.931472 0.134472 -1.32324 1.53393 1.93105 0.715271 2.26113 -0.299731 -0.00246087 -1.88384 -1.98066 -0.952348 0.205951 -1.04867 -0.803119 -1.3202 1.80273 1.45006 -0.184023 1.10319 -0.655033 -1.21831 -1.95095 -1.03118 1.11041 0.269666 -1.91639 -1.32766 
0.746195 0.313242 -0.873211 1.52859 0.914502 0.034289 -0.441359 -0.678838 -0.876631 -0.400928 -0.595174 -0.833617 -0.225226 -0.755265 0.869432 1.44401 -0.584366 0.155352 -0.341277 -0.293468 0.44372 -0.911045 -0.0815542 0.258721 -0.777546 -0.46026 -1.08109 1.36196 1.30322 0.107063 1.02632 -0.811054 0.748282 -1.38223 -2.87391 -1.17472 -0.84149 -2.11368 -0.410362 
0.613777 0.489106 -0.799721 0.0230895 -0.0934663 -1.03072 -0.916416 -0.432664 -0.794712 0.416772 -0.599165 -1.79301 -0.247665 -0.333614 0.421941 0.1794 -0.58699 -0.767461 -0.818736 0.877291 0.298492 -1.48977 -0.360593 -1.28908 -1.62615 0.303217 -0.581598 0.74161 0.99095 -0.0905598 -0.0881009 -0.592187 1.85201 1.63907 -1.00033 -1.57019 -0.867913 -1.34274 -1.36708 
0.596489 0.529702 -0.785529 0.947081 0.316133 -0.673081 0.106702 -0.41199 -2.60882 -0.697337 -1.57713 -2.65524 0.0915235 -0.141501 0.198469 0.158952 0.466574 -0.261884 -0.475372 2.48963 1.44427 -0.295435 -1.671 -1.37462 -0.936082 -1.14983 -0.217124 -0.01979 0.1397 -1.51618 -0.955644 -0.976262 0.701028 0.8212 0.0659812 0.754999 0.0367007 0.0140051 -1.17947 
0.534384 0.586572 -0.722324 0.531178 -0.306596 -1.44203 0.630865 0.821994 -1.11657 -0.941881 -1.64673 -2.83391 -1.26104 -0.0085231 -0.443908 0.0401286 -1.30594 -0.584774 -0.527554 -0.0590319 0.649263 1.57176 1.19272 1.29522 1.60408 -1.69561 0.163941 -0.157034 -0.493914 -0.207537 0.0548258 0.258372 0.0588356 -0.534843 0.259845 0.0593126 0.18086 1.03016 -1.16966 
0.565765 0.285117 -0.767891 -0.377958 -0.143032 -1.12938 0.0744945 0.157267 -0.725786 0.2654 -0.577271 -0.82225 -1.42145 0.379238 -0.416887 -0.969155 -0.730021 0.36058 0.831647 -2.44018 -2.05545 0.611687 1.7298 1.55957 2.18094 -0.231169 0.867934 -0.69997 -0.488345 -1.16409 -0.883345 1.46212 -1.43006 -1.2428 2.39061 0.734698 0.979042 1.83025 -0.955809 
0.645576 0.356375 -1.21227 -0.19825 -0.0454232 -0.726345 -0.877015 -0.940556 -0.367244 0.456228 -0.444139 -0.348276 -1.43346 1.31754 -0.551669 -0.841282 -0.148577 -0.663647 2.5438 -1.67396 -2.07432 1.31921 -0.383159 -0.120243 0.638312 0.562757 1.58796 -1.25646 -0.439873 -2.03971 -0.491782 1.4499 -2.38694 -2.32426 2.02781 0.787859 0.733028 1.9866 -0.330863 
1.02037 -0.0168479 -1.19353 -0.506058 -0.662297 1.06262 -0.958537 -1.62155 0.859016 -0.0493019 -0.662885 -0.081915 -0.867119 2.02545 -1.37525 0.246779 -1.81479 -1.04676 1.16775 -0.438348 -0.612867 1.84089 -0.861148 -0.689737 0.256395 -0.176481 1.79785 -1.24743 -0.397591 -1.31619 -0.809309 1.40661 -1.9201 -1.49183 1.4099 -1.31153 -0.457288 0.828644 0.0615857 
1.35927 -0.384129 -1.09071 -2.04954 -0.856609 0.279142 -1.1443 -1.45942 1.83359 -0.245943 -0.966483 -0.0400339 -1.55583 1.40655 -1.22755 0.18762 -1.49533 -0.478467 -0.6041 -0.645686 0.362968 0.386721 -1.08186 -0.486337 0.355303 -0.515001 1.70104 -1.37495 0.179423 -1.8541 -1.01 0.673248 -0.369904 0.126879 1.07172 -1.41781 -0.731513 1.129 1.43937 
1.50754 -0.678702 -1.10171 -2.02697 -1.04046 0.540319 -1.35431 -1.29911 1.34269 -0.930387 -1.02925 0.33823 -1.29937 0.551317 -0.586486 0.0373072 -0.498899 -0.383531 -0.23936 -0.0254673 0.762418 -0.543601 -0.722021 -0.256978 1.1117 1.82305 0.926487 -0.76646 0.58398 -1.42677 -0.160122 -0.294289 -0.545263 0.203366 -0.489975 -1.27793 -0.392989 1.71943 1.62538 
1.53344 -0.704633 -1.07449 -2.53994 -1.16243 0.0713424 -1.1557 -0.792605 1.21868 -0.835334 -1.15696 1.23588 0.15217 -0.0084273 0.136796 0.753939 -0.286262 0.26852 0.198253 -0.0280613 -0.125487 -0.976516 -0.345814 -0.0404892 1.74893 2.37741 0.156226 0.222634 0.925644 -0.398199 -0.0569461 -0.671464 -0.934436 0.0303418 -0.96001 -0.343891 -0.136465 1.12437 1.81459 
1.47686 -0.614076 -0.725087 -2.29746 -0.849433 0.709854 -1.36733 -1.39779 0.216572 -1.21482 -1.0537 2.3351 0.916104 -0.325319 0.911525 1.45951 -0.00195426 0.321734 -0.686612 -1.11418 -0.723848 -0.614164 0.332622 0.0483309 0.25062 0.258938 -0.40781 0.810685 1.01052 -0.109075 -0.0505456 -1.09133 -0.797161 1.07871 -0.39318 -0.231111 -0.318311 0.71373 1.59402 
1.38677 -0.227482 -0.343011 -2.51641 -0.930858 -0.522103 -1.84182 -1.40714 0.520453 -0.569808 -1.11329 1.53759 0.428387 -0.623881 1.02998 0.880827 0.145415 -0.321126 -1.70323 -0.947248 1.36928 0.503684 0.0817815 -0.39371 -0.898587 -0.551384 -1.01033 1.19258 1.31254 0.805139 0.220188 -0.375446 -0.915494 -1.33949 -1.87323 -0.297763 0.388429 -0.453735 0.0687686 
1.22092 -0.0738503 -0.284645 -2.12151 -1.10771 -0.760172 -1.94999 -0.207788 0.83836 -1.15263 -1.34903 1.33661 0.450551 -1.22386 0.801888 0.666081 0.999456 0.0144048 0.168849 -0.00279059 -0.81236 -1.6471 -0.670745 0.394075 -0.85585 -0.202846 -1.21846 1.79149 0.757566 1.88519 0.213782 -1.34974 -0.213095 -0.221949 -0.679318 0.636848 0.229376 -2.15056 -0.774023 
0.911245 0.19129 -0.0105691 -1.45721 -0.933463 -0.377922 -1.83917 -2.09799 -1.39752 -1.11763 -0.804492 0.587461 0.281886 -1.242 1.54072 0.34284 2.19693 0.648068 -0.158087 0.671158 -1.62075 -1.32227 0.619006 0.638835 -1.82221 -0.370518 -1.28789 1.50297 0.534503 2.60604 0.596369 -0.50821 -0.0343851 -0.689819 -0.734568 0.138127 0.393531 -1.46053 0.0360799 
0.738748 0.738333 -0.114767 0.176107 -0.627472 -0.897893 -1.52968 -1.59557 -0.696044 -0.654953 -0.852527 -0.706829 0.150564 -0.747692 1.35583 0.195071 2.24046 0.861892 -0.869693 -0.0593552 0.02302 0.761747 0.817157 0.0546589 -1.00463 0.221006 -1.09502 1.26049 0.35664 1.81789 0.154828 -0.172398 1.677 -0.831976 -0.578124 0.0658673 0.263876 -1.16308 0.466779 
0.609991 0.905024 0.0849931 0.885426 -0.2903 -1.12923 -1.87158 -2.06864 -0.470998 -0.459334 -0.755978 -0.530994 0.523379 -0.436048 0.269911 0.229254 0.0616167 -0.405778 -0.0796723 1.3155 0.66798 0.625962 -0.552918 -0.350918 0.332582 0.888469 -0.651281 1.05197 0.0377185 1.87057 0.779081 -0.116394 0.52402 0.603961 1.24975 1.00292 -0.584844 -0.788063 0.878008 
0.551553 0.87384 -0.00201349 0.265389 -0.950247 -0.968001 -0.710044 -1.01017 0.0701363 -1.10727 -1.11504 -0.312389 1.00305 -0.255111 0.156328 -0.14128 0.0836786 0.276761 0.709164 0.665708 0.674993 0.750659 0.290559 -0.819452 -0.0174326 0.774145 -0.462714 0.046181 -0.107076 1.5017 1.18427 0.692844 0.507797 0.433825 -0.150692 -0.480666 0.232991 0.636707 0.877639 
0.489018 0.98005 0.0113982 0.997525 -0.0929954 -0.519159 -1.45465 -1.4772 0.442432 -0.227906 -1.3778 -0.532554 1.27122 -0.279809 -0.197447 -0.410778 1.80322 2.12624 1.03508 -0.728567 -0.165559 -0.805784 0.0114817 0.600526 0.42173 0.106253 -0.529625 -0.105382 -0.287764 0.265091 0.141872 0.622419 0.607945 1.11159 -0.201903 -0.623186 0.394949 0.241427 0.558879 
0.42154 0.76049 -0.211144 2.15583 0.656322 -0.076904 -1.15718 -1.1434 -0.854368 -1.10206 -0.647915 0.18291 1.1395 -0.562566 -0.300811 -0.333895 0.241374 -0.0530749 0.149132 0.0411167 0.606596 -0.992363 -0.990421 1.26995 0.278917 -0.149318 -0.462056 0.256113 -0.454924 0.128698 0.427711 0.0996229 -0.215184 0.595445 -0.371744 0.660564 0.86132 0.251159 -1.17435 
0.255518 0.811661 -0.159067 1.27271 -0.147018 -0.391979 -1.42479 -0.944724 -0.702395 -1.03487 -0.397313 -0.19883 1.17371 -0.435047 0.570408 -0.336059 -1.648 -1.49212 -0.897726 0.449977 0.853782 0.358853 0.715669 0.42843 -0.148111 -1.4927 -0.445221 0.000999404 -1.16271 -0.530271 -0.661773 -0.0738518 0.0254989 0.366846 -1.04155 -0.719714 1.75337 0.691755 -0.665173 
0.234711 1.056 -0.382697 0.477035 -0.494222 -0.852383 -0.873943 -0.397819 -0.403605 -0.526032 -0.312766 0.0335027 -0.187731 -0.126672 0.308602 -1.56322 -0.906679 -0.877191 -0.250995 -0.0315719 -0.181175 -0.263925 0.183259 0.865466 0.544027 -0.646271 -0.548334 0.335944 -0.326371 -1.28596 -1.37019 -0.687066 0.161588 0.833794 1.07978 1.15649 0.3432 -0.604513 -0.919616 
0.181552 0.96777 -0.947781 0.360584 -0.828999 -0.609812 -1.43998 -1.09141 -0.987042 -0.890419 0.272987 0.434834 0.621302 -0.411099 -0.083178 -0.201857 0.0417375 -0.455362 -0.0497616 -0.277512 0.108451 0.948164 0.562756 -0.0421238 -0.645105 0.40185 -0.506411 0.258806 0.129163 -0.744414 -0.367066 0.837239 1.73287 0.72343 0.237983 0.11744 -0.581974 -0.949429 -1.31569 
0.0566476 1.0035 -0.486758 0.545759 -0.854779 -0.896701 -1.04155 -0.294811 0.743051 -0.0739542 -0.338473 -0.678193 0.219306 -0.655681 0.0682131 1.76562 -0.0252684 0.370094 1.40553 2.08511 1.01653 0.55376 -0.0598435 -1.6267 -1.76728 -0.904192 -0.416891 0.253203 -0.0752147 0.0650973 -0.00493019 0.568636 -0.0324832 -0.352963 -0.705402 -1.32264 -0.788999 -0.551951 1.13229 
-0.0860261 0.995878 -0.0623588 0.36001 -0.560576 0.600703 -0.143393 -0.205522 -0.306122 -0.943035 -0.967889 -1.54646 -0.16721 -0.235029 0.451974 0.0721127 0.0342893 0.468255 0.83389 0.217643 -0.510535 -1.79827 -2.04013 -0.975893 -0.0825787 0.888371 -0.495202 0.704774 0.771874 -0.634496 0.498919 1.57193 1.31861 0.944287 0.126381 0.0180186 -0.95191 -1.65705 -0.299348 
-0.0569761 1.23595 -0.453034 0.606779 -0.511559 -0.179085 -0.902293 -0.725447 -1.35344 -1.73183 -1.08026 -0.753458 1.0717 -0.109614 0.946962 -0.518702 -0.769813 0.366274 0.762139 -0.527501 0.0727262 -0.398779 0.072743 0.406616 -0.338226 0.533113 -0.631497 -0.00910004 0.162684 -1.39817 -0.0983102 1.14092 1.53308 1.25421 -0.473048 -0.922046 -0.841874 -0.91443 0.128989 
-0.153749 1.4919 -0.325767 -0.410572 -0.295064 1.25645 -0.465926 -0.133313 -0.750014 -0.888173 -0.649469 -1.91096 0.359986 -0.737669 -0.458639 0.184769 -1.78027 -0.589446 0.739419 1.59671 1.95609 1.22893 1.00805 -0.107708 -1.09704 -0.762397 -0.445977 0.0118264 -0.671106 -0.0238825 0.294896 1.05899 0.543444 0.33438 0.932872 -0.631395 0.925587 0.826155 1.11827 
-0.354562 0.983522 -0.362652 -1.20882 -0.974285 0.457073 0.0916171 0.97046 0.12476 -0.918786 -1.15626 -1.97646 0.412991 -0.580775 -0.923673 -0.579468 0.735046 0.0771388 0.698182 1.15711 0.315372 1.52828 -0.78173 0.702054 1.32874 0.740847 -0.731032 -0.293905 -0.163273 -1.37111 -0.519169 0.553633 0.792285 0.291531 0.967167 0.714102 0.084351 0.293308 0.694908 
-0.393913 0.99185 -0.619735 0.37517 -0.249866 1.85705 0.255547 0.148087 1.08168 -1.52597 -0.104486 -0.389494 1.07734 -0.386493 0.0443041 -0.457624 0.067987 -0.136056 0.0240208 -0.669203 -1.61725 -0.0579833 -0.221391 0.17295 1.4232 1.54507 -0.60339 -0.341409 0.0758118 0.608366 -0.327362 -0.321958 1.19683 -0.612087 0.607131 0.0368523 0.774027 1.63549 0.62116 
-0.52362 0.998899 -0.595343 -1.11295 -1.09154 0.476375 -0.318733 -0.414307 0.0833001 -1.10236 -1.01704 -0.348112 1.86654 -0.349152 0.44134 0.695167 0.0174404 -0.527225 -1.14218 0.254705 -1.01535 -0.792389 0.815565 0.218629 0.670836 -0.0437476 -0.582387 0.214525 0.0706645 0.90777 -0.337793 -0.126137 0.332276 -2.11371 0.0708255 -0.563779 1.08517 1.09881 -0.242574 
-0.549304 1.21864 -0.272665 0.418765 -0.665181 0.870788 0.417772 -0.717763 0.172993 -0.868956 0.0697723 0.38764 1.07648 -0.511474 0.269127 0.564958 1.05731 -0.329009 -0.197986 1.04601 -0.809021 0.145833 -0.412434 1.13366 -0.0927544 -1.85027 -0.541275 0.448001 0.70039 -0.203697 -0.343071 -0.963484 0.657045 0.517381 -0.429254 0.699252 -0.256843 -0.00880536 -1.03653 
-0.73842 1.13399 -0.313757 0.00607401 -1.35582 0.30425 0.333888 -1.10228 0.282517 -1.44079 -0.141063 -0.434889 0.211983 -0.486253 0.206289 0.435579 -0.276107 0.0545815 -0.186483 0.5109 1.61383 0.275965 -0.045408 -0.576587 -0.721337 -1.18278 -0.539346 0.197222 0.826351 0.910555 0.472571 0.431503 0.286675 -0.327869 -0.323965 0.00575414 0.822228 0.896051 -0.970573 
-0.754874 1.32027 -0.0561463 0.158774 -0.637171 0.708582 0.738769 0.683071 0.525879 -0.90987 -0.3658 -0.410303 0.0329515 -0.320996 0.0195367 0.770496 0.0714542 1.02754 0.793009 -0.723796 0.435786 -0.53503 0.4117 -0.153193 1.17041 0.700289 -0.612772 -0.00635133 0.425925 -0.624235 0.414846 -0.31199 -0.227832 0.593902 0.286428 0.212727 0.0144822 0.218392 -0.647202 
-0.883506 1.13618 0.0711976 0.10553 -0.58643 0.986616 -0.110295 -0.717064 -0.322266 -1.11116 -0.251946 0.907452 0.892212 -0.45795 -0.20902 0.249114 -0.506198 0.561067 -0.243773 -0.804633 -0.927378 0.0724076 0.274744 0.555167 0.954102 0.40804 -0.567995 -0.148661 0.669261 0.532677 1.26448 -0.286588 -0.456986 0.254177 0.395983 1.31828 0.452865 0.234974 -0.667532 
-0.950085 1.20076 0.0665954 -0.339176 -0.223231 0.496977 0.244489 -0.106937 0.638391 -0.691261 0.0665406 0.687311 0.445655 -0.555069 -0.225969 0.30966 0.586787 0.808086 -1.18824 0.15573 -0.139891 1.01578 1.04657 0.675523 -0.916972 -1.49862 -0.739322 -0.441398 0.775026 0.884767 0.821943 0.207712 -0.863274 -1.52219 0.143301 0.200206 0.661424 1.09215 0.00956339 
-1.11426 1.00764 0.224389 0.737942 0.0157329 -0.0393574 -0.009408 -0.828158 0.904239 -0.266894 0.272691 -0.111828 -0.440436 -0.678828 -0.416436 1.00293 1.60285 0.639131 0.530187 -0.249823 -0.818868 0.103017 -0.0593258 0.225848 0.368045 -0.420651 -0.562057 -0.0263396 0.536976 0.250127 0.204343 -1.00586 1.20925 0.972495 1.81123 1.91789 1.29209 -0.936334 -1.35889 
-1.22613 0.9708 0.568445 1.34405 0.250192 0.952723 0.0940415 -0.803396 0.78705 -0.743457 0.246335 1.12187 0.0997765 -0.31196 0.194627 0.55551 -0.280367 -0.494698 -0.198866 1.27096 1.26158 1.17509 1.07823 0.887744 -0.289953 -0.101974 -0.640247 -0.519512 0.453009 0.377984 -0.020441 -0.331313 0.889991 -0.134356 1.03767 2.40357 0.183912 -0.69973 -0.856535 
-1.25604 1.10306 0.501223 0.473546 -0.374797 -0.212241 0.78262 0.268991 2.31886 0.603034 0.960076 -0.421712 -0.494598 -0.307184 -0.320833 -0.27422 -1.13723 -0.64851 -0.987089 1.2943 0.668099 1.15312 2.724 -0.037115 -1.27998 -0.597 -0.426332 -0.269939 0.581879 0.132664 -0.530666 -0.169802 0.745918 0.892374 0.179607 0.385539 0.337379 0.22437 0.67211 
-1.36617 0.791749 0.427992 0.193486 -0.257539 0.10019 0.900538 -0.2179 2.17573 1.46057 0.224469 -0.308104 -0.407532 -0.348534 -0.574658 0.382636 0.440525 -0.247311 -0.0353133 -0.398956 -0.231999 -0.955797 -0.65679 -0.508658 0.530171 0.858197 -0.433837 -0.479254 -0.00853369 -0.843149 -0.343639 -1.28478 0.976347 0.741666 -0.422559 1.45067 0.411427 -0.450256 0.710688 
-1.41121 0.788854 0.691115 0.954695 -0.576823 -0.2441 0.539751 0.0784884 1.21722 0.0665196 0.576597 0.196275 0.33018 -0.364729 -0.358811 0.252843 0.0823362 0.175051 -0.784643 -0.146442 0.188223 -1.66146 -1.11857 0.508046 0.679085 1.39799 -0.505182 -0.694552 0.234984 -0.74684 0.646482 -0.0724244 -0.282756 -0.215608 -1.59274 0.0439522 0.146923 0.866724 1.37263 
-1.52726 0.592477 0.552609 0.304197 -0.137735 -0.577783 0.81416 -0.0461186 0.240801 0.549731 0.620674 0.478362 0.911371 -0.431947 -0.413164 -0.00825392 -1.37549 1.19557 -0.0645816 0.0394707 -0.0121791 -0.966524 0.698518 0.651511 0.510921 0.710923 -0.487192 -0.58578 0.748898 -0.190223 0.308813 -0.567562 -1.98979 0.0440998 -1.25347 -1.42495 1.11305 1.11135 1.42061 
-1.5969 0.560639 0.684421 -0.442281 0.320591 -0.301196 0.568588 0.0774981 0.1029 0.628648 1.08282 0.792483 1.02014 -0.388376 -0.473316 0.956737 -0.324225 0.288344 0.00195129 -2.25663 -0.133836 0.149094 -0.472525 0.833147 0.667004 0.226815 -0.4059 -0.691282 0.441923 -0.204857 1.36038 -0.147119 0.421153 0.702537 -0.398627 0.909027 0.94128 0.574573 -0.00986999 
-1.69701 0.332234 1.03123 -0.00555778 0.0683969 -0.577511 -0.579969 -0.151993 0.443869 0.162587 1.26619 1.25116 1.15818 -0.197455 -0.569977 0.718947 1.11538 0.777776 -0.138318 0.443735 0.823516 0.487109 0.304825 0.476623 0.165923 -0.746085 -0.306227 -0.538089 0.614833 0.31434 0.513859 0.599059 -0.558458 0.86193 -0.0568473 0.657694 0.996665 -0.669114 -0.265485 
-1.69677 0.248926 1.04345 0.736806 0.899659 -0.421872 0.847961 0.796983 0.705116 0.871641 1.45493 0.998368 0.376362 -0.0893507 -0.290545 0.0349652 0.7106 0.469477 0.824131 1.56709 1.12841 -0.215518 1.19649 0.363685 -1.54076 -0.558597 -0.406987 -0.648534 0.416433 0.512762 -0.586077 0.373252 0.188518 0.849349 0.120693 -0.274291 0.424053 -0.409528 -0.795457 
-1.75731 0.169311 1.04627 0.754902 0.412547 0.13169 0.39558 0.830354 0.216383 1.12838 1.55169 -0.473866 0.686026 -0.433601 -0.351974 -0.0496795 -0.481941 -1.59935 0.653012 -0.23903 0.1566 -0.339002 -0.616856 0.00996841 -0.716036 -0.20069 -0.338271 -0.964047 -0.621195 0.593311 1.18917 0.587694 1.91138 1.09688 0.27977 0.506912 -0.51918 -1.22732 -0.564587 
-1.88307 0.0532939 1.01592 0.263942 -0.332592 0.139781 0.704203 0.941502 0.331813 0.367498 1.46917 0.206422 0.231835 -0.437138 -1.08303 -1.05202 0.0231408 1.25801 -0.0137214 0.700155 0.136265 0.555847 -0.640134 -1.04703 -0.0289576 -0.12027 -0.196486 -0.479081 -0.0792424 0.63147 0.215358 1.30742 0.673463 0.269089 -0.0554794 -0.599613 -0.38143 -0.856615 -0.227908 
-1.94491 -0.415592 0.514645 0.804392 1.35755 0.118449 0.833865 0.957341 0.899768 0.605368 0.755343 -0.488466 0.615116 0.12287 -0.327423 -0.0866109 1.26319 1.92855 1.1499 1.02429 0.156439 0.27423 -0.0568023 -0.522458 -0.391495 -0.0874883 -0.22207 -0.916938 -0.128019 1.00201 1.08595 0.487071 0.670295 0.100949 0.44473 0.066338 -0.250641 0.163333 -0.139871 
-1.86571 -0.129265 0.969823 1.59589 1.12334 1.12988 1.34336 1.08588 0.682649 0.317348 1.07511 -0.218344 0.190932 0.0874746 -0.223113 0.836461 1.2195 0.321275 0.685372 0.0813118 -0.0165233 -0.0161889 0.706745 0.696766 0.193077 -0.0657474 -0.157059 -0.476657 -0.184918 0.979059 1.43683 0.869148 0.331729 0.180823 0.0845961 0.58503 0.000790977 -0.641781 -0.917082 