-1.05146 -0.218522 1.49565 1.21725 2.3384 -0.914827 1.23795 0.642685 0.250708 0.561193 1.30916 -0.680508 0.578324 1.00656 -0.991463 -1.0361 1.05392 -1.04141 -0.90313 -0.934128 -1.13959 -2.63857 -0.647267 0.568455 1.29327 0.315574 2.97459 -1.70799 -1.09754 -1.10768 -1.52303 -0.0374585 -0.104191 2.56428 0.440421 1.12531 1.09465 0.0035346 -3.2202 
-0.679529 -0.875994 0.967739 0.986864 1.13035 -1.19302 1.03485 0.240433 -1.06067 0.850393 1.52627 -0.0684268 -0.116757 4.4442 -2.08023 -1.57896 -1.89526 -2.74973 1.17955 0.62271 1.96463 -0.51157 1.28264 0.668721 -0.788072 -4.18922 1.50881 0.730218 -0.0837148 -0.610405 -1.14695 0.405295 -0.0210124 -0.887614 -1.85435 -0.674448 0.411278 0.70253 -1.19927 
0.520238 -1.35762 0.689368 -0.892183 0.26406 0.538798 1.63689 2.9376 -0.181821 1.74238 1.73297 -1.53328 -4.01186 1.13299 1.98588 0.925123 -1.69163 -0.45048 1.42315 0.910394 0.159478 0.288811 -0.118025 -0.064446 -0.393115 -1.52557 1.14046 -0.138818 0.0481251 -0.608318 -1.13234 0.892143 0.467296 0.455568 -1.14067 0.61592 -0.874438 0.54481 -0.476586 
-0.298388 0.235417 1.44188 -0.891339 0.770743 0.554673 1.61888 0.435768 -0.826782 0.737646 1.48746 -0.494552 -1.77921 -2.83156 1.91202 1.6652 1.2597 1.27709 -0.0388212 -0.0631903 -1.44926 -0.915375 -0.604656 -1.71014 1.48718 3.72226 0.947627 -0.554929 0.172554 -0.988828 0.146385 1.12702 0.0351206 -0.206852 1.16695 0.0199159 -0.564054 -0.428394 -0.70213 
-0.524088 -0.287084 1.54194 0.58091 1.19284 0.521588 1.59453 1.26181 -0.950569 1.18009 0.655771 0.0717426 0.0938289 0.203805 -2.71078 -0.65275 0.665032 0.662349 0.0170446 -0.867081 -0.381634 1.26809 0.12938 -0.603891 -0.148343 0.826719 -1.08366 -0.176041 0.885877 0.754933 0.704499 -0.574663 -1.50201 -2.06896 0.712957 -0.575652 -0.379658 1.4038 2.8617 
-0.251339 -1.25267 1.1092 -0.0935006 1.24106 0.604905 1.05931 0.00173548 0.22248 0.853453 1.10828 -0.656268 -0.856142 1.26265 -2.13003 -0.325769 -0.494329 -0.330002 -0.690582 -1.72951 -0.846156 1.88524 -0.0501325 1.26344 0.306901 -0.756898 0.957468 -2.58538 -0.336551 1.36311 0.260819 0.279439 -1.36026 -0.575356 1.21653 0.579379 -1.24546 0.541849 1.51154 
-0.0963281 -1.45374 1.37645 0.0622687 0.923078 -0.282433 0.480097 0.287495 0.612552 1.13006 1.45484 0.401794 -0.723733 1.14707 -0.730532 0.163557 0.725326 -0.299731 0.342508 -0.756297 -0.250811 0.352921 0.507735 -0.88349 0.843676 0.750449 1.69161 -2.24182 -0.909555 0.014799 0.354 0.489591 -0.545201 -1.51224 1.01136 0.923316 0.541618 0.410139 -0.693861 
0.134863 -1.64474 1.19392 0.772803 0.993872 1.04804 0.571021 -0.280137 0.509751 1.31878 0.552684 0.253621 -0.0169077 1.1384 -0.851654 -1.02058 0.499103 0.81537 1.31807 1.07966 -0.829405 -0.529526 1.07194 -0.602768 0.220538 0.0665439 1.18245 -1.17108 -0.658719 0.0516648 0.5435 0.215414 -0.096576 -1.22535 -0.900409 0.460055 0.626853 1.53662 0.706955 
0.286759 -1.91284 0.855684 0.67169 1.50751 1.33841 1.17303 -0.667341 0.165073 2.1166 1.07636 0.638552 -0.636211 0.525638 -0.818677 -1.13468 -0.682667 1.03473 -0.0645851 0.642307 -1.10534 -1.4692 -0.00408354 1.64662 1.11971 -0.000526933 0.974512 -1.05496 -1.13365 -0.298219 0.692352 1.22147 1.62407 0.00230456 -0.765836 1.16692 0.842756 0.882479 0.855711 
0.297628 -2.08559 0.614811 0.0402986 1.7419 0.999729 0.982566 -1.55591 -0.720127 1.31129 1.59352 1.46169 -0.00310654 0.23685 -0.54221 -0.660984 -0.816 0.11572 0.242538 0.861548 0.840123 -0.412743 0.222336 1.62541 0.909004 0.836325 0.414009 -0.783901 -0.499536 -0.802449 1.14626 -0.141278 -0.357128 -0.964429 -0.843008 -0.586077 0.612083 -0.00507884 -1.14678 
0.345689 -2.20067 0.51879 -0.212216 1.57016 1.66086 1.72563 0.319654 -0.18517 2.31828 2.10382 1.61901 0.297413 0.0478296 -0.212555 0.401678 -0.152398 0.494301 -0.112265 -1.06751 0.0397005 0.427144 -0.662366 -0.901242 -1.12156 -1.15551 0.147081 -0.519316 -0.260035 -0.748473 0.972046 -0.138008 -1.45923 -0.542611 -1.07511 -0.859358 0.927585 0.37935 0.777098 
0.288596 -2.19096 0.821296 -0.0900735 2.08689 0.893857 0.294048 -1.49989 -0.371056 0.695688 1.02672 0.24868 -1.2588 -0.045217 -0.13505 0.28625 0.036403 1.18382 -0.415218 -2.60315 -1.43611 -0.929423 -1.19445 -0.500804 -0.420812 -0.0142833 0.120775 -0.277483 0.0991435 0.381864 -0.195644 -1.00432 -1.14374 0.896616 0.00758165 0.281761 -0.0474672 0.406734 0.443639 
0.303202 -2.26315 0.666253 -0.128201 2.42938 1.18926 0.049112 -1.34084 -0.965616 1.21113 1.78969 1.16297 0.296094 0.106173 -0.141172 -0.239119 0.534385 -0.732997 -1.16494 -0.297256 0.966736 -0.369356 0.966595 0.853841 1.64466 1.63469 -0.213758 0.820431 0.326777 0.193864 -0.146702 -0.856873 -1.12991 0.0578961 -0.489097 -1.10698 -1.41737 -0.986121 0.0834785 
0.300542 -2.25682 0.700117 0.559411 1.51659 -0.482815 0.101097 -0.365629 -0.685173 1.58491 1.56733 2.02382 0.552353 -0.279322 1.25015 0.216824 0.152387 -1.35804 -0.673994 1.2549 1.50872 0.344987 -0.0546302 -1.19322 -0.831592 0.123166 0.987863 2.81554 -1.66732 -2.09398 -2.38348 -2.93914 -0.786957 -0.445413 -1.98365 -2.02774 -1.77163 0.155925 1.40305 
0.176542 -1.55895 0.778215 0.0875173 1.39293 0.405268 0.854787 0.423803 -0.684951 1.15695 1.03865 0.263185 0.445852 1.28818 3.92541 -2.24077 -2.69668 -2.38781 -2.57911 -0.641352 -1.4545 -2.1476 -3.24555 -2.97369 -1.44127 -0.169066 2.01546 2.4789 -2.97885 -1.09441 -3.60541 -1.75628 -0.556203 1.05351 -0.74712 -1.71926 -3.0394 -1.06754 -0.168279 
0.737481 -0.071924 -0.444579 -2.46005 -0.287843 -3.56668 -0.31324 -2.04752 -2.4799 -1.41703 -0.30713 0.465441 0.380905 3.14363 2.08372 -4.65862 -1.28749 -3.37245 -1.56194 -1.91788 -0.327607 -1.26306 -1.87929 -2.45048 -0.524602 -0.273132 2.29989 2.42528 -3.52047 -0.528759 -2.46014 0.480338 -0.20878 -0.153534 -0.875381 -1.73595 -2.74998 -0.728258 0.504506 
1.28061 -0.393383 -1.60282 -1.33177 -1.14582 -1.45067 -0.380846 0.0526085 -1.74319 -0.582846 -0.50568 -0.304977 0.16002 1.98299 -0.663279 -3.01122 2.14287 -0.833974 3.1948 0.393341 1.29171 1.06368 1.29296 -0.322125 0.517573 0.710836 2.6601 1.20722 -3.59871 -0.0910603 -2.08463 -0.502839 -1.09482 -1.02609 -0.691393 -2.12778 -2.75529 0.451065 0.0398241 
1.42424 -0.426764 -1.98324 0.0159073 -0.933454 0.319767 -0.0618742 -0.535279 -1.60083 -0.22631 -0.508522 1.02306 1.1766 0.642817 -0.451154 -0.71041 1.18348 0.645329 0.924113 0.611553 -0.806683 0.417043 -0.511562 -0.851718 1.10421 0.337131 1.68392 -0.850197 -2.00113 2.09784 -0.688127 2.53177 0.112764 2.3306 1.23519 0.368311 -1.50005 0.478139 -0.0902523 
1.48551 -0.630816 -1.96498 0.0547688 -0.688201 -0.305413 0.010913 -0.8758 -1.40253 -1.05914 -1.04123 0.88635 0.544957 0.407048 -0.456646 0.032 0.00252561 -0.053487 0.0364165 -0.257288 1.3113 0.581454 -0.891927 -1.47127 0.0965475 -0.780578 0.471687 -0.773532 -0.279207 1.03407 0.116895 1.09045 0.485485 0.793274 1.2569 -0.8169 -0.777203 1.16738 0.214252 
1.54437 -0.667238 -1.96578 0.0614545 -0.996995 0.393385 -0.229111 0.999749 -1.12328 -1.05398 -1.435 1.12589 0.33301 0.0131577 -0.566205 0.306997 -0.131252 -0.472307 0.469457 -0.0303069 1.69806 1.25617 -0.413063 -0.0728241 0.388498 -0.0937902 0.0355663 -0.711512 0.0607401 -0.403747 0.107857 0.270306 -0.181598 1.10334 0.887458 -0.506368 -0.037878 0.549587 -1.40235 
1.46401 -0.931929 -1.80691 -0.0515912 -1.06409 0.290976 -0.0102885 1.10906 -0.36319 -1.44444 -1.08532 1.30454 0.456248 -0.374935 -0.47774 0.0731113 -0.427867 0.214602 0.311493 0.0417438 -0.0747089 0.614047 0.314632 1.4354 0.608649 -0.638228 -0.365421 -0.25185 0.0118842 -0.791624 0.025159 0.631398 -0.194265 2.30688 2.33082 0.857098 0.578983 -0.371831 -1.50243 
1.38333 -0.919387 -1.92731 -0.381719 -0.8606 0.799078 -0.203956 0.922701 -0.61859 -0.767043 -0.527437 1.78189 -0.354116 -0.554647 0.246773 -0.274969 -0.692689 0.524482 0.338833 -0.200367 0.878555 1.80566 1.36081 0.778413 -0.857853 -1.4279 -0.78284 0.56788 0.687465 -0.196437 0.418221 -0.508897 -0.672626 -0.592269 2.23778 1.772 0.977534 -1.0212 -0.885947 
1.23836 -0.783075 -1.94642 -0.795475 -0.696593 0.729674 -0.140904 2.14076 1.13367 -0.191046 -0.592301 0.376395 -1.09885 -0.763662 1.25497 0.969513 0.215566 0.355366 -0.957046 -0.84379 -0.576566 2.32747 1.65643 -0.250749 -1.90577 -0.249623 -1.08928 1.58511 0.993786 -0.448286 0.703099 -0.122999 -0.534324 -0.975648 0.647785 1.38276 -0.139006 -1.95931 -0.356502 
1.08252 -0.212515 -1.43047 -0.0942593 -0.619228 -0.326621 -0.748537 0.261942 1.31275 0.759452 -0.683793 -0.278242 -0.614108 -1.02231 1.89135 1.77582 0.221577 0.420766 -0.492377 -0.436486 -1.95668 -0.920061 0.17489 -0.935844 -1.6351 1.08441 -1.17977 1.43554 1.44783 0.598185 0.923737 -1.7981 -0.144739 -0.864806 0.587543 1.15989 -0.222329 -2.50089 -0.417998 
0.844555 0.276019 -1.03729 -0.50119 -0.406446 0.164928 -0.423433 -0.125215 0.361018 -0.0331976 -1.18094 -1.39136 0.107461 -0.942729 0.683049 1.21053 0.388721 0.880536 -1.3322 0.672271 -0.378149 -1.51977 -0.370011 -0.00683604 -1.27755 -0.157097 -1.06223 1.38518 1.65235 0.881225 1.91777 -1.04686 -0.404837 -3.16264 -1.75707 -0.366771 -0.220317 -1.34849 0.50186 
0.717333 0.177809 -0.810385 0.389821 0.0138048 -1.90521 -0.317713 -0.168038 0.040761 0.413921 -0.686245 -1.65976 -0.7724 -0.515944 -0.0207049 0.710169 0.673574 2.12461 -0.839062 -0.0457025 -1.55642 -1.30392 -0.596045 0.680678 -0.0792207 -0.545363 -0.765886 0.784764 1.17044 -0.300743 0.43395 0.711035 1.63611 -0.437231 -1.94823 -1.26596 -0.296333 -1.69702 -0.242896 
0.632816 0.27683 -0.673062 0.306347 1.15439 -0.81834 -0.45454 -1.92565 -0.73124 -0.587538 -0.749583 -1.4784 -0.477593 -0.171616 0.384339 0.554578 -0.708211 -0.289847 2.24203 1.28332 -0.100508 -0.95138 -1.05689 -0.339702 -0.881054 -0.0695887 -0.206131 -0.192779 -0.249364 -0.842559 0.102668 -0.728024 -0.381984 0.0983897 -0.175791 0.829497 0.396917 1.03917 -1.43682 
0.629399 0.402802 -0.525716 -0.371688 -0.226008 0.831041 0.50625 -0.275093 -0.757966 -0.56615 -0.898728 -2.61297 -0.834508 0.202316 -0.2197 -1.06894 -1.54986 -1.97033 -0.0858719 -0.40919 1.67412 1.1246 1.51292 -0.193931 1.4085 -0.908874 0.402428 -0.304523 -0.0121813 -0.919493 -0.864863 1.85306 -0.772161 -0.423049 -0.161322 0.501058 -0.171323 1.18704 -0.586877 
0.67933 0.167501 -1.21856 -1.41087 -0.33869 -0.892349 -0.719507 0.0313723 0.198549 0.806378 -0.870088 0.0416223 -1.4622 0.728517 -0.77424 -0.55855 -0.247134 -0.830434 0.123848 -2.20426 -0.362359 0.790769 1.60641 0.143426 2.39883 -0.510767 1.25883 -1.0008 -0.398681 -1.18211 -2.18708 0.345362 -1.34238 1.11156 0.671495 0.438932 -0.183857 1.64791 -1.19758 
0.86511 -0.0134525 -0.810231 -0.609635 -0.868978 1.01021 -0.91363 -0.686707 -0.106131 0.914131 -0.806369 -0.0231608 -1.38154 1.57964 -1.10171 0.486805 0.324633 -0.891749 0.529475 -1.19284 -0.428368 -0.208343 -1.03289 -0.0174109 0.696749 -0.299392 1.55651 -1.30887 -0.528275 -1.6279 -1.1008 -0.373365 -2.65705 -0.572639 0.69673 -0.516626 -0.243697 2.38273 -0.51087 
1.22107 -0.430003 -0.968545 -0.999565 -1.02739 -0.223506 -1.48866 -0.457017 0.0184952 -0.151521 -0.879213 0.792798 -1.77689 1.47928 -0.959316 -0.217442 -1.4362 -0.600651 -0.596601 -0.968062 -0.267061 0.158114 -2.19518 -0.426695 0.643114 0.00855875 1.35168 -0.996105 0.462634 -0.357369 -1.32215 0.800684 -0.592268 -0.340472 -0.407537 -2.34031 -0.45721 1.52779 0.972706 
1.37076 -0.532143 -0.920325 -2.19779 -1.34058 0.319641 -1.53817 -0.987479 0.0189378 -1.11748 -1.07374 0.670076 -1.35775 0.335146 -0.213413 0.219496 -0.702314 -0.830932 0.494651 0.486772 0.0574417 -0.270632 -1.59568 -0.522501 1.25538 1.32255 0.902111 -0.531486 0.338362 -1.16343 -0.681449 -0.732277 -1.65192 -0.325931 -0.287402 -1.54101 0.342225 1.19591 0.505532 
1.31534 -0.535853 -0.855216 -1.75438 -1.67073 0.403296 -1.17718 -0.38036 -0.213422 -1.62932 -1.20704 2.14742 -0.308836 -0.20759 0.265775 0.737846 0.230179 -0.278013 -0.333756 -1.0037 -0.0876768 -0.48175 0.460635 0.847702 0.88596 0.534266 0.0242858 0.192974 0.770808 -0.712088 -0.398541 0.173161 -0.556209 -0.251723 -0.516342 -0.250617 -0.269944 0.630182 0.925542 
1.26989 -0.372772 -0.541945 -1.89374 -1.57157 -0.0536165 -2.18563 -1.07961 -0.388762 -0.695665 -0.537002 1.62564 -0.756131 -0.319169 0.489082 0.9478 -0.0398925 0.324953 -0.270599 -1.14977 -0.329556 -0.349032 1.30444 0.207682 -0.44745 -0.347885 -0.562146 0.817224 0.66347 -0.195952 -0.041755 -0.651544 -0.916462 -0.309313 -0.600727 -0.204475 -0.44524 0.284033 0.283129 
1.17435 -0.252885 -0.369479 -1.757 -1.45204 0.106282 -1.91862 -0.753821 -0.510617 -0.427995 -1.07413 1.6626 -0.676832 -0.61531 0.845039 0.268884 -0.441982 0.24204 -0.493668 -0.0895985 -0.248558 -0.247027 -0.700261 -1.37322 -0.519271 -0.220108 -0.928316 1.46668 0.672555 -0.81787 0.723975 -1.02904 -0.9485 -0.957525 -0.536905 0.786521 0.445009 -1.43352 -0.719746 
1.02242 0.10721 -0.403363 -2.35294 -1.41471 -0.619921 -2.24497 -1.35886 -0.601025 -1.34628 -1.40161 1.06324 -0.983682 -1.02753 1.4906 0.0725206 -0.811019 0.647796 -1.03812 0.0182045 -0.728393 -0.297221 -0.435634 0.336871 -1.37526 -0.369084 -1.35327 1.50611 0.785338 1.33952 0.927509 -0.422809 0.668189 0.289027 -0.0864794 0.0145749 -0.736385 -2.25024 0.0198521 
0.778673 0.584398 -0.331304 -2.63525 -0.992578 -1.11729 -1.90861 -1.59117 -0.764673 -0.834148 -0.859716 0.175542 -1.06813 -1.33927 1.1874 0.920149 1.8081 0.99883 -0.0421256 0.889072 0.57851 0.183191 0.705643 0.497746 -2.34454 0.263573 -1.26338 1.8324 0.702946 1.59939 0.878162 -0.928651 1.05965 0.477645 -0.576643 -0.781008 -0.368448 -1.81122 0.240611 
0.514657 0.776681 0.0682353 -0.257127 -0.693458 -0.64112 -1.67466 -0.676149 -0.455077 -0.698124 -1.08569 -1.47086 -0.679597 -0.798468 0.97836 0.993261 2.44419 0.528069 -0.142609 1.24884 1.26835 -0.400416 -0.448846 -0.77009 -0.928914 0.639526 -1.31182 1.15203 0.517474 1.94077 1.10432 0.419637 1.33753 0.676954 -0.0109399 0.506462 0.309854 -0.358801 1.74131 
0.465352 1.13817 0.177679 0.182859 -0.622407 -1.25979 -1.10683 -0.106102 -1.10465 -1.25251 -1.34376 -0.829369 -0.350816 -0.556017 0.371327 -0.131813 0.17589 0.474958 0.580427 0.709885 0.183356 -0.149352 -0.150085 -0.115649 1.89179 1.54984 -1.01649 0.291923 0.445167 3.35258 0.742555 0.80709 1.23715 0.0548722 -0.334577 -0.321648 -0.229585 0.248106 -0.177583 
0.28851 0.994473 0.0019266 -0.0147211 -0.362897 0.0892325 -1.21964 -0.453041 -0.586013 -0.840486 -1.1568 0.571228 1.03829 -0.674359 -0.570313 -0.313089 0.990631 0.469156 1.1749 0.230215 -1.1991 0.0157798 0.0781613 0.503783 1.24981 -0.799058 -0.564647 -0.0936702 -0.370351 0.858639 0.412417 1.07384 1.79637 -0.339007 0.299641 -0.0418529 -0.157831 1.2366 1.01716 
0.196656 0.834784 0.0186773 1.35042 -0.296173 0.188217 -0.960418 -1.49094 -1.09809 -1.18402 -1.02403 0.519234 -1.21472 -0.27046 -0.479142 -0.407942 0.696052 0.0873647 0.79196 1.43714 -0.552652 0.584784 0.0923513 -0.0644099 -0.310845 -0.480975 -0.485709 -0.216687 -0.44653 -0.0099148 -0.179616 0.304819 0.435314 0.0842113 0.142992 1.05503 0.838111 1.06448 0.262841 
0.165036 0.741549 -0.205577 0.81834 -0.321393 1.07495 -0.296717 -1.08598 -0.105687 -0.758888 -1.19558 0.233972 0.524003 -0.0391999 0.297922 -0.340622 -1.01125 -0.686738 -0.78299 0.291104 1.30102 0.217099 1.09097 0.513278 0.111742 1.09236 -0.271275 -0.316257 -0.241281 0.0987325 -0.140852 0.712635 0.56233 -0.857258 -0.656859 0.247826 1.05582 -0.307429 -0.871676 
0.156332 1.01195 -0.154403 0.2448 -0.831978 -0.72736 -0.77483 0.0321245 -0.923913 -0.179897 -0.698301 0.638468 0.000323215 -0.136356 0.0735424 0.061262 -0.605024 -0.253882 0.119905 -0.764105 -0.393661 -1.38614 0.173922 1.34316 -0.0764158 -0.392202 -0.262319 0.0799251 -0.427834 -0.864406 -0.693114 -0.596084 -0.472782 1.59391 0.498939 0.515216 0.879634 0.0495684 1.20012 
0.0897798 0.794523 -0.17316 0.174002 -0.534384 1.24936 -0.79003 -1.53401 -1.26641 -0.601934 -0.346215 0.149954 0.107296 -0.354804 -0.173494 -0.285122 0.112519 -0.207292 0.0262759 -0.854449 0.481786 0.476031 -0.525618 0.553694 -0.0439293 0.164623 -0.345276 0.409696 0.134682 0.0560091 0.069586 -0.581417 -0.536506 1.24191 -0.677561 0.414816 1.68653 -0.0738844 -0.900632 
0.00253167 0.928194 -0.299104 0.415248 -1.01022 -0.665984 -1.32627 0.602337 -0.534137 -0.669177 -0.347072 0.589542 0.195648 -0.376317 0.492065 0.154458 0.652147 0.364582 -0.857919 0.124645 1.78454 0.558015 0.27913 0.693693 -0.01314 -0.510747 -0.584712 -0.498662 -0.721982 0.347241 0.654571 0.930746 0.353213 0.0994815 0.52883 -0.480241 0.309879 -0.34338 -0.0685365 
-0.0717552 1.07914 -0.0930872 0.957209 -0.286139 0.243325 -0.711538 0.551444 -0.808371 -0.34779 0.0933498 0.134287 -0.43971 -0.500376 -0.476134 -0.780635 0.233887 1.08861 1.16367 1.2777 -0.362872 0.255749 -0.0224541 -0.171567 -0.389158 -0.212037 -0.431576 0.209977 -0.310913 -0.000660528 0.1333 0.118653 -0.613721 0.647531 0.800405 1.43102 0.316271 -0.845433 0.497562 
-0.203609 0.676934 -0.69718 0.723511 -0.222012 0.768471 -0.505921 0.190126 -0.327774 -0.693635 -0.453466 0.16769 -0.0230312 -0.259805 -0.193649 -0.6053 -0.66326 -0.16995 1.01247 -0.856333 -1.05543 0.524924 1.31055 -0.303882 -1.05993 1.04538 -0.337124 0.172493 -0.530073 -0.663445 0.0973971 1.41532 2.18878 0.260725 0.801024 0.699635 -0.475947 -0.834074 -0.0900705 
-0.191398 0.984231 -0.401507 0.246742 -0.436535 1.49525 -1.26419 -0.666286 -0.377886 0.859177 -0.0965319 -1.01215 0.723694 -0.00063558 0.724403 0.00195294 -0.926106 -0.941276 0.644092 1.33802 0.661313 0.827989 0.794077 -0.390866 -0.669428 0.142482 -0.559503 -0.0178846 -0.195388 0.641971 0.0138456 0.355067 1.9157 1.09254 1.21175 -0.435591 -1.30346 -1.31817 1.09233 
-0.230067 1.09015 -0.695089 -0.285424 -0.947645 1.57568 0.353236 0.969148 0.355052 0.0362162 -0.698233 -0.556916 0.147958 -0.559314 0.187223 0.32727 1.31254 0.207221 -0.556497 3.14588 2.28001 1.08989 -1.80868 -1.25322 -0.61575 0.100779 -0.395022 0.296322 0.127233 -0.715061 -0.211887 -0.463905 0.9614 -0.3172 1.01176 0.628733 0.784924 0.112277 1.78694 
-0.41873 1.10013 -0.23307 1.77984 -0.305645 0.853095 0.758109 1.99544 0.523008 -0.815391 -0.885426 -1.67877 0.848845 -0.583197 -0.310471 0.202625 0.180845 0.681181 -1.23228 -0.188328 -1.00633 0.528242 -0.101759 1.344 0.817177 1.71785 -0.761291 -0.235839 0.276433 -0.15881 -0.0284927 -0.542456 2.12176 0.485731 0.147607 -1.44875 0.54932 0.556634 0.0458393 
-0.465986 0.930577 -0.590388 -0.0373917 -0.463287 0.117714 0.230367 -0.19147 0.7883 -0.0615035 0.151658 0.324348 2.05051 -0.548458 -0.485237 0.100494 -1.48618 -0.225724 -0.131842 -0.610211 -1.73105 -0.851047 0.177329 1.92316 1.32993 -0.030595 -0.7752 -0.428417 0.697098 0.0579681 -0.14589 -1.07878 -0.0153307 -0.205532 1.33305 -0.348799 0.233795 -0.0610817 0.651989 
-0.642159 0.843828 -0.180591 0.134935 -0.497636 0.723589 0.363808 -0.0080966 -0.192179 -0.655291 0.329903 -0.243614 0.829597 -0.544472 -0.24518 0.85441 -0.131708 -0.854336 -0.13986 0.17138 0.785643 1.24343 -0.299294 -1.05332 -0.890413 -1.02444 -0.486364 -0.142747 0.0330685 -0.788219 -0.324954 -1.28217 -0.989997 -1.44351 0.693979 -0.738371 0.352362 0.387873 -0.621611 
-0.687982 0.807146 -0.152404 -0.144269 -1.12408 -0.0214707 0.338927 0.73216 1.81703 -0.341706 -0.511102 -0.638972 0.938876 -0.166038 0.311765 -0.036777 0.665736 -0.183318 -1.49961 -0.570916 0.132001 1.79637 -1.01412 -1.48997 -0.830874 -0.585474 -0.600039 -0.313349 0.567999 0.991289 0.653986 0.377703 0.352916 1.14755 0.94895 -1.71907 -1.72677 -1.45731 -2.25983 
-0.728088 1.02865 -0.198305 0.933573 -0.658002 -1.0571 -0.0052109 0.155281 1.29695 -1.59585 -0.60837 -1.14262 0.200455 -0.332633 -0.156529 0.0095067 1.13997 1.73488 0.624697 0.25152 0.500176 0.0315816 -1.63442 -1.0126 -0.962626 -1.27599 -0.265645 0.329156 0.485672 0.649829 0.265311 -1.02132 -1.16784 -0.406221 1.19875 -0.331614 -0.961762 -0.0154054 -0.0352348 
-0.833811 0.732781 -0.146451 1.19287 0.146104 0.762325 0.499047 1.32376 1.83675 -1.85529 -1.14817 -1.6803 -0.449246 -0.232725 0.146093 0.77754 -0.00837705 0.551852 0.200736 -0.822634 -0.576133 -0.198361 0.632288 0.343585 0.815863 0.572299 -0.490124 0.408921 0.928211 0.812256 0.974271 0.0906876 0.893572 -0.819174 -1.39173 -0.372726 1.04894 0.425174 -0.966918 
-0.837994 1.12178 0.200372 0.96674 -0.270094 -0.785118 -0.53618 -0.504974 1.12521 -1.01546 -0.389715 -0.262774 0.843877 -0.38724 0.721101 1.39325 -0.31569 -0.432413 -0.505797 0.81716 -1.40409 -1.78315 1.2066 2.28308 1.50923 0.304889 -0.636545 0.0272473 1.16905 0.240231 1.37994 1.52854 0.604793 0.0243486 -0.589365 0.221985 1.0668 1.15474 0.0987944 
-0.999273 1.14417 0.56706 0.877072 -0.200031 0.181378 1.02309 -0.299486 0.345465 -0.744351 0.294263 -0.0514589 -0.0997481 -0.696602 -0.0921395 0.985485 0.244815 1.28501 1.75139 1.54639 0.611394 -0.515725 -0.394917 0.948361 0.660737 -0.447669 -0.673099 0.46147 1.29632 0.130857 0.469685 -1.53127 -0.682703 -1.16382 -0.312974 1.92181 1.90318 1.36704 1.66612 
-1.11469 1.08306 0.705379 1.28741 0.664589 1.35883 0.457032 0.215986 0.689219 -1.38399 0.210539 0.4495 0.366203 -0.594375 -0.0862276 0.560161 0.439731 1.07018 -1.44325 -1.63124 0.116446 1.42645 0.932033 0.0141904 0.237989 1.43122 -0.739426 -0.0582297 1.1292 -0.126375 0.236031 0.221356 1.85177 0.39363 0.158296 1.32697 1.83269 -0.227422 -0.164955 
-1.23921 1.10871 0.854584 1.41908 0.574431 -1.53127 -0.0281229 -0.154201 1.52658 0.112944 0.305078 0.204151 1.48775 -0.379894 0.0317388 0.717925 -0.385117 -0.95505 -1.46589 0.666806 -0.164978 0.768393 1.86822 1.26419 -0.946011 0.301121 -0.827155 -0.646685 -0.0967276 -1.51477 0.396817 -0.0302589 0.165687 1.47337 1.68337 1.13831 0.333794 -0.237427 0.498244 
-1.27751 1.11289 1.07357 0.892782 -0.0713175 -0.381149 0.884339 0.0339466 1.32242 0.338145 1.01007 -0.573879 0.711559 -0.607615 -0.761431 -0.690605 -2.0068 -0.528404 1.40795 1.83051 1.53214 0.798193 0.330247 0.396683 -0.536016 -0.895883 -0.750143 -0.483227 0.162609 -0.726317 -0.688662 -1.88971 0.368101 -0.202667 1.34456 2.22336 0.83225 -1.28042 0.734931 
-1.48391 0.699545 0.502544 -0.817015 0.156708 0.198072 1.14789 1.63769 2.1846 0.41431 0.557236 -0.376341 0.517422 -0.711931 -0.660716 -0.460429 -0.371711 0.0668844 -0.940169 -0.225768 -0.0525184 1.01816 0.607688 -0.25417 -0.681546 0.477566 -0.666057 -0.730685 -0.214537 -0.556971 0.425763 0.237147 1.51209 0.703625 0.179095 0.175933 0.035488 -0.68778 -0.840912 
-1.55972 0.759472 0.83923 0.513375 -0.0450879 -1.48647 0.737382 -0.0172913 2.16359 0.895811 0.851557 -1.31158 1.25086 -0.363928 -0.198605 0.383931 1.424 1.10831 -1.10232 -0.0230436 -0.740582 -0.518632 -0.144387 -0.344372 -0.336086 0.0543359 -0.68009 -0.569216 -0.104683 -1.25563 0.731214 -0.737437 -0.603469 0.89448 0.635697 0.764588 -0.254828 0.589209 0.470686 
-1.64099 0.601892 0.699954 0.84265 0.959608 -1.103 1.13136 0.78616 1.74619 0.277211 0.341806 -0.740862 0.591525 -0.279684 -0.0833011 0.318084 -0.929064 0.915401 0.00323425 -0.493674 1.05658 -0.148191 0.236584 -0.0424787 1.43725 0.0294319 -0.552372 -0.25109 1.17848 1.21804 0.17828 -1.42117 -0.280645 -0.535951 -0.803638 1.08068 1.14706 0.273952 1.22783 
-1.68651 0.725637 1.00297 -0.498919 0.613946 -1.45291 0.418059 1.22146 2.03362 1.11065 0.826614 0.239509 1.29759 -0.444991 -0.119811 1.39319 -0.182723 -0.854422 -0.706357 -0.310806 0.15201 -0.472517 1.34221 1.73279 0.689926 1.23113 -0.421991 -0.509834 0.631625 0.462839 1.01173 0.721336 0.159822 0.458807 -1.30096 0.0867181 0.342608 0.0746731 -0.403376 
-1.82722 0.547849 1.41344 0.677843 0.298748 -1.92606 0.929692 0.97281 1.34618 1.51343 1.43701 0.00294192 1.9591 -0.342727 -0.581273 0.641009 1.39426 0.436415 0.919725 0.685935 -0.537593 -1.48601 -0.15051 0.463946 -1.33744 -0.421118 -0.378001 -0.552744 1.0074 -0.832714 -0.84257 0.443851 -0.0901723 -0.514035 -1.53769 0.371311 0.651872 -0.0847756 0.802491 
-1.83596 0.416185 1.33183 1.12698 0.915763 -0.312958 0.857674 0.606032 0.78974 0.967896 1.12121 -1.2067 0.849095 -0.114494 -0.60217 0.128019 -0.683444 -0.236491 1.27553 0.204464 -0.716181 -1.46779 -0.937821 -0.939585 -0.793365 -0.382984 -0.43289 -0.600613 0.635529 0.892666 0.0482731 1.16698 0.781699 -1.13029 -1.74112 -0.980352 0.749272 -0.600878 -0.014011 
-1.89461 0.226832 1.47999 -0.0555432 0.0987265 -0.356575 1.05954 0.149664 0.117479 0.643357 0.84602 -0.855544 1.55253 -0.295275 -0.204749 0.323924 -0.487355 -0.353792 0.571423 0.24912 -0.712705 -0.71733 -0.956936 0.446331 0.57611 0.429766 -0.130964 -0.585571 0.167343 0.92864 1.23418 2.15324 0.67153 0.85848 -0.551274 -0.56282 -0.464274 -0.811166 -1.08127 
-1.96836 0.315131 1.49856 0.616255 0.628262 0.406525 1.01625 -0.213071 0.18589 0.0801654 1.4047 -0.585841 1.33585 -0.0916104 -0.163729 0.13656 1.62732 1.88134 1.47307 0.599001 1.68016 0.802954 0.297385 0.391183 -0.236021 -0.705692 -0.0535462 -0.419018 0.229092 0.749053 0.281269 -0.131678 0.598145 0.0997797 -0.609817 -0.104367 0.497802 0.0512296 -0.532583 
-1.95378 0.148482 1.55091 1.835 1.47814 1.45138 1.44322 2.11371 0.779459 0.914365 1.09471 -1.11197 0.791248 0.199915 -0.338328 0.0330233 1.24668 0.743348 -0.736032 0.466691 0.831951 -0.023202 0.829281 0.16168 -0.50618 -0.954298 0.0327738 -0.0868238 0.101017 2.4054 1.60553 1.00451 0.812171 0.923562 0.212764 -0.204121 0.932683 0.0537002 -0.65959 