-0.963804 -0.0830476 0.881664 -0.0274811 1.22864 0.584812 1.57749 0.62077 0.823798 2.02073 1.46898 -0.779751 -0.473908 -0.258755 0.113165 -0.663294 -0.415618 -0.372105 0.239013 -1.48021 0.119747 1.81273 -0.996556 -1.10779 0.0738908 -1.1639 0.17783 -1.12982 -0.432723 0.780706 0.163744 0.614112 1.20205 -0.0198579 0.391223 0.57866 0.0325284 0.0861927 -0.652283 
-1.05294 -0.173884 0.659346 0.110581 1.09117 0.507185 1.37221 0.500097 1.43994 0.985452 0.657225 -0.909258 -2.45489 0.456584 -1.66029 -0.536139 0.717563 -0.265964 0.151131 0.817778 0.438578 -0.173661 -0.165499 -0.442958 0.499062 -0.233235 2.22609 -1.21086 -0.763709 0.828876 -0.644676 1.03911 -1.67315 -0.950006 0.670061 -0.599426 1.18451 -0.531859 -0.0649734 
-0.820571 -0.965503 0.642793 0.60676 1.00807 0.773018 2.09995 1.03685 0.5782 1.83248 1.12623 -0.145813 -0.693723 3.6565 -1.81388 -0.578381 1.41226 -0.461496 0.971094 -0.282584 -1.28079 -1.08317 0.401906 2.40941 -0.696711 1.09457 0.69925 0.11453 -0.105784 0.0462291 -0.243702 0.198744 -1.90419 -2.03828 -1.69036 -1.80333 0.058574 0.348473 0.212484 
0.255661 -1.1374 0.40121 1.31122 0.732975 1.56337 1.14453 -0.697938 0.119743 1.3666 2.47094 -1.80695 -1.24003 0.611145 1.81301 0.380755 -0.638464 -0.0431422 0.0831444 -2.82995 -2.94919 -1.67022 -1.67167 0.504478 -0.118897 0.496986 0.326282 0.441266 0.641723 0.184386 0.332005 0.20763 -0.514907 -1.46003 -1.10955 -0.437614 0.987909 0.481852 2.40865 
-0.62105 -0.0148576 0.822118 0.135416 0.944323 0.889256 0.135694 -1.72745 -1.43561 0.132735 1.49976 -0.3034 -0.124547 -3.15794 2.42351 1.6572 -1.17119 0.905443 -0.7265 -0.230031 -0.512736 -0.127489 -0.829555 -1.32433 1.22884 1.80561 0.338703 0.658452 0.35645 -0.186982 0.441778 0.340279 -1.17775 -1.52484 0.509771 -0.35395 0.310511 0.86362 0.589262 
-0.917466 0.135448 1.16272 0.405534 1.33688 0.822552 0.952687 -1.17494 -0.0713016 0.511947 1.46185 -0.238264 0.743091 -0.0936276 -0.899665 0.227049 0.444157 0.630678 0.315482 1.60188 1.0753 2.22503 1.33037 -0.165477 1.08598 0.219076 -1.35109 -0.242344 1.08526 -0.72031 2.13506 -1.38232 -0.521295 1.00242 -0.375586 -0.397148 -1.87269 1.94214 0.682674 
-0.678197 -0.49588 0.931337 0.546746 1.35484 1.25144 1.1927 -0.713625 1.15289 1.44562 1.36679 1.08231 0.144353 1.09677 -2.76984 0.153945 0.351632 1.89699 -0.875154 -0.289479 1.77289 -0.282959 0.44367 -0.741213 0.967028 -0.977412 0.563358 -2.0953 0.687816 -1.28577 1.18976 -0.255769 1.76197 1.45535 1.95154 0.179379 -0.556634 0.925583 -1.09597 
-0.541088 -1.3326 1.23859 0.741427 2.63866 -0.0756239 0.720313 0.493782 -0.446037 0.935006 0.893604 0.995078 -0.280794 0.953978 -2.03785 0.927868 -1.92663 0.935254 -0.608985 0.343104 0.746537 -0.098332 -1.12124 -0.450584 -0.0483007 -1.52609 1.15403 -2.64763 -0.102303 -1.91345 0.282747 0.912174 1.27214 1.9215 1.97852 0.993906 0.391696 1.15703 -1.58419 
-0.35382 -1.5776 1.3602 -0.974861 1.97972 0.635015 1.39156 -0.00843508 0.996296 0.298258 1.01827 1.01514 -1.47237 0.664975 -0.940047 -0.303583 -2.56997 -1.51748 1.93786 1.70576 0.627016 2.43907 0.606117 1.16963 0.334343 -0.915692 0.677795 -2.10478 0.535435 -1.63264 0.92652 -0.222533 1.40768 1.59096 0.505193 0.436792 0.00377642 0.288963 -0.906053 
-0.321962 -1.83493 1.10579 -1.3047 1.53723 2.00394 1.84813 1.08677 2.39536 1.52109 1.77001 1.41803 -1.23799 0.0810082 -0.912914 -0.0245441 0.0375019 0.286348 0.354075 1.21947 1.24347 0.648152 1.59604 0.451752 0.360664 0.44707 0.409367 -1.11673 0.643978 -1.07019 -0.725394 -0.0494815 1.209 -0.0365592 0.916839 0.22138 -0.234516 -1.44841 -0.405366 
-0.347367 -2.06562 1.35467 -0.895082 2.14788 1.03805 2.18787 1.16327 1.72169 1.87775 1.35195 1.47181 -0.957128 -0.03962 -0.629035 1.38612 1.34023 0.578294 -1.99182 -0.35763 -0.655293 -1.44046 -0.353634 -1.43091 -2.00141 0.437732 0.0719649 -0.657016 0.233572 0.499997 -0.109426 -0.369066 -0.653981 0.613733 0.879986 -0.219154 -0.334982 -0.953731 0.014026 
-0.35944 -2.17312 1.74366 -0.162787 1.91087 -0.0762973 1.56929 0.475939 0.653018 1.14403 0.680337 -1.15081 -0.732839 0.0294563 -0.0132973 0.429467 0.573574 -0.419815 -0.779138 -1.8822 -0.46532 0.310285 -1.79823 -0.823689 -1.46413 -0.421562 0.161175 -0.586006 0.586484 0.906963 0.749541 -0.960709 -0.547702 -0.678255 -0.0309068 -0.640421 -0.414976 -1.31022 -0.693687 
-0.359688 -2.07884 1.55621 -0.378236 1.81902 0.24151 0.869708 0.730783 2.04788 0.0510141 0.72135 -0.408853 -1.38043 0.286223 -0.197876 -0.39851 -0.252047 0.41181 0.879747 -0.190382 -0.16875 1.40579 -0.283326 0.970873 0.49178 -1.26181 0.583508 0.147015 -0.10126 0.759015 0.0564911 -0.29216 -0.858891 -1.22036 -0.440263 -1.00322 0.0420715 -0.578672 0.855205 
-0.278251 -2.28376 1.56757 -0.319081 2.16734 0.883191 1.40447 0.32187 2.27358 0.83753 1.40648 -0.526203 -2.06401 0.861645 0.211446 -0.577381 0.341163 0.503376 0.443378 0.998296 -1.03099 -0.791246 0.786829 0.867033 0.787979 1.45688 1.19049 1.38144 -1.37296 -1.3178 -0.675292 0.182812 -0.771867 -0.650841 0.148557 -0.436981 1.81056 2.64044 1.12951 
-0.0689384 -1.97345 1.29853 -0.0508777 2.13993 0.739077 1.51523 -0.232747 1.07259 0.818442 1.36899 0.59515 0.225899 1.53116 2.12225 -1.84909 -1.26798 -1.28546 -0.663972 -0.599588 -0.621298 -1.2448 -0.143669 1.02027 2.49968 2.62643 1.91883 2.83716 -2.58689 -1.50339 -2.00946 -2.61357 -1.41373 -2.36488 -2.71521 -1.1268 -0.408448 0.76913 1.96447 
0.256329 -1.16991 0.729861 -1.30368 1.22921 0.208563 0.960692 -0.257044 0.762411 0.67118 2.16996 2.67027 0.805984 2.06721 3.74861 -3.67451 -2.07876 -3.12218 -3.47475 -2.48107 -1.88464 -2.16997 -1.92577 -1.31988 0.0714512 0.910077 3.26683 2.5678 -3.92603 -1.4824 -3.78542 -2.90288 -2.67179 -1.18661 -2.01512 -1.82112 -1.09146 -0.758603 2.17361 
0.660861 -0.00125481 -0.371751 -1.69652 -0.0909436 -2.91093 -0.21119 -1.99766 -1.53169 -1.13629 0.363252 0.681374 1.24141 3.4548 1.46112 -4.61384 -0.445014 -3.65639 -2.70334 -2.2411 -0.833162 -0.953148 -1.71186 -2.22538 -3.38083 -0.00839687 3.16588 2.07872 -3.61493 -0.622304 -3.20076 -1.55201 -2.36731 -0.170114 -0.422222 -1.37642 -1.42047 -0.850884 1.0286 
1.49147 -0.404975 -1.36885 -1.6173 -1.37766 -2.62486 -0.602139 -1.03485 -0.404167 -1.06889 0.479648 -1.66544 0.829103 2.7647 -0.849156 -2.27477 1.3741 -1.05491 1.67606 -0.0309767 1.69074 1.70868 0.529199 -0.247599 -1.05775 0.333397 2.71398 0.861197 -3.08661 1.20478 -2.43545 -1.28939 -1.72323 0.224722 -0.828928 -1.99401 -3.34235 -0.815956 1.07436 
1.64468 -0.45562 -1.40361 -0.52699 -0.866802 -1.1085 -0.267338 -0.406073 0.446735 -0.627399 0.168197 -0.678759 1.63383 0.687486 -0.264261 -0.463134 1.88235 0.480365 1.20961 0.424253 1.1289 0.0484454 -0.322103 -1.45884 2.43433 1.30681 1.99721 -1.37349 -2.25818 0.072783 -1.28944 1.58321 0.464331 2.2163 1.0994 0.0445391 -1.24349 0.0314857 -0.319328 
1.71879 -0.55065 -1.57442 -0.0333946 -1.07294 -1.31619 -0.34795 0.029293 -0.387342 -1.4143 -0.631137 1.44733 2.27328 0.283775 -1.07898 -1.4344 -1.26387 -0.622075 0.165849 0.575326 1.07476 -0.51103 -0.459229 -1.12495 1.07676 -0.708071 0.451231 -0.86176 -0.804694 0.51715 0.491281 1.63272 0.505001 0.964812 0.281637 0.678989 -0.482802 1.73035 -0.687376 
1.72498 -1.03128 -2.05217 -1.50824 -1.33802 -0.90471 0.0898404 0.607243 -0.197472 -1.11042 -0.690164 0.695134 0.900967 0.00175414 -0.948264 -0.84621 -1.25116 0.171923 0.689792 0.163995 0.084622 0.257643 1.04687 0.924092 -0.47976 -2.12331 -0.0822641 -0.656828 -0.897775 -0.358139 -0.39589 0.580186 -0.0372763 0.558025 0.518992 0.36342 -0.705238 1.63427 -0.161906 
1.69638 -1.05732 -1.95471 -1.00428 -0.985316 -0.557783 -0.271183 0.113086 -0.123347 -0.385911 0.0596377 0.827522 0.0112653 -0.408671 0.153027 -0.0286332 0.86891 0.113899 0.511355 -0.572399 -0.36569 1.07589 0.858308 0.345221 0.76835 0.522377 -0.541926 -0.225037 -0.343381 -0.487671 -0.423855 0.690964 -0.0159594 0.259478 1.5103 0.226953 -0.79734 -0.111295 -0.860391 
1.55309 -0.95672 -2.05957 -0.750603 -1.29123 -0.335186 -0.335405 0.26829 1.0333 -0.271263 -0.437032 1.674 1.49758 -0.828114 0.626134 0.298532 0.70434 -0.716679 0.116048 -0.138058 0.254216 1.38799 -0.788639 -1.80526 0.336099 1.09911 -0.988757 0.574335 0.50851 0.105314 -0.293901 -0.229846 -0.705319 -1.1046 0.806649 -0.00361063 -0.720147 0.17712 0.619304 
1.37175 -0.733073 -1.81289 -0.380819 -1.52312 -0.406715 -0.400331 0.356092 1.47617 -1.1995 -1.31306 1.25273 1.23102 -1.09957 0.642687 0.887502 -0.720543 -0.488668 -0.774756 -0.145742 -0.98707 -0.197413 -0.838032 -1.14137 -0.583412 0.229749 -1.39216 1.15115 0.710134 -0.0108534 0.904927 -0.732639 -1.0931 -0.147927 0.349924 0.774968 -0.109256 -0.845322 -0.241443 
1.1296 -0.623735 -1.64912 -1.28887 -1.66855 -1.12709 -0.469791 -0.654005 0.759642 -1.13442 -1.30781 0.921423 1.77801 -1.29574 0.976206 0.893235 -0.692162 1.91003 -0.96329 -0.998641 -0.420601 -1.00745 1.61247 1.68194 -1.31606 -1.38028 -1.14325 1.73044 1.33568 0.0285833 1.12622 -0.683728 -0.435768 -1.0427 -0.607779 0.639021 -0.663483 -1.24083 -0.374489 
0.876808 -0.224067 -1.39982 -0.895944 -0.212152 -1.39819 -1.11615 -0.0344107 0.245437 0.396471 -0.0493287 -0.43827 -0.228157 -0.644428 1.76972 1.33709 0.778955 1.97149 -0.0156915 -0.281452 -0.28892 -0.466182 1.52155 0.40763 -0.847153 -0.670643 -1.06638 1.24464 1.06757 0.237808 1.79586 0.182259 0.540258 -0.620786 -1.73431 0.663735 0.210745 -1.63326 -0.0842948 
0.871856 0.304065 -1.03361 -0.604572 -0.314332 -1.11547 -0.696693 -0.920888 0.168424 0.370317 -1.00749 -0.168968 1.08558 -0.33095 0.756863 0.888682 0.995859 0.448708 1.17842 1.62494 -0.332175 -0.884345 -0.90344 -1.45282 -0.561617 1.28776 -0.463961 1.1995 0.718902 1.57403 1.35041 -0.414939 -0.290132 -0.332798 -0.659987 1.16 0.462716 -1.52406 -1.34407 
0.733232 0.169177 -0.988833 -0.0348041 0.0702835 -0.122534 -0.0434317 -0.3419 -0.839848 -0.532328 -1.15557 -1.16293 1.19544 -0.0629529 -0.0997761 -0.130845 1.09127 -0.195421 -0.462639 0.0114536 -0.106722 -0.254333 -0.30034 0.0990072 -0.906103 -0.934209 -0.0117927 0.444013 0.458687 0.261784 -0.386766 0.599136 0.363958 -1.52006 -0.35495 -0.50438 -1.96318 -1.02113 -0.281713 
0.825881 0.2452 -1.08763 0.334356 -0.485256 -1.57698 -0.723917 -1.01673 -0.172491 0.0467437 -0.940504 -1.33487 0.108377 0.313597 -0.143392 -0.112075 -0.664054 -0.944948 -0.479215 -1.18894 -1.53579 0.496396 0.406883 -0.712397 -0.618647 -1.61728 0.425534 -0.124851 0.0551324 -0.167481 -0.347542 1.2867 -1.2747 -0.562239 0.530719 -0.281685 -0.394392 -0.0522707 -1.67829 
0.82439 0.0872933 -1.03429 -0.527012 -0.628183 -0.601585 -0.888981 -1.77933 -0.293761 -0.146185 -1.70202 -1.96063 -0.519813 0.71298 -0.0822534 0.241147 -1.26271 -0.249513 1.96025 -1.34416 -0.57345 0.831983 0.0336217 -0.536378 0.82969 -1.07186 1.18087 -0.329371 -0.0279693 -1.34855 -1.36277 0.38772 -2.39527 -0.943035 1.37184 0.209851 -0.206889 0.70675 -2.27904 
1.06249 0.195583 -0.971979 -0.645947 -0.694252 0.526282 -1.67529 -1.55072 0.770099 0.0583093 -1.35389 -0.277436 -1.01756 1.4891 -0.32464 0.0851702 -0.89202 -0.827956 0.932929 -1.3533 0.383393 0.998288 -0.166299 0.48154 1.40701 -1.10997 1.17789 -0.443602 0.208403 -1.38911 -0.0334495 2.29585 -0.721755 0.261198 1.16918 -0.927164 0.111684 1.22063 -1.67888 
1.34365 -0.090248 -0.98978 -1.20508 -1.24431 0.414199 -1.84658 -1.41505 0.845321 -0.335246 -1.34583 -0.163732 -1.68693 1.08518 -0.545518 0.122218 -0.34091 0.215428 0.709178 0.608284 0.914421 0.441751 -0.966522 0.656394 0.544149 -0.934919 1.2563 -0.267368 0.203975 -0.618882 -0.21434 0.809213 -1.01939 0.82879 1.10216 -0.832952 0.813226 1.7463 -1.22119 
1.43465 -0.0985308 -0.910573 -0.874692 -0.576007 1.30521 -1.29564 -0.687925 1.25162 -0.933794 -0.865497 0.414253 -1.99553 0.428699 -0.0566861 0.270885 0.191371 0.557256 0.0102208 0.296156 0.661449 0.202374 -0.669367 0.411145 0.565738 -0.347359 0.685724 -0.496883 -0.209666 -1.13007 -0.335863 -0.194392 0.446197 0.806589 0.285903 -1.04966 0.675153 0.933187 -0.133765 
1.47673 -0.126371 -0.860567 -0.999853 -0.885471 0.453243 -1.67971 -0.789741 1.04402 -1.02915 -1.04286 0.55561 -2.03005 -0.0380882 -0.156763 -0.44912 -0.959033 -0.645086 -0.931411 -0.083508 0.102889 -0.131012 -0.0928046 0.0842188 0.502195 0.783007 -0.0846845 0.179133 0.165378 -1.15113 0.171128 -0.0626563 1.05035 1.06403 0.302861 -0.0264434 1.2793 1.37421 1.24558 
1.39773 -0.187471 -1.10975 -1.6074 -1.06342 0.347485 -1.3876 -0.586982 1.05641 -1.0491 -0.80969 1.0522 -1.11732 -0.557289 0.299748 0.0214423 -1.516 -0.323745 -0.0794822 0.88073 0.675111 0.126853 0.666078 0.994867 0.983075 1.85131 -0.472254 0.456495 0.540829 -0.554662 -0.204954 -2.19356 -0.480967 -0.889861 -1.66206 -0.396804 0.970029 1.26386 1.5412 
1.25072 0.0256208 -0.845125 -2.18666 -1.14671 0.397331 -1.11434 -0.151605 1.15348 -0.382896 -0.298573 1.80951 0.00244647 -0.681948 0.78769 1.36135 0.333674 0.386664 -1.61225 -0.392472 -1.18934 -1.68201 -0.292725 0.981167 0.920898 1.07583 -0.98191 0.900805 0.580643 -0.684971 0.602378 -1.51066 0.301008 -0.991999 -0.764717 0.988625 1.69704 0.30046 2.17677 
1.12632 0.222041 -0.483181 -1.28615 -0.824653 -1.33095 -1.69019 -1.69917 -0.971323 -1.36503 -0.0757648 2.22646 0.0772948 -0.940504 0.952503 0.956524 0.737871 1.12135 -1.6712 -0.512668 -1.88823 -0.96155 0.378259 0.871241 -0.657613 0.770504 -1.21033 1.61005 1.13709 0.55525 0.776314 -1.11838 0.856682 -0.637702 -1.75898 0.433586 0.568126 -0.878227 1.37019 
0.885156 0.522117 -0.403193 -1.53586 -0.390848 -1.3435 -1.49886 -1.9199 -0.0230239 -0.0254781 0.352246 0.961892 0.867154 -1.16443 1.45637 0.535363 0.342179 0.638461 0.317089 1.36031 0.415591 -0.23668 0.764221 -0.358432 -1.93834 0.577705 -1.16865 1.55317 0.990429 1.95205 0.540779 -1.49549 0.469017 -0.832667 -1.29473 -0.286118 -0.483584 -0.880997 -0.0898868 
0.679203 0.984462 -0.23334 -0.957963 -0.408663 -0.967068 -0.79787 -1.30467 -1.29138 -0.620292 -0.354614 -0.261607 0.733687 -0.842255 1.21202 0.698035 1.57553 -0.40432 -0.0618708 1.06208 0.872699 -0.450998 -0.649553 -1.40685 -0.362989 -0.869741 -1.12924 1.348 0.376233 1.39981 1.15723 0.339558 1.08154 1.11626 0.462331 0.676673 -0.605578 -2.08774 -0.604653 
0.555369 1.15558 -0.0791571 -0.202113 -0.708802 -1.38077 -0.809859 -1.09627 -0.596301 -0.699495 -0.719234 0.491654 -0.0403943 -0.5582 0.421242 0.105103 1.3238 0.884924 0.0806997 -0.149767 0.985744 0.73977 -0.0418416 -0.311537 -0.457126 -1.2949 -0.803078 1.10058 0.484146 2.51728 0.217657 0.43639 0.347554 1.15607 -0.657249 -0.609996 -1.68705 -1.27266 -1.10538 
0.452865 1.20058 -0.17974 0.170553 0.180796 -0.853418 -0.935 -0.374915 -0.457743 -0.684456 -0.598009 -0.852423 -0.633244 -0.382632 0.319595 0.120606 1.40052 0.698694 0.5721 -0.643772 0.578004 -0.266532 0.0439924 -0.454239 -1.10385 -0.448562 -0.499414 0.237178 0.0367538 1.22853 0.0145126 -0.249556 -0.203478 0.351809 0.606298 -0.231775 -1.19655 0.558752 0.344869 
0.392971 1.31804 -0.0184863 0.988956 -0.250417 -0.746946 -1.28376 -0.549294 -0.951628 -0.677522 -1.07052 -0.92753 -0.492866 -0.203285 -0.0970094 -0.0251452 0.141377 -0.856273 -0.366988 -0.0266998 -0.532406 -0.0797206 -0.173366 -1.00932 1.07687 1.71758 -0.465882 0.0640071 -0.146751 0.994127 1.20751 0.942955 -0.164846 0.111545 -0.176666 -0.586934 -0.537927 -0.33403 0.0955694 
0.355783 1.14317 -0.185546 0.335023 -0.455257 -1.21367 -0.988233 -0.870379 -0.592349 -0.880608 -1.36895 0.521609 1.25476 -0.32768 -0.237525 -0.34363 -0.210151 0.890462 0.526351 0.509004 -0.422618 0.0729569 -0.62575 -0.14122 0.706419 0.57196 -0.493365 0.0212504 0.329124 0.879327 -0.0805618 0.385709 -0.356981 0.459716 0.290904 -0.235133 0.129804 1.04676 1.283 
0.250586 1.18648 -0.169553 0.86682 0.342939 -0.161548 -0.971795 -0.94169 -0.905843 -1.32765 -1.18515 -0.0279941 0.157318 -0.548968 0.119288 0.587831 0.91441 0.760562 0.818367 -0.315453 1.11956 0.395912 -0.0453072 1.14929 0.0988739 -0.168701 -0.534678 -0.395875 -0.548846 -1.24324 -0.121671 -0.121653 0.144806 0.503937 0.414503 0.649121 1.64594 0.704061 0.761648 
0.132807 1.19992 0.088226 1.12976 0.0466718 -0.319157 -1.23831 0.184999 -0.164985 -0.948249 -0.507914 0.642958 1.10468 -0.487618 -0.323506 -0.543286 -1.22246 -1.03995 -0.664119 -0.309541 1.06461 0.377989 1.31969 1.95104 0.0788755 0.351046 -0.541806 0.0182759 -0.57457 -0.280239 0.213884 0.413621 1.2269 0.548267 1.02224 1.16656 1.76077 -0.133046 -0.166913 
0.0499528 1.00954 -0.411683 -0.0806662 -0.422389 -0.836332 -1.21785 0.062102 -0.499657 -0.0254811 0.282031 0.0677391 0.568809 -0.277208 -0.101169 -1.51722 -1.21805 -0.471123 -0.334577 1.6829 -0.422594 0.717611 1.27329 0.787013 -0.267316 -0.0230038 -0.376232 0.188599 -0.191597 -0.66642 -0.143797 0.050207 0.666241 -0.253065 0.903046 1.47007 0.73644 0.169577 0.204216 
0.00880305 1.14032 -0.598115 0.18587 -0.318301 -0.645102 -0.12608 -0.207375 0.642472 0.307351 0.0792251 0.295263 1.11201 -0.0858851 0.579806 0.246218 0.466083 0.86152 0.725914 1.07183 -1.36138 0.605589 0.221528 -1.14293 0.0974682 -0.0972209 -0.349669 0.12096 -0.689064 -1.32692 -0.542186 -0.425815 1.15043 -0.577053 -0.418682 0.107389 -0.809794 -0.937401 -1.76746 
-0.00437434 1.30934 -0.293721 0.34854 0.150597 -0.0396853 -0.522194 -1.21159 0.175445 0.174654 -0.589918 0.187287 0.495955 -0.255759 0.262881 0.398792 -0.312669 -0.228414 -0.156383 -0.397995 -0.275949 -1.17504 -1.13845 -1.6819 -0.817548 -2.09012 -0.320055 0.563241 0.0925271 1.50436 0.650625 -0.0989381 0.909702 -0.303877 -0.796147 -2.67873 -1.8173 -0.105415 -0.11452 
-0.10739 1.27286 -0.410563 -0.0198504 -0.512446 -0.782418 -0.432431 -0.462081 -0.78628 -0.857287 -1.2002 -0.757208 -1.11413 -0.40189 0.200395 -0.0741737 1.32246 -0.000802386 -0.837306 -0.0467558 1.0016 -1.47455 -2.96217 -0.861618 -0.23443 -0.0315873 -0.351192 0.412263 0.254386 -0.0376685 -0.0253023 -0.0466319 -0.215349 -0.0379072 -1.13547 -1.6786 -1.64305 -1.3991 -0.980264 
-0.173786 1.40889 -0.321889 1.47596 0.116653 -0.897798 -0.5891 -0.26695 -1.60718 -2.82013 -1.24919 -0.118283 0.494017 -0.279532 0.306191 0.0404961 0.29341 0.204985 0.105729 0.208715 0.246 -0.063861 -0.569986 -0.130727 -0.793341 0.922006 -0.495169 0.275359 0.106963 0.450805 -0.912801 0.302456 1.01692 1.4925 0.127058 -0.665312 -0.759622 -0.781732 -0.72997 
-0.23224 1.42825 -0.386431 0.268574 -0.401551 -0.642272 -0.325178 -0.226788 -0.902148 -1.45146 -1.3069 -1.77867 -0.0857274 -0.353117 0.17723 0.270053 -0.769057 -1.18352 1.19201 1.18756 0.866315 1.61211 2.29952 0.0219877 -0.673078 -0.836051 -0.652203 0.0244175 0.40439 0.216304 0.25335 1.60442 1.36668 1.78435 1.33773 0.222162 0.65831 0.0483911 0.922513 
-0.325435 1.49622 -0.193056 0.898145 -0.749728 0.39224 0.185449 0.550685 0.257145 -0.534682 -1.24043 -0.985706 -0.377131 -0.715115 -0.279483 0.646461 -0.0149237 0.136077 1.76082 1.3096 1.98383 1.52136 0.823276 0.852789 0.831615 0.194114 -0.602331 -0.212534 0.453095 -2.05803 -0.927678 1.16111 0.543959 1.22927 1.3385 2.1847 0.391147 0.130049 -0.919784 
-0.515724 1.27454 -0.085918 0.30561 -0.339156 1.24988 0.53257 1.63996 0.854949 -0.647454 -0.670034 -0.718777 0.156201 -0.565422 -0.481877 0.497322 -1.61879 -0.0202619 0.159765 -0.557262 0.675157 -0.153777 -0.0207484 0.405824 0.804386 -0.259453 -0.683219 -0.566869 0.617023 -0.342924 0.0449304 1.12076 0.267403 1.10899 0.578405 1.46 0.710936 1.49203 -0.181388 
-0.554403 1.2357 0.0394347 -0.372471 -0.797369 0.589585 -0.229478 1.18886 0.0350394 -0.577678 -0.941481 0.039314 -0.625274 -0.326863 -0.520666 0.391572 -0.362204 -0.0676377 -0.455899 -0.977811 -0.591517 -0.891717 0.707552 -0.0727656 0.851435 -0.403196 -0.566507 -0.335624 0.747471 -1.00875 0.709614 0.867369 -0.245251 0.514287 -0.267503 1.4064 1.83081 1.13521 -0.587515 
-0.657812 0.993542 0.09834 0.0595039 -0.420141 0.795508 -0.169053 1.089 -0.239047 0.0404179 -0.732912 0.366507 -0.247254 -0.298448 0.00510078 0.756091 0.461081 0.95814 0.850916 0.335707 -0.020331 -0.138833 1.49626 1.60761 0.472129 -0.437172 -0.480865 -0.39591 0.317651 -0.708364 0.56358 0.389969 0.400097 0.402556 -0.840658 -0.181691 -0.149944 -0.477678 -0.655482 
-0.686143 1.23218 0.38995 0.0526571 -0.156378 1.51855 -0.0356517 1.17413 -0.169409 0.901678 0.266054 0.638755 -1.06544 -0.406314 -0.0404139 0.152172 -0.443348 0.814496 0.912225 1.45283 1.10779 -0.0257739 -0.871069 -0.0953735 -1.41253 -0.375022 -0.623516 -0.414079 0.446102 1.53951 1.25524 0.446864 0.83542 0.426454 -0.827741 -0.0848324 0.325071 -0.394543 0.452787 
-0.828835 0.966007 0.173408 -0.252761 0.119748 1.78938 0.786334 2.13333 -0.309913 -0.855896 -0.812881 -1.44805 -0.620267 -0.65242 -0.591588 -0.000262968 1.36868 0.693443 -0.328524 0.609187 0.566236 -0.764576 -1.55981 -1.25257 -0.938502 0.989399 -0.56946 -0.132135 0.286506 0.411305 -0.109456 -0.327382 -0.216809 -0.79244 -0.670756 -0.594302 0.651137 0.167649 1.09274 
-0.946794 0.913754 0.395492 1.21776 0.29831 1.19902 0.34461 1.71006 -1.11319 -0.685802 -0.688791 -0.568642 0.0357817 -0.462064 -0.151802 0.340148 0.950447 -0.948001 -1.28889 -1.64368 -2.07343 -0.706483 0.281707 0.809536 1.58667 1.6955 -0.55708 -0.806213 -0.0763549 1.14797 0.0714992 -1.01338 0.210748 -1.16857 -0.900185 -1.2261 -0.131172 -1.35713 1.24414 
-1.02016 0.879684 0.334212 0.571354 -0.580867 0.453241 -0.369225 0.191171 -1.18505 -0.595371 -0.208714 0.578974 1.24388 -0.197065 -0.54326 -0.106531 0.00205025 -0.59025 -0.844711 -0.338548 -1.99832 -0.217815 0.318382 1.10511 -0.624569 0.512821 -0.452644 -0.752925 0.217974 0.533887 -0.0608093 -1.79047 -0.807098 -1.71432 -0.0743304 0.871818 1.26499 0.834854 0.173383 
-1.04161 0.620832 0.352566 1.26864 -0.150508 0.333065 0.0787851 -0.161592 -1.41095 -0.388472 0.138839 -1.37393 0.622068 -0.228047 -0.90853 0.0390202 -0.299639 0.878128 -0.786711 0.815686 -0.0354408 0.624478 0.642077 0.580721 -0.652363 -1.47869 -0.336573 -0.723656 0.605305 0.269361 0.517492 -0.456761 0.0850258 -0.420403 0.248984 1.31169 1.32574 -0.077747 -0.382842 
-1.12626 0.393984 0.357671 0.376258 0.00380851 -0.351314 0.151811 0.162251 -0.487632 0.0267942 0.222464 -0.261915 -0.321624 -0.315917 -0.476141 1.12522 0.338639 1.27682 0.317817 0.473485 1.49404 0.488303 1.05938 0.35205 0.51913 -0.963742 -0.330197 -0.905499 0.395457 -0.0953759 1.06838 -0.0555837 1.53126 0.924506 1.19932 2.60928 1.48474 -0.106781 -0.701403 
-1.17971 0.363333 0.871438 1.59394 0.714783 0.697718 0.366537 1.24535 -0.874427 0.652471 0.397134 -0.714288 -0.387048 -0.275205 -0.365161 0.633188 0.212727 0.529029 0.725663 0.880278 1.19898 0.682112 2.0749 1.05157 0.513844 0.645343 -0.413274 -0.642036 0.386396 -0.949444 -0.65597 -0.224677 0.547716 1.56702 1.53778 2.01386 0.252108 1.13875 -1.21124 
-1.24954 0.195057 0.65213 0.5989 0.342777 0.445067 0.716881 1.29219 0.277882 2.08683 1.00961 0.390957 0.407849 -0.314114 -0.429123 -0.467967 -1.42682 -2.1252 -0.575215 0.160868 0.466281 1.1873 1.04308 -0.0773737 0.761416 -0.481652 -0.427998 -0.67748 0.926294 0.275832 0.540423 0.992537 1.2495 1.30956 -0.202565 1.18292 0.358453 -0.222892 0.310624 
-1.31716 0.130649 0.663661 0.479833 -0.814381 0.117044 0.441172 1.68743 0.487974 1.67705 0.330773 0.255693 -0.875273 -0.377295 -0.589668 0.915478 0.135549 0.187539 0.430362 0.511564 0.442069 -0.903923 -0.830027 -0.659763 -0.784651 -0.263778 -0.331264 -0.620349 0.251698 -0.409522 -0.888459 -0.244992 0.868566 0.00166919 -0.574228 -0.166224 0.389844 0.776476 0.613008 
-1.40999 -0.122358 1.07534 0.758618 0.441393 0.928855 1.03059 1.71155 -0.830536 1.2317 0.502949 -0.619376 0.155033 -0.190766 -0.445813 0.902817 0.971619 0.972716 0.294227 0.819802 -0.447151 -1.81431 -1.19063 0.50375 0.106383 1.22622 -0.284606 -0.383613 0.737148 0.616562 -0.868584 -0.469635 0.189396 -0.436046 -0.240361 -1.30501 0.0899146 -0.639977 -0.00493384 
-1.40968 -0.110844 1.0811 1.32121 -0.163131 0.456725 0.965014 1.27201 -1.69609 0.460048 0.703758 0.386659 0.481828 -0.0563824 0.0457846 0.320891 0.612184 -1.31402 -0.972206 -0.263972 -0.965748 0.640904 -0.492835 0.755802 0.0386492 0.266524 -0.287116 -0.751849 0.621847 1.27203 0.312786 -0.329212 -0.743498 -0.88517 -0.621899 -0.604219 0.811821 0.367409 1.27375 
-1.45357 -0.1044 1.22736 1.30694 -0.51684 -0.0720564 0.815606 0.809267 -0.11371 0.714956 1.06649 -0.575168 0.4752 -0.246742 -0.613013 0.14318 0.544558 -0.553909 -0.673012 -1.57915 -0.633487 1.13532 0.591033 0.387386 0.295355 0.311552 -0.416227 -0.762096 0.040848 1.48036 -0.659438 -0.860774 -0.299141 -0.367549 -1.20094 -0.773938 -0.574945 -0.00733132 -0.128827 
-1.52259 -0.44058 1.15206 1.8144 -0.586371 -0.227473 -0.146553 0.68165 -0.395096 1.03099 0.988769 0.759675 0.850646 -0.578155 -1.11894 -0.234173 1.14823 0.461112 -0.0238269 -0.0157493 0.527011 -1.95119 -0.281926 -1.39203 -0.0638618 -0.412508 -0.323302 -0.508774 0.256069 1.11304 -0.0236938 0.394616 -0.12521 -0.150748 0.791288 0.784497 -0.012927 -1.23524 0.493651 
-1.68718 -0.701149 1.12622 2.29231 -0.225674 -0.0690539 0.769838 1.30837 -2.45949 0.409861 0.00621261 -0.662263 0.0616834 -0.245988 -0.105896 0.298885 0.785222 0.532584 1.13473 1.48717 0.463604 -0.27359 0.24263 -0.404616 -1.71956 0.289731 -0.399168 -0.481005 -0.190923 -0.307607 0.417888 1.30049 -0.101147 -0.327255 -0.87495 0.426857 -0.121873 -0.385507 -0.165475 
-1.63522 -0.502674 1.29405 2.5038 -0.244901 1.00193 0.832243 1.12123 -0.758762 1.2523 0.675003 -1.44816 1.19589 -0.0303503 0.438863 -0.0617825 -1.48395 0.0951745 1.53744 -0.0502635 -0.915781 0.99631 0.746476 1.25481 -0.392216 0.22253 -0.442996 0.246028 -0.0477645 0.838482 1.17689 1.13522 1.34983 0.132002 -0.704304 0.295943 0.594978 -1.1731 -0.521573 
-1.72128 -0.475737 1.1037 1.13163 -0.192067 1.58664 0.700541 0.452998 -1.32275 1.13679 0.947019 -1.16994 0.334314 -0.4294 0.442505 -0.358474 0.222679 1.01651 0.186973 0.0129657 -0.28285 -0.495242 0.0868074 1.05693 0.36616 -0.907195 -0.320391 0.286737 0.257233 -0.133367 0.708316 1.41457 0.908884 0.452748 1.51064 0.707457 0.470937 -0.627244 -0.583567 