-0.650636 0.515423 -0.170855 0.293537 0.659382 0.411427 0.478999 1.20252 0.000374016 1.17381 1.2055 -0.0382895 -0.0223925 2.16602 -1.99721 -1.55179 -0.890868 -0.150681 -0.591004 0.403147 1.07323 0.683144 1.5033 -0.281133 -0.215659 -0.597782 2.20896 -0.637893 -0.980792 -2.15032 -1.39826 -0.635466 -0.00352056 -0.13427 -1.02433 -0.712166 -0.284007 -0.382355 -1.23102 
0.287986 -0.549663 -0.63139 0.489755 0.422966 0.645003 1.40219 1.77179 0.535953 0.0673992 -1.31488 -1.1661 -0.765373 3.50959 -0.518915 -0.746389 -1.79771 -1.33181 0.889541 -0.0533265 -1.08395 -1.35836 -1.51255 -1.09771 -1.06643 -1.53888 0.900788 0.637687 0.220453 -1.04574 -0.242006 0.448694 -0.917273 0.00354161 0.169946 0.23913 0.191249 -0.288774 0.558076 
0.804713 0.208107 -0.559957 -1.03097 -0.0749122 0.873522 0.457937 0.220896 -1.18887 -0.808772 -0.115777 -1.11975 -2.23238 -0.897405 2.93634 1.84046 -0.273146 -0.186948 1.17376 -1.47715 -1.08166 -0.497636 -1.25748 0.506439 -0.0470639 1.2088 0.402478 0.635034 0.860857 0.764703 0.361008 1.72979 1.39728 0.0558779 0.407916 -2.38451 -1.17043 -0.932561 0.46352 
-0.146456 1.22848 0.439134 0.269282 0.333321 1.2524 0.224096 0.792185 0.124409 -1.5855 -0.735056 -1.22245 0.979736 -2.95992 1.45422 1.82695 2.6607 1.82785 1.3886 1.69563 1.1416 1.82811 -0.642552 -0.14646 0.150994 2.05107 -1.43963 1.82938 0.721864 1.10652 0.690844 0.684269 0.214421 -0.950073 0.116038 -1.53899 0.688612 0.104905 -0.614295 
-0.514169 1.09169 0.502941 0.873143 0.969936 1.59076 1.85811 1.21201 0.500977 -1.66688 -0.309715 -0.976932 0.725107 -1.21063 -0.273687 -0.931776 1.51884 1.13899 -0.279246 1.73128 -0.130837 0.618757 -0.123881 0.255602 0.183479 -1.82318 -2.39919 0.688885 0.573513 1.47152 0.948206 0.318855 -0.157436 0.166089 1.23358 1.10713 -0.472711 -0.0214891 2.29137 
-0.715216 1.06917 -0.0545733 1.3465 0.990286 1.11696 1.65324 0.655407 0.721564 -1.77321 -0.452507 -1.04697 -1.63949 -0.532532 -0.441032 -1.1017 -1.00634 -0.520002 -0.977674 -1.87791 -0.944792 -0.372181 1.68269 -0.344753 -0.142726 0.371643 -1.01002 -0.270592 -0.79696 0.88377 0.47535 0.184615 0.849414 0.0259597 0.89376 0.974665 0.540453 1.61746 -0.620291 
-0.792148 0.831385 -0.0866479 0.121713 0.692755 1.09824 0.35436 0.353738 0.202786 0.480417 -0.738653 -1.12949 1.26518 -0.277583 -0.100801 -0.0376293 -0.522541 -0.484869 0.512519 -0.731936 0.150709 0.431281 1.0428 0.346551 1.48646 1.20253 -0.132894 -0.407521 -0.990069 -0.745227 -0.761769 -0.28334 -0.8912 -0.690194 -0.638413 0.978164 -0.446868 -0.295951 -1.04006 
-0.883868 1.01421 -0.0437601 0.945426 0.732887 1.3863 1.08072 0.768193 1.14933 -0.452989 -0.0621732 0.438841 0.0966024 0.309793 -0.131495 -0.10649 0.178789 -0.536202 0.59166 0.834503 0.0604227 -0.407822 -0.760573 -0.118571 -0.127273 -1.43104 0.78318 -0.92516 0.131156 -0.296025 0.133762 0.204016 -0.759257 -1.35036 -1.51899 0.759688 -0.272631 1.16184 0.671875 
-0.708924 0.757899 -0.114689 0.228515 0.406451 1.40805 1.05477 0.386494 -0.127607 -0.53023 -0.899541 -1.2665 -0.78958 1.37652 -1.22038 0.215881 0.197921 0.666742 -0.25357 -0.156623 -1.86863 -2.26305 -0.320609 -0.621845 -0.27846 -0.472568 1.42091 -1.68306 -0.211249 -0.432871 0.70667 -0.122484 -0.0203424 -0.527865 0.425862 -0.967272 -0.378318 1.10657 -2.20698 
-0.343217 0.283519 0.110096 1.06608 1.12394 1.26398 0.97572 -0.908981 -0.857323 -0.894979 -0.819496 0.149788 -0.578506 1.70923 -2.28582 -0.138658 -0.656626 1.51012 -0.764798 -0.855888 -0.739828 0.898999 -0.0976 -0.270777 1.27924 -0.84806 1.63903 -2.23364 1.16295 -1.33196 0.674093 -0.625932 -0.0669606 -0.843234 -0.212585 1.04244 0.181132 1.4242 0.32264 
-0.025601 -0.615854 -0.160881 -0.269661 1.27239 1.02436 0.381525 -0.290099 0.722756 -0.683979 -1.24081 0.0109155 -2.00518 0.957204 -1.99322 1.23824 -1.68239 0.262143 -0.585827 0.0805277 0.791029 1.99166 1.30155 0.836234 1.75247 0.837502 1.40848 -1.93012 0.0923817 -0.274981 1.21345 -0.660878 0.790781 -0.56401 1.15986 0.433791 0.793319 1.89103 0.331806 
0.0176271 -0.913633 0.840813 -0.174917 1.28717 0.971794 1.06343 -0.228609 0.980294 0.759685 0.151166 1.90309 0.632143 0.291861 -0.488815 0.268963 0.355567 0.164423 -0.120845 1.78642 0.014784 0.468874 0.521558 1.14581 0.66806 1.22258 0.88906 -1.11749 0.0254824 -1.4102 -0.321549 -0.328783 0.0837384 1.07545 1.9794 0.100857 -0.929604 0.0281134 0.98043 
0.0499333 -0.905003 0.0229266 -0.0348426 1.3806 0.969897 1.85548 -0.297798 1.18449 -0.0374624 0.0967402 0.673711 -0.240247 0.294486 0.393882 -1.19065 0.11032 -0.70974 0.139674 0.0202334 0.553965 0.355077 -1.18227 -1.82051 -1.69391 0.214975 0.53289 -0.583012 -0.134939 -0.202862 -0.231545 0.531571 0.885434 0.340071 0.897744 0.23667 -0.19501 -0.496795 1.39141 
0.0942872 -0.670021 0.201035 -0.117697 0.903148 1.05052 1.10214 0.241626 1.33921 -0.796003 -2.02671 0.190624 0.946706 0.445963 -0.337522 -0.41975 -0.57588 -0.48759 0.813277 -0.744806 0.401697 0.585924 -0.277988 -1.33734 -1.14169 0.259469 0.776647 -0.0900296 -1.63027 0.319734 -0.333158 0.330251 -0.959179 0.596756 0.189927 -0.850022 -0.357128 -0.433258 0.489657 
0.191549 -1.10284 -0.181871 -0.474546 1.12167 1.393 1.2725 0.0374663 1.75198 -0.424365 -1.50853 -0.483432 0.138362 0.795019 -0.507227 -0.809178 0.254474 0.246093 0.286334 -1.14342 0.186615 -0.145702 0.43139 1.45403 1.2847 0.324532 0.753169 -0.255064 -0.558767 0.409968 -0.353147 -0.257218 -1.04954 0.379023 -1.91857 -0.223715 0.254694 0.436082 0.949734 
0.385584 -0.970284 -0.223497 0.0439133 1.05734 1.20423 0.195253 0.38624 1.24565 -0.266029 -0.323889 1.47353 1.41897 0.60967 -0.01451 -0.255119 1.0417 -0.00369129 -1.16472 -0.484422 0.0639658 -2.89496 0.100254 1.63112 1.61387 0.760923 1.02385 -0.671273 -1.0505 0.272005 -0.349303 -0.147923 -0.852527 -0.828891 -0.0821761 1.05412 2.19758 1.26532 -0.0741139 
0.403365 -1.10572 -0.293776 0.257148 1.13521 0.804858 0.901125 0.0733628 -0.825627 -0.322386 0.40416 1.1305 1.23878 0.651139 -0.44676 -0.473744 0.0568822 -0.732061 -0.493138 0.145398 -1.24611 0.0300741 0.56024 0.936434 0.0282253 -0.374296 1.03153 0.474002 0.0155816 0.845884 -1.19425 -0.921887 -0.739544 -0.835238 -2.0474 1.55056 2.79682 2.38831 -0.859137 
0.615182 -1.23405 -0.458761 0.0624345 0.660752 0.959427 0.335678 -0.739123 1.31091 0.430485 0.765522 1.49289 0.885316 0.847575 0.716913 0.290458 -0.08782 -1.65042 -0.0663405 -0.381002 -1.13147 0.432049 1.34567 1.40602 0.837609 -1.63122 0.537318 1.49161 0.469302 1.4241 -1.29959 -1.8524 0.43259 -1.1525 -1.86214 -0.846751 -0.0260634 0.140499 -0.736328 
0.717198 -0.667136 -0.09784 0.170881 0.221513 0.778259 0.613786 -0.950387 -0.397168 1.3893 2.05009 1.9638 -1.10412 0.0930743 2.62091 1.07013 1.54438 -1.06768 -1.96935 0.364767 -0.221987 -2.27171 -1.30812 -0.945642 0.144276 -0.367634 2.30651 2.18344 -2.51127 0.447902 -3.1231 -3.11986 -2.67345 -2.16548 -0.71695 -0.57757 -0.200073 -0.66188 -0.0672185 
0.605473 0.353709 0.177103 1.15815 0.0751844 -0.0400862 0.654367 -0.956698 -0.703574 -1.28787 -0.375537 1.62895 0.361253 2.44915 2.45782 -3.37969 0.596114 -2.67034 -4.0735 -2.754 -1.61564 -1.30586 -1.84722 -1.60302 -1.47861 1.58866 2.35908 1.84726 -2.74397 0.841784 -3.30532 -3.06112 -1.573 -0.474839 -1.69302 0.0476859 -0.139873 -1.76711 -1.40209 
1.71781 0.82219 -1.97278 0.579895 -1.26648 -1.297 -1.6019 -2.40331 -1.53897 -1.02585 0.129966 0.467839 1.18777 3.2795 0.0676055 -4.4471 -0.595092 -3.50501 -2.09275 -2.20832 -0.390467 0.232073 1.37875 0.813615 -1.90583 -1.07017 2.30078 1.46943 -2.64346 0.626405 -2.49391 -3.37102 -1.90268 -0.750055 -0.639492 -1.24657 -1.03466 -1.04099 0.319818 
1.96215 0.400393 -2.30012 0.704537 -1.8828 -1.10268 -1.11788 -1.32361 -0.455801 0.466571 0.56832 -0.296638 -1.17406 0.839314 -0.315745 0.126997 0.112035 -0.780563 -0.39872 0.523547 0.655692 0.524566 0.73346 0.505369 0.453238 -1.22667 2.21184 0.290303 -3.23886 -0.389623 -2.34517 -1.82901 -0.986213 -0.409215 -0.450542 1.19602 0.930561 -0.527552 0.3805 
2.0281 0.637499 -1.86907 0.638357 -1.69038 -1.49353 -1.15419 -1.8429 -1.02692 -0.105443 0.708517 0.914603 -0.572829 -0.119364 0.369117 0.458182 0.165677 0.259739 -0.338792 1.05341 -0.139128 -0.787681 -0.257265 0.209528 1.40102 1.49558 0.190387 -0.32076 0.161916 0.879453 -1.25372 -0.124186 0.771817 -0.623249 -0.377643 1.76349 0.393918 -0.160227 -2.03041 
1.86135 0.629057 -2.00955 0.801844 -1.72092 -1.26857 -0.239592 -1.46774 -1.12941 0.106454 0.796266 1.10324 0.983846 -0.595638 -0.131302 0.0892913 0.879432 -0.955768 0.22333 0.384728 -1.45553 -0.993103 0.907322 -0.06135 -0.585632 -0.86787 -0.823681 0.863214 1.43633 1.38543 0.0992778 -1.23456 -0.0323794 -0.799216 -1.21275 0.506842 0.103332 -0.510179 -0.10337 
1.72306 0.56413 -1.78664 1.25254 -2.21293 -1.37203 -0.819277 -3.1539 -1.88613 1.03968 0.615443 0.316648 -1.81695 -1.10001 0.896197 1.33398 1.39229 -0.125541 -1.30606 -1.08892 -0.882895 -0.678314 0.748073 -0.079098 -1.88822 -1.57592 -1.14345 0.420939 1.45447 1.73924 -0.340804 -0.266529 0.00161404 0.146722 -0.805407 1.392 -0.556947 -1.15096 1.34416 
1.34003 1.17585 -1.22481 1.78742 -1.77599 -1.92898 -1.1022 -2.27115 -1.7042 1.04574 0.682158 -0.804631 -1.27947 -1.08508 0.756961 1.7253 1.07467 0.48155 -0.587095 -0.380346 1.62789 0.0136411 0.393507 -0.520768 -0.551229 2.30053 -1.4141 0.744239 1.3545 1.37361 0.312455 -0.910213 -0.194782 -0.323332 -0.344424 2.08002 -0.0726799 -1.92566 -0.123461 
1.20814 1.02688 -0.7811 2.00811 -1.92616 -1.66487 -1.10608 -1.73173 -1.83572 1.52069 -0.0220914 -0.246711 1.49963 -0.971192 0.197046 0.356987 0.15244 0.554458 0.0904454 0.862814 0.46174 0.249455 1.18237 0.0195826 -0.0340879 1.47458 -1.35099 1.27458 0.878915 0.10462 0.905891 -0.601213 1.20925 2.6367 0.534186 0.0014875 0.365625 -0.953852 2.07788 
0.873943 1.30066 -0.991331 1.87514 -1.44816 -1.87542 -0.378786 -1.88266 -1.44072 2.54636 0.684999 -0.847937 0.848212 -0.895069 1.1033 -0.622414 -0.950724 0.767796 -0.219589 1.80198 1.6884 0.606919 -0.365155 0.934254 -0.385794 -0.10096 -1.18418 0.43042 -0.0620083 -0.649321 0.806342 0.651829 0.804991 1.40784 -0.131463 -0.333779 -0.14748 -0.246691 0.948482 
0.774702 1.69867 -1.10025 1.29696 -1.47821 -1.76981 0.380512 -0.255925 -1.24926 1.02112 1.06474 -0.643703 1.35943 -0.768298 0.442326 -0.417591 -0.872618 0.55726 0.761135 0.0843923 1.30294 -0.423951 -1.46082 -0.159819 -0.185968 -0.455496 -1.04228 0.353777 -0.299569 -0.569615 0.705248 1.21667 1.53104 1.80288 0.580808 -0.423772 0.999078 -0.817919 -0.755139 
0.494864 1.57351 -1.19491 1.22055 -1.11876 -1.47897 -0.287935 -0.748531 -1.78569 0.630636 0.475228 -1.04398 0.197677 -0.639689 -0.574777 0.268054 0.319787 0.20416 1.81868 -0.00269086 0.575071 0.0693264 0.00434637 0.16283 -0.413411 -0.660632 -0.372747 0.0488531 0.214423 -0.555937 0.097537 1.61098 0.131331 2.41487 0.780137 -0.448835 -1.17492 0.470016 0.0131913 
0.450773 1.35764 -0.916955 1.50586 -1.34763 -0.832696 0.400598 0.233019 -1.14853 0.999137 1.23734 -1.06847 0.413612 0.19951 -0.354807 0.698807 0.256995 -0.425469 1.35977 0.0722218 1.73325 1.33828 1.07708 -1.08919 0.692557 0.496986 -0.601294 -0.369572 0.219713 0.703164 0.374286 0.361329 0.10788 -0.285274 0.280627 -0.417587 -0.364801 1.15191 -0.348235 
0.530797 1.36524 -0.768564 1.38399 -1.34271 -0.776469 -0.206974 0.767036 -0.538424 1.99517 -0.835953 -0.356548 0.918176 -0.258837 0.0571344 0.0197018 0.474304 0.310238 -1.35154 0.131784 -0.948173 0.248381 -0.359496 -0.537591 1.61135 0.324348 -0.261545 0.126305 -0.00134538 -0.318074 -0.62589 -0.483797 0.611602 1.16629 1.74945 1.12987 1.7232 1.19234 0.302088 
0.290159 1.398 -0.873793 1.82667 -1.15732 -1.51635 0.52996 -0.628253 -0.886025 0.506885 0.579867 0.542928 0.88561 -0.607861 0.554343 -0.684399 -0.606302 -0.442882 -2.01107 0.648027 -0.27356 0.733809 -0.0161319 2.96772 0.546368 -0.153532 -0.313508 -0.167525 -0.49452 -1.01426 0.0591653 -0.58096 -1.12656 0.499631 -0.640822 1.15778 0.811595 0.774621 0.407523 
0.220516 1.7057 -1.12269 0.922257 -1.57647 -1.79731 0.341898 0.503747 0.162685 1.94672 2.66076 0.183871 0.702298 -0.224484 -0.28256 -0.615126 -1.60308 -0.231496 0.571663 -1.4514 1.56612 -1.03126 1.44599 1.43235 -0.795933 0.129309 -0.56527 0.145981 -0.486168 0.289776 1.39651 -0.877799 -0.0605474 -1.01688 -1.11974 -1.63536 2.57772 0.940974 -0.109267 
0.144277 1.23334 -1.18883 0.643106 -1.27205 -1.21677 -0.627203 0.739165 -1.77972 2.34823 2.25699 -0.266512 1.07686 -0.238691 -0.326349 0.099302 0.937556 2.37052 0.838355 -0.716596 -1.02329 -2.08871 -1.45341 -0.167035 0.437709 0.067025 0.637518 -0.0940603 -1.41408 -1.08795 1.16582 1.56159 -1.49027 0.998226 -0.502866 0.12372 0.0834861 1.46774 -0.397253 
0.0685413 1.51461 -1.03461 1.57853 -0.226053 -1.36138 -0.218152 -0.424108 -1.68645 0.04057 2.44244 0.615018 0.803897 1.11326 0.163386 -1.11738 0.3918 1.84019 1.48389 -0.295064 -0.318629 0.413156 -1.30578 -1.32334 2.31407 -0.516828 1.02912 -1.47556 0.172111 -2.46034 2.20964 0.722022 -2.62202 -1.2405 -1.07788 -1.41058 -2.07502 1.3982 -1.23426 
0.57204 1.33783 -1.78727 0.904163 -0.220247 -0.450819 -0.844706 0.435926 -1.36833 0.632904 0.668325 2.05157 0.338044 1.69245 -1.79087 0.129593 -3.68539 0.681268 0.106118 -2.35805 -0.555911 0.783807 0.189561 -2.05333 1.00993 -1.32941 1.08338 -1.65132 0.435027 -0.427623 1.4821 0.0682337 -0.897202 -0.592378 1.4297 -1.96614 -2.08102 1.49231 -1.88022 
0.744671 0.439588 -0.929445 -1.11297 0.173177 -1.29981 -2.11208 -0.937675 -0.940169 0.257978 -0.0113507 1.62161 -1.10457 0.41879 -2.5348 1.67138 -0.86376 0.205773 -1.40463 -0.755384 -0.442233 1.27701 -0.466469 -0.903499 -0.771021 -1.42074 1.25343 -2.42961 -0.0709426 -1.2229 -0.446953 -0.424265 -2.02217 0.368374 1.36719 -1.15533 -3.21795 -0.127706 -0.995606 
0.702003 -0.18619 -0.812145 0.255988 -0.0887591 -1.16162 -1.43627 0.0231239 -0.176418 0.0023884 -0.42279 1.26718 -1.70189 0.0849336 -1.70617 -0.201245 2.32302 -1.30224 -0.67863 -0.0126279 1.00813 0.831695 -1.21983 -1.40044 -1.10935 0.316471 0.341392 -2.75374 2.36406 -1.1382 -0.435439 0.190785 0.823375 1.68284 1.65047 -0.11647 -0.697032 -1.40219 -1.00101 
0.731471 -0.584308 -1.01095 0.546609 -0.544466 -1.63944 -2.10007 -0.064866 -0.150616 -1.34626 -1.69139 0.496985 -0.643913 0.0427496 -1.43103 1.26796 -0.403772 -0.810824 1.64607 1.72417 2.55415 0.676848 0.386876 0.170208 -0.620561 0.402148 0.0503109 -2.17575 1.23504 1.31446 -0.318156 1.48374 1.55974 1.49574 0.420103 -0.194051 0.209554 0.301895 1.34306 
0.670715 -1.04402 -0.0646572 -0.0590804 -0.529697 -0.312749 -0.0129104 2.26634 0.473224 0.474828 -0.241442 0.634097 -1.1179 -0.043353 -1.42372 1.7445 -0.844514 0.859331 2.63115 1.84559 0.86754 -0.347397 1.06924 1.6455 1.44549 1.11504 0.158365 -1.55536 1.13745 -1.0272 -0.866098 1.15569 0.495595 1.35837 0.395391 -0.785366 -0.378792 0.0313115 1.78913 
0.66326 -1.43773 0.00542502 -0.0876294 -0.0449716 -0.286952 -0.57804 0.683326 -0.426413 0.00814063 0.238338 1.94159 0.966229 0.154727 -0.8016 0.154628 -0.739488 -0.389616 -0.12769 -1.14006 -0.851932 -0.222066 -1.07858 -0.560067 0.682362 1.4956 0.00169086 -0.486823 1.63135 -1.35757 0.268748 1.8637 0.969736 0.455598 0.244297 0.442858 0.855822 -0.975764 0.226712 
0.687444 -1.52196 0.0546367 -0.617263 -0.733461 -0.370712 -0.917074 1.49037 0.310668 -0.94685 -0.925551 1.31128 1.04004 0.0147868 0.736496 0.288812 -0.668636 -0.490839 -0.175796 -0.705038 -0.305192 0.621711 -0.636983 -0.70301 -2.40473 -0.85037 -0.0547366 0.20176 0.378827 -1.05504 0.207424 -0.778209 -1.23376 -1.46575 -0.0278073 0.529006 -0.131265 0.568704 0.761304 
0.619981 -0.987327 0.200432 -0.594503 -0.305732 -0.36951 -1.1287 0.391998 0.173411 -0.842766 -0.615175 -0.485707 -0.252699 -0.264704 1.11026 0.32988 -0.434942 0.673327 -0.913229 -0.305359 -1.01168 0.171376 1.58967 0.437329 -0.0757173 -0.672163 -0.0150983 0.41961 0.278091 -2.16478 -0.121985 0.32339 -1.43738 -0.726973 0.91529 -0.270702 -0.837412 -1.08973 0.0981498 
0.524314 -0.845964 0.272816 -0.954904 -0.338702 -0.830282 -1.14294 0.572812 0.503599 1.08022 -0.427635 1.22611 0.0776254 -0.0675756 -0.11276 0.0711315 -1.74828 0.31914 0.592723 -0.97935 -0.625615 0.454042 0.416251 -0.181774 1.32995 0.98066 -0.284413 0.569364 0.853782 -0.631497 -0.248009 0.00985602 -0.57974 -1.61013 0.481786 -0.399899 -0.0198064 -1.76678 -0.691491 
0.541383 -1.0495 0.272614 -1.88322 -0.110409 -0.0591631 -1.90226 -0.183356 0.621742 -0.332359 -0.850964 0.842703 1.16402 -0.17664 -0.269942 0.741931 -0.265279 -1.01925 0.915228 -0.372522 -1.03424 0.386597 -1.92864 -0.439785 -1.6855 -0.0229014 -0.355764 -0.387944 -0.170758 -1.49591 -0.514824 0.256954 -0.42187 -0.21174 -0.17061 0.645781 0.213298 0.381139 -0.0647148 
0.398948 -1.00301 0.723495 -1.16968 -0.897003 -0.355055 -1.42339 -0.364747 0.89099 -1.44016 -0.969197 -0.477915 0.0497816 -0.476711 -0.431453 -0.26621 0.0802446 -1.03394 -0.263716 0.48674 0.34536 -0.675297 0.201701 0.430874 -0.913469 -1.0206 -0.413124 -0.955019 -0.0862865 -0.549945 -0.176952 1.29181 0.667044 -1.53227 -1.3481 -1.89704 0.59438 -0.990447 -0.630211 
0.287341 -1.30403 0.154451 -1.84778 -0.676981 -0.18667 -1.48446 0.10197 0.0496755 -0.0992586 -0.360698 -0.0849347 -0.299948 -0.450404 -1.09442 -0.832557 -0.343635 0.771563 0.783302 1.15784 -0.913373 -2.01425 0.219623 1.10013 0.711379 -0.608112 -0.233451 -0.319376 0.137602 0.16747 -0.66342 -0.225126 0.482069 0.653574 0.631107 -0.483995 0.418134 -1.02904 -0.699592 
0.156187 -1.65768 0.285772 -1.4412 -0.446929 0.052726 -0.460237 -1.19517 -0.890867 -1.1839 0.314217 0.228445 -0.820433 0.108893 -0.0135923 0.452433 0.114073 0.113706 -0.0452572 0.081492 0.46696 1.41162 -0.617621 0.0392778 -0.0997873 0.317068 -0.143317 -0.265333 -0.294028 -0.350601 0.503091 0.771334 1.41618 0.401515 -0.634557 0.997117 0.861204 -0.159967 -1.59886 
0.284416 -1.30636 0.441781 -1.78784 -0.597333 -0.20249 -1.39596 0.495085 1.36321 -0.925139 -0.334517 -0.19431 0.161572 0.212627 0.727538 0.485049 -0.0420898 -0.0790913 0.22643 0.506641 1.40743 1.23885 0.719842 -0.151839 -0.843509 -1.03537 -0.047839 -0.00691923 0.433682 0.781508 1.37529 0.580798 0.717323 0.547784 0.119065 0.258899 1.04356 -0.304364 -0.213774 
0.197745 -1.21269 0.591505 -1.49435 -0.475842 0.175806 -0.0262586 0.0315864 0.266567 -0.281098 0.113904 -0.62884 -2.30565 -0.208919 0.0204481 0.0999065 0.767733 1.78458 0.802836 0.762829 0.211786 -1.28688 0.881533 1.1058 -0.178742 -0.51281 -0.0517049 0.236993 0.620251 0.180916 0.968573 0.640799 0.406748 2.32708 1.63939 0.895787 -0.0921795 0.754242 1.12553 
0.145208 -1.28814 0.530198 -1.25455 0.423153 0.215277 -0.753801 0.66201 0.238553 0.186648 0.955616 -0.383084 -0.571462 -0.31823 -0.367917 0.297991 0.251461 1.4151 0.610553 -0.0268038 1.51792 0.701773 0.126895 0.0712803 1.63826 2.2395 -0.408862 -0.192205 0.830927 2.0627 1.12027 0.86117 1.44701 -0.0494894 -0.642994 1.03894 0.95704 -0.0315864 -1.07264 
0.0116624 -1.42887 0.791692 -1.33492 0.336593 0.495269 -0.0257682 1.35628 0.93873 -0.144686 0.178011 1.00962 0.923084 -0.411975 -0.281567 0.943645 1.54852 -0.238857 0.325785 0.937837 -0.287179 0.50141 0.0962007 -0.0540862 0.176772 -0.58064 -0.425 -0.0235325 0.466225 1.39188 0.482141 0.216137 -0.896436 -0.00282056 0.615082 -0.039959 0.75384 1.63866 2.50082 
-0.0810737 -1.4522 1.09469 -0.155835 0.304279 0.389152 0.0305758 0.38665 0.729682 0.283388 0.871151 -0.214342 -1.40213 -0.325946 0.350745 0.294589 1.31373 -0.751587 -0.335564 -1.02274 -1.53438 0.0154104 -0.136471 0.761152 0.053175 0.402129 -0.430778 0.336283 0.71473 1.04831 -0.604796 -0.0796089 0.373351 -0.708971 1.12504 0.568858 -0.60859 0.951249 0.49151 
-0.177729 -1.21129 0.989958 -0.406234 -0.0709896 0.33103 -0.8346 -0.0246165 0.990741 -0.348677 1.05969 1.05407 1.50704 -0.240538 0.78479 -0.0437773 -0.368 -0.600331 -0.442182 -0.497193 -0.620898 0.824868 0.451359 -0.583762 0.817721 1.12208 -0.635146 0.413099 0.166592 0.215496 0.455051 -0.661678 -0.392448 -1.48586 1.06401 0.843316 0.104017 -0.485316 -0.65661 
-0.23384 -0.97265 1.10204 -0.444999 -0.018135 0.170405 -0.351182 -0.184523 1.51307 0.839172 0.15896 0.598958 0.21815 -0.621421 0.263575 -0.0725187 -1.06564 1.37764 -0.551139 0.564664 -0.354628 1.23797 0.935191 -0.629983 -0.515165 -1.06074 -0.840562 0.72152 -0.244646 -0.46172 -0.161069 -0.294041 -0.645632 -0.508427 0.625028 0.430062 -0.344323 0.237763 0.652804 
-0.493824 -1.04633 0.981085 -1.20061 0.720357 0.056578 -0.35347 -0.359765 2.14738 0.832463 0.292726 0.526979 -0.0146942 -1.00319 0.275594 -0.242667 -0.142135 0.374599 0.0420065 -0.258017 -0.0339648 -0.095805 -0.0308134 0.2311 -0.546606 -0.412051 -1.03436 0.699035 -0.358596 -1.13008 0.443458 -0.125629 0.183481 0.901179 -0.238184 -0.290582 -0.147954 -1.67987 -0.836154 
-0.713646 -0.800432 0.997159 -0.570599 0.208416 0.199198 -0.53858 -0.235433 1.46459 0.771745 0.412472 0.0402481 -0.369847 -0.901908 0.764289 -0.35483 -0.192803 -0.767614 0.373839 -0.346848 1.47958 -1.53994 -1.17412 0.489234 -1.15795 0.214465 -1.12095 0.757385 -0.190416 0.464372 -0.113273 0.564417 0.433505 1.30158 -0.564955 -0.771947 0.600154 -1.88002 -1.44801 
-0.930197 -0.579153 0.812919 -1.3629 0.30375 0.255021 -0.613054 0.930947 0.79408 -0.712691 0.852156 -0.646513 0.299135 -0.645069 0.836661 0.0232804 0.66887 -0.534253 0.693894 0.769256 1.66449 -0.596458 -0.648615 0.435481 -1.32943 -1.07375 -0.978098 1.28108 -0.347281 -0.466242 -0.409199 0.504132 0.916234 0.934552 -1.89758 -1.41497 -0.394436 -1.57909 0.271137 
-1.03988 -0.289577 1.04234 -0.108898 -0.0767901 0.561269 0.108805 1.21918 0.963757 -0.0941953 0.908198 -1.30569 -1.91032 -0.540254 1.10537 -0.058527 -0.322395 0.19884 0.28228 1.42461 -0.312489 -0.744028 -0.0937526 -0.895976 -0.412986 0.0966377 -0.863293 0.82949 -0.228491 -0.273615 0.701073 0.475696 0.775184 0.702983 -0.826028 -0.38552 -0.0328787 -1.1163 0.53377 
-1.21149 0.0938871 0.81194 -1.61904 0.431334 0.406654 0.566882 0.63315 0.159913 -0.861468 -0.230043 -1.07085 0.44336 -0.631458 0.379878 -0.289748 -0.9684 1.50044 -0.0754066 0.142969 -0.78978 -0.407633 0.322811 -0.452044 0.227705 1.65937 -0.785041 1.0242 0.471683 1.02888 0.983484 0.0946059 1.28014 0.786285 -0.54855 1.07988 -1.25291 -1.01053 -0.573649 
-1.36028 -0.0544175 0.910896 -0.832849 0.783699 0.530035 0.247256 0.498306 0.633534 0.29544 0.352107 -1.08573 0.483346 -0.623373 0.392778 0.657856 1.48116 1.15778 -0.168124 0.0802247 1.29238 0.071358 1.10895 -0.437202 -0.581503 -0.668531 -0.745968 0.651619 0.355589 -0.864955 0.954045 -0.429576 0.290932 0.10177 -0.597827 0.16639 -2.00406 -0.399527 1.20889 
-1.52842 0.336832 1.21518 -0.5691 1.09888 0.328018 0.654346 1.75792 0.262474 0.544263 -0.768543 -1.66465 -0.513824 -0.475797 0.57941 0.745522 0.0067943 -0.184517 -0.504134 0.200949 0.905374 -0.323893 -0.143555 -1.69174 -0.602717 -0.368101 -0.614809 0.119156 0.751207 0.746204 0.700175 0.109101 -0.925562 -0.361225 -0.85813 0.920181 0.63166 -0.206656 -0.320623 
-1.61393 0.301172 1.3636 -0.8506 0.695422 0.279614 0.432823 1.28003 0.378973 0.0822929 -1.67315 -1.70087 -0.0413895 -0.294651 -0.203582 0.287118 -0.638885 -0.192836 0.301463 -1.16395 -1.76138 -1.11379 -0.239895 1.13778 0.402036 0.361108 -0.377136 0.352006 0.929752 1.07683 0.84585 0.118241 0.849285 -0.520101 -0.971927 -0.616584 -0.214194 0.171786 -1.08831 
-1.70439 0.219838 1.40923 -1.05443 1.00592 0.489459 -0.269236 0.175817 -0.705787 0.206597 0.559487 -1.26938 0.0110876 -0.0993238 -0.053447 0.42023 1.20566 1.35086 0.64957 0.79824 -1.57498 -0.854461 -0.393699 1.4795 0.80694 -0.74173 -0.345519 0.0770206 0.807432 -0.427868 -0.419559 0.556166 0.50188 -1.185 -0.435075 -1.89316 -0.876728 0.39351 -0.379422 
-1.70614 0.274793 1.63276 -0.000171526 1.47169 0.619024 1.10376 -0.136843 -0.354974 -0.454166 0.0598548 -0.898408 -1.10394 -0.234855 0.331838 0.727381 0.166651 -0.39026 0.423518 1.75544 0.25225 0.576658 -1.46557 -2.065 0.0269851 -0.729989 -0.397232 0.164572 0.27108 0.794243 0.897325 0.588669 0.433712 -0.878147 -0.723934 -1.9733 -0.219776 0.314579 0.132702 
-1.85472 0.426003 1.8517 -0.956417 0.801792 0.7133 1.17954 0.37861 -0.14667 -1.71527 -1.90813 -1.25127 -1.03456 -0.504791 0.308327 -0.0689555 -0.309599 -0.113352 0.118425 -0.286758 0.453292 -0.0276884 -1.38511 -1.69776 -0.457944 0.908135 -0.178189 0.863528 0.0551146 0.327896 0.432804 0.83117 2.1545 -0.351106 0.690735 -0.34384 -1.57148 1.08531 0.0555103 
-1.97223 0.466767 1.6259 -0.247043 1.42348 0.686887 0.893007 0.244156 -0.341904 -2.27203 -1.97255 -1.36796 0.208383 -0.0532345 0.93393 -0.643157 0.207282 0.985561 0.6654 0.775519 -0.708475 0.230886 1.17791 0.388031 1.10343 0.815712 -0.603199 0.166281 -0.422849 -0.0383924 -0.13828 0.599066 0.0355057 0.0984935 1.55388 1.35273 0.223196 0.751806 1.47953 
-1.92717 0.995566 1.52084 -0.828981 1.37236 1.0608 1.83202 -0.270191 0.100031 -0.22041 -1.46864 -0.150654 0.144722 -0.396484 -0.0509752 -0.437845 0.273429 -0.0808752 0.663329 0.330915 -0.341836 1.86618 2.65 1.95754 1.25023 0.66602 -0.505298 0.525788 -0.713594 1.18492 0.601567 0.508567 0.563649 -0.128374 0.459874 0.405714 0.532558 0.208622 1.09086 
-2.19186 0.44188 1.41089 -0.0717063 1.39356 1.03333 1.18419 -0.0796538 1.38234 1.12552 0.326991 -0.119714 1.17219 -0.706792 -0.156629 -0.223163 1.12619 -0.156945 -0.00341176 -0.111546 0.53348 0.300915 -0.779648 0.205602 -0.861858 0.352189 -0.646967 0.214423 -1.16019 0.203533 -0.631901 0.160469 0.429277 0.173117 2.27645 0.772927 1.59061 0.74821 -0.321762 
-2.27987 0.906911 1.42697 -0.0361019 1.29961 1.06638 1.76364 0.181887 0.410005 -1.25571 -1.24534 -1.02639 0.656796 -0.567937 0.377954 -0.980717 -0.0387347 -0.795786 -0.46201 0.175363 0.547514 0.83535 -1.91569 -0.222097 -0.46159 -0.974634 -0.641479 -0.144287 -0.954541 1.14024 -0.515619 -0.0664675 0.502237 0.276678 0.400738 -0.208244 0.200609 -0.14212 0.420016 