-0.662121 0.858196 -0.392255 0.31309 -0.0480155 0.721487 1.90007 0.724414 0.159676 -0.592593 1.20088 -0.460894 1.27917 -0.210956 0.555454 -0.0515205 1.76236 0.881572 0.787989 0.506891 0.313814 2.00906 1.06273 -0.279472 -0.333707 -0.912776 0.0798209 -0.20226 -0.0501671 1.74951 0.0378808 -0.83991 0.619823 -0.00619081 -1.047 1.39784 0.624806 0.996513 -0.184908 
-0.743007 1.02524 -0.434214 0.928627 0.588664 1.09613 1.98041 0.891642 1.18155 -0.780303 0.642514 -1.10002 -0.392257 0.676065 -0.234487 0.0651154 2.32587 0.924285 -0.09072 -0.321768 0.43646 -0.0946548 1.18776 -0.673822 0.346469 -1.27294 1.52475 -0.432089 -0.907059 0.852046 -0.0957327 0.446319 -0.539259 0.844762 1.31708 2.16808 -0.845518 -0.70102 -0.972637 
-0.442629 0.701047 -0.310508 1.63661 0.534355 0.667271 1.52414 1.11461 0.0731661 0.842752 0.418113 -0.145627 -0.517826 2.53711 -1.20002 -1.19441 -0.776788 -1.05194 -0.215205 -1.15816 0.713204 -0.383324 1.00724 -0.665442 -0.442485 -0.00847794 0.257783 0.446302 -0.451069 0.436793 0.394169 0.718004 -0.998449 -0.975972 -0.665688 -1.23677 -1.07618 -0.641334 -1.12202 
0.222498 0.291151 -1.04969 0.458982 0.00151702 0.966376 0.698067 1.55006 0.830622 0.436392 -0.13136 -1.53221 -0.384396 -0.289995 0.885799 -0.684523 -1.83925 -0.409842 1.03723 -0.87542 -1.6409 -0.769136 -2.35544 -0.527174 -1.05493 0.208909 0.167723 0.295481 0.0427651 0.480505 -0.268213 0.029435 -0.441406 0.610862 -0.0502662 -0.211117 0.731496 1.39127 0.670551 
-0.61039 1.21332 -0.64373 0.552916 0.327199 1.2975 0.5482 -0.508581 -0.63117 -2.01339 -0.208965 -1.15804 -0.199672 -2.28894 1.62883 1.25352 1.31593 0.640469 0.214533 0.623228 0.0271508 0.292245 -1.19963 1.47137 2.04076 0.657761 -0.156334 0.332396 0.642436 -1.48024 -0.592601 0.554717 -0.208856 -0.472028 1.43616 -0.823761 -0.879169 -0.719345 -0.84361 
-0.746557 1.24741 -0.310088 1.19881 0.415927 1.09739 1.34624 1.54355 1.09851 -1.01984 1.36337 0.388236 0.574436 0.0419371 -0.402531 1.56757 0.0224304 -0.45508 -0.315334 0.616966 1.05408 2.54439 1.58049 -0.4551 0.257937 -1.00684 -0.756731 -0.259844 1.97699 -0.718725 0.59799 -0.319678 -0.308601 -0.452513 0.478623 -0.143766 0.300314 0.699504 0.312279 
-0.645093 0.955754 0.269716 0.545173 0.0932709 1.10699 1.18959 0.480221 1.69969 -0.102377 -0.759523 -0.926653 -1.61685 1.12151 -2.01928 1.46318 -2.21774 0.158887 -0.695438 -1.00027 -0.590047 0.280739 1.07128 -1.14415 -1.22754 -0.350909 0.565512 -2.16936 1.64109 -0.184255 1.42985 0.292371 -0.0448736 0.570059 1.5679 1.82016 -1.06123 1.04395 -0.284887 
-0.348504 0.0237727 0.545573 -0.103627 0.545341 0.676229 0.235004 0.938853 1.35587 0.27442 0.0812601 -0.787721 0.0935192 0.815351 -2.805 0.687612 -0.282042 2.41726 0.67635 -0.680464 -0.363735 -0.603729 0.158641 -0.729302 0.946187 0.742929 1.11123 -2.34742 1.0615 -2.41803 0.523916 -0.0647576 -0.725965 -1.54405 -0.489754 1.26977 -0.913632 0.819196 0.220376 
-0.369768 -0.737382 0.696052 0.361463 1.55917 1.51824 0.424927 0.0948634 1.14687 0.0865099 -1.6012 -0.0432122 -0.536449 0.571418 -1.45093 -0.00434867 -0.725898 0.536925 0.565196 0.127031 -1.31061 -0.92363 0.144488 0.123616 2.1766 0.569921 1.00687 -2.32482 0.0408159 -1.01939 1.48098 0.119633 0.887677 0.271501 -0.406454 -0.0482004 -0.192519 0.569023 -0.113617 
-0.170961 -0.860255 0.588868 -0.543862 0.898474 1.02003 0.345439 -0.364223 0.510013 0.446164 0.14511 1.26141 0.926972 0.717776 -0.631883 -0.631177 -0.98104 -0.383609 -0.552948 1.72566 0.688176 0.0654276 -0.196119 0.509364 -0.281046 -0.843144 0.87313 -1.12917 -0.612272 0.604505 0.773444 1.52036 0.808115 -1.00944 -1.29547 -1.28765 -0.928845 0.468301 0.703999 
-0.133556 -1.13199 0.39236 -0.226229 1.36754 1.18354 2.26782 0.729026 1.20699 -0.154285 -1.1278 -0.322455 -1.71997 0.756918 -0.222019 -0.836549 1.41404 0.507691 1.48501 0.823576 0.0651507 -0.7309 -1.36055 -1.16104 -1.62577 0.111331 0.849411 -0.395283 -0.677419 -0.972973 -1.07819 -0.779873 0.280824 -0.0363786 0.263268 0.0967327 1.37676 -0.112147 -0.0201887 
0.080941 -1.00995 0.17149 0.252664 1.23431 1.92197 1.21073 -0.333901 -0.159299 -1.20497 -1.15493 -0.291817 1.10584 0.574239 0.0416194 -0.299232 -0.226269 -1.16009 -0.56099 -1.40194 -0.741066 0.237161 0.296457 1.01295 0.173148 0.832227 0.695549 -0.0898448 -0.219123 0.778427 -0.065221 0.714777 0.62355 0.471816 -0.363525 -0.962446 -0.271752 -1.24193 -1.61916 
0.045118 -1.12416 0.27242 -0.377706 0.71639 0.84396 0.721285 -0.0220438 1.42443 0.201522 -0.119774 -0.171393 -0.512107 0.299492 0.0823633 0.535832 -0.51692 -0.63541 -0.542942 -0.0923958 0.504793 0.246499 0.453718 0.853136 0.235706 -1.65053 0.966875 -0.06563 -0.202976 1.34433 -0.390846 0.0648716 -1.37205 -0.906098 0.131923 -0.568912 0.0843971 0.776631 0.894388 
0.149481 -0.977771 0.513807 -0.0667926 0.893661 1.59335 1.08337 0.122525 0.0666886 -0.65869 -0.316564 -0.0814881 -1.23011 0.897646 -0.145552 0.0207003 1.80336 0.577196 0.609063 -0.23941 -0.377734 -0.0994864 -0.829076 -0.925444 0.7276 0.0309964 0.791068 0.331817 -0.0887295 -0.573242 -1.36052 -1.22421 -0.862663 0.0935663 0.211341 1.00012 1.14098 0.85415 -1.22934 
0.353432 -1.22816 0.329581 0.643828 1.09336 1.21438 0.434602 -0.42097 1.33349 -0.805902 -1.16969 0.504958 -0.447901 0.903184 0.400051 -0.657391 -0.210085 -1.30295 -1.18221 -0.943358 -0.398424 -0.00910836 0.505645 0.407404 0.753017 0.483922 0.793641 1.54975 -0.346529 0.828088 -1.25797 -0.668567 -0.87717 -1.79899 -1.2193 -0.240287 0.466218 1.70642 0.227625 
0.460015 -0.755757 0.195604 -0.208916 0.157972 0.87681 0.0338083 -0.296454 0.0585395 -0.0495165 0.0485781 0.618943 -0.519411 0.308971 2.42476 -0.496472 -0.846574 -2.3722 -1.56989 -0.813591 -1.83537 -1.45941 0.608944 1.43685 1.22834 0.194944 2.20812 2.85687 -2.49241 0.375176 -2.0691 -3.64768 -2.60826 -1.24551 -0.723796 -0.0473043 -0.0348014 0.912361 1.5042 
0.425771 0.203703 0.100456 0.13385 -0.275112 0.262592 -0.474329 -2.23265 -0.00313101 -0.0716143 0.288397 1.65571 -0.149682 2.46938 3.80752 -2.76678 0.622668 -1.62591 -3.87661 -2.1677 -1.13635 -0.927642 -0.542271 -0.452241 0.301768 0.962151 2.64144 2.50591 -2.86625 -0.731899 -3.00131 -3.43195 -2.04414 0.0479735 -1.1199 0.576413 1.18976 -0.355129 -0.42572 
1.39837 1.50236 -1.29027 0.130244 -0.768844 -1.4747 -2.34259 -1.43064 -0.790988 -0.709566 -0.498945 0.89186 0.8739 3.72714 1.26504 -3.44135 -0.0710678 -1.85975 -3.19218 -1.6268 1.88586 0.02532 -0.0524819 -0.122153 -1.61199 -0.593462 2.44734 1.77202 -2.86424 0.868071 -2.48252 -3.11239 -1.28872 -0.122347 -0.434299 -0.379751 0.13111 -1.23584 -1.70774 
1.86831 0.942587 -1.75884 0.0720706 -1.34032 -1.67361 -2.26455 -0.43768 0.0202563 -0.138438 0.0913203 0.115528 -0.976811 1.2695 -1.20041 -1.16829 0.38216 -1.88085 -0.445883 0.625415 0.978102 0.354379 0.189524 0.591603 -1.68492 -2.58601 2.54674 0.870604 -2.34567 0.993281 -1.60931 -1.8461 0.205256 0.779414 -0.298185 0.161797 0.0285196 -1.49691 -0.802128 
1.85575 0.768036 -1.89128 0.330405 -1.84653 -1.74443 -1.69205 -0.515479 -0.466182 -0.483275 0.061757 -0.717413 -2.79734 0.163956 0.0122319 0.2188 1.22635 -0.426388 0.61157 1.86068 -0.938934 -0.427681 0.214689 0.147618 -0.0674327 -0.164822 0.737871 -0.854991 -0.761805 1.39639 -1.27928 0.479185 1.90219 0.436723 0.111569 0.683188 1.31601 -0.678851 -0.598906 
1.88252 0.932863 -1.59201 0.760122 -1.55726 -1.30167 -0.275334 -1.38053 -0.371306 0.118333 0.180653 0.0386639 -1.19211 -0.148282 -0.0680519 0.121932 1.25748 0.0560495 1.06388 1.62592 -0.451169 -0.24226 0.468471 0.863264 0.933883 2.02196 -0.170821 -0.327895 -0.121323 1.33374 -0.923684 0.501088 1.8025 -0.528949 0.0291784 1.49822 1.21017 0.272636 0.239283 
1.74479 0.710339 -1.77808 1.03645 -1.77798 -1.09803 0.042751 -0.985578 -0.687899 0.0808726 0.910875 0.154371 0.108719 -0.434198 -0.503079 -0.385142 0.33802 -0.90134 0.0365541 0.27214 0.28236 0.436351 1.21832 1.18975 0.396213 0.401905 -0.175067 0.169992 0.546312 1.93531 -0.586197 0.35376 0.623602 -1.60628 -1.25193 1.19575 1.24574 1.25693 1.22347 
1.65695 0.615219 -1.75951 0.934772 -2.05529 -1.27865 -0.00764203 -1.13968 0.0285864 1.59069 1.37639 0.401058 -0.598481 -0.128462 0.311729 0.629046 1.0297 -0.912019 -0.618415 -0.894677 -1.52576 -1.35761 0.676919 0.513587 0.51194 -0.844211 -0.647377 0.561929 0.426316 1.35676 -0.560997 0.0455336 0.0540859 -0.831037 -2.18585 -0.280821 -0.0184357 -0.114656 1.55612 
1.64178 0.879577 -1.38417 1.61086 -2.28232 -1.47246 -0.954054 -2.49718 -1.93127 0.89749 1.38875 0.626405 -1.07632 -0.565783 1.32497 0.971247 1.254 0.0805964 -0.0150815 -0.217986 -1.30917 -3.20883 -1.47699 -1.21641 -0.506958 1.09379 -1.01235 0.788168 1.47554 1.86518 0.242525 -0.720884 -0.0725926 -0.300422 -0.905048 1.58523 0.129011 0.194904 0.734431 
1.37864 1.38991 -1.17617 1.63881 -1.9722 -1.28697 -0.271107 -2.44136 -2.91051 -0.201486 0.0175628 -0.0922143 0.982731 -1.4304 0.843932 1.39868 1.17321 1.21449 -0.41438 0.798225 1.14926 0.193279 0.838819 -0.376555 -0.271376 1.55455 -1.27925 0.999323 0.909993 0.386384 0.678436 -0.119037 0.518342 0.925583 -2.21583 0.715641 -0.172667 -0.889493 1.58912 
1.01688 1.36683 -0.564215 2.2682 -1.52821 -1.72307 -0.116236 -1.41613 -1.75404 1.9102 0.92158 0.356325 1.16256 -1.40177 0.142201 0.279423 -0.827953 0.831212 -0.189825 0.824086 2.43524 0.398705 2.16585 1.01852 -0.483127 0.433449 -1.66855 0.944252 0.784277 0.235672 1.63159 0.0694662 0.864878 1.63113 0.152642 1.1516 -0.527076 -0.968881 1.50718 
0.765214 1.45785 -0.975788 1.13959 -1.44491 -1.40132 0.594737 -0.113932 -2.5451 2.4185 1.03151 -0.562908 1.62139 -1.13329 0.541997 -0.32074 -0.928255 1.0297 0.468774 0.219866 0.841515 -0.0295894 0.264587 -0.214816 -0.808805 -0.105626 -1.77452 0.234193 0.140214 0.0689994 0.693645 -0.643859 0.143057 1.20849 0.920993 1.32085 1.37981 -0.421851 -0.919834 
0.511082 1.67366 -0.696061 1.71101 -0.883457 -1.43778 0.094805 -0.633347 -1.78095 2.22741 0.626125 -0.422917 1.03176 -1.32417 0.196189 -0.0864176 0.872643 0.101857 -0.737016 -0.664156 -0.962447 0.72971 -0.901507 0.507189 0.0237551 -1.30423 -1.29675 -0.0177706 -0.673854 -1.19382 0.372154 0.637565 0.582282 -0.0745218 0.109358 -0.96531 -0.558879 -1.08232 0.516553 
0.182897 1.55805 -0.977923 1.62322 -1.34925 -1.84771 -0.152249 -1.07957 -1.87649 1.32335 1.50259 -0.553382 -0.22028 -0.861063 -0.575323 -0.604771 -0.544414 -0.546025 0.367083 0.462251 -0.941152 0.138931 -1.17414 -0.411864 -0.400117 0.607719 -1.0852 0.0753087 -0.381316 -0.305127 -0.197998 0.0963252 -0.700909 -0.478418 1.58812 -0.859774 0.466189 0.0868668 -1.1982 
0.114404 1.31285 -0.985136 1.37567 -1.17121 -1.2142 0.568523 -1.57834 -1.65349 0.802047 0.121469 -0.814968 1.91916 -0.34624 -0.0921971 -0.43715 -1.27749 -0.41518 0.828356 -0.179291 0.367804 1.23633 0.0923093 0.00418704 0.0942009 0.167395 -0.655593 0.20927 -0.429496 -0.476384 -1.02354 -0.172797 -0.0284929 0.508106 1.07025 -1.07291 1.00123 -0.0750112 -0.539991 
-0.00741021 1.48592 -1.17421 0.864201 -1.55957 -1.34423 -0.373779 -0.755912 -0.743812 1.4319 1.43964 -0.477114 0.0386165 -0.151498 0.876946 0.015004 -0.0662102 -0.921293 -0.645942 -0.506274 1.55557 1.17688 0.162268 1.51726 0.334363 -1.11546 -0.187947 0.414634 -0.348289 -0.545954 -0.441024 0.617792 0.224465 1.59994 1.31807 0.676197 0.700384 0.417836 0.807125 
0.00216087 1.81983 -0.931128 1.3167 -1.68104 -1.60533 -0.00736383 -0.103492 -0.57527 0.995326 1.66492 -0.51117 0.346951 0.0497739 0.696789 -0.0410391 0.583273 -0.237859 -0.0196975 0.436006 1.58475 0.390647 0.559037 0.767198 0.399361 0.612424 -0.124867 0.606256 -0.423096 0.0119499 0.488171 -0.0646437 -0.3398 1.13165 1.13163 0.379618 1.18739 1.25872 -0.279766 
-0.038972 1.88525 -1.15123 1.18059 -1.66494 -1.35535 0.0714963 0.747215 -0.385784 2.10574 2.18677 -0.111737 0.932736 -0.0483746 0.0103426 -0.595977 0.0423523 1.56714 0.515857 0.0921433 -0.176953 0.216008 0.207064 -0.205188 1.1135 0.856439 0.443784 -0.21491 -0.795119 0.819991 1.65501 0.987767 -0.624184 1.05971 0.669551 -0.691817 -1.498 1.89901 1.17386 
-0.0687445 1.80897 -1.21533 1.32047 -0.718229 -1.29147 0.065263 -0.307819 -0.377212 1.24286 1.37968 0.530781 1.58937 0.621115 -1.02095 -1.05109 0.363785 2.51478 1.33729 -1.18824 -0.294292 0.422064 -1.20853 -2.43652 1.77514 0.517914 1.84103 -1.42147 -1.91494 -0.635819 2.70515 2.49175 -1.45085 0.422133 0.390546 -1.06183 -2.60432 2.27191 -0.475111 
0.158492 1.25816 -1.68736 1.37013 -0.14133 -0.543041 -1.24344 0.429161 0.00102077 0.638728 -0.467413 1.55706 1.69195 2.85884 -2.11452 -2.03477 -0.844547 2.17774 2.87057 -1.82719 0.686005 0.246388 -1.20839 -2.69239 1.4842 -1.30216 1.57514 -1.25951 0.440561 -0.67366 2.0807 1.01395 -1.11907 0.299279 0.0786653 -1.63833 -1.46428 1.37079 -2.70459 
1.02573 0.528427 -2.296 0.811661 0.605925 0.451243 -1.94211 0.324239 -0.151326 -0.223988 -1.54615 1.92393 -0.249341 1.78219 -0.844295 1.65676 -1.21145 0.357199 0.0163262 -0.152359 0.652777 -0.351259 -0.340993 0.804637 -0.200098 -3.09454 1.74704 -2.37676 1.01896 -1.09871 0.901676 0.836028 -1.61274 2.17895 1.50983 -1.30336 -1.76549 1.14064 -0.475806 
0.821381 0.736623 -0.724543 0.649279 0.105443 -0.5323 -1.43579 1.02902 -0.320539 0.222463 0.319462 1.3545 -2.70515 -0.192309 -1.39898 3.43516 -0.513841 -0.953871 -1.76171 -0.100328 1.97617 1.62137 -0.0226059 0.726098 -0.170347 0.855774 1.23153 -2.16659 1.48897 -1.48977 0.130666 -0.263929 0.0834071 0.753936 1.09749 0.0690734 0.0249606 -0.156697 -0.817327 
0.897125 -0.324554 -0.348732 0.493983 0.0768163 -0.616939 -2.07807 2.20674 1.33404 -0.254625 -0.842662 1.74957 0.99213 0.0949637 -2.35914 0.389413 -0.616824 -0.211095 -0.420544 0.241372 0.262927 1.70129 0.41503 -0.783124 0.0416407 2.32173 -0.381714 -1.76186 2.66873 -2.59246 -1.17144 -1.44223 1.81145 0.826204 0.953322 0.694305 1.33765 0.440844 0.349714 
0.807934 -0.690097 -0.463277 0.272084 0.0159034 -0.786654 -1.20144 1.25102 1.23804 0.721885 -0.579352 1.38098 0.628789 -0.400867 -1.20737 0.231996 -2.63938 -0.72019 -0.263357 2.24378 -0.971894 -0.452358 0.691171 0.752799 0.690021 -0.513143 -0.223778 -2.10401 1.70605 -1.10983 0.293047 0.187615 1.7224 -0.00446678 0.418869 -1.74448 -0.673762 0.298431 1.86804 
0.68492 -1.06304 -0.174606 -1.05214 -0.314002 -0.775911 0.326319 1.23194 0.919875 0.579254 -0.110823 2.39032 0.279646 -0.446297 -0.751977 1.95502 -0.754926 0.584184 0.63746 1.79622 -0.276706 -1.20333 -2.06549 0.0288983 0.316413 -0.527904 -0.404559 -0.625823 0.665296 -1.8633 0.631707 0.795597 1.46673 -1.95485 -1.31109 -0.301135 0.0757711 -0.750834 -1.3359 
0.577519 -1.15647 0.664644 -0.184927 0.397005 -0.399006 0.717917 0.950015 0.13598 -1.78306 -0.616061 1.66777 -0.104765 -0.227292 0.276998 0.682464 0.362286 1.56668 1.3166 -0.510166 -1.43224 -1.22179 -0.969163 -0.674875 -1.52275 -0.755312 -0.246551 -0.164386 0.987709 -1.73001 0.195971 0.585287 0.166663 -1.34991 -1.62804 -0.349216 0.33412 -1.08164 -1.7146 
0.542295 -0.914558 0.24888 -0.863462 0.648532 0.0238424 -0.253785 -0.189013 -0.199096 -0.597842 -0.894711 0.934684 -0.778504 0.0600908 0.502352 -0.59757 -1.36201 -0.346793 0.126484 -1.60822 -1.38602 -0.868778 1.74178 0.335851 -1.52456 -1.10251 0.000952193 0.260947 0.960831 0.663018 -0.299883 0.251552 -0.995074 -1.75562 -0.38252 -0.114445 0.223218 -1.33552 -0.292988 
0.550092 -0.873325 0.379556 -0.9928 0.22716 -0.32142 -1.05217 -0.426154 -0.659627 0.323294 -0.326886 0.210414 -1.6585 0.220082 0.100863 0.638056 0.396158 -2.02242 -1.01173 -0.683009 -0.727726 0.713543 0.868693 0.916498 0.0264763 0.483657 -0.229847 0.114401 -0.537327 -1.24854 0.00488365 -0.0482983 -1.13719 -1.517 -0.997535 0.211127 0.546616 -1.25259 -0.441487 
0.579002 -0.871322 0.647784 -0.655212 -0.512937 -0.589248 -1.0212 -0.927155 0.454705 0.451051 0.0109242 0.946789 -0.0681829 -0.420718 -0.340687 -0.140355 -0.176408 0.317071 -0.234085 0.246086 -0.481482 -0.411674 -1.53266 0.264817 0.122406 0.688922 -0.111646 0.0847196 0.465568 0.229536 -0.571673 -0.207069 0.104754 -0.0893735 -0.0630534 -0.143793 1.45517 -0.179254 0.243432 
0.32993 -1.09393 0.347563 -1.11546 0.450186 -0.46263 -0.81271 -0.925633 -1.03653 -1.5363 -0.113126 0.313404 -0.655185 -0.39971 0.0170133 0.00198119 -0.158572 1.18675 0.685731 0.797401 0.609887 -0.820677 -0.997069 0.692873 -0.210533 -0.242608 -0.126224 0.155272 0.22771 1.08368 0.0883767 0.742123 1.39597 0.13286 1.31915 -0.513548 0.185537 0.130946 0.967161 
0.367261 -0.878189 0.694582 -0.767564 0.224761 -0.172309 -0.184277 -0.36887 -0.296842 -0.759845 0.679142 0.734352 -0.394514 0.218767 0.562647 0.453579 1.44031 -0.230082 1.21377 1.40341 0.636008 2.04 1.05269 -0.0650283 0.045574 0.243858 -0.375161 -0.170254 -0.317764 -0.408226 1.11844 0.893992 0.0338646 1.09033 0.969013 0.625785 0.920556 0.277069 -0.0170575 
0.366111 -0.774761 0.644348 -0.303751 0.34941 0.274726 0.680953 -0.342032 0.832312 -0.264559 -0.249554 0.343602 -0.287148 -0.183433 -0.275295 -0.438229 -0.370156 0.340118 0.502863 -0.767289 0.718098 2.00939 1.60048 0.322952 0.544343 0.234685 0.00477329 0.191097 0.360735 0.12008 -0.0546074 1.26301 0.396062 1.38065 2.4769 2.59119 0.376955 0.68136 0.590711 
0.242217 -1.05972 0.497699 -1.0022 0.461425 0.133665 -1.04303 0.294294 1.54395 1.17538 0.954623 1.23708 -0.039569 -0.220125 -0.287835 0.0424195 -1.33424 0.117199 0.482434 -0.942684 1.04779 1.04198 1.41962 0.477334 0.747054 0.329116 0.0117758 0.0164859 -0.19953 0.0718829 0.163645 0.461847 -0.466443 -0.346622 1.31472 1.40176 -0.701841 -0.690257 0.838854 
0.226358 -0.963788 0.713532 -1.09557 0.454153 0.568304 -0.367878 0.640667 1.78696 1.4516 0.189831 1.03838 0.202585 0.192797 0.292507 0.164432 0.418312 -0.147915 0.0912817 0.202594 -1.15122 -0.386612 -0.259202 -1.10835 -1.30832 0.57546 -0.284653 -0.174484 -0.129618 -0.618209 -0.232605 -0.227589 -0.461594 1.20849 -0.298248 -0.0754113 0.0313264 -0.886761 -0.638569 
0.267987 -0.90197 0.634423 -0.781145 0.409275 0.189889 -0.850706 -0.854297 1.19001 0.858177 -0.289478 -0.0153999 0.801789 -0.224425 0.0233126 -0.220159 0.553203 -0.478897 -0.836663 0.383754 0.425012 -1.44442 -1.48297 -0.448754 -1.73404 -0.931072 -0.331167 0.152228 0.283174 -0.401509 -0.884186 0.075974 1.46801 0.465399 -1.63263 -1.66559 -0.665342 -1.88322 0.22857 
0.0848814 -0.966891 0.637363 -0.796557 0.20613 0.0614467 0.020772 1.01977 0.464065 -0.347807 -0.35399 -0.617427 -1.10644 -0.708572 -0.075037 0.224999 -0.938968 -1.1246 -0.027936 1.53255 1.71329 -1.69125 -1.31624 0.363474 -0.809513 -0.348616 -0.279752 0.325565 0.36064 0.46237 -1.05669 -0.443801 0.377364 0.590679 -1.48059 -1.24989 0.170551 -1.73833 -0.818282 
-0.0675635 -0.963841 0.804676 -1.34452 -0.22087 0.173771 0.782907 0.773419 -0.358987 -0.739291 0.0290244 -0.795313 0.324146 -0.21262 0.449878 0.716027 -0.0358506 -1.03476 0.185017 0.0547396 0.290608 -0.442544 0.302809 0.631905 -0.219365 0.157349 -0.531132 0.156384 0.312408 -1.05013 -0.694126 0.441791 0.784358 1.31546 -0.0685926 -0.183482 1.40393 1.0847 -0.827622 
-0.0518631 -0.715102 1.07943 -0.837983 -0.370846 0.17455 0.0528639 1.26861 0.0588877 0.0156937 0.249499 -0.838233 -0.861882 -0.113405 0.298638 0.204599 -0.361055 0.117761 0.594491 -0.610184 -0.109395 1.57716 1.15012 1.18901 2.05988 -0.434034 -0.724762 -0.0848567 -0.142332 -1.02505 0.0339456 0.817731 0.522885 -0.13721 0.505078 0.684616 1.18037 1.03599 1.85732 
-0.164537 -0.802426 0.963635 -1.5739 -0.115795 0.535346 0.0944111 0.634569 1.08589 0.650463 1.22398 1.14325 -0.275421 -0.905858 -0.582175 -0.911234 -1.23404 1.04566 0.898672 0.556762 -0.467074 1.04874 0.356543 0.672369 1.41446 1.62623 -0.633994 0.232196 0.907671 0.390843 0.882795 0.00810631 -2.12737 -1.58406 -0.235099 0.786257 0.726801 0.602866 -0.860562 
-0.466497 -1.08001 0.620708 -1.57189 0.283352 0.720703 0.629004 0.783091 1.01973 0.444277 0.895949 0.488849 1.47932 -0.866081 0.036807 1.04288 0.792463 1.07971 -0.624503 -1.92915 -1.8403 -1.90032 -0.394118 -0.388295 -1.35633 -0.3801 -0.732817 -0.107257 -0.0531609 -0.497264 0.125772 0.917677 -0.12127 -1.28171 0.7788 -1.35447 -0.187457 0.651072 0.806458 
-0.563226 -0.797465 1.58663 -1.13661 0.558557 0.157228 -2.02347 -1.18189 -0.654607 0.169854 0.744344 -0.154727 -0.798003 -0.224955 0.416832 0.838546 0.598323 -0.906395 0.322501 -0.711086 -1.11207 -0.0988633 -1.63614 -0.886687 -0.656202 -0.847049 -0.761574 0.00491679 0.164688 0.467482 0.793492 0.0853678 -0.175304 -0.36182 -1.70227 -1.73422 -0.881028 -1.32802 0.610858 
-0.608186 -0.847968 1.13059 -1.2468 -0.217661 0.917233 -0.16884 -0.327562 0.929368 -1.54066 -0.112816 -0.145817 0.290224 -0.308766 -0.0366628 -0.816248 -0.268968 -0.0070722 0.70077 1.71059 1.38855 -0.264992 -1.24659 -0.596042 -0.131423 0.97233 -0.541871 0.0979534 0.457382 0.926659 0.0978172 -0.142274 -0.636914 -0.214715 -0.508165 -1.50756 -0.377219 0.465738 0.39811 
-0.738512 -0.836406 1.18049 -1.31276 0.589757 0.583294 -0.196911 0.131089 -0.897146 -1.34326 0.0441496 -0.292216 0.609836 -0.613466 -0.279433 -0.209756 0.476903 1.00658 -0.559372 -0.056279 0.840617 -0.567144 0.210972 0.461691 1.20413 1.23594 -0.720204 -0.276925 -0.488039 -0.404897 0.337162 0.972777 2.3773 1.9534 0.594314 -0.222629 -0.46229 -1.63149 0.519978 
-0.905613 -1.03197 1.06018 -0.991885 0.413412 0.578637 -0.25706 0.454348 0.410058 -1.28839 0.309961 0.981996 2.07433 -0.802732 -0.37899 0.146045 -0.25576 0.441827 0.596198 1.10559 0.997192 0.983236 1.04325 0.0765976 -1.70073 -0.466962 -0.87306 0.282317 0.196405 -0.249456 0.830845 -0.529322 0.352349 0.873659 -0.605108 0.484409 -0.284312 -0.780167 -0.322497 
-1.11181 -1.0799 1.30704 -1.48128 0.886612 0.945904 0.974003 1.06475 0.00369379 -0.0829453 0.058082 -1.91647 -0.0367308 -0.732097 0.688821 0.479968 -0.814857 0.118274 -0.209914 0.465033 0.221817 -0.220584 0.258004 -0.783539 -2.07014 -1.5358 -1.11296 0.112314 -0.407343 0.411767 0.283844 0.281371 1.30304 1.50727 0.999545 -0.354131 -0.939703 -1.16254 -0.85671 
-1.25059 -0.637408 1.37158 -1.48353 0.518791 0.452094 0.219673 0.636512 0.208196 -0.979155 -0.589294 -0.992239 -0.0978623 -0.910184 0.537574 -0.705373 0.712309 -0.081603 -0.250312 0.43342 0.841778 0.243809 -1.37163 -1.12608 0.400775 -0.343491 -1.04997 0.858315 0.701407 1.28399 0.685237 -0.22319 0.259547 0.41528 -0.457226 1.3597 -0.685712 -1.80373 -1.83226 
-1.52818 -0.775711 0.962277 -1.09031 0.873705 0.794847 1.41648 1.84779 0.227217 -1.74751 -1.20484 -1.54976 -0.507058 -0.884358 0.570326 0.484108 2.31944 0.803041 -0.138263 -0.16661 0.278837 -0.381466 1.04328 0.0160467 0.0425114 -0.20707 -1.03635 0.660932 -0.691236 0.422015 -0.124845 -0.441556 -0.274847 -0.198467 0.0329276 -0.804482 0.798461 1.19965 0.951325 
-1.65661 -0.313647 1.68526 -0.163737 1.02941 0.369029 0.0118851 0.87394 -0.141033 0.281192 -0.639648 -0.964942 -0.373467 -0.685424 0.430377 -0.24402 -0.243447 -0.129462 -0.398244 -0.770329 -1.09332 -0.230431 0.615011 2.00635 0.980049 1.26113 -0.678721 0.317191 -0.637926 1.16906 1.27315 0.770801 0.417822 0.221573 0.0488871 0.503248 -1.79112 -0.641563 -0.448358 
-1.85445 -0.535576 0.872899 -1.25172 0.832476 0.554024 0.55443 0.755311 0.0163359 -1.00587 0.857868 -0.634236 1.31301 -0.16362 -0.10949 -1.36025 -0.952945 0.940099 1.1574 0.653202 -0.0155868 0.414882 -0.556388 -2.01079 -0.751228 -0.213084 -0.21042 0.829636 0.0673558 0.286007 0.158512 -0.228091 -0.874627 -1.362 -0.623936 0.48224 -1.08344 -0.834582 0.348258 
-1.77371 -0.396105 0.977982 -0.735192 1.62114 1.07218 0.69254 0.82601 0.239194 -0.395956 -2.84185 -1.68964 -0.657656 0.354546 0.78646 0.336919 0.548887 0.31449 0.0433244 -0.279649 -0.584223 -0.580936 -0.148097 -3.21541 -1.90782 -0.919894 -0.579167 0.440824 -0.79556 -0.543379 0.919777 0.686351 0.818792 -1.03359 -0.104922 -0.60781 -0.105375 -0.175481 0.731976 
-1.76384 -0.0826658 1.10511 -0.955198 1.05397 0.581148 0.22414 0.156254 -0.515609 -1.1885 -2.62325 -2.45469 0.0199419 -0.731912 0.752721 0.267521 0.261823 0.30907 -0.254431 0.310097 -1.25946 -0.574585 -0.013219 1.88761 0.571453 0.921076 -0.536855 0.739137 0.0804279 1.09423 0.0435799 -0.937873 -1.2621 -1.0921 -0.36287 0.556223 -3.00119 -0.836998 -1.22949 
-2.11862 0.0366443 1.17177 -0.604579 1.83943 0.918622 1.00137 -0.427495 -0.286933 -0.415224 -0.905214 -1.16122 0.677026 -1.18529 0.296866 -0.226059 0.727682 -0.290121 -1.3746 -1.23099 -0.76254 0.0973584 0.68536 -0.122785 0.977308 -0.246852 -0.821152 0.478046 -0.0334829 0.485733 -0.398565 -0.410012 -0.160422 -1.42328 -0.799964 -1.02522 2.15783 0.749167 1.23803 
-2.29048 0.0776913 1.02567 -0.555346 0.917668 -0.252135 -1.13714 -0.615629 -0.426234 -0.36166 -2.821 -1.54176 -0.312446 -0.534166 -0.0545767 -0.313172 0.283602 -0.902756 -0.350735 -0.510969 -0.493188 -0.4578 -0.953298 0.501871 0.298127 0.270598 -0.926853 0.598109 0.090674 0.425126 -0.022429 0.157792 0.698865 -0.0541336 0.661714 -0.107317 0.646483 1.14095 1.75343 
-2.38426 -0.0130007 1.04412 -0.46138 1.34057 0.706629 0.420392 -0.93832 -0.706084 -1.57311 -0.439778 -0.891751 1.08323 -0.242649 0.578403 0.350997 -0.255081 0.222219 1.5505 2.05172 0.68789 0.705511 -0.779051 0.834328 0.3369 1.93114 -0.662624 0.452019 0.104855 -0.454333 -0.984664 0.214101 0.259944 0.323231 1.27672 -0.264204 -0.654003 0.71806 0.789073 