-0.804711 0.88704 -0.154735 1.30432 1.26533 1.16145 1.39479 1.18717 0.783488 -0.552695 0.259535 -0.437646 0.59005 -0.364828 -0.224008 -0.255517 -0.742449 -0.771279 1.18282 1.49836 0.214051 -0.105015 -1.46053 0.171726 0.29058 -0.756766 0.264841 -0.0407552 -0.662728 -0.120999 -0.698864 -0.0645132 0.894595 -0.71382 0.305747 -1.43761 -1.81941 0.30385 -0.149993 
-0.860686 0.628885 -0.36233 0.890839 0.774498 1.28819 1.89823 1.36882 1.03218 -1.50165 -0.929491 -1.68792 -0.204233 0.741478 -1.09602 -1.20232 0.0931311 -1.1698 -0.320984 -0.0289056 -0.172718 -0.801518 -0.556069 -1.73126 -0.58997 -0.383579 2.06681 -1.45399 -0.744877 -0.605662 -1.89589 -0.500785 0.944175 0.562172 -2.51753 -0.927799 -0.180726 -1.42978 -2.60942 
-0.467117 0.236556 -0.912686 1.30296 0.504243 0.96269 1.35507 1.03004 0.0927588 -1.1039 -1.27585 -0.976744 0.0282583 3.35134 -1.88065 -0.784622 0.0123045 -1.68998 -1.85713 -0.313263 0.356768 -2.76065 0.608143 -0.389654 -1.94804 -1.66715 0.491047 0.326951 -0.234576 -0.429525 -0.695424 -0.0756668 -0.476255 -0.812794 -0.525733 -0.565538 -0.950359 -0.668221 -0.509124 
0.784067 -0.476973 -0.843186 0.838135 -0.31955 0.286046 1.65392 1.69061 -1.36164 -0.796266 -1.24871 -3.54136 -2.565 -0.0354011 1.5779 0.882127 -0.606096 0.279502 0.198061 -0.621596 -0.741763 0.206489 0.032045 0.62978 -0.17039 -0.0715361 0.215103 0.343316 0.706118 1.21686 0.656229 0.0646764 -0.8572 0.518455 -0.62223 1.14659 -0.372925 -0.712762 0.112968 
-0.518626 1.13793 -0.287839 0.857429 0.670854 1.03539 0.888919 0.358222 0.278301 -1.02033 -0.670956 -1.10977 -0.0961924 -3.04461 2.3863 1.79159 1.50475 2.56849 1.91623 -0.829529 0.166826 2.05562 0.419765 -0.0489224 1.13522 1.79518 -0.48916 0.869243 0.875254 -0.668858 0.600014 0.418389 -0.620061 0.185349 0.59516 0.993044 0.429293 -0.220681 0.59124 
-0.774613 0.893572 0.384989 1.73347 1.31223 1.25732 1.03816 1.84061 0.431366 -0.294211 -1.25906 -2.41083 -0.0731753 -0.677069 -0.308424 0.363463 -0.201969 0.525441 0.319809 -0.214745 0.90552 0.476292 0.856683 -0.147395 -0.0627794 0.647895 -2.4592 1.48071 0.409409 0.281201 1.12358 1.37748 -0.762421 -0.854247 1.6106 -1.25864 -0.818208 2.15225 1.29898 
-0.891515 0.944545 -0.00706791 0.668612 0.994889 1.17176 0.715493 1.17636 0.698384 -0.0466911 -0.770567 -1.13866 0.787668 -0.51889 -0.22876 -1.20323 -1.14138 -1.0784 -0.15441 -0.190781 -1.12609 -0.21524 -1.57204 -0.900847 1.42687 -0.555387 -0.670663 -0.0675778 0.16061 0.653972 0.277486 0.121546 -0.0591798 -0.168032 -0.51996 0.370964 0.0159235 0.763541 0.142011 
-1.06828 0.746419 -0.373567 0.947914 0.609659 1.14568 0.881974 0.821167 0.250294 -1.94201 -2.04167 -0.998038 -0.875763 -0.29807 0.217317 -0.126115 1.02497 -0.142567 -0.186946 0.103223 -1.1235 -1.06474 -0.53183 0.155224 0.989 -0.49264 -0.0977242 0.375633 -0.875051 -1.71611 -1.03073 -0.62477 -0.0803658 -0.894982 -0.50016 -0.102186 0.207358 1.68051 0.870154 
-1.07458 1.05628 -0.0510778 1.25918 0.891335 1.0431 0.770844 0.159261 -0.221165 -0.571737 -0.595854 -0.149633 0.0730225 0.372903 0.781347 -0.0205644 -0.957962 -0.250697 -0.680703 0.0518817 0.122822 -0.350635 1.46802 1.12845 0.579517 1.3932 -0.589404 -0.394683 -1.10545 -0.410809 0.465501 0.71612 0.296968 0.001134 -0.612342 -0.546927 0.471216 0.934734 -0.212692 
-0.915287 1.1855 -0.347555 0.27887 0.436892 0.758796 0.900385 0.931359 -0.0484783 -0.308524 -0.984732 -0.40531 1.05267 -0.559472 -0.783493 -1.42273 -1.51486 0.771483 1.09098 0.245501 1.08826 0.370976 0.0246752 0.37529 0.138882 0.315398 0.0217407 0.713156 -0.0864557 0.132395 0.262511 -0.18123 -0.169607 0.155652 -0.405875 2.41284 2.28081 0.40787 1.43422 
-1.38857 0.587176 -0.95525 0.23638 1.37286 1.58278 0.928563 1.14269 0.107367 -0.496121 -0.22165 0.0166496 0.490876 -0.346001 0.261439 -0.090655 1.13785 0.613974 0.420864 -0.306106 0.0088562 -0.107756 0.707662 1.47951 -0.0722676 -0.0266401 -0.0393046 0.133071 -0.867376 -1.62781 -0.96376 -0.186761 -0.253787 0.51639 -1.68158 -1.50373 -1.23284 -1.83021 0.229786 
-1.12236 1.32284 -0.368041 0.941141 0.817596 0.948016 0.661225 0.93847 -0.136113 0.504272 0.390453 -0.443377 0.991143 0.498029 0.983797 0.209768 -0.475609 -2.01294 -1.35799 -0.60851 -0.566898 -2.28366 -1.3991 -1.80106 -2.26804 -0.0778648 -0.329518 0.111285 -0.31673 1.14625 0.42398 0.580798 0.472047 0.0579102 -1.5507 0.208432 -0.0841203 -0.353213 0.38666 
-1.17291 1.14375 -0.776439 -0.126261 0.0720914 0.84168 0.471826 0.629033 -1.87181 -1.95726 -1.82032 -2.14648 0.357556 -0.135436 -0.0927758 -0.345443 0.292138 -0.039394 0.307652 0.881082 0.0172366 -1.65573 -0.530133 -1.58654 -0.317022 0.411226 0.620402 0.809481 0.527395 0.352505 -0.987635 -0.290681 -0.2387 -0.381351 -0.518854 0.168317 -0.343562 0.291803 -0.0780356 
-1.22397 1.25461 -0.557551 1.06619 0.780083 1.07803 1.27624 0.953161 -1.56942 -0.0189426 -1.01374 -0.718316 1.5433 0.39525 0.198887 0.545052 0.926896 0.740239 0.95619 0.264998 0.118481 1.69648 1.54027 1.3962 2.63857 0.0268487 0.720212 -0.737788 0.59716 -0.553257 -1.14535 0.475282 0.655932 -1.98402 0.118316 -1.83099 -1.0892 1.07663 -1.15058 
-1.00873 1.24479 -0.375204 0.402007 0.533617 1.31087 0.643572 0.7353 -0.391003 -0.245786 -0.520658 0.438989 0.370995 1.17316 -0.971708 1.19869 -0.957666 -1.4397 0.284009 -0.0684735 -2.19692 1.79491 -1.14094 0.325665 1.61205 -1.46764 0.861009 -1.46697 1.63181 0.957884 1.38348 0.582126 0.442041 -0.372598 2.03656 1.02829 1.37236 2.07956 0.677839 
-0.670168 0.676271 0.2773 0.397339 -0.153756 1.19567 1.20806 -1.03485 -0.00304407 -1.20143 -0.684526 0.873695 -0.537842 0.846234 -2.32239 1.7679 0.270829 1.08997 -0.225951 0.271203 -0.557443 0.629495 -0.619596 0.168851 -0.162112 0.630687 1.19001 -1.91973 1.84361 -1.77096 0.57822 0.212551 0.0264197 -0.340749 2.91009 -0.249019 0.338485 1.00797 -0.228551 
-0.618666 -0.117443 0.837259 0.513524 1.21901 1.16181 0.819783 0.230195 0.162262 -0.865562 -0.333593 0.313972 1.23074 0.544445 -1.80936 1.41309 -1.20931 2.21612 -0.0331115 0.0675716 1.79237 1.52687 0.903816 0.0524711 -0.397894 1.27553 0.780242 -1.80322 1.96806 -0.989019 0.90219 -0.804572 0.189144 -0.478191 1.84529 1.03268 -0.162856 -0.605062 -0.813305 
-0.431259 -0.388211 1.25438 -0.431367 1.25247 1.14747 1.23776 0.585442 1.33031 -0.176912 -0.602959 0.520488 1.22568 0.278364 -0.289466 1.01945 -1.47366 0.110404 -0.842367 -0.061818 0.00441495 1.47842 1.54425 -0.366264 -0.523849 -1.37094 0.557543 -1.28074 0.881848 -1.59785 1.66597 0.212436 0.287869 1.36065 0.28971 -0.210794 -0.0450467 -0.954995 -0.177706 
-0.513024 -0.299829 1.5532 -0.483102 1.27738 0.690377 0.756388 0.233289 1.45351 0.850203 -0.631609 -0.161134 -0.714879 0.257865 -0.043676 -0.158196 -0.744209 -0.0162295 0.283859 0.269394 -0.358997 -1.1923 -1.10629 -0.114637 -0.700279 -1.41998 0.43973 -0.414109 0.177416 -1.46162 -0.0854031 -0.182604 0.637621 0.190112 0.331836 -0.483107 -0.354562 0.634787 -0.0673072 
-0.335884 -0.427948 1.18909 -0.96463 1.22979 1.26504 1.41267 0.259831 0.299878 -1.322 -0.672875 -0.125365 -0.788668 0.353448 -0.304925 -0.75839 -0.311889 -0.202417 0.580745 0.850764 0.164489 -1.09583 -1.99356 -0.0512312 1.2984 1.32998 0.161186 -0.133965 -0.173266 0.00674331 -0.609136 0.573513 0.253279 -0.774637 -0.47231 -1.3934 -0.544961 -1.28389 -0.734731 
-0.369777 -0.491186 1.08975 -0.741743 1.13552 0.963212 1.34959 0.381169 0.506931 -1.25255 -0.644048 1.12733 1.12495 -0.0291593 -0.143849 -0.075498 0.769167 -0.761155 0.435208 0.0228723 -0.514265 0.65817 -0.168136 -0.521439 -0.785321 0.753379 0.34743 -0.391911 -0.184819 1.69127 0.214436 1.06681 0.405767 -0.245301 -0.996107 -0.926428 -0.365853 -1.21232 0.75815 
-0.384266 -0.525822 1.17866 -0.536555 0.730279 1.46176 1.41021 -0.206219 0.87807 -1.45449 -1.11156 -0.853523 0.243032 0.144789 -0.257227 0.508397 2.41389 0.502782 0.778131 -0.36144 -0.465938 -0.0354245 1.14241 -0.379226 -2.69969 -0.597162 0.470013 -0.691722 -0.140307 -0.00719792 -0.48389 0.331943 0.69038 1.002 0.149246 0.492954 0.332855 0.214087 1.1377 
-0.331036 -0.654862 1.46667 0.7311 1.44505 1.33928 1.07062 -0.0411697 0.482175 0.0294864 -0.953815 -1.45355 0.263816 0.704796 -0.853731 -0.111696 -0.761399 0.147671 -0.029459 0.834253 1.56021 -0.483728 0.603565 0.893112 1.0643 0.335226 0.648404 -1.12573 -0.108633 -0.278105 -0.164887 -0.237232 -0.445521 -0.548556 0.227872 -0.101044 0.231708 -1.43183 0.574778 
-0.0650441 -1.03569 1.14421 -1.08074 0.812505 1.41546 1.99153 1.20408 0.463599 -0.754052 -0.267948 0.208375 0.688675 0.789014 -1.37068 -0.650905 -2.74015 -0.69881 -1.11061 -0.249346 -0.163101 0.2995 -1.2454 0.63478 1.03981 1.15809 2.14286 0.0796091 -2.27618 -1.09459 0.220089 -1.40581 -1.12856 0.450722 -0.128965 0.975259 0.621687 1.33209 -0.687646 
0.0303662 -1.46475 1.07452 -1.07004 0.985445 0.727558 0.872297 -0.189593 0.748572 -1.26575 -0.344383 -0.415349 1.86273 2.39177 0.976389 -3.08885 -0.571599 0.160092 -1.81867 -2.32772 -1.10978 0.341011 0.269042 -0.189855 0.531664 -0.957687 0.989972 0.132846 -1.5937 -0.899664 -1.06262 -0.824557 -0.632308 0.180143 0.0859019 -0.339699 -0.840468 1.79518 0.680282 
1.0991 -0.483413 -0.865244 -1.50435 0.902682 0.433433 0.297827 0.199391 0.766082 -0.414678 -0.406049 0.754791 -0.677752 0.639105 1.57066 -1.58678 1.6475 -0.672021 0.0163671 -0.602822 0.321234 -0.19727 0.926083 -1.6101 1.10166 -0.498263 1.56457 2.65316 -2.35927 1.06485 -0.846348 -4.01416 -3.45843 -3.45039 -1.76398 -1.2753 -0.713347 0.127719 -0.569587 
0.316686 -0.567579 0.0615209 -0.0840226 0.542991 0.705231 0.419652 0.100063 0.583122 -0.2172 -1.76994 0.682705 1.14021 -0.132105 2.88395 -0.228918 1.90121 -1.2479 -3.41251 -2.1766 -2.65395 -2.34763 -1.43642 -0.639532 -0.354427 0.445894 2.84553 2.8702 -3.09249 2.14877 -2.29741 -2.4866 -1.85797 -0.752411 -0.885519 1.45719 0.561541 0.691797 -1.63366 
0.999161 1.17595 -0.977452 -0.357172 0.0916109 -1.38215 -1.28714 -2.20199 -1.2687 -1.91609 -0.951784 0.443651 -0.0770032 3.47436 2.6049 -2.76545 1.0186 -2.31469 -3.26629 -1.83326 -1.17049 -0.807912 0.383364 2.24431 -0.25995 -1.01099 1.4655 1.26112 -1.0511 2.91337 -3.00637 -2.31839 -1.15445 -0.846275 -0.942501 0.507716 0.833259 -0.974869 -0.690463 
2.02305 0.929836 -1.73339 0.502497 -0.950927 -1.03389 -0.918284 -0.959537 -0.113165 0.245566 0.298533 0.462999 -0.300921 2.2484 -1.04533 -1.24325 1.70765 -2.66658 0.380761 0.649679 1.7033 1.27749 1.88523 1.58568 -0.767157 -1.071 2.6683 1.30042 -1.94169 0.880382 -2.87491 -3.23033 -1.53777 -1.88814 -1.5832 -0.61668 1.98291 -0.113254 -1.43461 
2.0915 0.55489 -1.76256 0.667051 -1.62755 -1.21391 -0.838621 -0.662265 -0.152125 0.167709 0.519639 -0.266927 -1.60224 0.382624 -0.709211 0.0368113 0.0835661 -1.42775 -0.948252 -0.189022 -0.905631 -0.992615 -0.953745 0.0216549 0.153328 -0.311671 1.58159 -0.853538 -0.700409 1.89432 -2.13015 0.44127 0.800685 1.12332 0.190363 1.86517 1.30282 0.535342 0.566198 
2.18091 0.503843 -1.66932 0.49506 -1.87712 -1.5607 -1.0732 -1.77958 -0.970017 -0.734872 0.352166 0.643263 -0.76193 0.035904 -0.187264 0.265849 0.644717 -0.101245 0.166786 0.349993 -0.526306 -1.05618 -0.205968 -0.100471 1.42457 1.62388 -0.0107542 -0.264917 0.118835 1.06659 -1.30943 -0.281598 0.47733 -0.0334992 -0.744478 1.02234 0.696321 0.198856 0.355086 
2.07571 0.431819 -1.54654 1.01607 -1.70465 -1.15757 -0.605721 -1.13921 -1.06423 -0.00561878 0.462564 1.14364 0.649506 -0.402749 0.331498 0.141599 1.2482 -0.266064 0.558235 0.770826 0.832979 0.148219 1.86903 0.767283 0.107708 0.66666 -0.241494 0.180799 0.47125 1.88418 -0.713573 -0.178738 -0.0229792 -1.99222 -1.78993 0.404959 -0.395587 0.028236 1.04864 
1.94542 0.681846 -1.53573 1.22743 -2.05972 -1.29963 -0.537515 -1.02705 -0.83513 1.33144 1.08171 0.779375 0.148231 -0.389954 0.456885 0.40976 1.69514 -0.812809 -0.423393 -0.414732 -1.66224 -0.980029 0.561636 -0.364122 -1.36452 -0.618754 -0.775196 0.510502 0.288206 1.34608 -0.881431 -0.244784 0.320683 -0.407486 -0.881143 1.48278 -0.168827 -0.890443 1.8457 
1.84662 0.682593 -1.23506 2.03235 -2.23722 -1.40988 -0.923037 -2.6436 -1.91014 0.649565 0.166489 -0.145065 -0.241892 -0.72367 0.416965 0.275765 0.428172 -0.867653 -0.900504 -0.391455 -1.30963 -1.14841 -0.53639 -0.971551 -1.12984 1.08562 -1.19639 1.06333 1.03107 0.5575 0.456218 -0.90673 0.0432073 0.00419709 -1.42022 1.10499 -0.740499 -2.40101 0.24404 
1.54919 0.909451 -1.31314 1.43889 -2.6274 -1.80147 -0.838083 -2.2125 -1.82742 0.801472 0.235001 -0.282206 1.64558 -1.34601 1.09448 1.05567 -0.991088 1.42958 -0.777424 0.435525 1.63031 -0.634713 0.428565 -0.496437 -1.43702 0.869649 -1.35511 0.877831 0.909256 0.0471442 0.327579 -0.394684 0.315963 0.344286 -1.20939 -0.851557 -0.249899 -1.32287 1.5988 
1.13869 1.3034 -0.495088 1.34226 -1.33446 -1.84735 -0.628597 -1.16989 -2.45587 1.16112 -0.24953 -1.50394 0.952766 -1.24199 0.864986 1.0178 -0.3534 1.31608 0.363813 0.764726 1.64508 -0.225985 -0.246891 0.674211 -0.401677 0.435216 -1.72426 0.700435 0.664878 -0.927925 0.805895 -0.408967 0.417926 1.2213 1.21206 -0.884003 0.45417 -0.944881 0.673615 
0.893353 1.39707 -0.59829 1.15388 -1.79728 -1.64209 -0.306785 -0.725437 -2.01783 0.583974 0.880177 -0.639075 2.23136 -1.15389 -0.0701633 -0.106881 -0.13641 -0.355212 0.222209 0.0695121 -0.347475 2.02075 -1.24126 1.00738 0.350763 -0.216074 -1.50628 0.483515 0.410005 0.148908 1.41176 0.85827 1.05264 0.681342 1.01756 -0.616547 0.50423 -0.624991 -0.753956 
0.526983 1.24829 -0.526338 1.19509 -1.57412 -1.76203 -0.597501 -1.48508 -0.693165 -0.129645 0.697666 -1.1326 0.62574 -0.942447 -0.155717 -0.428593 0.553648 0.551134 0.724585 0.560545 -0.945524 1.3903 -0.323369 -0.105796 -0.307759 -1.11983 -1.15767 -0.195432 -0.457823 -0.309771 0.018713 0.780333 0.840282 0.605249 1.45326 -1.31918 -0.10828 0.349677 0.87566 
0.387548 1.29231 -0.84296 1.44505 -1.4568 -1.29403 0.0776064 -1.58156 -0.80319 0.28393 0.818275 -0.905049 0.637678 -0.526038 -0.206632 -0.528275 -0.228897 0.399448 0.765105 0.981331 0.964827 -0.35975 0.0341037 -1.14214 0.0879363 1.05904 -0.407964 -0.25976 -0.68474 0.527839 0.691499 0.481321 -0.977683 0.17035 1.25939 -1.52568 0.0745383 0.414951 -2.20647 
0.229737 1.11398 -0.837137 0.989166 -1.33074 -1.39277 0.0896432 -0.613292 -0.999861 -0.0438519 -0.303684 -1.01562 2.08584 0.347482 -0.214506 -0.526704 0.113827 0.373528 -0.125092 -1.85904 1.09308 0.0497033 -1.07096 0.180917 0.823349 -0.926359 -0.38988 0.0690033 -0.496044 0.0158723 0.179282 0.305178 0.845008 1.71859 0.435396 0.842598 0.424582 0.463867 -0.847827 
0.527808 1.15343 -1.15272 1.45684 -1.23 -1.39034 -1.27888 -0.593772 -0.753944 -0.823023 1.01628 -0.0763418 -0.684841 -0.0427552 0.313887 -0.160803 0.265112 -0.145087 -0.39407 0.0756185 0.855205 0.860401 0.718255 1.61912 0.485275 -1.83166 -0.234854 0.291966 -0.0921613 -0.864443 0.297404 0.0837962 0.0258775 0.477634 0.441668 1.03572 1.23097 0.707674 -0.930482 
0.174545 1.28176 -0.904158 1.09705 -1.4359 -1.62976 0.125132 0.159338 -0.245867 0.780378 1.19805 -0.514097 -0.505488 -0.691922 0.64558 0.407435 -1.16305 0.0354112 0.208994 1.85743 -0.613583 0.458098 1.99837 1.22181 0.0370619 0.0762648 -0.381504 0.278424 -0.339559 0.290641 0.351899 -0.111479 0.26028 -0.676089 -0.647224 -0.780988 1.51368 0.76899 -0.683379 
0.147478 1.51372 -0.842775 0.657518 -1.21964 -1.31192 0.0386177 -1.14965 -0.349676 1.38289 2.15785 -0.00859996 -0.602142 -0.513916 0.0975196 -0.307502 0.109896 0.625339 0.224698 0.225694 -1.62201 -1.59393 -1.43757 0.108164 0.447365 1.2132 -0.833988 0.201817 0.0875701 -0.257107 0.356113 0.832159 1.28364 -0.504057 -0.809001 1.04854 -0.757152 -1.11236 1.13084 
-0.116629 1.32397 -1.0685 1.10634 -1.04792 -1.54313 0.2686 -1.30866 -1.62545 -0.722276 1.3301 -0.0492658 1.17067 -0.51958 -0.345433 -0.273134 0.862678 0.450356 0.845539 -0.233646 0.0326141 -1.37605 -1.05933 -2.10148 -1.32061 1.00592 1.17094 -1.03083 -2.00226 -1.39452 1.56974 2.70544 -2.49145 -0.758613 -0.995518 -1.17945 -1.33055 0.396651 -1.83718 
-0.146533 1.29885 -0.984315 1.14499 -0.943662 -0.900604 -0.148407 -1.12106 -1.53985 0.288488 0.286855 -1.2548 0.783499 2.20393 -1.58761 -2.50659 -1.81271 1.44862 3.25949 -3.48041 0.766059 0.463348 0.357076 -1.64611 0.0466683 -2.91322 1.10341 -1.46102 -0.992527 -1.3087 0.976588 0.777039 -3.00891 0.525063 -0.73299 -1.39976 -2.09189 0.618434 -0.538601 
0.953442 0.388186 -2.69169 -0.105662 -0.132968 0.130661 -2.25445 -0.616666 -1.21661 -0.287884 -0.128097 0.0277731 -2.93652 2.11187 -1.76944 -1.1164 -2.45968 0.847383 0.137503 -3.68977 0.498118 0.54475 -0.220855 -0.310498 2.0759 -1.48866 1.61042 -2.42084 0.234632 -0.912332 1.6248 1.18225 -2.14301 2.04625 1.35428 -0.571693 -3.29545 0.85956 -1.32952 
0.877425 0.257533 -1.68527 -0.477981 -0.413554 -0.859579 -2.8221 -0.671409 -1.06026 0.0990923 0.0393902 0.786112 -1.32711 0.122092 -1.92125 2.84838 0.704437 0.697388 -1.75089 0.675975 1.40793 1.08482 -0.886679 -2.14758 0.99266 1.68907 1.67656 -2.76237 0.950772 -1.85261 1.61032 0.408457 -1.22942 0.814279 1.3185 -0.402173 -1.23025 2.03949 -0.904529 
0.980814 -0.741239 -0.762457 0.281294 0.30113 -0.815919 -1.78701 0.655899 -0.26753 -1.19594 -2.04088 1.02034 -0.593411 0.309879 -2.23544 2.46853 0.192034 1.27968 0.367485 2.06597 0.345038 0.962631 -0.155089 -1.1123 0.353367 0.662897 -0.265856 -1.93776 2.95101 -0.872075 0.238933 -1.21058 0.844052 -0.190977 0.457958 -0.564645 -1.41815 1.21596 1.78749 
0.998852 -1.05424 -0.00801776 -0.416516 0.393265 -0.698276 -1.35456 -0.360223 -0.217393 -0.0193195 -0.934913 1.15997 -0.422225 -0.511398 -0.886005 1.32576 -1.76307 -0.364966 0.155981 0.379739 -1.65069 -0.55845 0.363465 0.509066 0.466496 0.00864619 -0.0345326 -1.67236 1.85396 -1.19871 0.888472 0.893178 2.56322 1.21055 0.356179 -0.950364 0.220312 0.443447 2.52344 
0.690901 -1.26984 0.156688 -0.899177 0.0552194 -0.76523 -1.53271 -0.838046 -0.746957 -0.754647 -1.54541 1.50369 -0.605483 -0.364416 -0.186367 0.157845 -1.65342 -0.0972524 0.76619 1.21139 0.926191 -0.552287 -0.717754 1.35477 0.195791 1.72469 -0.47138 -0.537364 1.39771 -1.6435 -0.160498 0.895004 1.52846 -0.341431 0.487444 -0.082261 0.940568 -0.894945 0.800531 
0.782555 -1.17679 0.136349 -1.52733 0.318717 -0.328455 -0.501886 0.476614 -0.691463 -0.745042 0.327196 1.38133 1.97081 -0.17534 0.112606 0.656928 -0.246735 0.174682 0.980062 1.56043 1.2454 1.11843 -0.44943 0.560273 -1.49393 0.7639 -0.202652 0.0846072 1.10318 -1.33562 -0.51428 0.834255 0.595224 -0.145859 -0.111005 -0.0240042 0.363828 -1.66281 -0.558437 
0.569303 -1.21887 0.632141 -1.11643 0.154735 -0.283557 -0.428903 0.287514 0.231348 -1.19076 -1.00351 0.0897375 0.440964 0.0665783 0.316284 1.40931 0.0232239 -0.556002 0.291061 -0.477237 -1.12022 0.430045 0.684595 -0.947545 -2.12776 -2.22603 0.10277 0.191612 0.290778 -0.551353 -0.0158999 0.123624 0.718917 0.533625 1.22054 2.21021 1.68101 -1.13139 0.0543762 
0.782123 -1.00761 1.11093 -1.5731 -0.0494735 -0.207121 -0.864173 -0.537519 -0.311582 0.0428567 -0.497754 -0.646029 -1.17325 0.319507 0.172719 -0.235934 -0.416446 -0.175741 -0.844504 -0.666427 -0.705419 0.277269 2.44144 1.35911 0.18797 -0.690794 -0.359878 0.0422047 0.81992 0.583552 0.00131212 0.988186 0.0392541 -1.31146 -0.202024 -0.620504 -0.987168 -1.51945 -1.58306 
0.695552 -1.13302 0.515278 -1.44149 0.029947 -0.756109 -0.927312 -0.351434 0.47842 1.49339 0.262525 0.303528 -0.551402 -0.591952 -0.24795 -0.241792 0.712945 0.577466 0.96584 0.492921 -0.332949 -0.656048 -1.25844 -0.196194 0.364665 0.764221 0.0188167 0.0299233 0.137312 -0.0537547 0.288948 0.810783 -0.505345 -0.632561 0.99458 1.23713 0.790366 -0.226529 -0.893624 
0.451864 -1.1659 0.990178 -1.18074 0.307863 0.267115 -0.528437 -0.839569 -0.875852 -1.26646 -0.641602 -0.261234 -0.126359 -0.296837 -0.122222 0.440413 0.36681 0.573615 1.87131 -0.0216673 -0.0143661 0.860848 -1.33146 -0.462207 -0.428028 -0.124748 -0.498404 -0.493829 -0.304823 0.92999 0.847755 1.02691 0.178467 -0.179797 0.214424 -0.283524 0.684324 0.321051 0.379767 
0.513102 -1.21834 0.847097 -1.269 0.384818 0.191678 -0.961819 -0.365328 1.2328 0.105261 -0.122465 -0.0788424 -0.750432 -0.133896 -0.462221 -0.177507 0.450385 0.551677 0.341291 -0.297333 0.102259 0.904792 0.990046 0.971359 0.0403136 -0.386096 -0.317716 0.0511225 0.672558 0.224544 -0.557168 1.19634 -0.0505937 -0.118633 0.432901 -0.655349 0.672118 0.292033 -0.4258 
0.351024 -1.44855 0.912075 -0.955163 0.648691 0.414719 -0.761285 -0.747975 -0.0832691 -0.14887 0.27294 -0.190345 -0.691677 -0.16752 0.203508 0.519208 -0.073301 -1.28299 -0.344434 -0.078758 -0.150251 -0.363041 0.72603 1.22336 0.798824 -0.25226 -0.180827 -0.246591 -0.212489 -0.127963 -1.02615 -0.209796 -0.360487 0.82608 1.39753 1.48855 0.21182 0.228433 -0.27563 
0.395422 -1.11462 1.23119 -1.37609 -0.448717 -0.0193444 -1.0374 -0.502129 0.923245 0.937882 1.02052 0.72613 -1.12817 -0.132356 0.111126 -0.111524 -0.591521 -1.87478 -0.63818 -0.203564 0.753644 0.692681 0.347829 -0.738636 0.255563 0.149855 -0.216312 -0.100248 -0.18521 1.07795 -0.307167 -0.193156 0.306434 1.43387 -0.0752875 -0.0921069 -0.398823 0.607178 0.924835 
0.250956 -1.39845 0.877745 -1.39143 -0.563641 0.0500714 -0.926665 -0.0672062 0.524924 0.275541 -0.362634 0.0888608 -0.505839 -0.150087 -0.342063 -0.769752 1.41906 0.900773 0.0691269 0.439715 1.66272 0.281517 -0.820919 -1.69167 -0.0567947 1.14133 -0.490421 -0.178097 -0.311453 0.292087 -0.882465 -0.746407 0.00475707 2.11 0.943381 0.699168 0.163248 -0.218487 0.639881 
0.286472 -1.32753 0.760196 -0.535179 0.115566 -0.0140789 -0.739948 1.00089 1.17401 0.100808 -0.478982 0.703037 0.447253 -0.58194 -0.362745 -0.317128 0.968311 0.739706 -0.354697 0.174667 1.48921 0.387069 0.27452 0.915597 -0.486147 0.472099 -0.577126 -0.610874 -0.803638 1.02292 0.170586 0.29743 0.284237 1.03891 0.375902 0.0874736 -0.367834 -0.625515 -0.284105 
-0.0742885 -1.62336 0.707019 -0.836858 -0.102456 -0.166318 -0.819911 1.27888 0.867445 0.620827 0.501359 -0.349757 0.131637 -0.689686 -0.538098 -0.35329 -0.141149 -0.657792 0.291859 -0.107443 -0.576906 0.151312 0.888807 1.25894 -0.653259 -1.38551 -0.57611 0.000567241 0.0896974 0.423693 -0.0268005 -0.475694 0.519348 0.595937 1.35896 1.34391 2.48692 0.926263 -0.321754 
-0.0927371 -1.65422 0.565481 -0.685361 -0.31778 0.107673 -0.836171 0.478185 1.31158 1.10912 0.696249 0.102689 -1.51879 -0.256363 0.370608 0.454431 -0.42925 -0.75503 -0.287064 0.461436 -0.881915 1.16644 0.932246 1.92899 1.60405 -0.751575 -0.518917 0.263944 0.0995247 -0.107334 0.181234 0.479627 0.411354 -0.45758 0.249322 1.56451 1.67424 0.97805 -0.33954 
-0.236466 -1.42266 1.04814 -1.17005 -0.598044 -0.347336 -0.506828 0.48029 1.88748 1.67603 2.28399 1.23451 -0.945916 -0.0658481 0.928474 0.504457 0.0254486 0.914707 0.305437 0.603987 0.0461439 0.137216 0.517921 0.652673 1.83217 1.08936 -0.418713 0.202748 -0.156246 -0.19727 0.146271 0.854504 0.509655 -2.0463 -0.27312 0.611367 0.876355 1.11435 -0.730129 
-0.159495 -1.12975 0.939786 -0.729716 0.255422 0.236526 -0.420524 0.519023 1.43691 1.71712 1.3219 1.90773 -0.0161907 -0.354157 -0.0691087 -0.664112 0.202658 0.966192 1.37058 0.16214 -1.36505 -1.47349 -0.389483 -0.933365 -0.264583 0.089291 -0.681046 0.578214 0.225109 0.604326 0.430689 0.160012 1.47947 -0.5393 -0.106583 -0.226635 -0.088822 1.39513 1.88682 
-0.447625 -1.47716 0.647226 -1.10184 0.00811302 0.338573 -0.409086 -0.755296 0.612599 1.30462 1.4719 1.01032 -0.844961 -0.924318 -0.0816699 -0.176112 0.736336 -0.331347 -0.122684 1.27287 -0.665184 -0.254416 -0.734751 -0.765093 -0.161945 0.701462 -0.957593 0.420039 -0.784001 0.453429 1.05885 0.811545 0.314856 -0.77807 -1.19676 0.474054 -1.05206 -0.0795712 0.906521 
-0.65622 -1.19154 0.862609 -0.322497 0.0310313 0.141476 0.476381 -0.083533 1.22178 0.973054 0.662344 1.78287 0.942747 -1.03623 0.686188 -0.431226 0.373069 0.439201 -0.342782 0.209701 0.488084 0.113493 0.807781 -0.284868 0.197637 0.78261 -0.970857 0.844166 -0.319318 -0.102946 -0.0395785 0.50657 0.566008 0.503961 -0.393291 0.0790739 0.215539 -1.25344 0.0852972 
-1.0004 -1.0933 0.400809 -0.925374 0.276946 0.128415 -0.277126 -0.314726 0.717298 2.22548 1.24766 1.23347 0.227709 -0.48526 1.31473 -0.263637 -0.846625 0.299301 0.754925 -0.576467 1.17312 -0.18963 0.795025 1.00208 -1.28779 -0.599371 -0.988973 1.19675 0.390637 0.531457 -0.163814 -0.404792 0.594126 1.27285 -0.553929 -0.593504 0.144041 0.275187 -0.146231 
-0.933042 -0.442898 0.727369 -0.920817 0.210315 0.505406 0.042698 0.976651 1.06297 1.88015 1.60474 0.568422 0.078514 -0.399569 1.05894 0.993104 0.298866 -0.633824 -0.207018 0.523037 0.850443 -0.740664 -1.35715 0.439779 0.153313 -0.897552 -0.782016 1.20975 0.150195 -0.246577 0.49423 -0.269259 -0.743572 1.81134 0.248801 0.952374 0.47027 -0.544235 -1.6046 
-1.2343 -0.493118 1.09928 -0.796047 -0.141059 -0.0107404 0.0802788 0.453597 0.0794698 0.809624 1.68033 1.41372 -1.05444 -0.651028 0.449285 0.486292 0.559236 0.36721 -1.12894 -0.419486 0.747105 0.477564 0.0568383 -0.472658 0.673485 -0.882634 -0.602228 1.01823 0.572358 -0.348171 -0.315704 -0.0875859 1.17857 1.7982 0.0352868 -1.402 0.480839 -0.266841 -0.942966 
-1.29289 -0.196536 1.08962 -0.626096 0.433067 -0.115902 -0.278038 1.65151 1.48416 1.99048 1.21028 1.25209 -1.18272 -0.476532 0.426916 -0.17485 -0.711522 0.240434 0.0686357 0.964975 1.05558 0.785193 0.0749316 0.101781 -0.440858 0.0357556 -1.01422 0.184129 0.481053 0.663601 0.929685 -0.468548 -0.13155 -0.279917 -0.0420055 -1.21047 -0.889684 -0.453931 -0.0548711 
-1.50675 -0.259738 1.02294 -1.30855 0.000544419 -0.00573188 0.755655 1.40747 0.768085 0.939485 1.8066 1.01893 -1.02851 -0.821308 -0.174827 0.203147 0.275634 0.869149 0.496446 0.214442 -1.08595 -0.521147 -1.16545 -0.559168 -1.18142 0.853332 -0.905304 0.462631 0.00577358 -0.211034 1.80223 -0.0708462 -0.0442997 0.27773 0.972424 -0.981763 -1.24271 -0.685508 0.822155 
-1.73802 -0.312388 1.26404 -0.511527 0.977108 0.112846 -0.142666 0.66837 1.03716 0.781539 0.737391 0.140594 -0.0109337 -0.838179 0.252021 0.19375 0.467958 2.13776 -0.185306 -1.05727 -0.792032 0.327666 -0.976236 -1.53889 -0.339866 0.757061 -0.797799 0.552322 -0.0130708 -0.293497 0.423796 0.424336 1.27517 -0.0612539 -0.262433 -0.397358 0.0237911 -1.26014 0.517701 
-1.96034 -0.127861 1.19112 -1.07181 1.35662 -0.133532 -0.0239602 0.690181 1.05897 -0.0652296 0.445593 0.721883 0.0083482 -0.337821 0.984028 -0.210833 -0.620875 -0.29481 0.0291382 1.3984 0.983314 0.226278 0.793867 0.576029 -0.276214 -0.345909 -0.594419 0.754143 0.292704 0.809739 1.03997 -0.649331 -0.756313 -0.647696 0.326913 0.393846 -1.44343 -0.959422 0.948695 
-1.941 0.244322 1.16383 -0.966444 0.776104 0.0971977 0.844557 1.55688 1.2399 1.68738 1.29357 -0.0948513 -0.519929 -0.0266207 0.850293 0.229961 0.547102 -0.757083 -0.681663 0.0448486 0.0558978 0.0493153 1.32183 -0.128645 -0.763521 0.154373 -0.483349 0.743811 0.191823 0.506432 -0.501731 -1.14986 -0.593145 -0.716306 -0.587447 0.641347 0.195185 0.196665 0.429236 