-0.428768 1.60105 0.232873 1.24564 0.471233 1.14505 -0.877872 0.31894 -0.362713 -0.44418 -0.0573125 -0.197495 -0.0545045 0.973633 -1.91128 -0.872433 1.67819 1.14099 -0.224323 0.804181 -0.339784 -0.165529 1.52664 1.0491 1.18076 -0.78836 2.83112 -3.07377 -1.649 -0.227728 -0.0442065 0.126709 1.16172 0.551957 0.0929325 -0.330223 -0.0446999 0.707768 0.0719463 
-0.139479 0.487891 -0.133516 2.13492 0.500643 0.952287 0.739651 1.02489 -0.98718 0.854867 0.363471 0.642793 -0.803432 4.24039 -4.11499 -2.3359 -0.427303 -0.787596 -0.782586 1.81574 0.928966 -0.00613596 0.798302 -0.524259 -0.101645 -0.708321 1.04848 -1.10059 -0.963472 -1.18539 0.0675022 -0.279512 1.33373 -0.597975 -0.30261 -0.00763101 0.265195 -0.450429 -1.44578 
0.892477 -1.23981 -1.16551 0.969148 -0.101769 0.773619 0.883316 1.36851 -0.329739 0.547297 -0.608489 -0.308118 -0.918017 0.612343 0.496808 -0.496537 -3.06202 -1.04753 -0.146499 0.737418 -0.308694 -0.199795 -1.54717 -0.749366 -1.67694 -0.618888 0.603198 -0.655347 0.276102 -0.47237 -0.0850892 -0.243252 1.01422 -0.339632 0.612761 0.749398 0.0645285 0.0710589 -0.335856 
0.0218269 0.811869 -0.436135 0.177989 -0.261525 0.880824 1.46677 0.648183 -1.15217 -1.00416 -0.435922 -1.09433 -1.55315 -3.33292 3.28205 2.74395 -0.142831 0.69334 0.462663 -0.644195 -1.29099 0.782745 -0.0336336 0.58397 0.166777 0.381615 -0.177497 0.431064 0.113228 -2.41769 -0.364938 0.267194 -0.138772 -0.64721 1.2279 -0.594576 0.30629 -0.094647 0.432899 
-0.207574 0.995536 0.462325 0.874096 0.402977 0.989423 0.285534 -0.140189 0.509634 0.527703 0.0623357 -0.141597 -0.394732 -0.894468 0.0892005 0.671095 0.271873 0.609008 0.543082 -0.901273 -0.394376 1.74379 0.917857 1.09825 1.56371 1.04059 -2.42561 2.14549 0.881212 -0.493732 0.447565 0.489772 -0.373142 -0.617241 1.18336 -0.144963 1.15086 0.77267 0.602364 
-0.298617 0.856127 -0.0431615 0.347439 0.181849 1.13455 0.622467 0.17274 0.669597 0.132611 0.80198 0.514534 -0.191416 -0.3748 -0.456853 -1.46843 -0.451681 -0.132337 0.246352 0.208893 0.621151 0.70569 -0.129336 0.775114 0.653547 0.205062 -0.681463 0.474857 0.497092 0.293193 0.242589 0.52953 -0.83856 -0.420807 1.33415 1.6203 0.020208 0.721095 1.05421 
-0.361872 0.665065 -0.41928 0.582057 0.306837 1.10322 0.505826 0.554658 1.27024 0.391798 0.943928 0.527516 -0.0960871 -0.155583 0.554005 0.0537589 0.0316575 -0.300162 0.22174 -0.0730785 -0.0576573 -0.0672476 0.750119 -1.09155 -0.798902 -0.0140191 -0.296138 0.24234 -0.41074 -0.26788 -0.43789 -0.316364 -0.531345 1.19764 -0.511132 -0.675707 -0.198791 -0.619971 0.741834 
-0.382828 1.21936 -0.0179531 0.363678 -0.0364246 1.23674 0.572362 0.0853298 0.640102 1.06553 -0.374729 -0.316009 -0.171522 -0.0881059 0.79637 0.891844 0.114912 -0.395926 -0.668903 -0.827428 0.721357 -1.33115 -0.584126 -1.03036 -1.33222 0.517393 0.154756 0.177381 0.743739 1.28479 0.958237 -0.138036 -0.406758 0.99837 0.293579 0.352068 -1.21091 -1.18817 -0.558395 
-0.42451 1.19462 0.1052 0.651396 0.0188718 0.785402 -0.267666 1.36498 -0.0512201 -0.296823 -0.165309 -0.853676 0.599957 0.379735 -0.29933 1.02468 1.40349 1.48938 -0.393973 -0.401159 1.17922 0.445675 -0.397565 -0.374308 -0.491357 -0.529336 0.844264 -0.199811 1.62052 -0.717316 0.55946 -0.302633 -1.28528 -0.0651219 -1.05544 -0.476989 -1.29488 -0.63383 -1.74824 
-0.29589 0.996986 0.585663 1.25488 1.04764 1.04858 0.207641 1.42329 1.13492 0.603641 -0.760561 -0.829012 -0.8073 1.36291 -1.03434 1.44353 -0.964581 1.09458 0.265626 -0.664313 -0.779004 0.0266573 0.0767763 -0.535931 0.63863 -2.21909 0.998189 -1.68103 1.2099 -0.585788 1.90464 -0.778414 -0.517266 -0.560206 -0.708926 -1.41136 -0.961344 0.997629 -0.675131 
-0.0232383 0.467845 0.958335 0.0322257 0.815619 0.908288 -0.88474 0.446294 0.0152751 -0.182234 -0.729356 -0.199965 -2.18581 1.12961 -1.87325 0.722034 -2.10306 0.864083 -0.677153 -0.201068 -1.78582 -1.31788 -1.07892 -0.793038 1.55382 -0.127665 1.1497 -1.90173 0.903122 -0.896934 1.08302 0.561613 1.49718 -0.997827 0.958874 1.65086 0.578964 1.55103 -1.13012 
0.0307936 -0.305488 1.00898 -0.0904183 1.67664 0.726868 0.0347984 -0.655646 -0.172982 -0.686315 -1.60811 0.769633 -0.932005 0.377314 -1.42649 -0.136601 -0.0900697 0.248141 0.544231 2.39522 -0.312833 1.18173 1.6229 1.21096 1.0195 1.11914 0.862943 -1.95871 0.515343 -1.4479 -0.055033 -0.315858 0.305566 -0.239397 0.118132 -0.600312 0.368725 1.00128 0.430835 
0.0629254 -0.528042 0.870141 -0.0291743 0.996372 1.16256 1.43214 0.0648208 1.2625 1.81139 0.632831 0.846994 -0.72412 0.173651 -0.661995 0.0289851 0.419638 -0.921364 0.255312 0.551846 1.53493 1.47744 0.443659 1.2166 -0.487427 0.547354 0.428172 -1.68203 0.117265 0.597329 -0.422783 0.312689 0.860288 -0.0707624 1.22782 -0.347958 0.649708 1.15568 1.44962 
0.0518432 -0.776737 1.01943 0.173278 1.00629 0.84489 0.583967 1.09224 1.37651 -0.125845 -0.239706 0.260689 -0.19784 0.263459 -0.747385 0.316946 0.740683 -0.757819 -0.0837857 -1.40196 0.248931 0.362172 -1.99642 -0.451313 0.213081 0.292358 0.600438 -0.679313 -0.0261066 1.24491 -1.72527 -0.110047 -0.192043 1.13375 0.727644 -0.824388 1.14481 0.341711 0.438598 
0.112688 -1.05789 1.05214 0.439287 0.445039 1.12067 0.107696 0.330722 1.67196 -0.593618 0.162089 1.06133 -0.314402 0.729616 -0.202249 -0.0541736 0.969994 -1.1906 -0.388258 -0.7774 -0.26326 -0.557509 -1.31133 0.135244 0.843881 -0.120107 0.85493 -0.395528 0.0536064 0.980448 -0.16449 -0.0567669 -1.12395 0.477223 -0.587392 -1.90942 -0.285244 0.197367 0.663209 
0.250643 -0.932487 0.980342 0.787995 0.140002 0.659418 -0.141551 0.767892 0.845866 -1.69826 -0.0636745 1.12632 -0.312929 1.02759 0.253791 -0.22786 0.347148 0.565887 0.0256292 0.0970696 0.294776 -1.08276 0.00333799 0.0926578 -0.0119941 0.353553 1.55019 -0.287881 -1.4497 -1.13783 -0.751576 0.0536197 0.048041 -0.268663 -1.79564 -0.725655 -0.0221182 1.09002 -0.503728 
0.406755 -0.900683 0.909577 0.656749 0.857031 1.13038 0.220755 0.649456 0.604393 -0.56828 0.291162 1.04327 0.173178 1.62085 -0.150748 -2.01184 -2.29956 0.276449 0.48505 0.829912 -0.0200752 -1.67038 0.546065 -0.179171 0.318024 -0.370029 1.44913 0.355927 -1.22719 -0.569504 -1.04258 -1.90174 0.0483831 0.87322 -1.28156 0.144453 -0.483981 -0.0148931 -0.394899 
0.734383 -1.05289 -0.224987 -0.682633 0.341356 0.88578 0.67427 0.723792 -0.822363 -1.01333 -0.234336 1.44901 -0.74601 1.16888 0.234082 -1.51917 -1.02813 -1.83802 -2.67356 -0.0441613 0.688015 -0.503804 0.133876 -0.689025 -0.0153893 -0.737741 1.96054 2.14812 -2.3208 -0.112405 -0.222248 -2.28109 -1.26874 -2.0076 -1.95887 0.381928 -0.757917 0.207223 0.996024 
0.745993 -0.757 -0.00225452 -0.00295617 -0.480415 -0.132794 0.198379 1.42136 0.128648 -0.384296 -0.441696 1.0217 -0.727767 1.35489 2.97938 -1.30296 2.14022 -0.539434 -3.66547 -2.3025 -2.1914 -0.761145 -0.16254 -0.744853 -0.106329 1.33995 2.92582 1.57046 -3.69265 -0.663346 -2.27384 -3.80451 -1.44238 -2.07156 -0.72521 -0.153391 -0.390203 -1.35358 -0.556144 
1.13309 0.974751 -1.00801 0.678461 -0.0510474 -0.845157 -1.51375 -1.82253 -1.56117 -1.18959 -1.02875 1.33355 0.996623 3.27772 1.84008 -3.76228 0.240055 -0.948783 -2.64527 -1.62954 -2.97041 -0.388717 -0.305588 0.204827 -1.45292 0.196577 2.60974 1.55698 -2.40157 1.67802 -2.28887 -3.74885 -1.05504 -1.12593 0.589832 1.07646 0.823297 -1.32104 -0.999155 
1.75946 0.4888 -2.25037 0.1462 -1.17072 -1.38262 -1.3443 -2.02271 -0.229456 -0.734403 -0.188937 -0.484113 -0.439919 2.61008 -0.922834 -2.12762 -0.256314 -2.26586 -1.57522 1.07741 0.957521 1.50915 1.26644 1.71214 -1.32695 -2.31239 2.57759 1.20051 -2.59787 0.430481 -1.83522 -2.58702 -1.17761 -2.96892 -1.47513 -0.31443 0.660835 0.108674 0.284621 
1.9331 0.324501 -2.28232 0.511029 -1.69985 -1.59038 -0.460585 -0.740056 0.0207449 0.370821 0.886056 -0.0422097 -1.90786 0.638255 -0.249105 0.0502816 0.220151 -1.29845 -0.964575 0.262499 -0.306987 -1.43934 -0.0331545 0.568133 1.55854 0.0807693 1.4503 -1.00426 -0.876752 0.350687 -2.24725 -0.407514 1.21374 0.427362 0.693169 1.68888 1.53154 -0.2911 -0.575028 
1.92905 0.300896 -2.22723 0.282662 -2.11549 -1.83987 -1.07261 -2.39744 -1.66151 -0.753416 0.464425 1.1194 -0.29942 -0.411811 -0.36582 0.882972 0.625458 -0.488236 1.02473 0.325219 -0.469099 -0.632232 0.472672 0.102284 1.00227 1.75285 0.0269545 0.0125778 0.815893 1.89283 -1.52287 -0.426483 0.93902 0.183903 -0.688342 1.8766 1.06951 1.49937 -1.03947 
1.76697 0.0565013 -1.76312 0.905999 -2.055 -1.10951 -0.128742 -1.30161 -0.586281 0.966552 1.02574 0.986958 0.360135 -0.608843 0.288533 1.1316 1.9089 -0.564535 0.387451 0.821947 0.52546 0.592809 1.96697 0.693643 0.0439793 -1.09247 -0.845931 0.843531 1.01138 1.48195 -0.152158 -0.684997 0.254038 -1.2857 -1.41192 -1.11614 -0.902263 0.207316 1.83644 
1.69992 0.481945 -1.55992 1.49622 -2.52616 -1.65954 -0.264423 -1.81287 -1.01629 1.65837 1.25618 1.15914 -1.65171 -0.88885 1.49055 0.579146 1.03469 0.311474 -1.96472 -0.0341207 -0.941932 -1.11696 -1.64296 -1.19896 -0.790473 0.0352395 -1.23625 0.868803 1.60584 0.8956 -0.136138 0.28694 0.718784 0.369215 0.716785 2.32128 0.0415744 -1.34456 0.635737 
1.44832 1.06243 -1.42493 1.56198 -1.82815 -2.03841 -0.141489 -2.40806 -1.6888 -1.00889 -0.269403 0.165117 0.442704 -1.28657 0.869201 1.18273 -0.917899 0.407481 0.0368507 0.00742109 -0.101512 0.313571 0.428066 -0.661387 -1.50257 1.71164 -1.14982 0.938073 0.828177 1.58782 0.859721 -0.738634 0.105307 0.747639 -1.40847 0.247574 -1.26829 -0.945776 0.486081 
1.25412 1.06148 -0.862152 0.906826 -2.22945 -1.64454 -0.237334 -1.95082 -0.65651 2.19989 0.553798 -0.397949 0.56385 -0.874863 -0.24234 0.620343 0.746281 0.756554 0.949439 0.152958 1.78548 -0.627926 1.88713 -0.335526 -0.238883 0.438233 -1.32488 1.11309 0.567703 0.0611506 0.728534 -0.338018 0.233582 1.08971 -0.67334 0.602147 0.188498 -1.06574 2.41457 
1.13415 0.87917 -1.06219 2.03401 -1.2774 -1.59306 0.0251643 -0.371441 -2.29143 1.30586 -0.612471 -0.0872052 1.03803 -0.743895 0.607598 -0.356654 0.956622 0.499164 -0.489796 0.259985 1.32434 -1.14138 0.183872 0.869379 0.344088 0.639278 -1.51144 0.0884763 0.726072 -0.348385 0.659071 0.313214 -0.076316 1.07538 1.09234 1.30045 0.37107 0.0380376 0.95072 
0.981818 1.46149 -1.08144 1.51302 -1.86602 -1.87789 0.0319531 -0.445613 -1.784 2.44463 1.53933 -0.0483531 1.41498 -1.43988 0.380898 0.432771 -1.17492 0.0646391 -0.488257 -0.244477 -0.578529 2.00282 -0.55091 0.761895 0.268472 0.48758 -1.41667 -0.0530372 -0.421355 -0.313759 1.1362 0.811947 0.176874 1.03383 -0.650524 -1.62655 0.726823 -0.741127 0.17839 
0.639328 1.12361 -0.811191 1.28068 -1.23019 -1.82569 -0.189305 -1.0591 -0.204885 0.657608 0.254544 0.184317 1.69614 -1.42643 -0.65387 -0.235152 -1.34575 0.908978 1.65104 -0.0582585 -0.163472 0.342035 -1.88356 -0.0174902 -1.15317 -0.465352 -1.14112 0.240936 -0.448568 -1.48447 0.105905 -0.0231992 0.0149551 -0.30721 1.0438 -0.785418 0.746026 -0.583191 0.663863 
0.491297 0.995812 -1.22834 0.650732 -1.20434 -1.10167 -0.00394115 -0.654963 -1.39512 0.176785 1.54695 -1.24467 0.86061 -0.310584 -0.0432134 -1.06359 -0.550221 0.0760616 0.477219 0.258669 0.252453 -0.688488 -0.276345 0.112964 -0.907553 0.158969 -0.894422 -0.302924 -0.187701 -0.242066 0.337575 -0.161231 -0.191971 -0.41648 0.980243 -1.32917 -0.37928 0.0783294 -1.2168 
0.505561 1.07699 -1.45162 0.925796 -1.17467 -1.60302 0.0787197 -0.789142 -0.869416 0.343041 0.406008 -0.758409 1.93614 0.0518833 0.281224 -0.021693 1.03844 -0.483282 -1.85584 -0.167212 -0.283764 0.893011 0.492317 -0.453644 1.22612 -0.718981 -0.302072 0.216845 -0.83562 -1.03157 -1.38521 0.406593 0.901526 1.23123 0.423588 1.19944 1.96064 0.135991 -2.30435 
0.473416 1.17185 -1.24808 1.3091 -1.55588 -1.97922 -0.144317 -1.00294 -0.443031 0.796391 1.07364 0.015625 -0.0164657 -0.161363 0.349432 -0.122096 -0.658081 -1.76969 0.115037 0.782352 1.1273 1.2291 1.5078 2.2147 1.04258 -2.40206 -0.203295 0.417331 -0.175057 -0.212234 -0.374424 -0.586576 0.476107 -0.116456 0.424551 0.191245 0.473319 1.14796 0.216349 
0.419502 1.29984 -1.53117 0.502113 -2.46239 -1.55115 0.848933 0.488991 0.426227 2.19679 2.87498 0.312377 -1.08244 -0.373318 0.286848 -0.217027 -1.3117 0.0330932 1.05399 0.715512 0.169196 -0.351195 -0.30657 1.00231 -0.00184577 0.929862 -0.181834 0.46199 -0.176214 0.791284 0.307943 0.243894 0.328894 0.218636 -0.343891 -0.705618 1.05554 -0.0618457 -1.4604 
0.319591 1.35174 -1.38419 0.468536 -1.53163 -1.48456 0.5618 -0.828921 -0.762779 0.44509 2.20576 0.00804351 1.20439 -0.12737 0.276969 -0.118282 1.53004 2.15893 0.24884 -0.404556 -0.870316 -1.64592 -2.25229 -0.969634 -1.1205 0.980579 -0.174593 0.358696 -0.496438 -0.691534 -0.0239251 0.951804 -0.0319374 0.624508 -0.85334 -0.807708 0.748806 -0.101458 0.0348798 
0.344311 1.47295 -1.60845 1.47403 -0.891062 -1.43617 0.480955 -0.534925 -1.217 -0.519188 1.83271 -0.850214 0.20295 0.0956187 0.204642 -0.482416 0.491457 -0.0521061 0.303572 -0.755631 0.537822 -0.70117 -0.543804 -0.12413 -0.118714 -0.895647 0.324669 -0.0363199 -0.359049 0.460401 2.11094 0.497628 -2.93761 -1.03452 -1.15725 -0.76622 -2.83109 -0.420228 0.737907 
0.315693 1.47522 -1.6784 0.778039 -1.56938 -1.34378 -0.142843 -0.230102 -1.44027 -0.194527 2.09579 -0.120204 0.10253 0.610429 -0.301406 -0.384203 -1.03569 0.448314 0.471201 -3.00092 -0.26221 0.214432 1.44494 -2.43414 0.656825 -0.261946 1.21768 -0.892508 -0.875469 0.969498 2.98416 1.22296 -3.00064 0.741324 0.4851 0.619263 -3.03201 1.95311 -0.389979 
0.505005 1.24915 -1.84415 0.809508 -0.564633 -1.21634 -2.37682 -0.85806 -0.958562 1.25817 -0.824423 -0.177717 -0.0926106 1.74818 -1.34734 -0.760395 0.583878 3.73356 1.43461 -2.72285 0.298723 1.31852 1.1735 -3.51996 2.20963 0.51625 1.28925 -2.34848 0.663485 -0.874838 1.14265 1.03308 -2.29284 1.20419 2.03672 1.0676 -2.94246 1.53785 -0.2588 
0.840141 0.533653 -2.1382 1.14649 1.14788 -0.669623 -2.73396 0.0931792 -0.0532271 1.25293 -1.75863 2.15556 0.797121 1.34243 -2.74292 1.34759 0.0062529 0.967761 1.00044 0.342215 1.61198 2.33858 -0.350232 -1.10284 0.987114 0.0102559 1.23897 -2.91965 1.27915 -0.969078 1.63932 1.13673 -0.816116 2.23675 2.65174 0.122142 -1.59374 1.37266 1.2584 
0.899731 -0.650129 -1.04817 0.809544 0.139822 -0.746933 -2.02867 0.978614 1.47119 0.853805 -2.01357 0.835803 -0.0418304 0.128065 -2.44299 2.60639 -1.72086 -1.70649 0.182536 1.77449 2.19596 2.00173 -1.05942 1.5962 -0.743492 0.7091 0.841305 -2.66894 2.39496 -0.350499 1.3958 1.72598 1.93835 2.23763 1.19483 -0.68556 -0.194227 1.69971 1.09105 
0.846617 -1.1598 -0.59232 0.0449569 -0.0938404 -0.585921 -1.01233 2.60283 2.0322 -0.0133287 0.0283385 1.38223 1.73709 -0.0721412 -0.719952 2.098 -0.437308 0.759743 1.44382 1.89966 0.883673 -0.835834 -0.373449 0.853048 0.831047 1.05217 -0.0819001 -2.03316 2.46203 -1.80813 -0.672267 0.36897 1.59421 0.626589 0.233054 -0.458743 0.628599 0.00285242 1.26185 
0.842197 -1.16115 0.194851 0.526672 0.692892 -0.0684359 -0.18701 1.97599 0.656043 0.421225 -1.04605 1.68818 1.33465 -0.264523 -0.189498 0.935348 -0.373656 0.889898 0.35691 0.0687993 -1.48664 -1.69881 0.570997 -0.861798 0.73521 0.519609 -0.10382 -0.564624 1.73963 -1.08854 0.116672 0.155632 1.0452 0.627359 -1.66351 -0.856518 0.972895 0.256166 0.56489 
0.727576 -1.3068 -0.0419231 -0.197317 0.55395 -0.419987 -0.92638 0.868672 0.334913 0.701899 -0.895029 2.13566 2.43595 -0.0977171 0.00550244 0.408126 -0.83601 -0.605798 -1.20383 -0.692236 -0.173494 -1.22722 -0.527552 0.293171 -0.566671 -0.501979 -0.0829312 -0.0778412 1.38219 -1.17946 0.319114 0.368066 0.120681 -1.70802 -1.54591 0.0824015 -0.19041 -0.36644 -2.48488 
0.776486 -1.17433 0.431166 -0.0104947 0.252193 -0.638515 -0.830861 1.75509 -0.559187 -0.198641 -0.695877 1.09742 0.733681 0.126494 0.110831 1.05835 -1.00341 -0.486912 0.181268 0.0678446 -0.392665 -0.217544 -0.498143 0.616574 -1.14099 -2.93845 -0.0448622 -0.0699904 0.984683 -0.629541 -0.521574 -0.851899 -0.494784 -1.3707 0.0136227 0.157245 0.189288 -1.92442 -2.57573 
0.733549 -1.2477 0.58175 -0.841256 0.19977 -0.336883 -0.841347 0.3952 0.151784 0.117775 -0.188253 0.951913 -1.2651 0.0176969 -0.0739162 1.01573 0.0865102 -0.0254115 0.0295574 0.116047 -1.33178 1.2564 0.678034 -0.0842332 -1.51607 -2.00531 0.138037 -0.0502118 0.37009 -0.918554 -0.198143 0.360333 0.129303 -1.9361 0.0570824 -0.928453 1.22725 -1.61142 -2.46498 
0.747675 -1.24201 1.02945 0.0407295 0.233869 -0.626954 -0.699604 0.199382 0.764362 0.646672 -0.761854 -0.473598 -1.78008 0.0721809 -0.153412 -0.515564 -0.0759084 0.25358 0.346055 0.0787856 -1.73954 0.300939 -0.477469 0.833882 -0.604852 0.538975 -0.253829 -0.326293 0.264278 -0.778822 0.167515 0.45882 -0.104785 -0.97722 0.602511 0.00473485 -0.316383 -1.16044 -0.890961 
0.722157 -1.36993 0.267796 -0.893624 0.384481 -0.176068 -0.745822 -1.6304 0.498652 -0.441224 0.758141 0.321728 -0.541597 -0.416133 -0.329252 -0.624627 -1.00637 0.241904 0.63601 -0.240538 0.262795 -0.492579 -0.685737 -0.311668 0.255658 1.1382 -0.14665 -0.284957 -0.187402 -0.669923 -0.447959 0.188669 0.106843 -0.511339 0.161504 -0.388579 0.398801 -0.518303 0.494624 
0.580162 -1.48492 0.650521 -0.605095 0.410083 -0.329403 -0.910296 0.481261 0.30009 -0.16544 -1.07861 -0.215306 -0.294147 -0.307302 -0.195767 0.259146 -0.719675 -0.79423 -0.0596955 0.0418306 1.18712 -0.0872764 0.0618181 -0.374344 0.0356143 -0.0571851 -0.145199 -0.212598 -0.99069 -2.52427 -0.327063 0.939302 0.588559 0.145856 0.110443 -0.62416 0.486653 1.44406 1.1822 
0.589439 -1.52124 0.41536 -1.35659 -0.193349 -0.206596 -0.685736 -0.283333 0.448684 -0.344813 0.372269 0.352824 -0.576626 0.183223 0.0745805 -0.783362 -1.90541 -0.63383 0.704005 0.919079 -0.0865092 0.642541 0.0257393 0.876287 1.28733 0.012972 -0.264463 -0.19405 0.142861 -0.675016 0.379299 1.07549 0.403963 1.70993 0.343442 1.48474 -0.436796 -0.770347 -0.773147 
0.604272 -1.45069 0.177032 -1.82433 -0.0510167 0.000213866 -0.00896819 0.360602 0.996147 -0.112877 -0.0854637 1.10819 -0.239911 -0.107339 -0.0346794 -0.0421082 -0.0817206 1.27125 1.59088 0.422911 0.723417 0.527907 1.46555 -0.165585 -0.876144 -0.695237 -0.0797086 -0.434866 0.0826388 -0.172187 0.429272 1.3914 -0.507291 -0.973911 0.168405 0.115759 1.25947 0.423162 -0.0033851 
0.520652 -1.56199 0.383458 -1.41267 0.731972 0.541252 -0.26021 0.529365 1.02756 1.45759 0.216589 -0.557472 -1.42349 -0.316341 -0.619554 0.914068 1.67784 1.17233 1.27061 -1.50975 -0.978809 -0.42027 0.0817137 0.612704 -0.843207 -0.0160087 -0.275262 -0.238303 0.349122 0.329336 0.905561 0.72717 -1.03716 0.0822282 0.279572 -0.132541 0.0250583 0.465082 -0.229346 
0.468664 -1.89282 0.714751 -0.758143 0.802313 0.597032 -1.43678 -0.78834 0.60579 0.0077129 0.617045 0.231902 -0.222549 -0.323757 -0.253565 0.554837 0.426499 -0.146835 -0.548633 -1.62729 -0.617682 -0.166954 -1.61564 0.178085 1.36539 0.472221 -0.473308 -0.258978 0.916193 1.75872 -0.0537857 0.213921 -1.7654 -0.279467 -0.50791 -0.491879 -0.189403 -0.917563 -0.511445 
0.382673 -1.75296 0.707173 -1.14459 0.625282 0.280151 -1.80073 -0.203416 0.896145 -0.484655 0.43986 0.846619 -0.784922 -0.416531 0.304306 0.411599 0.298154 -1.22808 -0.948809 -0.538064 0.683495 -0.201167 -0.604507 -0.856724 -0.155781 -0.481639 -0.328509 0.193739 0.804919 0.405725 -1.28567 -0.750864 -0.288411 0.144156 -0.0212551 -0.769314 1.13984 1.22934 0.544007 
0.301024 -1.70094 0.953135 -0.57193 -0.0912486 0.147216 -1.93279 -0.0216483 0.439401 -0.705678 -0.300728 0.0653827 -0.797639 -0.188474 0.529606 0.611309 0.00545524 -1.42435 -0.48382 1.29012 0.792083 0.152622 0.805085 1.16782 -0.0535236 0.0576437 -0.401333 0.482228 -0.273418 -0.510184 -1.30937 -1.33239 0.103002 0.411781 1.03505 1.07408 0.861943 -0.191914 -0.727509 
0.287946 -1.40647 1.06453 -1.14507 -0.411114 0.0496138 -0.543592 0.688413 1.0914 0.515065 1.75447 0.78568 -0.673847 -0.206667 0.348528 -0.791325 -0.911443 -0.372264 -0.89993 0.654231 -0.21235 1.50458 1.70594 1.87023 -0.062142 -0.226353 -0.516912 0.362661 0.0442631 -0.151963 -1.37902 -0.849656 0.0587023 -0.963534 -1.43468 -0.338391 -0.662243 -0.135243 0.629082 
0.20048 -1.47872 0.474903 -1.15721 -0.361994 -0.27955 -1.28543 -0.287325 2.01664 1.38888 1.78841 -0.00445477 -1.04791 -0.610839 -0.0329389 -0.535618 -0.209939 -0.261668 -0.687306 -1.22526 -1.8459 -1.93021 -1.16868 -1.97741 -0.103401 0.555045 -0.566217 0.821592 -0.09244 -0.00957535 0.296399 -0.317734 1.6398 -0.700496 -0.168788 -0.307891 -0.447417 -0.292089 0.255702 
0.0581826 -1.44603 0.73863 -1.28292 -0.601373 -0.276883 -1.69859 -1.45976 -0.842431 -0.883978 -0.399034 0.673243 0.0701042 -0.667776 0.747545 0.671043 0.869453 0.747305 0.475457 1.24186 -0.549805 -1.70296 -2.0379 -2.42286 -0.263606 0.475546 -1.10569 0.676623 -0.766658 -0.229671 0.436835 -0.413419 -0.00838967 -0.262497 -1.97137 -0.587922 -1.94931 -1.57739 0.496047 
-0.0474862 -0.982677 0.867845 -0.606618 0.182025 -0.057712 -0.0745754 -0.941884 0.315108 -1.06656 -0.856288 -0.282304 -0.405114 -1.08563 0.939669 -0.551205 -0.0832253 0.809471 0.128521 1.21241 1.5694 -0.516907 0.54627 -0.371664 -1.6058 -0.0718702 -0.877308 1.37141 0.308326 0.164384 1.09492 1.04609 1.49798 0.593615 -2.39275 -1.65175 -1.69995 -1.32022 0.283782 
-0.323379 -0.818139 0.403444 -1.33996 -0.0121133 -0.218652 -0.515965 0.327846 -1.33157 -0.198803 -0.78195 -0.990425 0.0163899 -0.680698 1.06664 -0.216798 -0.712919 0.61006 1.01445 0.48998 1.22257 -1.26983 0.312079 0.372058 -1.16879 -0.199017 -1.05034 1.21084 0.0597206 0.715176 1.01354 0.981091 1.3294 0.6011 -0.0176528 -0.230477 -0.613459 -1.96257 -0.330661 
-0.299584 -0.267653 0.731875 -1.06528 0.626164 0.418305 0.415266 0.446035 -0.943672 -0.665997 -0.419131 -1.49476 -0.620605 -0.526494 0.664798 0.649056 0.868327 0.447778 1.27015 0.324176 -0.888334 0.50707 -0.797936 -0.379574 -0.517998 -0.249779 -1.10796 0.707646 -0.069806 -0.788371 0.46571 0.18905 0.191204 -0.303536 -2.41755 -1.34466 -0.888596 -0.833172 0.367262 
-0.526176 -0.378878 0.783288 -0.790083 0.313925 0.377947 -0.185122 -0.716833 -0.773995 -1.14727 -1.17359 -1.53093 -0.263689 -1.01924 -0.11939 0.128963 -0.217838 -0.0267351 -0.727557 -0.271656 -1.54457 -1.7339 -1.71939 -1.45239 0.260638 0.556816 -0.771584 0.624288 0.370834 -0.389107 0.420654 0.598337 1.43352 -0.0977289 -0.0362588 -0.48904 -0.393455 -0.483752 0.111803 
-0.65992 -0.366541 0.801885 -1.20817 0.606876 0.0728263 0.174733 -1.35489 -2.67683 -2.73433 -1.99372 -1.23132 0.125599 -0.66088 0.173578 -0.105202 -1.34344 0.0801202 -0.408746 1.333 0.794532 -0.540118 0.278086 -0.108515 -0.0140507 0.358882 -0.981067 0.189697 0.138206 -0.58053 -0.614112 -0.365368 0.663028 0.40679 0.181028 -0.208403 -0.739109 0.106739 0.616666 
-0.771939 -0.276716 0.713799 -1.65089 0.372401 0.182814 1.11314 0.177817 -1.28686 -0.788026 -1.26634 -1.55112 0.23067 -0.487337 0.390151 0.0814028 -0.475729 -0.718312 0.236221 1.03645 2.01018 1.97192 1.49061 0.550861 -0.157101 0.0437857 -0.624574 0.367111 -0.0160483 -1.20691 -0.220609 -0.395796 1.33074 1.78874 0.0701055 1.15172 -0.110539 0.474582 1.21792 
-0.850197 -0.115756 0.843562 -1.51554 0.0842953 0.181845 1.18861 0.940673 -0.621875 -0.901466 -1.3594 -1.39921 0.219041 -0.302486 0.328902 0.094433 -0.0649595 -0.341089 -0.125303 0.205139 1.2034 0.63976 0.903879 -0.0411742 0.513523 0.827062 -0.623533 0.508997 0.260215 0.0783634 -0.121352 0.743745 0.49334 1.19988 2.35327 2.38164 1.58268 -0.533612 0.586372 
-0.903117 -0.0679638 0.763238 -1.69628 0.124343 0.121347 1.32983 1.54364 -0.593649 0.331761 -1.28484 -1.02658 1.32073 -0.474442 0.297645 0.303871 0.534095 0.579446 0.829294 -0.468189 -0.665189 0.975992 0.967031 1.32473 -0.428615 0.527323 -0.618075 0.341017 0.734829 0.878066 1.41615 0.894054 0.0210184 -0.167399 0.611828 1.24032 0.560469 -0.893388 -1.5405 
-1.03635 0.0715468 1.01777 -1.17885 0.506155 0.570545 0.759613 0.153145 0.415036 0.295072 0.128224 -1.84743 0.92772 -0.650977 0.139497 0.971234 1.03595 2.09362 1.4018 -0.183924 -1.37445 0.135685 0.369975 0.694086 -1.48649 -2.32653 -0.616501 0.126411 0.485485 -0.105682 1.14545 0.768923 -0.327207 -0.310654 0.257064 0.560658 0.52111 -0.537555 -0.551136 
-1.14571 0.0108095 1.33501 -1.03949 1.64814 0.78003 1.17343 -0.0612346 -0.415704 0.802681 -0.492592 -2.56706 -1.60174 -0.476622 -0.109541 0.404344 -0.685763 0.840075 0.271563 0.0860885 0.335295 -0.643118 -0.398126 -0.718893 -0.161344 -1.06361 -0.788057 -0.166205 0.0787464 -0.00647115 0.863642 0.270731 -1.03948 -1.92213 0.322621 -1.13654 0.444818 -1.08649 -0.52246 
-1.2232 -0.0205816 1.25183 -1.62019 1.11769 0.696231 0.862141 0.518572 -0.203117 -0.167499 -0.637568 -2.01969 -0.387852 -0.561497 -0.333575 -0.846108 -1.0744 -1.02077 -1.00026 -1.02314 -0.742263 0.278972 -1.56142 -0.179506 0.305668 1.81816 -0.347627 0.13498 0.00190447 -0.635325 -0.05585 0.434723 0.721889 -0.175511 -0.527 -1.67826 -0.689369 1.51662 -0.0117998 
-1.3597 -0.235062 0.824144 -1.72871 0.905447 0.305953 0.212258 -0.937582 -0.0912915 -1.07367 -0.663624 -2.25713 0.749354 -0.0647409 0.308836 -0.389377 -0.0703372 -0.898361 0.360179 0.746876 -0.515342 -0.00213428 -1.3552 -0.123141 1.78243 1.05238 -0.369258 0.254127 -0.673521 -0.42788 -0.831487 -0.00460429 0.0903479 0.0246024 -0.333428 -2.01191 0.542701 1.24741 1.04522 
-1.27837 0.174401 1.01305 -1.669 0.464075 0.863707 1.59833 -0.0962724 -0.166053 -1.79322 -0.746447 -0.185006 0.988895 -0.0128259 0.688488 -0.107195 0.555037 0.00830881 1.01532 1.12465 0.784102 -0.682741 -0.537964 0.811165 1.02565 -0.800343 -0.368117 0.286102 -0.792855 1.36644 0.448936 0.354428 -0.0605764 -0.582612 0.273777 -1.63083 0.519055 0.749955 0.802785 
-1.39827 0.220456 0.753468 -1.37865 0.911662 0.782379 1.31072 -0.0549506 -0.749948 -1.70619 0.25772 -1.20382 -0.231244 -0.507844 0.0878385 -0.735 1.59867 1.46105 0.158854 -0.820165 -0.116101 0.355858 -0.348922 0.726516 -0.986556 -0.27059 -0.190927 0.732643 0.114722 1.57804 0.047744 1.20174 1.24848 1.29949 0.981204 -0.00659738 1.38459 3.37333 0.447814 
-1.47521 0.217724 0.568373 -0.653307 1.52752 0.936242 0.831806 -0.251033 0.236953 -2.19599 0.0815574 -1.2093 0.682337 -0.289763 0.29141 0.283895 1.21477 0.0608439 0.693081 0.318215 0.671338 1.91899 0.518508 0.827481 2.59394 1.23656 -0.587052 0.710538 -0.25519 1.96348 1.35896 1.18711 1.06772 1.14393 0.289147 0.315064 0.0191984 0.657394 -0.186756 
-1.52538 0.40348 0.915775 -0.607814 0.95611 1.10684 1.63585 0.697731 1.2509 -1.05475 1.19706 1.46875 1.37985 -0.398346 0.863187 0.381403 0.611 0.221123 1.52901 2.05368 1.39906 0.0170402 0.663096 -0.721025 1.6828 0.0890364 -0.540895 0.520865 0.0770629 1.79715 0.385158 0.460795 0.0762985 0.588072 1.2798 1.42525 -0.293709 0.128641 -1.19728 
-1.63703 0.79313 0.788769 -0.267559 1.68861 1.65491 2.82116 1.34027 0.293618 -1.36884 -0.686585 0.522515 0.833354 -0.546095 0.411887 -0.161182 0.805089 0.423387 -0.0247403 -0.232975 -0.00471945 -0.310236 0.947157 -1.19626 -2.46683 -2.40188 -0.600449 0.180207 -0.113479 0.589013 -0.876038 0.427368 0.414953 0.853899 0.0816377 1.21669 -0.707941 1.44568 -0.255217 
-1.73444 0.669181 0.812937 -0.0982742 1.2644 1.0928 1.43241 0.671327 0.97302 0.11763 -0.0951129 -1.08393 -1.6385 -0.528258 -0.604821 -0.531847 0.0301229 -1.28839 -0.907588 -1.57621 -0.437689 0.0969882 0.586252 -0.143224 -0.138067 -0.337238 -0.35221 0.243666 -0.292096 0.369761 -0.85829 -0.789965 -0.731475 -0.253721 -0.19109 0.465509 -1.15399 -0.901246 -1.31095 
-1.84039 0.361116 0.465115 -0.252299 0.751161 1.22453 1.32963 0.814914 0.432006 -0.635068 -0.817609 0.374286 0.441995 -0.00225055 -0.0706371 -0.245321 -0.414177 -1.46882 -1.0626 -0.617351 -0.262048 0.084034 -0.47694 -0.201516 1.4854 1.1259 -0.224309 0.0995422 -0.0815071 0.67235 -1.48643 -1.77667 -2.24475 -1.18448 0.363511 1.21219 0.784454 0.378123 0.910808 
-1.76963 0.60375 0.659975 -0.366393 0.195639 0.589323 0.860369 0.348378 1.09817 -0.440726 -0.290414 0.444075 -0.168218 0.174802 0.757832 0.427237 0.706105 -0.529772 -1.56477 -1.0268 -0.861106 0.368679 0.658423 1.06405 0.533713 1.2242 -0.0113553 0.313464 -0.815905 0.750002 -1.13538 -1.04923 -1.1047 -0.933994 -0.596766 -0.213698 -0.858287 0.221336 0.348324 
-1.81898 0.864221 0.712816 0.194108 0.36579 0.484243 0.364941 -0.198388 0.848118 0.186411 0.382577 0.91967 2.03735 -0.026713 0.503049 -0.9121 1.23902 0.0825183 -0.388671 -0.665244 -0.75901 -0.81632 0.242678 -0.842562 -1.25851 -0.786533 0.211239 0.535445 -0.486014 1.07834 -0.79 -0.537245 -0.637128 -0.812711 0.181947 1.27526 1.48217 -0.388464 0.301975 
-1.81264 0.932011 0.109793 0.419913 0.25586 0.403656 0.242403 -0.547269 0.302964 -0.124513 -1.19257 -0.861019 -1.13124 0.135415 -0.035493 -1.11174 0.49344 -0.431649 0.832175 0.285751 -0.0254725 -0.129514 0.65167 0.691317 -0.963197 -0.929955 -0.0241943 0.326755 -0.478429 2.1036 0.95037 0.74137 -0.140859 0.255704 0.309205 1.3338 0.45583 -0.971759 0.940511 
-1.81015 0.822908 0.0437052 0.504876 0.0518271 0.874302 0.658936 -0.248708 0.754974 0.999682 1.17177 -0.0805079 0.891837 -0.0218141 -0.0532788 0.238475 1.13056 1.09702 1.45085 0.498972 1.0571 1.21424 1.12814 1.37031 0.201191 1.70241 0.127553 0.0905946 -0.62271 1.13111 -0.0351285 0.745655 -0.436122 -0.134645 0.159439 0.379054 1.05687 -0.83138 0.0223538 
-1.85409 0.878493 0.245042 1.13704 1.05439 1.08547 0.740867 0.64996 1.58341 1.26782 0.345324 -0.658964 1.07257 0.0472848 0.176818 0.231274 0.766329 0.398854 0.236019 -0.793998 -0.109263 0.3406 -0.271125 0.555346 0.0569734 0.951976 0.0888428 0.207455 -0.247325 0.835497 -0.503585 0.934003 0.460599 0.78666 0.362245 -0.249959 0.512198 -0.289845 1.70824 
-1.8295 0.927293 0.174664 0.989695 0.342261 0.983226 -0.0824993 -0.395588 1.14238 0.691458 1.81103 -0.0273585 2.14083 0.145529 0.347233 -0.580796 -0.208151 -1.7061 -0.118273 0.031366 -0.170283 -0.750152 -1.40001 -0.77514 -0.524524 -0.0391219 0.105012 0.26981 -0.149926 -0.364579 -0.0536029 0.466713 0.225745 0.777793 0.222539 -0.01229 -0.868861 -0.983392 -0.650385 