-0.877795 0.779563 0.0197646 -0.279189 0.49516 0.840413 1.21648 -0.391154 0.4339 -1.13614 -0.32496 0.412344 1.39833 -0.129419 0.0507469 0.297815 0.219801 0.470532 -0.0513952 0.831537 0.112015 1.40544 -0.304596 -0.812337 0.129181 -0.461052 0.118873 -0.36149 -0.667708 1.02229 -0.865842 -1.53893 0.138079 -0.734972 -0.117764 0.60104 1.19581 0.546284 -0.754248 
-0.805465 1.01395 0.181255 0.803785 0.967806 1.32829 1.87024 0.707923 1.66436 -1.00428 -0.872402 -0.682489 0.31647 0.524424 -0.268477 -0.542247 1.66218 -0.797864 -0.557259 -0.0687269 -0.21907 -1.32217 0.327432 -0.0657614 -0.420443 -1.12626 2.57775 -1.14574 -0.660858 -1.41867 -1.73776 -1.48446 -0.128531 0.535047 -0.948505 2.10464 -0.616041 -0.985183 -1.71891 
-0.669025 0.605334 -0.247093 0.953341 -0.0708488 0.577001 1.15207 -0.66902 -0.686689 -0.851294 -0.418393 -0.0542799 0.213855 3.78639 -1.66808 -1.24332 -1.99535 -2.74644 -2.16029 -1.03397 0.459523 -2.46097 2.80272 0.153694 -1.39652 -1.5336 1.47531 0.902101 -0.0655156 0.372803 -1.23077 -0.0876329 -0.849875 0.128995 -0.879819 1.09472 -0.874956 -1.659 -1.86289 
0.995685 0.00686601 -0.476189 -0.714199 -1.01784 0.332123 0.889044 1.15207 -0.393338 1.93849 -0.721682 -2.19809 -1.27795 1.57068 1.56326 0.437603 -1.21979 -0.82112 0.401943 -0.987448 0.339389 0.342606 0.985168 -0.88742 -1.71683 -1.03537 0.696554 0.532048 -0.0825448 -0.730184 -0.375258 -0.243419 -0.131695 -0.532376 -1.09809 0.839022 -0.48955 -0.848139 -0.450926 
0.0504901 1.52111 0.0319529 0.018584 -0.6538 0.752046 0.21506 -0.352693 -0.43734 0.139817 -1.42596 -1.91412 -0.879142 -2.79457 2.43663 1.11462 1.07218 2.23597 1.77563 0.827793 -1.07414 1.24 -1.79028 -0.668443 0.306111 1.00944 0.160959 0.680606 0.344815 -0.0196841 0.152193 0.54151 0.227461 1.78243 1.49184 1.04788 -0.41943 -0.350289 1.134 
-0.415764 1.44236 0.180043 0.0746424 0.626452 1.13509 1.67613 -0.035579 0.594469 -0.0506347 -1.48562 -1.8839 -0.313058 -1.33765 -0.583452 0.0373005 1.17626 0.994085 0.368946 1.20634 1.61828 1.30076 0.272443 0.452437 1.26917 2.34925 -2.58364 1.15302 0.480135 1.21646 1.22177 0.733652 -0.270853 -0.155238 1.9306 -0.998899 0.502468 2.01639 1.30275 
-0.64974 1.15945 0.0879785 0.885696 0.0857138 0.912009 1.36168 1.32436 0.600464 0.365613 -0.942871 -0.564938 1.43414 -0.860758 -0.78503 -0.448591 0.414691 -0.677123 -0.721869 -1.19867 0.878611 0.888615 0.645224 1.2822 2.30171 0.500148 -0.503751 -0.689395 0.0127831 0.732787 0.767257 0.00527335 0.178409 0.946542 1.38306 -0.0509202 0.571584 2.02723 1.20347 
-0.883191 0.960745 -0.0346359 0.369043 0.14841 0.796431 0.538501 0.854473 1.29312 0.575449 -0.0793949 0.57494 0.139283 0.628961 -0.384944 -0.0313563 -0.288199 -0.0241608 -0.387489 -1.0455 -0.589481 0.222303 -0.304684 0.239941 1.35266 -0.954802 0.508716 -1.68541 -0.342685 0.0226411 -0.629744 -1.0123 -0.670732 1.34453 1.39706 0.687831 0.302484 2.66559 0.719195 
-0.389938 0.915913 0.105753 0.651513 0.083386 0.7262 0.369534 0.652384 0.750814 -0.0283011 -0.696196 0.873966 0.422218 1.58646 -1.59974 -0.0475255 -0.405825 -0.163095 -0.794709 0.354522 0.592456 0.649928 0.189739 -0.895942 1.14426 0.332687 1.01733 -1.43729 0.560692 -1.10436 0.769005 0.00878499 -1.15171 -1.26958 0.509188 -1.01277 0.839044 1.54351 -1.30934 
-0.155971 -0.0056739 -0.0258694 0.0464037 0.0448624 0.424479 0.876078 1.44006 1.79537 0.712439 -1.09644 1.78988 0.423093 0.817313 -1.647 0.811162 -1.09822 0.99635 0.374116 -0.367899 -0.844341 0.334302 -0.856647 0.756695 0.644655 -0.564866 1.39328 -1.47363 0.641925 -0.823706 0.572182 1.04491 0.824143 0.319817 0.461396 -0.355707 -0.798372 -0.0942853 -0.109314 
-0.0381895 -0.078626 0.59292 -0.191819 0.82455 0.888525 0.0209663 -0.290763 0.993329 -1.01491 0.12539 1.55199 -0.197268 0.392424 -0.483871 0.942064 -0.633128 0.880254 2.30668 0.570565 -0.260088 -0.146179 -0.579762 0.0298813 -1.26141 -0.46068 0.683815 -1.57746 0.728936 -0.600611 0.883565 0.492733 0.853482 -1.42517 0.284832 -0.780844 -0.915736 -0.56279 0.315565 
-0.0116385 -0.308077 0.534227 -0.447171 0.701445 1.47019 1.41885 1.11855 1.6425 0.0231494 -1.08347 0.419479 -0.0915406 0.156459 -0.584269 0.206271 0.335471 0.124279 0.324965 1.32771 -0.762375 -0.0258238 -0.0324352 -1.75627 -1.36667 0.929609 0.201625 -0.925227 0.579044 0.542747 1.37671 1.10341 0.0768001 -0.793383 -1.05528 -1.32123 -0.663673 -1.86386 -0.445284 
-0.00904701 -0.440772 0.743084 0.0430071 0.930368 1.02838 1.28286 -1.1467 0.939498 -1.11648 -1.8488 0.0684695 0.687282 -0.101785 -0.819888 -0.136338 1.28591 0.879361 -0.708581 -0.529986 -0.644569 -1.02744 -0.943663 -0.74271 -1.14034 -0.0569396 -0.0121771 -0.286845 -0.149031 0.674569 0.22587 0.0129903 1.26556 0.978578 0.0118966 1.22962 -0.232958 -0.576568 0.256311 
-0.108562 -0.810432 0.493513 0.5024 1.35738 1.13761 0.916333 0.387958 0.764438 -1.05689 -1.93004 -0.820807 -0.199851 -0.16872 0.188317 -0.428871 0.480513 0.144152 -0.332147 0.119809 1.82678 0.0324487 1.5034 1.53341 0.626867 -0.633584 0.0698918 -0.256599 -0.12845 1.69722 0.998757 -0.545636 -0.763512 -1.52339 -1.8316 -1.00518 -0.841446 -0.651516 0.757468 
-0.138646 -0.343179 0.539391 0.386908 1.05066 0.867872 1.39751 0.752191 0.933619 0.431094 -0.163087 0.727375 -0.00136213 0.205793 0.466947 -0.0571945 0.79617 0.390525 -0.120994 -0.423975 -1.07129 -1.00475 -0.208768 -0.172351 0.303776 0.934161 0.172629 -0.314085 -1.29063 0.317622 -0.0736907 -0.175238 -0.378677 0.613847 -0.850479 0.356052 0.0126384 -0.00119173 -0.0207432 
-0.0553361 -0.547035 0.496893 1.08368 1.65717 1.07362 0.514505 -0.796664 -0.0949451 -1.34781 -2.14205 -0.509122 0.68928 0.418278 -0.623005 -1.40611 -0.106447 -0.263872 0.0478606 -0.618302 -1.16768 -0.979568 -1.0579 -1.47688 -0.62383 0.608308 0.81361 0.171722 -1.45433 -1.4296 -0.243844 -0.720926 -0.294201 0.0493328 -0.152849 0.727578 1.52414 1.25537 1.28536 
0.018308 -0.728376 -0.20875 0.289405 0.873695 0.881064 0.811114 -0.534981 0.0949587 -0.771616 -1.82645 0.0421732 0.559831 0.951863 -0.210797 -2.009 -2.58525 -0.730718 -0.966638 0.0254606 1.10309 0.829174 1.09039 1.94834 1.32153 0.555257 1.58609 -0.115107 -1.71953 -1.19429 -0.841431 -0.772885 -0.767592 -0.717636 -0.0374798 0.0516531 0.236708 0.561845 0.769712 
0.362095 -0.686941 -0.587138 -0.877921 1.14008 0.623077 0.539544 0.332231 0.554797 -0.243718 0.00529498 0.896332 1.19708 1.83378 0.471272 -1.03465 -1.39131 -0.850636 -1.21198 -0.340487 0.347193 0.931585 1.14607 1.78831 1.35377 0.283112 0.816936 -0.0587517 -1.12643 -1.05448 -2.34389 -1.13047 0.338149 2.07003 0.659459 2.12711 2.46453 0.879956 0.400811 
0.866259 -0.462405 -0.749938 -0.774334 0.26924 0.318372 0.488581 -0.210351 0.828973 0.392269 0.142851 1.48227 0.793748 0.210505 0.139204 0.405931 1.26058 -2.33057 -0.723912 0.324435 1.17417 -0.106378 1.43411 0.897417 -0.180895 -0.0916542 1.27915 2.48908 -0.317817 0.0599905 -0.652874 -2.21314 -1.22666 -0.907733 -1.6283 -0.387456 1.04637 1.01072 1.274 
0.417621 -0.618573 -0.325737 0.0526033 -0.54258 0.283487 0.848545 1.53675 0.434679 1.22946 0.983441 0.687147 1.05384 -0.0165744 3.08026 0.573655 1.44642 -0.0195509 -2.07244 -1.16163 -1.37892 -2.73893 -1.57336 -0.555819 -0.0443069 1.19314 2.32141 2.00952 -1.57747 1.43323 -2.00745 -2.52336 -1.24415 -0.852825 -1.09358 0.525522 -0.0952068 -1.03123 0.300647 
0.810932 1.35609 -0.395093 0.29594 0.270271 -0.63764 -0.613859 -1.72228 -1.45746 -1.36394 -0.495793 1.41988 1.94352 3.0833 2.73037 -2.64604 0.494657 -0.294792 -3.01721 -1.84725 -2.14488 -1.1096 -0.789677 -0.963568 -1.14589 0.439097 1.84732 1.07293 -1.89962 0.685367 -1.90448 -2.52348 -0.964942 -0.305568 -1.69248 -0.11644 -0.0421806 -1.87305 -1.56602 
1.87555 0.991714 -1.76468 0.40714 -0.742076 -1.10439 -0.905088 -0.790151 -0.510987 0.314766 -0.108843 -0.559106 1.44474 2.63871 -1.54255 -3.26877 -0.617064 -2.47239 -1.66885 -0.0307316 1.01634 0.860604 1.46421 0.549989 -2.3693 -3.01048 2.54425 1.44036 -2.32788 -0.0297183 -2.02458 -3.3843 -1.82505 -2.32743 -2.03914 -1.03287 -0.375727 -0.306443 -1.11547 
2.05182 0.423701 -2.18098 -0.185555 -1.51571 -1.40917 -0.64219 -0.685691 -0.781852 0.141564 0.0958241 -1.14116 -1.13723 0.526199 -0.670162 -0.65394 -0.550615 -2.35276 -1.99136 -0.363081 -0.464467 -1.15212 -0.395259 0.578303 0.754834 -1.73393 1.88937 -1.01086 -1.80125 0.688899 -2.65525 -1.23816 0.565893 0.48459 0.122679 1.15323 0.879057 -0.596068 -1.08088 
2.08518 0.578455 -2.09377 -0.0243836 -2.4409 -2.02334 -1.24908 -1.32912 -1.49164 -0.176407 0.514274 0.237324 -0.351294 0.0430051 0.117019 0.712583 1.45079 -0.992347 -0.180238 0.65017 -0.500869 -0.73146 -0.0829273 0.492165 1.60433 1.75576 -0.00645758 -0.603589 0.41351 1.04508 -1.83546 -1.00803 0.0729041 -1.13449 -1.62998 0.174728 0.365677 0.543121 -1.31394 
2.02558 0.478868 -1.74873 0.888008 -2.22341 -1.50024 -0.0238117 -1.26339 -1.41635 -0.0142313 0.623109 0.568211 0.578748 -0.530358 -0.176214 1.22587 1.82531 -0.0497359 0.481067 0.399049 -0.819243 -0.657088 0.627901 -0.120161 -0.0490657 0.208919 -0.657069 0.49031 1.4162 2.59662 -0.590359 -0.878451 -0.454461 -0.387208 -0.552186 1.00201 0.430448 0.904228 1.82854 
1.77905 0.459129 -1.37556 1.33082 -2.46187 -1.81212 -0.869212 -2.24556 -2.06493 0.431076 0.36032 0.169814 -0.192045 -0.968904 0.592177 1.27553 1.74479 0.203163 -1.1393 -1.23836 0.0475676 0.114238 1.28669 0.0396592 -0.432357 0.3636 -1.01922 0.426193 1.1648 1.92937 0.861289 0.30351 0.759809 0.222292 -0.28947 1.10263 -0.1515 -0.638565 0.93717 
1.50536 0.816785 -1.00285 2.18266 -2.06012 -2.02971 -1.19913 -1.25756 -1.35492 1.30065 0.646962 0.0887829 0.893667 -0.908608 0.794233 0.407178 0.544181 1.1415 -0.0605535 0.449897 1.04324 0.330416 0.693986 -0.0100295 -0.770776 0.876703 -1.68648 1.09016 1.06003 0.382355 1.02576 -0.140549 0.0988385 0.159419 0.0796973 1.93062 0.595325 -0.822833 0.971277 
1.28826 0.917282 -1.11346 1.7226 -1.61495 -1.84849 -0.44105 -1.18035 -1.82562 1.10952 0.328891 -0.673308 0.639261 -1.41539 0.970032 0.209536 -1.29058 1.10172 0.906079 1.30502 0.10656 -0.0326285 1.00716 0.679726 -0.625382 0.761576 -1.57268 0.872484 0.33701 -0.371879 0.866595 -0.378608 1.15011 2.07467 0.67328 0.522655 0.710798 -1.13587 0.901817 
0.767184 1.37955 -0.850867 1.19467 -1.24219 -1.62422 0.0412175 -1.18896 -1.41435 2.31538 1.38292 -0.598087 1.60911 -1.31447 0.458432 0.0567021 -1.02375 -0.0428608 -0.523127 0.860986 1.23918 0.407666 -0.0529201 0.860775 -0.691103 0.16792 -1.56166 0.213933 -0.629398 -1.62196 0.929244 1.06272 1.86851 0.651031 0.657199 -0.443412 -0.500765 -1.43806 0.48996 
0.599347 1.17561 -1.04663 0.935274 -1.6309 -2.0963 0.377558 0.0933495 -1.52273 0.985947 1.26627 -1.43081 0.757249 -0.792068 -0.653855 -1.1106 -0.736654 0.0780992 0.632114 0.856119 0.593863 0.752925 -1.50013 -1.20723 -1.22664 -0.194587 -1.18799 0.521902 -0.0269593 -0.841749 0.022396 0.377004 0.75737 0.436044 0.769959 0.420902 0.0698338 -0.270345 0.939563 
0.333289 0.975996 -1.43437 0.623246 -1.17002 -1.34396 0.855203 -0.601872 -0.827355 0.637803 0.0195444 -1.93112 1.36227 -0.363605 0.29569 -0.10689 -0.0375396 0.0476436 1.05184 -0.0149273 -0.777661 0.437338 0.574541 -0.739179 0.34665 0.920478 -0.509711 0.151575 -0.381658 0.247109 -0.0210056 0.189801 1.07348 1.2831 0.57582 -0.340303 -0.47071 -0.0799158 -0.193486 
0.374612 1.3371 -1.07093 0.889591 -1.58092 -1.62418 0.364237 -0.778851 -1.19543 1.53613 0.423631 -1.07305 1.63261 0.0749356 0.881356 0.559441 1.02342 -0.129553 -0.379 0.364073 0.808939 -0.122629 1.12819 0.713917 1.12804 -0.0310209 -0.600028 0.173352 -0.00336622 0.766521 1.07975 1.2404 -0.0853067 -0.508278 -0.0288287 0.229256 -0.119236 0.419725 -0.00553485 
0.322635 1.48599 -1.08745 1.37542 -1.24913 -1.52589 1.20185 0.21405 -0.960846 1.78249 0.793538 -0.73361 1.28005 -0.481483 -0.0372211 0.0900248 0.967364 1.32719 0.747938 -0.136353 0.189823 -0.475754 -0.277889 0.645692 0.199809 -0.928117 -0.0883593 1.0094 0.718565 0.660657 -0.839556 -0.73967 0.00362257 1.16932 -0.0787995 1.49389 2.39788 1.45807 -0.0242957 
0.0923334 1.30048 -0.985533 1.59961 -0.598724 -1.29098 0.235589 -0.621661 -1.6195 1.17099 1.12172 -0.873094 0.647549 -0.195127 0.566012 0.443344 -0.224661 -0.982524 -0.736226 -0.410102 0.467427 0.0289485 0.65299 2.05603 0.758963 0.00162473 -0.307495 0.357027 0.0446798 0.81797 0.6411 0.449975 0.213403 1.15175 -0.0301194 -0.215244 1.54552 0.640406 -0.132944 
0.180145 1.80834 -0.805202 1.18902 -1.94967 -1.87111 0.8132 0.666608 -0.969605 2.41692 3.06069 0.0672579 1.23067 0.0508359 0.556883 -0.03903 0.0261568 -0.520728 -0.111804 0.338606 1.06701 0.435911 0.0527513 1.15462 0.631559 0.77272 -0.303997 0.188499 0.0820512 0.868234 1.08459 0.644017 -0.455065 -0.344436 -0.218165 -1.47653 0.599573 -0.213478 -0.722196 
0.0699145 1.6174 -0.972033 1.60183 -0.962825 -1.35077 0.558049 0.468851 -1.29338 1.16088 2.38601 -0.209146 1.37421 -0.230565 -0.286003 -0.339566 1.28041 2.36363 1.65802 -0.178801 -0.873199 -0.276761 -2.35873 -1.33181 -1.03 -0.840381 -0.173366 0.438389 -0.564906 -0.20633 0.734736 0.527083 1.57204 1.71876 0.886956 -0.997179 -0.524895 -0.549765 0.3977 
0.020356 1.62368 -0.95914 2.13446 -0.212379 -1.1219 0.644234 -0.307243 -1.22993 -0.182605 1.55872 -1.05445 0.33391 -0.291458 0.0784788 -0.770949 -0.300769 1.44851 0.861454 1.47164 0.819907 0.538485 -1.19579 -1.70957 -1.33676 -0.312725 0.939839 -1.01626 -1.77315 0.656728 2.31377 3.01555 -2.43684 0.0998253 0.446547 -2.1631 -2.42601 0.648402 -0.763189 
-0.119601 1.64963 -1.36631 1.35819 0.107762 -0.965682 1.95665 1.29644 -0.882842 -0.189883 0.463764 -1.66052 1.00847 1.56705 -1.14721 -2.17693 -0.486516 0.610158 2.75507 -2.7556 0.961104 0.764087 -0.152959 -1.38583 1.87169 -0.0459143 1.00105 -0.904364 -1.27851 -0.793406 1.25815 1.39402 -2.46506 -0.292241 0.916291 -1.51776 -2.25858 1.17515 -1.53418 
0.738102 0.926548 -2.13673 1.75114 0.247425 0.128773 -1.97214 0.670581 -0.633748 -0.413599 -0.00334355 0.942253 0.236696 1.71467 -1.35257 -1.04692 -0.700671 0.157477 1.16448 -4.43945 -1.16768 0.468354 -0.558346 -0.817592 2.8585 -1.46769 1.1569 -2.03522 -0.0812656 -1.24475 0.740631 0.988186 -1.89959 1.98879 1.64568 -0.00637563 -2.35915 2.3389 -0.496058 
0.670206 0.830295 -1.91433 0.813824 0.237766 -0.442077 -2.25902 0.00926815 -0.530017 -0.856176 -0.466114 1.39669 -0.519612 0.0769471 -1.735 2.05004 -1.07371 0.325266 -1.3266 0.457056 1.22588 1.04942 0.173007 -1.25575 1.15251 -0.530589 1.68189 -2.73204 0.993183 -0.247766 0.821193 1.17529 -3.01524 1.14408 1.76002 1.16397 -0.85505 2.17804 -0.769449 
0.72843 -0.120362 -0.959345 0.92624 0.499672 -0.486308 -1.53718 1.93013 0.197234 -0.294575 -1.42069 2.16606 -0.348293 0.673109 -2.52056 2.43757 0.37476 0.882335 0.539442 0.820491 2.41599 1.47161 1.95224 -0.112944 -0.0419779 0.574133 0.154488 -2.82431 3.00633 -2.32554 -0.382394 -0.700851 0.260278 0.564391 0.464708 1.01158 -1.28115 0.604948 0.481049 
0.951559 -0.684074 -0.521045 1.0782 0.895864 -0.20418 -1.47887 2.53507 0.648381 1.17336 -0.61204 1.3368 0.00718803 0.14691 -2.26934 2.18396 -1.82459 -0.844983 0.268517 -0.199324 -0.621736 -0.542011 1.042 -0.159512 -0.366917 1.08724 0.127662 -2.43763 2.91882 -2.14268 -0.524553 0.410417 1.49643 1.32313 0.812674 1.22403 1.237 0.231852 0.456086 
0.752911 -1.48524 0.292649 -0.463332 -0.100665 -0.372252 -1.72563 1.22383 -0.281363 0.757564 -1.61842 1.75696 0.694901 -0.487256 -0.933902 1.67284 -3.04667 -1.58625 0.0384556 0.900266 -0.968708 -0.579366 -0.48785 1.56228 0.345885 -0.0464278 0.0070601 -0.881991 1.98676 -1.40126 -0.225404 0.24817 0.892643 -0.108987 0.281675 0.179059 1.53639 -1.50721 0.0477678 
0.666462 -1.25428 0.446186 -1.2304 -0.244523 -0.195287 -0.622955 1.4596 0.139044 0.582768 1.1058 1.69374 -0.0905432 -0.131918 1.02706 0.610005 0.0705937 0.528683 0.0705253 1.20548 0.477602 0.846998 -0.804275 1.94944 -1.57438 -1.03307 -0.236718 -0.153022 1.59497 -2.44075 -1.33822 -0.20604 1.46573 -1.35089 -0.370806 -1.12783 0.19225 -0.0665215 0.420875 
0.641278 -0.888533 0.667745 -0.427698 0.299782 -0.3487 -0.579827 1.68721 0.383045 -0.172805 0.530141 0.0502103 -0.395783 0.15688 0.728252 0.567778 0.00573856 -0.171963 -0.368087 0.78416 -0.555467 0.16274 -0.808554 -1.30143 -0.427192 0.533299 -0.31265 0.492395 0.668119 -0.492631 -0.363753 0.465631 0.925626 -1.25457 0.0345095 -0.0189507 0.986162 -1.51916 -2.37572 
0.695811 -0.835384 0.797756 -1.24354 -0.354531 -0.372227 0.122686 0.823814 0.240381 -0.352196 -0.362369 1.21986 0.395162 -0.306032 -0.314902 0.321531 -0.69966 -1.02425 0.588657 -0.160287 -1.89475 -0.815364 0.809562 -0.78544 -0.382345 -1.72329 -0.121137 0.593174 0.437083 0.890386 0.0658376 -0.293853 0.377059 -0.325107 0.578162 -0.500735 -0.892553 -1.09258 -0.335313 
0.444648 -1.09039 0.882123 -0.971305 -0.431157 -0.088306 -0.731209 -0.373556 -0.320493 0.629744 -0.363967 -0.37547 -2.18111 -0.323509 0.127222 0.037444 1.07744 0.233034 -0.0908202 -0.388214 0.171174 0.470146 0.248286 0.32823 -0.978803 -0.923384 -0.205746 -0.143256 0.0949061 -0.376547 -0.433455 0.982339 0.180793 -0.536526 1.2422 0.648689 -0.158912 0.327406 0.600041 
0.49065 -0.774146 0.853861 -0.450742 -0.16948 -0.422427 -0.245177 0.961162 0.59468 -0.152339 -0.0174687 0.153173 -0.585137 0.0195359 0.12314 -0.199597 0.214312 0.438368 0.831207 0.323946 1.27552 2.18264 -0.020548 0.646819 0.809616 2.41794 -0.494948 -0.453813 0.0387006 0.839137 0.809501 0.544376 -0.737422 -0.7171 -0.738136 -0.669838 -0.776676 -0.636162 0.768542 
0.40695 -1.03158 0.806166 -0.827593 -0.0965103 0.282959 -0.422673 0.938802 1.44301 0.540931 0.335377 0.479834 0.2013 -0.372709 -0.760609 0.00510581 -0.0577101 0.791627 0.865929 -0.534868 -0.991062 -1.29302 -1.00706 -1.16961 0.162064 1.81345 -0.165452 -0.379443 -0.314857 -0.00775917 -0.0190997 0.315215 0.148705 0.545429 1.93584 -0.293419 -0.168795 0.155883 2.30913 
0.261471 -1.24123 0.89195 -0.511594 0.422533 -0.035291 -0.75233 -0.138095 -0.501917 -1.30046 -1.33898 0.312562 1.18891 -0.248947 -0.65077 -0.257215 -0.243083 -0.487352 -0.393462 -0.198265 -0.692446 -0.0482259 -0.296358 -0.796683 -0.603789 0.258755 -0.354591 -0.452775 -0.235542 -0.612054 -0.0564355 0.969243 -0.641542 0.468618 0.472095 0.528346 -0.397247 -0.136756 0.187566 
0.238187 -1.4333 0.698108 -1.02785 -0.436296 0.0944193 -0.610125 0.15727 1.37074 0.155957 -0.571239 -0.18383 0.410705 -0.124661 0.128698 -0.349893 -0.719207 -0.888989 0.534657 -0.274736 1.48878 1.8086 1.65481 0.759862 -0.334048 -1.59715 -0.493634 -0.28232 -0.299047 0.421463 0.65127 -0.0646026 -0.862036 -0.7993 -1.23925 -0.386988 0.374657 0.402184 -0.111785 
0.15338 -1.17911 0.732259 -1.0699 -0.209864 0.200419 -1.01241 1.40117 0.953787 0.409705 -0.513872 -0.0612147 -0.469465 -0.44541 0.261252 -0.177267 0.74571 1.30699 0.27205 -0.872303 -0.218786 -1.32885 -0.130387 1.26504 1.1276 -0.389614 -0.35452 -0.210945 -0.454156 -0.448983 -0.584609 0.354547 -0.982439 -0.479443 0.455527 1.44031 2.02353 0.608984 -2.26753 
-0.0264819 -1.2923 0.634592 -0.484516 0.531183 0.21009 -1.43777 -0.120294 0.244658 -0.0507997 0.815904 1.01321 -0.0324079 -0.372608 -0.416717 -0.303664 0.14418 0.107255 -0.0390087 -0.938333 -2.04458 -1.31134 0.0634772 1.58422 1.12485 -1.03374 -0.494249 -0.0291242 0.014429 0.167186 1.12462 0.797753 -0.547389 -0.137849 0.267964 -0.39676 -0.194995 0.160131 -1.31493 
-0.0757491 -1.44155 0.598323 -0.978929 -0.116449 0.173902 -1.90277 -0.819013 -0.157888 0.411117 1.22837 1.13287 -1.56083 -0.249818 -0.290714 0.185535 -0.55789 0.125977 0.876072 0.174132 0.0425792 1.61867 -0.307828 -1.44471 -0.91629 -1.13654 -0.317125 0.0818668 0.629909 -0.559195 0.611688 0.613334 0.0367707 -1.52801 0.862673 -0.822204 0.934096 0.426188 -0.70082 
-0.195669 -1.47977 0.773204 -0.92151 0.638238 0.601863 -1.27152 -0.119769 1.54407 -0.44809 -0.811669 0.0137038 -1.22723 -0.0716834 0.545089 1.18123 -0.855656 0.661094 0.915635 0.931536 0.32358 2.25888 -1.00111 -0.479456 -0.570047 0.219778 -0.339028 0.0656152 0.298367 -0.427442 -0.376185 0.0444242 0.156253 0.461277 1.80501 0.0175979 -0.311532 -0.724341 -1.41126 
-0.157978 -1.13166 1.29167 -1.63985 0.380465 0.583759 -1.01715 -0.519507 1.66835 -0.730612 0.674687 0.505464 -1.39065 -0.225504 0.395976 0.223765 0.00953153 -0.637649 -0.836978 -0.0395171 0.446983 0.371043 0.356019 1.13247 -0.0142914 -0.501332 -0.410173 0.499257 1.3161 0.310378 1.49892 0.745459 0.672249 1.21241 2.19055 -0.589862 -1.34605 -0.591586 -0.338421 
-0.352988 -1.2586 0.933114 -0.931796 0.188955 0.21059 -1.3082 0.311036 1.81682 -0.132551 0.427983 -0.0164348 -1.78277 -0.504431 0.176831 0.665503 1.22075 1.25687 0.155502 -0.186222 1.00067 0.157218 0.336218 -1.00963 -0.189142 -0.613467 -0.435927 0.461787 1.00095 0.0398881 -0.627353 0.0383976 1.02217 1.13688 -0.763558 -0.333526 0.192184 0.624713 0.393002 
-0.451459 -1.0409 1.69768 -0.739275 1.31143 0.646155 -1.19317 0.50041 1.76514 -0.436335 -0.468841 0.287416 -2.05905 -0.387097 0.27266 1.17786 0.0206869 -0.19947 0.8672 1.19897 0.793329 -1.22203 -0.720005 -0.87169 0.825399 0.955878 -0.765307 -0.0442087 -0.189937 1.45272 -0.106123 0.357311 0.646148 -0.178638 -1.16291 0.803393 0.125206 0.195007 0.886706 
-0.589191 -1.11082 1.62458 -0.933692 0.0589054 0.598307 -0.168577 1.11035 0.77864 -0.972432 -0.562081 0.85583 -0.871785 -0.574812 -0.227743 -0.945879 0.558621 -1.41861 0.344215 0.900645 -1.2222 -1.44987 0.6344 1.19422 0.445479 1.64057 -0.826975 0.341607 0.48633 0.425769 0.180713 0.780859 1.40768 0.572342 -1.61706 -0.62873 -0.247047 0.448344 1.24523 
-0.779297 -1.19089 1.20595 -0.336636 0.293176 0.794813 -0.336892 -0.844772 0.539474 0.178126 0.839506 0.751387 -0.458994 -0.779513 0.225074 -0.503079 0.487271 0.40939 0.256052 0.416757 -0.180348 -0.572885 0.00948501 0.632808 -0.241991 0.487005 -0.859386 0.169305 -1.07514 -0.248438 -0.76203 0.0197685 1.52084 -0.063935 -1.9549 0.357234 1.28601 -0.255291 1.6045 
-1.01696 -0.991351 1.37954 -0.58471 0.372441 0.706665 0.22811 0.873682 0.274636 -1.029 0.121675 0.580986 -0.432671 -0.637715 0.480457 -0.584756 -0.885364 0.406987 -0.341418 0.849005 1.12813 -0.718684 -0.187518 0.310883 -0.770496 0.218958 -1.01602 0.138015 -1.11658 0.474466 1.08679 0.698445 -0.568852 -2.37276 -0.600369 -0.00646828 1.46891 -0.88351 0.0654728 
-1.13784 -0.919451 0.915409 -1.0199 0.60496 0.630063 0.470337 0.310763 -0.0845074 -0.0899765 1.16511 -0.0914347 -0.289641 -0.654918 -0.0168559 -1.08608 0.0809757 0.974568 0.745872 -1.14033 -2.47936 -0.0976252 0.0104549 1.08035 -0.894084 -0.412296 -0.872681 0.37795 -1.08776 -1.24066 0.530557 0.00305307 -0.0371257 0.367568 -0.0742469 0.565749 -0.449513 -0.931147 0.219394 
-1.3839 -1.01585 0.809701 -0.541268 1.09774 1.03892 -0.854102 -1.80911 0.16172 -1.08452 1.30334 -0.394654 -0.89861 -0.593648 0.0689586 -0.963696 -0.669795 0.256238 0.319607 -0.943261 -0.742698 0.630039 0.879171 -0.780087 -0.427081 0.0342545 -0.882934 0.73728 -0.420924 -0.784947 0.0899259 -0.262816 -0.0728821 -1.07564 -0.155412 1.32447 1.12724 -0.972152 -0.695615 
-1.47488 -0.892883 0.41375 -1.54105 0.806916 0.767472 -0.424701 -0.524237 0.401367 0.787317 0.276955 -0.565193 -0.306174 -0.590972 1.07725 0.479457 -1.07194 -0.882285 -1.15909 1.00376 1.26106 -0.0807851 1.57184 0.244139 -0.356432 -0.395634 -0.712761 0.831669 -0.0266672 -0.314357 0.737689 0.664114 0.572188 -0.622905 -0.577757 -0.454646 -1.05937 -0.763706 -0.616507 
-1.71963 -0.389279 1.11206 -1.36484 0.470223 0.50041 0.100107 -0.512138 0.062662 0.536559 1.55468 -0.792487 -1.34778 -0.411152 1.12566 0.913921 0.261441 0.675374 0.631777 1.57015 0.0274816 -1.27554 -1.38534 -0.382874 -0.554323 -0.750442 -0.501285 1.13918 0.0985774 -0.746041 0.378025 -0.154271 0.97593 0.679342 -0.18612 0.661215 -0.96135 -0.564489 -0.411927 
-1.72282 -0.237506 0.958166 -1.36189 1.31423 1.04758 1.06746 -0.539776 -0.680849 -0.766989 -0.169281 -1.1757 -1.11242 -0.114224 0.554659 -0.352338 0.129143 1.34787 0.90567 0.100977 -0.529175 -0.131587 -0.768126 -1.2956 -0.367773 -0.0833005 -0.640079 0.931245 0.574698 -0.294947 0.430987 0.62444 0.933646 -0.0249767 -0.230034 -1.2066 -0.344049 -0.506431 -1.36592 
-1.82262 -0.0736871 0.951011 -1.28517 1.46748 0.905713 0.19687 -1.11995 -0.0782005 -0.354994 0.0930016 -1.20251 -1.48262 -0.490676 0.21056 -0.114333 -0.645765 -0.141166 0.261199 -0.515462 -0.0782601 1.0146 -0.00352803 0.0336446 -0.0949273 -0.834845 -0.367739 0.608566 -0.049327 0.866712 1.02363 1.00471 0.61096 0.0520443 -0.14126 -0.758771 -0.642285 0.564927 -0.00967452 
-2.00959 -0.126676 0.929712 -1.86497 1.22666 1.15829 0.57874 -0.667823 0.121481 -0.837526 -0.15212 -1.29249 -2.00362 -0.401774 0.322702 0.270558 0.924723 -0.0457541 0.547134 0.5718 0.563984 -0.0311715 -0.0950453 0.607102 1.10169 0.0708607 -0.442178 0.960917 -0.126122 0.354498 -0.667719 -0.553031 -1.11501 -0.668844 -0.559573 -1.38417 -0.0689234 0.238319 0.930027 
-2.06599 0.103875 1.13699 -0.60722 1.44943 1.14713 0.740815 -0.564659 -0.136432 -0.523801 0.748159 -0.0333112 -1.46231 -0.130781 1.16786 -0.0759109 1.06549 -0.748257 -1.10166 -0.854511 -0.688005 -1.63999 -1.59378 -0.0698966 0.407183 1.91218 -0.558004 0.639026 0.0786934 0.872674 -0.55795 -0.29684 0.82954 -0.127269 -0.463454 -2.10359 -0.203941 0.0865719 0.40012 
-2.12067 0.553811 0.922664 -1.08116 0.696795 0.646025 -0.232005 -1.44463 -1.26064 -2.61566 -0.250154 -0.869678 -0.130205 -0.383778 0.597974 -0.171523 0.136524 -0.701437 -1.01044 0.359674 -0.728434 -0.487918 -2.34678 -0.796947 -0.985351 0.391941 -0.758177 0.536326 0.549093 1.69048 -0.00406816 -0.32876 0.659176 -0.651741 -0.900288 -1.93085 -1.11253 0.706763 1.57145 
-2.30057 0.445242 1.07668 -0.522005 0.953669 0.676562 1.08328 -1.38448 -0.570517 -3.11049 -0.158751 -1.10703 -1.11887 -0.938362 -0.393227 0.839334 1.00824 0.718749 0.591364 1.58435 -0.0592544 0.63779 -0.645263 -1.15354 0.509855 -0.0909815 -0.530266 0.932412 0.375828 0.35436 -0.664053 -0.392101 -0.784435 -1.49982 -0.0789759 -1.51207 -1.12544 -0.895673 -0.42756 