-0.563734 0.421008 0.109596 0.77234 0.525512 1.937 0.241887 -0.9687 0.595215 0.28061 -0.605815 -0.821707 0.854592 -0.422326 -0.669068 -0.402062 -1.48496 -0.414597 -0.635019 -0.272695 -0.121274 0.158271 0.320909 0.370759 1.16418 0.862133 0.571712 -0.396767 -0.53861 0.888227 0.0960302 0.345501 0.461138 0.941878 0.472306 1.70405 0.456038 -0.314329 -0.476816 
-0.641215 0.422089 -0.112539 0.203106 0.511587 1.5608 0.651708 0.149011 1.1623 0.141194 -0.375941 -0.520051 0.256784 0.928598 -0.564419 -0.652424 0.455613 0.557641 0.494376 1.04422 2.30127 0.0679837 0.676807 0.293177 -0.269482 -1.32794 2.86103 -1.15453 -1.17438 -2.38377 -1.932 -1.48929 -0.775505 0.430025 -1.58518 0.968291 -0.395789 -1.32865 -0.183081 
-0.231589 0.104419 -0.308317 1.06851 0.864899 2.22175 1.04838 1.49389 0.671305 0.97648 -0.285399 -1.09965 -0.672395 4.3606 -1.09574 -1.08109 -1.30886 -2.36252 -1.2669 -0.718212 0.495095 -1.85463 0.789276 -0.780409 -2.64803 -1.07152 1.15372 1.25476 0.0335836 -0.98547 -0.833142 -0.633337 -0.597018 0.165755 0.0324538 -0.221117 -0.00664511 -1.14343 -1.14298 
1.09029 -0.210419 -0.814317 -0.776138 -0.943269 0.756535 0.0855829 0.688781 -0.732155 0.961088 -1.30721 -3.30095 -0.965463 0.658952 2.48332 0.722184 -1.57194 -1.74996 -1.29385 -1.80512 -2.18601 -0.029746 -0.902991 -0.286012 -1.01006 0.121797 0.737526 0.89128 0.835004 0.165554 0.212786 0.203546 -0.396895 -0.286018 -0.0256151 -0.140257 -1.26584 -1.68453 -0.329149 
-0.0093896 1.59998 0.18405 -0.1009 -0.213579 1.40083 -0.364254 -0.820595 0.647229 -0.0697551 -0.640255 -2.1569 -0.476459 -3.34608 2.4589 2.18112 1.57337 2.67867 1.5453 0.215197 -0.821854 1.8306 -0.924609 -0.561155 0.771625 0.710457 -0.255786 1.02956 0.38611 -0.920499 -0.871548 -1.10167 -0.348077 -0.247747 0.386451 -1.07102 -0.758055 -0.83813 0.0656015 
-0.320519 1.27062 0.644175 0.327974 0.699344 1.69109 0.246415 -0.173447 1.15049 -0.108986 -1.98286 -2.48333 -0.0699403 -1.01208 -0.908735 -0.199228 0.533557 0.502252 -0.108818 1.36502 1.8967 0.447576 -0.278112 -0.511663 0.0672794 -0.0729502 -2.50056 0.778476 0.565618 1.09529 1.29446 0.146203 -0.591095 -0.124808 1.30778 -1.90702 0.0424054 1.88419 0.0992632 
-0.468534 1.07867 0.066248 0.251607 0.0917745 1.31262 0.692081 1.21129 1.11237 -0.426912 -1.2582 -2.08046 -0.511969 -0.0977761 -1.26822 -1.4274 -0.193496 -0.802515 -1.34076 -0.968467 0.652824 -0.424828 -1.19578 0.620859 1.28847 -0.626656 0.230727 -2.08596 -0.405152 0.293637 0.89323 -0.410806 0.32692 0.852456 0.474719 1.17062 0.296446 1.62102 -0.316289 
-0.406866 0.535565 -0.286935 0.154946 0.203008 0.841162 -0.514613 0.534239 0.721484 -1.4781 -1.2804 -1.12183 -0.763496 1.32881 -2.2802 -0.295034 -0.115393 0.795245 -0.404044 -0.935294 -1.10957 0.0649037 1.61562 0.843472 1.70252 -0.274756 1.18701 -2.23272 -0.847237 0.105924 0.255484 -0.524363 -0.349453 -0.0829172 -0.254493 0.532026 1.67492 3.07511 -0.594614 
0.026792 -0.258109 -0.114998 0.135035 0.577152 1.04187 -0.0431118 0.0427703 1.18531 1.30422 -0.296196 -0.283258 -0.787313 1.73117 -2.14511 0.364808 0.386468 1.18024 0.681636 0.526588 -0.780869 0.155373 1.8158 1.18744 2.08528 -0.0100625 1.5887 -2.34762 -0.0760672 0.146059 1.13926 0.300836 -0.215914 -0.969001 -0.720437 0.362492 0.796915 1.97613 0.767936 
0.252517 -0.720884 -0.0312258 0.401133 0.924939 1.2417 -0.111264 -0.284357 0.887142 0.473787 0.0826375 1.07816 -0.724267 0.857648 -1.3088 0.223831 0.356514 0.857076 0.807754 0.6655 0.114576 -0.833991 -1.18609 0.0243927 0.45899 1.0529 1.64255 -2.09333 -0.268917 -0.990245 0.434391 1.37543 1.43208 -1.05987 -1.49985 0.190379 0.097743 0.736979 0.386559 
0.330007 -1.0173 0.0473547 0.35957 1.10052 1.52039 0.468425 0.177447 0.336935 -0.0541903 -0.289153 0.205376 0.515188 0.529431 -1.0551 -0.683931 -1.50852 -0.544492 1.10612 1.32729 -0.303033 -1.76022 -1.57964 -1.06847 -1.29063 0.39219 0.95259 -1.41176 0.0141738 -0.601449 0.600006 0.555871 0.129329 -0.758031 -1.59298 -1.58512 -0.105839 0.623699 0.389834 
0.421906 -1.32923 -0.470003 -0.722434 0.58714 1.9047 0.915686 -0.594258 -0.910554 -1.31862 -1.18448 -0.274339 -0.206985 0.452982 -0.849311 -0.179023 -1.01215 0.0175249 -0.0755674 -0.490399 -0.903154 -0.870726 -0.57263 -0.123475 0.210709 -0.667376 0.67456 -0.761347 0.00437019 -0.383005 0.00422222 0.0920453 0.575747 -0.0411006 0.553754 -0.279 -0.295188 -1.27764 1.05938 
0.468225 -1.50328 -0.0570675 -0.405203 1.10804 1.45275 0.0797245 -0.771331 -0.549088 -0.736124 -0.454508 0.432744 -0.22676 0.39839 -0.10855 0.716136 1.11495 0.559839 -0.971328 -0.576915 0.215903 2.35745 1.28842 0.766571 -0.136951 0.688591 0.453936 -0.412459 0.144966 -0.183332 0.149399 -0.793245 -0.51064 0.0908066 0.304254 0.430351 -0.333451 -0.398411 0.228161 
0.537865 -1.37476 0.0183583 0.0503193 0.927877 1.2832 0.459606 -0.351711 1.51208 0.0517045 -0.312135 -0.412815 0.662551 0.171073 0.219096 0.391973 0.858112 0.207199 -0.929864 -0.159193 0.945082 1.20041 1.07841 -0.219405 -0.668455 0.885024 0.724146 0.43896 0.652949 0.130419 -0.118569 -1.0251 -1.63613 -0.774213 0.69219 1.75813 1.28335 0.850483 -0.370231 
0.491498 -1.354 0.21663 0.181902 1.23211 0.856877 -0.0510257 0.247486 0.687667 0.402608 -0.731707 -0.265036 0.876225 0.597704 0.780122 0.149859 -0.89259 -0.721585 -0.33273 -1.52303 -1.02031 -1.61178 0.709192 0.622319 1.0568 -1.09231 0.335265 1.10891 -0.345992 0.0158058 -1.36417 -1.23399 -0.679236 0.017478 0.467463 1.43192 2.10841 0.844414 0.704431 
0.735092 -0.891899 0.131725 -0.628033 0.481267 1.05654 -0.733331 -1.42522 -0.133467 0.783287 0.392025 0.704902 -0.584407 0.289588 1.47681 -0.810181 -0.77325 -2.16539 -0.643227 -0.707659 -0.9749 -0.695717 0.552696 2.49202 1.58161 -0.172819 1.58763 2.18822 -1.94425 0.768397 -2.01168 -2.55257 -2.34026 -1.97134 -3.17929 -0.707688 -0.290903 1.41956 0.714589 
0.563094 -0.456891 -0.305752 -0.410188 -0.101622 0.43824 -0.608932 -0.777671 -0.0189842 0.961616 2.15232 1.40494 0.722027 1.58729 2.566 -2.62272 1.8803 -2.17046 -2.93865 -1.48429 -0.955369 -1.79394 -1.48207 -0.919624 0.490767 1.81506 2.60186 1.3118 -3.23275 0.365193 -3.29937 -2.49148 -2.21128 -1.62922 -1.48068 0.0181658 -0.90985 -0.24976 -1.70627 
1.33581 0.652829 -1.59094 0.697941 -0.855576 -0.781378 -1.89609 -2.42958 -1.96573 -0.901518 -0.701555 1.22698 1.62388 3.29185 0.529294 -3.31914 1.27726 -2.58379 -2.54947 -2.13346 -0.666053 -0.888578 -0.510032 -3.45228 -1.87539 -1.61824 2.24758 1.09639 -3.03344 1.32452 -2.9852 -3.02546 -1.18153 1.29252 -1.25003 -0.539028 -0.794 -0.855264 -1.7901 
1.85883 -0.123169 -2.48959 0.479886 -1.69243 -1.15905 -2.27728 -1.47404 -0.923304 0.348712 -1.89407 -0.562903 -1.14996 1.50635 -0.889244 -1.25037 -0.225428 -2.12562 -0.941804 -0.029845 2.17306 0.456972 0.898691 0.0834467 -1.45245 -3.69317 2.50588 1.0887 -2.02423 1.80323 -2.3272 -2.17614 -0.653314 -0.661268 -1.59595 -1.03496 -1.81678 -0.291092 -0.972974 
1.90353 0.143102 -2.40482 0.501832 -2.16487 -1.38463 -1.9261 -0.103486 -1.49095 0.0390325 -0.625662 -0.295802 -2.71405 0.157438 1.13571 0.74345 0.9519 -0.763302 -0.237082 1.30001 -0.0278519 -0.819328 -0.630548 1.5206 1.53602 0.58863 0.807862 -0.646356 -0.621249 0.394127 -1.79041 -0.453048 0.759479 0.981184 0.223184 0.799267 0.364602 -0.255716 -2.26077 
1.87654 0.57112 -1.98314 1.13478 -2.16467 -1.32656 -1.27157 -1.49098 -1.75665 -0.39709 -0.142612 1.0591 -0.399223 -0.394991 -0.0985909 0.478299 0.764145 -0.447299 0.374536 1.01698 -1.25998 -0.214215 0.0215854 0.321364 1.1521 1.32632 -0.17962 0.429778 1.44092 1.51361 -0.48581 0.0556107 0.880958 -0.927367 -1.20959 0.376109 1.24955 0.693583 -0.455589 
1.69599 0.10349 -2.07396 1.02102 -2.44295 -1.17397 -1.14083 -1.43213 -1.70409 0.0123641 -0.272383 0.922198 -1.08661 -0.405698 -0.478173 1.13553 0.929817 0.0719113 0.324949 -0.156327 -0.926406 -0.474282 1.07538 -0.167912 -0.789239 -1.08099 -0.739367 0.440083 1.32363 1.57375 0.16942 0.0910601 1.33375 -1.15959 -0.262602 0.73178 -0.333566 -0.440093 1.07364 
1.66464 0.305813 -1.21705 1.77372 -2.12373 -1.14657 -1.40009 -2.46452 -2.23634 0.738305 -0.359776 0.234217 -1.63272 -0.623962 0.771881 1.2499 1.18972 0.700898 -0.241011 0.710189 0.0785182 -0.0639362 0.822866 -0.664366 -1.65583 -0.230736 -1.4799 -0.0771165 1.27623 0.46972 0.799111 0.586124 1.02344 1.48507 0.412581 2.32692 0.56519 -0.801987 0.0372621 
1.3951 0.581452 -1.23213 1.84781 -2.01554 -1.34392 -0.594485 -1.33584 -1.76321 0.869299 -1.06836 -0.814597 -1.30964 -1.63286 0.360684 0.531731 -0.300413 1.08984 0.446202 1.48362 2.33249 0.92013 1.5613 0.787574 -0.113674 1.1004 -1.44634 1.11683 1.45517 0.894183 1.09466 -0.0103925 0.629572 0.0724641 -0.0311485 1.07941 0.656445 -1.22978 1.94941 
0.952382 0.539281 -0.850805 1.52341 -1.45734 -0.891599 -0.25139 0.031309 -1.28686 2.40954 0.537054 0.120235 -0.273769 -1.36839 0.936125 0.647408 -0.0511002 0.8871 0.243868 0.109546 -0.0545366 0.033973 0.412163 1.38177 0.281035 2.23573 -1.56812 0.888925 0.346149 -0.844922 0.873144 0.2429 1.5876 2.91599 1.48057 0.621978 0.542214 -1.00167 1.77767 
0.790672 1.15707 -0.789282 1.77771 -1.47372 -1.21405 -0.515935 -1.3812 -1.72198 1.27334 0.521243 -0.513225 1.39858 -0.52716 0.99887 -0.0601477 -0.647306 0.178683 -0.117113 0.570674 0.473612 0.670923 -0.840214 -0.192521 -1.0095 0.726246 -1.49977 0.326074 0.419843 -0.418067 0.972437 0.409013 0.338149 -0.0419249 -0.0695339 -0.844317 1.00485 0.523576 0.525383 
0.690958 1.15221 -0.876506 1.02235 -1.3508 -0.984935 0.186295 0.548209 -0.5928 1.43253 0.291198 -0.936423 0.640518 -0.697521 -0.43715 -0.0810867 -0.384537 0.52463 0.299171 0.334649 -0.0334006 -0.105097 -1.33855 -0.291189 0.278222 -1.70944 -0.779116 0.417758 -0.253189 -0.671032 0.0211459 -0.345828 -0.00577032 -1.04727 -0.165051 -1.629 -0.174658 -1.31063 1.0059 
0.459786 0.916156 -0.82885 1.46659 -1.15462 -1.05 -0.262072 -1.40405 -1.82329 -0.253206 0.16035 -0.214812 -0.581805 -0.546521 -0.359713 -0.238756 -0.091804 -0.138929 -0.312059 -0.569669 -1.54518 -0.84447 -0.967804 0.0197259 -0.454476 0.299007 -0.537261 -0.156024 -0.2467 -0.692411 -0.0177379 0.16707 -0.211596 1.00382 0.39786 -0.78216 0.153994 -0.268266 -0.21207 
0.421641 0.957335 -1.02048 0.922832 -1.43941 -1.19881 -0.264142 -1.08406 -1.45191 0.31482 0.2928 -1.40903 1.04706 -0.0431601 0.199014 -0.209475 -0.38022 -0.540954 -0.0677472 -0.598879 0.968629 0.53516 0.482 0.470417 -0.592411 1.46996 -0.544415 -0.2799 -0.345068 0.731835 0.139331 -0.477344 -0.474648 -0.932942 -0.44363 -0.573877 1.8128 0.373702 -0.147359 
0.395708 1.0535 -0.953438 1.1586 -1.49024 -1.11281 -0.735259 -0.36017 -1.26837 0.227843 0.687409 -0.832571 1.21634 -0.204011 -0.067824 -0.178265 1.03566 0.349133 -0.286502 -0.0335424 0.585471 0.372202 0.345273 1.93627 0.848414 -0.471297 -0.107894 0.200756 -0.692551 -0.3264 -0.741623 0.18677 0.632144 3.19684 2.90485 2.58126 2.30158 0.598182 0.996148 
0.291977 0.936017 -1.1244 1.63827 -1.22814 -1.39688 -0.297034 -0.448079 -1.06402 0.645095 2.52888 -0.510606 0.538136 -0.106344 0.108353 -0.654257 0.054551 -0.519375 0.324544 1.42193 2.11225 2.58316 2.44045 2.0091 1.23396 -0.454835 -0.230248 0.22134 0.0949828 1.47219 0.700603 0.22499 0.122533 0.42517 0.58372 0.517308 -0.0192553 0.90026 -0.663877 
0.305867 1.13693 -1.37256 1.16487 -1.81261 -0.933065 0.365399 1.90119 1.3856 2.86855 3.00841 0.471571 0.726983 -0.113958 0.406664 0.326958 0.796366 0.670551 0.592525 0.199884 -0.2164 0.257159 0.258205 -1.94261 0.126347 -0.237343 -0.266368 0.257092 0.157627 0.593101 0.620066 0.264604 0.531472 1.01532 0.526959 0.168947 0.150053 0.430524 -0.411241 
0.199032 1.19682 -0.89376 2.18074 -0.819373 -1.05144 -0.148127 -0.665752 -0.794037 0.879357 0.242612 -0.372012 0.307255 -0.261356 0.28515 0.883483 0.722868 1.42291 0.0324992 -0.72861 -1.16577 -2.01466 -2.22838 -1.8341 -0.777347 0.00853142 0.990102 0.0851928 -1.5938 -0.379396 1.64299 0.968577 -0.948101 1.12702 1.1676 0.595737 -2.05729 -0.00135928 -1.26012 
0.152821 1.32549 -0.773384 1.65421 -0.941576 -0.933894 -0.208824 0.672837 -0.67288 0.360764 0.848652 -0.340797 0.788309 1.47624 -0.275988 -2.3493 -1.18561 1.70827 0.671213 -1.41321 1.27217 0.998296 0.433393 -0.246685 -0.146123 -1.09044 0.950397 -0.474716 -0.00984791 -0.129587 2.23566 -0.00347803 -2.03633 -0.332079 -0.850083 -1.13792 -1.87998 0.299038 -1.78786 
0.75447 1.05173 -2.43536 1.29059 0.226999 -0.657344 -1.25553 0.701272 0.23556 1.30681 -0.0663931 -0.520141 -0.937477 1.56897 -1.01055 -0.869556 -0.812428 1.81068 -0.0207361 -1.88705 0.793947 1.10655 0.972113 -0.165276 1.08893 -1.88431 1.17159 -1.82535 0.661536 -1.94625 0.948993 0.343564 -1.0462 1.32799 0.1349 0.116391 -0.822989 0.585348 -1.32358 
0.746069 0.743633 -1.33508 1.0338 0.167718 -0.967639 -1.68526 1.53076 0.467671 1.38228 0.634561 0.810722 -1.39989 0.135918 -2.51448 3.22634 -1.08333 -0.330356 -0.212471 0.0734731 -0.0197679 -0.850205 -0.280367 -0.620542 0.773518 -0.303232 1.18723 -2.56913 0.630855 -2.02106 1.09715 -0.2333 -0.955576 0.50836 1.01984 -0.28607 -1.06829 0.518061 -2.05056 
0.763408 -0.424343 -0.284722 0.474362 0.0207724 -0.809641 -1.20507 0.692929 -0.629431 0.947162 -0.811276 0.299474 -1.24666 0.0647316 -2.91714 1.70715 -1.54626 -0.219092 -0.263504 0.664093 -0.343483 -0.00954046 -1.27128 -0.9647 -0.535752 -0.26426 -0.0944101 -2.31501 3.41315 -2.57523 -0.216013 -0.448544 1.0773 1.04478 0.0965323 -0.619565 -0.548289 0.94376 0.0983876 
0.725982 -0.971858 -0.190465 -0.117039 0.029855 -1.15149 -1.17482 1.1778 0.464304 -0.0700781 -0.511572 0.252586 -1.66276 -0.266857 -1.02466 1.18808 -1.94018 0.0280743 -0.348997 1.32323 0.995069 0.957154 -0.393497 0.047548 0.249226 0.386124 -0.17558 -2.07132 2.3481 -1.30183 -0.0152204 0.713895 0.623429 -0.0182636 0.360209 -0.535263 -1.17845 -0.237777 0.805396 
0.60812 -1.01458 0.516163 -0.961214 0.0347765 -1.04635 -0.181285 1.76496 0.357998 0.462766 -0.777237 0.567373 -0.73659 -0.30743 -0.249416 1.33807 0.0504104 0.206398 1.19922 0.147726 0.278697 0.399231 0.692131 -0.283266 0.255194 1.08131 -0.307717 -1.4186 0.706121 -2.22635 0.239238 1.00414 0.464102 0.410735 0.993242 -1.05418 -0.21957 -1.03436 0.248759 
0.554151 -1.10115 0.709748 -0.113764 0.153427 -0.430924 -1.06654 1.48719 0.879899 0.64269 -0.863227 0.526766 -0.326509 -0.157775 -1.14391 -0.253726 -0.664792 0.326218 1.65854 -0.716726 -0.640121 0.111337 -0.768684 -0.268449 -1.40846 -0.147087 -0.384531 -0.477195 1.24968 -0.242889 0.62515 1.07002 0.742642 -0.582775 -0.471046 0.751883 -0.712413 -1.18935 0.569389 
0.497309 -1.67573 0.362272 -1.47491 0.23197 -0.0417878 -0.746253 1.0962 0.478522 -0.435364 -1.11162 -0.909117 -0.860208 -0.222963 -0.479778 0.295062 -0.275894 0.704466 0.195176 0.817716 -0.895804 -0.900897 0.174907 -0.465522 -1.58539 -0.509328 -0.125675 -0.298941 0.354836 0.75478 0.711275 0.339232 -0.587819 -1.61847 0.41846 0.172711 1.44619 -0.738597 -0.147797 
0.41676 -1.36741 0.91927 -0.346352 0.583028 -0.331168 -0.436452 0.546239 -0.0370465 0.785096 -1.42737 -1.13591 -0.880628 -0.0162117 0.68726 0.736478 1.63617 0.708859 -1.20537 -0.0323227 -0.990315 0.340815 0.984988 1.83176 0.575468 -0.0256573 -0.318108 -0.229868 1.06006 0.224772 0.0804683 -0.280966 1.3676 0.653637 0.419415 0.180829 0.247867 -0.438651 0.241189 
0.444218 -1.24809 0.864104 -0.3254 0.664269 -0.808005 -0.778194 0.0546346 0.834246 0.60035 1.00262 -0.297911 -0.839512 -0.215976 0.128737 1.09429 0.611444 -0.579155 -0.540809 0.953074 1.48841 1.35407 0.0505187 0.745297 1.08326 0.740505 -0.271101 0.0845649 1.0261 1.20636 -0.0124896 -0.433186 0.00888031 -0.428859 0.752311 -0.119716 0.989737 1.11384 0.775164 
0.282218 -1.27186 1.65805 0.0624543 0.223931 -0.686479 0.299053 2.14347 1.3572 0.790333 -0.579833 0.00964528 0.050605 -0.358005 -0.557544 0.609226 -0.123054 -0.717614 0.663685 0.0522074 0.5238 0.469325 -1.09724 -0.757363 0.634882 0.811311 -0.139564 -0.276574 -0.312304 -0.74101 -0.540537 0.610282 -0.182383 -0.26852 0.181231 -1.46658 0.433273 0.393826 0.809568 
0.251766 -1.56059 1.28167 -0.44751 0.220099 -0.418566 -0.744302 0.624964 1.32168 -0.660095 0.098224 0.375816 0.175869 0.0228669 -0.55119 -1.46919 -1.4345 -0.191164 1.34308 -1.17966 -1.79805 -1.1563 -1.67605 -0.266932 -0.667122 0.0808741 -0.132704 -0.35435 -0.259446 -1.85445 -0.447715 0.505052 0.177609 0.135096 -0.455584 -1.43683 -1.07306 -0.157826 0.218499 
0.245061 -1.58058 0.699265 -1.00761 0.103228 0.123033 -0.626457 0.242007 0.178478 -1.10839 -0.912444 -0.686732 0.197906 0.174342 0.0161748 -0.916173 -2.03576 0.0811657 0.00304848 0.185108 -0.438539 -0.954411 -0.494866 -0.377723 -0.827249 -0.603695 -0.0314844 0.0449046 -0.874766 -1.25781 0.322513 0.591467 -0.819942 -0.919221 -0.392479 -0.727811 0.618781 0.417352 0.244829 
0.276371 -1.53196 0.689098 -1.95217 0.266724 -0.437605 -0.606904 0.170806 0.349889 -1.25627 -0.363558 -0.489065 -0.490399 -0.0671663 0.620266 0.371213 -0.00854125 0.665557 -0.565041 0.131489 0.851759 0.738884 0.880568 0.943996 1.10921 0.154082 0.00196533 0.354732 -0.675601 -0.314791 0.476355 0.61559 0.286613 -0.463154 -0.113613 1.22665 0.863406 -0.348489 0.283642 
0.171194 -1.19277 0.959215 -1.04695 0.508922 -0.247261 -0.530818 1.16147 0.942195 -0.187821 0.166757 0.48613 0.432211 -0.172585 0.526616 0.074232 1.72401 0.615103 0.806054 0.192675 -0.0615297 0.836021 1.89533 1.31681 0.42457 0.878954 -0.221797 0.0450202 -0.0793763 -0.575845 0.1262 0.777617 0.42566 -0.0508905 0.18327 0.678008 0.270643 0.553697 -0.859868 
0.159521 -1.19983 0.752384 -0.739171 0.641417 0.0398628 -0.463613 0.118004 1.21316 0.783314 1.1503 -0.0366496 0.605373 -0.239166 -0.551013 -0.446669 -0.616376 -0.474291 1.58283 0.425476 -0.948468 -0.538926 -0.0965327 -0.639826 -0.516726 -1.06624 -0.36275 0.473658 -0.0523187 0.802084 -0.00463424 2.01686 1.93456 0.523295 0.0651673 1.28533 0.290488 0.0652834 -0.151465 
0.0271968 -1.50138 0.677555 -1.52564 0.214257 0.710494 -0.206216 0.164456 0.396244 -0.344743 -0.600608 -0.0519847 -0.783763 -0.327819 0.198009 -0.114904 -0.695887 -0.612529 1.80783 2.30873 0.526606 -0.762705 -0.428937 -0.991381 -0.370836 -1.05551 -0.542552 -0.0884251 -0.229441 0.185514 -0.711657 0.488981 0.79067 -1.4277 -0.28626 1.03581 -0.283848 0.19608 -0.869089 
-0.0206239 -1.06309 0.690422 -1.27534 0.261814 1.13674 1.3277 0.69132 0.437856 0.259837 -0.0269391 -0.421244 -0.597848 -0.508799 0.416233 0.178295 0.90483 -0.542821 -0.936795 0.601856 -0.49532 0.235406 1.28258 0.350077 0.714736 0.144507 -0.653205 0.413949 -0.102333 -0.329917 -0.838983 -0.253259 0.153753 0.0398961 0.0540109 -0.420311 -1.43343 0.608705 -1.05302 
-0.22674 -1.23489 0.809753 -0.904769 -0.122516 0.110341 0.255753 -0.35015 0.64393 1.01914 -0.213853 0.705773 -0.560838 -0.572499 0.435324 0.00993549 0.365999 -0.588216 -2.11778 -2.10215 -0.53449 0.824058 -0.0210533 -0.529692 1.02399 -0.0572181 -0.714601 0.655864 0.112226 0.849668 -0.356199 -1.552 1.11507 0.279953 0.472076 0.427188 0.0200722 0.207519 0.511456 
-0.300534 -0.785238 0.71113 -1.04395 -0.10285 -0.193628 -0.316264 0.135015 1.28887 0.186149 -0.665901 0.661948 -0.614661 -0.476053 0.586978 -0.00743459 0.180382 0.0383592 -1.04589 0.843517 0.722309 0.274239 -0.780355 -0.314295 -0.504108 0.367314 -0.851466 0.593198 0.113432 -0.0816484 0.379571 -1.94395 -2.07408 -0.958532 -1.61109 -1.10932 -0.0527397 1.67948 0.184217 
-0.467326 -0.866865 0.818958 -0.807547 -0.102192 -0.55727 0.905932 0.431508 0.931417 0.108136 -0.601684 0.180936 -0.0731198 -0.600797 0.472074 0.162476 -0.398049 1.1449 -0.36972 -0.56216 -0.45026 -2.5482 -1.20308 0.487485 0.810293 0.229235 -0.668609 0.869626 -0.690399 0.203997 0.519715 -0.584143 -0.275913 0.818357 -1.34901 -1.97804 -0.366632 0.20148 0.85994 
-0.591982 -0.485538 0.832852 -1.36483 0.597367 -0.443154 -0.760853 -0.33162 -1.31645 -1.19101 -0.118942 1.52026 -0.291041 -0.445474 0.743067 -0.85353 0.130245 0.720445 0.30978 -1.19063 0.0314566 -1.71735 -1.41983 -0.0641247 0.708074 0.506371 -0.978966 0.517946 0.0734806 0.390858 0.351248 0.262887 1.15613 -0.423874 -2.20834 -0.664591 0.0507733 -0.732719 -0.226264 
-0.695443 -0.406035 0.267871 -0.746565 0.337226 -0.386653 -0.0281202 0.477698 -0.822338 -1.50804 -0.697843 0.931684 0.57986 -0.748049 0.320266 -0.041425 0.932846 -0.629064 0.724554 2.06044 -0.0113776 0.18363 0.478631 -0.418819 -1.6368 -0.48346 -0.769585 0.996082 -0.233488 -0.0786055 0.326226 0.0892072 -0.226072 -0.296443 -1.68401 -0.56149 1.08536 1.10597 0.812796 
-0.943471 -0.276102 0.819549 -0.72371 0.207604 -0.0160786 0.837092 -0.331031 -1.12183 -0.713677 -0.628637 -0.196513 -0.814418 -0.615083 0.780325 0.579954 -0.158645 -0.240696 -0.178641 0.907744 -0.368415 -0.0849734 0.811221 1.24095 0.4936 0.318359 -0.488542 0.975094 -0.207418 0.346707 0.076191 -0.0566205 2.17094 1.76195 1.75441 0.534785 1.06465 -0.436794 1.03181 
-0.992716 0.0769476 0.666051 -0.894401 0.186089 -0.518033 0.672081 0.0981928 -0.903018 -0.663949 0.727575 1.45674 1.0094 0.0744473 1.17104 -0.198637 -0.451015 0.748206 -0.781236 0.745568 1.68836 1.70107 0.144484 1.57346 1.13672 1.53561 -0.578874 0.929533 0.45655 -0.642498 0.061706 -0.532982 2.08156 0.388481 1.41059 1.55707 1.43545 0.777989 0.405961 
-0.959596 0.439194 0.702138 -1.08288 0.664081 -0.520049 1.41099 1.47907 0.62806 -0.60482 1.18445 1.0053 1.06175 -0.182893 0.641316 0.033557 -0.546235 0.338948 -0.49158 1.78309 0.701589 1.60099 0.960488 0.310854 0.346288 0.0839157 -0.416485 0.726295 -0.0900973 0.0619151 1.4541 0.692775 0.854373 0.630333 1.17836 0.332412 1.89701 1.19575 0.775062 
-1.11377 0.477277 0.702401 -1.3224 0.391104 -0.842905 2.05402 0.857792 0.7443 0.344748 1.0686 1.82678 1.16031 -0.648837 -0.0601396 0.109398 0.591192 1.35819 1.68975 0.363854 -1.11856 -0.434073 0.251253 0.472731 0.163988 -0.750063 -0.516252 0.48282 -0.287626 -0.758338 1.45817 1.1252 1.24924 -0.407846 0.693438 -0.462369 0.70774 -0.141998 -1.44072 
-1.27063 0.422445 0.788712 -0.688712 1.49535 0.503818 1.6876 0.300973 0.189576 -0.378225 1.71421 1.1835 0.221534 -0.528861 0.0973175 -0.376732 -0.297613 1.77332 1.95704 -0.164826 -1.14754 -0.853979 -1.45773 0.461495 -0.521196 -1.59923 -0.752591 0.367163 -0.096967 0.445213 0.839857 1.35543 0.9693 0.177636 -0.402775 0.550325 0.607946 -0.161947 -1.25227 
-1.37589 0.55415 0.467055 -1.57068 1.47744 0.34623 1.91888 -0.351159 -0.124559 -1.31322 1.58526 1.28396 -0.689083 -0.388323 0.621937 -0.207469 0.00881215 -0.137666 0.0722389 0.893669 1.24544 0.00561537 0.389323 0.192728 -0.360902 -0.569561 -0.779251 0.445453 0.201944 0.702072 0.643437 1.47106 -0.46843 -1.05697 -0.518637 -1.39595 0.0913645 -0.477797 -0.618032 
-1.47545 0.811251 0.665453 -0.715506 1.40752 0.52756 2.37683 1.63955 0.201742 0.00062536 1.91751 0.809358 -0.404168 -0.545005 0.584183 0.66293 1.20576 -0.836079 -0.046126 -0.430372 0.0664832 0.301282 -0.0884487 -0.349351 -0.0241172 0.938191 -0.482849 0.688435 0.151762 -0.11857 -0.720276 -0.233448 0.143171 0.14892 -0.605524 -1.36318 -1.0704 -0.542784 0.486348 
-1.64459 0.920509 0.920183 -0.73229 0.960481 0.296787 1.57693 -0.267681 0.190646 -1.46123 1.15656 1.26422 0.477088 -0.277441 0.431074 0.429155 -0.0851554 -0.891877 -0.356669 -0.700732 -1.14666 -0.651482 -1.89868 -1.32495 -0.256095 1.05531 -0.494298 0.552656 0.761137 0.770921 -0.645979 -0.077036 -1.11125 -0.929511 0.331527 -0.566894 -0.233627 -0.293635 1.78909 
-1.63505 1.08657 0.963772 -0.810221 0.856272 0.286104 1.82432 0.431542 -0.459571 -2.14359 0.351359 0.545506 0.901192 -0.136523 0.261227 0.342147 -0.215018 -0.0863104 -0.0368512 -0.993189 -1.02284 0.0576518 -0.526236 0.113394 -0.318056 0.900324 -0.448849 0.474609 0.0900913 -0.328521 -0.816039 -0.0123681 -1.21166 -1.71386 -0.243729 -1.26337 -0.135569 1.10666 2.70775 
-1.74673 1.09484 1.16088 -0.920874 0.904204 0.253077 0.796646 -1.34387 0.256146 -2.092 1.26736 0.935164 1.59826 -0.34151 0.295005 -0.28675 -0.243058 -0.275777 0.356982 -0.852224 -0.577104 0.393569 0.501468 1.19403 1.45853 1.73713 -0.407445 0.22005 0.457159 0.388736 -0.0673482 -0.723505 -1.07595 -1.32472 -0.100734 0.521859 -0.794364 -1.68391 0.210373 
-1.82078 1.28099 0.788012 -1.01907 0.68358 0.485906 1.15383 -0.17013 -0.0497781 -1.64108 1.72207 2.08596 3.01686 -0.425421 0.0756413 0.272147 0.747269 -0.0015634 -0.878757 -0.384889 -0.320186 -0.162232 1.13483 -0.949961 -1.55767 -0.701147 -0.612858 0.140284 0.443581 1.97542 0.278117 1.64467 0.0268574 -0.6026 1.17532 0.905878 0.00603322 0.0326359 1.22663 
-1.96667 1.15883 1.35523 -0.41389 0.899998 -0.31119 0.490118 -1.67203 0.0962812 -0.891055 0.138414 -0.698337 0.816173 -0.503257 -0.0800962 0.883588 2.67879 0.686143 1.77754 0.895275 -0.0594002 0.870169 0.538591 -1.17328 -1.44081 -0.482682 -0.550085 0.0451448 0.276817 2.0997 0.289156 0.992092 -0.0275754 0.602939 0.794484 0.755017 -1.56494 -1.20967 -0.356072 
-2.07245 1.25237 1.38726 0.884065 1.10192 1.56405 1.84432 -0.220664 0.848497 -1.09762 0.332752 0.575432 2.49441 -0.332917 -0.00619745 0.110306 1.83756 0.427849 2.17278 0.357796 0.863187 1.01759 -0.264269 -0.711977 0.205056 0.31213 -0.368908 -0.0278463 -0.0928044 0.780204 -0.211473 0.677147 -0.352149 0.284478 1.11276 0.0658917 -1.52103 -2.32248 -1.58908 
-2.1489 1.17415 1.44241 0.881187 1.15964 1.01134 0.762009 -0.740401 1.14566 -1.23295 -0.713072 -0.476918 1.23831 -0.00562536 0.0379393 -0.976307 -1.67691 -0.981877 -0.889152 -1.34063 0.290817 0.326484 -0.442305 -0.441625 -1.1393 -1.18669 -0.187257 0.0885837 -1.06147 0.601047 -0.372317 2.2294 -0.642043 1.72187 0.675076 -0.695548 -2.25861 -0.730627 1.32809 
-2.12123 1.29394 0.75487 -0.361213 0.49538 0.993356 0.793441 0.101636 1.18953 -1.63584 -0.203532 -0.617817 1.13529 0.0741421 0.142058 -1.4483 -1.05061 -0.955556 0.714853 -1.17672 0.774584 -0.290272 -0.494965 -1.69296 -1.02926 1.04768 -0.201852 -0.27334 -0.740678 -0.229508 -0.897312 0.280141 -1.36393 -0.933618 -0.00634577 -0.283618 -0.908964 -1.98377 -1.38631 