-0.772087 -0.0858662 0.811833 -0.840779 0.744471 1.55487 1.3022 0.866795 0.494674 0.477307 -0.212024 -0.352885 0.214797 0.855533 -1.0678 -1.39453 1.1532 -1.25373 0.839921 1.99582 -0.0980463 0.321033 1.41154 0.79896 0.782924 -0.105103 2.42774 -0.241286 -2.23946 -1.1448 -1.24992 -0.882792 0.433909 -0.484711 0.187749 -0.471514 0.726386 -1.68831 -1.34719 
-0.527738 -0.756089 0.289954 -0.455501 0.294613 1.72833 1.74549 0.716854 0.588958 1.02063 -0.278351 -0.776764 -1.12664 4.27308 -1.72418 -1.82843 -1.18352 -1.19079 0.24208 -0.88462 1.23352 0.250529 -0.599019 -0.157877 -2.0601 -3.03459 1.30348 0.607312 -0.181001 -0.284436 -0.457074 0.700272 0.697897 0.445067 -0.411025 -0.165897 0.44514 1.21691 0.547335 
0.497041 -0.927809 -0.0962536 -1.41959 0.153038 1.67959 0.803957 1.74267 0.715096 -0.0533187 -0.26334 -2.39783 -2.12726 0.906881 2.04405 1.13084 -1.5627 0.644401 0.0596337 -1.12776 0.588247 -0.775751 -1.60887 -0.250296 0.800946 0.712183 0.485645 0.298918 0.480388 0.408785 0.701591 0.719379 -0.324956 0.687201 0.325033 0.0900809 -1.0764 -0.951356 -1.32011 
-0.28662 0.2581 0.852676 -1.22744 0.613137 1.74832 1.11184 1.12662 -0.135106 -0.4395 -0.379731 0.0669694 -0.528635 -3.62857 2.22218 2.54535 1.70353 2.10743 0.682963 0.464468 -0.467034 0.0905828 0.666619 -1.20486 0.801355 1.64427 -0.457896 1.06053 -0.110309 -1.29477 0.618117 -0.66297 -2.09683 1.26832 0.838887 -0.71813 -0.700693 -0.916657 0.515283 
-0.646928 0.174122 1.16951 -0.527965 1.19699 2.05739 1.05704 1.39016 0.788318 0.580996 -0.881809 -1.55369 -0.797854 -1.5521 -0.364948 -1.28972 -0.201503 0.162309 -0.978717 -1.52395 0.841308 1.67245 0.839984 -0.640472 -2.0142 -0.139385 -2.85058 1.42519 1.07232 0.56082 1.45224 0.058775 0.095695 -0.140732 0.535686 1.55374 -0.102293 2.40067 2.52763 
-0.796453 0.0856804 0.212341 -1.30609 0.692621 1.17227 0.257551 1.71918 1.39391 0.354386 -0.692469 -1.93164 -0.598849 -0.287225 0.022437 -0.950805 -0.979666 -0.202176 -0.6392 -0.354839 0.288822 0.478289 0.91584 1.06582 2.33445 1.08091 -1.0133 -0.0608504 -0.248062 0.651305 0.457049 -0.0374362 -1.24777 -0.567529 1.5155 0.902962 -1.1646 -1.12968 -0.156858 
-0.770479 0.192518 0.697615 -1.00295 1.09575 1.67623 0.853835 1.58364 1.21835 1.4447 -0.270244 0.838358 0.0894833 0.147701 0.305019 0.926597 1.04669 0.432273 0.894129 -0.0584156 -1.50651 -0.0441888 0.068934 -0.833076 0.521668 -0.00673233 0.616176 -0.777827 -0.790838 -0.57607 -0.559479 -0.934542 0.241309 -0.656053 -0.195607 -0.608926 -0.0522652 1.06951 -0.592068 
-0.787181 0.243268 0.673552 -0.749002 0.905963 1.67128 0.219431 0.61582 1.3431 0.43857 -1.10954 -1.36988 -0.564972 1.11016 -1.19425 -0.217058 0.179129 -0.542018 -0.642175 0.647858 -1.05503 -0.700096 -1.5717 -1.14201 -0.943815 -1.69252 2.11246 -1.9337 1.28972 0.833795 0.484868 -0.0460242 -0.652727 -1.03208 -0.0271924 0.372278 0.946645 2.83808 -0.0106334 
-0.46728 -0.388393 0.59041 -0.887733 0.825998 1.29336 1.20905 0.806396 0.563908 0.0187847 -0.85467 -0.079522 -1.19946 2.72051 -3.26935 0.990274 0.0431882 0.198947 -0.990174 -0.774542 0.31124 0.00447327 0.290735 2.01175 3.18759 0.0170159 2.83662 -2.62378 0.570973 -0.16474 -0.169283 -0.698329 -0.328466 0.0114743 0.63947 -1.85402 -0.865665 0.754768 -0.63542 
0.0078045 -1.35978 1.16641 -0.703024 1.00361 1.08866 -0.217507 0.825493 1.33707 0.726907 0.0144318 1.88355 -0.51246 2.7479 -2.84025 1.06828 -0.428135 0.311715 -0.324079 -1.07243 1.05049 1.38118 -0.37281 0.0440041 1.92182 1.03454 2.58762 -3.14491 1.03062 -1.0379 0.785281 -0.843842 1.25251 1.55979 -0.716688 0.116293 0.104739 1.91938 -0.451085 
0.336072 -1.78008 1.12204 -1.08181 0.979563 1.09309 0.60621 1.55006 1.82487 -0.303629 -0.796626 1.89591 -0.348509 0.797207 -1.57331 0.542443 -1.46298 0.827921 -0.170202 2.3411 1.45089 -0.789676 -0.196006 -1.8907 -0.682764 -0.477835 1.75179 -2.40402 1.32405 -1.56942 1.36648 0.409192 0.0927636 1.36744 1.04494 0.426564 0.0738232 0.681849 2.85819 
0.21543 -2.12741 1.43669 -1.42417 1.41313 0.976714 1.08069 1.85838 0.600194 0.56723 -0.97556 1.22924 -0.848252 -0.372691 -0.853446 0.899485 -1.70433 1.4806 0.835318 1.17837 0.492165 -0.261695 0.788664 0.0382003 -1.03941 2.04421 0.455319 -1.34903 0.799029 -1.22047 1.2341 0.206885 2.29973 -0.0306734 0.49251 -0.730545 -0.773239 -0.980071 -0.335816 
0.18642 -2.19312 1.56978 -1.92588 1.7127 1.55834 1.25687 1.89042 1.57389 0.44302 -0.741727 0.881509 1.29472 -0.194146 -0.48432 0.646901 -0.201609 0.790038 0.411552 0.544353 -1.50352 1.31187 -0.585729 0.908802 -0.613629 0.140306 -0.0761712 -0.424797 0.966318 -0.485358 1.34268 0.458414 1.19939 -0.493966 0.147865 0.412821 0.333439 -1.34206 -0.383157 
0.120304 -2.35863 1.75889 -1.50287 1.80387 1.19872 1.37826 0.757176 1.79736 0.0488378 -0.449054 0.644736 -0.698996 0.249256 0.229111 0.537889 1.02542 0.280376 -0.258415 0.321288 -1.07343 0.411252 -0.387034 0.370141 -0.731553 -2.43237 0.185979 -0.363614 0.298965 -0.615502 -0.27385 0.245839 0.46268 -1.20075 1.4118 -0.395125 0.287415 -0.885185 0.568153 
0.226705 -2.07292 1.83779 -1.37963 1.85073 1.39577 1.43021 1.09989 1.94222 0.107514 -0.507014 0.177942 -0.574778 0.429044 -0.0451333 -0.198973 -0.651801 -1.15806 -0.118236 0.0274677 0.115797 0.204269 0.151147 -0.558277 -0.558366 0.489042 0.824155 -0.278171 -0.237018 -0.267346 -0.85339 -1.02226 -0.537838 -1.88242 -0.653126 -0.475945 -0.281507 0.799699 -0.972009 
0.215495 -2.37352 1.66067 -1.81087 1.22867 1.11661 1.38797 0.825672 1.97521 0.208694 -0.717267 0.116027 -0.276089 0.857968 -0.626059 -0.884635 -1.41201 -1.41165 -1.13998 -1.00955 -1.0921 -1.12773 -0.131194 -0.734315 1.76846 1.41438 1.25507 0.0388701 -0.942887 -0.965142 -0.956631 -0.302622 -1.05088 0.333618 -0.833278 -1.10636 -0.333848 1.17318 1.18337 
0.452886 -2.37396 1.39879 -2.07482 1.14978 0.727144 0.862391 0.29587 0.894232 0.00749229 -0.870587 1.99854 0.57423 1.2672 0.13985 -1.19432 -0.670424 -0.10919 -0.320124 -1.36187 0.247237 -1.11553 -1.32185 0.128351 2.08491 0.798331 0.916923 -0.571143 -1.52255 -1.57191 -1.21912 -0.294077 -1.19121 1.05171 0.257024 0.571083 -0.670526 1.12509 1.08781 
0.566651 -2.29729 1.06775 -2.12835 1.17353 0.918604 0.623941 0.989113 0.93845 -0.987251 -0.613533 2.25612 0.389514 0.376061 -0.225229 -1.3681 -0.723804 -0.201296 0.713021 -0.501583 2.2745 1.39531 0.696623 -0.118556 -0.304957 -0.229205 1.15276 0.273577 -0.673094 1.62928 -0.406513 0.167359 -2.04153 1.91288 -0.797253 0.105928 0.521468 0.545723 0.131114 
0.531897 -2.47756 0.719499 -2.41949 1.04898 1.1222 0.577467 1.92369 2.1682 0.669424 -0.900603 1.72568 0.433535 0.289207 0.318848 0.201033 2.82693 -0.433545 0.508743 -1.22019 1.91778 0.243218 1.40585 0.516199 -1.38097 -0.636435 1.29162 1.92264 -1.40284 2.14714 -1.64315 -0.223965 -2.82887 -1.00777 -2.73211 -3.12092 -1.33641 -1.1289 0.483998 
0.619137 -2.13289 1.16834 -0.664543 0.957565 1.1964 -0.0611797 2.35926 1.15214 0.32748 -0.2997 0.896871 -0.0707315 1.37014 3.24128 -0.70714 3.57468 -1.97011 -1.04645 -3.07207 -3.44202 -4.3596 -3.95236 -1.57083 -1.18655 0.768541 1.79168 2.41672 -2.45256 2.31978 -2.25068 -2.75628 -0.913065 -1.81174 -0.936285 -0.552266 -1.62306 -1.08426 -0.150007 
0.91449 -0.873646 0.368715 -0.574836 0.071125 0.507266 -1.13899 -0.577779 -1.85408 -2.94774 -1.71732 0.562723 1.07576 2.14054 3.46343 -3.83264 0.255424 -2.53798 -4.22042 0.0593497 -4.00266 -1.26585 -2.00307 -2.56567 -0.0520204 0.497647 1.76826 3.21335 -2.30239 3.12109 -1.02923 -3.33602 -0.795689 -3.15784 -2.22277 -1.93309 -1.15427 -1.32271 -0.325469 
1.237 -0.419552 -0.735869 -0.510468 -0.301861 -1.24049 -0.0337151 -0.547184 -0.0229593 -1.49549 -1.65532 0.8794 0.358927 1.02759 1.7764 -2.70182 0.582119 0.607245 -3.43863 2.05907 -0.178796 1.94601 1.92601 0.110256 -0.559051 -1.095 1.42872 2.86667 -3.1844 0.416164 -0.393569 -3.57172 -1.14013 -3.44512 -1.39289 -1.3944 -1.94657 -0.743957 -0.346368 
1.19247 0.00870549 -0.973458 -0.254368 0.371225 -1.48085 0.00213718 -0.722081 -0.0733117 -1.15423 -1.62338 0.033324 0.255683 -0.206931 1.01662 -0.884026 0.274474 2.01229 -0.579092 -1.50616 0.0540554 -0.250463 0.534254 0.109793 -0.934824 -0.846461 0.664698 1.46331 -2.32096 -0.00862721 1.44044 -2.40953 -0.0527434 -0.0272723 1.69824 1.95989 0.0678047 -0.757718 -2.22113 
1.13797 0.0885506 -1.17457 -0.34669 0.694916 -1.58714 -0.878095 -0.523287 -0.263601 -0.983005 -1.56164 -0.0294018 -0.266123 -0.138333 0.527325 -0.734669 -0.621801 1.28247 0.189545 -2.13639 0.130045 -0.120176 0.0768157 -0.0356118 -0.445835 -1.25903 -0.158299 1.01046 -1.19228 -0.447258 1.73428 0.0330546 -1.36818 -0.205166 -0.442434 0.964203 -0.191259 -0.749682 -1.71603 
1.11439 0.275796 -1.33792 -0.547084 1.00613 -1.38628 -1.19323 -0.643293 -0.19405 -1.0628 -1.60847 -0.381766 -0.693109 -0.028765 0.584839 -0.879036 -0.902294 0.26442 0.588543 -0.227862 -0.305789 -0.238213 0.438048 -0.360593 -0.0595271 -0.967327 0.0320795 0.622916 -0.772355 -0.813154 0.873292 0.577318 -1.56953 0.156557 -0.101385 0.557316 0.243085 0.184042 -1.08811 
1.09335 0.383971 -1.61079 -0.782268 0.825031 -1.26354 -1.01058 -0.759321 -0.49297 -0.559075 -1.72277 -0.0544525 -0.986015 0.162865 0.473127 -0.40579 -0.496631 -0.139691 0.545982 0.148773 0.0309582 0.000243151 0.474364 0.330448 0.675608 0.116863 0.152721 0.394191 -0.573332 -0.637205 -0.524975 0.454564 -0.43776 0.245993 0.268537 -0.382985 -0.412766 0.206258 -0.358229 
1.1283 0.516189 -1.53893 -0.776048 0.935868 -1.08711 -1.11596 -0.63608 -0.203967 -0.60544 -1.39526 0.335419 -0.562248 0.218203 0.0609071 0.033658 0.0197831 -0.963172 -0.0167756 -0.334358 0.56884 0.518242 -0.860063 -0.168471 0.318427 0.605826 0.298561 0.201539 -0.208181 0.3796 -1.40629 0.140484 0.551234 0.710605 0.631229 -0.440135 -0.563915 0.551421 0.480226 
1.12416 0.421316 -1.59338 -0.74821 0.346457 -1.28741 -1.20238 -0.363573 -0.0261726 -1.32998 -1.77982 0.302101 -0.47147 0.225922 -0.126144 0.1018 0.977502 -1.71976 -0.393215 0.534575 0.762228 0.67193 -0.95553 -1.04939 0.0358045 0.418439 0.589391 -0.0293532 -0.00194399 0.824934 -1.26826 0.27912 0.0751893 0.332739 0.959299 -0.965195 -0.14303 0.230708 -0.184611 
1.16146 0.461398 -1.48766 -0.254201 0.0821468 -1.32707 -0.823837 -0.10064 0.40427 -1.46421 -1.92951 0.406621 -0.194743 0.568121 -0.0719901 -0.0318718 1.05821 -0.714493 0.35449 0.418161 -0.206809 0.508643 -0.164531 -0.0217429 -0.0274733 -0.781627 0.490563 -0.237333 -0.525476 1.0949 -1.74426 0.102466 0.143281 0.483741 0.910643 -1.15444 -0.042088 -0.127368 -0.698625 
1.26182 0.393199 -1.60855 -0.185254 -0.00881143 -1.09817 -0.975087 -0.528109 0.431791 -1.46068 -1.75739 0.309414 -1.04565 0.425314 -0.207472 -0.876227 0.462479 -0.584801 0.495263 -0.365014 -0.227899 0.302347 -0.264933 0.985984 -0.214294 -1.14402 0.463856 -0.230743 -0.306388 1.80675 -1.35155 -0.0436885 0.327942 0.609272 0.629943 -0.588294 1.07387 -0.566043 -0.937119 
1.25551 0.366546 -1.92248 0.0053326 -0.208816 -1.05702 -1.03271 -0.28041 0.672379 -1.68733 -1.36119 0.225309 -1.05329 0.0466087 -0.251408 -0.417725 1.33625 -1.07286 -0.447419 -0.0160333 0.884372 0.16214 -0.469977 1.36024 -0.726124 -0.199048 0.54163 -0.640218 -0.607493 1.35378 -1.96103 -0.0115133 -0.525084 0.321956 -0.665158 -0.912808 2.29438 -1.10868 -2.0259 
1.24022 0.276707 -1.81549 0.519311 -0.541774 -1.36924 -0.989604 0.0955611 0.570868 -1.87253 -0.986346 -0.388673 -1.16268 0.295725 -0.750935 -0.0198005 1.32462 -2.00524 -0.545269 -0.307185 0.577627 -1.03183 -0.705441 1.88575 -1.25071 -1.0012 0.324095 -0.587075 -0.282151 1.45263 -1.80008 0.145395 0.189176 0.669032 -0.56337 -0.0630588 2.93613 -1.3745 -0.533097 
1.30998 0.00399992 -1.93165 0.703977 -1.20409 -1.38426 -1.20937 0.121685 -0.28736 -2.31591 -0.30547 -1.00243 -1.79976 0.377082 -0.624587 0.00406346 0.583392 -1.30522 0.606738 0.243395 -0.138621 -0.781574 0.379079 2.31769 -1.08738 -0.349489 0.0229635 -0.992891 0.0834771 1.26395 -1.96385 0.0280852 -0.0441472 0.043141 -0.99219 1.17635 3.02684 -1.3396 -0.404301 
1.31954 -0.0236042 -1.81279 0.840429 -1.18995 -1.03519 -0.859643 -0.0197198 -0.158555 -1.50288 0.303356 -1.4515 -1.39776 -0.283653 -0.754397 0.148236 0.342026 -0.588514 0.54809 0.240692 -0.546035 -0.0512415 1.89731 1.90613 -0.51703 0.590422 0.218916 -0.753406 0.582736 1.03273 -1.7563 1.16617 0.110969 -0.370127 -1.35197 1.61291 2.57019 -0.73493 0.300025 
1.18752 -0.360252 -1.85729 0.90216 -1.49689 -1.08388 -1.08091 -0.287889 -0.344658 -0.548825 0.76129 -1.4894 -1.2973 -0.0971612 -0.509353 0.864595 0.773231 -1.0152 0.914344 -0.114529 -0.301338 -0.690502 1.26462 0.90053 0.112366 0.69205 0.030233 -0.271209 0.832315 0.395184 -1.37921 0.905725 -0.104128 -1.40168 -1.04641 1.17982 1.09278 -0.667896 0.996388 
1.25403 -0.267154 -1.38239 1.25824 -1.69432 -0.524573 -0.929013 -0.252538 -0.804165 -0.318138 0.825382 -1.303 -0.815553 0.305662 0.368245 1.09046 0.159741 -1.23527 0.625549 -0.382727 -1.07096 -1.09046 -0.701845 -0.543874 -0.370098 0.496962 -0.224934 -0.123081 1.42712 0.919812 -1.45196 1.19684 -0.145835 -0.687811 -1.57152 0.935621 0.51355 0.0519626 0.898577 
1.24503 -0.17152 -1.31464 1.0075 -2.11038 -0.739035 -1.29964 -1.07664 -1.35835 -1.17409 0.500879 -1.82802 -0.868181 -0.229619 0.352918 1.25599 0.431983 -0.904405 0.647656 -0.0800321 -0.501107 -1.01895 -0.321904 -0.265927 -0.05575 0.290715 0.0471632 0.475421 1.77954 0.659477 -0.43265 1.53408 0.00676145 -1.05279 -1.14606 -0.558869 -0.333808 0.536607 1.06695 
1.14808 -0.085972 -0.757469 1.50224 -2.14375 -0.16704 -0.979172 -0.629658 -1.75204 -0.593697 0.715535 -1.32424 -0.548271 -0.260511 0.403473 1.55264 0.696404 0.658112 1.38634 0.38035 -0.14794 -0.158982 0.0977913 0.113998 1.06209 0.665894 -0.350073 0.702875 1.68551 0.181461 -0.251703 0.230304 -0.222789 -0.371135 -0.737303 -0.820791 -0.923936 0.928223 0.185814 
1.12964 0.0345636 -0.542276 1.38618 -1.78506 0.0425254 -1.09341 -1.19865 -1.5148 -1.06335 0.596838 -0.720625 -0.3065 -0.268214 0.771533 1.24769 -0.216786 0.565555 -0.375065 -0.211449 0.0599983 0.211455 -0.553234 -0.905286 1.26115 -0.0703134 -0.599828 0.442989 1.2183 -0.682017 0.00873559 -0.380421 0.487251 0.369678 0.459654 0.368469 -0.359225 1.9055 0.957069 
1.03033 0.301408 -0.136668 1.4158 -1.86432 -0.396579 -1.10252 -0.601468 -1.56758 -1.08218 0.259346 -0.0158484 -0.564285 -0.578714 0.31795 0.258331 -1.639 -0.653963 -1.92849 0.222416 0.552119 0.645647 0.257935 -0.575804 1.42454 0.379434 -0.824986 0.963463 0.795801 -1.28207 0.637691 -0.910977 -0.536148 -1.04232 0.608082 0.264823 -0.311543 1.53869 -0.904916 
0.917072 0.198521 -0.413205 0.575379 -2.11032 -1.07872 -0.975133 -0.81498 -0.930751 -0.805203 0.31913 0.752726 0.0303984 -0.878781 0.757038 -0.0631317 -1.53039 0.266935 -0.874872 -0.474686 -1.26694 0.435691 0.801688 0.503382 0.744574 -0.875918 -0.717777 -0.017176 0.938078 -1.72752 0.879769 -0.885843 0.0889869 0.920731 0.79411 1.15265 -0.48009 1.43303 -0.415956 
0.726123 0.681649 -0.167369 0.660324 -1.73296 -0.913021 -1.37246 -1.53178 -1.17675 -0.323542 0.566235 0.770968 -1.21245 -0.421735 -0.310149 1.13717 -0.705459 1.80527 0.712083 -0.121236 0.480827 0.202634 0.909409 -0.0378352 0.442676 -0.802679 -0.92065 0.269076 0.609914 -0.791308 0.331625 -0.750607 -0.503362 -0.765265 -0.152558 -0.409752 -0.990498 -0.269835 -0.177243 
0.752443 0.0530942 0.152668 0.240054 -1.21619 -0.684209 -1.04824 -0.482807 -0.754407 0.0525856 0.332841 1.23473 -0.560297 -0.398976 -0.305319 0.972085 0.441248 0.162463 -0.161123 -0.170156 0.376121 -0.610953 -1.25141 -1.75821 -1.10984 0.707998 -0.771231 0.184373 0.810856 0.463367 0.630934 1.03869 0.682685 -0.896116 -0.610668 1.10832 0.768901 -0.562809 -0.681753 
0.568443 0.538601 0.316451 0.909044 -1.6534 -1.01975 -1.47281 -1.27524 -1.74916 -1.45465 -0.351985 -0.314538 -0.617731 -0.65178 0.630511 0.0697059 1.29865 -0.98168 0.638934 0.970138 -1.52095 -0.873208 0.212052 0.993219 -1.19203 0.0951403 -0.73378 -0.0822928 0.511195 0.0510472 1.12026 1.07298 0.745895 0.835077 1.47531 0.919458 0.100415 -1.04984 -0.347328 
0.517559 0.371011 0.187989 0.925469 -1.70394 -0.331683 -0.513547 -1.59661 -1.56816 0.268501 0.905077 0.0662327 -0.446481 -0.623348 0.212138 -0.209497 -0.400916 1.30557 1.55789 1.09867 0.559092 2.19575 2.1774 1.87382 -0.278027 -1.05784 -0.82709 0.67246 0.577188 1.2536 0.814216 1.13603 0.149574 -1.33699 -0.724975 0.623726 0.0142304 -1.65805 -1.13401 
0.342243 0.650438 0.213004 0.72883 -1.00704 -0.139719 -0.866542 -0.886538 0.261455 0.570243 0.697274 -0.560199 -1.40865 -0.498089 0.446774 0.790727 0.354122 2.04666 0.841942 -0.792652 -0.0222195 0.0790457 0.40786 -0.985877 -0.993192 -1.28641 -0.590893 -0.103543 -0.496513 -0.283825 0.671002 1.0635 0.214394 -0.194307 0.546939 2.2459 0.266268 -0.371279 -0.354988 
0.329612 0.598424 0.581671 1.12981 -0.690124 0.137375 -0.960571 -1.6278 -1.50556 0.664645 0.405231 -0.901501 -1.41676 -0.203663 -0.338274 -0.521988 -0.00776573 -0.429209 -0.173775 -0.839545 -0.798434 -1.61471 0.12144 -1.54986 -0.220232 0.699804 -0.916232 0.426654 -0.618287 -0.774341 1.45022 0.165344 -0.414819 0.501696 0.480112 0.397594 -1.09079 -0.714065 -0.16078 
0.244211 0.491157 -0.045756 0.748857 -1.22086 -0.253711 -1.33968 -1.47843 -1.23471 0.702755 -0.108083 -0.747507 -0.820358 -0.773628 0.249317 -1.70276 -1.42051 -0.144058 -0.65601 0.259324 0.577036 0.429739 -0.0219905 -0.394944 0.0455362 1.1361 -0.574318 -0.143896 -1.00547 -0.145687 0.367688 -0.615825 -0.794341 -0.79452 -1.80018 0.0857838 -0.0237394 0.317813 0.947622 
0.0575166 0.728574 -0.263953 0.430296 -0.76255 -0.253434 -0.821739 -1.22614 -1.12021 0.665138 0.225496 -0.820474 -0.48611 -0.600692 0.149558 -0.964103 -0.215693 0.906102 -0.682415 -0.171765 -0.125769 -0.341966 -0.0582886 1.50951 0.625381 0.335419 -0.767634 0.352293 -1.61632 -0.419669 0.444461 -1.84694 -0.753668 0.13046 1.88767 0.580934 0.394744 0.690112 1.45692 
0.0249295 0.572169 -0.524255 0.662981 -0.772572 -0.659677 -1.44093 -1.58443 -1.55956 0.669838 0.743825 -0.0810344 -0.517997 -0.29497 0.331455 -0.688999 0.829682 0.722063 -1.84255 -1.21941 -0.445811 1.60091 0.597614 0.8803 0.847702 0.443859 -0.860893 0.379506 -1.06786 -0.312353 1.56436 -0.460567 0.813839 1.27179 1.69025 -0.0824357 0.964883 0.506804 2.18616 
-0.0684 0.899184 -0.605721 0.876855 -0.405518 -1.32535 -1.50643 -1.56331 0.342969 1.23594 0.736562 0.0704673 -0.0986576 -0.595383 0.473414 -0.614486 -0.231239 1.14682 0.0333478 1.18585 1.55928 2.15916 -0.052664 -0.307922 0.027538 2.02453 -0.743484 0.0736964 0.0485574 0.626626 0.746157 -0.367463 1.24512 0.572619 1.18167 -0.0562164 0.356895 -0.309448 3.16332 
-0.192731 0.812705 -0.828989 0.569187 -0.204932 -0.654775 -0.786103 -0.47324 0.417374 0.642099 0.611229 -0.0181791 1.10979 -0.740618 -0.182729 0.765661 -0.0175866 0.253277 1.31769 2.77666 1.08155 -0.333597 -0.68143 -0.442491 -1.2649 2.96125 -0.968097 0.175975 0.538016 0.515921 1.14941 0.466578 1.81344 0.919827 1.45577 0.0706829 -0.649811 -1.606 0.496922 
-0.330414 0.81652 -0.224497 0.891879 -0.280929 -0.583201 0.0343341 -0.797213 0.0258187 0.629459 0.53107 -1.1716 2.26417 -0.74723 -0.166076 1.41684 0.894897 0.359617 0.554446 1.08717 -0.527369 -0.595492 0.100187 -0.518926 -2.14453 -1.47137 -0.828839 -0.0253255 0.218541 0.306495 0.742132 1.25399 2.31329 1.56926 -0.694599 -1.62519 -1.36636 -1.25429 1.27622 
-0.456764 0.738244 -0.124117 1.04896 -0.0276152 -0.350748 -0.186238 -0.86933 -0.140798 0.755048 0.364332 -2.14837 -0.00561809 -0.411643 0.177892 -0.436974 0.400436 0.716762 0.320549 0.125881 0.691383 -0.427723 -1.02625 -1.28451 -0.391002 -1.57455 -0.697675 0.132758 0.479055 0.585894 0.512005 -0.0563987 1.15956 -0.470924 -0.241566 0.376202 -0.488706 -0.775685 -0.0976852 
-0.491961 0.911489 -0.441004 1.11981 0.073474 -0.413437 0.0988505 -0.312948 -0.377955 -0.294404 -0.130542 -1.53133 1.06779 -0.225742 0.406394 -0.701905 -0.137416 0.307343 -0.66433 0.362325 -0.0276017 0.323995 0.263543 -0.105537 1.11609 1.38854 -0.744824 -0.089233 -0.364975 -0.511709 0.404995 0.808774 0.342127 0.210486 0.540747 0.0574713 0.276248 0.837302 -1.2983 
-0.561539 0.945766 -0.4723 1.00295 0.123782 -0.746333 0.00995644 -0.904417 0.147233 1.01836 0.341369 -0.98645 1.12312 -0.625777 -0.281836 -0.0994853 -1.11468 -0.190734 0.723753 0.294112 -0.468846 1.00207 1.0601 1.621 1.47721 0.20756 -0.554515 -0.0300674 -0.25927 -0.24173 0.466518 -0.126628 0.364178 -0.188151 -0.457426 -0.49756 0.319766 1.24336 0.273603 
-0.718904 0.780008 -0.489774 0.576064 -0.0220949 -0.0122228 0.257056 -0.666764 0.534106 0.702083 0.781764 -0.00479857 1.26982 -0.551543 -0.418584 0.322169 -0.214823 0.299711 0.460756 0.0854393 -0.204717 -0.828881 -0.804142 0.496703 0.502464 -1.07424 -0.57912 0.0123855 0.734453 0.0808355 -0.46516 -0.514901 -0.205267 -0.28756 0.245879 1.39486 1.84064 1.05034 -0.10811 
-0.765811 0.746927 -0.3115 0.917521 0.271395 -0.496087 0.0519506 -1.06744 -0.625727 0.298929 0.644641 -0.444081 0.31933 -0.185141 0.335481 1.19309 1.19495 -0.429241 -1.4453 -0.563524 0.123099 -0.746537 0.357926 0.680738 -0.111705 -0.301536 -0.555073 -0.286808 0.249273 -0.462268 -0.912473 0.333298 -0.129486 -0.212035 -0.658216 -0.109281 0.669988 0.717336 -0.105361 
-0.811279 0.952601 0.103888 1.20866 -0.235925 -0.856109 -0.0623635 -0.592993 -0.163072 1.05227 1.18473 -0.082531 1.07237 -0.226506 0.00824151 0.052083 -0.433124 -1.5088 -0.0507639 -0.259411 -0.0548544 0.1069 0.665406 0.334422 0.426464 0.983208 -0.586087 0.0995594 1.07549 0.699556 0.0326164 -0.354037 0.29905 0.466428 -0.00724156 -0.678774 -0.0769543 0.181032 0.0125469 
-0.870819 0.75833 -0.284937 0.720903 -0.477723 -0.539467 -0.0981057 -1.12222 -0.537488 0.932128 0.860004 0.0215534 1.13 -0.635301 -0.146647 0.406147 -0.285065 0.464842 0.938354 0.929264 0.391475 0.728392 -1.08608 -0.787945 0.337533 0.336613 -0.555293 0.252248 0.832017 0.222977 -0.0846726 1.20426 0.549106 0.908542 0.130999 0.413186 1.4633 0.655118 0.661159 
-1.04113 0.88771 0.306427 1.08745 -0.00643349 -0.331708 0.449565 -0.325364 0.497127 0.0733327 0.792102 0.293313 1.37566 -0.551844 0.417381 1.18617 0.703988 1.38993 1.62266 0.940079 1.07389 0.0244219 -0.263398 1.49328 0.420896 -0.254382 -0.619923 -0.000850085 0.571718 0.336595 1.24727 1.63334 2.26478 0.552889 -0.861503 -0.960634 -0.695454 0.294782 -0.118706 
-1.07518 0.971265 0.305288 1.10344 0.210464 0.377748 0.419846 -0.361646 -0.525153 0.710421 1.70312 0.481566 0.969553 -0.231391 0.179767 0.446176 0.708274 1.17047 1.20596 1.91217 0.221754 -1.67017 0.0662058 -0.096242 0.037422 -0.441923 -0.592812 0.507533 0.737808 -0.155055 0.462729 0.416655 1.70952 1.52045 -1.17708 0.322609 1.21754 0.612897 -0.120755 
-1.14763 0.983603 0.528861 1.47218 0.572935 0.346308 1.50888 -0.180331 -1.05007 0.155005 0.774174 0.366148 1.06805 -0.27779 0.404136 -0.0875956 -0.940009 -0.787867 -1.10147 1.20205 0.643348 -1.3074 0.571659 0.0256915 0.371113 0.14688 -0.54841 0.0122012 0.188785 -0.295509 0.391051 0.918178 2.37873 0.976806 -0.898884 0.0930838 0.961443 -0.118375 -0.286866 
-1.19585 1.17768 0.262428 0.648656 -0.181187 -0.268768 1.08369 0.087922 -1.7385 1.25733 1.75125 0.891314 1.12397 -0.537549 -0.126408 -0.161607 -1.13262 -0.662806 -0.0157083 1.07278 0.875176 0.687975 0.00450151 1.2935 -0.204121 0.156751 -0.799234 -0.337499 -0.0167221 -0.665537 -0.233361 -0.818666 1.33723 1.34424 -0.347778 -0.193706 -0.0813425 -0.485433 -0.108612 
-1.34763 0.928682 0.449216 0.919287 0.243294 0.323051 2.10074 0.436696 -0.427068 0.179883 1.50907 0.195107 1.23021 -0.834003 -0.893089 0.0674711 0.0195092 0.473173 -0.0253208 0.471209 0.872835 0.921067 -0.797775 -0.138411 -1.01903 -0.241394 -0.906271 -0.427628 0.378324 -1.4413 -0.599271 -0.0614887 -0.444409 1.07566 1.34715 1.01732 0.244697 -0.0786269 0.136524 
-1.48639 0.745108 0.296639 0.682574 0.0524353 -0.297543 1.34052 0.703258 -0.900978 0.543764 1.71048 -0.102506 0.973709 -0.720553 -0.502318 0.727195 -0.828053 -0.133794 -0.100967 -1.64337 0.334551 0.75825 1.02278 -0.996642 0.0895322 0.0109309 -1.02393 -0.621434 0.525931 -0.598401 0.146217 0.124507 -5.07992e-05 0.109756 1.9268 0.460094 -0.206462 -0.171602 0.934109 
-1.60351 0.688597 0.811321 0.521522 0.175958 0.250852 1.17994 0.663208 0.260609 1.14202 1.0034 0.320555 1.27795 -0.58493 -0.0361897 0.716966 -0.849989 -0.287959 0.156774 -0.482166 -0.765233 1.15188 1.24833 -0.131487 0.782549 1.26216 -0.703099 -0.32099 0.231837 -1.4268 -0.0997714 0.0360214 -1.16501 0.779289 1.48912 2.36807 0.0429214 0.402084 0.176152 
-1.70085 0.734625 0.65366 0.273636 -0.0913417 -0.22179 1.06641 0.135349 0.14896 1.71351 1.67346 0.722653 2.00328 -0.259833 0.0389665 -0.378794 -1.11318 -0.00496044 0.114375 0.165233 0.537006 0.841474 1.4025 1.04003 0.426097 0.199136 -0.498447 -0.101374 0.709104 -1.484 0.489525 0.799375 -0.415253 0.476364 1.12366 0.0871481 -0.993605 0.961189 0.980321 
-1.7187 0.715135 0.623731 -0.0214671 0.172503 0.302266 1.26637 1.03596 1.02488 2.45367 1.60099 0.785819 1.47337 -0.115717 -0.0865824 0.339051 -1.16795 0.925314 0.874988 -0.0517092 1.29114 0.0527113 -1.18377 -1.12725 0.466075 -0.191966 -0.145983 -0.131163 -0.0545862 -1.49559 0.570752 0.836871 -0.273705 -0.30684 -0.0516301 -0.690794 0.346137 0.056615 -0.349393 
-1.77203 0.699321 0.822851 -0.297245 0.36647 0.266237 1.03203 1.05285 0.18733 0.644659 1.09703 1.22828 1.8918 0.0409718 -0.207936 0.302531 -0.920297 0.749291 0.967409 -0.520838 -0.904752 -0.907612 -2.1431 -0.615733 -0.363382 -0.551186 -0.034342 -0.196056 0.510798 -1.22557 0.843971 1.01957 -0.185477 0.900925 0.0550709 -0.644502 -1.14341 0.173417 -0.639684 
-1.74202 0.620055 0.77477 -0.466214 0.543035 0.843347 0.970724 0.36727 0.179461 0.50182 1.30165 0.453979 1.08002 0.0494577 -0.183023 0.422948 -0.50347 0.178849 0.450525 -0.192779 -0.280797 -0.00348335 0.491087 -0.319676 -0.25023 -0.470576 -0.35085 -0.669455 0.315931 -0.473256 0.0801136 0.12577 -1.12705 -0.355652 -1.61567 -2.63498 -1.53551 -0.781261 -0.796506 
-1.79276 0.616513 1.03374 -0.529693 0.454154 0.510611 0.91908 0.834867 0.173983 1.11741 0.958068 1.01068 1.56171 -0.539867 -0.795814 0.170551 0.257617 -0.651135 -0.834271 -0.909496 0.48131 -0.849569 -0.609701 -1.32375 -0.672368 -0.279092 -0.483633 -0.731913 0.194469 0.303723 0.514763 0.648781 -0.502509 -0.845774 0.00403969 0.487451 -0.107002 -0.0469512 -1.30168 
-1.94273 0.235403 0.860214 -0.311022 0.219182 0.350211 0.458629 0.699792 -0.612538 -0.038637 0.618776 -0.189833 0.900176 -0.729854 -0.917586 -0.129952 0.882602 0.491744 0.380337 -0.450989 -0.701888 -0.0024639 -0.012216 0.174722 0.177169 -0.900028 -0.733011 -0.790001 0.130301 0.520984 0.541601 0.328852 -0.124791 -0.107226 -0.264661 0.0689758 -1.28932 -0.829864 -0.0484301 
-2.05149 0.171879 0.969829 -0.0561809 0.696984 0.714695 0.662332 0.312714 0.161575 1.1269 1.08692 1.22462 0.894622 -0.481406 -0.394877 0.027308 0.41283 1.35707 1.23833 0.741438 -0.621291 0.553101 0.655457 -0.306464 -0.427101 0.248948 -0.57937 -0.806519 0.223146 0.578638 0.39552 1.03732 0.0562983 -0.792456 0.163266 0.0948726 -0.924724 -0.108514 -0.739106 