-0.573337 -0.636079 1.1259 -0.624179 1.21948 2.37257 1.52295 0.672199 0.552553 1.45418 0.390158 -0.334569 0.378926 0.150065 0.701873 0.860005 0.609102 1.44837 -0.300426 -0.731984 -0.550278 0.137059 -1.29778 -1.74883 -1.88861 -1.03849 -0.234583 0.221579 0.173566 -0.528598 0.255848 -0.5886 -0.483256 -1.10016 -0.288388 0.859258 0.383607 -1.3632 0.104478 
-0.573756 -0.545468 1.38028 -0.310454 1.68774 1.75187 0.646301 0.229578 0.938566 0.469661 -0.826079 -1.73129 -0.183468 -0.00860976 0.451083 -0.636394 -1.09574 0.219696 -0.410651 -0.73808 -0.239834 -0.399529 -0.733024 -0.658087 -2.07054 -1.37857 1.40482 -0.2459 -0.822512 0.934223 0.212262 -1.83023 -0.270855 0.717404 -0.233774 -0.822314 -0.943704 -1.76751 -2.10295 
-0.616133 -0.439134 0.799477 -1.24536 1.30155 2.11521 1.09435 0.45949 0.196874 0.673867 -0.0702155 -2.57417 -0.491657 1.90971 -1.12954 -2.08301 0.612188 -1.20751 -2.11058 0.41287 1.41683 -0.463142 0.415973 0.707725 0.00171826 -1.47089 2.60181 -0.391539 -0.971463 0.153102 0.562306 -1.06301 -0.162286 1.0633 -0.177148 -0.0728597 -0.323572 -0.596911 -2.7925 
-0.1058 -0.879054 0.329269 0.0246921 1.12695 0.534578 0.881726 1.49327 0.532021 0.806525 -0.327228 -1.70938 -1.11554 3.83132 -1.11788 -0.807175 1.287 0.467917 -0.995427 0.550079 1.53771 0.149355 0.713194 0.326452 1.44087 -1.95751 1.2025 -1.07142 0.109536 -1.27577 -0.695813 -0.393341 0.0334187 1.5691 -0.605044 0.886626 -0.424255 2.34978 -0.399832 
0.363451 -0.768808 0.387508 -0.532362 1.49543 1.52763 1.40894 1.8309 0.280089 1.29972 0.160862 -0.981665 -1.74785 -0.147908 -0.653611 2.24018 -2.30512 0.289431 1.58165 -0.364526 0.511761 -0.360654 0.66774 -1.15455 2.53335 1.00337 1.43211 -2.034 1.63431 -0.589636 0.263015 -0.455812 -0.103557 1.81193 0.756795 0.763648 -0.957443 2.56417 -0.421976 
-0.185684 -1.0529 1.44368 -1.27366 1.24044 1.40224 0.668641 1.95037 0.207427 1.38818 -1.13627 1.07539 -0.399588 -1.73134 -2.2458 3.22223 -2.07515 -0.162276 0.384676 -0.667155 0.693696 0.852483 0.229076 -1.38328 1.32445 1.46343 0.0107668 -1.9914 2.48635 -2.96768 0.70579 1.90593 -0.0585617 -0.312047 0.208356 -0.954102 -0.879334 1.36285 0.383301 
-0.138022 -1.47706 1.99381 -1.70195 1.40545 1.71937 1.02125 2.45014 0.925534 1.45486 -0.808822 0.483793 -0.725461 0.154524 -2.64011 1.43657 -1.61885 0.581306 0.901068 0.301789 -0.928902 0.627273 -1.70112 0.187083 -1.05824 -0.532 -1.0334 -2.06081 2.67502 -2.11257 -0.111902 -0.596162 -0.961844 -0.0285045 0.677652 -1.09254 -1.71493 1.39534 1.86382 
-0.185045 -1.8935 2.15557 -2.18775 1.48539 1.88559 0.839979 1.12357 0.672791 -0.333415 -1.00307 -0.0594606 -0.706296 0.200104 -1.1619 0.733898 -0.721225 -0.010575 -1.17926 -0.486439 -0.757267 0.0432594 -1.42168 -0.540168 0.185549 0.782918 0.55698 -1.12555 1.10158 -0.711848 0.640631 0.155894 0.278465 -0.224099 1.5778 -0.117574 0.164166 0.510976 -0.614016 
-0.125247 -1.82151 2.35374 -2.11343 1.3838 1.02798 0.737831 1.7763 0.923914 0.00497025 -1.18638 0.70633 -0.156339 0.656557 0.768088 0.189619 0.669546 0.20627 -0.710591 0.0424882 0.621431 1.47518 1.62986 0.0392873 1.61844 -0.192312 0.461163 -1.03383 -0.0461379 0.929397 0.933627 0.12421 0.570211 -1.18017 0.29761 -1.30417 -0.471524 0.14905 -0.185056 
-0.0507407 -1.59016 2.24288 -1.82049 1.56141 1.45886 0.861717 1.67841 1.81615 1.18372 -0.973676 1.72683 -0.786746 0.469857 -0.55953 -0.807249 1.93615 1.17209 1.32824 1.18305 -0.742402 0.343012 -0.0143271 0.0392653 -0.0140603 -0.992953 1.15759 -0.14753 -1.33479 1.69584 -0.574476 -0.857547 0.493999 -0.645279 0.561805 0.154938 -0.87082 0.898908 0.348102 
-0.0406515 -1.96377 1.94174 -1.03695 1.89486 1.75255 1.4176 1.11571 1.16198 -0.0765494 -1.157 0.711027 -0.770074 1.03911 -1.03424 -2.1712 1.55606 -0.969487 -0.426363 0.56208 -1.4541 -0.734735 -1.38769 -0.997012 -0.641602 0.621477 1.37986 -0.544255 -1.3391 1.42061 -0.0198876 0.694718 0.0742466 -1.02962 0.170605 0.6967 0.427703 0.586959 0.217036 
0.185419 -1.89175 1.14769 -0.956839 1.10784 1.19262 1.18323 0.383561 1.19244 -0.233131 -1.67208 1.04667 -0.325155 1.55316 -0.358027 -1.18071 -0.073483 -1.22751 -0.431995 -1.08539 -0.569528 -0.126999 0.879598 0.48861 0.655862 1.26498 0.822372 -1.44026 -1.40122 0.990295 0.402114 0.107929 1.34182 0.620045 -0.336789 -0.826594 0.0836609 -1.02439 -0.865106 
0.332374 -2.0384 1.34267 -1.08573 1.32507 1.48313 0.788618 0.609185 1.02422 0.711099 -0.812033 1.44683 0.120139 0.162839 -1.35453 0.0912501 -0.260828 1.45265 0.554014 1.06637 2.19926 0.270553 0.500964 1.13128 -0.44718 -1.64682 0.765488 -0.888735 -0.947112 0.00277786 -0.959741 -0.881017 -0.719737 0.050882 0.52115 0.466672 0.275609 0.780913 0.620392 
0.188271 -2.30086 1.18573 -1.11052 1.74528 1.47999 1.79568 2.34453 1.37256 0.18637 -0.875764 0.578692 -1.37441 -0.434992 -1.12516 -0.226799 0.0665203 -0.0274075 -0.735699 0.224183 0.60495 0.81294 -0.278891 -0.134741 0.194246 -0.509373 1.2044 0.00584094 -0.141241 -0.896688 -0.170276 -0.560303 -0.634118 0.324927 -0.47035 -0.189994 1.47803 1.82691 -0.39898 
0.176054 -2.37052 1.2214 -1.05613 1.29584 1.04222 0.915182 1.14934 1.63804 0.372343 -0.904856 1.67886 -0.171496 1.60176 1.34021 -0.305429 -0.932219 -1.70001 -1.30163 -1.82418 -1.82211 -0.913782 -0.655514 0.598247 2.42068 1.18031 0.335919 0.0358775 -0.288932 -1.03829 -0.104404 -0.817489 0.290762 -0.0113047 0.196783 -1.02685 -0.325834 0.700131 0.0733889 
0.574236 -1.80548 1.02508 -1.64015 0.962655 0.719503 0.740464 0.721725 0.60568 -0.51858 -0.453801 3.2405 -0.540596 0.920494 1.16016 -0.20608 -1.44629 -0.135875 -0.348785 0.134944 -0.647074 -0.561835 -0.838163 -0.199482 0.569102 0.609186 1.74877 2.8518 -0.274167 -0.0553143 -1.19326 -1.88485 -3.3562 -3.08919 -2.26883 -2.68574 -2.01363 0.658836 3.32031 
0.380632 -1.93557 1.11051 -1.87359 1.21775 0.819791 0.990261 0.5737 1.15258 -0.510198 -1.04315 2.31998 0.281908 0.96459 3.31845 -0.105587 0.848653 0.14706 -1.18091 -2.22098 -2.05806 -2.14043 -2.36949 -2.86342 -1.70168 2.81221 3.37169 3.15245 -2.02487 0.447051 -2.99436 -1.45863 -3.48269 -0.608088 -1.58614 -1.85759 -1.56279 -1.35099 -0.30189 
0.790554 -0.646108 0.964522 -1.17259 1.01201 0.0271845 -0.54368 -1.11136 -1.14205 -2.89003 -2.46301 1.40344 1.38018 4.03611 3.99216 -2.79738 2.02517 -3.71575 -1.57549 -4.33286 -0.139223 -1.57719 -1.23435 -1.5499 -2.00865 -0.959291 2.19095 2.55321 -1.97261 2.44949 -1.78009 -1.04234 -2.29452 -0.706168 0.101845 0.0751198 -1.21065 -2.42533 -0.503819 
1.41474 -0.550076 -0.298322 -0.747269 -0.472827 -0.0953426 -1.51231 0.450654 -0.144766 -1.77795 -2.12985 0.147921 -0.309406 2.25301 0.849934 -2.82047 2.37074 -2.44896 -0.198092 -0.542034 1.14946 2.26427 2.51985 1.51691 -0.891705 -3.4044 2.04891 3.29215 -3.01195 2.09651 -1.53081 -2.88827 -2.36689 -1.63049 -0.400509 -0.92019 -0.269627 -1.83894 -2.08235 
1.34991 -0.31529 -0.45588 0.147229 -0.107964 -0.11015 -0.859176 -0.0859515 0.632278 -0.507555 -1.39586 0.450336 -0.839755 -1.02771 1.38954 -1.66774 0.728771 1.732 -2.22135 1.48244 -1.92198 1.02759 0.239971 1.27999 0.0450414 -1.5254 0.828575 1.35082 -2.87793 1.47813 -0.74308 -1.69439 -0.0437089 0.607379 2.02935 1.09573 1.51178 -0.377473 -2.82947 
1.10061 -0.0381402 -1.14134 -0.346844 0.290433 -1.37519 -0.659804 -1.26116 0.640692 -1.61221 -1.2291 0.217118 -1.27779 -1.04193 1.34417 -1.44619 -0.432225 1.47056 -2.03497 0.497234 -0.420102 0.443515 -1.19565 0.251232 0.49771 0.0240063 -0.858402 1.02664 -1.23502 0.596705 2.16363 -1.5 0.90786 -0.846284 1.68675 0.300558 0.816544 0.725632 -1.39911 
1.032 0.181417 -1.18792 -0.102428 0.537537 -1.28475 -0.575078 -0.459313 0.950707 -1.73768 -1.21761 1.01354 -0.776122 -0.245785 0.272263 -0.166107 0.0474507 0.999332 0.242904 -0.378073 0.838659 1.22092 0.169682 -0.307251 0.745694 -0.140154 -0.585819 1.03554 -1.17123 -0.742451 1.61824 -1.13271 0.111321 -0.43917 1.29322 -0.690039 -0.18523 0.320302 -0.836244 
0.994665 0.0987848 -1.2322 -0.327914 0.723678 -1.2635 -0.880704 -0.512731 1.58074 -1.51482 -1.44308 1.05096 -1.3235 0.169888 0.332254 -0.293188 -0.557437 0.564707 0.537605 -0.354811 -0.155558 1.27744 0.465975 -0.424595 -0.142298 -1.01474 0.0774505 0.178689 -0.468573 -0.295568 0.520898 0.691269 -0.512345 0.581556 0.94411 -0.0222026 -0.137507 -0.32431 -0.0177089 
1.03673 0.338477 -1.34244 -0.422195 0.775013 -1.00664 -0.782558 -0.596916 1.93595 -1.3522 -1.514 0.878291 -1.40437 0.350612 -0.00276746 -0.532784 -0.447829 -0.364566 0.648821 -0.232681 -0.141501 0.0320317 -0.131249 0.188487 -1.08259 0.130751 0.414518 -0.0852375 -0.445588 0.11203 0.0918944 0.588909 -0.32513 0.388777 0.731347 0.432431 0.0275045 -1.07532 -0.614252 
1.04751 0.143396 -1.50673 -0.586307 0.542581 -0.92259 -1.01772 -0.637807 1.57014 -1.71002 -1.30889 -0.110467 -1.18876 0.431374 -0.496118 -0.371668 0.694541 -0.477461 0.220045 -0.0298498 0.612326 -0.309712 0.0953493 0.494615 -1.00118 0.290151 0.644163 -0.687605 -0.843979 0.101942 -1.48054 0.145544 -0.579295 0.207194 -0.308356 -0.10502 0.150167 -1.16982 0.350089 
1.11108 0.217497 -1.53627 -0.0409369 0.543064 -0.907861 -0.802555 -0.050193 1.65209 -1.32708 -1.16482 -0.194287 -1.16347 0.588871 -1.15016 -0.722008 0.571629 -1.55503 -0.471901 -0.458925 0.37184 -0.458097 0.074431 0.021868 -0.162381 0.300795 0.849848 -0.811925 -0.404604 1.02168 -1.55302 0.81924 -0.334297 1.04542 -0.503981 0.0886333 1.24105 -1.27926 0.0990357 
1.1638 -0.197113 -1.87604 -0.273871 -0.174739 -1.21454 -1.28527 -0.305402 1.16763 -1.70524 -1.29173 -0.267636 -0.940769 0.811044 -0.860946 -0.232497 0.642071 -1.53463 0.839299 -0.365881 0.663258 -0.378603 0.0705606 0.963788 -0.36133 -0.15959 0.971969 -0.759205 -0.245438 1.40037 -1.93891 0.847189 -0.219162 1.38126 -0.784252 0.796391 1.48438 -0.665505 -0.332738 
1.28651 -0.0259362 -1.6604 0.310942 -0.165068 -0.459392 -1.01642 0.54192 1.31314 -1.32606 -0.486134 -0.568577 -1.22212 0.833408 -0.120333 0.353535 1.26435 -0.949562 1.56785 0.202237 1.32252 -0.605939 0.905498 1.71492 -0.540961 -0.687884 0.859637 -0.99299 0.0483367 1.26898 -2.18885 1.18744 -0.538568 1.62059 -1.00301 1.02887 1.55581 -0.15512 -0.0798998 
1.34519 -0.191962 -1.70663 0.426442 -0.619338 -0.354666 -1.17137 0.874238 0.646903 -0.892413 -0.0855141 -0.837963 -1.35131 0.445791 -0.793421 0.299044 1.02064 -1.28895 0.702321 -0.27654 1.32954 -0.978693 1.17675 0.854723 0.206141 0.0756266 0.478129 -0.397151 0.487984 2.0077 -1.38541 1.25887 0.511388 1.47353 -0.94532 1.63358 2.19276 -0.125481 -0.647343 
1.3647 -0.246705 -1.51828 0.874796 -0.762539 -0.0882733 -1.17874 1.72782 0.494357 -0.249493 0.115955 -0.323567 -1.12411 -0.138459 -0.555683 0.364041 1.37249 -0.848621 0.0673309 0.423331 0.486908 -0.674018 1.03731 0.832307 0.417604 -0.0763824 0.414968 -0.646826 0.552272 1.45835 -1.7542 0.489323 0.230728 0.20181 -1.67307 1.09295 1.30214 -0.232927 -0.343404 
1.26782 -0.332935 -1.53195 1.18731 -1.01847 -0.342119 -0.929906 1.30919 0.0717393 0.0485836 0.500831 -0.362176 -1.35454 0.156133 -0.292554 0.513728 0.891786 -0.979899 -0.0751097 0.563166 -1.10592 -1.27686 0.144272 0.673563 -0.444894 -0.475503 0.387402 -0.265743 1.00443 1.0078 -1.40032 -0.205772 0.377615 -1.25031 -1.29177 0.629848 1.01288 -0.189487 0.477334 
1.36577 -0.29936 -1.26862 1.3665 -1.2208 -0.156161 -0.856607 0.743266 -0.562846 -0.176806 0.590813 -0.789053 -1.39318 0.699784 0.0954342 1.11829 -0.054173 -0.968583 -0.350572 0.0406847 -2.07404 -1.07038 -0.248932 0.36505 -0.609704 0.660483 0.204039 -0.188737 1.08188 0.586787 -0.797957 -0.151661 0.681056 -1.74477 -1.05854 -0.271593 0.677504 -0.347634 0.732081 
1.41363 -0.255362 -0.979487 1.14934 -1.47164 -0.565557 -0.909209 -0.538135 -0.820363 -0.261043 0.759017 -1.00752 -0.866968 0.135134 -0.0412528 1.08328 -0.128643 -0.0685373 -0.137256 0.267303 -1.09779 -0.154871 -0.392672 0.140101 0.0829452 1.36502 0.373387 0.170544 1.47161 0.141451 -0.390562 0.254768 0.0105922 -2.38596 -0.954332 -0.6109 -0.121674 -0.212741 1.83482 
1.36125 -0.267666 -0.733688 1.28683 -1.26856 -0.259142 -0.705165 -0.234037 -0.722894 -0.626193 0.691015 -0.67849 -0.436341 -0.159099 0.160688 1.05584 0.230071 0.440089 0.670557 -0.0199074 -0.929214 -0.221655 -0.389718 -0.4657 0.39263 1.55109 -0.159448 0.33155 1.47032 -0.199419 -0.451359 -0.850446 0.309507 -1.74562 0.015727 -0.294088 -0.844409 -0.0607958 1.83632 
1.33077 -0.155887 -0.458298 1.27052 -1.29029 -0.212375 -0.92347 -1.36521 -1.03381 -0.707558 0.433758 -0.558993 0.213813 -0.379212 0.561742 1.08894 -0.144947 -0.53755 -0.990396 0.114462 -1.10698 0.163259 0.1184 -1.06761 -0.136831 0.848367 -0.939124 0.626505 0.582012 -0.466762 -0.242724 -1.24193 0.253494 -0.480393 1.00105 -0.00112804 -0.434705 0.671197 1.0865 
1.21978 -0.0335778 -0.195921 1.19803 -1.52757 -0.843881 -0.641903 -1.21954 -0.62856 -0.578661 -0.0569714 -0.807776 0.176375 -1.23329 0.844108 -0.199029 -0.856195 -0.779904 -2.31099 0.334028 0.30215 1.55093 0.45239 0.00692101 0.339642 -0.236665 -1.00589 0.847269 0.62468 -1.4049 -0.370206 -1.11275 -0.00186851 -1.3021 0.0533195 0.772217 -0.917278 0.0398447 0.122755 
0.961903 0.172976 -0.565655 0.783471 -1.65847 -1.54284 -0.733532 -1.09491 0.170119 -0.335286 0.440427 -0.168289 0.10382 -1.11152 0.805542 -0.168945 -1.71825 0.0350348 -0.480832 -0.108733 -0.544723 -0.104476 0.833726 0.056733 0.191033 -0.689368 -1.4675 1.33443 0.304249 -0.917257 0.129413 -1.68345 -0.764449 0.553302 0.456407 0.925594 -0.0617446 0.379431 -0.668737 
0.883334 0.282341 -0.288209 0.228279 -1.52868 -1.14088 -0.707411 -1.70396 -0.748311 0.164386 -0.0153198 -0.579255 -0.235151 -0.937292 1.32308 0.64453 -0.363975 0.915033 0.0922484 -1.24924 0.359776 -0.951781 0.67614 -0.039008 0.0792748 -0.55325 -1.12949 0.849606 0.536978 -0.493509 0.829821 0.0588574 -0.504628 -0.0316551 0.479233 1.14664 1.43854 0.580563 -0.392866 
0.671846 0.662604 -0.250486 0.57203 -1.2632 -1.51622 -1.45704 -0.773256 -0.627147 0.25454 0.414838 -0.0617322 -0.217041 -0.561248 0.565579 0.959071 1.05686 0.993998 0.544208 -0.4927 0.477223 0.734224 0.549038 1.62761 0.443899 0.230192 -0.924244 0.508984 0.922961 0.591478 0.299695 1.3314 0.111269 0.438159 -1.2348 0.966063 -0.192429 0.471182 -0.490426 
0.693399 0.517717 0.184509 0.812413 -1.09784 -0.859041 -0.994444 -1.27764 -0.197428 0.630629 1.12958 -0.0747719 -0.0341838 -0.433181 -0.511246 0.717159 1.1333 -0.56258 1.63794 1.3916 0.15857 -0.716247 0.498935 -0.142591 0.438182 -0.0228904 -1.05899 0.231812 0.158525 1.02155 0.638822 1.26095 0.379779 1.85451 0.364532 1.64028 1.03584 0.307952 -0.39705 
0.516009 0.536546 0.101062 1.19897 -1.53348 -0.616767 -0.65695 -0.630913 -1.23608 0.672068 0.316503 0.436511 -0.184645 -1.00767 -0.208856 -0.729358 0.279586 -0.208729 1.09369 0.95933 1.80728 -0.25824 1.40148 -0.403987 -0.101751 -0.694384 -0.762724 -0.669388 0.0268589 0.497028 0.771326 1.94223 0.185939 -0.442495 -0.095045 -0.15112 -0.443116 -0.482002 -0.903805 
0.384603 0.493155 -0.188483 0.961324 -1.20874 -0.266918 -0.443746 0.334011 -0.440131 1.92571 0.84766 -0.165774 -0.44905 -0.699404 -0.611776 -0.682416 -0.488521 1.51696 0.892328 -1.15906 -0.738376 0.576138 -0.608775 -0.325811 -0.944442 -1.04885 -0.708667 -0.0150245 -0.253802 0.704893 -0.153285 0.831518 -0.571768 -0.100865 -0.278688 -0.57688 -2.03294 -0.00475386 -0.411992 
0.289289 0.376746 -0.248417 0.917788 -0.867084 -0.138353 -1.32843 -1.28792 -0.811602 0.0125637 0.0894894 -0.574146 -0.835609 -0.0452962 0.16028 0.348499 0.639298 -0.0169387 -0.0182689 -1.64184 -1.96108 -0.128055 -2.001 -1.88329 0.108054 0.212278 -0.665151 -0.209738 0.241045 -0.114155 1.12326 0.229284 -0.264451 0.166892 0.837405 0.898539 -0.0748043 -0.82761 -0.00013553 
0.332039 0.592493 -0.0215909 1.31165 -1.23326 -0.302708 -1.39376 -1.41265 -0.578736 -0.0874682 -0.473186 -0.0278095 -0.260015 -0.289474 0.243486 1.03433 0.327364 -0.113418 -0.605723 0.847679 0.918459 0.533763 1.70619 0.278783 0.067 1.06051 -0.645036 -0.0382999 0.441017 0.300426 -0.0573446 0.441239 -0.89654 -0.623181 0.274312 -0.487731 -0.859333 -0.392386 -0.0548419 
0.171714 0.504012 0.261995 1.09345 -0.935056 -0.505872 -0.842149 -0.468371 -0.42101 1.60391 0.287089 -0.480985 -0.0815886 -0.913958 -0.247074 0.299527 -0.253765 -0.0862836 0.582497 0.567115 1.15597 0.483093 1.50402 0.938705 -0.518066 -0.2662 -0.539316 0.268791 0.278746 0.148477 -0.678525 -0.352213 -0.351868 0.3536 1.16705 1.29317 0.863582 0.975325 1.03964 
0.0481953 0.555104 0.120771 1.16192 -1.28901 0.000748209 -1.06935 -0.381442 -0.22866 1.30731 0.187884 -0.573149 -0.38968 -0.514075 0.173954 -0.626589 -0.142201 -0.782593 0.130669 -1.26463 -0.505556 1.01805 -0.154889 0.747767 0.991905 0.197738 -1.1729 0.119619 -0.376946 -0.804426 0.645243 -0.257706 0.995668 0.290945 0.173128 0.423766 1.11522 -0.173301 0.580142 
-0.00566186 0.60794 -0.0595208 1.00619 -1.30445 -0.457558 -1.57454 -0.917888 0.356821 1.38572 0.814061 0.621553 0.0977618 -0.822742 0.419579 -0.862737 -0.817619 0.879747 -0.933764 0.643299 -0.821191 -0.263698 -0.952656 0.375737 0.34335 0.973556 -1.27706 0.184324 -1.00715 -0.638162 -0.525066 -0.590353 0.226533 -1.24213 -0.961406 -1.04109 0.388091 -0.335918 0.768044 
-0.211363 0.741475 -0.319028 0.696467 -0.909625 -0.552012 -0.700981 -1.11225 -0.475727 0.313443 0.453576 -0.178399 0.30642 -1.37603 0.104794 -0.869822 -0.70994 0.0824357 -0.917645 1.54619 -1.07137 -2.31957 -0.978534 -0.265211 -1.34127 0.734892 -1.03317 -0.0192219 -0.695547 -0.0419331 1.065 -0.944907 1.65758 -0.0357094 -1.18228 -2.16686 0.534166 0.112516 1.46581 
-0.412533 0.688654 -0.502869 0.60103 -1.2842 -1.00122 -0.685258 -1.87165 -1.53414 0.366698 0.629608 -0.822176 0.634896 -0.708153 -0.475047 -0.172256 0.751698 0.449432 -0.317615 1.36648 0.748636 -1.33392 -1.47556 0.273939 -0.211099 0.795624 -1.19094 0.374719 -0.49464 1.20241 1.86 0.1638 1.49849 -0.206151 -1.72605 -1.57322 -0.703459 -2.44425 -0.620052 
-0.440412 0.627568 -0.412976 1.10973 -0.724072 -0.756839 0.0846154 -0.444048 -1.57855 -1.18885 0.647774 -0.388736 0.884006 -0.387227 0.486578 0.132331 2.28488 2.26138 1.11848 0.271458 0.786282 -0.00700811 -0.766914 -0.501042 -1.27244 -1.46644 -0.79428 -0.264634 -0.299512 0.373763 1.30725 -0.850914 0.375489 0.285015 -0.275006 -0.810038 -0.139296 -0.0487933 0.794639 
-0.556135 0.897513 -0.444253 1.87277 -0.28249 -0.395098 -0.531419 -1.1699 -1.57596 -0.446566 0.279529 -2.19079 -0.294215 -0.470907 0.0166189 -0.27629 -0.26946 1.18893 -0.81065 -0.905028 -0.421257 0.952561 0.607877 -0.39475 0.170104 0.168891 -0.720342 -0.0666973 -0.380927 0.264355 1.57721 0.018085 0.307078 2.07993 2.22027 0.682927 0.218537 -0.331174 -0.0212071 
-0.606294 0.678686 -0.559032 0.95121 -0.205426 -1.24008 -0.440306 -0.818439 -0.853087 -0.665393 0.372344 -0.183055 1.04414 -0.682937 -0.619999 -0.701436 -1.94691 -0.278478 -1.10851 0.107373 1.7793 2.97073 1.61634 0.789616 0.928169 1.45284 -0.675818 0.189744 -0.162623 -0.587328 0.311694 0.220881 -0.122803 0.430118 1.55545 1.54194 0.103467 -1.28013 -1.05958 
-0.77847 0.734953 -0.803259 0.774991 -0.424811 -1.04653 -0.472247 0.416813 0.763258 1.05743 0.835892 -1.15781 0.721125 -0.533682 0.271029 0.0304485 -0.515647 -0.821162 1.08625 0.764709 0.929575 1.11993 1.22954 0.551675 -1.53355 -1.42739 -0.58728 0.0045708 0.360512 -1.00822 -0.25307 -1.06714 0.33034 1.13262 2.12394 0.992754 1.81391 0.936196 0.933715 
-0.78889 0.815197 -0.551447 0.654842 -0.592189 -0.652159 -0.00189133 0.0110126 0.00621103 0.462508 0.761599 -1.83662 0.141041 -0.191254 0.603598 1.23025 0.6068 -0.0745406 -0.30298 0.299551 -0.394982 -0.13614 -0.410569 1.32417 0.0887121 -0.32159 -0.564544 0.267531 0.567364 0.367545 0.296324 0.333838 -0.181292 0.744928 1.19567 1.40835 1.31242 -0.632086 -1.10691 
-0.869895 0.983089 -0.19471 1.10712 -0.475272 -1.2431 -0.3022 0.065838 0.618188 0.590637 1.76768 -1.04095 0.554566 -0.307023 0.144342 0.804673 0.989686 1.16931 -0.662697 -0.975662 -0.0286968 0.470252 0.454222 0.98837 0.866099 0.112154 -0.42932 0.222477 0.565707 0.190988 0.817174 0.410692 -0.280506 -0.674428 0.0101154 0.296148 0.98441 2.06562 0.594254 
-0.911138 0.909186 -0.156064 1.20136 -0.0823782 -1.05185 -0.567564 -0.0135342 0.346019 0.836561 1.45755 -0.87138 0.263386 -0.450292 -0.262204 -0.397584 -0.365579 1.08743 0.827199 -0.630321 -0.474037 0.137006 0.815149 -0.159388 2.14117 1.04587 -0.560239 0.0802129 0.535693 -0.00173191 1.23999 0.380636 0.229028 -0.164774 0.133976 0.252838 0.132122 2.13729 0.990149 
-1.03029 0.940622 -0.40152 0.894781 -0.00234329 -0.801461 -0.668632 -0.35559 0.691529 1.31562 1.65755 1.31582 1.29883 -0.527341 -0.0365415 -0.0164503 -1.0026 0.383204 1.14755 1.26024 -0.204799 -0.303343 -0.0994535 -0.798661 1.44076 1.08676 -0.618929 -0.411293 -0.369624 -1.03622 1.28781 1.46192 0.887248 -1.26002 -1.79858 -0.696511 -1.57938 0.156294 0.224808 
-1.09205 0.942461 -0.171971 0.632336 0.0733435 -0.429318 0.156739 -0.195021 0.0672516 0.672273 0.898449 0.721003 1.03489 -0.470511 -0.437033 -0.154784 -1.01146 0.526116 1.07395 1.7098 -1.1252 -2.56082 -1.55226 -1.60898 -1.9619 -0.764516 -0.512847 0.306426 0.109645 -1.19994 -0.407182 0.694118 2.02655 -0.323096 -1.71556 -0.792755 -0.0525188 0.781658 0.504324 
-1.19606 0.839473 -0.486716 0.320788 0.217751 -0.220489 0.315042 -1.35732 -1.39234 -0.261242 0.529352 -0.805226 0.83725 -0.237224 0.515778 0.173782 -0.590341 -0.932909 -0.252091 1.19514 -0.226119 -2.00917 -0.748355 0.777129 -0.589848 -0.470298 -0.331217 0.0552817 0.514289 -0.686033 -0.0668827 0.72356 2.30041 0.106223 -2.05201 -1.73588 -0.667803 -0.577842 -0.253233 
-1.19571 1.16112 -0.0925926 0.294144 -0.363754 -0.597145 0.843483 -0.395508 -1.57552 -0.122947 1.44604 0.097325 0.769277 -0.0265484 0.503897 0.911312 0.0961968 -0.641511 -0.139927 1.0763 1.22963 -0.202722 -0.380268 0.883521 1.35271 0.472745 -0.28092 0.322767 0.0869342 -0.849196 -0.107426 1.07323 1.86854 0.334983 -0.353694 -0.311673 0.118743 -0.135916 0.374357 
-1.24364 1.05415 -0.0379194 0.367013 -0.088092 -0.324977 0.933224 -0.260469 -1.59065 -0.698569 1.15167 0.691073 1.19977 -0.185758 -0.00970996 -0.0500798 -0.540081 0.76577 1.64411 1.0694 0.615806 1.52233 0.453857 -0.602725 0.455283 0.930941 -0.286069 0.260438 0.536192 -0.868007 -0.74609 0.906168 1.93108 1.43894 0.485316 0.0355335 -0.717078 0.656661 1.28785 
-1.28567 1.2034 -0.125343 -0.0159048 -0.0357125 0.305793 1.45769 0.154317 -0.394457 0.250752 1.02455 0.614231 1.43699 -0.404017 -0.100173 -0.12235 -1.25142 -0.340729 1.31313 1.26378 0.536665 0.840625 0.485106 -1.66535 -0.636051 1.08308 -0.271241 0.0438969 0.526426 -0.669504 0.608347 1.12872 0.620237 0.190507 0.619145 0.922506 -0.953668 -0.39974 0.84334 
-1.39171 1.06606 -0.10687 -0.341342 -0.258453 0.391059 1.65957 0.218827 -0.954691 -0.294487 -0.0161236 0.0169721 1.96882 -0.222968 0.0578811 0.824581 -0.353389 -0.0193962 -0.179409 -0.312384 -0.406275 -0.705021 0.671122 -0.449783 -0.873193 0.0919614 -0.359176 0.03092 0.408448 -1.4398 0.0593653 -0.025864 -0.0173009 -0.678709 0.116576 1.76632 0.937234 -0.119283 -0.117802 
-1.38554 1.26837 0.280011 -0.221419 -0.0613347 0.179009 1.27469 -0.206722 -0.994411 0.835698 0.710469 -0.31867 1.54589 -0.13422 0.127036 0.72215 -0.657804 0.386459 -1.36073 -1.27669 -1.41102 -0.697042 1.61038 2.77617 0.519351 -1.21248 -0.500524 -0.38792 0.329884 -0.876845 0.197801 0.0222033 -0.351549 -0.6672 -0.558261 1.23353 0.608428 0.00411501 -0.0265769 
-1.46795 1.15424 0.247178 -0.717308 -0.101265 -0.402801 0.920225 -1.03763 -1.54826 1.20371 1.93542 0.603797 1.20887 -0.523447 -0.71874 -0.34112 -0.813492 0.241806 0.194774 -0.104182 -0.453732 -0.0560593 0.811576 1.18442 0.889022 -0.111996 -0.548211 -0.458544 0.408932 -0.115853 0.974208 0.398717 -0.46493 -0.387328 -0.428851 0.899405 1.18415 -0.28568 -0.590587 
-1.56541 1.07267 0.101482 -0.68456 0.030697 0.263522 1.2118 -0.610054 -1.07545 1.55721 1.54411 0.671589 1.51893 -0.68243 -0.903857 -0.121635 0.494408 0.826849 1.86926 0.723194 0.900009 0.109445 -0.511972 -1.38286 -0.814762 0.516258 -0.928022 -0.978333 0.12738 -1.05868 0.620321 0.279292 -0.478607 0.274093 -0.451688 -0.619099 1.18742 0.603691 0.417615 
-1.69015 0.896407 0.178587 -0.448111 0.254289 0.627274 1.33469 -0.234527 -1.49696 0.638325 0.966023 -0.265336 1.60038 -0.852589 -0.911559 0.524714 -0.593172 0.51985 0.157332 -0.465827 0.767492 -0.562153 -1.45966 0.212621 -0.22925 0.6245 -0.492572 -0.105201 0.167753 -0.281294 0.737623 1.37561 0.563739 0.630256 0.584938 -0.688287 -1.86893 -0.219956 0.622024 
-1.83291 0.812246 0.356637 -1.02434 0.247968 0.326892 0.940274 0.0749508 -1.56116 0.0703867 1.69524 0.441442 1.98254 -0.0522742 0.707215 0.365014 -0.875963 0.0845143 -0.0811688 -0.0344035 -0.142124 0.662009 -0.215684 -0.716764 0.589938 0.24131 -0.610232 -0.358096 0.584475 -0.159556 0.756555 1.4948 0.5394 0.872099 0.644652 -1.61731 -1.62614 -1.26733 0.365297 
-1.74457 1.17932 0.35375 -0.946232 0.275471 0.555965 1.31206 -0.360159 -1.00382 0.361025 0.464439 0.398524 1.80875 -0.0554048 0.299669 0.335745 0.372147 0.415676 1.78687 1.12522 0.291965 1.41366 -0.336504 -2.03449 -1.12045 -0.17472 -0.487791 0.145594 0.814418 -0.659092 0.529517 0.922304 -0.0800313 1.08519 1.05132 -1.84072 -1.39652 0.708009 0.397388 
-1.88817 0.95837 0.517141 -0.823597 0.418317 1.31045 1.58668 0.336173 -0.466997 -0.324387 0.268207 -0.761296 1.91381 -0.675388 -0.492059 0.835945 -0.00377637 0.561253 1.27551 -0.0542615 1.46729 0.734662 -1.83743 -0.842398 0.181871 0.246944 -0.359591 -0.334401 0.586733 0.25885 0.627578 1.34114 0.25828 0.417141 0.879799 -0.0446021 -0.848461 0.244972 0.144758 
-1.96489 1.0597 0.764797 -0.955986 0.511392 1.25076 1.27798 0.9485 -0.45259 -1.4931 -0.125379 0.617047 2.02087 -0.483444 -0.872651 0.528057 -0.0414401 0.355241 -0.0439376 -0.805324 0.200171 -0.246923 0.349174 1.10234 1.39496 0.360096 -0.889165 -1.35515 0.664178 -0.430738 0.145414 0.263389 -0.989548 0.252908 -0.196974 -0.081239 0.0649572 -0.121999 -0.933478 