-0.194396 -0.348835 0.11629 -1.25823 1.2239 1.5545 1.81968 0.0614603 0.159157 0.448228 -0.98806 -1.23644 -0.00572267 1.12587 0.188076 0.544631 1.54341 -0.075899 0.767575 -0.77478 0.619466 -1.00377 -0.861233 0.871465 -0.576056 0.0335853 2.40308 -0.690673 0.0380295 0.805239 -0.121621 -1.42957 -2.35505 0.551501 -0.383386 0.425319 1.14727 -1.63554 -0.824594 
0.015309 -0.382115 0.458845 -0.751091 1.00353 1.42943 1.7564 0.633403 0.146143 -0.0835072 -0.535185 -1.98979 -0.328221 3.88984 -1.01616 -0.0251005 0.916122 -0.682244 -1.88232 -1.95952 1.6842 0.652782 0.740064 1.79235 -2.12519 -1.29889 0.370254 0.368551 0.250305 0.0491209 -0.861803 0.0848022 -1.06024 0.197387 0.21326 -0.451827 0.902161 0.463899 0.139031 
0.671524 -0.822813 0.123192 -0.705796 0.812175 0.617338 0.656643 1.34478 0.622583 1.19045 0.487935 -3.21926 -1.4312 -0.627222 0.37191 -0.168284 -1.49441 -1.05656 -0.650236 -0.592659 -0.431116 1.27678 0.369483 0.246892 1.19017 0.106031 0.0419175 0.257836 0.683134 0.436676 -0.157455 -0.0159069 -0.345828 0.424075 0.152942 -0.37332 0.0982833 -0.791554 0.257449 
-0.163603 -0.224769 0.391046 -1.5643 0.366494 1.10946 1.39169 0.294735 1.02068 0.282123 -0.299582 -0.790539 -0.222404 -3.84475 1.40701 1.0587 -0.329052 0.486039 1.8732 1.52755 -1.25241 -0.458967 -1.14509 -1.69547 1.13829 1.56744 -0.114232 0.355682 -0.164632 -0.260977 0.424638 -0.292599 -0.546538 1.11727 0.561276 0.319019 -0.294459 0.927264 0.318652 
-0.25163 -0.19468 0.695535 -0.858793 1.10366 1.56141 1.53026 0.376355 0.353554 0.0169305 -0.835404 -2.0698 0.267478 0.456598 0.168418 -0.0854551 1.11288 1.6341 0.293655 -0.102128 1.60733 -0.546846 -0.00965889 -0.649054 0.0148508 0.229156 -2.1118 -0.280701 1.10243 -0.570323 0.905908 1.04636 0.666307 0.618593 -0.694777 -0.605093 -1.18039 2.79052 0.776372 
-0.0918189 -0.159976 0.36646 -0.900395 1.34901 1.2623 1.31349 1.51911 0.693752 0.262457 -0.783067 -0.71935 0.017612 0.914698 -1.83886 0.611604 -0.481956 0.73123 -0.548383 -0.634215 1.8931 -0.46023 0.484018 0.167577 2.44285 -0.73389 1.18223 -1.39126 1.68008 0.0235728 1.1775 0.767657 -0.573559 2.2727 -0.83033 0.270618 -0.248267 0.808925 -0.843595 
-0.0738833 -1.04284 1.03462 -1.09842 1.54272 1.29245 1.14128 1.81985 0.0836933 0.498955 -0.663459 0.331766 -0.542178 1.16371 -2.29681 2.63293 -1.09935 -0.0558169 0.681177 -0.628041 0.809691 -0.550326 0.316012 0.305588 1.03926 -1.15942 1.47401 -2.59781 1.07794 -1.765 0.270517 0.128989 -0.303964 1.89857 1.09462 -0.954162 0.166496 1.03119 -1.08267 
0.143525 -1.21642 1.76011 -1.48979 1.31435 1.60926 0.928113 2.13187 0.364534 0.573748 -0.500355 0.335056 -1.25585 1.10867 -2.13272 1.02151 -1.98769 -0.358554 0.72121 0.25706 0.122155 1.89043 -1.53071 0.0159875 -1.10531 -0.456678 1.1675 -2.95061 1.7546 -1.78413 0.150553 -0.207186 -1.52987 0.16964 -0.501016 0.297527 0.38653 0.949882 0.275377 
0.148731 -2.02465 1.58756 -2.19109 1.32583 1.65947 1.27286 1.90542 1.36251 -1.06645 -0.613181 -0.672167 -1.04969 0.436253 -2.21372 0.0276997 -1.39686 0.269032 -0.930501 -1.35434 -0.651139 -0.114473 0.0200689 0.157569 0.194606 1.44749 1.43434 -1.57792 1.21362 -1.7277 -0.818538 -0.210074 -0.450684 0.0451263 -0.418881 0.263873 0.0254237 0.617172 0.765832 
0.210603 -2.23508 1.79456 -2.24774 1.47521 1.14889 0.118543 1.62449 0.322468 0.584292 -0.336443 0.578772 0.312089 0.859889 -0.280831 0.81764 -0.430167 -0.716395 -0.97416 -0.826334 -0.0973177 -2.44739 1.82961 -0.0116806 1.91488 1.27875 1.05592 -1.70459 0.570735 -0.721243 0.607666 -0.159088 0.0887965 0.451008 -0.104842 -0.0772425 -0.0785304 0.656891 -0.165323 
0.3138 -2.16419 2.03414 -2.40137 0.893551 1.17723 0.77167 1.8227 -0.216543 0.783008 -0.585109 1.22266 0.334337 1.00957 -0.393328 0.835223 0.376323 0.5518 0.741576 1.49147 1.11185 -0.0301692 -0.0980059 -0.285354 0.665619 -1.63925 1.03368 -1.05775 -0.0610876 0.212683 0.473053 -1.23622 0.410261 0.706235 -0.528697 1.54005 0.618878 3.21404 1.68016 
0.410293 -2.42578 2.25031 -2.00112 1.80627 1.52611 0.971084 2.46894 0.335944 0.474845 -0.528022 1.27456 -1.48436 0.555212 -1.33807 -0.914146 0.706255 1.35829 -0.56737 1.3844 0.832119 1.74624 -0.120884 0.770077 2.20636 0.538836 1.27141 -0.318962 -0.101496 0.420862 0.4197 0.369913 1.33651 -1.13722 0.262999 -0.0292649 -0.69424 0.727369 -0.570533 
0.408394 -2.78458 1.57721 -1.96783 1.71006 0.898762 1.56168 2.45266 0.967287 0.650311 0.0704035 3.39725 0.91189 0.733933 -0.0969659 -0.993089 0.188791 0.0191781 -0.266209 0.279444 -2.35674 0.368484 0.0730709 -0.6248 0.284483 1.0063 1.51909 0.0829841 -0.192991 0.864276 0.0747044 -0.28452 -0.904212 0.0425924 2.02564 0.230204 -0.363937 -0.233588 -0.490159 
0.546227 -2.48169 1.75219 -1.86074 1.81674 1.3985 1.11573 0.653745 0.612065 0.539252 -0.992042 1.60454 -0.397302 1.53043 1.46181 0.617343 0.474478 -1.2459 0.220934 -2.54753 -0.810003 0.906329 0.382592 -1.26052 -2.48172 -1.08428 1.36499 0.158219 -0.789671 0.93575 -1.2992 -0.17046 -1.82463 0.529153 0.561605 -0.460698 0.297172 -0.642137 1.26275 
0.728565 -2.13152 1.91928 -1.66561 0.959058 1.01518 0.0552127 1.82347 1.59776 1.02926 -0.903848 1.07224 -0.279672 1.13884 0.335638 -0.209777 1.09117 -1.73305 0.0630038 -2.64779 2.90137 0.361886 -0.574622 0.974411 -1.08085 0.356824 1.18014 1.37641 -0.721486 2.46386 -2.27051 1.10251 -2.31883 -0.956854 0.103095 -1.8354 -0.00864004 -2.71366 -0.523268 
0.77582 -2.34084 1.66274 -1.20913 0.772525 1.4358 -0.449289 2.87037 0.883839 -0.0545478 -0.17253 0.624088 -0.0181332 0.086987 0.637832 -1.71667 2.92705 -1.75909 1.17438 -0.467931 -0.241186 -0.777961 -2.40281 1.22154 -0.956361 0.502788 1.75095 2.84288 -1.37528 2.62698 -2.64157 -1.90992 -3.35234 -1.14989 -0.387564 -3.03268 -0.612803 -1.1823 0.0636917 
0.714855 -1.85323 1.04366 0.026088 -0.100835 1.6092 -0.236646 1.63043 1.11856 -1.4224 0.114014 0.211264 0.25859 1.26709 4.00427 -1.88234 2.53682 -1.76517 -2.45053 -1.72096 -4.15986 -0.877727 -2.76827 -1.78109 -0.404361 -0.299237 1.61283 2.60231 -2.83351 2.39032 -1.43073 -2.8079 -1.95963 -3.2118 -1.80173 -0.798253 -0.679139 -1.04262 -0.413521 
1.03508 -0.531416 0.700689 0.261482 -0.29103 0.214011 -1.47299 -0.327432 0.338919 -2.8776 -1.56459 0.29292 -0.354039 2.12815 3.33456 -2.58978 0.37238 -0.129614 -4.68954 -2.07719 -3.23159 -1.59462 1.52835 -2.11251 -0.35072 -0.964787 1.0938 3.02035 -3.02402 0.992469 -0.606424 -3.73848 -1.10279 -4.02458 -1.30215 0.155943 -1.2689 -1.01557 -0.553695 
1.17328 -0.348405 -0.287478 0.270475 -0.179924 -0.734171 -1.4684 -0.85559 0.101337 0.120911 -1.54405 -0.0684209 -0.802733 0.231059 0.606753 -2.7134 -1.17811 0.972173 -2.23321 0.297802 -0.18576 -0.838926 2.94794 0.140722 -0.868231 -0.315382 1.31329 3.03134 -2.20088 -0.967178 1.62776 -3.5614 -1.07025 -2.9405 -0.564415 1.38271 -2.14558 -1.21658 -0.616414 
1.05469 -0.267259 -0.694946 -0.372536 0.293064 -0.898916 -1.31762 -0.477966 -0.180438 0.108337 -1.4142 -0.483468 -0.707542 -0.326795 1.29324 -0.756019 -1.73437 2.3064 0.228177 0.696648 0.050167 0.846577 0.00656359 -0.641829 -1.17821 0.28188 0.271961 1.32475 -1.56881 -1.73215 0.909034 -1.35055 0.133314 -0.282248 0.28821 1.98198 -0.56744 -1.04121 -0.168797 
1.06386 0.227983 -0.66191 -0.67868 1.20726 -0.614129 -1.08008 -0.825219 0.69244 0.11773 -2.02173 -1.14232 -0.505249 0.131804 1.41398 0.327399 -1.24593 0.249252 0.548107 -0.102378 -0.14097 1.21034 -0.751002 -0.889753 -0.437056 0.119838 -0.224843 1.00271 -0.8463 -1.93885 -0.0750507 0.100427 0.495872 0.462265 0.490435 -0.67563 -0.596298 -0.71224 0.489063 
1.05135 0.364043 -0.504138 -1.04498 0.442021 -0.618613 -1.39597 -0.594156 0.650324 -0.664706 -2.09087 -0.846017 -0.586677 0.00337356 0.235512 -0.532839 -0.976643 -2.39307 -0.0912168 -0.0264835 0.422636 -0.20965 -0.745555 -0.143873 0.292443 0.238848 0.550439 0.97787 -0.520516 -0.696462 -0.38564 0.293093 -0.227806 -0.0533205 0.782363 -0.299746 -0.75044 -0.47051 -0.248652 
1.03081 0.323292 -0.919904 -1.19856 -0.234235 -0.654079 -1.11411 -0.509247 0.587669 -0.649777 -2.09976 -0.804702 -0.254668 0.615747 0.0768355 -1.12155 0.259799 -0.748771 -0.169208 -0.175056 0.0600856 -0.190128 0.427259 -0.091813 -0.14044 -0.402329 0.854842 0.199584 -0.955519 0.332966 -1.6517 -0.11008 -0.67394 0.312087 0.547322 -0.538835 -0.214659 0.178222 -0.536175 
1.15995 0.387183 -1.06927 -0.864372 -0.00974862 -0.697632 -1.51678 -0.55618 0.558414 -0.240362 -2.12711 -0.923876 -1.03495 1.16468 0.0663515 -0.921869 1.41973 0.210641 -0.0361665 -0.835126 -0.111109 0.921267 0.157685 -0.156888 -0.0426425 -0.834392 1.02804 -0.202514 -1.27533 1.42978 -1.27493 -0.715528 -0.554631 0.414618 0.689293 0.115447 -0.166829 0.325205 -0.669777 
1.26638 0.341664 -1.38086 -0.360816 -0.108519 -0.666454 -1.62043 -0.60254 1.22798 -0.499383 -2.18823 -0.788695 -1.17387 0.791556 -0.389239 -0.818793 1.70605 -0.93283 -0.718465 -0.530328 0.361549 1.08815 -0.292328 -0.148172 0.577682 -0.33868 1.25958 -0.153162 -1.06316 2.32099 -0.740168 -1.15461 -1.1737 0.914709 0.414887 -0.424942 0.668526 0.421184 -0.545846 
1.30921 0.198342 -1.47646 0.135585 -0.572306 -1.05179 -1.84508 -0.287048 1.30867 -0.547285 -2.20859 -0.312486 -1.41384 0.562475 -0.303362 -0.696293 1.78345 -1.18142 -1.40288 -0.680875 1.06979 -0.383531 -0.619734 0.97837 0.602282 0.228318 1.02636 -0.214718 -1.07766 2.39136 -1.52152 -0.583082 0.0744327 0.815614 -0.0389466 -0.858038 1.74969 0.720335 -0.55697 
1.36265 0.191882 -1.72413 0.682992 -0.820704 -1.36345 -2.03666 0.209659 1.00865 -1.13903 -1.36554 -0.153694 -0.934762 0.613435 0.0581917 -0.821393 1.59482 -1.07655 -0.00288885 0.648652 0.490715 -1.14627 -0.648175 2.34347 0.36345 -0.279505 0.904216 -0.181696 -0.782829 0.976038 -1.35334 -0.384257 1.15728 0.699551 -2.13583 -0.429828 3.51995 0.903387 -0.917259 
1.41727 0.213003 -1.885 1.07252 -1.22137 -1.04749 -1.48479 0.0811268 0.586825 -1.21583 -0.290264 0.0932855 -1.72824 0.673784 0.0227619 -0.496183 -0.447555 -0.604424 0.931202 2.2171 -0.342167 -2.4277 0.152287 3.46635 0.572288 -1.23878 0.845848 0.166333 -0.282098 1.5815 -1.48536 0.263992 1.12941 -0.367798 -3.30704 -1.40019 3.2944 0.320509 -0.426211 
1.48468 0.190428 -1.96301 0.462858 -1.18559 -0.891247 -0.760315 -0.0608049 -0.557439 -0.994119 1.45401 0.45252 -2.29473 0.542194 0.192876 0.389281 0.58168 -0.884761 0.345245 0.851079 -0.909317 -3.2027 -0.891253 1.81465 0.0678032 -0.19631 0.607738 -0.00807733 0.452469 1.12337 -1.04769 0.966588 1.95699 -1.04132 -2.76884 -0.30847 2.71209 -0.875287 0.0185448 
1.50885 0.28892 -1.6619 1.43549 -1.755 -0.868808 -1.00627 -0.624217 -1.48986 -2.1314 1.20363 0.215297 -1.95196 0.152921 -0.0381328 1.17952 1.988 -0.775127 0.293437 0.366288 -0.799735 -1.21463 -0.485668 -0.048159 -1.66598 1.24722 0.0755174 0.0115934 0.631142 0.729128 -0.880175 0.271327 1.56138 -0.985299 -2.16588 -0.305924 1.43121 -0.646256 1.70946 
1.48622 0.161278 -1.32763 1.62255 -1.65322 -0.738514 -0.564942 -0.682124 -1.32432 -1.49752 1.4528 -1.08954 -0.945076 -0.450698 -0.178196 0.56537 0.411418 -0.272119 0.00632166 1.21429 -0.172419 0.352018 0.560686 -0.0240503 -0.869421 2.0458 -0.428209 0.221104 1.25744 0.69455 -0.696987 -0.0362593 1.05867 -0.952868 -1.47805 -0.604416 -0.517794 -0.347314 2.72783 
1.37077 0.196066 -1.34694 1.70199 -1.91986 -0.859899 -0.315619 -0.764522 -1.22458 -1.57147 1.22177 -0.562233 0.268106 -0.75727 0.372872 0.726171 -1.04291 -0.13825 -0.32812 1.04082 -0.247173 -0.732955 -0.174652 -0.637788 1.24559 1.71107 -0.761214 0.341484 1.56088 -0.953653 -0.999271 -0.281204 0.632602 -0.835687 -0.225636 1.02832 -0.0253802 -0.114064 1.42573 
1.27722 0.319062 -0.928774 1.06513 -1.73751 -0.897136 0.0243962 -0.879748 -1.77386 -1.68486 0.978358 0.162901 0.910151 -0.613664 0.696834 1.8011 -1.75463 -1.04307 -0.348594 -0.365086 -0.748649 -0.655257 0.582719 -0.0361983 0.746483 -0.505234 -1.04572 0.294215 1.20376 -1.74741 -0.0728894 0.0552016 0.0721983 -0.392145 -0.654963 0.29546 -1.35582 0.811608 1.31189 
1.195 0.501195 -0.387274 0.741357 -2.54877 -1.02878 -0.547411 -1.34667 -1.62293 -0.989139 1.23017 0.211172 -0.292326 -0.700105 0.0735546 1.09801 -1.40232 0.0544541 0.408288 -0.925423 -0.197575 -0.133968 0.508449 -1.11302 -0.18806 -0.294453 -0.904354 0.694525 1.28737 -1.41581 0.563914 -0.0119655 -0.653458 -0.658706 -0.17328 0.0260257 -1.32808 0.170634 -0.390464 
1.08145 0.34071 -0.335925 0.304085 -1.7058 -0.686872 -0.534665 -1.03934 -1.82877 -1.17801 0.122492 0.0393368 0.57946 -0.648432 0.361129 0.150042 -0.230225 1.80574 0.344417 -0.469704 0.017641 0.42076 -0.546573 -1.67937 -0.506358 0.0683399 -1.31185 0.51747 1.40461 -0.865901 0.529761 0.598154 -1.34442 -0.532325 1.24492 1.00772 -0.792686 -0.62894 -0.279133 
1.01118 0.653637 -0.288996 0.644348 -1.46294 -0.850506 -0.840306 -1.34124 -1.31237 -1.55443 -0.0802491 -0.217893 -0.227591 -1.1249 0.713929 1.03117 0.180946 0.662822 0.353691 -0.814129 -0.397713 1.7615 0.6122 0.077774 -0.591474 -0.0212253 -0.994282 -0.663312 0.459603 0.569604 1.85728 0.909339 -0.310684 0.589399 1.6006 0.676189 -1.21789 -0.766754 -0.401998 
0.787423 0.653613 0.222053 0.440019 -1.30791 -0.503957 -1.02872 -1.3524 -0.634893 -0.565718 0.22236 -0.471422 0.546574 -0.73789 -1.37747 0.544125 1.00185 0.676131 0.808331 0.0837485 0.59169 1.67376 1.30097 0.103827 -0.448924 -0.517793 -0.843946 0.200898 0.530374 0.659912 0.214465 -0.191855 -0.454271 0.687703 2.04172 1.12343 -0.728724 -0.51376 -1.43783 
0.806667 0.0153275 0.0148824 1.24535 -1.05704 -0.439851 -0.809952 -0.895638 -0.176297 -0.242195 0.0405293 -0.591833 -0.801712 -0.0537449 -0.410058 -0.229534 0.716055 -0.364652 -0.583763 0.240157 1.11261 0.91219 0.636279 -1.03175 -0.0411769 -1.55604 -1.27396 -0.251892 -0.219194 0.17461 0.924761 0.17408 0.149231 0.00499926 0.429456 0.75493 -0.19474 0.221256 0.00332766 
0.74116 0.455304 0.122299 0.879109 -1.52847 -0.790636 -0.907019 -0.507362 -0.000563131 0.0710391 -0.568275 -0.454009 -1.15918 -1.03478 0.989636 -0.880717 -0.778619 0.566199 -0.578882 0.132518 -0.609945 -1.11689 -0.459586 -0.379277 0.753605 0.509656 -1.19971 -0.350585 -1.29261 0.642329 1.64811 -0.43053 0.649327 0.72063 -0.594993 -0.434113 -0.648356 0.181783 -0.121388 
0.533482 0.453629 -0.424607 0.837657 -0.717306 -0.724085 -0.751115 -1.37143 -0.878788 -0.719091 -0.226432 0.188406 -0.255964 -1.61635 -0.128545 -1.73705 0.156535 2.56849 0.0539749 0.630944 -0.362353 -1.70038 -1.10846 0.179897 0.295519 1.41211 -1.45328 1.18594 -0.452781 -0.187184 0.662932 -1.16959 -0.253627 -0.854393 -1.40296 1.22114 0.780619 0.34726 0.891206 
0.333454 0.385032 -0.763954 1.00121 0.016466 -0.757857 -0.557072 -0.793304 -1.08747 -1.06527 -0.386443 -0.113436 0.370197 -0.985599 0.819038 0.189421 0.499546 0.328095 -0.878982 -0.443761 -0.331211 -0.732113 1.81601 1.34319 -0.288237 0.448924 -1.35395 0.68413 -0.564508 -0.0545604 1.37759 -1.00366 -0.237694 -0.177392 -1.23594 0.965987 1.38336 0.720469 1.12052 
0.271675 0.814338 -0.305784 1.15409 -0.520892 -1.15865 -1.02886 -1.63349 -1.32777 1.11655 0.889065 -0.0313073 0.223589 -0.266809 1.17063 0.876093 -0.251478 -0.724239 -1.30347 -0.921326 0.148228 0.0706639 2.18301 1.54991 0.645784 -0.203855 -0.969589 0.571572 -0.160629 -0.528388 0.00905504 -0.540728 0.282248 0.388061 -0.323142 1.30035 0.796422 0.373481 1.01435 
0.237909 0.905652 -0.286881 0.892163 -0.420537 -1.40506 -1.11374 -0.687743 -1.00756 1.14333 0.894968 0.563318 0.138252 -0.366612 0.0510941 -0.437081 -1.25233 -0.302966 0.210813 0.834202 0.724326 0.300854 -0.372081 -0.359196 0.787043 0.643739 -0.585594 0.518325 -0.109349 -0.244807 -0.928549 -0.546798 0.3157 0.151238 -0.0415226 0.552303 -0.549093 0.315352 0.939523 
0.153044 0.82577 -0.51382 0.478021 -0.704324 -1.0473 -0.560197 -1.08619 -1.09621 0.728574 0.63822 0.781026 0.91548 -0.554953 -0.381838 -1.04588 -0.107597 -0.496942 0.627679 1.35557 -0.00943652 -0.132171 -1.56547 -2.27563 -0.221108 1.21504 -0.624471 0.227834 -0.20112 0.369871 0.920362 0.345156 1.11635 1.49887 0.473334 -1.04552 -1.14041 -0.270908 -0.156822 
0.075713 0.720178 -0.812542 0.864627 -0.720726 -1.08489 -0.34057 -0.703075 -1.06129 -0.457403 -0.894013 0.408035 1.45284 -0.508854 0.293926 0.127934 1.74665 1.53945 0.233464 0.648422 0.861685 0.31362 -0.775539 -1.1179 -1.11 -0.826245 -0.585952 0.173784 -0.275303 0.226895 0.783803 1.15925 0.42415 -0.601541 -0.176854 -0.587781 -0.793858 -1.30311 -0.0686644 
0.001511 0.947648 -0.427076 1.50098 0.221222 -0.924613 -0.200042 -0.433562 -0.856233 -0.0694051 -0.221561 -0.227407 0.00516205 -0.267304 0.644289 0.62409 0.403415 1.5519 0.838893 -0.779319 -0.660183 -0.107019 0.923526 1.2389 -1.41816 -1.30156 -0.710218 0.384562 -0.4978 0.274756 0.422678 0.401118 0.698788 0.980731 0.540625 -0.685561 -1.26241 -0.798305 -0.894527 
-0.0199472 1.00141 -0.466944 1.1266 0.212317 -0.658928 -0.814298 -1.21739 -1.09844 0.471263 0.137774 -0.896173 0.0244446 -0.485063 0.29052 -0.887593 -1.38439 -0.964512 0.281088 0.287444 0.167899 0.389203 0.0255766 -0.514219 0.114478 -0.159471 -0.550123 0.502104 -0.385506 0.325727 1.54352 0.885131 0.19026 0.443603 -0.448217 0.796362 0.941654 -1.85022 -1.51808 
-0.144519 1.06798 -0.870152 0.750099 -0.360405 -0.778067 -0.0507189 -0.312917 -0.566462 -0.0532637 -0.596828 -0.0605965 -0.178405 -0.505458 0.119721 -1.21323 0.0296176 0.512911 0.283457 1.04931 1.11294 -0.488457 -0.0363684 -0.0703552 -0.918814 -0.363078 -0.730012 0.252614 -0.837874 -0.99784 -0.969202 -0.580674 -0.334224 -0.113886 -1.0522 -0.295486 0.0881906 -0.985015 0.336483 
-0.170694 1.04405 -1.07991 1.1768 0.519974 -0.511195 -0.220002 -0.372099 -1.3869 0.424454 0.118754 -1.72111 -0.381044 -0.536198 0.0923549 -0.388471 -0.0201692 -0.310706 -0.999419 -0.704224 -0.313825 -1.77768 -0.344614 0.598282 -1.3481 0.514072 -0.87878 0.338761 -0.645437 -0.12597 -0.46847 -0.571982 0.425859 0.865401 -0.804209 -0.663533 0.539714 0.59279 -0.536302 
-0.302376 1.09817 -1.05283 0.772094 -0.548496 -1.27296 -0.480587 -0.561649 -1.7043 -0.413322 -0.0791979 -1.29756 0.372156 -0.72131 0.394757 0.229383 -0.223703 -1.12253 -0.990873 -0.470821 -0.207214 -0.574419 -0.689259 0.728159 1.69729 -0.232604 -0.651449 0.203034 0.0195863 -0.243487 -0.452996 -0.519836 -0.797097 0.751402 -0.728385 -0.557213 1.09864 0.426368 1.03186 
-0.37137 1.21179 -0.940239 1.08348 -0.156767 -1.00181 -0.513549 -0.539083 -1.73199 -0.285843 0.740623 -0.0351232 -0.644323 -0.376536 0.214779 0.414469 -0.337072 -0.278346 0.357485 -0.318651 1.09713 0.81436 -0.26356 0.769737 1.91435 0.597652 -1.00994 0.0290205 0.331613 -1.00663 -1.40924 -0.422921 -0.285605 0.0211861 0.447102 -0.619426 -0.218675 1.34851 1.2972 
-0.423303 1.18405 -0.816592 0.614552 -0.717109 -1.08814 -0.685258 0.271515 -1.13442 -0.69101 0.576042 0.596756 1.01382 -0.686641 -0.353456 0.270431 -1.19305 -0.737602 0.47064 0.117704 0.206342 1.15445 0.0123577 -1.03402 0.0449168 1.63323 -0.715665 -0.0878807 -0.0313152 -0.663489 -0.0816434 0.321683 0.424413 0.412038 0.802758 -0.167559 0.227507 0.914932 -0.692372 
-0.564026 1.03922 -0.779152 0.441002 -0.601813 -0.760308 -0.463364 -0.388961 -0.93805 -0.283136 -0.0518398 0.0649224 1.12607 -0.624905 -0.352062 -0.465766 -0.603283 0.182913 0.0573159 0.895245 -0.678269 0.232632 0.085848 -0.508647 -0.725057 -1.36326 -0.747151 -0.0732962 0.0716877 -0.692963 -0.0890851 0.1978 0.980362 0.308021 1.26242 0.534543 0.27652 -0.568825 0.307261 
-0.601679 1.01212 -1.03959 0.306193 -0.608083 -1.05369 -0.180944 -0.256666 -0.947805 -0.613619 0.205247 -0.0422149 -0.481825 -0.358294 0.238453 -0.165317 0.211774 0.632278 -0.211404 1.18686 0.100818 0.496055 0.585561 1.35739 -0.74779 -1.31045 -0.731345 0.348098 0.622263 0.170129 1.09843 1.18347 0.411914 -0.354914 0.580132 -0.57116 0.489228 -0.291815 0.124553 
-0.680733 1.13587 -0.845403 0.5944 -0.222308 -0.860464 0.21127 -0.319752 -0.577882 0.30208 1.07505 -0.595867 -0.312008 -0.398197 0.880803 1.40693 0.820289 1.29026 1.43967 -0.335017 0.273502 0.522063 -0.709429 1.1023 0.375442 1.48712 -0.966211 -0.199167 0.439132 0.362191 0.396093 0.297273 0.348355 -0.512093 0.399943 -0.00320756 1.07734 -0.801097 -0.595843 
-0.727616 1.40092 -0.285571 0.804336 0.167475 -0.32678 -0.395174 -0.0550457 -0.570502 -1.34441 1.1274 0.375066 1.1293 -0.98925 -0.545742 0.828399 0.271883 -0.0926785 0.595553 -0.709859 -0.674379 0.0220613 -0.581709 -0.0164343 -0.25129 0.649938 -1.01232 -0.277994 0.994649 0.604178 1.41711 1.15716 1.19821 -0.56615 0.0526911 1.05684 1.13755 0.639283 1.77782 
-0.943385 0.87585 -0.393213 0.781852 -0.279164 -0.556394 -0.221889 -0.84495 -0.529994 -0.298922 1.09931 -0.780118 0.386641 -1.01304 -1.30851 0.0997064 -0.000665874 0.606514 0.0242729 1.92484 -0.905115 -0.459872 1.88434 0.315168 0.462329 0.436804 -0.912108 -0.142196 0.906818 -0.341853 -0.353915 0.177973 0.651653 0.295803 0.646597 0.400952 0.292351 0.572869 0.940573 
-0.995771 0.793978 -0.213554 0.83738 0.531474 -0.308879 0.710482 -0.757167 -0.840127 0.560668 1.4178 0.875742 1.59565 -0.283556 0.325484 0.544868 -0.765692 -0.36467 -0.361215 1.584 0.968417 0.819898 1.03205 0.35992 1.00437 0.362392 -0.618761 -0.87518 0.80755 -0.760239 -0.960819 -0.428216 0.448444 -0.964646 0.081884 2.96642 0.700184 -0.447063 -0.615038 
-1.0428 1.01208 -0.0889466 0.381483 -0.499737 -0.731594 0.6847 -0.110482 0.0435317 0.740026 1.42563 0.240801 0.771878 0.145465 -0.0314897 1.12282 -1.07401 -1.87059 -0.551155 -1.31678 -0.154443 0.560392 1.40013 0.546542 -1.00993 -1.11821 -0.417972 -0.634342 1.25788 -0.575321 -0.261228 0.768554 1.2406 1.02527 0.935728 0.977627 -0.626293 0.834368 0.808451 
-0.995955 0.76785 0.392242 0.262337 -0.595535 -0.579224 -0.0771533 -0.883687 -0.437571 1.97367 1.89391 -0.0366434 0.367098 -0.306653 -1.29757 1.36148 -0.052254 0.0305257 1.33717 0.0613241 0.108993 0.401677 0.0553587 -1.18373 0.0821876 0.506085 -0.683754 -0.41497 0.820785 -0.642238 -1.58877 0.583064 0.0994911 0.732304 0.709277 0.0611814 -0.342043 -0.234103 0.15999 
-1.14757 0.410112 0.641364 0.385301 -0.482435 -0.0560276 0.701956 -0.0350055 0.341521 0.786433 0.513007 0.376618 1.31373 -1.10283 -0.605472 0.119803 0.163162 -0.228183 1.29419 1.46791 0.917241 0.363863 -1.32514 -1.00917 0.733908 1.28065 -0.703472 -0.54329 0.770259 -0.200015 -0.322702 1.21153 0.425994 0.788618 -0.12472 -0.00614036 -0.811065 -0.683277 0.0675584 
-1.28488 0.480662 0.474743 0.388195 -0.733954 0.0748081 0.761632 -0.188461 -0.164494 0.617167 1.12139 0.724691 1.75319 -0.677944 0.46458 -0.195582 -0.244632 -0.446385 0.195055 0.51734 0.71428 -0.572417 -0.0547474 0.125134 -0.931016 -0.444287 -1.20617 -0.462703 0.309141 -0.0757443 0.470896 0.74025 1.4535 0.744276 0.506517 -1.15973 -0.839502 0.893004 1.14665 
-1.33821 0.609606 0.559323 0.28013 -0.752193 0.0474224 0.985552 0.504595 -0.00225174 0.720947 0.650887 -0.46003 0.81973 -0.576197 -0.104409 0.345887 -0.287516 0.867214 -0.353769 0.456186 -0.141587 0.294179 0.0513549 -0.0855687 0.427421 -0.0439413 -1.02513 -0.054575 0.338516 -0.339678 1.26238 1.15986 0.837101 -0.0952058 -0.530294 -0.129491 -0.134206 -1.39411 0.119352 
-1.45199 0.421368 0.675197 0.258729 -0.213037 -0.0966617 1.00951 -0.305124 0.062672 0.659505 1.09016 1.19186 1.69555 -0.750987 -0.550983 0.705878 -0.246157 2.1375 1.27228 0.599636 -0.840146 -0.130822 -0.0809103 -0.323664 -0.824308 0.562477 -0.624807 -0.376755 0.241949 -0.676713 0.932097 0.63357 0.532621 0.224302 0.285915 0.813531 -1.00918 -0.905436 -0.554238 
-1.54575 0.347201 0.947591 0.174095 0.533329 0.690484 1.31721 -0.14771 -0.0550886 0.628873 0.42856 -1.19426 1.42305 -0.299734 -0.474174 0.0177717 -0.671199 0.384868 1.16022 0.262098 0.358841 0.0742236 0.854769 -1.22477 -1.55956 -0.571269 -0.490285 -0.789631 0.10499 -0.615237 1.36515 0.581112 -0.40864 -0.348008 1.55679 1.22571 -0.114817 -0.552663 -0.728448 
-1.55515 0.193897 0.704467 -0.0881066 0.0175494 0.490265 1.14403 -0.0380684 0.144925 1.5183 0.144604 -0.248058 1.06314 0.0608852 -0.658332 -0.550194 -0.627207 -0.309782 -0.531705 -1.11386 0.442796 2.16782 1.44238 0.149771 0.142046 -1.36737 -0.115371 -0.103316 0.190638 -0.916516 0.624318 1.51161 -0.565717 0.715534 1.26626 1.73948 -0.165368 -1.1516 -0.975143 
-1.5655 0.0359718 0.680543 -0.147818 0.345794 0.429882 0.648096 0.183721 1.40649 2.08481 0.586213 -1.00099 -0.0770641 0.127538 0.313311 0.26797 -0.620449 0.458098 0.748831 -0.981998 0.385947 1.58133 1.07427 0.986643 0.1135 -0.50222 -0.0911337 -0.327951 -0.258821 -0.492813 -0.0444178 -0.399581 -1.38866 0.329527 1.51657 1.24435 0.462088 1.94498 1.3309 
-1.55948 0.324591 0.86427 -0.406191 0.292214 0.871116 0.551926 0.249772 1.2201 2.60016 0.973933 -0.0821867 0.505991 -0.1996 0.154304 0.153427 -0.0761876 0.263832 0.0407817 -0.683617 -0.112541 -0.183637 -0.0603121 0.409396 2.36082 2.80468 -0.271727 -0.140833 0.359934 -0.574939 0.0140613 0.527629 -0.520404 0.714256 1.42225 0.0747408 0.717679 0.510269 0.70711 
-1.6455 0.0943463 0.780587 -0.15756 0.503526 0.456052 0.230264 0.0893304 1.31886 2.01367 0.952242 1.32184 2.97015 -0.515724 -0.531487 0.274849 -0.196966 -0.426315 -0.0754134 0.321431 0.357468 0.279025 -0.984311 -0.102703 0.559744 1.26036 -0.085062 -0.11032 -0.44567 -0.208933 0.335129 1.18689 -0.0256643 0.323372 -0.634487 -1.46224 0.0205863 1.5666 1.45225 
-1.7126 0.0710533 1.02766 -0.484358 0.0345361 0.839082 0.721099 0.515776 1.43729 1.59002 0.92895 0.511987 1.86997 0.0692725 -0.325867 -0.833926 -0.23308 0.19473 1.4605 0.670871 0.436186 -0.656403 -1.54767 -0.411236 -0.340482 -1.23524 -0.00692798 -0.685359 -0.390426 0.31658 0.899946 0.240751 0.216866 0.0238129 0.277484 -2.27906 -0.77215 1.05077 -0.167974 
-1.66331 -0.0656711 0.365509 -0.256186 0.619665 1.1934 0.603531 0.415693 0.919753 0.431032 0.65963 1.05199 1.61405 0.493331 -0.518535 -0.871457 0.6173 1.63566 0.388584 -0.0166035 -0.355519 0.0783081 -1.52603 -0.906449 0.802775 -1.45501 1.65877 -0.922683 -1.53425 0.00341009 0.50322 1.01168 1.3292 0.805868 0.186345 -2.34731 -0.743911 -0.326657 -3.36808 
-1.63232 -0.176594 0.593004 -0.101215 1.01799 1.03948 0.692841 0.235073 1.52223 0.0293682 0.238878 1.33942 0.274328 2.20933 -1.0867 -1.49959 0.218621 0.487267 -0.179235 1.09047 0.405612 0.894074 -1.03807 -0.562034 -0.0535659 -2.44366 1.15861 -1.11021 -1.42804 0.106876 2.01501 1.53221 0.996141 -0.735826 0.0588626 -1.24963 -0.0370153 1.2672 -1.213 
-1.1861 -0.571734 -0.396857 -0.0989088 0.911887 1.10936 1.22187 0.718612 1.54215 -0.633739 0.245987 1.05751 -1.05918 1.09435 -1.18051 -1.30078 -0.488111 1.05588 1.54633 1.34183 -0.458308 -0.00801404 0.152926 0.831416 0.835744 0.122544 1.02004 -0.530073 0.364494 0.0658307 0.823482 0.786712 1.17029 -0.97719 0.473876 -0.327736 -0.529026 0.168787 -2.97042 
-1.41302 -0.725323 -0.0656422 -0.344325 1.65247 1.81981 1.45799 -0.124445 1.5503 0.174926 0.943622 2.1985 0.398143 -0.813074 0.273905 2.04933 -0.146418 0.620438 1.17799 0.462787 -1.47864 -0.278889 0.683406 -0.138186 0.291334 -0.802267 0.633009 -0.760524 0.0710397 -0.21548 -0.0846324 0.484026 1.02568 0.0130443 0.176638 0.590008 -0.0236494 -0.348091 -0.610767 
-1.408 -0.458962 0.692317 -0.148438 1.28427 1.70518 1.4736 -0.423278 1.39176 0.0509101 0.172525 1.39406 -1.94336 -0.232738 0.0156662 1.40491 0.169753 -1.15529 -0.927665 0.0220707 0.448692 0.232941 0.506266 -0.889465 -1.25713 -0.799303 -0.686637 -0.540064 1.84582 -0.151868 0.398783 0.863172 -0.0166143 -1.55831 0.14646 0.41644 0.0198385 -0.527036 0.398032 
-1.50068 -0.730004 0.687327 -0.214733 0.956016 1.36086 1.45232 0.211507 1.73712 0.67956 0.267181 1.04885 -0.48281 -0.148268 -1.10197 0.749825 -0.0836235 -0.0772635 -0.0832202 -0.463682 -0.218456 0.464194 -0.215959 0.135395 -0.940916 1.22388 0.265069 -0.70933 1.54064 0.00531137 -0.647121 0.376162 1.10849 0.180166 0.25308 0.223122 -1.27487 -0.89934 -0.74682 