-0.489414 -0.486933 0.667958 -0.485774 1.55029 1.82499 1.40928 0.198246 1.07858 0.587372 0.0216292 -0.863671 0.918327 -0.309711 -0.191395 -0.157264 0.352271 0.366309 -0.0304679 0.808544 1.36784 0.67758 -0.086541 -0.108994 -0.140035 0.811291 0.719836 -0.869426 -0.0154155 0.651991 0.330744 -0.691176 -0.0611091 0.247303 -0.698562 -0.196133 -0.0498943 0.676171 -0.702407 
-0.589601 -0.391421 0.687798 -0.507426 1.02356 1.30921 1.50356 0.874312 2.19989 1.27018 -0.906327 -3.19071 0.371935 1.22195 -0.889925 -0.238239 0.82302 -0.24346 -1.67276 0.997603 1.5125 -0.252897 0.554613 -0.707148 -0.762982 -2.41925 3.6752 -1.12806 -1.01508 -1.16057 0.0219221 -0.309614 1.17483 1.48656 -2.21765 -1.6521 0.542992 2.20145 -2.33681 
-0.214318 -0.827932 0.566515 -0.013033 1.41697 1.1417 2.09594 1.1131 0.84988 1.03294 -0.440839 -1.71194 -0.985547 5.42286 -1.59663 -1.5231 -1.84291 -0.34747 -0.393399 0.622993 0.447867 -3.15024 -1.97443 0.805602 2.55338 -3.44506 1.1108 0.242907 -0.176347 -1.99905 -0.462833 -0.671132 0.194777 0.834153 -0.702018 -0.339681 -0.180807 0.175503 -1.3725 
0.762282 -1.01066 0.0652672 -1.51387 0.839317 1.14197 1.92833 1.15677 -0.48184 -0.37832 -0.34749 -0.215174 -2.34613 0.324197 1.27394 -0.0508148 -3.37618 -0.420084 0.736162 -0.767371 -0.502572 -0.538835 -0.975337 0.462664 0.956889 0.872113 1.52514 0.181823 0.449161 -1.28775 -0.843193 0.423106 -1.17789 -0.550469 -1.14607 -0.719553 0.149593 2.92734 -0.396466 
-0.169336 -0.316994 0.541083 -1.8702 1.19718 1.43008 1.54871 0.830983 0.37909 0.211692 -0.113531 -0.577173 -0.277052 -3.30038 1.88386 2.27166 0.191098 -0.851502 1.00872 -2.07532 -1.14809 1.86602 1.07894 -0.620497 0.655179 2.99777 -0.0398107 0.681295 0.418151 -1.23172 -0.447802 0.17364 -0.916664 0.623453 0.703183 -0.252891 -0.331604 1.76817 0.830553 
-0.121795 -0.259583 0.981738 -1.39174 0.408314 1.5403 0.466736 0.491199 1.08344 0.501394 -0.751458 0.571713 0.0495044 -0.378513 -0.195384 0.747934 1.79537 -0.222301 -0.474645 -0.364756 1.25226 1.30556 0.663081 -0.903216 0.981798 0.0632563 -2.17801 -0.51504 1.49593 0.601811 0.590809 1.12082 -1.24321 0.561969 0.959946 1.18579 -0.868599 1.24297 2.36163 
-0.304473 -0.384543 0.839592 -0.857954 1.07422 1.23007 1.28296 1.59126 1.46986 0.747069 -0.708371 0.58631 -0.21055 0.271901 -2.70068 0.213319 0.551534 1.67115 0.596153 0.542925 1.82184 -0.814532 0.406849 -0.518261 0.708148 -0.337107 0.852605 -1.90703 1.81618 0.981259 -0.28146 0.25469 -1.13765 0.00289368 0.719912 0.720454 -1.17457 0.673887 -0.00920915 
-0.0902168 -1.3135 1.06343 -1.06964 1.21234 1.77221 0.835527 1.58981 0.379234 0.82461 -1.0864 1.41967 -0.201764 1.56552 -2.82677 2.26828 -0.571905 -0.185927 0.851113 -1.03824 -1.26902 -0.520282 0.241136 -0.633371 -0.241908 -0.0741721 0.68121 -2.60228 1.59879 0.050177 1.62502 -0.348967 0.951966 1.00229 0.0729293 -0.115086 -0.0490407 -0.184076 0.175756 
0.0586877 -1.4881 1.75469 -1.15918 0.969065 1.56482 0.546368 0.853853 1.01477 0.933073 -1.12103 0.338849 -0.253125 0.6767 -1.42297 2.44229 -0.50793 0.604335 -1.07583 0.615437 -0.604248 0.882264 -0.546877 0.445101 -0.908161 0.534619 1.30936 -2.98694 1.78353 -0.901327 0.866979 1.0014 -0.37222 0.935932 0.723021 0.594471 -0.125626 -0.793718 -0.489896 
0.0451201 -1.86436 2.0491 -1.33537 1.49408 1.3297 1.25501 1.24729 1.11162 0.358133 -0.770951 0.404018 0.238861 0.25682 -1.9063 0.693784 -0.59023 1.39434 0.584384 0.573475 2.40465 1.30901 0.505629 0.460635 -0.625972 -0.478406 0.807358 -1.29004 1.39155 -0.635882 0.389066 -0.749691 -0.434972 -0.793802 0.674727 -0.310259 0.022211 -1.45999 -0.362226 
0.0864 -2.22926 2.03124 -1.47058 1.63757 1.79199 0.936516 2.29867 2.10846 1.33808 -0.795092 -0.351442 -0.616543 0.447369 -0.621686 -0.130455 -0.317836 -0.0686742 0.0278189 -1.15713 -0.396513 -0.147101 0.162924 -0.425619 -0.689629 -0.943332 0.343706 -1.04 0.659352 -0.367775 0.708013 -0.996788 0.0740115 0.440202 0.0335537 -1.03321 -0.0680897 -0.086972 -0.0252172 
0.121674 -2.09975 1.99137 -1.49563 1.44633 1.33237 0.435315 1.02817 0.972489 0.479376 -1.04335 -0.35967 -0.493571 0.222324 0.25779 0.403448 0.104208 -0.409701 -1.98285 -0.491273 -1.8813 -1.28494 -1.79312 -0.558562 0.532337 0.449451 0.681987 -0.824116 -0.0731762 -0.224205 0.538612 -0.0969079 -0.494742 0.573995 0.19539 -0.195086 0.23726 0.651146 -0.495879 
0.10527 -2.11839 2.19004 -1.39667 1.42286 0.983618 0.582311 1.19756 1.00598 -0.160295 -1.15725 0.293808 -0.243516 0.502313 -0.6848 0.0125444 0.0137455 0.81485 -0.150012 0.542174 1.08512 0.35065 -0.402935 0.72471 1.40461 0.384012 0.430256 -0.311083 -0.125046 -0.525622 -0.164713 -0.879271 -0.760613 -1.44856 -0.836926 -0.818044 0.225234 1.03163 0.747331 
0.212312 -2.35999 1.99163 -1.47191 1.83114 1.2633 0.803582 1.68916 1.25478 0.132084 -0.539126 1.29131 -0.172483 0.377208 -0.751473 -0.607403 -0.790252 0.165815 0.751054 -0.449573 0.0718507 0.343591 0.774544 0.842016 0.599466 0.392139 0.757491 -0.431932 -0.207775 -0.0406513 0.0720662 0.144106 0.903086 1.06796 0.924584 0.150248 0.0968492 1.25375 0.465637 
0.163841 -2.40488 1.93888 -1.81904 1.48992 1.27801 0.257257 1.25666 1.28229 0.467374 -0.573824 1.01646 0.0840214 0.552393 -0.00034479 -0.353732 -0.0852378 -0.725424 0.369641 0.556273 0.213586 0.661622 0.594517 -0.608182 -0.0294695 0.140152 1.17235 -0.583704 -0.684631 0.43112 -0.249653 1.38843 0.603483 0.139633 0.504389 0.940388 0.152462 0.632699 -0.314474 
0.315786 -2.35075 1.84335 -1.50311 1.46186 1.40385 1.1817 1.83245 1.80036 0.61069 -0.93478 1.2888 -0.0449491 1.25456 -0.174126 -0.524809 1.31659 -0.529269 1.23336 1.18078 0.0802723 0.202658 0.404544 -0.653181 0.0953026 -0.747042 1.66885 0.614976 -1.26833 -0.53115 -2.21177 -0.707763 -0.36823 -0.321086 -0.354853 0.169748 -0.362351 1.17817 0.60794 
0.447296 -2.46406 1.72121 -1.07245 1.21667 1.76695 1.07197 1.32075 1.43929 0.78868 -0.999857 1.1578 -0.492614 1.76998 0.973827 -1.74674 -0.607811 -2.40008 -1.35819 -1.01615 -0.630496 -1.06833 -0.378564 0.127653 1.32181 0.544366 1.80979 1.22097 -1.06641 0.671225 -0.708171 -0.813176 -1.79464 0.2074 -2.09987 -1.48453 -0.763584 0.716185 0.164215 
0.731355 -1.95797 1.13012 -1.82426 0.272709 0.847442 0.460562 1.47434 0.881274 0.283577 -0.833648 2.84431 0.403411 1.26386 2.1077 -1.24072 -0.485992 -0.479635 -2.37142 -3.38909 0.15555 -2.5447 -2.25608 -0.349035 0.690925 0.931549 2.41231 2.97442 -2.32011 0.306855 -2.97427 -2.03075 -4.12371 -2.72148 -2.38459 -2.37984 -1.66938 -1.36724 1.11052 
0.733136 -1.62486 1.21321 -1.32601 0.967725 0.801848 -1.30807 1.42957 -0.729767 -1.09303 -1.22055 1.98591 0.263056 1.58652 3.73775 -2.09846 0.976676 -1.79878 -1.50671 -4.04703 -2.75113 -1.58948 -2.59192 -2.30759 -2.81798 0.706479 2.10094 3.50678 -2.81465 1.18666 -1.97501 -3.53613 -2.80716 -2.78097 -0.481304 -1.69723 -1.14757 -0.748141 0.577906 
1.0999 -0.476996 0.274249 -1.26626 -0.622057 0.231128 -2.37944 -0.143462 -0.479045 -1.87621 -2.37662 -0.373383 0.980442 1.65953 3.4473 -3.42484 1.96974 -2.31257 -2.62852 -0.0603307 -3.61066 1.99775 0.138706 -1.15244 -1.50888 -0.280875 0.92349 2.81582 -2.27575 2.43795 -0.0226279 -2.37009 -1.65023 -3.02127 0.838909 -0.406877 -1.46653 -1.72827 -0.399553 
1.12039 -0.258241 -0.180591 -0.21701 -0.178584 -0.266965 -1.36101 -0.698808 0.947044 -0.991837 -1.98365 0.277622 0.0564192 -0.300918 0.722558 -1.67316 2.09271 1.7549 -1.83946 2.01574 -1.00077 2.50673 2.08722 0.391394 0.926288 -1.15725 0.630094 2.34723 -2.88704 0.959709 -0.954573 -2.55904 0.33504 -2.30035 2.56538 0.844104 -1.53693 -1.10857 0.0919149 
0.984651 -0.183141 -0.40914 -0.0890411 0.222973 -0.519406 -0.981021 -0.721521 1.62869 -0.161639 -2.09743 0.726097 0.0782202 -0.782033 0.270604 -1.36081 -0.773587 0.956814 -0.985635 0.462491 0.749172 0.834265 0.920048 -0.855283 0.296077 0.383911 -0.377579 0.936884 -1.82762 0.113164 1.69449 -1.15451 1.50056 -0.830821 1.92517 2.62089 1.20365 0.896022 -2.56416 
0.881826 -0.142326 -0.737303 -0.63014 0.275721 -0.673093 -1.04845 -0.237375 1.63879 -0.24369 -2.54613 0.650462 0.377426 -0.223224 0.760928 -1.35509 -1.96928 0.618388 0.217313 -0.184925 -0.0457122 -0.384744 1.19214 1.1642 0.0569518 -1.73271 0.0557078 1.22057 -1.1703 -1.16793 1.32928 -0.43732 -0.398511 -0.828873 0.00899487 1.61966 1.33512 0.70849 -0.764459 
0.889318 0.12582 -0.963531 -1.1656 0.511593 -0.440305 -1.12106 -0.732261 1.28837 0.811804 -1.29649 0.823223 -1.28074 0.86058 1.66233 -0.577051 -0.726391 0.902366 0.380647 -0.959487 -1.79325 -0.83744 1.10798 2.58182 0.481721 -1.24588 0.615117 0.858898 -1.24018 -1.56195 0.774633 -0.319421 -1.11713 -0.210586 -1.20812 0.310022 1.0218 0.0223012 -1.52392 
1.0643 0.521529 -0.976154 -1.01708 0.70337 -0.528109 -1.72998 -1.28618 0.915186 0.660069 -0.788114 1.23735 -0.595139 1.07989 0.599004 -0.698683 -0.0299853 0.460031 -0.65509 -1.19292 -0.23472 -0.968292 -0.800876 0.154958 -0.0308779 0.0149495 1.06217 0.895326 -0.98238 0.0248783 0.552185 -0.184856 -0.862963 -0.602564 -0.951382 0.499177 1.62154 0.149146 -1.72567 
1.128 0.37103 -1.25171 -1.16614 0.722685 -0.713102 -1.96578 -0.855274 0.453977 0.135014 -1.17693 0.819082 -1.25258 0.617927 -0.244691 -1.04908 0.737937 -0.137084 -0.627573 -0.106815 1.02869 -0.230853 -0.480314 -0.48287 -0.316688 -0.699233 1.28292 0.218449 -1.10687 0.847818 -0.359579 -0.792783 -0.740809 0.340429 -0.562095 -1.19256 0.462844 -0.336075 0.0393082 
1.18457 0.434567 -1.40644 -0.59155 0.622129 -0.789808 -1.81541 -0.658708 0.705149 0.248707 -1.09917 0.903668 -1.13383 0.705665 -0.253742 -1.13395 1.08436 -0.978226 -0.45404 0.276352 0.634846 0.331743 -0.685767 0.43744 -0.335651 0.0288064 1.01214 -0.333975 -1.0266 1.2231 -1.08381 -0.926354 0.24278 1.464 -0.964275 -1.19088 0.02084 -0.0594043 -1.23914 
1.27076 0.280504 -1.71642 -0.548402 0.229641 -0.904803 -1.78335 -0.461752 0.720261 -0.446464 -0.866647 0.463534 -1.21342 0.790986 -0.285259 -0.650404 0.791994 -1.4006 -0.670996 0.395887 0.759165 -0.851739 -1.00422 0.50057 0.253253 -0.697634 0.998371 -0.192612 -0.934204 1.97055 -1.59476 -0.962298 0.877337 0.391241 -0.411758 -1.51183 0.793876 -0.306804 -0.983934 
1.3492 0.331632 -1.67504 -0.136024 -0.0776976 -1.06902 -1.54942 -0.19134 -0.0305609 -0.596454 -0.746265 1.22713 -1.67125 0.684098 -0.0522449 -0.41226 1.39274 -1.27871 -0.895508 0.790533 -0.171962 -0.801558 -1.19989 0.58537 0.00118905 -1.13809 0.791515 -0.267994 -0.689973 1.60877 -2.0811 -1.07893 1.1701 -0.0467673 -0.882448 -1.8139 1.15071 -1.12565 -1.13261 
1.408 0.269309 -1.88844 0.240446 -0.410515 -1.27458 -1.24146 -0.547486 0.0270368 -1.45364 -0.456496 0.496365 -2.10044 0.311046 -0.140157 -0.490671 1.22665 -1.54096 -0.843969 1.02985 -0.837264 -0.140102 -1.25896 0.986203 -1.48477 -0.57918 0.652478 -0.0904012 0.563197 2.43146 -1.226 -0.830642 2.05567 -0.125731 -0.886589 -1.24806 1.67257 -0.233413 -0.982811 
1.39081 0.285826 -1.87886 0.560671 -0.846241 -1.41801 -0.840218 -0.672273 -0.163763 -1.65254 -0.0654985 -0.453358 -2.11465 0.224539 -0.0918087 1.34999 1.66842 -0.459134 -0.267316 1.72071 -0.00366572 -0.194875 -0.356116 1.57992 -0.255252 0.0300713 0.379852 -0.174672 0.4693 1.48896 -0.948444 -0.608312 1.50453 -1.57591 -0.933977 -1.36759 1.92183 -1.18111 -0.249338 
1.42743 0.242538 -1.34576 1.18225 -0.649424 -1.39096 -0.0492902 -0.53325 -0.152539 -1.76216 0.625111 0.233519 -2.06027 0.218376 -0.137408 1.27264 0.640175 0.193826 -0.00353113 0.805814 -1.12948 -0.908888 -0.44643 1.50318 0.192502 0.297676 0.3299 0.0652329 1.10362 1.44998 -0.854278 0.199998 1.02379 -0.636057 -0.568755 -0.148877 2.16673 -1.07579 0.676795 
1.40867 0.241102 -1.36755 0.931961 -0.765477 -1.42799 -0.287643 -1.32678 -0.947858 -2.03585 0.964296 -0.19994 -1.86209 0.235402 0.194328 0.484213 0.149005 -0.755441 0.566215 -0.47431 -0.802264 -0.44906 0.173856 1.22788 -0.921639 0.732036 0.126912 -0.193723 1.1619 0.60208 -0.6931 0.166286 1.00235 -1.27396 -0.572343 -0.410245 1.04481 -0.572297 1.73304 
1.44966 0.328423 -1.15421 1.28102 -1.0334 -1.17112 -0.391637 -0.993392 -0.547321 -1.63187 1.46904 -0.797678 -1.46296 -0.0407852 -0.170339 0.65824 0.102798 -1.18151 0.254617 0.414302 -0.464329 0.260973 -0.0624839 -0.154109 -0.817814 1.65465 -0.365922 -0.303384 0.529915 -0.56333 -0.926743 0.125345 -0.0274387 -1.47659 -0.740218 0.185937 1.03328 0.29742 2.05903 
1.3601 0.183413 -1.10542 1.00509 -1.35805 -1.33384 -0.00877089 -1.58619 -0.74149 -2.10124 0.875201 -1.11143 -0.532488 -0.743329 -0.675813 0.398305 -0.882833 -0.561142 -0.373195 0.432159 -1.04181 -0.385039 0.0623296 0.106208 1.24911 1.58764 -0.41677 -0.197569 0.956548 -1.01613 -1.52666 0.586036 0.332325 -0.302333 -0.13084 0.689051 -0.423196 -0.227018 1.42038 
1.22101 0.0717224 -0.997493 0.807274 -1.32225 -1.33021 -0.100281 -1.59583 -0.887899 -1.59392 1.5557 0.674014 -0.186548 -0.53787 -0.1435 0.931991 -1.41041 -0.97956 0.591787 -0.0154699 0.070581 -0.419233 0.927454 -0.405531 0.570757 -0.0546428 -0.801712 0.00452351 1.07615 -1.83295 -1.25411 0.0089802 -0.395903 -0.816577 -0.383729 -0.256254 -0.586411 0.607882 1.16784 
1.18411 0.13629 -0.732265 0.238623 -1.85174 -1.10369 -0.0303474 -1.52785 -1.11102 -1.34696 0.616364 -0.421878 -0.559563 -0.370767 0.682149 1.39032 -1.45984 -1.21627 0.401179 -0.925959 0.0129169 -0.0536916 -0.378788 -0.878061 -0.581526 -0.272197 -0.8529 0.116774 1.12847 -0.974201 -0.76727 0.809236 -0.829647 0.776985 0.46218 1.40297 0.22242 1.05808 0.424491 
1.08786 0.349668 -0.438459 0.0133771 -1.93183 -1.17695 -0.758371 -1.57174 -0.947943 -1.92122 0.977839 0.0349706 -0.386297 -0.647428 0.327676 0.94343 0.155926 -0.112536 0.571174 -1.00999 0.868734 0.918669 0.829763 0.685327 0.590022 0.532442 -0.526903 0.375278 1.30771 -0.658967 -1.01966 1.08987 -1.02588 -0.197214 0.257119 0.599181 -1.48992 0.0317863 -0.0536144 
0.980047 0.274675 -0.354471 0.34123 -1.92096 -0.881852 -0.747186 -0.995394 -0.347813 -0.673572 1.094 0.289884 -0.120666 -0.36108 -0.0884221 0.782437 0.604826 -0.23111 1.15979 -0.340044 -0.276833 0.325701 1.13144 -1.06854 0.617991 0.211243 -0.608488 0.381603 1.0166 1.21859 0.564422 0.839774 -0.590061 -0.150162 0.323793 0.0729934 -0.869002 -0.131904 -0.0992434 
0.957187 0.32423 -0.125957 0.365054 -2.05911 -0.717683 -1.00685 -1.71977 -0.686773 -0.998034 0.271383 0.77898 -0.202337 -0.197901 0.276072 0.746415 1.36828 0.895043 0.635099 0.278204 -1.07454 -0.572713 -0.734732 -1.82461 -0.732881 -0.644813 -0.758188 -0.443099 0.351652 1.86795 0.340077 1.28816 -0.517542 -0.216239 -0.540999 -0.185567 -0.640984 0.475424 -0.36629 
0.891204 0.392743 -0.0565781 1.11651 -1.4969 -0.63423 -0.563458 -1.61727 -0.847286 -1.29559 -0.122902 -0.523674 -0.616162 -0.692477 -0.614415 -0.195628 1.74225 0.69781 0.68241 -0.302856 -0.0105804 -0.938854 -1.35956 0.225731 -0.0955179 -0.624536 -0.532426 -0.0648245 0.430187 1.41989 0.352677 1.15454 -0.349228 -0.0796941 0.1468 -0.324901 -1.78676 -0.596542 -0.651415 
0.741574 0.0917028 -0.210119 1.34783 -1.7316 -0.450978 -1.22934 -1.70964 -1.49624 -2.13741 0.43873 0.700308 -0.681739 -0.541627 -0.379604 -0.0293291 0.411021 -0.410606 1.0176 -0.714791 0.955769 0.722373 0.33248 -0.507945 0.0810089 -0.0897726 -0.962725 -0.121493 -0.0375731 0.927635 0.833248 1.36736 0.915752 1.00744 1.07916 0.360081 -0.107616 -0.203294 -0.93906 
0.714257 0.252663 -0.0732957 1.36065 -1.71205 -0.232321 -1.07392 -1.03312 -0.250274 -1.03396 -0.450883 -0.398809 -0.67112 -0.645584 0.421103 0.136777 -0.586737 0.46312 1.27212 1.41683 1.23453 2.12256 1.81338 -0.375051 -0.125549 -0.434182 -1.46247 0.451116 -0.0159315 0.0421856 0.897664 0.0240825 -0.393595 0.901526 -0.065659 0.70278 1.09321 0.0260901 -0.660306 
0.53798 0.266871 -0.15947 1.03837 -1.519 0.0535944 -0.249611 -0.959895 0.286238 -0.649578 0.200471 0.58701 -1.01006 -1.49157 1.09348 0.00637804 -0.377543 1.66221 -0.968197 0.223821 0.137367 -0.808343 0.549649 1.91995 -0.0507843 -0.654832 -1.62625 0.546518 -0.242338 -0.162981 1.06818 -0.548733 1.08863 1.09293 1.22551 2.88925 1.20451 -0.415113 -0.126732 
0.293819 0.692555 -0.0755318 1.16727 -0.912401 -0.631415 -0.928213 -0.935104 -0.949243 -0.592503 0.860289 -0.425903 -1.17457 -1.61542 0.443922 -0.535299 0.36023 1.02852 -2.03512 -0.0909431 0.0950032 -0.776536 1.80137 1.93178 -0.327567 0.290835 -1.48767 0.98793 -0.056542 0.0637611 0.994278 -1.40262 1.01806 0.299959 -0.515372 1.59617 1.67275 0.337779 0.290201 
0.0857949 0.451023 -0.381389 1.25433 -1.02959 -0.775859 -0.32395 -0.887048 -0.385802 0.828309 1.51962 0.240784 -0.762923 -0.57668 0.470878 -0.096695 0.438361 -0.274605 -1.00585 1.01555 0.212775 0.223613 1.44903 0.245575 0.422466 0.981305 -1.38971 0.932233 -0.348604 0.90645 1.83049 -1.20229 -0.224274 -0.383082 -2.1633 0.00930921 -0.209933 -0.284876 2.38023 
0.107887 0.88732 -0.11957 1.42658 -1.06097 -1.0457 -0.229012 -0.792299 -0.774507 0.593645 1.04103 0.0926649 -0.379406 -0.316556 1.03219 -0.0395003 0.768439 1.53621 0.345203 -0.19248 -0.588484 -1.63585 -1.78593 -2.21413 0.017126 2.39079 -0.635173 0.655366 -0.637966 -0.124242 0.217185 -0.36857 0.187899 -0.452548 -0.283795 1.04011 -0.53689 0.595352 2.21073 
-0.0334616 0.866785 -0.402231 1.69679 -0.291626 -0.645172 -0.469272 -1.2202 -1.78538 -0.664112 0.0397437 0.291991 1.15095 -0.305767 0.566596 -0.958108 -0.615779 0.568312 0.498365 -0.793753 -0.792053 -0.55151 -0.145315 -0.953041 0.231389 1.50932 -0.495946 0.868584 -0.419218 -0.266434 0.493139 0.358906 0.34471 0.183035 -1.53218 -0.989049 -1.23259 -0.824293 0.300064 
-0.00860398 1.11977 -0.512963 1.10101 -0.796865 -0.853229 -0.794678 -1.24638 -1.25603 0.459665 0.412555 0.390919 0.834843 -0.372231 0.343083 -0.652436 -1.12604 -0.854043 0.17907 0.606494 0.794213 -0.0765769 0.553635 0.602102 -0.918501 -2.0532 -0.848975 0.218181 -1.23557 -0.696541 0.672583 0.261016 -0.861983 -0.265502 -1.07524 -1.0256 -1.43987 -0.83553 -0.250161 
-0.166989 1.01124 -0.671656 1.0881 -0.723872 -0.581497 -0.0560406 -0.732015 -1.8648 -0.219358 0.461191 -0.735588 -0.462388 -0.874071 -0.22176 -1.08802 -0.286853 0.366453 -0.112926 -0.271347 0.443795 -0.654144 -1.13267 -0.928485 -1.14507 -1.79175 -0.452644 0.174364 -0.727426 -0.917389 -0.495747 -0.532427 -0.134404 1.51339 0.800157 0.783211 0.15967 0.0634964 -1.09085 
-0.270764 1.04184 -0.959044 0.957942 -0.631587 -0.907335 -0.995136 -0.966342 -1.82444 -0.49185 -0.199345 -0.8979 -0.570983 -0.256323 -0.0676654 -0.550766 -0.0564485 0.144166 -0.918945 -0.779758 1.05463 0.95085 0.429016 -0.403894 0.989705 0.823436 -0.924802 -0.321066 -0.644792 0.633844 0.803427 -0.0030431 0.984738 1.9066 1.01183 -0.602577 -0.462877 -0.425677 -0.756954 
-0.270807 0.99397 -0.899847 1.07287 -0.66742 -0.960725 -0.611923 -0.0891331 -1.07435 0.122212 0.203459 0.437011 0.207472 -0.41124 -0.287739 0.0218982 1.07008 0.752499 0.123858 1.46988 1.89071 1.76318 0.383379 0.317251 0.680384 0.93824 -0.659572 -0.121764 0.0344477 0.195289 -0.176098 -0.762477 -0.130206 1.22938 1.56066 -0.149867 -0.695581 -0.648573 1.57686 
-0.41429 0.937925 -0.954986 1.56776 -0.27731 -0.865931 0.0216801 0.173179 -0.346234 -0.188068 0.0297905 -0.0819498 0.189998 -0.660061 -0.126077 0.611386 0.283938 -0.404077 -0.147202 0.611639 0.443428 0.766872 -0.612513 -0.509904 -1.69858 0.952909 -0.515112 0.0460383 0.791564 1.12789 0.711089 -0.016698 0.864234 1.1381 0.869734 0.697617 0.981134 0.405897 1.33972 
-0.478111 0.953707 -0.656716 1.24651 -0.879375 -1.02866 -0.195094 0.190684 -0.439661 -0.398612 -0.125844 -1.49 0.980095 -0.304206 0.359848 1.29465 0.339194 0.23647 -0.132292 -0.419056 -0.505374 -0.81174 0.492297 0.949032 -0.234079 0.570885 -1.02299 -0.0927247 0.913809 0.0806548 1.57702 0.832815 0.318606 0.56703 0.861885 0.329023 0.615823 0.417222 1.3059 
-0.530381 1.08898 -0.434751 1.77205 -0.175668 -0.92785 -0.282039 -0.110607 -1.04808 0.205898 0.685462 -0.320384 0.659407 -0.761826 -0.0216575 0.907949 -0.201712 2.61201 1.3436 -0.229623 0.236572 0.175862 1.02753 1.30121 2.15729 0.5181 -0.759787 0.199407 0.880607 -1.31367 -0.075681 0.439137 -0.309807 0.0771926 0.118078 0.0503624 1.31318 0.788379 1.14912 
-0.7115 0.954556 -0.293312 1.15068 0.385272 -0.495249 -0.366383 0.347624 -0.305353 0.438528 0.767592 1.02883 1.40761 -0.751575 -0.044755 0.169606 -2.02385 -0.355026 0.770354 0.0307899 0.580377 0.929545 -0.42555 0.748977 1.0994 0.723463 -0.759617 0.0644924 0.458605 -1.08074 0.458977 0.741604 0.447809 -0.196434 -0.624884 0.0541784 0.905392 1.67614 0.166968 
-0.761143 1.08073 -0.370789 0.665221 -0.363608 -0.625671 -0.271276 0.250559 -0.275665 -0.160119 1.20607 0.97869 1.24992 -0.293719 0.123004 -0.143722 -1.18778 -1.97793 -0.276563 0.77001 -0.499524 -0.882048 -0.95601 -0.133404 -0.31943 -0.330491 -0.712819 -0.0478739 0.325253 -1.45662 0.0391658 1.10607 0.910591 0.11657 0.61254 0.255318 -0.72915 -1.16081 -0.280951 
-0.824903 1.01236 -0.356423 0.507739 -0.597203 -0.615362 0.161161 0.0673135 -1.06672 -0.366714 0.692476 0.691987 1.16159 -0.238873 -0.0319221 0.373412 0.158051 0.398138 0.813598 1.07686 -0.456739 -0.263351 0.748447 -1.70642 -2.36943 -1.04059 -0.423592 -0.142639 -0.414182 -1.72097 -1.98587 -0.511234 0.47171 -0.155053 -1.05893 -0.0595514 0.029694 -1.13434 -0.38738 
-0.860488 1.07754 -0.224171 0.769007 -0.182817 -0.306049 0.470782 -0.00433633 -0.513216 0.445942 0.0689592 -1.72183 0.440292 -0.294425 -0.349819 -0.539861 -1.01301 -0.829576 -0.433256 -0.200326 0.287682 -0.305522 0.885388 0.162616 -0.921609 -0.106566 -0.393015 -0.084647 0.37535 -0.671919 0.152411 0.532158 1.07931 -0.467643 -1.16641 0.0527997 -1.21879 -1.97396 -0.371456 
-0.938487 0.884006 -0.580191 -0.0382327 -1.01747 -0.798679 0.0103541 0.254615 -1.33998 0.352734 0.817213 -0.339175 1.0933 -0.306739 -0.103015 0.252709 -1.02948 -0.195612 -0.0436073 0.237597 -0.141183 -1.04342 -0.678655 0.11234 0.208592 0.621477 -0.572281 -0.299116 0.0245613 -0.556115 0.701311 0.737814 0.00701888 -0.401735 -0.230652 0.728509 -0.276151 -1.77232 -0.330161 
-0.977228 1.04635 -0.126505 0.213894 -0.292712 -0.332195 0.626122 -0.0717874 -1.41121 -0.129648 0.159753 -1.44986 0.949856 -0.500541 -0.124904 0.584081 0.288324 1.80478 1.49492 0.200411 -0.804201 0.0365639 0.0288969 -0.531066 -1.01834 -0.266014 -0.579304 -0.535394 -0.296036 -0.387662 0.39919 -0.0979624 0.263089 0.3991 0.212577 0.927125 1.43832 0.750566 1.03607 
-1.1049 0.844205 -0.348135 0.137834 -0.148023 -0.204234 0.139698 -0.206679 -1.32361 0.363003 0.473622 -1.48186 0.898464 -0.497996 -0.746045 -0.740306 0.51826 0.745524 -0.0800812 0.0763683 0.613774 1.26603 1.84117 1.74839 0.615299 0.54548 -0.577073 -0.222912 0.941673 0.833102 1.16057 0.441659 0.723867 0.483085 1.0166 1.32369 1.81742 0.389962 0.119584 
-1.14299 0.762003 -0.431566 0.517541 0.0581505 -0.373053 0.668748 0.309217 -0.353913 1.38119 1.35509 -0.70895 1.3991 -0.30109 -0.229087 0.981475 0.747399 -0.183088 -0.853282 0.678356 1.38052 1.07776 1.62924 2.8847 1.44718 0.400229 -0.469956 -0.54675 0.29553 0.115796 1.0265 0.387099 -0.625077 0.518793 1.1137 2.12599 1.7618 -0.0160839 0.83152 
-1.2202 0.763386 0.0450889 0.568617 -0.251787 -0.556975 0.603168 0.629785 -0.425709 1.69837 2.43613 0.218213 1.23242 -0.154638 -0.121007 1.23402 -0.391504 0.687438 0.64434 -0.851079 0.00664923 -0.0440172 0.819676 0.53292 -0.631277 0.39098 -0.478418 -0.257661 0.874602 0.429029 1.00357 1.0718 0.723129 1.07804 0.981669 0.635908 1.22506 1.92251 0.635851 
-1.22075 0.723736 0.064079 0.316408 0.380575 -0.121704 0.063006 0.329581 -0.405766 2.04623 1.72983 -1.40536 1.72572 -0.363315 -0.179958 0.472822 -0.223715 1.58377 2.38863 0.199507 -0.0693753 -0.0021766 -0.830688 -1.30126 0.660584 0.315741 -0.499223 0.122056 0.949808 -0.952913 0.401686 1.35836 -0.102212 -0.444027 -0.0639135 -0.388708 -0.409674 0.820204 -0.617559 
-1.35144 0.701909 0.232023 0.460582 0.509462 0.39796 0.73188 0.604989 -0.442137 0.996892 1.57255 1.01133 1.49932 -0.538706 0.313552 0.345032 -0.836001 -0.134011 1.29743 0.717274 -0.575403 -0.0400176 -1.30167 -1.07498 1.53146 -1.08741 -0.415346 -0.103749 0.469239 -0.833337 1.26003 1.86489 -0.289679 0.0620249 0.466431 -0.863061 -1.58136 -0.314086 -0.216243 
-1.39694 0.85656 0.199187 -0.131352 0.300839 0.393078 0.553683 0.00419678 -0.454232 0.954777 1.01903 0.391888 0.878928 -0.213359 0.0147574 0.309044 -0.852264 0.17793 0.271532 -0.563102 0.125645 0.506327 -0.244149 -0.764237 -1.00302 -0.559953 -0.757577 -0.0708751 0.770719 -0.02997 -0.237387 1.23226 0.138439 -0.695237 -0.763459 -1.28939 -1.19929 -0.10963 -0.942522 
-1.44424 0.717094 0.352536 0.00379827 0.582444 0.49893 0.327459 0.696038 -0.0280398 0.781077 1.07154 -0.113701 1.07118 -0.514001 -0.42667 0.93694 0.778044 -0.212177 0.465499 -0.556099 -0.30362 -0.819857 -0.305983 -0.493748 -1.64991 0.024796 -0.497576 -0.441991 0.0138896 -1.37619 -0.661092 -0.309786 0.139261 0.385246 0.986119 0.133543 -0.731201 -2.12565 -0.482441 
-1.56681 0.697951 0.574349 0.316434 0.182834 0.572289 0.154159 -0.159744 -1.16295 0.687762 0.700636 -1.47902 0.914904 -0.477694 -0.715838 -0.282527 -0.911614 -1.12056 -0.695643 0.725284 0.329835 0.57419 0.414853 -0.195874 -1.324 0.0157764 -0.519531 -0.856188 0.0641449 -0.130793 0.433559 0.115109 0.68544 0.376954 0.138402 -0.457592 -0.658422 -0.53923 0.158153 
-1.6048 0.444636 0.233132 -0.485916 0.0197171 0.209775 0.823736 0.908378 0.443513 1.11092 0.95425 -1.60882 1.1 -0.207591 -0.930629 -0.827058 -0.963764 0.810471 -0.286995 1.38776 0.748858 0.960203 -0.262104 -0.371735 1.06083 0.152881 -0.463994 -0.883226 0.0418869 -0.396869 -0.456804 0.793801 1.07927 -0.725793 0.366523 1.03167 -0.396303 -0.783422 -0.383446 
-1.65814 0.340926 0.234105 -0.202214 0.565493 0.447968 1.11357 0.301502 -0.364578 0.45708 0.464615 -0.224412 1.05254 -0.166648 -0.684296 0.355487 0.388725 0.465504 1.83671 0.589118 -1.2466 -0.180844 0.878314 -0.328799 0.4674 -0.4484 -0.311255 -0.93159 0.128596 -0.0805933 1.06604 0.949548 1.70018 1.81473 2.29124 0.466602 -0.608825 1.05627 0.293197 
-1.68563 0.184595 0.37248 -0.254141 0.233489 0.942087 1.22482 0.184295 0.275816 1.82451 0.747217 -1.03845 0.760395 -0.224295 -0.54613 1.04385 0.841657 0.678151 1.64896 0.687731 1.47217 1.56778 0.84906 -0.429262 0.0979637 0.17697 -0.497225 -0.849528 0.667387 0.23363 0.663165 1.02524 -0.209308 -1.08916 -0.40139 -0.494887 -0.822684 1.49317 0.723764 
-1.75374 0.135284 0.652627 0.280867 0.883371 1.10455 1.58359 1.19241 0.948196 1.14645 0.189757 -0.0799981 1.2093 -0.523917 -0.66245 0.755073 -0.11265 0.456003 -0.367403 -0.854198 -0.118958 -0.277473 -1.49301 -0.750259 1.17002 1.26344 -0.430169 -0.462692 0.23873 -0.0629155 -0.711506 1.37693 0.587781 1.37283 1.72348 0.234699 -1.02299 -1.44915 -0.694695 
-1.85804 -0.0668435 0.673885 -0.300553 0.442609 0.785333 0.616898 0.130046 0.0263086 0.574627 0.255643 0.342057 1.77948 -0.372997 -0.187748 -0.644363 -0.941362 -1.69175 0.319153 0.0242286 0.203072 0.330515 -0.551933 -0.910232 -1.68388 -0.960325 -0.335286 -0.387128 0.115594 0.272638 1.1352 0.969392 -0.162053 0.293296 0.43262 -0.890365 -0.755908 -0.0964097 0.534241 
-1.88747 0.0707406 0.386477 -0.225352 0.0410041 1.22472 1.58977 1.32945 1.21344 0.675785 -0.40982 -1.99006 0.463379 0.0586042 0.048289 -0.559845 0.438156 1.12999 1.75751 0.647042 0.460871 0.744124 0.384051 -0.241977 -1.27399 -0.661964 -0.413738 -0.344874 -0.0424818 -0.344744 -0.719732 -0.130233 -1.25347 -0.193964 0.065268 -1.05954 -0.0118924 -0.334693 -0.719339 
-1.88114 -0.0384565 0.442011 -0.0413521 0.981694 1.4857 1.05848 0.420224 0.641736 0.878965 0.107226 -1.09541 1.27038 -0.20144 -0.359471 0.577369 0.484526 0.666571 -0.48861 -1.56919 -0.462973 -0.271279 -0.768459 0.885373 1.31886 0.149201 -0.110326 -0.0482692 -0.0573424 -0.163111 0.400861 1.18053 0.268052 0.864589 0.630374 0.488321 -0.617757 -1.34854 -1.21495 