-0.485332 -0.579569 1.17873 -0.638803 0.339829 1.39117 0.651104 0.736164 0.0189222 1.34879 -0.709667 -1.43556 -0.561414 0.180177 0.82304 -0.278582 0.2397 -1.02241 -0.0682415 -0.256574 -0.30969 -0.114999 1.42861 1.04308 -0.393107 -0.294976 1.65807 -1.24245 -0.0578694 0.376912 -1.42935 0.0563173 0.568908 0.794818 -0.519672 0.899647 1.34917 -0.654672 -0.71056 
-0.727436 0.310585 0.86227 -0.415902 0.774168 1.9144 1.44415 0.364938 0.338139 1.91046 -0.657504 -2.96253 -0.177468 1.47456 -0.341591 -0.656536 -0.187267 -0.750189 -0.10061 1.02509 0.443303 0.338469 -0.176973 0.555237 -0.85595 -0.467361 3.51777 -0.810275 -0.539145 -1.82678 -1.89971 -0.172763 -0.564953 0.474706 -1.53464 -0.0300463 1.07233 0.0590528 -1.85285 
-0.130103 -0.717437 0.86582 -0.733071 -0.0363022 1.33373 1.19231 1.11561 0.299611 1.15945 -0.232943 -2.3069 -0.837724 4.69756 -2.03092 -0.563581 -2.45176 -1.65914 -0.165879 -0.516815 0.855956 -1.63921 -1.49311 0.266884 0.489621 -2.15556 0.497584 1.22896 -1.00303 -1.67794 -0.145689 -0.170999 0.522141 -0.500553 -0.310019 -1.51318 -0.301853 0.27579 -0.196634 
0.482211 -0.570442 0.591728 -1.71181 -0.0466881 1.82611 1.16404 1.11634 -1.03568 0.226619 -0.405 -2.41533 -1.5545 -0.777664 2.08462 -0.913323 -1.84459 0.540044 -0.131141 -0.302966 -0.973392 -0.6908 -1.65602 -0.938306 1.23038 0.223877 1.30765 -0.191802 -0.61087 -1.50913 0.0131194 -0.87952 -1.60134 0.758747 0.518343 -0.958917 0.428336 2.56108 0.38432 
-0.371939 0.212019 0.435869 -1.70678 0.218844 1.26186 1.02612 0.218063 -0.280774 -0.709368 -0.917579 -0.978777 -0.663338 -2.87929 1.71801 -0.391096 0.624276 1.67275 -1.01754 -1.68233 0.00379495 2.23515 0.321026 0.249663 2.81518 2.68625 -0.070356 -0.220605 0.436706 -0.155705 1.01581 0.520147 -0.610159 -0.154943 1.02761 -1.13069 -2.02908 2.34238 -0.176562 
-0.316767 0.197738 0.399802 -1.37543 0.762663 1.33536 0.263116 1.09962 0.83175 0.602774 -0.165886 0.583528 0.22538 0.688359 -2.43921 1.60196 1.65568 0.886359 0.827724 -0.532612 0.82474 1.86971 0.279103 -1.57276 1.79398 -0.440613 -1.28923 -1.44442 1.25811 0.0327712 0.684095 -0.74799 -0.383939 0.773708 2.31927 0.764264 -0.198488 2.9354 1.00519 
-0.225132 -0.84862 1.15236 -0.823106 0.643434 1.64312 0.737598 0.941327 1.28094 -0.380816 -2.09556 0.943513 -0.922207 1.1027 -3.84354 2.36826 -0.584999 -0.713735 0.0107896 1.15797 0.872468 0.422391 0.561613 -0.505383 0.969607 -1.32819 1.15185 -2.68841 2.02992 -0.125339 1.40861 0.909514 0.372965 1.49779 1.03562 0.936898 0.111587 1.10183 -0.174437 
-0.0601177 -1.48068 1.46556 -1.68076 0.404368 1.33056 0.875099 1.8659 1.18265 1.25212 -0.513887 1.63674 -0.612202 0.914239 -1.48646 1.58592 -1.80783 1.0935 0.391849 1.04952 0.850662 -0.681628 0.809384 1.69906 -0.360341 0.226708 0.821678 -3.1143 2.53105 -0.431586 0.919429 0.3594 0.901051 -0.203132 0.204582 0.404821 -0.64275 -0.770637 -2.22655 
-0.0184439 -1.49013 1.86153 -1.77731 1.16937 1.81839 1.29182 1.68796 0.708224 0.549883 -0.72941 0.594657 -0.745975 0.0428374 -0.69843 1.60575 0.0620846 2.00434 0.469881 0.0854278 -1.0743 -0.185634 -0.107576 -0.297683 -1.93698 -1.62034 0.581768 -1.99581 1.55017 -1.99591 1.55374 -0.701778 0.891058 -0.229354 0.236497 0.587082 0.514573 -0.373886 -0.010097 
-0.0844385 -1.77553 2.18377 -1.64271 1.37596 1.54271 0.915786 0.877397 1.02488 1.14159 -0.700382 -0.374256 -1.64027 -0.100808 -1.43698 0.849388 -0.608998 1.09085 -1.33653 0.180129 -1.08144 0.954919 -0.138019 -1.07627 -0.0982923 -0.221615 0.37361 -1.24214 0.762839 -0.0551392 1.89592 -0.38783 1.22185 0.0739734 1.00258 -0.451585 -0.110741 -1.18263 -0.947846 
-0.080845 -2.10987 2.23501 -2.09537 1.69401 1.1769 1.38295 0.693021 1.50463 0.404783 -1.52132 0.522059 -0.862055 0.482441 -1.13439 -0.405507 -0.12924 0.662141 -0.992875 1.59929 1.1783 1.3359 -0.459567 0.150069 0.441317 0.375793 0.545614 -1.32588 -0.137809 0.138604 0.957936 -1.8135 0.196929 -0.178902 0.93219 -0.242318 -0.102143 -0.742249 -0.298855 
0.00777964 -2.26216 1.98528 -1.70618 1.69084 1.06361 1.76284 1.91935 2.14001 0.631366 -0.538712 0.122016 -1.36683 0.864191 -0.517018 -1.06198 0.776405 0.254012 -1.10139 0.094605 0.906344 0.114766 -0.179593 0.939248 -0.832683 -0.158088 0.617647 -0.991076 -0.918139 0.122424 0.776395 -0.949644 0.975821 -0.368013 0.291587 -1.09376 -0.179658 0.446203 1.24301 
0.112575 -2.32491 1.7373 -1.67827 1.80921 0.64652 1.42852 1.48984 1.59817 0.212474 -0.745998 -0.324753 -0.936715 0.380658 -0.33512 -1.03118 0.277058 0.426926 -0.284737 -0.253033 -1.56211 -0.999547 -0.873304 -0.382591 0.151631 1.29918 0.863787 -0.616906 -0.827216 1.30865 0.683169 -0.314736 -0.156369 -0.0768199 0.39825 -0.436103 0.378095 0.630932 1.01227 
0.0730151 -2.39718 1.50161 -1.55406 1.89064 0.919159 1.62325 0.491149 1.30133 -0.348668 -0.79123 0.312895 -0.491335 0.33964 -0.411045 -0.232076 0.807557 0.7037 0.676574 -0.305904 -0.968774 0.343692 -0.369088 -0.4846 1.6625 1.52558 1.11263 0.0154724 -0.473301 0.217202 -0.19822 0.293554 -0.674012 -1.86286 -1.00562 -0.566153 -0.692795 1.01506 1.52861 
0.166937 -2.49333 1.61785 -1.24464 2.14443 0.956349 1.26076 0.596459 1.88323 -0.195011 -1.07784 1.45893 0.0863962 1.16765 0.322152 0.292305 -0.0144921 -0.711087 0.676964 -0.670388 -0.471506 -0.149075 0.16955 -0.482133 1.17075 0.756392 2.3244 0.525252 -1.52084 -0.331991 -1.29271 0.549155 -1.64209 -0.582374 -0.534889 0.174567 -0.688063 1.51536 0.491045 
0.346882 -2.24306 1.62117 -1.55665 1.53364 1.22917 1.26134 0.045997 1.17414 -0.144516 -1.12115 1.57816 0.0302573 2.88611 1.13576 -2.15005 -1.20989 -2.52999 0.0589717 -1.9493 0.348383 -0.953443 0.548571 -0.374294 0.301396 -0.852668 2.1876 0.740606 -0.702887 0.251657 -1.38653 -0.158752 -1.19024 1.65863 0.106944 0.239182 -0.929601 0.65309 0.435137 
0.896369 -1.98129 0.624215 -1.88156 0.897489 0.974319 0.21763 0.890343 1.08312 0.439527 -1.3239 1.80769 -0.441138 1.86873 0.714198 -1.39133 0.318771 -1.2474 -0.892265 -0.963212 2.32442 0.274061 0.0869798 -0.674343 -0.312518 -0.157984 1.57632 1.26922 -0.699077 2.17657 -1.88186 0.852078 -2.93614 0.00793981 -1.52986 -1.68227 -0.759543 -0.773514 -0.192591 
0.806606 -1.91647 0.973348 -1.38239 0.914239 0.79762 0.743459 2.12105 1.40095 -0.0341252 -1.60053 1.27972 -0.0443347 -0.695917 0.665525 1.05701 3.84464 -0.126415 1.08345 -2.08613 -0.317268 -0.795302 -2.58318 -0.572665 -1.27246 0.614571 2.40621 2.69905 -2.17653 1.96685 -2.69595 -2.22628 -3.93188 -0.947499 -1.92945 -1.7405 -2.08278 -1.22271 -0.381647 
0.676204 -1.67612 1.09232 0.163675 0.826554 1.47643 -0.898383 0.584218 0.415309 -2.48212 -1.72422 0.497254 -0.0120144 1.47028 3.15615 -2.01938 2.06207 -2.55606 -2.10009 -4.44206 -3.34779 -2.48024 -2.19103 -1.90289 -1.23454 -0.332047 1.16333 2.5594 -1.38264 3.48002 -1.46958 -2.59579 -1.79593 -1.78938 -0.358154 -1.60844 -0.980625 -1.42625 -0.610985 
1.1607 -0.515639 0.0392691 -0.283063 -0.345458 -0.20471 -1.62746 -0.916736 -0.676455 -2.51047 -3.03522 0.0092536 -0.232418 2.31441 3.00274 -3.22235 0.368167 -1.94909 -4.57214 -0.380716 -1.63525 0.387868 0.636602 -0.646674 -0.535594 -1.41022 1.05005 2.73494 -2.41561 2.41099 -0.435637 -2.78151 -2.35013 -3.54491 -0.934675 -0.772466 0.702678 -1.05201 -0.984828 
1.25408 -0.342772 -0.390061 0.364143 -0.136169 -0.694111 -1.10599 -0.909913 0.737325 -1.74762 -2.18209 -0.0363595 -0.903077 -0.00860629 0.766131 -1.76637 0.856482 1.93738 -1.63805 1.2128 -0.542238 1.41283 1.24127 2.75743 -0.0936364 -0.961778 1.16792 2.54597 -3.19965 -1.19203 -0.446847 -4.1113 -0.609027 -2.39352 0.0610214 1.41748 0.541051 -0.57409 -0.979638 
1.12274 -0.166205 -0.77949 0.176526 0.593368 -0.988694 -0.986269 -1.42564 0.503032 -1.08935 -0.846092 -0.0584357 -0.831092 -0.689565 0.646096 -1.79332 -1.81174 1.31462 -0.952147 -0.453305 -0.984028 -0.315452 1.02493 1.30209 -0.179755 0.123307 -0.119097 1.21688 -1.74962 -0.23574 1.4935 -1.26006 0.809357 -0.515968 2.12695 2.22453 2.03346 -0.242255 -0.78054 
1.0356 -0.046143 -1.2211 -0.592142 0.497955 -1.15396 -1.35227 -1.81704 0.470952 -0.572161 -1.12462 -0.194837 -0.794263 -0.14817 0.959414 -0.974649 -1.14229 0.162093 -0.0565099 -0.0955548 -0.00486303 1.02455 1.38259 -0.263327 -0.196208 -0.0598147 -0.409394 0.835961 -1.49664 -0.975629 1.04951 -0.404437 -0.477378 0.0667339 1.27483 1.75114 1.61538 0.790362 -0.0490891 
1.04778 0.268256 -1.23739 -0.424517 0.663593 -1.0253 -1.04198 -1.45017 1.35769 0.492235 -1.00587 -0.234259 -0.841677 0.130929 0.528239 -0.550852 0.630166 0.159265 0.406846 -0.199606 1.08003 1.77737 1.03447 0.67693 1.21401 -0.170175 0.132268 0.517276 -1.13633 -0.114123 -0.352091 -0.143121 -1.10389 0.771934 0.916511 0.775207 -0.171861 0.194366 -0.461744 
1.03463 0.198639 -1.48584 -0.252645 0.566797 -0.971597 -1.46341 -0.863664 1.95541 0.614122 -0.553272 1.11603 -0.876803 0.339359 -0.246237 -0.80431 1.00372 -0.663058 -0.137796 -1.41924 0.879168 0.0271838 -0.486905 0.0404115 0.466231 -0.536953 0.642198 0.265488 -0.391793 1.96007 -0.0303259 0.623007 -0.347488 1.45156 0.606148 1.08491 1.01867 1.07684 -0.482993 
1.10207 0.172335 -1.61766 0.113205 0.330093 -1.10031 -1.80278 -0.677848 1.37796 -0.0490345 -0.92947 0.288279 -1.16336 0.766155 -0.179418 -0.0601624 1.74246 -0.206864 0.427896 -0.274615 0.544348 -1.08092 0.230515 0.566923 0.187591 -0.45491 0.834808 -0.382422 -0.707542 1.85546 -1.03702 0.379318 -0.319258 1.5862 -0.342315 -0.184916 1.31823 0.803546 -0.608953 
1.20206 0.132113 -1.52693 0.677082 0.4565 -0.779285 -1.6145 -0.393141 1.04865 0.887501 -0.0674602 1.34482 -1.14499 0.824355 -0.342511 -0.302016 1.24226 -0.802974 0.64522 0.983858 0.893813 -0.416485 0.23774 1.57251 0.58493 -0.255985 1.20085 -0.33483 -0.226083 1.35983 -1.36539 0.135431 0.614463 1.08384 -1.15897 -0.929919 1.14032 0.353508 -0.760699 
1.28493 0.0340627 -1.76898 0.777505 -0.0718649 -0.8053 -1.28353 0.107679 1.02706 0.232548 0.338273 0.935952 -1.30185 0.904267 -0.340462 -0.290905 -0.0965308 -1.72183 -0.248057 1.12375 0.674198 -0.243241 -1.36802 0.826812 0.286495 -0.540243 1.04952 -0.0214421 -0.386893 0.702447 -1.73032 0.0842261 1.16387 0.529339 -1.3081 -1.15184 1.47705 0.227056 -0.586656 
1.4061 -0.00525826 -1.67319 0.630963 -0.395031 -0.906406 -1.02074 0.194427 0.842689 -0.6543 0.620438 1.67787 -1.46882 0.636588 0.276125 -0.301312 -0.392216 -1.63991 -0.534158 0.621099 -0.287251 -1.0784 -1.63987 0.236082 -0.272989 -0.507241 0.828543 0.283171 -0.0748128 0.19703 -2.16368 -0.64138 1.29763 -0.185191 -1.71528 -2.51698 0.472666 -0.731557 -0.330873 
1.41801 0.167936 -1.91998 0.574482 -0.883316 -1.06762 -0.957516 -0.171389 0.122419 -1.61794 0.566827 0.679184 -1.60416 0.250775 0.714871 0.177133 0.334674 -1.33165 -0.615502 0.665215 -0.856233 -1.71776 -1.6619 -0.255649 -1.20376 0.117873 0.662601 0.354715 0.76796 0.922656 -1.60296 0.226543 0.974564 -0.609196 -2.50339 -1.97754 0.329123 -0.712282 0.766356 
1.43691 0.321626 -1.60613 0.813658 -1.05566 -1.20717 -0.671228 -0.597513 -0.596839 -2.5298 0.466627 0.439862 -1.36355 0.28874 0.201815 1.50959 1.50887 -0.623518 0.836376 0.723427 -0.362742 -1.78479 -0.746823 0.158231 -0.61956 1.54703 0.115885 0.0657949 0.669649 0.837024 -2.03785 -0.268975 0.37015 -1.03871 -2.7007 -0.863782 -0.53901 -2.15457 1.1551 
1.45888 0.26912 -1.2456 1.38025 -1.19747 -0.682277 -0.576993 -0.518503 -1.37318 -2.45435 0.734845 0.0570519 -0.567065 -0.0822662 -0.655019 0.876923 0.678301 -1.54454 0.252151 -0.152181 -0.267792 -1.3713 0.603253 -0.419606 -1.53819 1.43995 0.0175407 -0.194332 1.2851 0.61256 -1.35102 0.764325 0.570769 0.536519 -1.02778 1.34695 0.470892 -0.561282 2.15889 
1.37942 0.0458763 -1.2201 1.1787 -1.82044 -1.09791 -0.757107 -0.85904 -1.74652 -1.83317 0.185325 -1.15072 -0.396274 -0.256369 -0.518385 0.509921 -0.767646 -1.28493 0.188181 0.065598 0.977228 0.610804 2.32425 0.410746 -0.0793653 1.34844 -0.155695 -0.338229 1.11939 0.0580963 -1.01262 0.943986 -0.415515 -0.340062 -0.17694 1.47188 -0.308221 0.0120227 1.98149 
1.35524 0.0534777 -1.02685 0.978012 -1.83524 -0.603246 -0.54687 0.342212 -0.864661 0.196521 1.09921 0.0044076 0.340551 -0.125173 0.130221 0.882637 -0.608364 0.112888 1.01372 -0.415624 -0.0851684 1.17131 1.12315 0.0286906 1.5744 1.21911 -0.685802 -0.124794 0.824719 -0.914067 -0.340838 0.139619 -0.231254 -0.783474 0.690695 1.9406 -0.67858 -0.0883819 1.38821 
1.31056 0.115565 -0.831477 0.860978 -1.77429 -0.628754 -0.983311 -0.955953 -0.769087 -0.546186 0.252614 0.540084 0.427016 -0.684898 0.302442 0.787391 -0.339401 0.799825 -0.0027167 -0.379916 -1.81957 0.182429 -0.0389448 -1.25796 -0.0131721 0.520026 -0.735299 0.136493 1.12699 0.214747 0.305317 0.715621 0.648285 0.365682 0.598414 1.18724 0.113981 1.63345 1.11591 
1.138 0.198929 -0.681638 0.803015 -1.45299 -0.614427 -0.754053 -1.31806 -0.714513 0.163922 0.166022 0.0215459 0.70803 -0.884613 0.0319363 0.888851 0.867956 0.312433 -0.0545832 1.31129 0.511109 -0.483711 0.263847 0.100561 0.540923 0.286493 -1.07227 0.55639 1.52922 -0.174532 0.342243 -0.642659 -0.387651 -0.788081 -0.672245 -0.454627 -0.839448 0.422501 -0.215486 
1.04037 0.142016 -0.440018 1.32666 -1.63051 -0.664446 -0.289659 -0.515392 -1.17622 -0.234957 0.375788 1.14136 0.642228 -0.791357 0.467334 1.61507 0.127699 -0.322477 -0.862559 -0.149558 0.972144 -0.949418 -0.531825 0.212551 0.575728 -0.788633 -1.13583 0.681417 1.22449 -0.208584 0.229701 0.211487 0.130605 -0.0551133 -1.31756 0.867576 -0.630026 -1.11747 -1.3932 
0.892532 0.416918 0.0408214 0.875881 -1.61985 -1.03194 -0.838534 -0.461929 -1.51125 -0.428354 0.376279 0.659518 0.222248 -0.679635 0.918763 1.03557 -1.12088 0.00634511 0.336579 -1.1278 -0.549583 -1.022 0.74198 -0.887951 -1.95304 -2.12451 -0.937614 0.119795 0.973941 0.647004 -0.562349 -0.174478 -1.22651 0.304116 0.149474 0.119144 -0.484561 0.129376 -2.09098 
0.824526 0.558595 0.0183143 0.736971 -1.63649 -0.515287 -0.895208 -1.03092 -2.03369 0.619202 -0.269693 -0.886553 -0.714561 -0.498494 -0.32934 -0.0836714 0.655221 -0.474741 0.626135 -1.53393 -0.614152 1.12309 0.645221 -0.820723 -0.38904 -1.97923 -0.785418 0.513999 0.545754 -0.663829 0.865045 0.856945 -1.08103 -0.656641 0.946511 -0.0525154 -1.50551 -0.906758 -1.52722 
0.724704 0.284439 -0.0109838 1.22867 -1.86121 -0.745948 -1.66041 -1.03566 -0.574161 0.315933 -0.216927 0.280407 -1.03982 -0.399532 -0.21033 -0.175868 0.316796 1.20763 0.812384 -0.355557 -0.152773 2.10808 -0.833271 -0.978065 0.811114 0.107901 -0.664123 0.195796 0.188115 0.771674 0.228769 0.498744 -0.735554 -0.980764 1.23552 0.00706421 -0.0528736 0.323336 -0.629226 
0.682933 0.478471 -0.0755131 0.91018 -1.05471 -0.14128 -1.08942 -1.18877 -0.272564 -0.315374 -0.985245 -0.000430152 -0.615792 -0.412764 0.577313 0.382352 0.278635 0.792205 0.0416985 0.525845 -0.445926 0.293828 -0.66547 0.744404 0.824438 1.15928 -0.930359 -0.651242 0.132956 0.254562 0.367069 -0.270549 0.449411 0.792981 2.21942 0.406114 0.967377 1.6114 0.265833 
0.579604 0.550809 0.149619 1.38163 -1.48269 -0.73614 -1.38513 -1.45775 -0.330818 -0.428099 0.406892 1.18058 -0.25554 -0.880276 -0.76742 0.38802 -0.00900018 -0.695301 -1.17785 0.977629 1.05031 0.435161 1.28885 2.15873 1.27594 0.264893 -0.809269 0.192189 -0.127976 0.534754 1.52015 -0.296404 0.570075 0.380462 0.656193 1.05417 1.45199 0.323551 0.400903 
0.413895 0.153275 0.0876731 0.910508 -1.40399 -0.707788 -0.573491 -0.262186 0.0890161 1.15977 0.738334 1.37573 -0.414663 -0.69942 -0.334561 -0.579519 0.368386 1.34481 -0.441892 0.262226 0.888178 0.45991 1.89379 1.03332 -0.388764 -0.606493 -0.731075 -0.606547 -0.35145 0.0885602 0.23369 -0.723088 0.663502 -0.271532 0.0368168 1.03405 1.56466 0.194469 -0.348196 
0.358511 0.416034 -0.128188 1.58222 -0.833794 -0.95486 -1.25028 -0.677308 0.0514666 1.73397 1.25537 0.801755 -0.622565 -0.123663 -0.145653 -0.935749 0.11582 1.0197 0.204542 -0.0610313 -1.32763 -0.390453 -0.0845179 -0.242192 -1.00579 -0.710349 -0.68721 -0.372353 -0.0391503 0.167364 0.414936 0.634108 0.611944 -0.546586 -0.365516 1.42862 0.140038 -0.500093 -0.376061 
0.345435 0.101603 -0.352499 0.977071 -0.914157 -0.621026 -0.610817 -1.47904 -0.240102 1.07542 0.594988 0.346425 -0.849403 -0.243796 -0.239618 0.521691 -0.166159 -0.765032 1.29154 0.583443 -1.46907 -0.875771 -0.218978 -0.871967 -0.2317 0.123905 -0.35181 0.0775506 -0.337244 0.508726 0.197418 0.201091 -0.0922079 -1.61338 -1.77029 -1.64368 -0.933701 -1.03446 0.0586615 
0.258203 0.323025 0.095924 1.49915 -1.21719 -0.354418 -0.944317 -2.02165 -0.683663 1.49694 0.622316 0.588515 -0.513362 -0.355258 0.222516 0.410305 0.499689 -0.746408 0.0634902 -0.0620014 -0.430633 -1.63352 -1.90409 -0.919336 -0.299879 0.807068 -0.567656 0.237462 -0.196977 -0.124722 0.22792 0.315774 0.29714 -1.28991 -1.60957 -1.82884 -1.69652 -0.521528 -0.146588 
0.215579 0.211893 -0.179155 1.24733 -1.28844 -0.60092 -0.64866 -1.88735 -1.60916 -1.07509 -0.0748975 0.0613091 -0.294769 -0.533922 0.547883 -0.827101 0.0147605 1.0813 -0.869472 -0.17085 0.0678006 -0.964216 -1.99041 -1.22938 -0.416251 -0.300699 -1.02323 1.03135 -0.386275 -0.208049 0.314189 -0.890311 -0.0823365 0.914145 -0.850808 -1.32591 -0.356609 -0.059311 1.16201 
0.0809835 0.576449 -0.294728 1.51209 -0.697218 -0.775198 -1.04014 -1.98068 -1.49278 -0.751593 -0.288655 0.180717 -0.681006 -1.05311 1.23456 -1.01266 -0.751969 1.18423 -1.26141 -0.0474512 1.46189 0.662126 0.294394 0.468805 0.244618 0.759965 -1.15326 0.526476 -0.976413 -1.79412 0.936404 -0.0169192 0.814943 1.53984 -0.477607 -0.704111 -0.155613 -0.279347 1.1674 
-0.0992787 0.767393 -0.654384 0.853408 -0.718109 -1.20692 -0.678753 -0.589766 -1.0577 -0.729174 0.334619 0.350217 0.229153 -1.05444 0.178605 -0.700999 -2.18727 0.233219 0.844677 1.29579 1.65401 0.420038 1.12215 1.02648 0.0788432 1.87492 -1.07941 0.409967 -0.210406 -0.822567 0.918074 -0.331686 0.836455 1.88692 -0.0781676 0.427317 -0.599174 -2.14809 1.38325 
-0.234227 0.667422 -0.627903 0.356531 -0.592193 -0.38593 -0.354745 -0.509926 -1.14386 0.534262 0.554504 0.294861 0.56988 -0.433022 -0.676663 0.686189 -0.2443 0.104462 0.813824 1.20198 0.642984 -0.749046 0.186469 -1.21818 -2.97827 1.10189 -1.16221 0.293906 -0.44427 -1.58021 -0.0985259 -0.845525 0.581928 0.901775 0.538975 0.304257 0.733793 0.112768 1.3187 
-0.24975 0.482122 -0.355296 0.728875 -0.676081 -0.832227 -0.0433253 -0.0303337 -1.68681 -0.505811 -0.567647 -2.75853 0.976014 -0.546312 0.211339 0.00766457 0.27373 -0.376912 -1.98244 -0.491408 -0.636403 0.199514 -0.788028 -0.133603 0.0865488 -0.0990799 -0.792446 0.170672 0.258417 0.0916786 0.70978 0.0803279 0.523716 1.04308 0.732915 0.416028 -0.281581 -0.639151 1.16808 
-0.414731 0.772795 -0.638079 0.506887 -0.785689 -1.33266 -0.621316 -1.10371 -0.979414 -0.348939 0.495595 0.417127 0.533694 -0.655874 0.88828 -0.277228 0.354896 0.890745 -0.707998 -0.477687 0.53057 1.59061 0.280932 0.860089 2.17949 0.473225 -0.480423 0.364685 0.163298 0.392272 0.459764 -0.50215 1.22613 0.43817 0.183287 -0.856913 0.147286 -0.592891 0.386783 
-0.459299 0.885291 -0.495322 0.922302 -0.249346 -1.1767 -0.302587 0.42777 -0.358599 -0.175182 0.146127 -0.429824 1.31298 -0.11065 0.281028 0.252086 0.20079 1.01985 1.30589 2.18201 1.14235 0.0128661 -0.262429 0.303886 -0.826005 0.633051 -0.813702 0.558342 -0.663596 -0.55405 0.285143 -0.377357 -0.691097 -1.10838 0.412176 -0.107967 1.53742 2.26436 0.969277 
-0.479741 0.908826 -0.53685 0.618539 -0.295787 -0.725437 0.536136 -0.0941639 -0.971121 -0.63531 0.776872 -0.422645 0.974867 -0.462446 -0.115678 -0.760159 -1.02608 -0.49385 0.199071 -0.469239 -1.73149 -1.11621 -0.438344 1.02288 0.744836 0.836973 -0.328612 0.720737 0.640863 0.747975 1.25936 0.706829 1.05962 0.927465 0.182896 0.663443 0.320016 -1.18831 -0.326414 
-0.61757 0.846805 -0.855462 0.382926 -0.500057 -1.09252 -0.557349 -1.15311 -1.29488 -0.661309 0.986487 0.386427 1.88711 -0.33616 0.72657 0.756813 0.704375 0.74971 -0.358563 -0.720479 -0.0963886 0.199066 1.02485 0.079207 -0.676938 -1.04948 -0.596133 0.0362845 -0.705999 -1.26977 -0.0450428 0.572677 0.460745 0.0446512 -0.132924 -0.331555 1.00025 -0.0887838 -0.850676 
-0.604534 1.24086 -0.205572 0.997413 0.0619432 -0.904779 0.147549 -0.201191 -0.807055 0.540053 0.883441 -1.10527 0.319009 -0.354692 0.132826 -0.343746 -0.511612 0.425515 0.568069 1.1069 1.80312 0.966609 0.0143249 0.198277 -0.837889 -1.95203 -0.919357 0.521556 -0.0747866 -0.420213 1.00562 0.390739 -0.300559 0.778247 0.423851 -0.62545 -1.25172 0.103282 -0.386524 
-0.747276 0.917639 -1.02581 0.116547 -0.300947 -0.833972 0.0274353 0.45205 -0.488694 -0.633419 1.18564 -0.465873 0.64278 -0.928418 -0.00720065 -0.870544 -1.21352 0.662337 0.881327 0.310818 0.977661 0.288699 -1.79931 -1.63254 0.830166 0.55295 -0.901965 0.255507 0.462194 -0.137482 1.08856 0.630714 1.13379 1.88499 -0.155372 0.392011 0.279612 -0.609892 -0.933091 
-0.886334 1.25009 -0.616024 0.358572 0.376924 -0.498192 0.308291 0.659914 -0.568003 -1.49148 -0.341022 -0.199059 0.707955 -0.885811 0.201553 1.07237 0.344766 1.1034 0.277025 0.456668 0.299623 -1.14191 0.424438 0.135037 0.0766315 0.727147 -1.23091 -0.0248867 0.335227 -0.228045 0.509098 0.342784 0.371174 0.738922 0.336647 -0.292755 -0.306531 0.0108549 1.36826 
-1.01778 1.01871 -0.550702 0.304598 0.229833 -0.712956 0.265866 0.701982 -1.44647 -0.139836 1.33563 -0.354062 1.1453 -0.767447 -0.0641702 1.4 0.937029 0.0501105 -0.422975 0.203625 -0.139789 0.099239 1.42155 1.24371 -0.795455 1.28893 -1.07153 0.177297 0.89624 0.132849 0.311414 0.314835 0.401286 -0.0610521 0.851861 1.04984 0.840973 0.0942778 0.646563 
-1.12546 1.23426 0.00840897 0.860903 0.392359 -0.707973 0.411936 0.513766 -0.487451 0.134352 0.671047 -1.00662 1.57677 -0.58942 0.0196494 0.337137 -0.184327 -0.669484 0.143786 0.0991999 -0.344652 2.11964 0.798724 0.889892 0.0650512 0.153005 -0.582649 -0.0746101 0.443831 -0.228948 -0.23919 0.260417 -0.324363 -0.458957 0.14345 0.923986 2.12535 0.766075 1.07924 
-1.20971 1.03975 -0.410708 0.21189 -0.106811 -0.654905 0.313888 0.371175 0.32432 0.778758 2.07257 -0.254458 1.27348 -0.0310254 -0.0791538 -0.700178 -1.21461 -0.391998 0.770693 -0.646034 -0.344391 0.0675376 -0.348463 1.36362 1.79857 0.167798 -0.6046 -0.260014 0.567419 -0.469565 0.643323 1.75954 1.40321 0.473445 1.09333 0.53264 -0.211307 0.578223 0.819619 
-1.16936 1.21185 -0.324393 0.221482 0.191481 -0.353667 0.0630025 0.183193 -0.43342 -0.249712 1.77636 0.920498 1.71459 -0.23944 -0.431265 0.556552 -0.384568 1.57105 2.21752 1.83501 0.889526 -0.865484 -0.192275 -1.16141 0.697183 0.95776 -0.577497 -0.489722 -0.411651 -1.39387 0.348273 0.98341 0.222109 -0.0248482 -0.0764166 0.316446 0.46789 0.610031 0.496799 
-1.30887 0.862437 -0.170707 0.0129261 0.652782 0.383123 1.28651 1.15284 -0.402203 0.572048 1.21446 0.511556 1.92637 -0.760315 -0.664866 0.0580129 -0.473323 0.877844 0.548135 0.955407 0.339319 -0.152453 0.697123 -0.798338 -0.995547 0.51278 -0.291927 -0.12272 0.799445 -0.840205 1.21099 1.38413 1.10344 1.21479 -0.334877 -0.122399 -2.01973 -0.428477 1.46776 
-1.4066 0.931765 -0.31162 -0.0245789 0.611905 -0.104534 0.567091 0.468906 -0.56343 0.553511 1.20056 -0.098009 2.07735 -0.156587 0.218323 0.701114 -0.633056 0.130362 -0.36045 -0.313193 0.473541 0.484697 0.0176543 -1.33815 -1.22582 1.01671 -0.548597 -0.484757 0.54341 -0.894774 1.01475 1.00757 1.4376 0.993577 0.708836 0.715922 -1.46853 -1.46909 -0.312264 
-1.38605 0.970883 0.135184 -0.317897 0.707482 0.202889 1.11486 1.55953 0.000818318 0.603719 0.218912 -0.749708 2.61769 0.00898087 -0.0719682 0.798014 -0.610367 0.547059 0.80314 1.02612 0.779604 0.966454 0.127873 -1.02212 -0.867443 -0.910352 -0.526407 -0.0806693 0.294452 -0.465783 -0.214353 -0.054445 -0.444845 -0.80214 0.562232 -0.489554 -1.18534 -1.41946 -0.591804 
-1.4399 0.912508 0.0384366 -0.343362 0.870484 0.265105 1.10885 1.15149 0.242623 0.710337 0.450749 -0.981466 1.5122 -0.56403 -0.370416 -0.235625 0.06874 -0.437255 0.285252 -0.294963 -1.33648 0.161479 -0.630071 -0.133413 -0.573531 -1.78679 -0.181997 -0.0401997 1.10855 -0.215854 0.548698 2.15079 1.10341 0.925909 0.229499 -0.280918 -0.0102788 -0.821101 -1.28323 
-1.57126 0.820335 0.01412 -0.276317 0.484461 0.327792 0.952933 0.334709 0.133439 -0.100118 0.16015 -1.32332 1.4811 -0.252831 -0.0215616 0.944532 0.348636 0.221184 2.08369 0.495651 0.264637 -0.701174 -0.491511 0.998281 -0.164643 -0.781128 -0.524446 -0.461426 0.491638 -0.562361 -0.0537023 1.33 -0.00810428 -1.11163 -0.0174607 -0.276089 0.740113 0.172199 -2.19292 
-1.5426 0.915425 0.455275 -0.153257 0.96962 1.23989 1.36804 1.36988 -0.34644 0.163838 1.27198 -1.12401 1.03131 -0.153872 -0.332658 1.01044 -0.749982 0.356719 1.49911 0.287631 0.131964 -0.178904 0.272191 1.03408 0.81513 -1.11693 -0.465095 -0.549105 1.08781 0.462151 -0.335351 1.07944 0.0656992 -1.08112 0.696057 0.481191 -0.0497923 -0.538899 -1.35261 
-1.64772 0.686397 0.460997 -0.669185 0.649911 1.02632 1.10132 0.433515 -0.0187001 0.220584 1.00922 -0.432959 0.781261 -0.382911 -0.808389 0.765486 0.210485 -0.698562 -0.635873 -0.401451 -1.43547 1.50055 1.03661 -1.0708 -0.505581 -1.0028 -0.253823 -0.560517 1.24329 -0.198419 0.0469327 1.53182 -0.538629 0.111219 0.567524 1.26793 1.81172 0.580783 -1.61003 
-1.67979 0.572207 0.790505 -0.0364608 0.618749 0.929498 1.14939 0.0558229 0.906428 1.35256 0.484314 -1.62598 0.405891 -0.189406 -0.513807 0.943476 0.50936 -0.29546 0.556327 -1.02481 0.0131364 0.831138 1.21102 1.18684 -0.0496136 -1.01004 -0.492872 -0.890087 0.374247 -1.05123 -0.627318 0.188262 -0.146854 -0.261735 0.648439 0.224224 -0.0218019 0.559188 -0.0235865 
-1.73361 0.472769 0.877353 -0.393793 0.496267 1.27933 0.550634 0.425212 0.67415 1.60735 1.97707 -0.454238 0.151119 -0.291283 -0.514986 -0.174823 -1.48359 -0.190197 0.886674 0.203241 1.16896 -0.755685 -0.797919 1.03277 1.24341 0.989918 -0.410916 -0.800844 0.213886 0.0723165 -0.54338 -0.206726 -0.499341 -0.610118 0.730396 0.123777 -1.36987 0.182765 0.0725058 
-1.79268 0.35806 0.697154 -0.818614 0.516607 1.33861 1.25283 1.08936 0.271761 0.458127 1.33236 -0.284127 1.07975 -0.371337 -0.680427 -0.604369 -0.422206 -0.475029 -0.836066 0.34168 -0.664147 0.00754381 -1.0921 -2.88573 0.304761 1.12521 -0.523561 -0.75855 -0.217145 -0.474003 0.0499197 0.77294 -0.558836 -0.137528 -0.90683 -0.0123921 0.394983 0.832429 0.417424 
-1.86773 0.185843 0.58822 -0.61273 0.254764 0.874334 0.727815 -0.193584 0.67799 0.378868 -0.221866 -0.101926 0.913184 -0.425394 -0.618047 -0.162223 0.909324 0.255664 0.149454 -0.968215 -1.29839 -0.279845 0.754471 -0.557311 -0.155211 -0.415114 -0.329715 -0.481102 -0.407058 -0.147168 -0.227978 -0.0670975 0.825508 -0.396241 -0.452741 -0.324202 -1.98026 -0.689349 0.541223 
-1.94113 0.0985759 0.609546 -0.330984 0.632614 1.39934 0.732283 -0.101133 0.0351762 1.32647 0.94398 -0.41673 0.837502 -0.0769988 -0.0511181 -0.0305904 0.243634 0.148939 0.743873 0.79779 0.249184 -0.523256 0.676849 0.434817 -1.1679 -0.385433 -0.404915 -0.646541 -0.496551 0.595007 0.209609 0.372155 0.0656526 -0.166217 0.17449 -0.380859 -0.804466 -0.183768 0.539885 