-0.536951 -1.29423 -0.0703855 0.333369 1.25827 0.940295 1.50338 0.289444 0.0180173 1.80599 0.947074 -0.891228 -1.2973 -0.0832633 0.403176 -0.941303 -0.931739 0.153859 -1.00479 0.0385425 0.305366 0.49319 0.125926 -0.467493 1.46957 0.386363 -0.162492 0.275364 -0.209236 0.817942 0.914698 -0.382554 -0.446751 -0.517129 -0.385884 -0.514708 -0.141578 0.579761 0.439213 
-0.45709 -0.596795 0.4175 0.112324 1.18153 -0.659378 1.34256 1.03045 0.447201 0.796076 -0.00535524 0.0245299 -1.20365 0.22312 1.26114 0.78013 0.769876 0.598882 0.144686 0.589706 1.25728 0.119552 -0.372922 -0.686598 -0.086392 -0.543962 1.55775 -1.6382 -0.928809 -0.488292 -0.852989 -1.39284 -0.0504527 1.29733 -0.122142 1.28021 0.650863 -0.400717 -1.24416 
-0.477935 -0.570287 0.638711 0.861801 1.59611 1.10311 1.99967 1.01108 0.149097 1.44787 0.356228 -0.950574 -1.70603 2.15323 -2.6194 -0.185447 0.334064 -1.20506 -0.544812 -0.119129 1.42282 -0.646372 1.26885 1.32757 -2.03035 -1.82682 2.15496 -0.100942 0.99092 -0.409455 -0.321124 -0.698962 0.0404867 2.20076 -0.61627 -0.0420773 0.741419 -0.525376 -1.90997 
0.422776 -2.065 0.279186 0.355587 0.491053 -1.30975 1.20721 1.84617 -0.160011 1.89366 1.1066 -1.75604 -2.62523 2.64355 -1.41527 0.377898 -1.26963 -0.995175 -0.919932 -0.555916 1.69182 -0.851124 0.325089 1.66375 -0.639319 -1.67263 0.737906 0.209982 1.18958 0.660245 -0.16676 0.275445 -0.168694 0.493057 0.615668 0.429839 0.779554 -0.366033 0.0474056 
0.610458 -1.35827 0.994801 0.0557019 1.02527 0.0103323 1.47509 1.97969 -0.65548 1.70866 1.75239 -1.49949 -3.00588 -1.17698 2.88234 1.57991 0.494785 0.998836 0.856981 -0.110171 -0.781533 1.35681 -0.801825 -0.301125 1.51546 1.89195 0.454393 0.168813 1.95163 0.0247021 0.00907639 0.470656 0.0257661 0.331145 -0.18377 -0.466154 0.497485 0.407577 0.56029 
-0.113652 -0.425219 1.69019 0.704016 1.05689 -0.306861 1.07984 1.40908 1.16369 1.15525 0.841639 -0.397067 -1.11075 -2.04552 1.62299 1.92353 1.30911 1.00547 1.44995 0.571192 -1.26935 0.625804 -0.83559 -1.00195 1.14798 2.33563 -1.36197 1.9348 0.601817 0.311592 0.892495 1.07072 0.839587 -0.427025 0.732311 -0.0424586 0.178605 0.671518 1.66845 
-0.29535 -0.429907 2.70737 0.936979 1.59489 1.71256 1.95489 1.26536 -0.0364119 0.940311 0.894944 -0.465894 -1.1411 -0.648106 -0.305729 -0.884977 -0.0989763 0.0992412 0.342689 1.149 0.179407 -0.509839 0.753576 0.550686 -0.657581 0.0628318 -1.70204 1.28353 0.635054 0.454403 0.329314 0.925044 0.271471 -0.763336 1.60494 0.283514 -1.04013 1.02813 1.18294 
-0.425157 -0.586408 0.937952 0.663924 1.10991 0.089476 2.07452 1.51812 0.688088 1.79596 1.29681 -0.962157 -1.0404 -0.233235 0.0800133 -1.18903 -0.735929 -0.600855 -0.412846 -0.24689 0.212725 1.2426 1.14298 -0.324028 0.181729 -0.946809 -0.493626 -6.34509e-05 0.918522 0.329537 0.562588 1.55637 0.75537 -0.393708 -0.548725 -0.00902056 -0.714006 -0.371033 -0.59643 
-0.430416 -0.373187 1.68828 0.480104 1.24883 1.21783 1.70568 1.39334 1.1772 1.92629 0.610618 -0.287839 -1.86789 -0.018568 0.286911 1.95684 0.517073 0.59261 1.39896 -0.216091 -0.736508 -0.142669 -0.765344 -1.45506 0.136077 -0.748226 -0.264205 -0.268191 -1.53674 -0.665802 -0.887279 -0.114074 -0.355494 -0.563511 0.0396658 -0.806708 -0.508516 0.126852 -0.644055 
-0.468928 -0.412809 2.67976 1.02694 1.44418 1.73156 1.85276 1.10662 0.566406 1.0899 0.056292 -0.824523 -1.61041 -0.12738 -0.4585 -0.66125 -0.0822205 -0.492565 0.290321 -0.21735 -0.999301 -1.20638 -2.02502 -0.314698 -0.0444887 0.205899 1.27881 -0.979167 -1.67258 1.89005 -1.82751 1.55014 -1.63372 -0.718444 0.0716511 -0.644901 -0.817838 0.22735 0.930088 
-0.520463 -0.620677 1.13239 0.450976 0.964499 1.5524 1.48281 0.832481 0.0301796 0.103313 0.33418 -0.310082 -1.68459 1.71642 -1.6191 -3.96879 1.83924 -2.84377 0.335738 -1.85578 -0.259445 0.216326 0.0598308 0.416456 0.134132 1.8423 3.82372 -2.14427 -3.31803 1.10382 -2.62278 -1.40725 -3.35219 -0.524399 -1.38423 -1.63299 0.050757 0.980932 2.65722 
0.225166 -1.31593 -0.778906 2.2551 -0.180435 2.1197 0.169878 0.966249 0.790768 1.11549 0.39798 -0.688612 -0.135124 5.22027 -2.43657 -3.30905 1.46201 -2.73784 -1.856 -4.01587 0.265582 -0.424108 0.241499 0.398981 1.31175 2.90149 3.20849 -3.30434 -3.35473 0.974484 -1.06908 -1.08777 -2.67021 1.29474 0.688217 -1.10578 1.34859 2.4484 0.733227 
1.66377 -1.98559 -1.74727 1.4323 -0.599731 -0.644364 -2.12493 0.990503 -0.362787 0.289982 0.661096 0.868521 0.626958 2.55572 -2.83209 -0.0451892 -0.620097 1.5265 -1.54488 -1.51971 1.98414 0.579035 -1.26816 1.34562 3.07472 -0.977707 3.02623 -2.56808 -2.44557 1.39071 -0.200285 -1.37238 -2.67556 1.01579 1.4028 -0.217732 -0.264919 1.04492 1.94383 
1.2762 -2.90429 -0.794128 1.87402 0.686187 0.289868 -1.21353 2.10099 1.36475 -0.0364074 1.52519 2.05097 -0.886311 -1.19128 -1.02701 0.37712 0.274096 2.49034 0.329242 0.633657 1.08213 2.05591 -0.480972 -0.722793 0.0401784 -0.625708 1.14739 -1.12071 -0.917169 -0.604225 1.51455 -0.977884 -2.14712 0.699255 0.648808 -1.28939 -1.29417 1.09492 0.942031 
1.12126 -2.55424 -1.39186 1.63632 0.816321 -0.263886 -1.58948 1.6126 1.63479 -0.163939 0.0396497 0.921244 0.153684 -1.0332 1.31003 -1.06771 -0.121573 0.337538 0.458363 -1.19788 -1.06419 0.170196 -0.140489 -3.00001 -1.65665 2.0857 -1.64388 0.651235 0.101615 -0.224069 2.29199 2.08953 1.31712 0.370032 2.06357 1.44109 -0.901796 -0.921592 -0.581718 
0.800924 -2.15272 -1.70673 1.81914 0.875052 0.822629 -2.31016 1.50325 1.54465 -0.188434 -1.02144 0.601279 0.781146 -1.0099 1.88184 -0.277505 -0.543598 0.330993 2.0074 1.00577 -0.607107 0.349338 2.05127 -0.424352 -1.29012 -0.0425365 -0.686553 3.1906 -0.120096 -0.83911 -0.729538 -0.494679 -0.447026 -3.14058 -2.02495 -1.24138 -2.62253 -3.11912 1.12942 
0.655894 -1.47965 -1.61097 1.3053 1.00146 2.09578 -0.722431 1.27464 1.98737 1.62739 -0.329491 -0.203909 0.140839 0.109151 2.95112 0.903453 -0.911832 -1.23673 -1.00563 0.618517 -3.20507 -2.55066 -1.21578 -0.371645 -2.5008 -0.75927 0.514001 2.83704 -0.647471 -1.48988 -1.9702 0.816724 0.896556 -2.92343 -2.99982 -0.809557 -2.28213 -1.98294 0.510611 
0.811471 -0.474082 -0.889406 1.24716 0.16652 -0.371224 -1.78819 -0.311226 -0.89815 -1.29389 -1.34602 -1.59584 0.202421 1.68745 1.90504 -0.514409 -1.29808 -2.75785 -1.09117 0.104706 -3.36869 -3.87091 -2.93643 -2.50724 -1.36408 0.647622 1.29295 1.94497 -0.129594 -3.00542 -2.27257 -0.709085 1.26862 -3.05629 -1.64692 -0.746523 -1.64038 -2.54927 -0.297295 
1.33767 -0.391954 -2.03798 0.480583 -0.57418 0.801042 -0.658324 -0.632825 -1.72805 -1.00369 -2.45953 -1.39455 0.672894 1.60756 -0.360862 -1.07901 -2.8122 -1.56245 0.219091 0.95991 -0.950277 0.612696 0.399401 -1.73031 -0.902699 0.422578 1.7309 0.980633 -0.0305018 -2.50257 -2.73655 -1.66983 0.238323 -2.79718 -1.84548 -3.12169 -2.33306 -1.76464 0.0825872 
1.45927 -0.666416 -1.81193 -0.568302 -0.72769 -0.120656 -0.962013 -0.84422 -0.291718 -0.967212 -2.81924 -2.37797 0.556797 0.613512 -0.60835 0.456785 -1.8014 -0.612646 -0.767538 0.177905 -0.43649 1.70052 -0.47126 -0.490194 -1.00128 -0.541485 1.4837 -0.184463 -0.624354 -2.57204 -1.9197 0.527223 1.42951 -1.03994 0.153262 0.375488 -0.765156 -0.616235 -0.908384 
1.56271 -0.724095 -1.61266 -0.673475 -0.92696 -0.112005 -0.528989 -0.873816 -0.0730409 -1.449 -2.88434 -2.26396 0.266117 0.363613 0.0946887 0.314611 -0.373565 -0.802229 0.374056 0.820866 -0.480155 -0.443512 0.00832865 0.759814 0.0567731 -1.47162 0.414692 -0.25052 0.875188 -2.05874 -0.587139 -0.227142 0.165613 -1.19422 0.824853 -0.335049 0.773004 0.197359 -1.83705 
1.57804 -0.601405 -1.51139 -0.788069 -1.18854 0.312674 -0.259735 -1.11003 -0.703389 -0.987287 -2.18727 -2.31055 -0.584345 -0.0684437 0.253567 0.563504 -0.74682 -0.111202 0.518832 0.0132574 -1.20243 -0.74522 0.103795 1.50817 1.23181 -1.5901 0.113417 0.146704 0.745775 -1.37703 -0.8909 0.464447 0.537518 -0.748414 0.168812 -0.442927 1.24932 0.63319 -1.49886 
1.49773 -0.569333 -1.09368 -1.13748 -0.993895 0.492072 -0.546372 -1.55012 -0.775534 -1.38443 -1.6197 -1.15614 -0.968575 -0.22046 0.0833679 0.551657 -1.32796 -0.29565 0.149034 -0.161954 -0.556301 0.630897 -0.493488 0.873934 0.750396 -0.265743 0.00305903 0.424681 0.917464 -0.660138 0.0924624 0.371421 0.647183 -0.483473 0.152928 0.827542 2.00884 1.14181 -1.26116 
1.4484 -0.542789 -1.0028 -1.63233 -1.36062 0.480617 -0.433249 -1.41911 -0.0794115 -1.45231 -1.45883 -1.62898 -0.773417 0.0643727 0.297369 0.507101 -0.0642947 0.224171 -0.0995564 0.783581 0.524017 0.914012 0.797126 1.10745 0.248307 0.129839 -0.253067 0.0649987 0.832351 -1.01134 0.308742 0.283221 0.640138 0.269947 0.99771 1.0643 1.7604 1.42774 -0.510435 
1.48923 -0.389826 -0.6242 -1.15488 -0.869654 0.366832 0.122681 -1.24522 0.121343 -0.705108 -0.693832 -0.919132 -0.845324 -0.125296 -0.0149118 0.417649 0.0806364 0.674932 0.171813 0.949932 0.896072 0.526732 1.65271 1.42051 1.10803 -0.319407 -0.0193847 0.343867 0.984652 -0.235074 -0.171931 -0.225702 0.143846 0.612498 0.838731 0.66086 0.992806 0.768076 -0.0190241 
1.35924 -0.539693 -0.611825 -1.55489 -0.979425 0.675425 0.384038 -0.902759 0.444158 -0.0143654 -0.268298 -0.630758 -1.00486 -0.0983848 0.145162 0.643467 -0.218876 -0.436758 -0.147543 -0.619796 0.278682 0.0575289 -0.0780553 0.19468 0.737327 -0.14215 -0.0241519 0.646133 1.10631 1.09506 0.215848 -1.11074 0.176556 0.163841 -0.23022 0.37334 0.643414 1.29927 0.451561 
1.41152 -0.296302 -0.0350409 -1.27342 -1.12217 0.184997 -0.458816 -1.07975 0.192637 -0.801776 -0.539635 -0.249136 -0.936815 0.0849239 0.862905 0.877715 1.28827 -0.410033 -1.40659 -0.745006 -0.699694 -0.806423 -1.24732 -0.570061 0.580424 0.855658 -0.232223 0.625474 1.24579 0.241196 -0.659658 -0.587524 -0.25124 0.358644 -0.303951 -0.0611005 0.190078 0.586609 1.12905 
1.35948 -0.0407096 0.182914 -0.687258 -1.21671 -0.991309 -0.309034 -1.29334 -0.31733 -1.14778 -0.760623 -0.0996877 -0.308553 -0.219565 0.675119 0.817898 0.52725 -0.376385 -0.503341 0.286677 0.180956 -0.423524 0.00946778 0.069713 0.00821045 1.46815 -0.201674 1.28209 1.66178 0.709112 -0.373929 -0.853613 -0.783187 -0.278943 -1.54562 -0.865677 -0.541625 0.632671 1.92499 
1.28226 0.0965984 0.707202 -0.903751 -1.34027 -0.41646 -0.232554 -0.969824 -0.199766 -0.820841 -0.491087 -0.224718 0.243065 -0.362119 0.838159 1.07874 -0.398725 -0.0512811 0.458757 -0.257148 0.297687 -1.01298 0.300943 -0.111467 0.226058 1.39817 -0.373762 1.2219 0.675594 -0.365212 -0.637546 -0.795584 0.49898 -0.266678 -2.19935 0.107088 0.143344 1.04074 1.89988 
1.16961 0.444294 1.15408 -0.923487 -1.24949 -0.458083 -0.567375 -1.11707 -1.27792 -0.908408 -0.865247 0.117617 0.816084 -0.287205 0.945208 -0.0351576 -0.972056 -0.40953 -0.379732 0.323764 -0.566388 -2.16108 0.105439 0.134263 1.33818 0.756409 -0.459645 0.989895 -0.115778 -1.80949 -1.0862 -0.116875 -0.281651 0.135361 -2.273 -0.172703 0.196701 1.36466 0.50121 
1.12424 0.642075 0.700785 -1.51513 -1.57727 -0.872136 0.0267551 -1.28464 -2.26704 -0.754812 -0.387967 0.977285 0.861011 -0.259223 0.470959 -1.23786 -1.83992 -1.28707 -0.584408 -0.11422 -0.139798 -1.65783 -0.491288 0.384422 1.5489 -0.804048 -0.704707 1.02893 -0.312004 -1.31307 -0.71979 -0.734685 0.250362 -0.123567 -1.86756 -0.279046 0.410927 1.49241 0.70717 
1.02349 0.721863 0.0921471 -2.10275 -1.98672 -1.15515 -0.698353 -1.18944 -2.8601 -1.37148 -0.55064 1.5062 0.202005 -0.661062 0.416271 -0.357498 -0.650028 -0.477655 -0.435379 -0.0260126 0.374358 -0.0351511 -0.411805 0.415635 0.605807 0.0778054 -0.683336 0.781404 -0.403747 -0.461785 0.371028 -0.400409 0.216279 0.636345 -0.036444 -0.344804 0.41171 -0.136179 -0.882097 
0.807229 0.88875 0.411475 -1.9158 -1.8531 -1.39344 -0.0256214 -1.0648 -2.28508 -1.14741 -0.0469725 1.53083 0.94318 -0.660534 0.558488 0.736013 1.27517 1.74305 0.14234 0.369105 0.974724 1.60496 0.113181 0.166489 -1.75967 -0.214349 -0.969638 0.122736 -0.86166 0.0330316 0.546993 0.307871 -0.258723 1.31341 1.74153 0.498573 0.91211 0.204195 -0.311629 
0.706697 1.04888 0.762526 -1.24368 -0.996651 -0.995101 -0.39864 -0.628386 -1.29721 -1.29858 -0.420276 -0.0347083 0.0535106 -0.640637 -0.270366 -0.689334 0.699854 1.1503 0.783734 -0.316517 1.37557 2.06343 0.953821 0.782176 -0.366235 -0.431206 -0.919729 0.255963 0.45328 1.53307 0.775947 0.0401527 0.674147 0.335393 1.03571 1.08727 1.39201 -1.40262 -0.151051 
0.498901 0.747538 -0.169062 -1.43319 -1.20092 -0.476941 -0.336867 -0.275929 -0.28025 -0.329145 0.6039 1.2237 0.62347 -0.574583 -0.233871 -0.21786 0.637766 -0.788484 -0.0927523 0.461646 -0.546509 -0.402847 1.0711 1.65173 -0.126706 0.0481334 -0.771461 0.27245 0.118603 1.14936 1.40722 1.19976 -0.301924 -0.059686 0.6495 0.0188298 0.466835 -1.06141 -1.05572 
0.42646 0.928282 0.595765 -0.801697 -1.44967 -1.11232 -0.0164635 -0.931905 -1.66968 -0.376331 0.965725 -0.129749 0.112253 -0.396683 0.617099 0.809168 0.736495 0.581577 0.559944 -0.0803469 -1.48127 -1.31339 -0.935204 -0.160001 -1.0687 -0.789588 -0.761157 0.148801 -0.898909 0.385821 0.293913 -0.047742 -0.0167149 -0.321566 0.234868 1.24975 0.623166 0.137297 -0.0347938 
0.294322 1.10766 0.56552 -0.926596 -0.872943 0.175624 -0.437661 -1.11071 -1.53042 -1.18582 0.458245 0.294598 0.0208078 -0.448992 0.41474 -0.873304 -0.149762 1.14951 0.0442519 -0.499799 0.0869012 0.667552 0.290451 -0.827452 0.277768 -0.0788272 -0.492751 0.192893 -0.891147 -0.0477575 -0.0705324 -0.902674 -0.701067 -1.40957 -0.921827 -0.656916 -0.562167 -0.381745 0.705242 
0.199635 1.17409 -0.146228 -0.87502 -0.797944 -1.06795 -0.491032 -0.875434 -1.01037 -0.146259 0.255799 0.133341 0.0707561 -0.268824 -0.377085 -1.89109 -0.787011 -0.669308 -1.56253 -0.818524 -0.448678 0.22416 0.216583 -0.548083 0.533026 1.62156 -0.522396 0.21395 -0.731123 -0.0209386 0.99913 -0.221331 -1.61786 0.418322 0.786825 -0.338282 -0.100513 0.483772 0.315691 
0.144121 0.906165 -1.06971 -1.4169 -1.25802 -1.67502 -1.19624 -1.35862 -1.29851 -1.02124 -0.0154993 0.7837 1.32181 -0.256063 -0.146479 -0.0181683 0.132556 0.0798745 -0.286473 -1.55213 0.453385 0.243231 -0.661443 0.716179 0.331708 0.456694 -0.514359 0.119852 -0.514242 0.227389 0.229177 -1.51604 -0.983255 0.348011 1.24671 1.50267 1.12915 0.205938 1.03363 
0.0548609 1.10287 -0.137735 -0.763612 -0.755958 -1.41364 -1.90333 -0.610676 -0.760072 -0.760197 0.850876 0.444192 0.452068 -0.425509 0.519122 1.25774 1.07824 0.950619 -0.12456 -0.435258 0.893946 1.22493 1.4209 2.02647 -0.291148 -0.406784 -0.470352 -0.191464 -0.379663 0.334304 -0.165684 -0.51608 -0.125763 0.746695 1.00101 1.18488 1.92196 0.934841 0.585039 
-0.072717 1.21094 0.0585531 -0.686692 -0.719675 -1.82975 -1.6133 -0.843479 -0.101925 0.21116 1.68732 0.543059 1.02138 -0.379562 -0.129085 -0.455011 0.291462 -0.284769 -0.284681 1.37682 0.53067 0.91826 1.95222 1.78713 0.874571 0.235152 -0.577521 0.159085 0.729065 0.795005 1.47037 2.66547 1.66298 1.3188 0.490315 1.0059 0.645301 -0.326431 -0.0395875 
-0.142436 1.04147 -0.512626 -0.548225 -0.921835 -1.75721 -0.705638 -0.301995 0.140901 0.943306 2.35135 1.23571 0.658467 -0.353085 -0.324459 -0.411364 -0.0820115 0.859022 3.10394 2.50968 0.863262 -0.66122 -0.325394 -1.17358 -0.171343 0.370503 -0.419447 -0.124826 -0.0540652 -0.10542 0.243442 1.00727 2.5018 0.485809 -0.0332202 0.177341 0.55816 0.422714 0.180835 
-0.258754 1.03917 -0.278031 -0.715683 -0.233542 1.82316 0.593879 -0.345773 -0.72345 -0.104815 0.684768 0.408496 1.33464 -0.188154 -0.0570907 0.369344 -0.413597 0.583645 1.41355 1.75258 0.10082 -0.967359 -1.76066 -1.0469 -0.345879 -0.0144869 -0.0650771 0.0466045 -0.160738 1.37327 0.411554 0.438946 1.26724 0.50277 -0.531393 -1.77851 -1.98275 -0.326655 -0.621795 
-0.25833 1.02073 -0.164044 -0.794186 -0.592678 -0.0979227 0.826893 -0.237613 -0.775717 -0.645274 1.4559 0.946604 0.667769 0.258117 0.368241 0.198739 1.79646 -0.353143 -2.60931 -0.932983 -0.208852 0.0289992 -1.61689 -1.37098 -0.291445 -1.08547 -0.151318 0.0619293 0.202364 0.575534 1.26891 1.74478 -0.00534637 -1.11228 -1.12288 -2.0508 -1.68379 -0.182597 -0.774866 
-0.184854 1.25872 -0.0791753 0.484487 -0.438395 -1.26204 -0.266699 -0.457389 -0.679656 -1.56592 -0.484664 0.167592 0.498378 -0.0218641 0.121429 -0.14982 1.13723 0.977931 0.538363 -1.77644 -1.629 -0.357209 -0.478689 -1.11118 0.073694 -0.87891 -0.0203659 0.0553809 -0.0507264 -0.105163 -0.106141 -1.93867 -0.826201 0.0350891 0.423557 -0.688696 -0.872946 0.127737 -0.42747 
-0.303503 1.10085 -0.271091 -0.0253786 -0.0387615 0.52919 -0.785289 -1.15635 -1.1042 -1.09717 0.506113 1.029 -0.00541569 -0.293438 -0.312686 -0.280433 -1.91828 0.221565 0.450576 -0.123271 0.231232 0.456571 0.863598 0.261132 0.429857 0.597028 -0.255103 0.0138902 -0.726132 0.378503 0.123821 0.252402 -0.617842 -0.349275 0.0675537 -0.578696 -1.12068 -0.478105 -0.587831 
-0.345524 1.0936 -0.300852 -0.746048 -0.315639 -0.738463 -0.405742 -0.318889 -0.223716 -0.827654 -0.274288 0.565345 0.990488 -0.326608 -0.121531 -0.735712 -0.658316 -0.826348 -0.25191 0.982241 1.13195 0.426069 -0.154595 -0.318937 -0.736862 0.20354 -0.472477 -0.408618 -0.572242 -1.07395 0.199034 0.0868791 -0.605822 -0.713701 0.500348 0.909481 0.219262 0.288623 0.290193 
-0.478279 1.04372 -0.89233 -0.431469 -0.513361 0.224266 0.0607898 -0.505943 -0.67766 -1.2617 0.226092 0.393715 0.176024 -0.345022 -0.25417 -0.421946 0.593197 0.0226293 -0.348842 -0.65581 -1.22078 0.118884 0.126718 0.040989 -0.0785796 -0.248884 -0.164216 0.0038247 -0.124409 0.337992 -0.477422 -1.9495 -0.424873 0.321523 0.980324 1.86245 0.10463 0.0377785 1.01011 
-0.528132 0.961535 -0.646723 -0.333224 -0.306285 -1.15771 -1.01933 -1.00562 -0.0932798 -0.742757 -0.250024 0.512917 0.814727 0.0993838 0.107928 0.566324 1.08691 0.237599 -1.91891 -1.53374 -0.722477 0.711209 2.1846 0.472866 0.756251 0.983813 -0.190705 -0.0552652 -0.61399 0.849963 0.397084 0.210845 0.283886 -0.0948307 0.46501 0.561858 0.352022 0.291679 -0.304344 
-0.471887 1.11621 -0.370874 0.304414 -0.381465 -2.04669 -1.33512 -0.909471 0.0237312 0.647849 0.61547 1.08047 0.973512 0.0824601 0.161304 -0.330119 0.471288 0.465432 0.588918 0.995725 1.06758 0.415207 0.484341 0.432759 0.4339 -0.0960252 -0.288422 -0.103829 0.333852 0.205794 0.251658 0.503033 0.677617 0.405772 1.13401 1.92286 -0.14961 0.721711 0.291676 
-0.528937 1.06418 -0.912005 -0.00016949 -0.0445148 -0.470971 -0.161237 -0.391791 0.322789 -0.340768 0.105448 0.914251 0.759652 -0.492306 -0.265938 -0.19031 -0.82251 0.0713941 2.48506 2.36886 1.2458 0.605966 -0.0886914 -0.64761 0.168038 -0.63394 -0.205369 -0.0894629 0.164994 0.202276 0.591766 2.12311 1.4046 0.574873 0.976127 1.70451 -1.07255 0.111867 -0.130984 
-0.717132 0.977498 -0.513456 -0.209115 -0.344313 0.876325 0.746568 -0.194353 0.623676 0.54175 0.0575845 1.2464 0.493738 -0.364585 -0.300043 0.505167 -0.211254 0.262348 1.78519 0.753725 -0.31573 0.717159 1.37335 -1.80066 -0.316486 -0.0467974 -0.549174 0.0417784 0.770316 0.0351359 1.32991 1.12278 1.37068 0.726848 0.11414 -0.383373 -1.28636 -0.588585 0.178197 
-0.719864 0.906201 -0.444222 -0.113729 0.101489 1.62664 0.481212 -0.564149 1.02992 0.849476 -1.42724 0.651175 0.743443 -0.248472 0.303246 1.08579 0.874951 1.56528 -1.22729 -0.662064 -0.288571 -0.482576 -0.331495 -0.996681 -0.97738 0.85153 -0.634614 -0.446946 0.448087 -0.814032 0.24838 0.938497 0.800918 0.143754 -0.0503705 0.646248 -0.429428 -1.28583 -0.597111 
-0.858678 1.16032 0.463891 0.388072 0.544419 -0.578942 0.127406 -0.351276 0.174351 0.220365 -0.79541 0.398151 1.18678 -0.490174 -0.318226 0.00680532 -0.791004 0.0426084 -0.733078 0.236467 0.484961 -0.786332 -0.670223 1.26417 -1.41537 -0.63939 -0.470223 -0.301883 1.32138 1.37788 1.25056 -0.126648 -0.33631 0.44174 -0.0605635 0.172173 -0.0583566 -0.23375 -0.0329249 
-0.964203 0.737953 -0.413812 -0.606642 0.122232 0.75423 0.662731 -0.281446 0.287793 0.227753 -0.368879 -0.584878 0.259367 -0.386982 -0.726928 0.465543 0.845227 -0.0263053 1.09073 0.221952 0.860505 0.401471 0.517409 0.939906 0.637514 -0.880046 -0.609955 -0.655984 0.138303 0.804869 1.36061 -0.163912 -0.0593104 0.955484 0.0573974 -0.0964237 1.3372 0.353851 0.304782 
-1.05913 0.761197 0.896899 0.965809 0.525878 0.699622 0.295991 0.144862 0.577179 0.651673 -0.0111903 0.97977 0.512703 -0.331689 -0.580449 0.136476 1.79948 1.63187 0.554934 -0.328193 0.781253 0.843304 0.563098 0.483186 1.85295 1.00454 -0.28904 -0.490715 -0.271441 0.132646 0.723678 1.23905 0.466499 0.633863 0.629388 0.28073 0.997579 0.958184 0.205873 
-1.14114 0.421573 -0.2696 0.595501 1.04892 1.40089 0.341081 0.169651 1.11651 0.699573 0.0292244 1.07291 1.07322 -0.00676321 0.0499466 -0.809922 -0.671676 0.916513 0.296795 0.347637 -0.0289329 0.325029 -0.213059 0.368397 0.599649 1.1299 -0.306289 -0.313626 0.734303 1.27755 1.04036 -0.113147 -0.110719 1.07878 0.57209 1.28551 1.11816 1.75831 1.40981 
-1.09788 0.800933 0.210531 0.550977 1.04478 1.04183 0.576574 0.135501 0.906323 0.435301 0.289868 1.52786 1.42553 -0.0850681 0.141016 0.716138 -0.203913 -0.351727 -0.676425 0.17181 0.651581 -0.183873 0.837469 0.981003 0.442851 0.648743 -0.348296 -0.787985 0.0470859 -1.3011 0.0668331 -0.794323 -0.149462 0.918981 0.816476 1.16916 0.596872 -0.350419 1.07751 
-1.21319 0.512754 0.383336 0.486745 0.844876 0.595296 0.464984 0.547051 0.955115 1.41467 0.848188 1.48217 1.60616 -0.466033 -1.12569 0.84464 -0.935539 -0.835101 -1.17846 -0.552748 1.24582 0.620462 1.48669 0.421885 -1.09388 0.136018 -0.146252 -0.325618 0.9619 -0.055314 -0.373695 -0.682443 0.374052 -0.121405 0.356608 0.446559 -0.355167 -0.545876 -0.251483 
-1.33195 0.176543 0.976243 -0.0365112 0.565194 -0.355851 0.0548225 0.850627 1.52024 1.72604 0.636147 0.576464 1.55366 -0.118192 -0.596535 0.407352 0.144011 -0.109299 -0.0803866 0.281508 -0.840689 0.591077 -0.352201 -1.42148 -1.19569 -0.932032 -0.204278 -0.813211 0.0135351 0.597616 -0.549955 -1.43331 -0.269726 0.294652 -0.320471 -0.182169 -0.0703006 -1.39671 -0.766852 
-1.29933 0.187287 0.765275 0.605649 0.779025 0.492665 0.686639 0.0763386 1.54071 1.07492 -0.36394 0.440633 0.891033 0.185364 0.016109 -0.849852 1.6866 0.157039 -0.416301 0.19638 -0.87266 -1.00579 -1.68736 -0.494101 -0.784688 -1.02007 -0.306272 -0.604062 0.376876 0.414441 0.168133 -0.354926 0.00202436 0.491919 -0.213263 -1.04733 -0.872403 -1.28846 -1.00544 
-1.289 0.197163 0.254832 1.09177 0.651167 -0.854655 0.20062 0.361745 0.566575 0.202452 0.20804 -0.101169 0.769021 -0.298543 -0.23249 0.0198684 0.379539 0.315444 -0.310923 -0.296093 1.48044 -0.85092 -0.792365 0.312338 -0.539655 -0.230147 -0.0604235 -0.626199 -1.2893 0.596799 1.31529 0.144007 0.183198 -0.337244 -0.639236 -1.58163 -0.304925 -0.476946 -1.77361 
-1.46217 0.0674717 0.80715 0.878669 0.955296 0.118142 0.393594 0.924806 0.736329 0.344902 -0.110274 -0.0200423 0.730065 -0.274124 -0.87483 -0.70594 -0.936554 1.46164 0.581789 0.0168982 0.391865 0.24734 -0.0401246 0.118571 0.123053 -1.03756 -0.164773 -0.640264 -0.607221 0.539151 0.459743 -0.607331 0.384681 1.00821 -1.05802 -1.70873 0.850609 -1.16299 -2.20909 
-1.44145 -0.285515 -0.340278 0.503618 1.48082 -0.176328 0.186482 0.591538 0.820832 0.139415 0.297892 0.0249328 -0.0294212 0.0705757 -0.645098 -0.763879 0.298906 0.249772 -0.362065 0.762779 -0.142964 -0.397731 -1.07379 0.805967 -1.02968 -2.33512 -0.185988 -0.366887 0.149541 0.156384 1.34147 1.10447 0.324355 0.90715 0.0439811 -0.861795 -0.043145 -0.283113 -1.51184 
-1.46803 -0.285429 0.161191 1.09893 1.09413 -0.316697 1.04411 0.850637 0.368788 -0.634649 0.560712 -0.914594 -1.09284 0.0178548 0.363951 0.862595 1.13959 0.189283 0.655548 0.373916 0.80903 -0.206072 -0.902021 -0.155681 -0.52823 -0.71493 -0.136655 -0.471402 0.524534 -0.252362 0.5326 -0.766284 -0.467063 -0.17569 0.25123 0.419947 0.0523497 0.268015 -1.50009 
-1.46973 -0.0683955 0.441192 1.27397 1.58517 0.58899 0.490481 1.05842 0.638035 -0.687836 0.15589 -0.425627 -0.573139 -0.261032 -0.00597771 1.36683 -0.603549 0.405156 -0.488311 -1.36734 -0.119506 0.681588 1.53002 -0.719625 1.35369 0.596326 -0.321881 -0.441939 0.726271 -0.132635 -0.742442 0.0775645 -0.577704 0.518985 0.148729 0.369272 -0.105139 -1.0506 -0.581869 
-1.61492 -0.277285 1.38519 0.728673 1.32154 -0.900428 -0.203524 0.7898 1.04163 0.69451 -0.0580558 0.301142 -0.601284 -0.455412 -0.975505 -0.0195408 -1.29553 -1.10436 -0.564209 -1.11763 -0.132706 0.36995 1.30297 0.0384274 -0.892402 0.04651 -0.235156 -0.67003 1.41726 -0.0677695 -0.414747 0.626234 -0.309736 0.0959512 0.0748562 1.19367 -0.0820641 0.366061 0.366465 
-1.69929 -0.607946 0.44848 0.450926 0.952093 -0.0842543 -0.534637 0.990082 1.01048 0.440002 0.177989 -1.19863 -0.515678 -0.0608297 -0.911538 0.298603 0.528177 -0.916731 1.19195 0.960651 0.224136 -0.604181 -0.229653 0.632202 -0.899953 -0.159271 -0.311053 -0.658193 0.662462 0.375331 -0.373293 -0.108372 -0.190869 -0.461804 -0.0602331 0.934703 0.0124614 -0.0895055 -0.179867 
-1.67667 -0.7807 1.67169 1.09895 0.795419 0.497516 0.623315 0.924267 0.475084 0.463425 0.466027 -0.47855 -0.706293 0.0322999 0.0738681 0.786653 1.7705 0.643828 0.448047 0.860441 -0.516421 -0.450667 -0.285136 -0.00365139 0.743384 -0.246315 -0.163471 -0.594809 -0.214631 1.37719 -0.573026 1.36829 1.48161 0.215771 -0.576411 -0.301876 0.702473 -1.20197 -0.355318 