-0.371646 -0.762827 0.760705 1.00595 1.62556 0.498872 1.43841 0.957151 0.60522 1.33851 -0.0540198 -2.0014 -1.07565 0.523936 -1.22031 -0.123385 0.81314 -2.31123 -1.08818 -1.13212 -1.11076 -0.896282 -1.73893 -0.336032 1.4559 -1.70896 0.943114 -1.15064 0.366103 2.38198 -0.416735 -0.124194 -0.931213 -0.85485 -0.383192 -1.26237 0.665658 1.52611 -0.732268 
-0.192019 -1.53277 0.464874 1.61165 0.781471 0.183371 0.432163 0.762035 0.481574 -0.117413 0.0922761 -0.555528 -2.30013 1.09088 -2.16265 -0.73825 1.36913 -0.965759 -0.552958 -1.65857 -0.766683 -0.812886 -1.82445 0.629959 1.83318 -1.18619 1.6688 -1.00203 -0.363867 -0.0421062 -2.33595 -1.766 0.687682 -0.157098 -0.368298 0.789092 1.33225 -0.455598 -2.18453 
0.0386404 -1.95373 0.0856453 1.9124 1.15706 -0.218265 0.0172291 0.467845 -0.0289831 -0.194762 0.741254 -0.278477 -2.39575 1.60974 -0.0561693 -0.218399 -0.842677 -0.779293 -0.906747 2.03364 0.902045 0.498123 2.56352 1.90159 -2.04157 -0.691719 0.449215 0.256565 0.486236 0.0682466 -0.63186 -1.00168 -0.328986 0.407303 0.354719 0.401891 0.642249 0.237988 -1.08501 
0.432507 -1.56132 0.275448 1.07727 0.40025 -0.974389 2.14654 1.32108 0.854713 2.0181 2.49697 -2.38899 -3.05142 -0.522445 2.52036 1.26311 -1.25826 0.160694 -0.568434 1.25813 1.38186 1.26894 2.25831 0.124905 -1.57978 -0.0109617 -0.202445 1.19194 -0.287692 -1.52919 1.03763 0.299667 1.00559 0.360163 0.575263 2.49402 0.35067 -1.02767 0.926544 
-0.217226 -0.560553 1.28021 1.1073 1.21581 -0.954676 1.07301 1.32832 0.936431 1.68557 0.897314 -1.6881 -2.36395 -1.87765 1.6284 -0.0457273 -1.079 2.21327 1.27264 -0.725002 -0.355685 0.218497 -0.0184621 -1.48931 0.763827 1.69639 -0.81501 1.95206 0.551625 -1.80977 0.240924 0.843286 1.11376 0.333121 2.00758 2.59147 -0.40725 -1.1044 2.2379 
-0.382934 -0.660327 0.247328 0.388942 1.41971 0.582141 1.51817 1.08997 1.013 1.99482 0.610028 -1.64757 -1.0556 -0.531646 0.0388278 -0.671589 -1.02041 0.204781 1.55562 0.189043 -0.874971 1.13991 0.385092 -0.603115 0.209219 2.45103 -1.76026 1.17219 0.0578889 0.290878 1.73027 1.38839 -0.608952 -0.103069 0.0539683 -1.54811 -1.99731 0.72083 3.11498 
-0.476892 -0.536684 0.667427 0.457142 1.29518 0.954288 1.22088 0.77098 1.8027 1.9997 0.131968 -1.45571 0.499946 -0.389589 -0.0818206 0.133906 1.47314 0.149654 0.33753 -0.0339662 0.225841 -0.117766 -1.51547 -0.857089 0.0736867 1.70373 -0.575963 0.231827 -0.238848 -0.410359 0.41632 0.256681 0.263142 -0.349472 -1.09753 -0.115325 0.00616965 0.202668 1.41252 
-0.583944 -0.703031 0.387018 1.36315 1.47328 0.974053 1.47666 1.2242 0.912903 0.719893 -0.476757 -1.53957 0.948652 -0.215647 0.286763 0.457257 0.522315 0.395928 -1.23885 0.168807 0.38544 -2.39963 -0.473168 0.610639 0.00144732 -0.914414 -0.0666086 0.322977 0.69273 1.24448 -0.0389283 -0.0973041 -1.00852 -0.0643828 -0.595338 -0.499205 -0.977635 0.649957 1.00413 
-0.60608 -0.376004 1.10919 0.811952 1.46403 -0.617091 1.35157 1.00547 -0.0507122 1.59623 0.902789 -1.41402 -0.507522 0.29601 0.525764 0.601466 0.134341 -0.159505 -0.425332 -1.23669 -0.299213 -0.548632 1.04001 -0.291276 0.678088 -0.614127 3.37288 -1.80094 -2.85325 1.72248 -1.362 -1.10341 -2.78982 0.479044 -2.35174 -2.97204 0.642822 2.17332 -0.196281 
-0.501865 -0.410472 0.963492 1.46522 1.38215 0.415867 0.413743 1.02857 0.481745 1.5816 -0.847429 -0.876838 0.286613 4.53637 -2.60057 -3.33686 1.69336 -2.18023 0.00119604 -3.72063 0.334455 -0.341889 -2.49768 0.144899 2.59322 0.690049 4.23143 -2.48428 -1.68154 -0.845738 -1.8127 -2.01584 -3.95181 1.11059 -0.707018 -1.63568 2.43801 4.00708 0.63866 
1.22687 -1.80855 -1.99344 1.92961 0.427095 -0.644063 -1.82079 1.20794 -0.323014 -0.499922 1.08415 1.00649 0.330673 5.12659 -3.72684 -2.28656 -1.1864 -2.22925 -1.85513 -3.80318 1.94101 -0.249711 -2.6623 3.15601 4.13497 1.30368 3.15836 -3.18638 -1.37142 0.39655 -0.729368 0.726003 -2.87642 1.69455 1.71412 -1.31798 0.409366 2.16707 0.575408 
1.57479 -2.46449 -1.15797 0.706929 0.322277 -1.92304 -2.82873 2.24032 0.28027 -0.652201 3.1449 2.95875 1.83069 -0.490964 -1.51212 1.96791 -1.16476 1.24439 0.851945 0.0579089 2.15977 2.40403 1.19598 0.336347 -0.00611037 -0.0697306 2.55148 -2.67681 -2.09557 0.0572828 -0.722292 -0.517504 -2.22034 0.26129 0.528248 -1.33464 1.63685 0.92938 0.196849 
0.984002 -2.6405 -0.140459 1.18542 0.993063 0.388522 -1.78428 2.55712 1.51457 0.492194 1.50782 1.04124 0.294869 -1.86006 0.275775 0.179375 1.28332 1.3029 1.28708 0.980641 -1.53898 0.910784 1.34379 -1.23257 -3.04516 -1.09773 -0.84528 0.599851 0.0927894 -0.328907 1.24312 0.629761 -0.315902 -0.38196 0.267053 -0.448063 -1.97439 -1.03495 -0.293962 
0.76661 -2.30988 -0.975799 1.55748 0.915631 -0.348517 -2.0086 1.26583 0.970486 0.463498 1.5829 0.204148 0.612345 -0.601976 2.31557 -1.84415 0.770308 0.465183 -0.108798 -0.441592 -2.69673 -2.05154 -1.61983 -2.65582 -1.28043 -0.261555 -0.950869 2.57859 -0.738789 -1.38155 -0.177545 0.550392 0.761349 -3.2858 -1.43735 -1.02216 -3.0027 -2.95854 -0.424089 
0.695296 -1.36033 -1.84863 1.70178 1.19432 0.22456 -2.17196 0.855298 -0.0713865 -0.869995 -1.85549 -0.093624 0.0384046 0.63161 3.09691 -0.903375 -3.01714 -1.49866 -0.634646 0.0152205 -3.23687 -2.57199 -2.34697 -2.29508 -0.568444 0.624009 0.928165 2.13413 -1.40152 -2.06756 -1.72884 0.438316 0.703979 -4.23474 -2.75063 -1.72077 -1.73454 -1.61832 0.67668 
0.98726 -0.59856 -1.80512 -0.393401 0.197709 -1.16739 -2.00834 -0.775318 -1.01536 -1.50665 -1.32386 -0.27723 1.37457 1.78511 0.480019 0.444523 -3.37698 -2.74147 0.633146 1.36399 -3.46432 -1.16124 -0.0883279 0.618153 -0.711848 0.992724 1.4214 1.86899 0.0218996 -2.44689 -1.2698 1.79429 1.41262 -2.83849 -2.18133 -2.5402 -1.65228 -0.603084 0.282787 
1.39223 -1.09301 -1.41877 -0.483518 -0.1053 0.984645 -1.02628 -1.32875 -0.973256 -0.951691 -1.07516 -0.706625 1.22478 1.18455 -0.645582 0.954864 -0.072196 -0.161986 2.70871 1.81466 -0.886004 0.0318032 -0.188097 0.35407 -0.195647 -0.323991 1.36188 0.273652 -0.248515 -3.75179 -2.83111 0.580047 1.37851 -3.04971 -1.5344 -0.966512 0.13058 -0.803343 0.433003 
1.43622 -0.952348 -0.898504 -0.425871 0.10542 2.17768 -0.479927 -1.33958 -1.00053 -1.67176 -0.87776 -0.416443 1.04628 -0.045337 -0.100121 -0.668711 -1.37267 -1.01314 0.0531837 0.422217 -0.966879 -0.61462 -0.858697 -0.464457 -0.294506 -0.52828 0.83915 -0.455115 -0.484074 -0.794388 -1.25472 2.42228 1.53972 -0.893108 0.0639062 0.330175 -0.124752 -0.447418 -0.966881 
1.33337 -1.14581 -2.02887 -1.36315 -0.595971 1.02242 -0.68039 -1.94382 -1.45512 -1.6775 -1.66501 -0.936573 0.661488 -0.115662 0.079231 -1.41919 -0.914528 -1.47843 0.0830741 0.177997 -0.397101 0.0806694 0.549583 -0.500369 -0.380127 -0.743865 0.151536 0.635866 -0.429893 -0.964894 -1.49201 0.67202 1.09472 0.162495 0.455763 0.485697 0.844024 0.283078 -1.08614 
1.34832 -0.906184 -2.20969 -1.00706 -0.603031 2.25269 -0.341434 -1.59671 -0.948148 -1.2201 -1.51307 -0.724977 0.235004 0.231729 0.950327 0.259617 0.168995 -0.945531 0.738261 1.00056 1.22469 1.19006 1.37712 1.45639 0.602449 -0.670117 0.124032 0.663285 -0.508123 -1.00854 -2.12465 -0.832193 0.0371452 0.733649 1.36567 -0.0501453 0.349381 -0.0183288 -1.62882 
1.3889 -0.618977 -1.77174 -1.2385 -1.055 1.91342 0.156658 -1.18209 -0.550317 -0.533926 0.176217 -0.343263 -0.0649574 0.266753 0.806578 0.930348 -0.344673 -1.32871 -1.01077 -0.109562 1.48866 1.56978 -0.571885 0.911137 0.323443 -1.04854 0.112401 1.07863 0.702623 -0.249788 -1.78032 -0.223539 0.309993 1.34692 1.51413 0.350051 0.287971 0.0822322 -1.20124 
1.41832 -0.458672 -1.32598 -1.21703 -1.24141 0.965374 -0.447145 -0.669141 0.248422 -1.7061 -0.361926 -0.387749 -0.926754 -0.0955641 0.474778 0.48584 -0.462781 -1.3998 -0.970335 -0.582716 0.76208 0.635795 -0.99558 -1.11777 -0.537479 -0.65426 0.238984 0.905952 1.41623 -0.485638 -1.36146 -1.44759 -0.0479244 0.458185 0.881766 -0.790127 -0.102891 0.119512 -0.646538 
1.3093 -0.354551 -1.30328 -1.52541 -1.72665 0.676465 -0.350873 -0.710976 -0.0713952 -1.37418 -1.2405 -0.796221 -0.773163 0.0318709 0.394315 0.542599 -0.249204 -0.45486 -0.620257 0.0690554 -0.799209 -0.491041 -0.197146 -1.03175 -0.213375 0.33133 0.0062309 0.780663 1.69496 0.169279 -0.697197 -1.23983 -0.386415 0.665258 0.439269 -1.26994 -0.370266 0.319712 0.150481 
1.39133 -0.238645 -0.804496 -1.3648 -1.47078 0.16442 -0.401169 -1.17888 -0.138484 -1.87878 -1.66977 -0.543231 -0.501205 0.0954685 0.563437 1.27126 0.702207 0.507111 -0.423243 0.108732 0.229642 -0.0798464 -0.257636 0.683016 0.88974 0.809459 -0.137704 0.628329 0.910031 -0.0078314 -0.606894 -0.82452 0.153648 -0.201431 -0.370546 0.403866 0.304593 0.141699 0.693257 
1.30857 -0.0412035 -0.101094 -1.05341 -1.50577 0.12088 -0.271201 -0.574361 -0.142351 -1.59743 -0.378073 0.0607762 0.202391 -0.216695 0.446104 0.414302 0.263277 -0.316722 -0.298667 0.148575 0.525781 0.0902259 0.632995 1.3899 0.350284 0.417985 -0.00450179 0.882999 1.49591 0.347019 0.295404 -0.111753 0.237624 -0.328927 0.120607 0.66873 1.18744 0.816132 0.866298 
1.26171 0.00995888 -0.402867 -1.17874 -1.63549 -0.236013 -0.287661 -0.856222 -0.0787619 -1.35738 0.0873092 -0.181367 0.0240248 -0.109339 0.607653 0.282917 -0.23663 -0.0685698 0.318927 0.216439 -0.689183 0.259309 0.960764 0.712406 0.0630654 0.129265 -0.114782 0.983876 1.35516 0.453672 0.0772302 0.47809 0.172761 0.2077 -0.874462 1.04081 1.61999 0.674749 -0.156034 
1.22328 0.296543 0.177799 -1.193 -1.55433 0.489624 -0.100061 -1.01498 0.0472896 -0.801982 0.521548 0.15902 0.395499 0.0612891 0.855968 0.996393 0.338003 0.462658 0.868472 0.0935322 -0.20198 -1.0864 0.445602 0.513727 0.431484 -0.598295 -0.139091 0.494838 0.954804 0.195932 -0.158432 -0.53626 -0.225173 -0.717198 -0.832916 0.320091 0.0288622 0.374386 -0.369557 
1.24687 0.484725 0.542541 -0.943992 -1.43541 0.817156 -0.220898 -0.990765 -0.923123 -0.992657 0.735476 0.255025 -0.619802 -0.0772656 0.0594394 0.719628 0.509967 -0.101554 -0.908405 -0.483932 -0.337136 -1.20639 -0.609454 -0.678221 0.355338 -0.543296 -0.138749 0.439742 1.35482 -0.310168 0.136756 -0.600134 -0.533019 -0.523543 -1.33458 -0.621986 -0.299417 0.597619 0.47984 
1.15123 0.331785 0.864658 -0.846231 -1.61834 -0.670201 -0.523702 -1.23443 -0.889274 -1.31939 -0.338854 0.525523 -0.185061 -0.247455 -0.260414 0.41395 -0.708616 -0.236889 -1.53095 -0.755258 -0.541651 -0.453382 -1.04496 -0.865243 0.256975 1.11401 -0.20069 0.220997 0.452856 -0.409222 0.610497 -1.51306 -0.411452 -0.281596 -1.61668 -0.0446413 -0.776604 0.554806 0.61636 
1.10455 0.343473 0.943842 -1.39104 -1.56276 -1.11801 -0.874958 -1.3387 -1.28109 -1.8742 -0.361628 0.531246 0.706083 -0.188396 0.252091 -0.228797 -1.00661 0.962684 -0.797445 -0.0221132 -0.0533132 -0.666678 0.592706 -0.233949 0.281328 1.20844 -0.372816 0.438904 1.2236 -0.580933 0.286733 -2.01319 -0.695708 0.149559 0.370566 0.440625 -0.616877 0.511476 1.39312 
1.03329 0.473333 0.665518 -1.4874 -1.18422 -1.69183 -0.555149 -1.27558 -1.41113 -0.831677 -0.636972 0.824097 1.24946 -0.239116 0.85488 0.862625 -0.00651298 0.663801 -0.746487 -0.11481 0.780582 0.92816 1.5179 0.140739 0.327272 0.401371 -0.292964 0.452243 0.553697 -0.194754 0.844618 -0.620407 0.284244 0.563717 0.416763 0.796148 -0.682008 0.227303 0.782325 
0.965671 0.817638 1.76429 -1.38072 -1.26854 -2.07618 -0.985127 -0.855967 -0.577526 -0.61292 -0.185528 0.871989 1.2122 -0.195692 0.359694 0.822431 0.782851 0.212439 0.111797 0.406987 0.896811 1.19604 0.239002 -0.567078 -0.0408599 -0.361633 -0.677761 0.476916 -0.34029 0.627958 0.793467 0.402039 0.770658 0.405027 -0.465091 2.12803 -0.0349797 -0.0980291 -0.767389 
0.912345 0.674256 1.44841 -0.962875 -1.10126 -1.58106 -0.222189 -0.719825 -0.501739 -0.639693 -1.35671 0.826954 0.877867 -0.638827 -0.211058 -1.18037 0.829552 0.442721 1.22938 1.12259 -0.168731 -1.44068 0.657837 -0.181562 -0.480373 -1.25086 -0.878068 0.421928 -0.534875 0.206686 -0.122633 1.49475 0.737555 0.777073 0.577455 1.11571 0.0635647 0.870947 -0.325291 
0.661749 0.703621 0.676204 -0.825772 -1.07779 -0.573526 -0.0444475 -0.969621 -1.6941 -0.0707467 -0.417343 0.471445 -0.182295 -0.939328 0.21273 -1.33855 -0.49583 -0.334551 1.61993 0.558405 0.258134 -0.476828 0.915187 0.642036 1.05998 -0.00394386 -0.86958 0.497605 -0.991347 0.736379 0.751361 1.29842 0.990681 0.338533 -0.640497 0.876532 -0.24334 0.268158 -0.950385 
0.484345 0.794084 0.212566 -1.27131 -1.27432 0.408008 0.239362 -0.56531 -0.877724 0.117651 -0.54615 1.8402 0.91774 -0.485299 0.881743 0.1989 0.131439 0.60733 0.277969 0.166955 0.683517 0.720925 0.254988 -0.104067 0.770267 0.201065 -0.933086 0.489921 -0.7726 0.390901 0.171477 1.02334 0.0685455 -0.040724 -0.934509 0.519889 0.36395 0.0767119 -2.17458 
0.42122 1.19261 0.87661 -0.725589 -0.810003 -0.255793 0.0846688 -0.547868 -1.14977 0.134603 -0.551078 1.21878 0.0934063 -0.266303 0.447978 0.58008 1.01724 0.606888 -0.426971 -0.449758 -0.29697 -0.590286 -0.362257 -0.214151 -1.00169 -2.38585 -0.858974 -0.12479 -1.08721 -0.749389 -0.198829 -0.897051 -0.500223 0.49147 0.440104 0.400638 1.32308 0.505664 -0.254057 
0.334241 1.04372 0.769062 -0.594092 -1.00674 -0.15222 -0.155257 -0.759528 -1.34089 -0.193078 -0.81921 0.961177 -1.78236 -0.625216 -1.01919 -1.2781 -1.06091 -0.831633 -1.27979 -0.786681 0.0545184 -0.16399 0.177604 1.65885 -0.193051 -0.48867 -0.710037 0.0889496 0.115828 1.23267 1.40401 0.734266 0.0656257 0.577382 -0.224116 -0.394902 0.871223 -0.525577 -1.5674 
0.122919 0.632665 -0.302764 -1.40213 -1.21572 -1.87815 -0.596077 -0.52127 -1.28538 0.275253 1.54639 1.08196 -0.424316 -0.653063 -0.307902 -0.432836 0.575221 1.31847 1.28956 0.554666 1.16041 0.362472 -0.00794576 1.23804 0.331359 0.660666 -0.518247 0.375251 -0.661349 1.02757 -0.0135462 -0.533112 -0.831861 -0.261948 -0.198894 0.0716409 0.879268 -0.253153 -0.225355 
0.0244411 0.876266 0.379314 -0.204818 -0.406097 1.42538 0.303118 -0.0381724 -1.07198 -0.207567 0.745671 1.30567 -0.977969 -0.0480036 1.53101 0.633044 2.3924 0.855823 0.693909 -0.257747 -0.416286 -0.034025 -0.0770095 -0.625505 -0.147712 0.232482 -0.469594 -0.0323038 -0.936756 0.35491 0.522441 -0.473935 -0.480916 0.395666 0.768501 0.82667 0.68179 0.573903 2.46404 
0.0629518 1.47992 0.30321 0.170901 -0.831623 -1.04239 -0.827633 -0.790446 -1.32113 0.203019 0.752707 0.98674 -0.112475 0.0422859 0.290539 -0.492984 -0.0996023 -0.575435 -1.8078 -1.14967 -0.56223 0.58245 0.870454 -0.436719 0.32841 2.02694 -0.24812 0.913604 -0.142927 1.59976 0.618581 1.51889 0.324956 0.207433 1.12768 0.210389 -0.602182 -0.0833788 0.119378 
0.00175529 1.03903 -0.0666235 -0.255141 -0.691902 -0.854588 -0.68589 -0.399035 -0.634045 0.512375 0.190922 1.64746 1.39809 -0.27853 -0.320181 -0.749588 -0.33286 0.0161496 1.06541 0.694758 0.739697 1.4033 0.317617 -0.0817343 0.0123344 -0.111329 -0.207039 0.302258 -0.883055 -0.247002 0.105163 -0.30284 0.617571 -0.0727333 0.44633 -0.0795593 -0.731518 -0.517434 0.868189 
-0.092201 1.30569 -0.382442 -0.0313728 -0.840535 0.256055 -0.250287 -0.333398 -0.252475 0.460734 0.647237 1.03842 -0.19613 -0.316096 0.126502 -0.378089 -0.19064 0.758833 1.4851 1.9614 0.476669 -0.0181603 -0.922438 -0.422479 -0.988887 -1.08614 -0.465335 -0.348942 -0.43384 -0.138815 1.20877 1.58289 0.444766 0.0378686 0.128735 -0.115674 -1.18141 -0.530945 -0.09365 
-0.168908 1.11128 -0.405229 -0.364768 -0.3532 0.96655 0.967139 -0.10723 -0.657603 -0.266723 -0.345805 0.780181 0.193075 -0.326781 -0.108313 0.336471 0.180274 1.64736 0.76705 -0.104317 -0.663807 -1.21424 -0.406046 -1.30605 -0.689156 -0.000696191 -0.490337 -0.0289418 -0.318422 -0.217746 0.827446 0.245957 0.283259 0.401668 -0.0145564 0.237583 -0.207426 -1.24874 -0.217935 
-0.267277 1.24836 -0.0535206 0.100623 -0.0859576 1.18291 -0.351545 -0.758075 -1.19507 0.113392 -1.00777 0.446249 -0.152521 -0.321303 -0.139499 0.082635 -0.0623774 0.393259 -1.18059 -1.57779 0.130278 0.0379325 1.19049 0.179045 -0.556288 0.838074 -0.31701 -0.302716 -0.721199 -0.325989 0.985794 -0.513168 0.0364675 -0.606715 -0.885443 -0.825638 -1.27186 -1.19755 -0.496829 
-0.341722 1.03675 -0.313435 -0.390842 -0.185606 -0.532268 -0.385448 -0.0330378 -0.638062 0.7208 -0.121223 0.30996 1.20155 -0.0881681 -0.260159 -1.04254 -0.571017 -0.282895 -1.33014 0.171884 -0.201234 0.205094 -0.398821 -0.188008 -0.794096 -0.552645 -0.296009 -0.0222832 -0.363722 0.537223 -0.158155 -0.604265 -1.30067 -0.354979 0.0607841 0.219656 -0.182939 -0.534419 0.0208468 
-0.343828 1.10725 -1.01284 -0.256792 -0.234838 -0.502157 -0.218242 -0.892149 -1.04708 -0.227908 -1.24774 -0.242241 -0.743836 -0.0666929 0.135147 -0.42427 0.769966 -0.563012 0.513394 -0.0670022 -0.627848 0.0708514 -0.940529 -0.393709 -0.124737 -0.824773 -0.284178 -0.153097 -1.03487 -0.691336 -0.52723 -1.55424 -0.523389 -0.490682 -0.189459 -0.678656 0.717474 0.239828 -0.239662 
-0.409406 1.11376 -0.695182 0.125294 -0.465595 0.0786717 -0.455016 -0.435124 -0.593226 -0.0734234 -0.621538 0.235832 0.297196 -0.284644 0.085956 0.0166994 -0.284585 -0.381845 -0.422769 -0.821279 -0.494428 -0.391962 -0.257724 1.03125 1.04972 0.280796 -0.246664 0.0946723 1.0727 0.387701 0.604588 0.713338 -0.43202 -0.703858 0.832149 -0.687958 0.737492 0.172585 0.394737 
-0.501505 1.15713 -0.982643 -0.427617 -0.430033 -1.05715 -0.928369 -1.21042 -1.35786 -0.451237 0.0554238 0.761588 -0.376417 -0.257972 0.0123592 1.54701 -0.252625 1.41622 0.325273 -0.465384 -0.378998 0.949268 0.274598 1.26048 0.299011 1.24733 -0.223201 0.211739 0.524881 -0.394867 0.455376 0.0439715 -0.168173 0.395064 0.203562 -0.464971 2.11109 0.869817 1.29401 
-0.55607 1.12303 0.7646 -0.0247119 0.180796 0.455319 -0.862904 -0.680874 0.12656 0.148322 0.971738 0.550636 1.77645 -0.00990841 0.213554 0.547557 -0.193796 1.03493 0.496428 0.62678 1.09173 0.669432 -0.183187 1.44938 -0.0319664 1.1261 -0.324516 -0.00982501 1.24397 -0.393643 1.58047 0.906274 0.368058 0.0931407 0.0926229 -0.482488 0.809601 0.397205 0.00796953 
-0.545742 1.27741 -0.456529 -0.539301 0.0378988 -0.467342 -0.408752 -0.532208 -0.853091 -0.612246 1.88778 0.772608 0.963374 -0.166611 -0.000534793 -0.249674 -0.224199 0.745796 0.733897 0.95759 0.535572 -0.802868 -0.733185 -0.308986 0.146997 -1.24812 -0.302076 -0.0226731 2.04936 -0.0155582 1.20449 1.46638 1.71154 1.70113 1.09088 0.162208 -0.137498 -1.29296 -0.522691 
-0.665011 1.12518 0.545957 -0.1562 0.513397 1.34088 -0.0623511 -0.352065 -0.499945 -0.47254 0.578651 0.725915 0.385103 -0.385873 -0.218412 1.57084 0.198039 0.622829 1.20287 1.58592 1.4121 0.656364 0.375174 -1.61065 -1.5667 -1.70774 -0.336176 -0.241483 -0.490359 0.396452 0.193732 -0.188884 1.02213 0.280188 -0.0977406 0.159789 -0.292968 -0.0450419 -1.23749 
-0.745218 1.15933 1.02551 -0.395733 0.312944 1.0023 0.925397 0.347264 -0.358364 -0.306408 -0.152737 -0.625004 -0.956687 -0.272936 -0.288432 -0.221063 0.752674 -0.443613 -0.926364 0.372235 -0.105956 0.724361 0.922731 -0.0349521 -0.235997 -0.115939 -0.347424 -0.717493 0.564198 0.943858 0.261739 0.0446535 0.860488 0.783526 1.63666 0.150406 -2.3987 -0.666675 -0.760977 
-0.817854 0.968464 0.354043 0.348671 0.289291 0.15869 0.241097 -0.426282 0.0470285 0.291111 0.532391 0.549669 0.296145 -0.0681091 -0.688618 -0.966501 1.02694 -0.229438 -1.12843 -0.463095 -0.247736 1.31425 -0.195096 -1.20735 0.725677 0.865271 -0.531193 -0.975411 -2.1308 -0.566229 -1.07066 -2.17258 0.288358 0.516788 1.15624 1.13301 0.345451 -0.134248 -0.0131315 
-0.813486 0.7818 0.137227 0.287805 0.189084 -0.431555 0.519453 0.183976 0.641865 -0.477374 -1.68282 0.0814088 0.0830702 -0.416898 -0.953486 -1.92203 -1.44909 -0.949955 -1.53323 0.0179074 0.880949 0.678653 0.248913 0.441103 0.0390796 0.092048 -0.434392 -1.06716 -1.4125 0.53483 -0.614136 -0.929802 -0.166113 -0.0689974 1.30707 1.17229 0.471149 1.00128 0.568505 
-1.03014 0.444776 -1.42688 -0.580745 -0.171808 -1.77932 0.243637 0.119504 0.558881 0.491383 1.08864 0.625898 0.44644 -0.497489 -0.672429 -0.444319 -0.3224 -0.551856 0.0891846 0.271234 0.167628 0.266967 1.40638 1.76118 0.45111 -0.252508 -0.386981 -0.881064 -1.04425 -0.543592 0.466401 -0.0573168 -0.185309 0.48909 0.906303 -0.179981 0.366201 0.319314 -0.49244 
-1.05905 0.413199 -0.263248 0.0923463 -0.0856849 -0.348942 0.737127 0.281632 0.83739 0.690657 0.544169 0.535815 -0.162988 -0.0878528 -0.165929 0.886631 0.781477 1.61783 1.49113 -0.23435 -0.146387 0.429076 -0.402236 -0.010573 0.3127 -0.640585 -0.411921 -0.352752 -0.466151 -0.813256 0.114461 -0.268991 0.0570983 0.247466 1.19923 1.29879 1.51566 0.904253 0.633463 
-1.10656 0.355661 -0.58401 -0.0571102 0.568949 0.0493329 0.0319504 0.0198868 0.878967 0.147227 1.07324 0.953266 -0.246034 -0.0392697 0.238988 -0.00173906 -0.68833 0.747725 -0.373204 -0.177247 0.214222 1.18685 -0.0674424 0.0198664 0.608299 0.936373 -0.228313 -0.435329 0.87276 0.314897 0.427266 0.215155 -0.426911 0.178506 -0.213257 0.074261 -0.121727 -0.664964 -0.598223 
-1.11541 0.547516 -0.250275 -0.341489 0.247818 -0.842207 0.573935 0.408561 1.73972 0.626423 0.567289 1.13449 0.958561 -0.21326 -0.374732 0.0322737 -0.35677 -1.00244 -1.22183 -0.291492 0.427572 -0.644061 0.505474 -0.132171 -1.15165 -0.023741 -0.296802 -0.124354 0.611012 0.0889143 1.6363 1.50603 0.239026 0.0276491 -0.580854 -0.629106 -0.873714 -0.563135 0.698538 
-1.23476 0.151329 -0.539263 -0.274959 0.0832836 -1.50084 -0.228263 0.280848 0.374485 0.562009 0.903933 -0.0634014 -0.228934 -0.349744 -0.375871 0.653803 0.825501 1.48917 2.11783 0.504214 -0.15325 -1.83613 -0.5391 -1.04613 -1.32406 -0.181278 -0.192102 -0.0722606 0.328978 -0.474359 0.22847 -0.898781 -0.0989847 0.483704 0.650991 0.576732 -1.19106 -0.977777 0.110641 
-1.29997 0.342555 0.375091 0.210824 0.928354 1.76696 0.989464 0.304632 0.319289 0.167834 -0.758756 -0.0404191 0.794442 -0.0413793 0.305488 0.332268 -0.222756 1.35121 0.218033 0.185597 0.299127 1.45015 0.104817 -1.26694 -0.0657254 0.135331 -0.292074 -0.452736 0.3478 1.16725 1.68058 0.777434 0.745034 0.685826 0.196234 0.281656 -0.505188 -1.81025 -0.573965 
-1.29199 0.322341 -0.214268 -0.405507 0.699249 -1.25776 -0.0833149 0.461116 1.47913 0.641801 -0.701578 -0.0833664 -0.0288491 -0.0332018 -0.187392 -0.270072 0.683721 0.807107 -1.20591 0.470755 1.175 2.10494 0.851625 0.452855 -0.900401 -0.456495 -0.113269 -0.366442 1.90218 1.27186 1.53179 0.768428 1.18371 1.03177 1.46269 0.537471 -0.29021 -1.09855 -0.560176 
-1.35382 0.241597 0.137393 0.670778 1.28965 0.236613 1.37658 1.03515 1.92706 0.872034 -0.187632 -0.82648 0.313731 -0.112085 -0.756705 1.63609 1.86508 0.745515 0.683595 1.35115 1.22761 0.314929 0.465855 0.926247 -1.29776 -0.75801 -0.0127763 -0.151203 1.04668 0.265034 0.445833 -0.558363 0.393681 1.02545 1.60659 0.358085 0.215446 -1.15468 -1.54263 
-1.37842 -0.0927638 1.32873 0.824014 1.03172 -0.434841 1.05146 1.22469 1.71151 1.02346 0.468688 -1.23413 -0.856402 0.00871198 0.0156476 1.36628 -0.32246 -0.166817 0.591169 0.0542657 0.342521 -0.169849 -0.461975 -0.199449 -0.53098 -1.24157 -0.202867 -1.01611 0.367445 1.4934 0.810016 1.43552 1.58864 1.05144 0.385483 0.657416 -0.281977 -1.30466 -1.0149 
-1.39037 0.252675 1.42834 0.47528 1.1951 0.944417 1.40999 1.24268 1.78695 0.47793 -0.442084 -1.27347 -1.07008 -0.156371 -0.538057 -1.23233 0.0591285 0.383201 0.980446 0.704164 0.327837 0.177473 0.225855 -1.25727 -0.315073 -0.36241 -0.257528 -0.895512 0.968269 0.769173 0.0743307 0.160984 -0.0899123 0.0615292 -0.501956 0.0734617 -0.0799055 0.150633 0.619462 
-1.48313 -0.387219 0.19211 0.877092 1.1946 0.757784 1.63679 1.42299 1.83827 1.20445 -1.12458 -1.48296 -1.22888 -0.34732 -1.15382 -0.350006 1.32518 0.308864 -0.383779 -0.148543 -0.232092 -0.386221 0.564406 0.105841 0.678698 1.91011 -0.265579 -0.482083 0.566171 0.92796 0.168514 0.856514 0.27157 0.138796 -0.80672 0.159815 -0.32096 0.039532 0.868133 
-1.57393 -0.381558 1.11597 1.35309 1.32319 0.437982 1.27118 1.08922 1.48059 0.941986 -0.310152 -0.610178 1.17159 -0.19257 -0.0633106 1.83868 1.14563 -0.114839 0.0218542 -0.335521 -0.104618 -1.09361 -0.036283 0.880446 0.328386 1.30314 -0.532403 -1.38243 0.432892 1.76192 -0.00716003 -0.447774 -0.407006 -0.0270188 -0.15562 1.15615 0.447814 0.314405 -0.0866098 
-1.60279 -0.419709 1.92437 1.63794 1.12438 0.756541 1.33919 1.34961 0.98837 1.16627 -0.0122835 -1.14119 0.314571 -0.344067 -0.616586 0.820484 0.940691 -0.276109 -0.104569 -0.351809 0.213263 0.239332 0.630582 0.420578 -0.332857 -2.01443 -0.379071 -0.505175 0.835351 0.751595 -0.17041 -0.638174 -0.773156 -0.601759 -1.24284 -0.371043 0.611534 0.815033 1.70279 
-1.75614 -0.719345 1.89705 1.98044 1.17749 0.279287 0.959742 1.21554 1.65488 1.46137 0.220122 -0.875326 -1.10126 -0.302028 -0.568041 -0.957914 -0.165274 -0.0713486 -0.727807 -0.633728 -0.753189 -0.337787 -0.309844 -0.161669 0.62309 0.551197 -0.159863 -0.505557 0.122834 0.163245 -0.0252188 -0.0911179 -0.0747451 -0.0643595 -1.197 0.346316 0.577474 -0.052803 -0.502359 
-1.76765 -0.730709 1.0441 1.54484 1.07452 -0.17836 0.788337 0.868784 0.71922 0.899362 -0.218921 -0.528939 0.99304 0.130804 -0.0152614 -0.666097 -0.708944 0.284645 0.0238368 0.276956 -0.2866 -1.61657 -0.252807 0.25818 0.234468 1.45504 -0.240769 -0.6356 -0.88767 -0.0881467 0.248442 -0.555655 -0.434866 -0.19758 -0.621104 -0.947402 -0.317678 -0.00974044 -0.662376 