-0.319483 -0.754603 0.990251 1.43937 1.21515 0.650454 1.3183 1.8569 0.544617 0.0805284 -0.113965 -0.812615 -1.40068 -0.198356 0.0933394 -0.773913 0.352642 1.29272 -0.38272 -0.759316 0.168825 -1.43888 -0.480887 -0.882083 0.0415267 -0.556721 -0.104958 0.373768 -0.328078 0.0532553 -0.315025 -0.617518 -0.341084 -0.606601 0.365811 1.06097 -0.727433 0.105796 0.771477 
-0.448921 -0.809991 0.327704 1.02275 1.23924 0.134801 0.387772 0.980542 0.447809 0.873743 -0.591824 -1.31953 -1.72444 -0.00207907 -0.0503839 -1.00683 -0.516314 -0.390595 0.140481 -1.02809 -1.45731 0.375664 2.13302 -0.498505 -0.66856 1.07703 1.19376 -1.18312 -0.609324 0.869713 1.04225 -0.282965 0.245102 0.958103 -1.79347 -2.0667 -0.149038 -0.561395 -0.558368 
-0.352393 -0.787409 0.124636 1.15595 1.03899 0.796422 0.508205 1.05281 0.849831 1.84542 -0.57181 -1.30077 -0.401785 1.68806 -1.72618 0.064924 0.764427 -0.0979226 0.0613127 1.09962 1.07017 -0.569014 -1.51513 0.7213 -0.74035 -0.032969 2.413 -1.40868 -2.30023 -1.17146 0.406724 -0.452283 -0.617366 -0.675266 -1.1719 -0.98983 1.96489 -1.98208 -1.3862 
0.219853 -1.78051 0.379534 1.47059 1.19598 0.205348 1.24773 1.54929 -0.000123487 -0.362048 0.0874872 -1.86143 -1.73746 3.0138 -1.89621 -1.73136 -1.00083 0.841142 -0.641098 0.210805 0.594715 -1.68588 -3.0906 2.78171 -1.82049 -2.58561 0.869279 -0.370041 -0.0423948 -0.553472 0.455602 0.410776 0.419075 -0.373612 -0.262045 -0.414917 1.2523 0.08725 0.966342 
0.866776 -1.85308 -1.3612 0.595885 1.42218 0.197806 0.670527 1.36331 -0.488524 -0.686235 2.0283 -2.65118 -2.74186 -0.603413 1.22434 -0.0935609 -1.48403 0.605709 0.351544 -0.525812 -1.54464 0.280069 1.11194 0.738059 0.858895 1.13569 0.583119 -0.0821326 1.36374 -0.790953 0.926974 1.16189 1.32993 0.588692 0.114943 -1.52708 0.669656 -0.383495 -1.13008 
-0.0627082 -1.10003 0.295699 0.634633 1.47225 0.552387 0.831882 0.697771 0.228877 0.56298 0.782422 -1.20626 -0.68509 -2.28637 1.79485 3.39018 -0.0252531 0.218655 1.84894 1.58554 0.168975 1.82008 1.61495 -1.99597 1.34584 1.36133 -0.790147 1.07884 1.12792 -0.720946 0.862466 1.46402 -0.150592 -1.11059 0.340892 1.15003 0.47044 0.342649 0.969062 
-0.114486 -0.85335 1.53713 0.592843 1.52268 1.97136 1.91189 1.44256 0.968257 0.65253 0.174457 -1.63151 -1.4838 -0.383451 0.289218 1.46938 0.548295 0.378545 1.17608 0.335026 0.121936 0.107755 -0.00603805 -0.182641 -0.418517 -0.02995 -2.15756 1.45328 2.53159 -0.0228033 -0.213571 0.343907 0.304054 -1.09507 1.48741 0.846185 -1.8692 0.861412 1.3207 
-0.253949 -0.942804 1.54978 0.959069 1.64537 1.68493 1.09171 0.751474 0.320499 0.568448 0.619039 -1.50725 -0.695355 -0.407481 0.239558 -0.329872 -0.00950501 -0.494518 -1.50686 -1.16611 -1.57172 -0.145353 -0.80205 -0.153551 -0.251762 0.134721 -0.426441 0.178906 -0.325478 0.0500721 0.244794 1.16506 0.792121 0.497396 0.406957 -0.231338 -0.604268 0.596781 0.0772974 
-0.315703 -0.723914 1.25101 0.598794 1.29934 0.547967 0.993463 0.576338 0.858089 0.00326106 0.0381937 -1.80769 -1.34394 -0.149388 -0.0274679 -1.83773 -0.489004 -0.11763 0.0351211 0.739484 0.524286 0.354224 -0.220128 -0.50445 1.17913 0.145841 -0.312939 0.22714 -0.936576 0.359243 0.278726 -0.65379 -0.74268 -0.399253 -0.145376 -0.117343 -0.813813 0.333896 1.34961 
-0.348016 -0.962786 -0.0271133 0.69124 1.59317 1.73053 1.66899 1.02372 0.60862 0.397824 0.155652 -0.612377 -0.545364 0.0163319 0.0892855 -0.77184 0.467792 0.79517 0.792963 0.180632 1.06425 -0.0126373 0.685811 -0.775803 0.68111 1.39342 -0.0767557 0.600221 -1.43883 -0.164009 -0.17823 -0.268529 0.950325 0.878458 1.83632 -0.290539 -0.124742 0.719753 -0.273242 
-0.34097 -0.678565 0.586549 0.877266 1.66164 1.31553 1.1321 1.14187 0.853729 0.577791 -0.67816 -1.28559 -0.0566179 0.0530733 0.875268 0.133285 0.272015 -0.116846 -0.341249 0.547364 0.612234 1.71215 -0.063126 0.371757 -0.263558 -0.419045 0.128806 0.300266 -1.02008 1.3152 1.04918 0.335195 0.758151 0.407627 0.668797 0.805037 0.294665 0.135418 1.14731 
-0.358029 -0.477628 0.0832365 0.857929 1.54132 1.41756 2.09548 1.34374 1.97935 0.356337 0.509104 -0.797383 -0.910339 0.143963 0.341276 -0.430085 1.22419 0.407737 -0.460101 0.848284 -0.533533 0.76852 0.0874068 1.128 -0.501868 -0.0898356 0.042874 0.338787 -0.252315 0.729137 -0.416276 -1.21111 0.0720002 0.177217 0.757252 2.1155 -0.26685 -1.76527 -0.934515 
-0.313248 -0.492211 0.21464 1.58762 1.84801 0.889345 1.79478 0.839551 1.47215 0.66012 0.380296 -1.64898 -0.121476 -5.03075e-05 -0.391123 -0.413839 0.663636 -0.396399 -0.962519 -0.43939 -0.377975 -0.856982 2.10003 -0.668747 -1.95229 -0.588164 -0.0574932 0.221181 -1.16608 0.185663 -0.762457 -0.493362 0.367348 -0.503801 -0.249837 0.836024 0.235059 0.116042 -0.0675827 
-0.390096 -0.7011 -0.274766 1.24822 1.36253 0.512742 1.74746 1.12591 1.30183 2.09409 -0.107448 -2.24644 -1.42949 -0.216232 -0.0207214 -0.94705 -0.989917 -1.32638 -0.0839933 -0.343898 -0.108449 -1.04376 0.715691 -0.844715 0.656694 0.0449114 0.062749 0.383647 -0.636659 0.0408732 -0.137114 -0.837612 -0.472899 -0.130705 -0.982207 0.131334 -1.00237 -0.352495 -0.246034 
-0.435066 -0.508419 -0.599803 1.03378 1.24691 0.821463 1.52172 0.768118 0.645721 1.25923 -0.400301 -1.14516 -0.0634951 0.077884 0.937669 -0.327953 -0.616217 0.210072 0.0540658 -0.183991 0.216042 -0.240311 -1.97647 -0.47861 1.51671 0.345161 -0.157429 -0.0036992 -0.405848 -0.670605 -1.15279 -0.696737 -1.1377 0.111749 -0.651917 0.718243 -0.193001 0.843922 -1.65431 
-0.389809 -0.181024 -0.559247 0.907759 1.45914 0.576385 1.59991 1.23073 1.11596 0.478839 -0.546745 -1.09888 -1.09779 0.0192099 0.0284663 0.482246 0.119145 -0.0493684 -0.675356 -1.17177 0.258473 0.317204 -0.0261699 0.633106 0.415345 -1.85108 0.0647315 0.548501 -0.297045 0.0626037 0.469551 1.04534 -0.913149 -0.266453 -0.229953 -1.13018 0.47943 1.16008 -0.121021 
-0.459138 -0.497102 -0.190735 1.11319 1.22571 0.19021 0.598853 0.895984 0.904327 1.24814 0.196791 -0.821992 -1.73395 0.00242452 -0.161811 -0.00627975 0.69168 0.314049 1.03042 -1.03029 -0.552637 -0.012612 0.883544 1.04442 -0.046267 -0.449401 0.182558 -0.321773 0.685236 1.00779 -0.0759033 1.92995 -0.442893 0.707844 0.962377 -1.93143 0.380403 0.146389 -2.29011 
-0.420849 -0.27618 -0.568368 1.31406 1.60297 1.57017 0.788088 0.918025 1.11162 1.21601 0.433794 -1.12124 -1.49044 0.208185 -0.463163 0.362321 1.17612 -0.0652757 2.69613 0.588658 0.658524 0.768208 -1.8394 -0.181782 -0.222278 -0.660819 3.71908 -2.62296 -2.19916 -0.151552 -3.98985 0.38508 -3.27041 -0.935801 -0.764674 -1.22063 0.530282 1.97697 0.761192 
-0.404754 -0.760886 0.115676 1.79609 1.19728 2.77085 1.05775 1.24114 1.5225 -0.254378 0.0342092 -0.9761 -2.31934 4.63972 -3.47385 -2.61061 -0.892593 -5.01221 -0.644759 -3.34786 -0.645183 -0.84051 -2.06369 -0.419819 2.54608 1.32441 4.11471 -2.85439 -0.705529 -0.46723 -1.89904 0.146795 -2.65316 0.731295 0.331983 -2.12991 1.23894 2.87857 2.06504 
1.47334 -2.22464 -2.80686 0.815798 -0.671892 0.968061 -1.84281 0.555058 0.447237 -0.470989 0.0493043 0.796818 -0.266033 4.92785 -3.49442 -1.18676 -1.78443 -2.18439 -2.56267 -4.13835 0.288648 -0.390384 -0.21757 1.62569 3.85821 2.98308 3.09187 -3.44319 -2.06739 -0.311088 -1.71409 -0.91022 -3.45692 0.0345838 0.257218 -2.52539 -1.32992 1.31648 1.78815 
1.60905 -2.72086 -0.903966 0.788619 0.206548 0.34162 -2.1936 1.3854 1.21698 -0.422899 1.55664 1.92412 0.417159 -0.780536 -1.30276 0.151849 0.485791 2.97913 -0.340544 -1.28063 0.695921 1.13441 -0.37464 -1.10622 -0.878559 0.690506 2.61032 -1.48932 -1.45506 0.0428964 -0.661267 -1.62066 -2.91634 -0.217549 -0.152201 1.7711 -0.539207 1.62273 2.22955 
1.11725 -2.95824 -2.68062 1.10455 0.682163 0.655773 -2.85112 0.92053 1.35736 -0.768703 -0.97508 0.151471 0.380491 -1.6698 1.43567 -0.537162 1.83446 1.38425 0.825426 0.235418 -0.56232 0.224734 1.92237 -2.23756 -1.80478 -0.478207 -1.22477 2.05894 2.60904 0.571319 2.36822 -0.522558 -0.386739 -1.32206 -1.07151 -0.563378 -0.96012 -1.99487 0.0459372 
0.88377 -1.92212 -1.36754 1.84741 0.836358 1.14011 -2.01196 1.06744 1.40186 1.16872 -0.522437 0.585479 -0.00174985 -0.74888 4.17964 3.0014 0.246188 -0.231522 -0.234452 0.772892 -2.39073 -2.33194 -0.171714 0.00771702 -1.62661 -0.609424 -0.161906 3.24812 -1.14178 -1.7779 -1.45635 0.360962 0.83343 -3.68523 -2.88455 -1.33587 -2.94815 -3.00917 0.411099 
0.774294 -0.624061 -0.115094 1.25649 0.578243 0.444554 -2.24761 -0.390553 -0.496067 -0.899507 -0.961002 -1.0538 -0.15804 1.46719 3.09537 -0.810813 -4.13424 -3.11549 -0.465292 0.894536 -4.17309 -3.45732 -3.21364 -1.15938 -1.97853 0.964614 0.92085 3.23402 0.896688 -2.77267 -2.25423 0.626356 1.51149 -3.25783 -2.22855 -0.0875818 0.513071 -1.22479 -0.0339664 
1.46084 -0.194669 -2.06536 -0.50173 -0.577191 0.708978 -1.31297 -1.21176 -1.34878 -1.46413 -1.59637 -0.883219 0.894659 1.89791 0.331787 -1.90308 -3.82976 -2.4341 0.875482 1.26714 -1.79477 -0.164311 0.0841733 0.596989 0.0918221 0.601814 1.27917 1.90268 -0.767474 -4.69759 -2.72253 -0.781579 0.854032 -3.63789 -1.83835 -2.73171 -0.0849707 -1.43563 -0.139282 
1.53019 -0.443016 -1.74792 -0.918804 -0.525881 1.29073 -1.25617 -1.37793 -0.621349 -0.819837 -0.39758 -0.972801 0.40763 0.129137 -0.435847 -0.0879653 -1.93352 -0.0985431 -0.383855 0.263069 -0.501408 1.39905 0.576356 1.07266 0.178069 -1.08912 1.62414 0.462588 -1.45747 -3.60365 -2.33648 0.273102 1.72264 -1.02867 0.187274 -0.0665118 -0.433482 -0.147787 -0.584825 
1.48241 -0.443167 -2.1444 -1.59433 -0.620724 0.355428 -1.10963 -1.49664 -0.227671 -0.979631 -0.589508 -0.737659 -0.0811794 0.129061 0.324566 0.176259 -0.826224 -0.327843 -0.608341 1.0563 0.477456 0.379706 -0.151396 -1.08663 -0.269452 -1.22087 0.189474 0.0735118 0.974301 -1.28157 -0.660503 -1.07065 1.10994 0.798745 0.817193 0.108317 -0.451245 0.385201 -1.43724 
1.55172 -0.266012 -1.60079 -1.37917 -0.673541 0.723322 -0.430212 -1.13112 -0.312914 -0.933928 -1.4037 -1.16222 -0.688313 0.106891 0.550993 1.27943 0.274275 -0.70071 -0.771249 1.23802 1.53536 -0.476602 -0.47499 -1.58284 0.315928 -0.476101 0.0342835 0.454752 0.670826 -1.30583 -1.01765 -1.62901 0.929428 0.442313 0.0626857 -0.289029 -0.955264 0.293717 -0.947652 
1.49474 -0.139462 -1.05293 -1.42635 -0.937706 -0.367178 -0.14104 -0.675209 -0.601928 -1.35989 -2.05821 -0.488908 -0.498168 -0.0867616 0.320887 0.651015 -0.864331 -0.889659 -1.13774 0.202502 0.0978926 -0.304155 -0.130402 -0.00626194 0.648169 0.19908 0.0292819 0.612265 1.26487 0.585245 -0.584679 -0.258359 1.0444 0.232478 -0.0784603 -0.732583 -1.13817 0.77086 -0.397765 
1.48365 -0.0910673 -1.04725 -1.8613 -1.07633 -0.348427 -0.274406 -1.09048 -0.549687 -1.03075 -1.40265 -0.664779 -0.489788 -0.0708358 0.313562 0.260732 0.475676 -0.00974675 0.475885 0.175093 -1.23 0.393722 -0.234529 0.278487 0.664045 0.064678 -0.134311 0.564676 0.666156 0.653069 -0.574086 -0.589522 0.484374 0.139402 0.57882 -0.23404 -0.047658 1.46182 -0.579215 
1.43329 0.031384 -0.833479 -1.14338 -0.940917 0.0983168 -0.00674855 -1.35583 -0.282318 -1.54236 -1.79171 0.020415 -0.422168 -0.081401 0.477471 0.170655 1.70181 0.191606 0.491867 0.458953 0.0877119 0.959043 -0.0983689 -0.0373118 1.20249 -0.811909 -0.102192 0.308218 -0.067767 -0.131429 -0.60274 0.252276 0.0504601 -1.09525 0.489963 -0.266325 0.403212 1.31329 0.153933 
1.41781 0.171497 -0.904907 -0.878244 -0.988101 0.132293 0.082689 -1.05536 0.220626 -1.10123 -1.43055 0.247582 -1.21291 -0.0572314 0.128062 -0.319817 -0.65062 -0.721861 -0.230786 -0.0960295 -0.172974 0.161427 -0.0253742 0.199206 0.999449 0.136277 -0.0647867 0.356163 -0.583638 0.545481 -0.0358646 0.71971 0.636994 -0.303417 0.596233 0.664824 1.30894 1.70285 -0.608957 
1.37748 0.0984308 -1.111 -1.50348 -1.2675 -0.109409 -0.0852622 -1.46231 -0.147906 -1.55279 -1.59912 0.780795 -0.280895 2.77217e-05 0.0308433 -0.848818 -1.00318 -0.259362 0.24797 0.407347 -0.471867 -0.284611 0.736378 1.56215 0.951896 0.166066 0.0541783 0.488415 0.378279 -0.233967 -0.670475 -0.207749 -0.2811 -0.545193 -0.137306 0.611035 1.57332 0.633389 -0.0948384 
1.38578 0.184143 -1.63526 -1.43965 -1.10466 0.380661 0.399278 -1.32419 -0.0005656 -0.485104 0.0326322 0.972367 -1.04448 0.124366 0.564216 0.796016 0.343346 -0.089069 -0.0110122 -0.269922 -0.522266 -0.310358 0.611514 1.6313 -0.192706 -0.211455 0.101069 0.534979 1.13666 -0.0901772 -0.307232 -0.899645 -0.281803 -1.51801 -1.65405 -0.588148 0.44061 0.593158 1.02672 
1.39706 0.409535 -0.433333 -1.29607 -1.30673 -0.107764 -0.300265 -1.75851 -0.389624 -1.03937 -0.0714723 0.648823 -0.456625 0.125642 0.726205 2.23512 0.881471 -0.126185 -1.22208 -0.774243 -1.47506 -1.56679 -1.30662 -1.04122 -0.195848 1.00367 0.0445179 0.449149 1.55784 0.832036 0.331302 -0.767256 -0.383206 -0.11937 -0.957813 -0.267135 0.843833 0.238946 0.721952 
1.40589 0.585891 0.274307 -0.92498 -1.16075 -0.771436 -0.211568 -2.13792 -1.24398 -1.54939 -0.931152 0.838043 -0.112469 -0.0692908 0.0734427 1.09573 0.725099 0.451292 -0.822975 -0.233075 0.374917 -0.759555 -0.872199 -0.644184 0.502405 1.0429 -0.0477317 0.492615 1.46304 0.148725 -0.248545 -1.49156 -0.425804 0.208727 -1.38939 -1.20623 -0.318251 0.622947 1.80483 
1.33625 0.446018 0.500894 -0.870679 -1.10059 -0.879649 -0.486347 -1.5674 -0.989466 -1.74634 -0.665126 1.03716 0.511156 -0.185725 -0.0280846 -0.457138 -0.694866 -0.190636 -0.378516 0.214071 1.74986 0.0124539 0.140359 0.6848 0.989434 1.02976 -0.170968 0.575016 0.958333 0.314281 0.0422128 -1.14228 -0.337101 0.148072 -0.368738 -0.529931 -1.10427 0.632542 0.792338 
1.29674 0.565563 -0.12076 -1.31035 -1.2461 -1.1199 -0.046683 -1.19999 -1.22834 -1.42351 -0.285868 1.59093 0.84333 -0.144632 0.739299 0.0765697 -0.324838 -0.427614 -0.407944 -0.208041 -0.178158 0.350852 0.358098 -0.620974 0.303271 -0.133327 -0.215069 0.295041 0.0606279 -0.243479 -1.00257 -0.95509 -0.397898 1.31156 -0.607382 0.114658 -0.584842 0.041774 -0.17346 
1.24416 0.855093 0.562694 -1.04477 -1.29355 -1.25615 -0.652779 -1.6767 -0.704034 -1.44136 -1.23714 1.27643 0.40665 -0.0832503 0.451379 0.552135 0.375316 -1.0092 -0.654277 -0.736787 -0.0560898 -0.689024 -0.0328787 -1.34943 -0.928194 -1.19221 -0.535082 0.729963 0.437406 -0.442092 -0.828435 0.844094 0.778611 0.987865 0.703822 0.774799 -1.29443 -0.0975758 -0.871576 
1.23013 0.813528 0.348136 -1.08468 -1.70317 -1.73107 -0.628131 -1.24298 -1.77195 -1.44012 -1.53698 0.908426 -0.226484 -0.523827 0.288975 0.470586 -0.251029 -0.568299 1.27943 1.26442 1.45545 0.444344 0.38596 -0.864041 -0.417628 -0.80402 -0.756497 0.234336 0.630974 0.65674 0.0494855 1.80635 0.137083 0.0416213 -0.401806 -0.873451 -1.55362 -0.582747 -0.690952 
0.994639 1.01218 0.961781 -1.17673 -1.55041 -0.0251414 0.336529 -0.898676 -0.344065 -1.11346 -2.03575 0.976101 -0.30928 -0.861607 -0.112526 0.227314 0.466902 1.04139 2.54422 0.932114 0.115883 0.243204 -0.81248 -0.435238 0.202465 0.455352 -0.857935 -0.0632339 0.690848 -0.321809 0.318275 2.00093 0.338622 0.82892 -0.413936 0.679062 -0.938952 -0.373074 -0.724269 
0.840378 0.745949 0.538977 -0.806714 -1.22905 0.70486 0.100351 -1.19256 -1.57234 -2.09796 -1.93585 1.07225 0.205667 -0.547659 -0.364043 0.380716 -0.169607 0.915266 0.816461 -0.798589 -0.382666 -0.90378 0.265779 -0.209991 -0.0438889 0.0301815 -1.15077 0.117024 0.461723 0.546499 1.48767 1.33722 1.00789 1.10213 1.0787 1.24648 0.985229 -0.465305 -0.213883 
0.735225 0.803862 1.28394 -1.26219 -1.13356 0.764809 -0.293426 -1.11905 -1.05889 -0.884421 -2.22463 0.955521 -0.264727 -0.575438 0.288198 0.349022 0.233047 0.67502 -1.1508 0.431992 1.30843 0.972776 2.01138 1.58582 -0.780204 -0.662668 -1.16199 0.175188 -1.2241 -0.334375 0.609395 -0.140667 -0.718064 0.262791 -0.90974 1.51906 2.3153 -0.0113018 0.364176 
0.569431 0.902602 0.834003 -0.662275 -0.921307 -0.379335 0.436284 -0.4944 -0.791075 -0.43312 -0.450592 0.500521 -0.381402 -0.903393 0.620621 -1.82747 -0.267246 -0.227376 -0.987259 -0.15385 0.727031 -0.112173 1.19598 2.89832 0.0382469 0.404142 -0.928824 0.385846 -1.40739 -0.406338 0.28275 -1.8045 -0.890167 0.324111 0.576725 1.44708 1.55604 -0.0211693 0.0181981 
0.328123 1.14653 -0.28417 -1.4034 -1.2356 -0.163583 -0.417324 -0.736684 -1.14261 0.109734 0.484193 0.996422 0.120739 -0.584541 0.261407 -2.01574 -0.762771 -0.369655 -0.781022 -1.61542 -0.885164 -0.320241 -0.619043 0.2247 0.762128 0.71296 -0.923571 0.690401 -0.863753 0.31411 0.0277332 -1.26005 -1.49243 -0.230195 -1.16697 1.0338 2.85799 -0.98892 0.261297 
0.294705 1.04426 -0.895263 -1.08642 -1.08795 -1.11125 -0.83481 -0.987717 -1.04067 -0.931862 -0.234233 1.08326 0.285591 -0.250029 0.352621 0.813155 0.667287 0.234098 -0.368313 -1.83794 -1.01697 -1.19251 -0.202165 0.417431 -1.2758 -0.0840135 -0.707307 0.179466 -1.10407 -0.201677 0.160834 -0.869427 -1.84511 -1.37659 -2.03684 -0.00330276 1.29062 0.0213131 0.495201 
0.192274 1.33923 0.408165 -1.01102 -1.12808 -0.502326 -1.86307 -1.30159 -2.08762 -0.0461152 0.880224 0.053731 0.0611882 -0.298911 0.00112243 0.713025 0.497169 0.532247 -0.161105 -0.84972 -0.879809 -1.96083 0.612774 1.27896 -0.726671 -0.133201 -0.325247 0.317061 0.145786 0.985732 0.595761 -0.297567 -0.427005 -0.154273 -1.26178 -0.745375 0.79497 0.44416 -0.244363 
0.138562 1.04028 -0.288642 -0.791171 -0.845042 -1.2526 -1.5049 -1.47812 -2.59823 -0.417407 0.964955 0.551606 0.181199 -0.156486 0.101304 -0.615963 0.599509 0.437824 0.0314499 1.27615 0.824716 -0.218597 -0.51969 0.513188 1.84409 -0.157135 -0.339278 0.167267 -0.00346919 0.313211 0.707 0.396841 0.626546 1.02595 -0.175041 -0.505205 0.323636 0.042341 -1.03391 
0.0952606 1.3913 -0.12286 -0.657345 -0.928045 -0.460229 -0.86455 -0.866166 -2.25618 -0.463136 1.36552 1.44634 -0.065022 -0.125118 0.244438 -0.694949 -0.0982876 0.269944 0.559214 1.702 2.2061 1.76954 -1.10303 -0.893268 0.788625 -0.98433 -0.433557 -0.0144827 -0.612528 1.10817 0.874187 -0.127916 1.27495 1.67688 1.19324 -1.15731 -0.192018 1.07013 0.113333 
0.0545706 1.17245 -0.88728 -0.835913 -0.721244 -0.707716 -0.172133 -0.292376 -1.18175 -1.31424 0.139094 1.15418 -0.699106 -0.385235 -0.108558 -0.0968713 0.825291 0.560155 -0.188751 0.446402 1.3391 1.56314 -0.599397 -0.723662 -0.487007 0.313025 -0.622522 0.236144 0.022377 0.507305 0.430025 1.42502 1.36283 2.1728 2.64897 0.0557925 -0.101477 0.874102 1.62168 
-0.0967211 1.32595 -0.20953 -0.174753 -0.67246 -0.62791 -0.517306 -0.15134 -1.00425 -0.945718 0.697778 1.09408 0.237379 -0.652494 0.09693 0.744042 0.747655 0.20789 0.927136 0.138515 0.595806 1.20899 1.15375 0.787473 0.321444 2.81447 -0.465909 -0.00478067 0.305971 1.19637 0.794829 1.34039 1.22436 0.836285 1.75514 -0.10907 -1.88849 -1.60708 0.835902 
-0.248367 1.22207 -0.254108 -0.397648 -0.625624 0.18767 -0.0665514 0.0187167 -0.212163 -0.354821 0.880094 1.40706 1.88368 -0.196873 0.114799 0.486296 0.713347 0.344891 1.58552 1.20825 -0.256847 0.412106 0.491135 -1.44817 -1.5295 0.644908 -0.64708 0.186902 1.24279 1.4104 0.0424305 -0.136726 0.0463108 -0.387564 -0.517333 1.14563 -0.390326 -0.729626 1.46581 
-0.210502 1.38557 0.203006 0.243923 -0.514628 0.894697 0.427913 -0.303377 -0.669981 -0.531314 -0.645383 -0.0385056 0.842335 -0.155775 0.175942 0.76962 1.0672 -0.183956 -1.09376 -0.0650212 -1.08823 -1.78448 -0.05209 -1.22722 -1.23226 -1.15734 -0.255945 0.131518 0.446749 -0.247152 0.449436 -0.347315 0.0298281 -0.800074 -0.424988 1.79269 -0.104196 -1.1786 0.275854 
-0.345085 1.31591 0.40096 0.223065 -0.707945 -0.842184 -0.120726 -0.584898 -1.62913 -0.387231 -0.257089 0.496961 0.845657 -0.12313 0.0810342 0.0720712 -1.03764 0.155675 -1.97504 -1.15688 -0.766338 -0.883947 1.23448 1.33923 0.0529281 -0.308622 -0.11266 0.24468 0.294776 -0.204375 -0.337311 -1.14952 -0.407625 -0.438354 -0.109949 0.660049 -0.79422 -1.06303 -0.186674 
-0.293667 1.4263 0.260955 -0.337157 -0.442719 -0.974718 -0.483264 -0.732152 -1.369 0.494511 0.609987 0.0133843 0.578025 0.01464 0.1773 -0.39363 -1.33628 -0.236814 -0.14482 -0.47075 0.530456 1.66626 0.685495 0.320517 -0.098687 0.980223 -0.368215 -0.245693 0.262104 -0.849467 0.0228275 -1.60763 -0.471827 -0.186077 0.112264 0.670108 0.946618 0.293653 -0.598109 
-0.371054 1.41051 0.0602576 -0.528532 -0.814269 -0.968013 -0.49336 -0.309301 -0.294989 0.187039 0.0485949 0.435364 1.7563 -0.337023 -0.409904 0.264711 -0.0639633 -0.154699 0.251584 0.534933 0.533159 1.01515 -0.591378 -0.233283 0.325708 -0.325181 -0.0991581 -0.0568235 -0.379239 -0.894657 0.598988 0.0422033 0.344858 0.998799 1.80788 1.08593 0.434997 -0.697962 -1.06147 
-0.465633 1.19232 0.483809 -0.362301 -0.511754 -0.722907 -0.0665321 -0.455086 -0.553953 0.0185246 0.399394 0.269455 0.298619 -0.13892 -0.243451 -0.0392421 0.176361 0.912516 0.167575 0.94495 0.760902 0.36819 0.358585 0.193924 -0.772227 -2.12835 -0.514725 -0.237533 -0.235368 -0.0341954 0.931796 1.05936 -0.265529 0.472445 0.905926 -0.436411 -0.659576 0.073172 -0.4005 
-0.460775 1.26967 0.0229199 -0.416458 -0.398674 -0.796235 0.245196 0.0914662 0.00426612 0.492418 0.236263 -0.130391 -0.166935 -0.306022 0.0923843 -0.524928 0.0145031 1.22014 0.847749 -0.879986 0.0809586 0.00690217 0.167459 -0.517752 -0.224903 -0.0892772 -0.292383 -0.3528 -0.682057 -0.0128169 0.893749 -0.862023 0.485623 0.693095 0.0116476 0.325825 -0.163953 -0.168729 -0.911733 
-0.624729 1.2394 0.0307118 -0.342643 0.0435361 0.0968496 -0.760377 -0.42364 -0.542735 0.166699 -0.0763935 0.113383 0.23427 -0.226569 -0.234405 -0.757031 -0.198232 0.108373 -1.10186 -0.281817 0.137119 -0.349927 -0.0474746 -0.371951 0.568209 1.14643 -0.50831 -0.451293 -0.46374 -0.338742 0.667587 -0.390175 -0.425649 0.538381 0.301313 0.241836 -0.439204 0.238581 1.04978 
-0.586885 1.13389 -0.628863 -0.518264 -0.348246 -1.83381 0.0208567 0.153417 -0.268999 0.463804 -0.103603 0.307197 0.895225 -0.329015 -0.707244 -0.00934973 -0.456992 -0.464107 -1.28263 0.320022 0.617997 0.336496 0.0626604 0.0214976 0.534142 1.28461 -0.601504 -0.531838 -0.451136 0.0162036 0.125152 -0.0566307 0.0699746 0.415415 0.475489 0.566837 0.484967 1.18172 2.30713 
-0.79337 0.839041 0.0189627 -0.592194 -0.166003 -1.11293 -0.51233 -0.100493 -0.268748 0.228673 -0.049469 0.525471 1.4224 -0.524806 -0.492494 0.237879 0.213813 0.0124335 1.02001 0.387073 0.403621 0.888831 0.590994 0.944165 0.929491 1.44454 -0.484268 -0.892023 -0.58821 -0.112564 -0.158893 -0.559177 0.543005 1.00863 0.702024 -0.330495 -0.0274954 1.03039 1.07962 
-0.836811 0.853697 -0.428978 -0.384806 -0.341385 -0.849941 0.321532 0.360122 0.445337 0.960345 0.783473 1.01521 2.22915 -0.27601 -0.520674 -0.674301 0.306395 0.252276 0.668874 0.420127 0.686007 0.456682 -0.384443 -0.0417606 0.772875 -0.056159 -0.567613 -0.629921 0.935217 0.227247 0.318843 0.247171 -0.415753 0.00818745 1.00129 0.17125 -0.338068 -0.433305 0.508551 
-0.940006 0.543077 -0.562001 -0.405875 -0.0502271 -0.463582 -0.18571 0.259593 0.101057 -0.0771044 -0.0815167 1.11626 1.38824 -0.184261 -0.370838 0.906682 0.074128 0.335199 -0.780316 -0.933754 -0.386846 0.24026 -0.428941 -1.32349 -1.46691 -0.849967 -0.27754 -0.110872 0.59326 0.145082 -0.158671 -0.130952 -0.0283993 -0.0972974 0.312619 0.85118 0.997373 -0.194261 -0.006807 
-0.945356 0.641575 0.343418 -0.331104 -0.187954 -1.58119 -0.414515 0.137474 0.6426 0.617967 -0.443461 -0.070525 1.47134 -0.0709496 0.379341 1.40849 -0.12449 -0.463848 -0.829389 -0.446907 -0.804956 -0.100593 1.20216 1.20639 -1.00907 0.0786951 -0.231402 -0.444612 0.932614 -0.237158 -0.312917 -1.40983 -0.566878 0.00718454 -0.689009 0.052099 0.344896 -0.807452 -0.916028 
-1.00151 0.750731 0.639956 -0.465578 -0.259648 -1.24158 -0.539629 -0.190157 0.0265737 0.922131 1.05001 0.373221 1.47702 -0.105104 -0.234728 0.234754 -0.385519 -0.727402 -0.733777 0.184236 0.40233 -1.00845 0.476096 1.73376 0.458023 -0.136722 -0.438041 -0.425883 1.74443 -0.0598579 -0.523282 -0.226737 0.140728 0.519174 0.433508 0.762227 0.588042 -1.34884 -0.37051 
-1.02104 0.505617 0.540628 -0.539846 -0.517057 -2.26809 -0.273048 0.343477 -0.155676 1.02 1.17971 0.284586 1.36373 -0.476369 -0.958856 0.707179 0.0419118 -0.17471 0.567495 0.647126 1.4792 0.592373 -0.470221 -0.515003 -0.682033 -0.459865 -0.477701 -0.32866 0.598036 0.658675 0.270597 -0.138712 0.307386 0.75631 0.393038 0.306722 1.28994 1.33051 0.401451 
-1.23133 0.209574 1.24157 -0.43027 -0.33777 -0.688808 -0.0348365 0.600763 0.504559 0.545799 0.576788 -0.125022 1.07483 -0.491724 -0.20955 0.505167 1.23024 1.01853 0.56505 0.23967 0.577027 1.45481 -0.183406 -0.230889 1.22718 0.612419 -0.506239 -1.07778 0.0473916 0.471622 0.354934 -0.990386 -0.364665 0.372067 -0.20513 -0.536558 -0.508003 -0.598994 -0.831762 
-1.25723 0.383747 0.969318 0.173957 -0.0533187 -1.71766 -0.088069 0.64437 1.00989 0.879581 0.971352 1.21543 1.93907 -0.156083 -0.527456 -0.628066 0.561405 0.564606 -1.63765 -1.12524 -0.994233 -0.817433 -0.0502703 -0.0607924 -0.0641695 -0.433289 -0.519479 -1.02943 0.580037 0.479297 1.28311 1.6481 -0.0154098 0.747678 1.13389 -0.57372 -0.120314 0.420434 -1.05541 
-1.32817 -0.0901853 0.700187 -0.0983482 -0.0801631 -2.2368 -0.921181 0.0482043 -0.141426 0.514886 0.526998 -0.160782 0.696874 -0.157257 -1.2095 0.213155 -0.617013 0.45832 1.15741 -0.249017 0.391223 -0.176884 -0.37292 0.103315 -0.688783 -1.75382 -0.246437 -0.443517 0.120576 0.562125 1.08293 0.368632 -0.124286 0.0943514 0.985877 0.575032 0.122851 0.258837 -0.117835 
-1.35456 -0.29766 1.14804 -0.166961 0.156022 -0.602893 -0.286663 0.844341 0.874581 0.583281 1.07455 0.712131 0.357278 -0.15205 -0.0765878 0.795004 0.15871 0.677822 2.0059 0.969759 1.12187 1.92922 0.601692 0.21435 0.398933 0.332585 -0.185697 -0.6465 0.651304 0.931772 1.29563 1.45921 0.339964 -0.259512 0.330957 1.19289 0.80156 -0.718501 -1.81584 
-1.42334 -0.137654 1.37698 0.0036477 0.228855 -0.313717 -0.163151 0.645037 1.40236 1.02023 0.733708 0.1501 1.01711 -0.075052 0.323103 0.590692 1.81417 1.0332 0.365117 0.716647 -0.718888 0.553556 1.52014 0.834924 -0.208011 -0.23165 0.0166529 -0.0736977 1.29673 1.21189 1.1 2.37782 1.16406 1.25501 1.03226 1.16327 1.2531 0.597072 0.951033 
-1.41777 -0.121475 1.64994 0.880251 0.62642 -0.242923 0.272697 0.44134 1.32162 1.84407 1.85979 0.568702 0.163137 0.17234 -0.0130355 0.783396 1.39996 0.584606 0.488902 0.603956 0.499138 -0.76537 0.516969 1.24593 0.362047 0.753142 -0.0720807 0.11265 0.674009 1.74526 1.19288 1.68574 1.31018 -0.157002 0.548424 1.32567 0.677809 -0.00574511 0.646838 
-1.38384 -0.149561 2.04385 0.814355 0.495544 0.164179 0.307757 0.903624 0.797886 1.45588 1.9021 0.433371 1.72073 -0.0154266 -0.153515 0.240402 0.43282 0.337988 1.39718 1.0532 0.523119 0.067213 -0.244873 -0.0397585 0.209371 0.979724 -0.188485 -0.730848 -0.739967 1.29101 0.744166 -0.397256 0.232019 -0.352663 -1.23658 0.0503832 0.459038 0.220803 -1.49134 
-1.45622 -0.21199 1.85198 1.13876 0.781118 1.10026 1.09622 0.712952 1.38092 1.65309 1.82961 0.737693 1.07332 -0.40813 -0.990688 -1.64917 0.260813 0.26111 -0.931277 -0.281208 -0.946657 -0.617444 -0.471469 -0.703692 -0.0752094 -2.37842 -0.0367571 -0.673399 -0.673032 0.100746 -0.124123 0.204114 0.0247816 0.31876 -0.980552 -0.915623 -0.11843 0.165548 0.139349 
-1.58533 -0.708529 0.628374 0.974649 0.615331 -0.71088 0.0838961 0.376907 0.311342 1.07852 1.25297 0.389347 -0.43047 -0.0309564 -0.770296 -1.02584 -0.308133 -0.509101 -1.20306 -1.0086 -0.106742 -1.16265 -0.641152 -0.0856372 0.00783736 -0.794957 -0.264957 -1.03266 -1.38493 0.82739 0.773998 1.02481 0.692888 -0.434081 -0.454682 -1.21508 -1.66207 -0.265141 -1.97156 
-1.50112 -0.647634 0.97009 0.974198 0.551147 -0.0337175 0.301423 0.642446 0.45971 1.13616 1.75665 0.755832 0.365654 0.0768781 -0.432853 0.00939668 0.801636 0.619541 1.99403 1.22253 0.39438 0.112273 -0.703321 -1.20636 -0.250299 0.220104 -0.233845 -0.901278 -0.888748 -0.0116069 -0.512365 -0.955487 -0.342347 0.558716 -0.561173 0.217815 -0.530653 -1.18371 -0.653055 
-1.58546 -0.955352 0.632672 1.44374 0.897883 1.2009 1.04033 0.578593 0.406567 0.51046 0.135232 0.214265 -0.212778 -0.261457 -0.470496 -0.0184708 0.287824 -0.116671 0.169844 0.560445 0.831862 0.537946 0.848108 -0.516345 -1.49086 0.100165 0.13336 -0.376927 -0.256407 0.867388 0.772867 1.78572 0.666855 1.15133 1.45424 -0.146853 -0.902876 -0.9847 0.296328 
-1.64171 -0.915521 0.950533 1.14991 0.499381 0.140223 0.738179 1.08176 0.894304 1.84419 1.28218 -0.347832 0.474006 0.089102 -0.0785644 -0.294862 0.312432 0.259786 -0.125915 -0.31615 1.09323 1.52523 0.558626 0.174039 -0.981937 0.138908 -0.0767281 -0.415017 0.321369 0.706778 0.758164 1.02516 0.915139 -0.0172329 0.538375 0.0364194 -1.32872 -1.57371 -1.62729 
-1.58051 -1.00393 0.376518 1.6335 1.01707 1.09308 0.789038 1.15987 1.62827 0.980377 0.304362 -0.508462 -0.0691071 0.165177 -0.0939047 0.426374 0.618971 0.978779 0.89329 0.679177 -0.847795 0.0715427 -0.816073 -1.00831 -0.483596 -1.87634 0.117375 0.246688 0.380759 0.223641 0.449502 -0.480552 -0.0698026 0.169395 0.465452 0.139012 -0.420698 -1.24093 0.219475 