0.114175 -1.84445 1.32699 2.20375 1.30959 1.47444 1.2539 1.49338 -0.52756 1.74127 0.341064 -0.908688 -1.41565 1.9368 -1.85852 -3.50248 -0.817951 -0.324205 -0.872119 -0.64777 0.15348 -0.167058 0.59318 -0.965112 -1.62777 -0.406857 0.38076 -0.100456 -0.341009 1.80024 0.99573 0.892024 0.744959 -0.28911 0.0771246 0.193387 0.50286 -0.0872195 -0.494764 
0.425109 -1.74283 -1.47246 0.588899 0.960902 0.396449 1.19451 1.01366 0.405727 1.02315 1.18323 -2.19228 -1.90648 -0.690197 1.64571 -0.259689 -2.6847 0.382561 -0.452672 0.193635 -0.673308 2.1354 -0.89929 0.732034 -0.369193 0.640138 0.0261478 -0.0547643 -0.285295 -0.56359 0.992351 0.338861 -0.0478936 0.177388 -0.774198 -0.0377024 -0.800487 0.301276 0.728019 
-0.182239 -0.932082 1.07213 0.918905 1.48793 1.02112 1.42046 1.11167 1.19823 1.08511 0.960073 -1.29646 -0.674123 -1.90973 1.78063 3.25515 0.180038 1.57303 1.29345 0.587112 0.103794 -0.817534 -0.669587 0.0731523 2.00823 1.20738 -0.865297 1.26207 0.286363 -1.6753 -0.323278 -1.31435 -0.223585 -0.660333 1.2145 -1.2564 -0.274766 -0.0506849 0.733187 
-0.318119 -0.757312 1.60899 0.673799 1.69902 1.6187 1.69961 1.06271 -0.222309 0.534557 1.24341 -0.115242 -0.525708 -0.483525 0.162376 0.576706 0.643085 -0.774288 -1.07861 -0.470276 -0.330769 -0.728238 -0.643003 -1.02558 0.336382 0.166181 -1.41403 1.69437 3.06569 0.701601 1.24411 1.53017 0.619396 -0.182187 0.794559 0.560907 -2.09927 -0.040627 0.935909 
-0.402932 -0.82399 1.61119 1.22521 1.1223 -0.0328392 1.01584 0.919833 0.641371 0.61591 0.0883737 -0.952721 -0.46672 -0.00313787 0.646607 -0.194359 0.779542 -0.0102647 0.534932 0.172555 -0.387929 1.71965 1.31321 -2.4435 -2.02923 -0.173626 -0.224708 0.590879 -0.595281 0.621344 0.297746 0.871675 1.01295 -0.545327 -1.51525 -1.24786 -1.40092 0.420884 0.385998 
-0.362807 -0.386667 1.41615 1.04535 1.69265 2.11308 1.84804 0.839189 1.17208 1.49246 -0.830887 -2.22407 -0.701245 0.172684 0.684428 -1.13006 0.215159 1.15696 2.12925 1.71375 -0.500144 -1.1476 -0.889021 -0.549847 0.184523 0.250628 -0.215175 0.226557 -1.11178 0.40651 -0.303964 -0.0951292 0.546728 0.18224 0.22152 -0.0805632 -1.83106 -1.35232 -1.34238 
-0.383202 -0.432839 0.530181 1.3269 1.66477 1.99144 2.49023 0.634111 -0.249768 -0.0327616 -0.379839 -0.766424 -0.16415 -0.294861 -0.32159 -0.86888 -0.192558 -0.357379 -0.626184 0.497778 0.652508 -1.50671 -1.44117 0.378455 0.46804 -1.34863 -0.0574483 0.509229 -0.768721 -0.164278 1.17713 1.40423 0.754626 0.219237 0.348595 0.300929 0.438042 0.587461 0.714837 
-0.514377 -0.540984 0.583052 0.952093 1.52305 1.49326 2.27627 1.19241 -0.00531366 0.440987 -0.511765 -1.74383 -2.20093 -0.258224 0.0454358 0.405484 -0.34888 0.322279 -0.449611 -0.787843 0.820429 1.51337 1.21993 1.06768 0.531977 0.535104 -0.261274 0.0933854 -0.388453 0.238636 -0.663251 -0.916007 -0.251939 -0.0340503 -1.67428 -0.719496 1.57365 1.43417 0.515663 
-0.521348 -0.388153 0.906715 1.1589 1.81476 1.54106 1.81239 1.08041 0.98019 0.857096 0.523849 -0.219901 0.459007 -0.065234 0.455878 0.519712 0.567576 -0.458286 -0.434608 -0.809275 -0.713595 -0.560386 0.544678 1.43202 1.24266 1.91091 -0.217828 0.0710665 0.14643 -0.225529 0.103771 0.127647 -1.04016 0.422587 0.548095 0.256815 0.550191 0.0123669 -0.710922 
-0.581816 -0.273754 1.06801 1.22229 1.30601 1.05728 1.57999 0.788363 -0.428374 0.838233 0.700939 -0.460499 -0.0273353 -0.0433494 0.0568867 -0.226611 0.13782 -0.181487 0.621481 -0.492642 -0.193961 -0.90767 -0.942083 -0.422191 -0.490752 -1.34893 3.20304 -1.79259 -3.55995 1.09873 -2.75742 -0.426191 -2.75606 0.370806 0.772628 -0.446606 2.01651 3.03998 2.23119 
-0.580769 -0.337257 0.68326 1.22362 1.72788 2.11849 1.38852 0.964411 0.280305 0.169715 0.163908 -0.7337 -1.04102 4.37161 -3.02271 -3.99981 0.893444 -2.96875 -0.0476614 -2.58063 1.2621 1.43613 -1.11293 0.882547 2.35358 0.576017 4.09143 -2.71794 -1.25755 -0.471429 -2.44149 -1.38295 -3.03933 0.989137 0.236106 -1.4416 0.130981 2.13585 1.47771 
0.976323 -1.89263 -2.73698 1.6483 -0.0915079 0.992606 -0.640271 1.47949 0.740013 0.0262171 1.44761 1.97458 0.641928 5.5464 -3.949 -0.980535 -0.659365 -2.8516 -2.23378 -3.2455 1.67348 1.13815 -0.822976 0.590503 3.02537 2.99052 3.73575 -3.39784 -2.64191 -0.885118 -0.664873 -1.45745 -3.89681 1.63318 1.32918 -0.445325 -1.37433 1.24423 1.35049 
1.40779 -2.45837 -0.255825 0.907166 0.385448 -0.0439721 -1.40376 1.88357 1.21117 -0.430776 0.662879 2.39786 2.34924 0.652335 -1.84317 1.42601 -1.93733 2.15106 -1.65263 -2.21164 1.18715 0.108964 0.546219 -2.4277 -0.865902 0.922857 3.21862 -2.81833 -2.06719 -0.249963 -1.11514 -1.37378 -2.99538 1.32978 1.86197 -1.23485 -0.989788 1.56615 1.55164 
1.17179 -2.87195 -1.39176 0.7208 0.918413 -0.612189 -2.54307 2.12907 0.8505 0.424587 -0.613297 1.07184 1.70206 -1.21904 -0.0868954 -1.02589 0.417454 1.47244 0.63231 -0.438609 0.318942 1.04772 -0.693391 -1.69794 -1.15969 -1.26599 -0.346207 -0.335929 0.632335 -1.78945 1.06693 -1.84133 -0.605607 0.267235 1.52903 0.547706 -1.56271 -1.2772 -0.258645 
0.917621 -2.48544 -1.23796 1.10558 1.07627 0.543851 -1.78114 2.05188 2.06995 -0.936731 -0.779084 1.19054 0.942679 -1.12684 1.36259 -0.767445 -0.248409 -0.809239 -0.501054 1.46537 -0.7946 1.67649 0.0815205 0.668117 -0.607076 -1.22927 -1.46137 1.04192 -1.50105 -0.442107 0.852671 1.19296 -0.305702 -1.19489 -0.18481 -0.986992 -2.28668 -3.54772 -2.08653 
0.715398 -2.1131 -2.12858 0.600843 0.536344 -1.11193 -1.28238 1.68012 2.21048 0.483948 -0.0484988 0.437442 0.336876 -0.757601 1.57968 -0.421639 -0.901977 -0.397791 0.797799 0.0610176 -2.1279 -1.32347 -0.524849 -0.885729 -2.97933 -1.09112 -0.60136 3.35768 1.13586 0.505897 -1.11338 1.59302 1.02634 -3.11569 -1.80207 -1.68492 -1.5662 -0.672975 -1.47273 
0.596511 -1.60888 -1.64654 0.673131 0.88767 1.29048 -1.72867 0.863863 1.03863 -1.31973 -1.53217 -1.90331 -0.266817 0.30864 3.44685 1.9231 0.960884 -0.567723 2.40368 -0.205426 -3.90648 -3.89728 -2.13925 -2.43168 -0.156425 -0.439218 0.930317 2.85959 -0.64467 -2.68135 -2.95262 -0.054697 0.820613 -3.50564 -2.22271 -0.827089 -0.684301 -1.57369 -0.281652 
0.78494 -0.22415 -0.311522 1.0591 0.26784 1.17568 -1.45914 -0.493801 -0.872464 -1.07679 -2.11278 0.270259 -0.137966 2.00259 2.5164 -0.18047 -2.40992 -3.27266 -0.841296 0.946013 -3.16032 -1.40321 -0.501054 0.126022 1.15821 0.758896 1.44554 1.95963 0.519387 -1.93111 -2.64373 1.00615 0.305966 -3.65122 -3.05312 -2.18602 -1.71062 -1.67015 -1.05506 
1.28669 -0.224426 -1.8262 -0.480329 -0.652749 0.464237 -0.9148 -0.896448 -0.0562612 -1.68537 -1.42715 -0.707536 0.608539 1.63036 -0.639706 -1.37604 -3.32549 -2.71755 -1.1942 0.579782 -1.60095 0.171887 -0.521217 0.503736 -1.77796 -0.760694 1.71253 1.08542 -0.49456 -1.68923 -2.70851 0.137572 1.52139 -2.54816 -1.16751 -0.0115676 0.29475 0.67148 0.0678527 
1.33874 -0.550951 -1.62602 -0.532134 -1.01156 0.010797 -0.960354 -1.38972 -0.71182 -1.45714 -1.6874 -1.57806 -0.975092 0.296045 -0.961303 -0.273448 0.350715 -0.093382 1.02489 0.922505 -0.686234 -0.0543999 0.456083 0.228706 -0.343057 -0.699013 1.45572 -0.505584 -1.30071 -3.41461 -1.91059 0.153314 1.089 -0.603647 0.969334 0.0132595 0.534072 -0.987289 -0.0334425 
1.35161 -0.725598 -2.09411 -0.313822 -0.698209 1.42878 -0.121153 -1.28532 -0.0759932 -1.35276 -1.23504 -1.06821 -0.159077 0.322354 -0.0838563 0.126279 -0.912262 0.346488 1.39638 0.757182 0.682226 0.940428 0.506109 0.123408 0.645387 0.706934 0.384323 -0.411155 0.909344 -1.13812 -0.507938 0.807005 0.256981 -0.141972 0.330797 0.0302447 -0.122541 -0.312195 -1.54998 
1.4133 -0.576367 -1.51451 -0.969505 -0.85018 1.33182 -0.308941 -1.02003 0.0614382 -1.08804 -1.58459 -0.913955 -0.158294 0.213487 0.372983 1.20548 -1.71406 -0.528612 -0.0506276 -0.608368 0.46265 0.39876 -0.450761 -0.348973 0.00318148 -1.05615 0.272173 0.214731 0.892857 -1.31426 -0.459487 0.752707 0.216642 0.59304 0.721504 -0.85493 -0.109347 0.49423 0.490624 
1.38629 -0.503313 -0.95822 -1.13456 -0.948322 1.36126 -0.644586 -1.03735 0.265494 -1.68171 -1.53288 -1.06992 -1.32916 0.03611 0.391936 0.789474 -0.673486 -0.908065 -0.486255 -0.492636 0.200892 -0.126173 -1.5655 -0.228655 -0.0383599 -0.172746 0.347068 0.602721 1.60643 -1.75398 -0.854137 -1.27202 -0.12866 0.29654 0.278689 -0.226943 -0.764614 0.18946 -0.842609 
1.38299 -0.343806 -0.773489 -1.29271 -1.27872 0.846276 -0.732804 -0.917156 -0.0155049 -2.23022 -1.78039 -0.958733 -0.332839 0.245863 0.490781 0.414721 -0.426898 -0.525083 -1.43065 0.448422 -0.0259698 -0.117068 0.14673 -0.502153 0.245986 0.0945872 0.120314 0.14886 1.08243 -0.580903 -0.985801 -1.29642 -0.111334 -0.18646 -0.474855 -1.5392 -0.144058 0.209194 -0.783402 
1.43283 -0.217159 -0.57292 -1.33986 -1.19678 -0.0305197 -0.258814 -1.06023 0.195809 -1.57477 -1.96064 -0.8199 -1.20244 0.117798 -0.178196 0.313429 0.0137137 -0.309813 -1.02384 0.353989 -0.491462 -0.498406 -0.316949 0.0838963 0.310699 -0.72239 0.144728 0.300723 1.28204 -0.174382 -0.438107 -1.13164 0.401045 0.478405 0.259008 0.119917 0.556559 0.646054 0.403744 
1.38261 -0.420374 -0.484335 -1.28733 -1.42595 -0.155133 -0.428277 -1.19806 -0.38916 -2.46155 -1.71109 -0.641621 -1.1268 -0.0590682 -0.0595411 0.88524 0.28042 -0.00983289 0.115166 0.0428177 0.736483 0.375089 -0.0335474 1.15489 0.539313 0.34213 -0.00832789 -0.0586282 0.850291 -0.0187423 0.0710397 -0.763577 0.186217 0.0641432 0.513541 1.52289 0.698805 0.544887 -1.15359 
1.36765 -0.229391 0.259001 -1.20697 -1.20295 0.0610556 -0.222002 -0.660463 0.518428 -1.59936 -0.982984 -0.265772 -0.79675 -0.137172 0.0947688 0.560302 0.0363258 0.409789 0.143086 -0.126845 0.578224 1.06255 2.11766 0.730761 0.355809 -0.588062 -0.0220641 -0.0347809 0.175129 -0.346157 0.235393 0.548158 0.0951478 0.455999 0.428962 1.99685 2.54919 0.807316 -0.863336 
1.28882 -0.348939 0.0391528 -1.27115 -1.23481 -0.0367661 -0.537434 -0.886026 0.481442 -0.916771 -1.09316 -0.277742 -1.76938 0.0211916 0.0102678 -0.678035 -0.64379 0.314754 0.55337 0.0723714 -0.059706 0.0873327 2.40436 1.76602 0.43534 -1.32694 0.11324 0.804301 1.08892 -0.400977 0.310494 0.00325374 -0.695783 -0.526856 -0.0855985 1.67763 1.64721 0.231936 -0.577541 
1.33188 -0.203773 -0.392949 -1.51597 -1.0565 0.573129 -0.159764 -0.702041 0.611673 0.154574 0.513 0.180562 -2.272 0.281552 1.0577 0.549003 -0.468916 -0.0112195 -0.118137 -0.730287 -1.38132 -1.21898 -0.130816 1.16344 -0.0567663 -0.0761195 0.105202 0.451089 -0.139717 -0.0363313 0.273132 -0.354193 -0.65666 -0.997782 -1.56703 0.508498 0.25444 0.890447 0.0924933 
1.34844 0.244602 0.551915 -1.49654 -1.24163 -0.169067 -1.16576 -1.6602 -0.46659 -1.01231 -0.108256 -0.341603 -1.83503 0.112361 0.636327 0.574421 0.671621 0.0372262 -0.950603 -0.881407 -1.45246 -2.02545 -1.82379 -1.45718 0.636924 1.41447 0.0900706 0.796523 0.665979 -0.232282 -0.117462 -0.244501 0.44443 -0.500973 -2.12626 -0.792663 0.610857 1.41691 2.36877 
1.32951 0.161298 0.14394 -1.19603 -1.04054 -0.358001 -0.918105 -1.51565 -0.979205 -1.17603 -0.724763 0.83589 -0.657856 -0.168381 0.0836289 0.142774 0.249329 -0.123861 -0.149537 1.27486 0.617196 -1.39171 -0.85368 -0.448898 1.7472 2.71739 -0.098049 0.828337 0.606342 -0.655731 -0.196693 -1.20351 -0.337327 -0.970834 -2.30996 -1.28758 -0.928477 0.519339 2.44374 
1.24321 0.309997 0.679083 -1.37851 -1.30142 -0.3315 -0.0689631 -1.32656 -1.55231 -1.6352 -0.490849 1.46481 1.24743 -0.25259 0.550565 0.0584818 -1.42587 -0.271105 -0.449755 0.464939 -0.0191311 -0.806176 0.243996 0.419532 -0.000413668 1.31091 -0.478115 0.755932 0.1403 -0.702204 -0.466819 -1.39504 0.56735 0.801557 -0.477217 0.207788 -0.439703 0.6895 2.01505 
1.19343 0.479868 0.191097 -1.87897 -1.16957 -0.80852 -0.518122 -1.53474 -1.59819 -0.998141 -0.370801 0.830453 0.839586 -0.483801 0.999565 0.030047 -1.06226 -0.446858 -1.47705 -0.579177 0.579885 0.76429 1.07256 -0.0323878 -0.910884 -0.472962 -0.648987 0.856999 0.733404 -0.0400684 -0.0580697 -0.0383568 0.566803 0.610436 -0.0865387 0.359308 -0.226341 0.185471 1.10895 
1.02241 0.872017 0.699249 -1.8876 -1.5131 -1.7678 -0.567281 -1.0136 -0.919453 -0.852859 -0.52018 0.515435 0.734558 -0.62976 0.677378 0.699857 1.44899 0.210086 0.425557 0.230073 0.928441 0.648616 0.157133 -0.657952 0.244897 -0.0830196 -0.645887 0.970869 0.435017 0.107659 0.162453 0.205961 0.371913 1.22506 0.275755 2.09615 -1.38606 -0.987279 -0.377595 
0.919156 0.867196 0.847051 -1.18734 -1.07233 -0.419095 -0.320205 -1.02857 -1.05754 -0.883619 -0.930702 1.07934 0.766156 -0.394373 0.391464 0.433722 1.2719 0.660825 1.74141 1.0346 1.25485 -0.486127 1.4177 -1.52611 -0.221673 0.0330983 -0.69174 0.5929 0.478952 1.77477 0.295277 0.912568 0.982951 1.2215 0.303258 1.09087 -1.09473 0.244607 -1.07134 
0.834382 1.10432 1.10259 -1.28064 -1.20391 -0.11569 0.322809 -0.326494 -1.28332 0.181279 -1.81641 0.280606 0.791986 -0.310179 0.17232 -0.192715 0.865626 0.169509 0.673384 0.976526 0.900948 -0.337376 1.12394 -0.568938 0.0690242 -1.13515 -0.733174 -0.0465263 -0.270033 1.42437 0.510542 1.18913 -0.0519316 0.604142 -0.496023 1.63201 -0.110425 0.155509 -0.827038 
0.761974 0.98068 0.655771 -0.774634 -0.994177 0.208142 0.519918 -0.537637 -1.30283 -0.0637853 -1.41511 1.1459 -0.492958 -0.601377 -0.457559 -0.665985 0.600284 -0.0127997 -0.315825 -1.10022 -0.35502 -0.16391 0.514273 1.41964 0.430975 -0.977189 -0.876337 0.0242586 -0.544559 0.906863 -0.262893 0.439841 0.364204 0.362997 -0.230105 0.859143 0.756986 -0.267583 -1.15253 
0.57051 0.876282 0.462074 -0.9948 -1.21148 -0.43769 -0.62379 -0.53177 -1.39034 0.556343 -0.61421 0.722415 -0.289117 -0.878414 -0.137036 -0.310563 0.353129 -0.485938 -0.132782 -0.530576 -0.364204 0.00715149 -0.121598 1.44982 -0.356516 -0.174108 -0.769879 0.0775908 -0.893007 0.926929 0.706424 -0.391655 -0.0801446 -0.715195 0.110155 0.548774 1.82666 1.00207 -0.68445 
0.396601 0.92643 0.352628 -0.606973 -1.22422 0.0617889 0.0634132 -0.748005 -1.2735 -0.152604 -0.18731 0.771268 -0.669038 -0.443815 0.569226 -0.181285 0.643807 0.905084 -0.125654 0.99992 -0.731661 0.242909 0.11475 0.678835 0.772359 0.193067 -0.922781 -0.264199 -0.832169 0.31437 0.839711 -0.650992 -0.0532633 -0.00818701 0.181912 -0.460287 0.739096 -0.293124 0.352896 
0.364367 1.20497 0.281644 -0.688153 -0.787443 -0.577204 0.236461 -0.945827 -1.17309 0.639947 -0.040321 1.51816 -0.0514141 -0.372739 -0.240812 -0.476646 0.117515 1.54443 -0.615 0.463318 0.342059 0.158148 -0.463106 -0.589301 0.0390345 0.55378 -0.49109 0.34124 0.101142 0.295544 -0.0965873 -0.94326 -0.0298939 -0.790904 -0.22513 -0.495132 -0.573905 0.665284 -0.135821 
0.216498 0.815911 -0.108162 -0.551967 -0.499554 -0.547298 0.462001 -0.566877 -1.12381 -0.490561 -0.688985 0.806729 -0.0248352 -0.225845 -0.0799583 0.315448 -0.196934 -1.01413 -0.967326 -1.03845 -0.469015 -0.567149 -0.741367 -1.31288 0.0355197 -0.361686 -0.489985 -0.0136828 -0.123344 0.477003 0.525018 -1.63887 -1.00134 -0.44373 0.497044 0.457967 1.52269 0.198896 0.854196 
0.238083 1.18167 0.572715 -0.783498 -1.26586 -1.52438 -0.656991 -1.21429 -1.60154 0.0989921 -1.1557 1.54997 -0.438883 -0.295432 0.221755 0.389195 0.558477 -0.878352 -1.29956 -1.69608 -1.02 0.386154 0.982905 2.34177 0.221213 0.388299 -0.775485 -0.0880948 -1.06735 0.0938264 -0.616686 -1.2586 -1.35539 -0.108994 -0.104988 -0.81141 0.524059 -0.533155 0.589999 
0.064719 0.956199 0.25291 -0.28612 -0.914121 -1.81329 -0.99724 -1.14076 -0.792369 0.226382 1.29532 1.03106 0.432881 -0.826898 -0.0456716 -1.33483 0.389109 0.256534 -0.498098 -0.629563 0.295085 0.387401 -0.265678 1.92863 -0.634846 1.00736 -0.460276 -0.108755 -1.51514 -0.923289 0.287099 0.351917 0.278666 0.222853 0.358121 0.426598 1.28181 -0.867393 -0.428346 
-0.108415 1.17696 -0.702664 -0.598633 -1.14678 -2.02129 -1.19866 -1.0592 -1.26911 -0.0949363 0.478197 0.886784 0.716479 -0.332722 -0.376976 -1.85064 -1.65056 1.24775 1.73632 2.03687 1.34573 -0.00893144 -0.500838 -0.863492 -1.213 -0.885099 -0.624885 -0.142011 -0.243298 0.89562 1.84215 1.08206 -0.482392 0.343917 -0.000531483 -0.823682 1.55555 -0.840423 0.378901 
-0.100722 0.771852 -1.51209 -1.0765 -0.328956 -0.166065 0.75515 -0.403282 -0.775857 -0.139101 0.561087 -0.23153 -0.544441 -0.0229855 -0.157178 1.12896 0.815451 2.05198 1.79723 0.0347606 0.21293 -0.441522 -0.756128 -0.138753 -0.325273 -0.598515 -0.29827 0.187997 -0.43829 -1.37994 -0.0188992 1.45394 0.855322 0.465437 -0.47416 -0.563101 -1.25044 -0.314341 -0.0644235 
-0.160375 1.11178 0.360593 -0.209918 -0.183453 -0.315619 -1.16878 -0.949654 -1.59742 -0.64666 0.358653 0.544546 0.0621187 -0.0772081 0.646767 1.45228 -0.0181171 -1.25992 0.00203903 -0.987174 -0.654742 -0.614812 -0.207534 -0.540636 0.870606 0.796582 0.0294719 0.0746715 0.568314 0.0560831 1.59473 1.63513 0.784574 1.09296 0.390049 -0.145908 -0.619103 -0.808395 -0.328016 
-0.172548 1.14258 -0.141933 -1.08635 -0.922946 -0.183045 -0.0941868 -0.774701 -1.2423 -0.290612 0.100687 0.666069 0.373385 0.0545284 0.264663 -0.533594 -0.670933 -0.0519947 0.15513 0.927966 1.42291 0.857143 0.549569 -0.54674 -0.597239 0.214274 -0.234609 0.642816 1.08919 0.777202 -0.381859 0.348065 -1.04265 -0.12922 -0.0830893 0.798204 -0.591283 0.592153 0.330834 
-0.183935 1.27534 -0.154253 -0.5319 -0.209451 -0.185695 -0.370433 -0.169389 -0.890547 -0.245846 -0.106925 -0.0796538 0.323721 -0.246969 0.274422 -0.342698 1.07316 0.795148 0.430167 -0.296377 0.450358 0.461401 1.13658 -0.11319 -0.148597 -0.441662 -0.329884 0.0022867 -1.0858 -0.186918 -0.378545 -0.880552 0.486867 0.268463 0.563312 0.41632 -0.34518 0.682253 0.265428 
-0.306571 1.31143 -0.475578 -0.574413 -0.550602 0.210803 -0.3492 -0.533541 -0.850882 0.538441 0.00282298 0.507002 -0.104212 -0.507042 -0.260848 -0.504006 0.508625 -0.408649 -1.17405 -0.331221 -1.02851 -0.233141 -0.0798649 0.173049 1.42504 0.0672671 -0.338187 -0.0497837 -0.872585 0.868641 0.999521 -0.585806 -0.825052 0.451915 0.578175 0.806849 -0.326636 -0.318035 0.012632 
-0.413244 1.15395 -0.641013 -0.289889 -0.403156 -1.33124 -0.655423 -0.747992 -1.05276 -0.304219 0.0379836 1.39276 0.419655 -0.216729 -0.345182 -0.484411 0.0973392 0.462622 -1.10096 -0.719669 0.220269 0.180476 -0.197136 -0.239394 -0.198135 0.439593 -0.541028 -0.235122 -0.334888 0.671995 -0.267041 -0.377342 -0.0351887 -0.856996 -0.951395 -0.180138 0.608094 1.34487 0.385287 
-0.429515 1.14432 -0.943738 -0.529055 -0.334618 -0.864607 -0.96839 -0.419923 -0.683391 0.394516 -0.20208 0.296576 0.41131 -0.229885 -0.0753562 0.207717 0.413574 0.0870478 0.749472 0.286183 -0.271684 -0.964562 -0.167868 0.538354 0.180809 0.348744 -0.324686 -0.278078 -0.369004 1.16225 0.717326 -0.0617632 -0.237441 -0.0287657 0.291654 0.00675822 0.791356 0.731222 -0.630871 
-0.541008 1.13315 -0.452201 -0.0933267 -0.363774 -0.630987 -0.409233 -0.907075 -1.79799 -0.426792 0.492724 1.57521 0.832796 -0.228782 -0.0525442 0.154443 1.44388 0.443258 1.04912 0.425995 -0.273399 0.116808 0.174208 1.1594 1.08344 -1.1636 -0.255249 -0.20317 0.0777807 0.0365125 0.240026 0.886894 0.656417 1.01978 1.20647 0.188639 0.630126 -0.968846 -0.793865 
-0.556875 1.13588 -0.805495 0.160137 -0.127739 0.12318 -0.601914 -0.579956 -0.566651 0.521495 0.779398 1.41483 -0.879871 -0.122094 -0.215086 -0.0966156 -0.293767 0.223651 0.319146 0.518996 1.79735 2.36207 0.363711 0.198127 -1.29172 -1.25562 -0.395427 -0.0119504 0.930318 0.537206 0.422798 1.22791 1.47957 0.429239 0.031197 -0.599111 1.15038 0.663498 0.170589 
-0.629279 1.03658 -0.552263 -0.234971 -0.260159 -0.343674 0.0372569 0.0807492 0.108482 -0.161566 0.658902 0.230998 -0.56208 -0.312019 0.035969 0.798292 -0.691872 0.0953528 0.422276 1.39112 0.909883 -0.13277 -0.925893 0.169278 -0.277656 1.33875 -0.373456 -0.248014 -0.636374 -0.697755 0.829054 1.01438 0.871283 1.11407 1.61747 0.56774 0.551473 -1.62474 -1.03592 
-0.714731 1.17543 -0.056106 -0.171857 -0.0844525 0.509456 0.5949 -0.0840721 -0.648853 -0.154076 0.921108 1.12196 0.648941 -0.389112 -0.139582 -0.497303 -0.513549 0.821551 0.900048 0.550325 -0.129715 -0.470267 0.288126 0.448825 -0.58934 0.0771847 -0.535535 -0.473582 0.542587 -0.575657 0.115482 -0.343692 1.23273 1.15678 1.3644 -0.073627 -0.292459 -2.00518 2.1235 
-0.815381 0.980947 -1.03266 -0.481702 0.1246 0.501068 0.5107 0.000363319 -0.242743 0.0485189 1.03771 -0.385012 -0.454969 -0.41751 -0.713698 -0.228329 0.0387229 0.060042 -0.807106 0.122549 0.82206 1.72022 0.806275 -0.482959 -2.05012 1.02736 -0.544495 -0.614361 -0.158787 -0.301131 0.0485782 -0.630343 -0.209164 -0.516992 0.233716 0.781381 -0.470309 -0.818585 0.294623 
-0.911237 0.808515 -0.281192 -0.154525 -0.0577694 -0.283974 0.700309 0.36313 0.745987 0.434011 0.509626 -1.00853 1.82684 -0.352485 -0.739772 0.374862 0.207031 -0.749583 -1.62344 -0.809237 -0.658534 0.697871 0.620685 -0.964949 -0.345138 0.237111 -0.503717 -0.651802 0.282358 0.993484 -0.0695511 -0.926143 -0.246837 0.0999857 1.4892 1.67797 0.198378 -1.77271 -0.741428 
-0.988063 0.59989 -0.685193 -0.383895 -0.229418 -1.07571 -0.185549 -0.373157 0.33717 0.501214 0.21743 -0.747844 -0.167631 -0.269159 -0.219279 0.541391 1.2894 -0.135378 -0.265658 -0.427775 -0.681331 0.0173263 1.18098 0.727989 -0.00468194 -1.8754 -0.387319 -0.375677 0.791957 1.30008 0.556769 -0.627189 -0.722152 0.0247349 1.43976 1.28093 -0.0318008 0.587062 1.62657 
-1.05339 0.709672 0.224346 0.460806 -0.122977 -0.557835 0.332249 -0.0230272 0.783429 1.29545 1.12521 -1.01839 -0.266496 -0.177395 0.202263 0.441281 1.50822 1.45525 0.903772 -0.0803109 0.685959 0.980219 0.888997 0.94797 1.06117 1.57149 -0.167983 -0.3219 -0.0477449 0.149614 0.103481 -2.254 -1.10544 -0.48666 -0.403716 -0.264949 0.219614 0.86397 -0.833589 
-1.0966 0.72961 -0.274681 0.336062 0.453319 -0.227396 -0.25467 -0.0013986 1.14215 1.14965 1.01958 0.347322 1.62347 0.0347279 -0.241209 -0.55421 -1.02679 0.275809 -2.37544 -0.932966 -0.0612483 -0.556348 -1.53073 -0.458787 1.04586 0.923963 -0.186626 -0.340387 0.948904 1.2713 1.36968 0.0893284 0.208535 1.28772 0.242293 -0.277937 0.33026 0.539489 0.463548 
-1.0842 0.598938 -0.310068 -0.0313249 0.00516416 -2.85623 -0.47045 -0.0654604 0.363588 0.178644 0.734226 0.0609023 0.79488 -0.0821478 -0.68923 0.529802 0.170685 0.264097 -0.777161 0.334892 1.24313 -0.742299 -1.25436 -0.552822 -0.400998 -1.06768 -0.219528 -0.59928 0.13464 0.0625712 0.190859 -1.38326 -0.773606 0.130558 -0.480868 -1.11828 -0.844653 0.350844 0.735701 
-1.17023 0.375957 0.219855 0.416491 0.575953 -0.992091 0.0334263 0.679208 0.57408 0.23445 0.548849 -0.0734231 0.440389 -0.338591 -0.616545 0.721444 1.1795 -0.0264205 0.76278 -0.0198362 0.248011 -0.0754625 0.154571 -0.483446 -0.607194 -0.114824 -0.145324 -1.16345 0.726599 0.399716 0.0272621 -0.514964 -0.203405 1.2062 -0.627209 -0.447053 0.397426 0.206397 0.917228 
-1.2518 0.284696 0.366376 0.531457 -0.0088091 -2.14321 -0.487542 0.0635349 0.327066 0.291297 0.322331 -0.573619 0.685609 -0.121761 -0.976529 0.221819 0.407721 -0.21871 0.190041 -0.586724 0.56322 -0.0655118 0.68558 1.02442 0.670052 2.08048 -0.150931 -0.31199 1.63197 1.61127 1.26163 2.11816 0.694153 1.17217 0.998846 1.83453 0.0557681 -0.563408 0.406046 
-1.25838 -0.13347 0.422053 0.610255 0.471562 -0.828666 -0.471385 0.98293 0.54549 0.734487 1.41585 0.616251 2.80508 0.127129 0.17025 0.923965 0.928676 1.61104 1.76009 0.871405 1.50709 1.22327 2.021 0.566146 -0.0276544 0.554125 -0.207897 -0.561824 0.773303 1.02782 0.839531 0.141209 1.32809 0.240752 0.635819 0.992369 -0.246511 0.0834656 0.462359 
-1.24876 0.397057 1.23505 0.97431 0.747181 -0.473178 0.262141 0.890465 1.32578 1.76555 0.800643 -0.607297 1.3302 -0.166434 0.172419 0.575909 0.963763 1.27698 -0.00215375 2.21762 -0.210539 0.776715 0.477014 -1.2858 -0.545344 -1.578 -0.0920263 -0.634865 0.667049 0.559025 1.37347 2.12828 0.752494 1.57413 1.65412 1.42181 1.44514 0.625776 0.185868 
-1.3629 -0.0199326 0.960354 1.06988 1.07047 -0.84967 1.43651 0.857742 1.18825 1.08237 0.323438 0.0458536 1.04691 -0.259246 -1.07897 -0.231132 -0.149119 0.11304 0.774736 0.0518845 0.853243 0.712624 -0.341866 1.09804 0.789143 -0.361841 -0.115905 -0.0721544 0.869099 0.0641674 0.949573 1.06446 0.863945 -0.00707409 0.643379 0.885397 0.406878 0.0503184 -1.26202 
-1.38728 -0.167914 1.00731 0.901828 0.798784 0.251316 0.306754 1.35495 1.91745 1.51605 1.73008 0.205844 0.942557 0.00215357 -0.275219 0.316389 -0.809038 -0.0814909 1.28049 -1.15732 0.190069 -0.056419 0.55691 1.76816 0.631131 0.145899 -0.199782 -0.809478 -0.133162 -0.108626 0.664862 -0.0679796 0.0859174 -0.148178 0.191028 0.24149 0.0288507 -0.148246 -1.37174 
-1.40565 -0.149107 1.25232 0.681869 1.0306 0.360147 0.440787 0.954619 1.16691 1.48854 1.82124 0.695175 1.23145 -0.0180183 -0.0798328 0.13399 0.0856667 0.727419 -0.833921 0.0519573 -1.08617 -0.536361 0.60128 -1.04598 -0.936509 -1.19335 -0.128512 -0.749677 -0.169866 0.775898 0.348567 0.682989 -0.0214311 0.367582 0.362448 -0.445068 1.08208 -0.56989 -0.819588 
-1.43742 -0.191149 1.12614 0.941605 1.13928 -0.567846 0.351429 0.744384 1.51355 1.95458 0.841073 -0.770096 -0.382143 -0.183417 -0.797936 -0.449766 1.86243 0.527538 -0.45271 1.12919 0.353578 0.438846 -1.12331 -0.517237 -1.27359 -1.08163 -0.0623389 -0.501439 0.211481 0.821878 0.597943 -0.202521 0.726991 -0.264059 -1.33958 -1.42343 -0.670989 0.0886744 -0.779588 
-1.51639 -0.5617 0.817043 1.57119 1.27711 -0.0932074 1.41226 1.14213 1.54035 0.66895 1.38068 -0.630237 0.0326499 -0.0741091 -0.637793 0.109102 1.02578 0.0295934 0.615829 0.839981 0.678762 -1.1282 -2.34448 0.30143 1.06733 0.302491 -0.259661 -0.81056 -0.684634 0.324438 0.0372042 -0.384056 -0.0218289 -0.197336 -0.310815 0.570205 -0.876278 -1.00502 -0.534804 
-1.50811 -0.516912 1.22134 1.43089 1.15165 0.00416178 1.07408 1.11215 0.637872 0.244118 1.09487 0.331462 -0.0211266 -0.174506 -0.362416 -0.191795 -1.37907 -0.469753 0.0202067 -1.15781 -0.660523 -0.866138 1.77811 -0.460994 0.120204 0.465397 -0.197351 -0.569686 -0.0536399 0.499271 0.269402 0.921666 -0.182391 -0.0436385 -1.20463 -1.95351 0.101313 -0.291245 -0.876574 
-1.62386 -0.738152 0.626636 0.910614 1.05467 -0.0927544 0.416117 0.76751 0.873571 1.96601 0.987831 -0.510622 0.577252 -0.199882 -0.177577 -0.12774 -0.321673 0.317736 0.493859 -1.06598 -0.754286 -0.37406 -0.0363145 -0.166887 -1.38261 -1.30216 -0.122597 0.0202286 0.952031 -0.575813 -0.745984 0.43518 -0.157347 -0.308872 -0.255878 0.126165 -0.615654 -0.409642 -0.0574962 
-1.62488 -0.593144 1.09174 1.2759 1.2995 0.459128 0.156939 0.685556 0.363334 0.217516 0.951461 -1.10698 -1.46845 0.00120965 0.391928 1.16596 0.725729 -0.449078 0.51489 0.962596 0.185639 0.504917 -1.65741 -0.220574 -0.574501 -0.546143 -0.169166 -0.172213 -0.419399 0.624767 0.535418 0.843864 0.649617 -0.178421 -0.214673 1.5335 0.311353 -0.835282 -1.08913 
-1.66695 -0.505596 1.72502 1.25643 0.841959 0.382394 1.24426 0.861931 1.29968 0.756782 0.79889 -1.11125 -0.0180887 -0.0361434 -0.0685276 -0.251979 1.18424 0.36131 0.523937 1.8628 0.475821 0.0623964 1.8498 0.540514 0.428527 0.0640229 0.0828057 0.204841 -0.0413149 1.14122 -0.361541 0.152469 1.07971 -0.0863075 -1.17053 -2.14698 0.789164 -0.100369 -0.769323 