-0.512123 -1.0406 0.426955 0.993178 1.739 -0.254134 1.24299 0.98442 1.82265 1.20587 0.722257 -0.837686 -1.22433 -0.0953694 -0.266455 -0.0255743 0.347272 -0.119893 0.350855 0.49066 0.342247 -0.329774 0.0485497 -0.895699 -0.351529 -0.0486834 1.8519 -2.15632 -2.11658 -0.0326305 -0.494607 -0.465617 0.782757 0.917159 -0.469362 -0.00644042 -2.19306 0.043723 -0.452807 
-0.591657 -1.05172 0.948581 1.45522 1.71638 -0.588507 1.71832 1.24409 1.0567 1.31636 0.141462 -0.838778 -1.5883 2.52715 -2.23309 -2.06392 -0.230846 -1.11261 -0.522054 1.92124 2.03584 -1.60982 -0.303116 -1.3545 -0.554755 -1.45362 1.89307 -0.471913 -2.19879 -1.03428 -0.208373 1.26444 0.948905 0.39234 -1.68444 0.0940968 -0.431708 -0.786974 -0.341101 
0.689092 -2.1039 -1.48196 0.812516 1.08173 -0.796598 2.61252 2.12159 0.238004 0.933497 -0.754699 -1.24625 -2.29912 2.55804 -0.362891 -2.53411 -1.73484 -0.124884 0.900563 0.680626 0.186034 -1.59617 0.0858132 0.349977 -0.628591 -0.299064 0.464877 0.481734 0.650425 0.329853 0.109687 1.71848 0.49091 0.545223 -0.402447 -0.546303 -0.556136 -0.48884 0.237685 
0.624763 -1.1891 -1.39718 0.294887 1.61891 0.39167 2.18475 1.33673 -0.514779 1.37361 0.535022 -1.30821 -1.73938 -1.9233 2.86614 2.8208 0.691528 1.26527 2.22374 -1.31653 -1.29433 1.16543 -0.383875 0.65579 -0.0450154 1.73153 0.44644 0.0430279 -0.381692 -0.349737 -0.172985 0.929097 1.25751 0.697606 0.366165 0.56369 -0.719205 -1.52378 0.0338192 
-0.299922 -0.642631 1.14748 1.23267 1.77214 1.59979 1.6251 1.37833 1.3307 0.592678 -0.025534 -1.23463 -0.825591 -1.9782 0.4152 2.08958 1.27475 -0.075674 0.0182916 0.872421 0.768013 2.04004 0.650834 -1.24918 -1.29152 0.356601 -1.68136 1.83833 1.72917 0.237057 0.640837 0.243328 -1.91378 -1.79292 0.215828 0.719008 0.521907 -0.0187706 1.69504 
-0.391266 -0.941263 0.552886 1.09494 1.54933 0.427543 2.79079 1.758 1.42167 1.90971 -0.826357 -2.32409 -1.36588 -0.266241 -0.437293 -0.80823 -0.356574 -0.448905 -1.98496 -1.05352 -1.22525 -0.895302 1.31973 -0.0290311 0.0449461 0.121766 -1.85097 -0.0555222 1.59064 1.50248 -0.0550853 0.708701 -1.05061 -0.317593 1.302 -0.0842871 -0.223462 0.716955 1.65019 
-0.473436 -0.816851 0.405224 0.970111 1.49103 -0.508444 0.829136 0.674071 0.435368 1.69567 -0.0479026 -1.14885 -0.639975 -0.432107 -0.493347 -0.238257 0.774695 0.0224386 0.681996 -2.17467 -1.2299 -0.514661 -0.74526 0.959498 2.23007 1.44822 -0.390669 -0.607258 -1.01748 -0.670419 -0.184776 -0.751812 -0.0689101 -0.0233066 -0.321047 1.58697 1.24757 0.702891 0.471844 
-0.646408 -1.14323 0.340182 1.56927 1.53536 1.17378 1.17867 1.05112 0.893552 1.26261 0.236101 -0.43709 -0.119011 -0.243435 -0.371216 -0.376376 -0.537993 0.233614 1.23686 0.965701 1.17381 0.544977 0.729336 1.548 0.875659 0.409272 -0.332733 -0.132715 0.0987159 -0.62197 -0.0478249 -0.386389 -2.03265 -0.277774 -0.138188 -0.152688 0.38644 0.814669 -0.762284 
-0.635725 -0.958358 0.0641941 0.58938 1.59674 0.83167 1.50308 1.32448 0.929504 2.29831 1.66039 -0.378302 -0.224335 -0.00216357 0.313016 0.352933 -1.60362 -0.0666016 -1.06771 -0.342436 0.82355 0.37566 0.563105 -0.499298 -1.16686 -2.25126 -0.32229 -0.0403569 0.146711 -0.268963 0.130902 0.906851 0.0824184 0.372234 -0.254925 0.0617792 -0.04433 -0.535433 -0.742037 
-0.689959 -0.945986 0.676748 0.49441 1.47092 0.047296 0.900348 1.50375 1.22434 1.72437 -0.302345 -1.35022 -1.83197 -0.177244 0.313144 0.54692 0.18735 -0.0544461 -0.340063 -0.866319 -0.673575 -0.818886 -0.636423 -1.61744 -1.53487 -1.19043 0.246907 0.624361 1.15133 0.0948452 -0.523777 0.0982492 -0.281545 0.442542 -0.429398 -0.507641 0.0712899 0.0931256 -0.920189 
-0.76544 -0.761045 0.580991 0.681122 1.53919 0.483992 0.843391 0.931739 0.107892 1.74345 -0.105122 -1.59479 -1.08856 0.322311 0.508834 0.987013 1.74589 -0.572292 1.16261 -0.00843042 -0.225251 -0.851202 -1.20051 0.572017 1.30954 1.27753 3.06807 -1.68606 0.702698 0.592688 -3.16786 -1.90768 -3.60655 0.343904 -1.72969 -2.48041 -1.05526 1.13876 -1.29761 
-0.573824 -0.651789 1.60243 1.60135 1.11988 1.30795 0.865166 1.36416 0.371556 0.691444 0.334886 -0.222016 -0.721671 4.16922 -2.54972 0.27081 0.629442 -3.88839 -1.55433 -3.59781 1.1343 -1.15935 -2.53119 0.305059 3.01154 -0.191298 2.91578 -2.4741 -0.519881 1.42432 -0.863023 -0.830855 -2.14766 0.622963 0.00415947 -1.8358 0.923931 2.57067 0.592286 
1.2439 -1.98111 0.841257 1.06083 -0.691258 -1.16332 -1.80471 1.55984 -1.04218 -0.417232 0.239144 0.936398 -1.15341 3.47145 -3.78858 -1.5924 0.197656 -0.49051 -1.98911 -2.65095 1.07519 0.876708 -1.14034 0.549035 1.99392 -0.616292 2.74433 -2.37664 -0.632896 2.12295 -0.433194 0.216708 -1.6428 1.86959 0.925422 -1.94415 0.281205 2.08258 0.479137 
1.09212 -2.4852 0.131603 1.69981 0.815193 -0.80472 -1.09366 1.95888 1.18572 -0.29049 0.946895 1.47032 -1.12655 -0.598598 -0.601004 -1.00775 2.26067 3.36269 1.7667 1.56298 1.45436 2.24953 0.0513701 0.0257543 -0.330777 0.730218 2.21847 -1.99039 -2.6783 0.697267 0.419823 -1.48003 -2.03503 0.949236 1.70608 -0.493169 -0.0430182 0.613594 0.253299 
0.906822 -2.23638 -0.086378 2.5031 1.18787 0.743891 -0.695969 2.36866 1.09638 -0.389178 0.276898 0.712463 -0.480994 -0.585253 1.14915 -1.52545 0.760828 1.0307 0.518821 0.130906 0.229814 1.11565 0.521501 -0.616858 -1.18723 0.911084 -0.952883 -0.19034 -2.77873 1.45001 2.52713 0.336065 -0.456538 -0.356955 3.18849 0.744389 -0.404059 -0.214122 1.80765 
0.761607 -1.87399 -1.27702 2.1651 1.37266 -0.233125 -1.02741 2.07625 2.2304 0.136004 0.279437 0.540402 -0.309426 -0.642815 0.344391 -2.227 -0.282309 -0.18929 -1.43596 -2.13033 -1.97115 1.45599 0.917034 -0.537482 0.0814843 1.24481 -1.10225 1.25921 -2.14149 -0.00449312 0.325933 -0.513548 -0.861383 -1.3103 -0.231264 0.204295 -2.37149 -2.30029 1.24439 
0.547982 -2.0236 -2.14681 2.28891 1.0539 -0.776735 -2.2758 1.24323 2.46939 0.372533 -0.303451 0.82836 0.603129 -0.850564 0.513083 -0.96754 -0.753146 -0.607831 -1.03064 -1.19907 -2.07627 -1.36222 -0.245802 -2.31385 -1.72354 0.455067 -0.584318 2.28564 -0.634449 -1.01134 -0.429276 -0.403155 -1.36623 -3.31101 -1.4169 -0.192206 -1.67512 -2.24279 -0.209724 
0.300527 -1.57769 -2.1673 1.64423 1.00148 -1.31994 -1.92933 0.891454 0.884623 -0.087798 -2.25032 -0.831604 0.142854 -0.1189 2.67658 1.48825 -1.07416 -0.331519 1.03362 0.437634 -2.66578 -3.07276 -1.14987 -1.53703 -2.91889 -1.45054 0.575469 2.47261 -1.02534 -2.26919 -2.45723 -0.873579 -0.358888 -3.41922 -2.72568 -1.2381 -1.6237 -2.09624 -0.26102 
0.446981 -0.656172 -0.755426 1.55893 0.839315 0.345848 -1.98627 -0.274441 -0.526578 -0.617476 -1.98072 -1.52899 -0.4692 1.59834 2.75538 -0.226218 -2.30756 -2.44703 0.161777 0.752526 -2.71158 -1.76706 -1.32846 0.302552 -0.926902 -0.716248 1.29486 2.66008 -0.164254 -2.80975 -2.12158 0.729907 1.59061 -2.09362 -2.13375 -0.42898 -0.833842 -2.59386 -2.0022 
1.04464 -0.171247 -2.36882 0.110836 -0.412079 -1.13049 -1.41057 -0.652077 -0.85171 -1.22916 -1.90881 -1.54693 -0.341995 1.80299 0.840049 -1.67968 -2.71894 -2.30393 -0.312297 1.52749 -0.273209 0.627552 0.613356 0.496879 -0.366403 -0.692839 1.65594 2.05218 0.122858 -2.13267 -2.68805 0.799328 1.13078 -2.03168 -1.06542 -0.579038 -0.160073 -1.1943 -1.5807 
1.29181 -0.197994 -2.30734 -0.242424 -0.493135 0.0278881 -0.903364 -0.441112 0.0472189 -0.113134 -1.42595 -1.7823 -0.93532 0.555696 -0.0434548 0.368996 -0.568177 -0.896252 0.628386 0.643752 -0.14101 0.556491 0.599488 -0.514295 -0.572877 -0.971489 1.51167 0.538133 -0.943966 -2.49124 -2.60292 -0.37701 1.54909 -0.696325 0.216076 0.0679373 0.590173 0.0735639 -0.697441 
1.27564 -0.150482 -2.01733 -0.289556 -0.946723 -0.441628 -0.970992 -0.7441 -0.346466 -0.736576 -2.46371 -1.97043 -1.03105 0.163276 -0.132344 0.580643 -0.642617 -0.932977 -0.0641183 0.386262 -0.716914 -0.357141 -0.512544 0.213814 0.484131 -0.0401078 0.519325 -0.072436 0.933583 -0.711441 -0.598617 1.56297 0.954346 -0.201907 0.0603223 0.200737 0.671552 0.0910065 -1.26355 
1.32968 -0.221238 -1.75921 -0.691305 -1.04859 -0.0244433 -0.651227 -0.858328 -0.328938 -0.563002 -1.18181 -1.33449 -0.879213 0.119013 -0.0570824 0.71749 -0.381971 0.163841 0.919084 0.534265 -0.159529 -0.46608 -0.328351 1.32504 0.712858 -0.373418 0.189471 0.0819723 1.44501 -0.0197157 -0.358248 1.05254 0.682481 -0.231541 -0.0971221 -0.50278 0.966961 0.977968 -0.478786 
1.29172 -0.136465 -1.34206 -0.568657 -0.880556 0.558372 -0.611114 -0.84658 -0.827719 -1.03034 -1.0001 -1.33409 -1.24162 0.0821177 0.236205 1.10116 0.629674 0.500922 1.10539 0.455439 0.375043 0.265599 -0.118626 0.960144 0.787409 -0.456475 0.0765404 -0.0756736 0.736123 -0.608415 -0.0367962 0.309259 0.527089 -0.015925 -0.12583 -0.115015 1.41898 1.08647 0.264605 
1.32761 -0.0620167 -0.727478 -0.311442 -0.791384 1.17496 -0.348732 -0.658953 -0.104324 -0.67902 -0.118648 -0.636691 -1.15623 -0.0206016 -0.0477406 0.139148 -0.428589 -0.194223 -0.614924 0.115206 0.118386 0.341361 0.194515 0.404679 0.697112 0.680432 -0.147765 -0.149777 0.453952 -0.383307 0.00924066 0.136099 0.543813 0.141344 0.386406 0.476827 1.16118 0.269584 0.176007 
1.2391 -0.117822 -1.20412 -0.878125 -1.01732 -0.0834926 -0.556295 -0.792131 -0.530015 -0.880968 -0.546504 -0.710719 -0.609031 -0.275647 -0.439123 -0.572979 -1.13524 -0.473778 -0.972957 0.214721 -0.196837 0.201656 0.743865 0.452614 -0.419604 0.667716 -0.0246668 -0.0870253 0.386741 -0.168272 -0.410927 -0.0989956 0.554212 0.171957 1.25366 0.881614 1.87568 0.539784 0.171229 
1.14947 -0.237143 -1.25117 -1.08121 -1.08659 0.149894 -0.221469 -0.782499 0.0586023 -0.0640707 0.387548 -0.933848 -0.533815 -0.0127115 -0.0721092 0.310798 0.214371 -0.303659 0.514216 0.567818 0.102517 1.12814 0.94989 1.88656 0.0154062 -0.474357 0.0647943 0.318001 0.534195 -0.360306 -0.03313 -1.12041 -0.246461 -0.0551094 -0.180345 0.724801 0.949062 -0.020594 0.318378 
1.19035 -0.111244 -0.906698 -0.768782 -1.21611 0.483173 -0.171992 -0.746642 0.526714 -0.0914109 1.53333 -0.64929 -0.900351 0.35877 0.855428 1.19457 0.660837 0.447977 -0.140689 -0.522185 0.101042 -0.389376 0.199416 0.699338 0.417209 -0.302574 0.0222352 0.127916 1.15233 0.129044 -0.498242 -1.45169 0.677368 -0.417704 -0.741849 -0.574836 1.17857 0.39273 -0.00609021 
1.28354 0.228648 -0.13265 -0.681044 -0.859387 0.0156085 -0.630644 -0.737844 -0.348652 0.0894537 1.1645 -0.541208 -0.687698 0.0404426 0.236789 1.03032 -0.0257617 -0.303328 -1.9564 0.267559 -0.704037 -1.96477 -1.67348 -0.452436 0.509505 0.488752 0.222464 0.424957 1.80826 0.608543 0.130638 -0.511527 0.427913 -0.382853 -1.23035 -1.42792 0.248776 0.814818 0.689186 
1.16777 0.048266 0.0592227 -0.815856 -1.41472 -1.59449 -0.00626584 -1.15659 -1.40036 -1.52518 1.04631 -0.18057 -0.421121 -0.0704352 -0.29754 0.910077 0.177437 -0.269139 -0.369129 1.04897 -0.653953 -1.0118 -2.01714 -0.408397 0.646189 1.06856 0.0511474 0.637203 1.78333 0.466589 0.392658 -1.45151 0.105542 -0.319566 -1.05931 -1.22833 -0.992778 0.877452 1.40584 
1.20639 0.123618 0.721554 -0.595759 -1.03861 -0.363178 0.103917 -1.11951 -1.35637 -1.63557 0.725812 0.0401838 0.255412 0.0249186 0.60206 1.0453 0.671705 0.809575 0.514402 -0.13957 0.239394 0.761261 0.111739 -0.783129 0.6338 1.05192 0.0117899 0.0525383 0.264912 -0.088823 -0.860969 -1.33496 0.675538 0.211829 -0.331095 -1.36269 -0.72114 1.65596 1.90945 
1.13755 0.388618 1.03906 -0.408615 -0.982576 -1.02762 -0.136912 -1.03381 -0.697572 -1.44596 0.196384 0.39061 0.50868 0.0845716 0.362438 -0.601944 -0.284011 -0.791096 -0.957294 -0.215857 0.930468 0.649864 0.283083 -0.493186 1.49032 1.01652 0.0481353 0.579652 -0.128119 -0.368113 0.169512 -0.0847669 -0.01364 0.443904 0.880971 -0.0369582 -0.408201 0.987566 0.79304 
1.20553 0.345335 0.170951 -0.811052 -1.51366 -1.37148 -0.0822633 -0.606504 -0.76105 -1.41114 0.194073 1.3174 1.15689 0.0365224 0.160606 -1.19467 -1.15668 -0.582163 -0.600999 0.120121 0.360804 0.277545 -0.145462 0.266308 0.649984 -0.173674 -0.131188 0.198367 0.185865 -0.628522 0.167522 -0.539028 0.707282 0.927212 0.297667 0.259897 -0.0803497 0.841239 0.904539 
1.11303 0.51041 -0.0622349 -1.19235 -1.33921 -1.65458 -0.0785143 -0.842474 -0.461433 -1.58472 0.498125 0.975129 0.457925 -0.256525 -0.1045 0.818064 -0.553792 1.01602 0.420204 1.08824 0.343819 -0.285162 0.0639296 0.379463 -0.393213 -0.017741 -0.35099 0.0959459 0.17726 -1.13612 -0.419298 -0.820783 0.667084 0.437282 -0.530094 0.605602 -0.177719 0.042222 0.456701 
1.0368 0.335877 0.939666 -1.20207 -0.964516 -0.905441 0.680884 -0.424761 -1.06777 -1.37244 0.619992 1.042 1.23089 -0.494554 -0.0382473 1.40077 -0.368857 0.073821 -0.215508 0.702533 0.230158 -0.869458 0.935863 -0.499748 -0.572241 0.688341 -0.489893 0.314038 0.762353 -0.231487 0.560043 0.0425564 0.373259 -0.0438986 -0.298167 -0.0700086 -0.123576 -0.58676 -0.278848 
0.82716 0.533753 1.24787 -1.46291 -1.32406 -1.86895 0.403856 -0.724911 -1.33183 -0.807054 -0.0408154 0.552152 1.09684 -0.382293 0.515559 0.069106 0.253924 -0.300617 -0.380534 -0.629067 -0.423977 -0.0387212 -0.140042 -0.546333 -0.33148 -0.262712 -0.610813 0.382404 0.276491 -0.140079 0.691055 0.700872 0.195713 0.353674 -0.931088 0.112653 -1.21478 -0.983867 -0.0691234 
0.806169 0.633403 1.01253 -1.06697 -1.16158 -1.29644 0.193904 -0.676566 -1.13674 -1.50661 0.0299288 0.817486 1.1089 -0.301645 0.539806 -1.07916 0.192837 0.805292 0.908032 -0.462998 0.244193 -0.18587 -0.7777 -1.00877 -0.65907 -0.742084 -0.857095 1.25725 -0.0392499 0.60743 0.184024 0.289587 -0.989754 -0.972704 -0.0688212 0.322899 -1.36641 -1.13769 -0.787982 
0.636223 0.843283 0.253889 -1.36759 -0.894349 -0.880777 0.0377671 -0.599423 -1.54276 -1.48164 -1.13836 0.0576008 0.591319 -0.734449 1.14407 -0.115026 0.582842 0.546163 0.665186 -0.597902 -0.951622 -0.0201146 0.567858 -1.14862 -1.09607 -0.568109 -0.81455 0.723571 -0.2879 0.839447 1.25774 0.489073 -0.769167 0.201764 0.59284 0.950728 0.616315 -0.578994 -1.23834 
0.402233 1.2421 0.914319 -0.717608 -0.878732 -0.568186 -0.270389 -1.22631 -1.18776 -1.04083 -1.2211 -0.0372889 0.74257 -0.759724 0.413373 0.743804 0.958284 0.781931 -0.425551 -0.49109 0.0182837 0.891693 2.01075 1.7516 -0.0557158 -0.575573 -1.27029 0.905369 0.481573 0.682844 0.768371 0.548493 -0.885988 -0.206569 0.646049 1.22418 -0.480554 -1.11472 -1.72548 
0.219849 1.09022 0.95361 -0.773678 -0.477877 -1.31995 -0.348771 -0.601498 -0.714141 0.206999 0.793364 0.0604023 0.219019 -0.920073 0.0497615 0.675359 0.3561 0.42956 -0.123777 -0.500701 0.644581 0.78743 1.01591 0.542843 -0.302185 -1.27614 -0.999256 0.382118 0.787227 0.734461 0.220612 0.881641 0.0814184 0.277168 1.0224 2.28566 1.04432 0.135793 0.370692 
-0.0930546 1.30901 1.55045 -0.515946 -0.661967 -0.684371 -0.663924 -0.87474 -0.459722 -0.195319 -0.615881 -0.237655 -0.190228 -0.542045 0.087807 0.172319 0.0505937 -0.490667 1.29734 0.589235 0.349362 0.310562 0.93444 -0.482525 0.252834 0.997266 -0.901732 -0.200915 0.392609 0.00945925 -0.0178866 -1.07923 -0.201558 1.3918 0.650293 1.13013 1.2058 0.046185 -0.716549 
-0.089398 1.17597 1.12237 -0.771016 -0.782654 0.0849014 0.0511222 -0.416626 -0.44615 0.983462 0.273325 0.317546 1.10509 -0.254766 -0.320372 -0.218583 -0.329514 -0.436314 -0.949034 0.248785 1.27768 -0.0152094 0.447231 0.924775 0.384984 0.522536 -0.537767 -0.474327 -0.414392 -0.0713505 -0.45939 0.191665 0.835931 0.343659 -0.71851 -0.0688754 0.0144196 0.646048 1.55038 
-0.260921 1.19268 1.35602 -0.760878 -0.93594 -1.68384 -0.511864 -0.165676 -0.50601 0.16823 0.408471 0.128421 0.316031 -0.159082 -0.720348 -0.654917 -0.133495 -0.0677725 -1.1098 0.442294 0.111022 -1.12022 -1.0091 0.485322 0.595252 0.699652 -0.472713 -0.413868 -1.05959 0.685589 0.137291 0.937852 0.496443 -0.128309 -0.486756 -0.13175 0.803705 1.27769 1.57303 
-0.210175 0.861611 0.52255 -0.888266 -0.847754 -1.08664 0.344049 -0.366335 -1.55847 0.11276 0.815415 0.856949 1.75306 -0.361693 -0.232136 -1.01504 1.27218 0.623464 1.87657 0.362774 -1.47557 -0.526619 -0.602531 0.0484586 1.26893 1.19887 -0.411384 -0.785111 -0.595282 0.387354 0.879301 -0.968463 -0.389525 -0.538561 -1.53225 -1.68803 -0.403731 -0.443419 -1.27553 
-0.481409 1.12003 0.421615 0.0374974 -0.60928 0.340971 -0.276825 -1.01128 -1.04567 -0.357902 0.47114 1.22315 1.3634 -0.377555 -0.323594 -0.038242 0.672084 1.18211 0.146841 -0.926739 -0.881104 -0.629845 -1.14223 -0.996646 -1.13707 -2.05751 -0.370378 -0.311858 -1.00649 0.672875 1.44786 1.94828 -0.767359 -1.47258 -0.935146 -0.983572 -0.394783 0.793998 -0.787898 
-0.438469 0.743682 0.495678 -0.480778 -0.20448 -0.913176 -0.359624 -0.876263 -2.19771 -0.870775 -0.268829 -0.0316285 0.195109 -0.121574 -0.185336 -0.15678 -0.346741 1.20132 0.0530142 -1.31463 -0.59722 -0.533399 -0.645285 -0.548781 -0.232096 -2.0296 -0.567654 0.0822059 -0.46229 0.438324 1.16654 1.15715 -0.973276 0.0607875 0.844752 0.156797 -0.236446 0.0312289 -1.23551 
-0.583726 1.07055 0.284611 -0.218656 0.044885 0.414008 -1.26286 -1.36091 -1.59186 -0.920269 -0.12161 1.08056 -0.172216 -0.362472 0.427764 -0.50011 -0.0644371 0.291148 0.998176 -0.279846 0.946956 1.62679 1.35701 0.691001 1.20079 0.742917 -0.309976 -0.284405 -0.51548 -1.51489 -0.00905444 -0.219706 -0.103661 1.00642 0.224549 -0.521945 -0.28638 -0.343174 -0.155509 
-0.659341 0.997742 0.0396893 -0.553044 -0.0661605 0.171476 -0.592385 -0.35395 -0.659918 0.263823 0.498976 1.00693 0.877687 -0.283077 -0.195795 -0.443486 -1.69199 -1.19704 -0.273432 1.18381 1.98198 0.813601 -0.0104651 0.181741 -0.181838 1.88248 -0.25513 0.310804 -0.49892 -0.44238 0.709654 1.7578 0.330628 1.10545 1.85279 1.05405 0.580353 -0.240723 -0.85297 
-0.765525 1.01589 -0.11877 -1.35108 -0.660233 0.137646 -0.430141 -0.254155 -0.838579 -0.944621 0.0873264 0.979396 1.42209 0.0292038 -0.0209869 -0.0808798 -0.521165 0.611205 0.742505 0.68628 0.575928 0.535112 0.00855289 0.00761892 -1.48402 -1.64399 -0.354807 0.0757263 0.0977373 -0.440359 -0.451728 0.116895 0.906591 0.806674 1.45184 2.01408 -0.173479 -0.399037 0.14041 
-0.687456 1.02963 -0.0267967 -0.922814 0.253552 0.982482 -0.121847 -0.041143 -0.1753 0.255589 0.516828 -0.167641 -0.349416 -0.179923 0.291388 0.557023 1.10913 0.648178 0.386823 -0.0648735 -0.875808 0.884942 2.60733 -0.409968 -0.303364 -1.70972 -0.248233 -0.241452 -0.0256759 -0.231907 -0.124225 0.158697 1.0097 0.469224 1.1273 0.276871 0.0589021 -0.351721 -0.818835 
-0.896558 1.20243 0.407414 -0.658908 -0.319566 0.567962 -0.506411 -0.761092 -0.0164722 1.24963 -0.353088 0.778057 0.142396 -0.353495 -0.303286 0.05076 0.220729 -0.750834 -0.587659 0.560211 0.0595862 0.788364 0.36023 0.0498698 1.05919 0.779817 -0.314735 0.203664 0.101082 0.219994 0.618828 0.75623 0.483109 -0.533857 1.01833 1.80805 -0.148009 -0.265201 -2.04654 
-0.90391 0.921755 0.0290226 -0.809329 -0.198676 0.3698 0.256918 -0.0198961 0.553636 0.545405 0.581046 0.754189 0.362685 -0.230922 -0.0264376 -0.439592 -0.797291 0.140683 0.360599 0.659938 0.112286 0.312604 -0.27471 0.213057 -0.0110938 -0.481589 -0.451777 -0.129604 -0.0231487 0.366898 -0.690578 0.604157 0.291225 -1.02286 0.487547 0.0817811 -0.0465319 1.6356 1.68252 
-1.05269 1.23162 0.00765149 -1.20854 -0.266524 0.97021 -0.0550491 -0.710088 0.253488 1.00133 -0.109786 0.817641 -0.15471 -0.235715 0.127072 -0.0779381 0.290143 -0.0964876 1.18427 -0.202519 -1.50515 -0.204224 -0.241663 -0.122013 1.05135 1.05995 0.187302 -1.55789 -1.09434 1.94343 -0.492583 1.46263 1.14808 -0.316427 1.16482 -1.39769 -1.57865 -0.29896 -0.897407 
-1.0624 1.02695 -0.0347303 -0.650629 -0.280051 1.65363 0.0804464 -0.882198 0.325002 0.325111 0.456638 1.66956 1.29891 0.473493 -2.04047 -0.834484 3.44418 -0.740598 1.08737 0.757738 -0.57255 1.05424 -1.50424 -2.16896 -0.346432 -0.467519 -0.245562 -0.316054 0.106784 1.29861 -0.144963 -0.0902352 -0.486714 -0.888833 -0.0992214 -1.75819 -2.1617 0.394248 0.319358 
-0.862153 0.263686 -0.759002 1.00463 -0.71295 2.15032 0.467508 -1.04579 1.23892 -0.28901 -2.48055 0.580801 -0.44056 -0.0851005 -0.550099 0.202006 1.48309 -0.0690559 -1.27629 -0.402154 0.246526 0.110256 -1.99965 -2.55076 -0.5245 -0.693746 -0.1731 -1.01197 0.384332 2.00054 0.817172 0.055966 0.238277 0.599078 0.423134 -0.955243 -0.219901 -0.14369 1.04078 
-1.14677 0.796876 0.16161 0.285132 -0.345879 0.3039 -0.24135 -0.755393 0.399753 -1.38509 -2.33311 1.28593 0.832062 -0.699996 0.696221 1.28163 -0.719915 1.7773 -1.0344 -0.465548 1.38918 -0.544539 0.292755 1.88366 0.186995 1.61357 -0.635178 -0.924516 -0.192793 0.779503 0.920178 0.867322 0.752477 0.890087 0.982833 0.239452 0.345113 -1.088 -0.584759 
-1.24913 0.650656 0.440404 0.505399 0.267651 1.05949 0.0995627 -0.273766 0.681976 -0.0563801 -0.4039 0.783672 0.938599 -0.742811 -0.678381 -0.426655 -0.413189 1.23447 2.13388 1.33044 0.975982 1.04627 2.32044 2.96015 -0.83966 0.0826076 -0.829252 0.433347 0.627886 -1.22107 1.24078 -1.39154 -0.216541 0.994953 -1.08764 -0.226181 1.85089 -0.587002 0.802145 
-1.55482 0.503296 -0.226133 -0.0143036 0.327072 2.60411 0.698113 -0.21669 1.3775 0.566018 0.924888 0.642519 0.98635 -0.380509 -0.127227 -0.550981 -0.920719 -0.211274 -0.348127 0.195097 -0.0204083 -0.691713 -0.569169 0.377097 -0.911996 -0.725484 -0.641013 -0.378398 -0.372817 -0.58492 1.4054 1.53553 0.583871 0.546988 0.0567721 2.2979 2.78614 -0.493101 -0.0616388 
-1.47888 0.629946 -0.0628484 -0.124631 0.12122 0.703183 0.21254 -0.29769 -0.0169489 -0.554238 0.0194219 0.0806299 0.44636 -0.0926942 0.172825 -0.00754695 -0.365538 0.537258 -0.613627 -0.610731 -0.232008 -0.959961 0.640436 0.450516 0.234455 -0.128259 -0.532924 -0.295442 -0.275842 -0.90599 0.233434 -0.110416 0.145814 0.794773 0.359524 0.77539 1.15718 -0.528366 -0.378212 
-1.64292 0.631138 -0.224486 -0.282701 0.604875 1.96363 0.224481 -0.360096 0.419786 1.09331 1.42878 0.884512 0.97193 -0.314316 -0.268515 0.22966 -0.29302 0.518561 0.236093 -0.0172902 1.10998 1.1279 1.57733 1.03074 0.2618 0.337621 -0.235934 -0.209641 1.17968 0.0392905 0.310824 -2.25429 -1.00867 0.716723 -0.154894 0.404401 0.573848 0.204217 0.642919 
-1.67605 0.539285 0.159185 -0.345792 0.388427 0.972171 0.170908 0.316676 1.03955 0.767083 1.16006 0.345165 0.804675 -0.21559 -0.454988 1.3805 0.432542 -0.133268 -1.62449 -0.639643 1.21272 0.801654 -0.108088 0.240106 0.049957 0.844226 -0.441097 -0.56314 0.902159 0.187684 0.912599 0.0331486 1.03833 1.39289 0.358147 0.950007 0.85257 1.31806 1.81938 
-1.79151 0.448157 1.06678 -0.0312456 0.502654 0.241222 -0.270199 0.312283 1.16154 0.986223 1.70177 0.974421 1.73556 -0.260993 -0.481592 0.820248 0.56108 0.637384 -0.205753 1.2992 0.813806 -0.693304 -0.345212 0.00257324 1.44362 1.65009 -0.0835055 -0.391222 0.94789 0.234559 0.0430494 -2.70533 -0.07464 1.0448 0.0845042 -0.762559 -0.133928 -0.133332 0.240161 
-1.84699 0.343133 0.929929 -0.0106097 0.722976 0.768246 1.08763 0.763804 0.339085 0.459031 1.17238 1.58389 2.21305 0.105696 -0.067543 -0.27736 -0.100973 0.202658 -1.06093 0.544734 0.225575 -0.683297 -0.856265 -0.419705 -0.19618 -0.563636 -0.296451 -0.572793 0.879117 0.950008 1.28092 -0.297355 0.628547 0.692832 -0.234363 0.471891 0.023162 0.341831 0.476376 
-1.78198 0.456996 0.817749 -0.127311 0.590821 -0.878005 0.0972998 0.427258 0.470737 0.245049 1.25067 0.861436 1.37281 -0.126054 -0.281294 0.202839 0.739837 0.978802 -0.0916686 -0.52422 0.133582 0.443157 0.96412 0.0109725 -0.983643 -1.11415 -0.0567101 -0.213207 0.245137 1.22021 1.22765 -1.02766 1.05447 0.203841 -0.306315 0.553246 -0.722497 -0.518488 -1.28578 