-0.974777 -0.88675 1.06566 0.18149 1.11275 1.01531 0.553581 -0.0044149 -0.149653 0.595364 0.267534 0.943737 0.124111 1.65973 -2.43091 0.0412529 1.12397 -0.201985 1.16865 0.862032 0.496177 0.999838 1.96753 -0.0583443 -0.762931 -0.42443 3.11276 -1.75765 0.72049 0.979248 -1.16379 -0.102487 -0.777871 -0.639431 -1.17665 -1.02371 -1.41343 -1.13007 -2.038 
-0.333837 -1.95728 1.42434 1.19806 0.96632 1.30418 1.10724 1.4208 1.35219 2.18247 -0.969068 -0.855322 -0.352683 4.54417 -2.21157 0.540562 0.440914 -1.53264 0.498518 0.63278 1.25358 0.603728 -0.12962 -1.48025 -2.47144 -1.70824 1.20003 -0.0306231 0.325524 -0.454711 -0.811892 0.17501 -0.431455 -0.287711 -0.00415884 -0.0237921 0.427036 -0.845429 -0.25297 
0.562943 -2.10543 1.22838 0.41176 0.0912522 1.2288 0.931947 0.817653 0.519075 0.483495 -1.34743 -1.67222 -1.57837 0.0313251 2.42246 0.485682 -1.77688 -0.865738 -0.953481 -1.41014 -0.832311 -1.02019 -2.02383 0.600359 -0.186322 0.129614 0.804235 -0.00958768 1.00147 0.431702 0.208934 0.649183 1.22549 1.60525 0.290772 -0.229012 -1.76875 -2.28946 -0.5955 
-0.345131 -0.573652 1.56815 0.0864473 0.391131 0.932304 0.32329 0.905856 0.304363 0.215106 -0.31987 -1.10974 -0.21436 -3.41772 2.22917 1.05429 0.17818 1.79738 0.348773 0.865958 0.475913 -0.283646 -0.180179 -0.747273 -0.147023 0.988231 -0.606192 1.58906 0.412978 -0.816855 0.142873 -0.382404 0.131942 -1.35048 -0.633689 -1.00417 0.749869 -0.214899 0.00603921 
-0.63222 -0.83035 1.56828 0.483064 1.29826 1.38192 1.44298 1.14125 0.249806 0.3221 -2.16475 -1.88602 -0.580049 -0.916851 -0.424399 0.179419 0.60429 1.04424 0.425566 1.558 -0.663535 0.273179 0.756518 0.348844 -0.0340737 -0.102914 -2.63588 2.04439 0.709351 -0.434791 0.535374 -0.586439 -0.22537 0.129968 -0.426035 0.81727 1.22342 1.81312 2.17293 
-0.681883 -0.788722 1.60633 0.415569 1.09413 1.11638 1.22806 0.499097 0.623685 0.971263 0.0556242 -1.20681 -0.308937 -0.363167 0.332955 0.0790422 -0.802507 -1.10655 -1.14869 -1.15949 -0.356268 -0.223674 1.1628 2.29376 2.2709 1.7283 -0.790329 -0.0807121 0.0560851 -0.421138 -0.222923 -0.0316245 0.354735 -0.53863 0.549948 0.963808 0.480478 1.43527 0.237065 
-0.778922 -0.620115 1.57184 -0.0390001 0.561917 0.93135 0.801639 0.931444 0.0439311 1.47624 0.327243 0.39896 1.15953 -0.231347 0.353888 -0.078168 -1.20903 -1.3432 -0.485858 -1.13492 0.0535929 0.346067 0.407113 0.260577 1.72118 0.416394 -0.295525 -0.0772265 -0.783359 0.194567 -7.46084e-06 -0.194259 -0.807826 -0.203776 0.0138862 0.420106 1.58217 2.82723 1.60829 
-0.783339 -0.566732 1.55568 -0.352459 0.199416 0.933029 0.600695 0.552 1.02005 1.38516 0.335064 0.510067 0.116627 -0.0791922 -0.399148 -1.30402 1.08131 1.09856 0.871587 0.146445 0.111726 0.22415 -0.670776 -0.294786 1.02523 0.287321 -0.215564 0.217865 -0.844055 -0.209393 -0.146349 -0.859552 -1.44188 0.667484 0.633665 -0.144125 -0.177554 0.958241 0.702535 
-0.828151 -0.821005 1.09844 0.578744 1.30127 1.29524 0.903305 1.02161 0.311427 0.834271 0.00232416 1.39662 1.45581 -0.0969469 -0.054513 -1.2427 0.908146 1.14419 -0.678144 -0.661371 0.6526 0.369812 -0.612055 -0.481128 -0.585493 0.474888 -0.275598 0.110871 -0.696362 0.265511 1.31356 0.163232 -0.950642 -0.372067 1.12358 -0.632155 -1.30803 -0.687686 -1.53925 
-0.838662 -0.574086 1.10342 0.160511 0.969306 0.672155 0.242756 0.988852 1.44152 0.800714 -0.192635 -0.156867 0.600778 -0.33474 0.565975 0.216487 -0.700701 0.60801 -0.672116 -1.33591 -0.53991 1.05723 -0.137005 -1.35163 -1.79214 -2.17883 -0.268615 0.274078 -0.433934 0.707196 0.365768 0.833873 -0.0302892 0.978789 -1.16237 -0.772522 -0.624465 -1.23298 -0.404119 
-0.965096 -0.479913 1.14941 0.118278 1.71233 1.0368 0.16159 0.69409 1.45953 0.715168 -1.47268 -0.517319 -0.718013 -0.307024 0.423526 0.569776 0.106283 -0.67475 1.77165 0.60883 0.393295 -1.72708 -0.369114 -0.30311 -0.81175 -0.95733 -0.38958 0.540684 0.35585 0.0537434 0.016976 0.599919 -0.0400058 -1.5933 -0.407571 0.395005 -1.33043 -2.11175 -1.50977 
-0.966093 -0.31299 1.27622 0.188313 0.521929 1.3989 0.607495 1.2595 -0.353522 0.454245 -0.526613 -1.05763 -0.349585 -0.241788 0.133317 0.358359 0.777423 -0.593835 1.45373 1.27136 -1.22091 -1.54324 0.598023 -0.323036 -0.620897 0.323916 -0.244539 0.623581 0.107311 1.12994 -0.131127 0.551839 0.271214 0.36217 -0.520773 0.341487 -0.00224317 0.233037 0.439682 
-1.07014 -0.381788 1.2493 0.552154 1.31911 1.63538 0.903276 -0.0699321 -0.141187 1.31607 -1.82834 -1.22084 -0.385076 -0.0626026 0.378461 -0.387593 1.51479 0.495611 -1.05412 -0.288921 -0.0202663 1.1104 0.764024 0.303678 1.10914 1.52232 -0.246284 0.294611 0.200976 0.944602 -1.2861 -0.186483 0.569261 1.39734 -1.3214 -0.28635 0.769377 -0.0189608 0.942163 
-1.00963 -0.0772001 1.11886 1.06833 0.857777 0.986451 0.461461 1.26506 0.850784 1.21776 -0.200269 0.0267482 1.18368 -0.130329 0.261133 -0.0281967 0.577685 -1.09286 -1.72047 -0.583274 2.72353 0.00240507 -0.978649 1.29684 0.626995 0.864825 -0.298058 0.346576 0.160451 0.358664 0.37441 -0.773814 -0.19508 -0.973352 0.826597 0.435838 0.533328 1.72369 2.06232 
-1.13692 -0.211886 1.21588 0.865178 0.591923 0.954296 0.58977 1.69434 -0.108086 0.372525 -0.421209 -0.63474 0.489637 -0.383369 0.0803646 0.653731 -1.0005 -0.0148877 0.00442027 0.0328116 -1.06405 -0.171822 -0.252568 0.372404 0.91136 1.0569 -0.100039 0.618721 -0.707398 1.08151 -0.430785 -1.86075 -0.431146 1.09453 0.611458 -0.104844 1.99568 1.29435 0.614622 
-1.16326 -0.00881154 1.32062 0.426471 0.85199 1.00075 0.498476 0.601576 0.699718 0.985452 0.200863 0.906725 2.25078 -0.0331687 0.534833 -1.07677 0.97389 0.522587 -0.778234 0.0355504 -1.55134 0.687841 0.822228 1.22369 0.897219 -0.0826713 -0.15575 0.514197 -0.343725 -0.312236 -0.529369 -1.11821 -0.536541 -1.46496 -0.931195 -0.930288 -0.227236 -0.0928934 -0.858306 
-1.17035 0.111717 0.820848 1.41793 0.945823 0.653071 0.628343 0.718518 0.649553 1.19305 0.906314 0.230621 0.415335 0.1404 0.586115 -1.18413 0.552042 -0.684066 -1.51324 -0.710731 -0.556721 -0.918598 -0.923481 -0.655618 -0.990724 -2.10314 0.169497 0.475601 -0.463928 -0.0146424 0.852443 -0.197351 -0.775415 -1.61693 0.786804 -0.0775472 -0.723522 -0.492611 -0.45542 
-1.13712 0.34359 0.888557 0.72398 0.398378 0.403208 0.112453 0.263282 -0.240724 0.0959467 -0.516721 -0.178993 0.152769 0.254165 0.0838329 0.356458 -0.995303 0.5821 0.497011 -1.00855 -0.235265 0.204804 -0.944931 -2.13287 -1.43863 -0.463452 2.51324 -2.59397 0.487637 0.0473512 0.139799 0.284886 -2.37012 1.53279 -0.787369 -1.72714 -0.378731 0.436943 -2.44433 
-1.10515 0.182053 0.920085 0.779212 1.33955 0.865954 0.0728758 0.58627 0.8966 0.282535 -1.41885 -1.31798 -0.040358 3.42396 -3.77012 1.96719 -0.484493 0.858559 1.87489 -2.23223 2.20716 -0.00580643 -1.23688 0.181324 1.52382 -0.911873 2.61534 -2.85653 1.85353 -0.618637 0.165297 -0.822974 -1.84759 -0.14019 -1.17916 -2.18432 -0.821897 0.499842 -0.620501 
0.0160917 -1.75032 1.54328 0.394331 0.977117 1.17158 -1.13922 1.69657 -0.216303 -1.10055 -0.323527 1.33393 -0.752065 3.45583 -3.5931 2.58455 0.107156 -0.374325 -1.61225 -1.28892 0.0601081 -1.58145 -1.78016 1.09961 2.04444 -0.287592 2.41472 -2.67168 2.13508 -0.785315 0.52528 -0.706477 -0.389369 -0.580744 -0.257867 -1.55415 -0.690026 -0.141443 -1.06321 
0.0589973 -1.81246 1.78771 0.807542 1.09322 0.2285 -0.642103 0.643349 -0.744507 -1.44614 -0.226351 0.732962 -0.31991 -0.000148825 0.489844 1.41864 -0.642837 -0.180909 -2.83483 1.73611 -2.86305 -0.307399 -0.709795 -1.04825 -1.6593 -0.388717 3.00769 -2.10965 1.95547 -0.641426 0.0658625 -2.43095 -1.25118 -0.797123 0.296294 -1.06986 -0.25524 1.36443 -0.0312507 
-0.00600613 -1.45199 2.00882 -0.0311239 0.860226 0.0412467 -0.133117 -0.12003 -0.510679 -1.78074 -1.46838 -0.442731 -1.1329 0.81386 1.00908 0.517511 -1.02801 0.45231 -1.64658 -0.271802 -0.952121 1.9079 0.431707 -1.41815 -0.439219 0.268003 1.08317 0.493432 0.176734 -0.62687 0.692677 -2.67205 -0.146481 -1.96183 -0.828426 -0.396495 -0.759146 -0.376863 1.527 
0.316304 -1.22253 1.94249 0.14904 1.40009 -0.422792 -0.778398 0.0516124 1.3028 -1.00816 -1.77374 0.217193 -0.0429748 1.52451 0.150912 -1.12677 -0.257125 1.07706 -0.745407 -1.93219 0.700092 -0.664396 0.193114 0.0941435 1.25169 2.30343 1.16869 0.688747 -1.19735 -0.933706 1.36913 -1.23782 -0.55913 -0.547052 -0.698365 0.462277 0.140066 0.924549 0.647663 
0.495227 -1.34398 1.59655 -0.223203 1.58519 -0.246744 -1.21408 0.347263 -1.18242 -1.57647 -1.37006 0.788954 1.18273 0.832494 -0.126365 -2.39654 -0.312267 1.32679 -0.0216893 -0.434022 0.33299 -2.72957 0.112408 1.59821 1.53596 0.555165 1.5662 0.652642 -2.55358 0.102679 0.0171874 -1.67837 -2.33678 -0.476158 -1.37242 0.991337 1.69944 0.942178 0.0814288 
0.580007 -1.27024 1.09231 -0.0764028 2.29218 -0.41902 -1.00699 0.283602 -1.55193 -0.882946 -0.0386556 1.74266 0.521583 0.688893 0.687078 -2.89495 0.404069 -1.06261 -1.51016 -0.969582 -1.24186 -0.935319 1.00452 2.05275 -0.134568 -2.18315 1.10539 1.01855 -3.25914 0.33344 -1.88925 -1.95841 -1.38441 -0.904915 -2.42747 0.440099 1.30617 0.691795 -1.26798 
0.70964 -0.934882 0.574485 -0.0152255 0.87825 -0.84304 -1.74738 -0.43019 -2.14054 -0.577379 0.859659 0.588025 -0.995424 0.723558 1.41766 -2.73988 0.790355 -3.80076 -2.60719 -1.29128 -1.34263 -0.0879799 0.404312 0.0526487 -0.70827 -2.10994 1.21044 0.913284 -2.56011 1.46744 -2.18603 -2.41373 -0.126074 -0.705985 0.57351 1.0178 1.50312 0.0998932 -1.6811 
0.806319 -0.450868 0.123729 0.365298 -0.247175 -1.45758 -1.72331 -0.55844 -1.61437 -0.471796 0.0145119 0.948841 -1.58324 1.01701 0.473802 -1.1371 1.70131 -1.79874 -1.72571 0.798717 0.449301 1.58176 0.225803 -0.153477 0.278054 0.115551 1.1399 0.312078 -2.29819 1.6923 -3.53718 -2.34374 -0.338855 -0.86387 0.763351 0.971383 0.526807 -0.403635 -1.24921 
1.03668 -0.645552 0.158647 0.977652 -0.321318 -1.52624 -1.2746 -0.123648 -0.437979 -0.341089 0.688516 0.813516 -0.871185 0.881726 -1.00157 -0.878355 1.6377 -0.824203 -0.535382 0.857564 0.377779 0.953554 0.768676 0.615208 0.269706 0.578461 1.00986 -0.664393 -1.75511 1.74782 -2.43516 -1.21404 1.45178 0.916267 1.93579 1.38484 0.23136 0.811869 -0.371644 
1.08692 -0.990058 -0.202878 1.31969 -0.794568 -1.6609 -1.21706 -0.297741 -0.575861 0.296272 0.679869 1.1657 -0.995349 0.402761 -1.26739 -1.62313 0.806419 -1.38779 0.0891414 0.979556 0.528369 0.637148 1.4579 0.448687 0.688435 -0.557682 1.03796 -1.93124 -0.627636 1.4093 -1.30999 -0.326219 1.14411 1.0795 1.13501 1.3541 0.820745 0.460529 -0.0842313 
1.15288 -1.33402 -0.424807 1.42907 -1.24587 -1.47778 -0.698941 0.233575 0.266075 1.10212 1.17266 1.46311 -1.42126 0.578136 -1.36143 -0.100595 0.384255 -0.893667 0.0823651 0.540638 0.778017 0.341026 0.87706 0.423391 0.290654 -0.663817 0.898581 -2.03164 -0.29303 0.959265 -1.45763 -0.0756423 0.372046 -0.366118 -0.16528 1.49368 0.936122 0.744875 -0.458513 
1.26332 -1.73133 -0.261264 1.51568 -1.38845 -1.61518 -0.891114 0.2195 -0.184821 1.17051 1.13649 1.40422 -1.65173 0.858277 -1.21999 1.17282 0.56973 -0.522799 -0.208114 -0.535089 -0.950062 -0.843482 0.36025 0.735436 0.200613 0.00771836 0.930215 -0.88703 -0.0715862 0.731043 -1.85362 0.947084 -0.121762 0.728839 -0.457091 0.890722 0.886795 0.557926 -0.463417 
1.42543 -1.99587 -0.0440361 1.73728 -1.59156 -1.54917 -0.985032 -0.356841 -0.594966 1.47011 1.96885 1.60857 -1.40503 0.728029 0.292027 0.000140621 0.664395 -1.5338 1.16206 -0.706176 -0.00487208 -0.884194 0.196292 0.698516 0.382292 0.107766 1.03457 0.358355 0.35179 -0.124672 -1.0519 0.408476 -0.00869797 -0.0904377 -0.560216 -0.355666 0.644666 -0.31889 -0.44631 
1.49116 -1.54408 -0.284908 1.88116 -2.41072 -1.13419 -1.27455 0.234928 -1.0889 1.37789 1.8925 1.73743 -1.53529 0.596746 1.69341 -0.604388 -0.749035 -0.858203 0.734519 0.509219 0.829196 0.181278 -0.826499 0.0810745 -0.541217 -0.542534 0.700091 1.13714 -0.176168 0.219087 -0.318893 0.606079 0.500354 -1.02352 -0.747868 -1.20618 0.16446 -0.3998 0.0477874 
1.60821 -1.02165 -0.276162 1.24757 -2.16171 -1.24053 -0.676967 0.193205 -0.372788 0.675605 2.05295 0.987396 -1.93993 0.249862 1.14617 -0.265823 -0.350405 1.10957 -0.372229 1.30914 -1.1342 0.00538577 -1.71314 -0.487686 -0.816422 -0.0292426 0.431823 1.74681 -0.972384 0.36521 -0.063216 1.12428 -0.129245 0.1429 -0.257418 -2.7931 -1.16206 -0.578572 0.331146 
1.55488 -0.877171 -0.400275 1.63265 -1.66399 -1.27173 -0.511364 -0.473513 -1.05265 -0.28513 1.35766 0.831846 -1.55608 -0.00154019 0.500068 -0.919225 1.27271 0.767706 0.746126 -0.684002 -0.695439 -0.493965 -2.65059 -1.54338 -0.099564 0.972799 0.185147 0.630426 -0.809822 -1.06485 1.43663 -0.223023 0.47644 -1.15633 0.485067 -3.53852 -1.97597 0.127852 1.18136 
1.58564 -0.717567 -0.616864 1.98113 -1.64377 -0.927222 -1.04778 -0.234004 -0.864374 -1.90571 0.36929 0.822641 -0.957067 -0.00653987 -0.335704 -1.00096 -1.17806 0.757638 0.0567842 -0.735717 -0.149795 0.538968 -2.68473 -2.00119 0.992228 1.51491 -0.0795264 0.240589 -1.06735 -0.800696 1.69764 0.118003 -0.685078 -0.890428 0.0164011 -2.31016 -2.06469 1.17682 1.69139 
1.53059 -1.04243 -0.769165 0.883352 -1.15279 -1.23632 -0.911602 -0.550978 -0.452371 -2.89989 -0.824202 1.79539 -0.0302373 -0.132695 -0.172542 -0.754429 -2.42212 1.44019 -0.606951 -0.177407 -0.298391 0.497344 -0.229949 -1.05741 1.48792 1.14598 0.0848015 0.284872 -1.04492 -1.55179 1.46343 -0.0257669 -1.27374 -0.825886 1.30054 -0.436604 -1.23533 1.1279 0.823191 
1.51804 -0.791203 -0.900733 0.479114 -0.675794 -1.1594 -1.13037 -0.406715 -0.308099 -2.11586 -0.785528 2.29846 0.199249 0.106719 0.718089 -0.637255 -1.04917 1.14455 -0.109268 -0.852873 -0.773605 0.946675 2.11851 0.446474 0.339577 -0.47385 -0.246911 0.177736 -0.969423 -2.28843 1.42326 -0.205363 0.183307 -0.0470258 2.00868 1.4442 -0.853923 0.294637 0.235025 
1.54517 -0.615919 -1.01263 0.212046 -0.382668 -1.26786 -1.3785 -1.02829 0.578868 -0.809581 -0.342465 2.08447 -0.496345 -0.240315 0.422204 -0.764507 -0.862186 0.409562 0.315048 0.388723 0.224897 1.8057 1.98699 -0.0162455 -1.11932 -0.835029 -0.191728 1.23742 -0.749578 -1.19644 0.714587 0.402158 -0.626319 -0.664492 1.42266 1.48686 -0.067208 -1.62654 -0.701844 
1.41351 -0.530849 -1.18808 -0.0790583 -0.397531 -1.01987 -0.89086 -0.24401 1.63117 -0.154376 -0.807333 1.07984 -0.628617 -0.401011 0.844341 -0.53435 -0.668127 -0.219799 0.627251 0.0640508 0.0263207 0.679931 -0.308772 -0.527846 -2.19175 -0.378168 -0.452265 1.63894 -0.251094 0.207357 0.622412 0.874282 -0.106852 -0.965492 1.39092 1.85579 0.463979 -1.61421 -0.523234 
1.38548 -0.118507 -1.2206 -0.228711 -0.525584 -1.00247 -1.32371 -0.992867 1.32815 -1.09694 -0.921005 -0.242443 -0.866618 -0.425633 1.63764 0.38045 1.15934 0.394871 0.832323 -0.535844 -1.30064 -0.215728 0.278463 0.604858 -0.7186 0.204726 -0.795834 1.92142 -0.727542 -0.000526002 -0.174678 0.00819002 0.100172 -0.349496 -0.24053 0.866516 -0.931233 -2.20252 -0.453585 
1.24537 0.412052 -1.08057 0.5859 -0.129101 -0.671808 -1.17738 -1.05914 1.43369 0.133497 -0.153239 0.27535 -0.415061 -0.75504 1.56545 -0.602441 0.666972 -0.0161868 -0.634466 0.044567 -0.429876 -0.973125 1.35222 -0.643316 -0.326214 -0.165678 -0.669708 2.06266 0.322043 0.686521 0.00752143 0.0881012 -0.597912 -1.39014 -1.64832 -0.141279 -0.324272 -1.87926 -0.452911 
1.10427 0.783855 -1.45205 0.138336 -0.53224 -1.24574 -1.28 -1.24986 0.330066 0.242748 -1.6252 -0.641428 -1.02406 -0.550499 0.947119 0.140984 -0.174584 -0.393037 -0.733009 -0.217888 -0.238483 -1.70246 -0.47989 -1.01046 -1.4257 -0.747734 -0.935099 1.7155 0.590169 0.805049 0.393924 -0.172952 -0.0275561 -0.496265 -1.79794 0.578066 0.00285493 -1.04485 -0.0879704 
1.03436 0.967181 -1.05564 0.443763 -0.387951 -0.9548 -1.283 -1.19345 -0.335328 -0.321483 -1.25697 -1.25989 -1.15549 -0.599673 0.589237 1.54748 0.487877 0.522382 0.38577 -0.0937326 -0.133836 -1.11777 -0.66508 0.650314 -0.853561 0.0756814 -0.878183 0.762525 0.625791 -0.51724 -0.175716 -1.04742 -0.380723 -1.10835 -2.35246 -0.538316 -0.969555 -0.758406 0.0932572 
0.876387 1.13801 -0.942071 0.397022 -0.178477 -1.0777 -1.31499 -1.31709 -0.820906 -0.393637 -0.921641 -1.5854 -0.939756 -0.723022 0.0269966 0.860338 -0.568058 0.155697 -0.681437 -0.267548 -0.993144 -1.02852 -0.211977 -0.209035 0.577047 0.882701 -0.610542 0.165494 1.25572 0.504361 -0.358626 -0.329321 -0.00381663 -1.04066 -1.46912 -0.742903 0.943008 0.247798 0.519355 
0.764143 1.0056 -0.782633 0.0635527 -0.279579 -1.217 -1.41688 -1.81148 -1.39196 -0.514026 -1.48858 -0.725411 -0.262874 -0.292057 -0.354741 0.449048 0.235483 -0.998469 -0.842922 0.0738926 -1.02393 -0.593574 -0.279503 0.542495 1.16802 0.588214 -0.495551 -0.209092 0.467739 0.242122 -0.0725012 -0.759261 -0.25488 -0.0317901 -0.522139 0.308097 1.43496 1.68356 0.860278 
0.754093 0.962057 -0.810904 0.502997 -0.842493 -1.405 -1.2546 -1.95485 -1.41778 -0.652326 -0.335412 -0.440179 -0.342096 -0.00467356 -0.256548 -0.108721 0.915104 -0.258314 -0.348867 -0.062433 0.936276 0.410268 0.565642 2.02234 1.39707 0.204393 -0.158017 -0.0598472 0.0512085 -0.600625 0.445773 -0.580219 -0.292432 -0.366095 0.601357 -0.387547 0.716457 1.91458 0.518525 
0.740493 0.88479 -0.843821 0.580733 -0.44827 -1.34513 -1.43405 -1.1928 -0.927731 0.0551577 0.708055 0.656521 -0.0496516 0.0458539 0.310079 -0.355501 -1.09778 1.57234 0.0512991 -0.450262 0.602262 1.27216 -0.226126 0.364567 1.07315 0.0746508 0.303341 -0.0176322 -0.46622 -0.991461 0.21132 0.0775394 0.441095 0.201835 0.638333 0.453109 1.30613 -0.373957 -0.52406 
0.747786 1.15944 -0.957197 -0.197724 0.213921 -1.37181 -1.49243 -1.55027 -0.0424901 -0.858728 0.0571914 0.606997 -0.258824 0.4166 0.264182 -0.615211 -2.33826 0.526161 0.4341 0.592196 -0.738207 0.311 -0.0328518 -0.371528 -1.80133 -0.835721 0.14386 0.514679 -0.328573 -1.96576 1.25413 0.615717 0.954528 -0.117061 0.55566 0.509568 1.62367 -0.126684 -0.0286611 
0.861442 1.0564 -1.07968 -0.870538 -0.091978 -1.15761 -1.07877 -1.64742 -0.568431 0.0380792 0.299624 -1.26691 -0.878211 0.138572 0.356999 -0.150964 -1.7235 0.0566536 0.751378 1.61427 -0.75218 -0.646322 0.828658 1.68676 -1.19157 -0.0910253 0.111567 -0.0786677 0.272038 -2.84761 0.328306 1.43766 1.68129 -0.860225 -0.108964 -0.148762 0.160491 -1.28969 0.0583628 
0.773303 1.38318 -1.03295 -1.27704 0.256011 -1.05638 -0.555643 -2.01385 -0.695124 -0.0319052 1.88863 -0.686287 -0.341493 -0.278241 -0.33216 1.05764 -1.74848 -0.105616 1.46431 1.46959 -0.222664 -0.452328 -0.177819 0.577352 0.338537 0.927373 -0.227277 -0.389732 1.10765 -1.39029 -0.885482 1.24379 3.20898 -0.552203 -1.11115 -0.49864 0.980188 -0.481335 0.595587 
0.74389 0.893132 -0.738628 -1.96497 -0.158481 -0.554766 -0.224307 -1.77159 -1.016 -0.121004 0.923785 -0.978913 0.0591502 -0.483575 -0.810332 1.91357 -0.271972 -1.22043 0.888584 2.33469 0.127427 -0.651813 -1.47151 -0.447053 0.663193 0.84955 -0.50703 -0.622308 1.45575 -0.416404 -1.03624 1.52086 2.61979 0.177864 -0.588142 -0.716383 0.306055 1.41711 -0.065399 
0.585272 0.951385 -0.396721 -1.4781 -0.556545 -0.685634 0.791021 -1.91362 -1.35356 -1.45824 1.39801 -0.0627768 0.517921 -0.46583 -0.409295 1.25492 1.15054 -1.25494 0.54502 1.75154 0.394575 -0.242111 -0.734005 -0.187929 1.32758 -0.989351 -0.466483 -0.654318 1.06365 0.0459596 -1.87033 1.95606 1.91301 1.1187 -0.382987 -0.122679 -1.16629 0.465505 -0.12728 
0.56195 0.686544 -0.329541 -1.30533 -0.994132 -0.322528 0.790575 -1.50013 -1.24137 -0.824905 0.715151 0.331201 -0.923285 -0.202656 0.0292219 -0.220485 0.337524 -1.22885 1.7009 0.0133478 1.07114 0.194183 1.29306 -1.02059 -0.09708 -0.988342 -0.623485 0.0114412 -0.010685 1.27399 -0.476473 1.27 0.478666 1.72402 -1.2264 -1.05237 -0.76325 1.06774 -0.438839 
0.493664 0.991053 -0.496452 -1.31038 -1.37473 0.012589 0.816962 -1.20849 -1.11774 -0.176506 0.283258 -0.224965 -0.463505 -0.444365 0.452946 -1.25916 0.67724 0.62503 1.12988 -1.17536 1.46453 -1.18906 -0.592852 -0.771357 -0.0653219 0.463809 -0.53689 -0.129211 -0.613282 0.706116 -1.33647 0.906249 -0.787104 2.04431 0.213352 0.394381 -0.998606 0.660594 -0.688699 
0.387377 0.964162 -0.787476 -0.932074 -0.571675 0.145491 0.140201 -0.542849 -2.4677 -1.39054 -0.128383 0.201833 -0.450231 -0.58401 -0.159814 -0.735788 0.675356 -0.5236 -0.510913 -1.00079 1.13747 0.0365343 -0.832816 -0.23555 0.888704 0.152642 -0.851676 0.433586 -0.430126 1.83633 0.0402929 0.980419 -0.461384 1.19 0.562278 0.0252608 -0.743263 0.256616 1.83857 
0.271159 0.924565 -0.773893 -0.938263 -1.72096 -0.180867 0.265911 -0.460852 -1.04857 -0.977199 0.0228013 0.631598 -0.302116 -0.791344 0.11367 0.592255 1.9575 -0.58042 0.158983 0.590287 -0.188151 1.82253 0.597143 -0.16272 0.38997 1.83767 -0.998721 -0.15246 -0.915552 0.759874 0.44064 -0.333542 -1.07651 1.18618 0.619834 -0.0733275 0.0434219 0.318394 1.95828 
0.0937048 1.05125 -0.606921 0.215808 -0.955925 0.2221 0.49439 -0.644898 -0.510634 -0.790498 -0.309585 0.542984 1.39889 -0.861459 0.00042012 -0.698036 0.414665 1.09077 0.0481358 -0.344159 0.134734 0.66338 0.715326 0.293715 -0.492643 2.29744 -0.965429 0.115969 0.288387 1.33965 -1.40764 -0.373839 0.617941 -0.559427 1.84121 0.6309 -0.142483 -0.172136 0.722485 
-0.0465797 0.948059 -1.03831 -0.723874 -0.986818 -0.148946 0.0884494 -0.355939 -0.316783 -0.261391 0.338303 0.0606181 2.00751 -0.606633 0.0594723 -0.123993 -0.0354986 -1.26492 -0.675481 0.157936 -0.444484 0.287206 0.155264 -0.0135956 -0.560934 -0.921626 -0.577286 0.0834578 -0.251887 1.33551 1.17913 1.28725 0.387035 -0.345548 2.13421 -0.0198229 -1.2155 -0.518779 0.662843 
-0.136566 1.10791 -0.673375 0.157824 -1.79825 -0.0377003 0.602594 -0.911251 -0.176484 -0.623306 -0.328506 -0.0985709 0.484289 0.0171676 0.132447 0.312727 1.5014 0.44033 1.64976 0.807141 -0.533981 1.78457 -0.766725 -1.82343 -0.0790196 -1.45543 -0.498228 0.151896 -0.422209 0.143277 -0.550055 0.492481 1.28238 0.753573 1.0639 -0.343789 -0.534342 -0.110287 -0.447699 
-0.0627337 1.0457 -0.95416 0.148048 -0.687965 0.528663 0.566018 -0.679657 1.60015 -0.997343 -1.65012 -0.0829056 0.558249 -0.124881 0.158178 -0.530406 0.240701 0.538963 1.31387 1.41107 1.24462 0.92529 -0.60684 -0.656971 0.461465 0.385087 -0.458181 0.479981 0.615948 1.36411 0.918821 1.2942 1.15273 -0.29813 0.511924 0.181889 -0.370702 -0.949495 -2.11575 
-0.201478 1.22 -0.879987 0.266956 -1.43339 0.504496 1.42377 -0.0949291 0.83215 -1.20264 -1.04756 0.316465 0.878495 -0.691555 0.491645 0.673044 0.455707 0.750997 0.0573936 0.601709 0.186478 -1.20921 0.964491 1.35926 -0.990526 -1.15171 -0.664796 0.0832514 -0.225309 0.225648 1.74583 0.437801 0.295267 1.29209 0.104563 0.272587 -0.339538 -0.235407 0.457386 
-0.322153 1.34505 -0.745743 0.387269 -0.181209 0.564316 0.926706 -0.541579 0.352512 -0.0374622 -0.175066 -1.16842 -0.586809 -0.844243 -0.0255663 0.187086 0.0827038 1.73183 -0.748375 -1.06145 0.143151 -0.820147 0.916641 0.232111 -0.705566 0.201885 -0.864902 0.364205 0.359055 0.171438 -0.226164 -0.68874 0.0458683 0.426772 -1.04387 0.578071 1.87512 -0.0971743 -0.542544 
-0.513307 1.2289 -0.839161 0.280491 -0.270246 0.215308 0.838204 0.0153782 -0.00422524 -0.289633 -0.799099 -0.474558 1.08921 -0.563021 -0.0109799 -0.0931346 -0.210093 -1.05419 -0.993685 -0.560172 0.257046 -0.0112734 -0.277341 1.00921 0.906214 0.49744 -0.920119 -0.70059 -0.593627 -1.01341 1.15755 -0.360612 -0.73162 0.566318 -0.38434 1.17835 1.70351 -0.331126 0.501258 
-0.537455 1.36214 -0.801556 0.223647 -0.882511 0.176233 0.626343 -0.358268 0.371155 -0.294033 0.919054 -0.29376 -0.0800691 -0.4891 -0.812868 -1.11231 -1.53735 -0.228897 0.24951 0.142547 0.452648 0.360955 0.511999 1.91992 0.350819 0.439546 -0.920248 -0.694045 -0.318893 -0.524311 0.700506 -0.0869255 0.124982 1.91532 0.565464 0.557586 -0.193582 0.281272 0.908078 
-0.703235 0.795676 -1.24645 -0.686189 -0.419251 0.328412 0.937652 0.324065 0.40788 0.227003 1.28608 -0.173869 1.53796 -0.770506 -0.819345 -0.398037 -0.542696 1.96055 0.859671 0.699439 1.81081 0.648429 0.939187 -1.24998 -0.553064 0.648989 -0.562613 -0.345739 -0.116605 -1.31318 -0.0567637 0.495105 0.358641 -0.507781 -0.590568 0.38341 1.22802 0.304958 0.699803 
-0.823974 0.925279 -0.962518 -0.141218 0.4337 0.535321 1.04263 0.820972 1.08713 0.64106 -0.445326 -0.927181 0.578462 -0.33426 0.414034 0.940727 -0.347469 0.146823 0.392381 0.285361 -1.02893 -1.05819 -0.0653033 -0.367629 0.0297106 0.448344 -0.751408 -0.753124 -0.323439 -1.67836 0.800536 -0.183967 -0.162381 0.373842 -0.08449 0.9961 -0.685399 0.0955137 2.21264 
-0.840015 1.05144 -0.945719 -0.93293 -0.316818 0.499114 1.11835 -0.3169 -0.680122 0.178136 0.881887 -0.205026 1.99552 -0.322171 -0.0841689 -0.100317 -1.86616 -0.92362 -1.12305 -0.915155 -1.42505 -0.761507 0.264333 0.388885 0.691488 2.11683 -0.605164 0.105891 1.09044 -0.081225 0.192924 -0.00612518 -0.812265 0.738045 -0.456816 -0.237948 -0.182303 0.20069 -0.432997 
-0.956605 0.901271 -1.02081 -1.30684 -0.180225 0.0950846 0.540305 -0.0738993 0.312743 0.915093 -0.0262587 -0.27443 2.70719 -0.549799 -0.253375 0.794692 0.23051 0.0970123 -0.41868 -1.30388 1.81212 0.515345 -0.255533 0.141089 0.230291 -0.966633 -0.659545 -0.328103 0.563657 -0.891544 0.122983 -0.176031 -1.35613 -1.34029 -0.737145 -0.72592 1.95055 0.726405 0.348233 
-1.05078 0.932413 -0.695351 -0.829965 -0.24772 0.342841 0.394859 0.863173 -0.10482 -0.0570724 1.0313 -0.0288951 1.03584 -0.639462 -0.292817 1.00347 0.586386 1.07616 0.870251 -0.775215 -0.059682 -0.104923 -1.18794 2.07473 0.176209 -1.66536 -0.773624 -0.400572 0.861197 -0.115567 0.883132 0.206602 0.0581873 1.2859 0.858926 -0.255194 0.443508 0.305905 -1.20019 
-1.19814 0.760093 -0.698437 -0.988555 0.544138 0.458437 0.117595 -0.093603 0.232394 -0.233463 2.22739 -0.154189 1.04767 -0.574568 -0.213387 0.578545 -0.396749 1.04773 0.675967 1.36064 -0.431101 0.460551 -0.0866074 0.421703 0.151333 -0.503996 -0.622813 -0.344889 1.00365 -0.857931 0.852702 0.892008 -0.0579214 1.63161 -0.463954 -0.469986 0.316209 -0.956653 -1.91262 
-1.27004 0.83584 -0.519524 -1.10652 0.457616 0.627869 1.18734 0.605399 0.412563 -0.126808 1.48608 0.0656372 0.53954 -0.269773 -0.104963 0.594816 -1.81792 0.0288618 0.300749 0.688538 1.81794 -0.446166 0.580475 -1.67251 -1.25403 -0.689635 -0.5955 -0.661428 0.490274 -1.26517 0.921721 1.06234 1.15788 1.78859 2.0766 0.512107 -0.982806 -0.926921 -0.394291 
-1.31279 0.724408 -0.516999 -2.125 0.567629 0.592198 0.527685 1.09021 -0.208667 0.350249 0.403205 -1.51202 0.365428 -0.295705 -0.576531 0.208675 -1.41918 0.147382 0.7221 0.0545739 2.36066 1.92089 0.692275 -1.65791 -1.19478 0.033754 -0.37941 -0.0459932 1.22369 -1.50596 0.262067 1.1699 1.13183 2.29342 -0.137562 -0.00752235 -1.45091 -0.375133 0.122763 
-1.39359 0.535338 -0.471253 -2.00171 0.560423 0.931496 1.23673 2.13708 2.47359 0.56642 -0.322226 -1.23096 0.58185 -0.292248 0.0774629 1.35112 -0.343535 0.305224 1.24071 0.694499 0.662503 0.271828 -0.616679 -0.154123 0.848414 0.861227 -0.324145 -0.116081 0.876028 -0.558772 0.775243 1.51608 0.0123316 0.641451 -0.0120613 0.810771 -0.587234 -0.373897 0.789602 
-1.43515 0.791167 -0.0747376 -2.36936 0.776067 1.1049 0.941165 1.53341 0.109227 -0.238724 0.231359 -0.697093 1.23654 -0.18748 0.462205 1.18799 0.616942 0.856538 1.28086 -0.0544659 -1.68288 -1.95036 0.282317 0.920635 0.790596 0.965608 -0.493144 -0.383692 1.08477 0.146835 0.133549 1.53727 2.06736 0.984785 1.71596 1.54029 0.567257 0.558707 -0.134428 
-1.47999 0.818155 -0.0852485 -1.66493 1.13781 1.46038 1.22409 1.07695 0.442524 0.858069 0.675504 -0.475791 1.55751 -0.432014 -0.523314 0.375339 0.553844 -0.138889 0.79049 1.8442 0.389935 1.69333 2.49241 0.872999 -0.174565 -1.00889 -0.418403 -0.389857 1.11173 0.615332 0.558786 1.54919 1.52264 -0.507147 0.172114 1.13058 0.368241 -0.600586 0.366311 
-1.60548 0.520549 0.0310104 -2.07076 0.687296 1.4361 2.00877 1.8019 1.92971 2.21785 1.17725 -0.939358 0.234529 -0.430164 -0.915693 0.581053 0.265662 -0.135153 0.766232 1.92027 1.10729 2.13348 1.08733 -0.452777 -1.45682 -0.49169 -0.46824 -0.708123 0.653154 1.37095 0.176731 0.0723533 -0.0208961 -0.778581 0.486984 0.997898 -0.272798 -0.505558 -0.344608 
-1.64969 0.32719 0.091443 -1.5407 1.05154 1.7818 2.33497 1.80524 2.72827 1.93827 0.178655 -2.0432 1.07353 -0.256723 -0.324451 0.669214 1.41307 0.361588 -0.712169 -1.88514 -1.26172 -1.14676 -1.28667 -1.21368 -0.381815 0.600324 -0.71703 -1.30459 0.950472 0.970404 0.533176 0.34417 0.561544 0.620168 1.0605 0.160308 -1.08059 -1.65911 -1.26949 
-1.71565 0.361607 0.238106 -1.25228 0.933454 1.16151 0.954567 1.01172 0.748092 0.972577 -0.147631 -1.3958 0.844318 -0.613472 -0.670999 0.933229 1.12647 0.823109 -0.325553 -1.24171 -0.452731 -0.924909 -0.916217 -0.906765 -0.432992 -1.06496 -0.496004 -0.961181 1.27825 1.85948 0.271554 -0.472751 -1.48609 -0.893176 -0.26637 -0.949345 -1.28019 -0.506684 1.13684 