-0.925462 -0.37647 0.858074 0.152418 1.0016 0.824613 1.20103 1.60277 1.14232 0.49949 0.81827 0.132504 0.566463 -0.197398 0.348855 -1.32926 -1.78263 -1.27861 -0.204723 -0.741047 -1.46643 -0.572428 -0.0805861 0.726911 1.27735 -0.241546 0.186784 -0.736354 -0.0185187 0.747475 -0.537164 -0.39545 0.695797 -0.257207 -0.698325 -0.632881 -0.196796 0.118105 -1.49798 
-0.915273 -0.305569 0.533099 -0.683838 0.567654 0.876603 1.09482 0.402579 0.33854 0.827139 0.95939 1.04023 0.278605 1.00457 -1.04221 0.0769304 0.94987 -0.501978 -0.638655 0.234384 -1.49734 -1.13552 0.0170708 0.000960437 0.380128 -2.2976 2.13938 -2.31898 -0.559814 -0.134274 -0.69644 -0.629531 0.00798145 0.200278 0.0036576 -0.356294 0.71399 0.0277066 -0.819882 
-0.675321 -0.888517 0.887709 0.804041 0.755251 0.524248 1.30695 0.543519 -0.0296286 0.512454 0.831572 0.555855 -1.43492 3.64868 -3.65027 0.451356 1.64544 0.131547 -0.64805 0.775476 1.73801 0.579782 -0.367254 0.177635 -1.27276 -0.880356 1.57261 -1.2706 0.0376986 -0.456806 -0.449473 -0.136826 -0.0325639 -0.570383 -0.224177 0.466544 0.133516 0.108249 -0.331832 
0.0598272 -2.11411 0.728835 0.454785 0.618709 0.571726 1.4455 1.60421 0.978434 0.45626 1.09356 -0.378673 -0.487234 1.53028 -0.771951 -0.00640038 -1.49937 -0.233728 0.45764 -0.25598 0.810598 0.873574 0.58243 0.160252 -0.27928 1.83928 0.529927 -0.932133 0.671977 0.82831 0.308182 -0.696964 -0.384966 1.13522 -0.12428 0.113671 0.606764 -0.0687459 -0.296905 
-0.281042 -1.26622 0.880376 -0.259166 0.634831 0.750413 1.19106 1.09706 0.920595 1.09007 0.953846 0.244255 0.170197 -2.79979 2.31628 0.625965 -0.552121 0.394735 -0.296661 -1.28402 -0.303827 -0.723648 0.517604 0.589602 1.16207 0.469518 -0.240953 0.653282 0.253335 -0.494098 0.705821 0.958727 0.802439 1.12578 0.249239 0.141589 0.51914 -0.537227 1.27669 
-0.733106 -0.956625 1.00203 0.0547934 0.793316 0.435614 0.864585 1.37899 0.241534 0.969129 1.50955 0.916203 -0.0762618 -1.92786 1.68707 0.41921 0.902198 1.42234 0.855028 1.38818 0.611847 -0.575948 -0.396545 0.494777 -0.391328 -0.110588 -2.18461 1.87943 0.138377 -0.611647 1.18371 0.0434015 0.013852 -0.177448 0.551311 0.869879 0.767645 0.758658 0.892456 
-0.83491 -0.421519 1.06185 0.359079 1.29184 1.16744 1.8189 1.51172 0.339708 0.689934 1.30497 -0.192229 0.0754355 -0.740583 0.338293 -0.395628 -0.195322 1.58987 0.361369 1.32656 0.105699 1.37832 0.595279 0.383654 -0.28387 0.736754 -1.35942 0.751821 -0.652927 0.622824 1.06234 0.0976851 -0.128574 0.68452 0.823207 -0.0723367 0.0729383 -0.43905 0.206848 
-0.961449 -0.782414 0.822029 -0.0953866 1.52897 0.615542 1.46455 1.43995 1.72491 1.55957 1.78466 0.599487 0.567685 -0.278226 -0.632159 -1.44491 -0.0715608 0.360101 -0.71631 -1.54245 0.261892 1.552 0.310137 -0.411138 -0.161942 0.384677 -0.254317 0.691291 -0.264688 0.482917 0.396667 0.0207901 0.074514 0.190655 0.490471 -0.144172 -0.43174 -0.181255 0.384011 
-0.936485 -0.729729 0.41637 0.29555 1.45018 0.829774 1.12108 1.68183 2.00654 0.995596 1.03635 -0.373048 0.412443 0.321396 0.630746 -0.0138202 0.847109 -0.916203 -0.32749 -1.2002 0.153914 -0.79556 -0.773121 -0.946288 0.0387098 -0.221788 -0.0393732 0.2179 -0.370306 -0.191862 0.0354844 -0.400376 -1.68703 0.804679 0.424431 -0.46224 -0.350402 1.5711 0.825699 
-0.898619 -0.462822 0.811405 0.484288 1.08817 0.464624 0.921544 1.5346 0.912052 0.783338 1.14994 0.642307 0.375981 0.20659 0.929632 0.867815 -0.139252 -0.288037 0.175968 -0.765274 0.761266 -1.04729 -0.892831 -0.0473383 2.01115 0.73083 0.271014 0.957134 0.279089 0.552211 -0.338658 1.3383 -1.5765 -0.270483 -1.41415 -1.29736 -0.891973 0.694068 -0.256363 
-0.905133 -0.261558 0.796854 0.184628 1.30427 0.920658 0.774812 2.2009 0.927775 0.0998008 1.01661 1.86818 1.05123 0.108847 0.715425 0.46751 -0.10674 0.365076 2.15767 -0.954803 -0.467732 -0.872906 -0.872549 -0.205705 0.762293 -0.133927 0.379054 1.04417 1.14562 -0.0256247 -0.500327 -0.315927 -1.07223 -2.45833 -2.97841 -1.42637 -1.96275 -0.909941 -0.70566 
-0.894066 -0.101135 1.01431 0.396128 1.24885 1.50728 0.489544 1.19485 0.0174932 -0.0922005 1.02186 1.49161 0.260874 0.398347 0.540014 0.961322 0.140948 -0.532373 -0.601172 -0.692928 -3.79569 -2.4701 -0.917051 -2.47586 -3.12722 -1.69743 0.609351 0.316927 1.74636 -0.738007 0.412103 -0.905012 -1.06152 -2.57056 -2.00724 -1.76113 -1.80395 -1.64099 -1.10059 
-0.821205 0.0129306 1.21882 0.269886 1.04365 0.638295 0.46127 -0.464438 -1.65388 -0.820184 -0.664498 -1.61762 -0.426933 0.868466 -0.277469 2.31518 -0.802234 0.334302 -3.38604 -0.488594 -2.70626 -1.49659 -1.36343 -2.11413 -2.75208 -1.36964 0.688327 0.168153 1.80802 -0.476736 0.161738 -1.08111 -0.870049 -2.8446 -2.30388 -1.45165 -1.62621 -1.9017 -1.6882 
-0.681242 -0.233025 2.03687 -0.178979 1.39509 -0.112599 0.268431 -0.709197 -1.53585 -1.458 -0.411794 -1.57609 -0.931524 0.706668 -0.313114 1.91924 -0.715927 0.81473 -0.867287 -0.485897 0.28093 -0.250015 -0.925006 0.383621 0.825833 -0.605082 0.68924 0.0370259 1.26334 -1.12563 -0.00543541 -2.2632 -0.327394 -1.37571 -1.15564 -1.19793 -2.43519 -1.78247 -0.353412 
-0.652742 -0.136679 2.06573 -0.244794 1.41542 0.228123 0.241377 -0.281025 -1.89049 -1.74811 -0.389414 -0.697506 -0.952791 0.238023 0.318349 -0.29919 -0.602256 -0.330397 0.305915 0.0596041 1.01808 0.133673 -0.155683 -1.01405 0.593191 0.881977 0.529621 -0.670664 0.967669 -0.766421 0.651955 -0.569498 -0.38137 -0.299878 0.224226 0.109115 -0.0331038 0.0779185 -0.487791 
-0.641271 -0.0687285 1.89965 -0.614073 1.22929 0.0406951 0.295292 -0.0106618 -1.36718 -1.61757 -1.09287 -0.915268 -0.160973 0.141727 -0.649954 -0.372563 -0.229369 0.284156 0.0963634 -0.0176754 -0.631302 0.518077 1.06956 -0.435776 -0.761235 -0.0652936 0.534502 -0.965433 0.0615357 -0.735772 -0.24684 0.546994 0.359599 1.33558 1.1798 0.330299 -1.36476 1.477 0.0123207 
-0.639174 -0.453734 1.89596 -0.418812 1.53812 0.280773 0.233281 -0.735083 -1.31577 -0.683985 -0.674888 -1.54628 -1.00806 0.618266 -1.69958 0.407557 -0.30386 -0.0677934 0.445394 0.460687 0.665259 1.26386 0.581766 -0.743368 1.14355 -0.872377 0.843244 -2.12073 0.114869 -0.530176 -0.477569 0.281667 -0.540874 -1.02655 1.16339 0.745552 0.0172561 -0.388894 -0.252167 
-0.497046 -0.907565 2.07595 -0.840245 1.18676 0.260979 0.503581 0.44132 -0.00470049 -1.04062 -1.58877 0.358964 -0.919857 1.21378 -2.37022 0.565585 -0.413925 -1.06666 0.293197 -0.706299 -0.62269 0.860057 -0.114923 0.44811 0.267911 -0.284716 1.46587 -3.07405 0.50038 0.857634 -0.327479 -0.0846874 -0.299383 -0.736376 0.281458 0.211831 0.942826 1.26748 -0.504582 
-0.331672 -1.62595 2.14237 -0.722046 1.02669 0.42796 -0.086309 -1.18312 -0.379826 -0.80285 -0.355687 -1.248 -1.25463 1.74399 -2.673 0.397389 1.43467 -0.464712 -0.555324 -0.850971 -1.55842 -0.92815 -0.306474 1.94095 0.342777 0.179172 1.55494 -2.50168 0.769955 0.517851 -1.04153 -0.826013 -0.346755 1.03729 0.679663 -0.647391 -0.302444 1.43323 -0.0734825 
-0.0441712 -2.23029 2.24775 0.150805 0.957909 0.000636128 0.118549 -0.660609 -0.957613 -1.3508 -0.248304 0.740687 -0.762006 1.29251 -1.19037 0.667257 1.11037 -0.65521 -1.41386 0.250556 1.9351 -0.053675 -0.703439 -0.845173 1.41652 0.177654 2.37097 -2.0285 -0.471182 0.75539 -0.688419 -1.17259 -1.32326 -0.0257469 0.256357 -0.749257 0.875644 0.00112751 0.726559 
-0.00258448 -2.21166 2.43389 0.0419505 0.708405 -0.244719 0.026928 0.156231 -0.409043 -1.50949 -0.921233 0.330483 -1.0981 2.08176 -0.216342 -1.13461 -0.434564 -0.668994 -1.03786 -0.954097 1.54893 1.23419 -0.641547 -0.829399 -0.369958 0.801538 2.61763 0.154272 -2.23528 -0.512414 -0.985209 -2.09146 -0.570602 1.67481 0.741136 -1.98394 -0.0676954 1.25076 1.00031 
0.501313 -2.3318 1.73992 -0.166879 0.633157 -0.491459 -0.313131 0.408887 0.373524 -1.99562 -0.803058 0.32802 -0.0615813 2.93207 1.39758 -4.20462 -1.73096 -0.972843 -1.43212 -1.01561 0.170077 0.932717 -1.81614 0.748721 0.0498239 1.17526 1.86716 1.87284 -3.14073 -0.237765 -0.853997 -2.96186 -2.16339 0.626263 0.106393 0.00249191 -1.15132 -0.650931 0.549134 
0.776038 -1.51086 0.56415 -1.1834 0.241013 -0.926172 -0.432576 0.262179 0.603652 -3.32743 -0.396382 0.38569 -0.0718683 0.929363 2.86155 -3.83999 0.165072 -0.740506 -2.99482 -2.01185 -0.747638 -1.10541 0.650384 -0.654711 -0.436545 -0.0620619 2.25723 2.18614 -4.18692 1.81721 -0.832883 -2.37395 -2.07577 0.351541 0.574739 0.839312 1.20662 0.400944 1.10105 
0.730834 -0.90325 0.0319439 -0.0647306 0.274834 -1.92345 -1.22328 -0.126466 -0.766621 -1.35014 -1.23831 -0.158863 -0.114037 0.709761 1.69209 -2.43059 4.08843 -0.401488 -1.799 -1.82927 0.289599 -0.250354 2.89011 0.786673 0.400845 0.314619 1.72173 1.59546 -3.38491 2.32422 -1.61556 -1.91554 -1.19535 0.919959 -0.436777 0.96077 0.192574 0.499555 -0.430381 
0.945349 -0.663666 -0.518596 1.66567 0.0418395 -1.78383 -1.26014 0.45165 0.366685 -0.445035 0.154433 0.832132 0.204064 1.8466 -0.609833 -1.52219 2.84053 -1.93749 0.38869 0.383535 1.91415 0.592173 0.578189 0.89155 1.00507 -0.530256 1.47813 0.0264411 -1.69454 3.97545 -2.16927 -1.41665 -1.44878 0.725618 -1.34359 1.44175 -0.908713 -0.325767 -0.468043 
1.21184 -1.20036 -0.647818 1.91063 -0.645406 -1.7304 -1.04989 1.19824 -0.113638 -0.776767 -0.615745 0.96103 -0.574662 1.67232 -1.66622 -0.248454 1.02802 -3.19879 -0.126939 -0.149244 0.635246 -1.33471 -1.04933 -1.9601 -0.818721 -0.958144 1.86561 -0.762826 -0.608673 2.92645 -2.41462 0.877886 0.158896 1.46807 -0.163178 0.90027 0.406761 0.800267 -0.47965 
1.37857 -1.48592 -0.633308 2.37201 -1.4705 -1.83842 -1.32775 0.882659 -1.01567 -1.49713 -1.17385 -0.0807098 -0.629591 1.16201 -0.483979 0.566731 0.934927 -2.07145 0.813759 -0.140574 -0.0660559 -0.782016 0.573377 -0.380431 -0.0771435 -0.12905 1.33212 -1.11478 -0.130052 1.03133 -2.58529 0.552874 -0.186651 0.538818 -0.772526 0.698742 -0.859208 0.0111065 -1.0273 
1.50515 -1.43491 -0.4009 2.55179 -1.62853 -1.33319 -1.11358 1.13918 -0.912191 -0.208196 -0.863356 0.874723 -0.685518 0.473669 0.0731275 0.0527137 0.32483 -1.09444 0.886265 -0.0852678 0.0573107 0.424628 1.94438 0.850068 0.803467 -0.445776 0.688413 -0.295377 -0.110646 0.389667 -2.04395 0.136029 -0.303614 -0.953627 -0.586358 0.838955 -0.367741 -0.374744 -0.742498 
1.48315 -1.44352 -0.614417 2.58601 -1.99498 -1.4064 -1.36642 0.909805 -0.539665 0.440722 -0.579663 0.814481 -1.01657 -0.0568535 0.0533023 -0.731668 -0.402344 -1.3201 -0.622763 -0.255556 -1.09726 0.0919803 0.500145 -0.100249 -0.399269 -0.887636 0.215816 0.565623 -0.421774 -0.658184 -0.711381 0.526668 0.205154 -0.770638 0.173896 1.6644 0.966471 -0.216011 -0.616047 
1.46427 -1.40237 -0.729973 2.25667 -2.25894 -1.62593 -1.22928 0.359512 -0.787554 0.287234 -0.919293 0.429387 -1.4577 -0.132679 0.717635 -0.711505 -1.13176 -0.0775139 -0.162669 0.392149 -0.993077 -0.216055 0.179801 0.377798 -1.09017 -0.398981 -0.0998163 0.255161 -0.815396 -1.1537 -0.365548 -0.207981 0.549411 -0.344694 0.0209306 1.75171 1.05045 -0.0177905 -0.688324 
1.42149 -1.08074 -0.934546 1.78019 -2.04206 -1.47816 -1.18913 0.202939 -0.740401 0.616211 -0.308563 -0.400904 -1.36275 -0.112515 0.29703 -0.55192 -1.03803 0.724186 0.344734 1.03813 0.691158 -0.0642101 1.73517 1.43566 0.349478 -0.0553931 0.0636022 0.836029 -0.348298 -1.47735 0.787023 0.382243 1.16485 -0.265804 -0.749766 -0.158531 -0.152656 -0.0996793 -0.203797 
1.40813 -1.24867 -0.979308 1.51647 -1.92967 -1.45399 -0.759789 0.829592 -0.827899 2.01613 0.0754985 0.818578 -1.50435 0.227549 0.456733 0.169341 -0.722345 1.40138 0.689355 1.24082 0.685077 -0.667126 -0.37592 -0.583048 0.942504 0.114738 -0.00147127 1.48308 -0.475315 -1.07417 1.23161 0.365727 0.630207 0.326916 0.0247308 -0.861647 0.0646631 -0.0524531 -0.460716 
1.45858 -0.84765 -0.863917 1.26102 -1.3949 -1.1407 -0.627952 0.66877 -1.4176 0.236677 -0.694787 0.649252 -1.26107 0.102165 1.79526 -0.191857 -0.300683 1.34021 0.159435 -0.143913 -0.262105 0.096472 -2.82624 -1.36262 -0.440697 -0.578169 -0.0802134 0.94837 -0.110093 -1.03015 1.69994 0.404649 0.438264 1.06269 -0.614249 -0.881114 -1.23179 1.08927 -0.206232 
1.41085 -0.350189 -1.06891 1.29252 -1.31122 -1.37104 -0.824988 0.633531 -0.698518 -0.810641 -0.844035 0.327068 -2.00674 -0.365221 0.877005 -0.333401 -0.560083 1.44309 -0.132121 -0.611835 0.658922 -0.0558764 -0.739934 -1.00411 0.330829 -0.402292 -0.182935 1.50176 -0.0562276 -0.366748 1.48674 0.262659 -1.33966 0.912719 -0.462112 -2.90929 -2.52892 -0.551601 -0.0775138 
1.33316 -0.405641 -1.01631 0.855449 -0.728149 -1.19779 -0.904812 1.11632 -1.44914 -0.506413 -1.36906 1.01766 -1.61014 -0.405932 0.323528 0.113298 -0.133694 1.14913 0.20421 -1.68382 1.41961 -0.639651 -0.871158 -1.88559 -0.24709 0.465626 -0.430775 0.895726 -0.203054 -0.737204 1.23048 -0.491104 -1.94164 0.885834 0.476178 -1.69851 -1.47804 -0.410925 0.810072 
1.27426 -0.183318 -1.02315 1.18549 -0.782469 -1.2666 -1.58675 1.61266 -1.34669 -1.68479 -2.12134 0.0513458 -1.59916 -0.33929 0.382051 0.0217837 -0.347864 0.61941 -0.531919 -2.04771 0.465152 0.621741 -1.41633 -0.898382 -0.850484 1.49655 -0.436686 0.848223 0.0177711 -0.38159 1.41042 0.401305 -0.481439 0.645958 1.0651 0.653378 -0.327541 0.305156 2.76278 
1.21484 -0.209677 -1.01114 0.598468 -0.44807 -1.44689 -1.83118 1.42847 -0.764925 -1.92505 -1.97101 0.0694141 -0.303803 -0.308135 0.868139 -0.0743988 -0.319656 1.21309 0.348464 1.04197 -0.593824 1.90161 1.70847 1.45639 0.583276 3.28362 -0.413315 0.866488 -0.25349 -0.477788 0.919409 0.198816 -1.7213 -0.667055 -0.0141956 0.974157 0.579089 -0.795488 2.31795 
1.16449 0.254284 -1.06064 0.948258 -0.22369 -1.09287 -1.11552 1.18479 0.689432 0.0174466 -1.11237 0.701119 1.26513 -0.336989 0.835527 -0.413458 -0.22846 0.924961 0.80852 -0.307366 -1.27211 -0.63549 2.66194 1.63018 -0.12879 1.64788 -0.427354 0.469687 -0.0387143 -0.591585 1.29813 0.829927 0.609036 -1.95183 0.816672 2.13474 1.46268 0.0237233 2.77709 
1.09715 0.211713 -1.19905 0.425086 -0.0245533 -1.0522 -1.97032 0.526614 -1.4087 0.729463 -0.843142 -0.0744557 1.13446 -0.390843 -0.213474 0.0236387 -0.402139 0.962087 0.788597 -0.177013 -1.81076 -0.933288 1.01438 0.406902 -0.583451 0.48509 -0.501326 1.04943 -0.21292 0.239586 0.396714 1.21372 0.857406 -1.82274 1.38507 1.96637 1.1526 0.0429098 1.0661 
1.03204 0.154207 -1.05465 0.653276 0.217256 -0.70775 -1.1957 -0.0934787 -0.268908 1.02647 -0.821356 0.0505012 1.68967 -0.481599 0.64158 0.08618 0.569188 -0.251215 0.851804 1.51552 -0.971953 2.27565 -0.153398 -0.163961 0.151546 -0.20552 -0.549119 0.586444 0.275808 -0.406078 0.555263 0.0374964 -0.261781 -1.93509 0.738497 0.436779 0.867447 -0.905377 -0.632676 
0.93982 0.536691 -1.16532 0.810175 -0.153183 -0.63673 -1.28488 -0.165491 1.02251 0.572172 -0.942664 0.0941277 0.95694 -0.505022 1.03377 0.424843 -0.0825143 -0.024255 -0.73194 -0.161313 -0.573011 1.80921 -0.452763 0.694157 -0.527159 -1.35246 -0.649662 0.962246 0.462487 0.070834 0.104957 -0.0565577 0.449156 -1.28525 1.59279 -0.126909 0.412445 -0.00709585 -1.08128 
0.868281 0.674148 -0.870677 0.582078 0.195171 -1.05292 -1.26876 -0.506802 1.66961 0.570185 -0.333833 -0.537376 0.512258 -0.576839 0.711844 0.658617 -0.444184 0.438996 -0.923382 -0.87148 -0.60374 -0.38996 -0.00247281 0.682361 -0.188556 -1.27179 -0.646608 1.22951 0.524101 -0.08812 0.0258878 -0.338489 -0.143052 -0.376569 0.348416 -0.558292 0.599293 -0.672734 -0.210732 
0.756372 0.896597 -0.877635 0.485755 0.0422018 -1.07384 -1.67919 -0.600288 0.638079 0.565617 -0.463211 -0.116354 -0.150153 -0.548478 0.6988 0.417755 0.00431991 0.0803337 0.275975 -0.0129543 0.127274 -1.39436 -0.252189 0.063514 -0.305402 1.05879 -0.362327 0.48827 0.593235 -0.409025 0.273062 -0.624633 -0.497311 -0.976792 -1.0126 -1.16323 0.306734 -1.63118 -0.525915 
0.692609 1.02757 -0.689847 0.571676 0.222184 -0.914003 -1.27473 -0.430765 0.224253 0.314228 -0.277738 -0.878091 1.43695 -0.0169955 -0.0308168 0.293718 -0.0442376 0.0287883 0.0772862 0.207702 -0.588381 -0.803885 -1.47247 -0.299331 -1.78951 0.549584 -0.232136 0.719296 0.156174 0.101962 0.0696155 0.0760975 -0.157109 -0.383676 -2.30132 -0.816985 -0.922937 -1.23133 0.284054 
0.726422 0.88732 -0.751831 0.441356 0.0450178 -1.03036 -1.58534 -1.02435 -0.183574 -0.909093 -0.655341 -2.1112 0.33062 0.165156 0.309967 -0.159168 0.160476 0.0485801 -0.16669 -0.180736 -0.581848 -1.32274 -0.782038 -1.25516 -1.19478 -0.679725 0.172905 0.0551446 -0.390301 -0.347538 0.183552 0.0305474 0.470976 -0.854458 -1.05043 -1.10674 -0.608497 -1.87177 0.644954 
0.712601 1.1877 -0.764951 0.670607 0.234292 -0.987692 -1.35658 -0.850264 -1.14545 -0.470914 -1.12376 -2.21008 0.846019 0.288601 0.0974005 -0.902552 -0.365582 0.289904 -0.0301042 0.466489 -0.451616 -0.434679 0.0694336 -0.489653 -0.476107 0.320173 0.429068 0.0154432 -0.714401 -0.474565 0.0521446 -0.142836 -0.172809 -0.668418 0.207266 -1.07076 -0.30348 -0.477837 -1.83769 
0.78026 0.941781 -1.15671 0.171969 0.170412 -1.03844 -1.37442 -1.35285 -0.61524 -0.843832 -0.977672 -2.64218 0.611393 0.520651 -0.299705 -0.96411 -0.73268 0.0512333 -0.02252 -0.0346494 -0.226807 1.57075 -0.575206 0.85677 0.595155 -1.82603 0.686969 0.0532329 -0.760715 -0.360125 -0.259727 0.160346 1.16087 0.583442 0.738447 0.76734 0.436741 0.762122 -1.16372 
0.830062 1.04476 -1.19714 0.144197 0.247644 -0.992139 -1.37235 -1.02166 0.541187 -1.04948 -0.52499 -1.54706 -0.744257 0.814217 -0.0335287 -0.294241 -0.0603288 -0.709558 0.254255 1.161 1.19966 1.31054 0.912935 1.03916 1.35845 -1.90957 0.857217 -0.880582 -0.790393 -1.24523 -1.28848 0.251536 1.43302 0.439548 1.35153 1.20867 1.2447 1.6998 -1.74082 
0.97821 0.931156 -1.29174 0.116305 -0.173382 -0.909962 -0.849356 -0.52742 0.796546 0.0638696 -0.254127 -1.12843 -1.05171 0.857449 -0.961159 -0.27979 -0.824696 -2.18443 0.371 2.03819 0.795921 0.0297678 2.11932 0.727384 1.40787 -0.54802 0.81474 -0.46862 0.328831 -0.900226 -1.61003 1.12636 2.60678 0.0374889 0.126164 1.67439 0.784954 2.35984 -1.54833 
1.03987 0.572998 -1.32575 -0.446637 -0.788515 -0.807586 -0.450494 -0.47837 0.600109 1.06309 -0.0147361 0.021776 -1.22037 0.4952 -0.642915 0.826886 -1.05602 -1.95922 1.28696 2.46442 -1.13051 -1.15839 1.22396 -0.0437429 1.43345 -0.20276 0.340212 -0.684187 1.04768 -1.37073 -1.81699 2.46016 3.18598 -0.315076 -1.60602 0.519012 -0.450582 1.82644 -0.375763 
1.08869 0.6176 -0.929409 -0.636488 -1.10382 -0.28549 0.265311 -1.33033 -0.399564 1.28221 -0.271407 0.468912 -1.22683 -0.315317 -0.0210941 1.95347 -0.893118 -0.829083 2.98873 2.38757 -1.16519 -1.92503 -1.45304 -1.31415 0.746513 0.0299632 -0.489596 -0.355141 1.23199 -2.17821 -2.09245 2.72485 2.26541 -0.0781085 -1.46277 0.735516 -0.980297 2.26225 -0.720122 
0.928122 0.568555 -0.463653 -1.08538 -1.18842 0.634216 0.629408 -1.30551 -1.4058 -0.392206 -0.901111 0.853488 -1.1926 -1.29482 0.127456 1.13935 -1.69404 -1.5131 2.43366 0.689293 1.05592 -0.56755 -0.282103 -1.22136 1.2418 -0.783503 -0.76889 0.391418 1.86184 -1.07564 -0.855529 2.33809 1.6879 -1.01887 -1.34101 -1.3692 -0.594384 0.311295 1.26494 
0.70839 0.687002 -0.428468 -1.83599 -1.82484 0.889718 0.577008 -0.605354 -0.97158 0.996375 -1.0943 1.85266 -1.90823 -0.935905 0.564725 1.01252 -0.447471 -0.582968 0.204572 -0.0318498 -0.0792508 0.343012 -0.284069 0.543236 -0.40299 1.68276 -1.29054 0.364262 1.02487 0.0822392 -1.04828 1.92608 0.545933 0.578891 -1.21677 -0.57288 -0.665609 0.984544 1.48908 
0.646226 0.855327 -0.0189735 -1.4121 -1.47279 0.738837 0.614901 -1.37379 -1.016 -0.680004 -0.516834 0.404005 0.27607 -0.79988 0.37765 0.498118 1.83362 -0.220003 0.197904 0.0884724 -0.313528 -0.867621 -0.441418 0.359236 -0.0936334 2.80097 -1.08424 0.212075 0.428164 0.595801 -0.682189 -0.0992963 -0.444024 -0.00986749 0.0758312 0.108707 0.0294266 0.42143 0.73004 
0.463789 0.880778 -0.211988 -0.565611 -1.93881 0.991137 0.616928 -0.83735 -1.86056 0.551427 -0.835901 1.74797 0.535282 -0.825221 -0.275516 -0.322207 1.24356 -0.540361 -0.33442 -0.558297 0.089511 -0.250351 0.428101 -0.515317 0.878143 -0.697314 -1.22552 0.379402 -0.163478 1.27025 0.396678 -0.775752 -0.500462 -0.181081 1.1558 -0.871048 1.14614 -0.11253 1.54693 
0.394677 0.724408 -0.166404 -0.554847 -1.73715 0.584591 0.362258 -1.32415 -1.25296 -0.256527 -0.856722 1.38243 -0.330195 -1.18969 0.148934 -0.746915 -0.175343 0.893688 -1.25004 -0.756605 0.110883 2.23679 -0.661623 1.09871 -0.0693876 -0.704845 -1.15321 0.214967 -0.470534 1.0893 0.419076 0.708248 0.0184035 0.467552 2.01628 -0.171954 -0.0966607 0.17163 -0.586736 
0.112311 0.960856 -0.547826 -0.701802 -1.52998 0.397138 0.274582 -0.772767 0.529616 -0.113451 -0.0716226 1.67031 -0.077548 -1.04742 0.568828 -0.413981 0.183396 1.25135 1.30558 0.607128 0.514426 2.6366 -0.641306 0.381773 -0.701544 -0.10759 -1.52396 0.219558 -0.9932 -0.673737 1.29766 -0.897535 -0.788136 0.443176 2.049 -0.528232 0.504467 -1.26956 -0.198555 
0.0822069 1.01322 -0.354546 -0.439869 -1.16042 1.21801 0.636788 -0.977565 1.55952 -0.901112 -0.582903 0.600187 -0.422342 -1.28243 0.150891 -0.818901 -0.651472 1.28072 0.0318638 -0.309034 0.462742 0.188123 -0.00506766 -0.462465 -1.47648 0.427728 -1.35193 0.477928 -0.683669 0.181581 1.63503 -0.561047 -1.02778 0.15188 1.57305 0.756832 1.97082 -1.56419 0.327884 
-0.264595 1.04191 -0.915598 -1.17135 -0.939453 0.41881 0.134692 -0.462305 0.755806 -0.122598 -0.375355 0.0243552 0.296992 -1.14654 0.0975281 -0.660517 0.0831811 1.48498 -2.06498 -2.0039 -0.303031 -0.774243 1.6103 2.13222 -1.19646 0.546244 -1.18506 0.224851 -0.0114222 -0.225828 1.22948 0.527043 0.543787 -0.739674 -0.0750456 0.891953 1.11716 -0.725595 0.84933 
-0.257442 1.06774 -0.652056 -0.395055 -0.474001 0.232603 -0.269765 -1.20223 0.769175 0.703077 0.888413 -0.733668 0.0555192 -0.641719 0.156442 0.811462 0.397239 0.780129 0.692244 1.08383 -1.36 -0.273795 1.14605 1.8833 0.58074 0.719908 -0.936577 0.836407 -0.340229 0.0241777 1.6849 -0.898892 -0.222835 -0.347378 -1.20773 1.63371 1.62773 -1.42711 0.673964 
-0.465832 1.12572 -0.560113 -0.906654 -0.583926 0.757651 0.624857 -1.42558 0.49408 1.01792 0.925671 0.671302 0.926252 -0.375819 1.07738 0.131162 -0.0178204 1.33443 0.844962 1.71939 -0.106407 -0.650246 0.474821 -0.0575681 -0.537718 0.362956 -0.597834 -0.0245083 0.396936 0.894297 1.87677 0.550201 0.483004 -1.1761 -0.795567 0.495882 1.14449 -0.0519099 -0.154538 
-0.385774 1.60936 -0.598364 -0.420958 0.141737 0.644791 0.507891 -1.28949 0.109809 1.17322 0.861674 -1.33331 0.373591 -0.332916 -0.202857 -0.170713 0.780434 2.35888 0.0634369 -0.393023 -0.0799536 -0.663522 -0.509203 -0.427474 -0.671309 -0.937176 -0.903366 0.791492 0.4147 -0.0694394 0.758809 0.130871 0.298576 0.179786 -0.0777577 0.130862 -0.733959 -1.04506 -0.229357 
-0.582401 1.03092 -0.640338 -0.373661 0.512731 0.794488 0.446975 -1.49435 -0.17931 0.505274 0.645877 -0.0772401 0.110877 -1.09284 0.0338108 0.537783 -0.0364938 -0.0575606 -0.660998 -1.28342 0.352503 0.561368 -0.302589 -0.892079 -0.739836 -0.681952 -0.557276 0.349234 0.0669964 -0.328148 0.885821 -0.416191 -0.630256 -0.278686 -0.784322 -1.17693 -0.953751 -1.87577 -1.03692 
-0.7107 1.63221 -0.364288 -0.459935 0.104018 0.333696 -0.0727576 -1.05606 0.730253 0.866921 0.26404 -2.15823 -0.219282 -0.576139 0.686643 0.287748 -1.16547 -0.870451 -0.625341 -0.454459 -0.244065 -0.260504 -0.983179 -0.80363 -1.59908 -0.479817 -0.850158 -0.648743 0.163151 -0.845959 0.00993495 -0.177602 -0.480884 -0.0385148 0.0769806 -1.03915 -0.640588 0.595823 -0.495245 
-0.765657 1.3783 -0.517182 -1.20309 0.0934064 0.500517 0.241303 -1.67781 -0.426997 -0.480755 0.108752 -1.85985 -0.305775 -0.289784 -0.965781 -0.268122 -1.01048 0.0870675 0.424387 0.642341 -0.377866 -0.467348 -1.01441 0.0620008 1.42342 0.00144311 -0.69264 -0.0397108 0.319465 -0.41699 -0.215232 -0.22663 0.539232 0.59261 -0.830388 -1.14443 -0.340255 0.184265 0.692654 
-0.815443 1.15815 -0.487725 -1.18085 0.134192 0.54389 0.217701 -1.33301 0.264079 -0.150303 0.3191 -0.572066 -0.216374 -0.551791 -0.754624 0.23003 0.666864 0.524909 0.321886 1.22296 1.00351 -0.717971 -0.467829 0.358148 1.79078 1.41443 -0.403588 -0.75183 -0.10622 -1.06876 0.113473 0.976276 0.769518 0.188226 -0.341374 -0.42523 0.0420285 0.973103 1.12017 
-0.942237 1.00921 -0.41963 -0.749609 0.329122 0.661482 0.794403 -0.989456 -1.1579 -0.952081 0.366408 0.135773 0.928964 -0.370767 -0.112432 0.11021 -0.321311 0.114898 0.912208 0.444373 0.634458 0.0668792 0.478828 -0.0179442 -0.288921 1.51443 -0.434971 -0.567946 0.0060716 -0.00537949 -0.00250984 0.338183 0.65684 1.64923 0.702822 0.762493 0.799334 0.615763 1.85435 
-0.94239 1.10831 -0.443327 -1.41924 0.177432 0.988375 0.41861 -0.902555 0.362202 0.323837 0.319469 -0.894412 1.10555 -0.159503 -0.0627253 -0.209702 -0.639287 -0.516131 0.144729 -0.291948 1.06985 1.55173 1.44403 0.655688 -1.08337 1.09968 -0.380482 -0.140507 0.543673 -0.0879217 0.50678 0.983608 0.0484292 0.705511 -0.224071 0.557001 1.86269 -0.197127 1.82656 
-1.01126 0.984072 -0.517151 -1.21063 0.0761304 0.737362 0.662242 -0.254742 0.508645 0.486045 0.827615 -1.07204 1.88931 -0.252423 -0.0985408 0.763454 0.24337 0.742178 0.434382 -0.354053 0.265383 -0.328697 0.235811 2.39348 0.024791 0.961887 -0.413714 -0.312666 0.516814 -0.164871 0.278174 0.960292 -0.412176 0.381926 1.26332 1.51595 1.44396 -0.447282 0.186831 
-1.03689 1.06536 -0.10914 -1.26227 0.515143 1.20337 0.258356 -0.730007 0.0424831 0.555266 1.96951 -0.867105 1.94576 -0.517421 -0.392478 1.04073 0.462979 0.99243 1.17007 -0.254192 -0.572393 -0.0554698 0.491201 1.18364 0.52026 -0.85281 -0.768661 -0.304821 1.1675 1.14614 0.539416 1.44178 0.803627 0.277112 0.459028 0.827466 1.78139 1.19123 0.682765 
-1.17842 0.79501 -0.0599579 -0.899902 0.53132 1.30569 0.547159 -0.667633 0.477532 0.972543 1.65 -0.492497 1.14748 -0.99843 -0.345532 1.10041 1.25625 0.169259 1.53688 1.4879 0.10174 0.874291 0.823088 -0.122059 1.3704 -0.0407214 -0.62496 -0.366752 0.961425 -0.0130863 0.736173 0.36876 -0.0188201 -0.338092 -0.345224 0.19548 1.41524 1.73405 -1.1439 
-1.33593 0.899638 0.374527 -0.396135 0.583902 1.94787 0.931297 -0.671813 0.993464 1.37323 1.89866 0.65997 1.91191 -0.501075 -0.139453 0.496031 -0.445255 0.246734 -0.661769 0.251588 0.174502 -0.349548 -0.236721 0.618901 1.5237 -0.709636 -0.929912 -0.598522 0.582979 -0.0758538 0.0711407 0.113553 1.59721 0.546008 0.867138 -0.0782302 -0.520599 1.31373 -0.297072 
-1.34109 0.731729 0.155596 -1.22507 0.636449 0.994228 0.660863 -0.558593 0.135788 0.732034 2.08604 1.20544 0.530478 -0.513156 -0.515194 -0.164356 -1.31876 -0.037805 -1.37653 0.742515 0.599758 0.153682 -0.916997 -0.554365 0.171202 -0.370344 -0.854556 -0.65365 0.333441 0.463641 -0.731348 -0.827806 0.80005 0.891489 -0.0760967 -0.360604 -0.615884 0.567904 0.491293 
-1.50192 0.649573 0.297122 -1.33289 0.555456 1.29312 1.26707 -0.265603 1.18328 0.453302 1.53206 0.850462 1.5907 -0.888665 -0.799479 0.0439311 1.0724 -1.45194 -0.461333 0.877314 0.956604 0.262634 -0.216606 -1.41734 -0.87349 1.37047 -0.767396 -1.21983 0.12544 -0.78609 0.0895753 -1.23049 0.396809 2.00629 0.653809 -0.54652 -1.45184 -1.00582 -0.406174 
-1.61004 0.340344 0.170591 -0.487659 -0.0558526 0.779028 1.05761 0.0969823 0.440684 0.511614 1.12906 0.23156 1.72689 -0.735652 -1.22693 0.374159 0.348321 0.199965 -0.295602 -0.170808 1.91762 0.62214 0.227029 -1.31457 -1.40186 -0.189061 -0.900232 -1.17646 0.179913 -0.400836 -0.359807 0.0326979 1.00617 1.33815 0.469892 0.0762308 -0.450614 -0.398417 0.45558 
-1.72891 0.0456956 0.458612 -1.10244 0.638629 1.15752 1.1897 1.06153 1.86791 0.67596 0.645391 -0.712331 1.42753 -0.57493 -0.881127 0.252336 -1.55036 0.86559 0.511447 0.536399 0.729933 0.295801 0.319301 0.83054 0.368784 -0.758193 -0.575116 -0.784428 0.547441 1.15922 0.430729 -0.224312 1.14618 1.56162 0.574748 0.68196 -0.0565049 0.00252099 -0.558309 
-1.79296 -0.0916303 0.278038 -1.58656 0.339793 1.03104 1.30015 0.594159 0.780613 0.826428 1.70989 0.642269 1.06755 -0.202249 0.102475 0.505487 1.16802 0.530437 -0.00469339 1.778 0.046798 0.0602335 0.646664 1.23245 1.37635 -0.577194 -0.464561 -0.617791 0.723201 0.248019 0.617007 0.385571 0.166564 1.38455 1.34458 0.108233 -0.468005 -0.424501 -0.341318 
-1.80965 0.102679 0.678361 -0.298079 0.87694 1.16163 1.99387 1.08133 1.95902 1.31773 1.50117 0.821373 0.925981 -0.184209 -0.00693441 0.906294 1.90186 0.175085 0.0197759 -0.282842 1.0143 1.2965 -0.175872 -1.43962 -0.904665 0.286969 -0.24552 -0.492195 0.710641 1.16537 0.384188 0.116846 0.401626 -0.365718 0.100316 -0.182273 0.987365 0.626723 -1.31582 
-1.86876 -0.089035 0.675592 -0.268404 0.411287 1.0469 1.1721 1.29005 2.17757 0.646691 0.737681 -0.366363 1.31938 -0.202715 -0.812363 0.633206 0.356178 0.122444 0.169536 -1.19963 -0.479042 0.0613689 -0.873004 0.0221702 -0.655836 -1.21901 -0.306498 -0.962039 0.718059 2.44273 0.245849 0.22823 -0.831342 -0.300623 0.599566 0.101646 -0.928788 -1.87495 -1.46006 