-1.02232 -0.699388 1.00331 -0.0706571 1.71139 0.862864 1.34368 2.26546 1.91564 0.909046 -0.728399 -0.234946 -0.54602 -0.313101 -0.605457 -1.66201 -0.0985639 -0.113676 -1.65439 -1.73382 0.128047 -0.699837 -2.3411 -1.06967 0.360988 1.90078 0.493112 -0.955685 -0.257622 1.23534 0.601924 -0.0568425 -0.359883 -1.07738 -0.113075 -0.184436 0.387506 -0.639397 -0.568349 
-1.02717 -0.728898 0.641752 -0.323061 1.62233 1.00509 0.890242 1.44639 0.0904328 -0.898803 -1.88847 -0.811407 1.67081 0.884225 -1.30332 -0.0893897 1.56955 0.357059 1.37347 0.179508 -1.27473 -0.405499 0.143316 0.679917 0.0556317 0.658529 3.61685 -3.21106 -0.650967 -1.42075 -2.39705 -0.747519 -0.657988 -0.103964 -2.11493 -0.732078 0.148594 -0.294741 0.753847 
-0.78286 -1.17648 0.960197 1.18674 1.89957 1.67846 1.4339 1.35952 1.42457 1.04463 -0.0213329 -0.130155 0.313694 5.31089 -3.77558 0.63954 -1.7203 -3.13913 0.643273 0.902794 -0.280225 -1.76046 1.54713 1.24329 -0.779077 -1.13557 2.71742 -0.333359 -0.104725 -1.20136 -1.61084 1.24786 0.345443 -1.09745 -3.05382 -1.66762 -0.276404 -0.211096 -0.147986 
0.562916 -2.10124 0.855179 -1.70913 -0.44231 1.38595 1.40205 1.23314 -1.98257 0.643338 -0.633663 -1.54365 0.347741 2.87169 0.875237 -0.0497735 -3.10786 -2.53895 0.31914 0.274076 -0.158023 -3.16108 -2.00933 -0.996028 -0.371726 -0.867835 1.59923 -0.321919 1.52208 -0.386207 -0.204834 1.43485 -0.282862 -1.15223 -0.641174 0.508865 0.631698 1.04859 -1.12179 
0.0629972 -0.86469 0.931029 -1.31427 0.221657 1.86635 1.57925 1.23139 -2.28367 -0.976659 -0.943713 -0.45391 -0.683638 -3.09892 3.36321 1.85196 1.22435 2.87237 1.3027 -1.25358 -1.22313 1.03665 -0.919081 -0.512983 1.999 -0.126027 1.71842 0.258304 1.95098 -1.86315 -0.398587 0.0792999 -1.60139 -1.3694 -1.85864 -1.88361 -1.58111 -0.426051 -0.745736 
-0.412936 -0.888509 1.4953 -0.729109 1.36665 2.15941 0.656974 0.363138 -0.789909 -0.28556 -1.0864 0.509915 0.252926 -0.495144 -0.490577 3.23482 0.723294 2.00828 -0.209922 -2.31286 -1.62526 1.00276 -0.104188 -0.823511 -0.206476 0.0126027 -1.45951 2.0154 2.35239 0.863835 2.29619 -0.701876 -2.43424 -1.46697 1.17431 -1.21453 -0.261268 1.19959 -0.935868 
-0.118409 -1.04748 2.05783 -0.736858 1.47383 1.73924 0.216749 0.0812975 -1.13058 -1.08907 -1.69836 -0.611956 -0.609789 1.08754 -0.56492 1.9822 -0.121823 0.267549 -2.25196 -1.85144 -0.685912 0.378676 -0.427741 0.214314 -0.594957 -0.93466 0.0155842 -0.749191 2.09056 0.786165 1.58195 -1.49907 -2.84297 -2.25496 0.437003 -0.707733 0.137565 0.551796 1.90796 
-0.111444 -1.09822 2.18126 -0.830769 1.49715 0.816532 -0.436579 -0.132681 -0.365441 -0.722156 -0.832018 -0.037691 -0.825709 0.520503 -0.50871 0.175946 0.279915 0.158762 -1.81954 -1.31542 -1.29948 -0.456181 -0.661883 0.984421 0.820622 1.99974 0.935489 -0.932794 0.864982 -0.259458 -0.0104103 -2.94096 -1.80504 -0.729774 0.447312 -0.319883 -0.162134 -0.108852 0.191269 
0.0100718 -1.23684 2.1081 -0.515712 1.53423 0.653813 -0.564375 -0.841886 -1.68082 -1.76026 -0.695241 0.259952 1.8817 0.207972 -0.686573 -0.553279 -0.212045 -0.269485 -1.73123 -0.448066 -0.272915 0.180052 0.106113 -0.39875 0.403535 1.09195 0.673528 -0.372573 -0.0117305 -0.369536 -0.185207 -1.55633 -1.02705 -0.429052 0.904084 -0.460428 0.776871 1.38407 0.95681 
-0.0783204 -1.35198 1.97489 -1.00492 1.28161 -0.216321 -0.712147 -0.340838 -0.172869 -0.623852 -1.17369 0.41597 0.561328 0.413309 0.0267646 -0.16473 -0.754544 -0.398792 -0.287505 0.0119097 0.728277 1.55311 0.179203 -0.0868329 0.808369 -1.01521 0.66087 -0.463488 -0.446025 -0.160132 0.174734 -1.42104 -0.76664 -0.34804 0.460035 -1.52144 -0.779962 1.53729 1.63186 
0.105846 -1.23229 2.03847 -1.12578 1.23537 0.480515 -0.571836 -0.352693 0.114823 -1.58873 -0.733651 1.11957 0.705073 0.708362 0.0797428 -0.137789 0.00518932 0.519736 -0.192497 -0.52206 -0.19387 0.393666 -1.80462 -0.497615 1.41228 0.62204 0.512894 -0.206067 -0.510918 -0.0477998 -0.0663448 -0.637906 -0.525133 0.950644 1.01924 0.462769 -0.757655 1.71911 -0.294604 
0.107479 -1.32825 1.91474 -1.00453 1.57461 -0.333053 -1.03084 -0.49394 0.269102 -2.44003 -1.61149 1.88118 1.37665 0.298708 -0.279989 -0.631276 0.69133 0.320666 -0.575083 -0.672854 0.478899 -0.320493 0.396022 -0.783827 1.22916 0.647466 1.06295 -0.212834 -0.514105 -0.144108 -0.0237498 -0.257773 -0.285791 0.169472 0.651507 -1.17012 -0.211678 1.11173 -0.624988 
0.166655 -1.33882 1.80465 -0.574049 1.4001 0.136001 -0.978426 -0.0371973 -0.276997 -1.19995 -1.44972 2.40115 1.55133 0.76314 -0.342263 -0.66337 -0.191556 -0.539842 -0.155016 0.167526 0.394141 0.405659 0.508693 0.256089 -0.11537 -1.34679 0.703293 -0.517309 -0.816171 0.0225385 -0.0874818 -1.67743 0.0421455 0.579561 -1.11715 -0.574302 0.430199 1.30761 -1.09248 
0.309991 -1.45733 1.66963 -1.16222 1.18486 -0.42747 -0.9476 -0.23748 0.725074 -1.93836 -1.31649 1.8145 -0.203407 0.676201 -0.400774 -0.658345 -0.664599 -0.427583 -1.69605 0.738151 0.249964 -0.964151 -1.00919 1.28194 0.3066 -1.87739 1.19648 0.340638 -1.47173 0.156264 -0.549929 -0.948835 0.707304 0.746797 -1.25048 1.93461 0.664475 -0.92322 -1.55933 
0.342641 -1.48909 1.56131 -1.11184 1.08268 -0.875907 -0.562582 0.118841 -1.4203 -2.21913 -0.15733 2.75761 -0.674274 0.892742 0.84002 -1.68633 0.389286 -0.196979 -1.12888 0.749319 0.550284 -1.8474 1.75314 0.511985 -1.06906 -0.387602 1.54652 1.19726 -1.72672 -0.0165739 -1.54071 -1.24653 -0.359687 -0.222783 0.0990209 0.6037 0.846383 -2.1102 -1.21411 
0.552047 -1.15829 1.06449 -0.853189 1.01604 -1.1017 -0.525246 0.127737 -1.44943 -0.189799 -0.772697 0.791468 -0.616465 1.46299 2.07523 -2.10369 0.641316 -1.6588 0.00878017 -1.18729 -0.555297 1.11249 1.74591 -0.304254 -2.93839 0.516029 1.65829 1.48627 -2.43281 1.14581 -1.64334 -1.04986 -0.853002 0.734862 -0.92047 0.869885 1.0793 -2.35872 0.274753 
0.758688 -0.742759 0.80929 -0.600302 -0.0280878 -0.872804 -1.26902 -0.286002 -0.139086 -0.477818 -0.40713 -0.139942 0.0120676 1.40078 1.23143 -2.2175 1.07381 -2.02919 -0.2919 -1.83001 0.378757 0.794498 -0.711395 0.734098 -1.86576 0.635107 2.10349 1.16831 -3.24606 1.86566 -2.03741 -1.3713 -0.719964 -0.0052127 0.546935 1.80528 0.572851 -1.87388 0.455639 
0.949112 -0.717512 0.272423 0.00587307 -0.3334 -1.27761 -1.60631 0.373482 -0.539483 -0.910604 -0.0129542 -1.03047 0.214752 1.44523 -0.440544 -3.11523 1.74229 -1.10414 -1.86511 0.276917 0.530405 -0.436385 0.367718 0.966748 0.59476 -0.0730601 1.93765 0.265779 -2.43885 2.84701 -2.38655 -0.724404 -0.539033 0.360941 0.606818 0.449515 1.29987 -0.460042 -0.164172 
1.16931 -0.907431 -0.298726 0.795893 -0.781454 -1.98537 -1.12202 0.0653692 -0.666211 -0.117397 0.578809 0.505476 -0.0183044 1.27847 -0.836506 -1.6961 2.56467 -1.20931 -0.68789 1.15127 0.0683108 -0.0478287 1.27143 0.766146 1.24611 -0.861903 1.55495 -0.7404 -2.04828 2.53077 -1.12644 -1.07055 0.885927 0.401262 -0.11369 0.762387 1.57547 1.26042 -0.649457 
1.30886 -1.02557 -0.336148 2.06287 -1.15453 -1.68929 -0.949668 0.402995 -0.612965 0.355302 0.777948 0.268104 -0.775363 0.705598 -0.546667 -0.166797 1.49181 -0.417958 0.416294 0.868606 -0.0313648 0.334096 0.550844 0.851075 0.883456 -0.678133 0.965473 -1.2197 -1.70696 1.58431 -1.60966 -0.325828 0.578036 -0.300578 0.0728578 1.64075 1.09376 2.04871 -1.26123 
1.35427 -1.11053 -0.36908 1.99083 -1.09267 -1.73964 -0.630133 0.025456 -0.293791 0.426509 1.45228 1.44039 -0.784837 0.0584493 -0.80909 -1.03399 -0.540841 -0.970983 0.248164 -0.399914 -0.473919 0.165344 0.653657 0.496596 1.19331 -0.550367 0.509057 -0.750226 -0.84475 0.626831 -1.49679 0.927714 0.754236 0.696277 0.963369 0.859874 0.290001 0.0928686 -1.14627 
1.29636 -1.3237 -0.7117 1.62452 -1.8221 -1.54366 -1.19717 0.054834 -0.437563 1.00222 1.30678 1.51374 -1.38645 0.00112067 -0.454042 -1.16904 -0.692352 -1.60859 0.842514 0.108323 0.91067 0.83269 0.47943 -0.514511 -0.828908 -0.609915 0.25225 -0.438794 -1.16588 -0.424733 -0.965702 1.2907 1.39621 1.07999 1.5734 0.549155 0.0537552 0.698897 -0.359961 
1.32428 -1.28009 -0.792158 1.43073 -2.17108 -1.24016 -0.581397 0.641689 0.660746 0.89886 0.998062 0.658185 -1.46837 0.293685 0.23618 -0.821127 -0.00436978 -0.332167 1.50249 2.19872 1.84782 1.72023 0.0205597 -0.43226 -0.399795 0.112002 0.329204 0.108552 -1.12072 -0.369819 -0.824045 1.53504 0.0451332 1.18758 0.503044 -0.844291 -0.954765 -0.97379 -0.482881 
1.35563 -1.24332 -1.01234 1.61724 -2.07803 -0.651247 0.069996 1.32381 1.55319 1.0148 0.932525 1.16184 -1.19166 0.457267 0.632994 -0.613055 0.217361 0.498391 1.23921 -0.0392011 0.601911 -0.208296 -1.40198 -0.583281 -0.417186 0.0387236 0.341209 1.09921 -0.60858 0.454795 0.480265 1.24782 0.501158 1.64907 0.473528 -1.87367 -1.49273 -0.408366 -0.799529 
1.43347 -1.05602 -1.01957 1.60162 -1.89183 -0.50449 -0.618649 1.04287 0.399917 -0.513887 0.476977 0.288843 -1.36274 0.181279 1.30358 -0.132804 0.583844 0.998585 0.190059 -1.54578 0.259603 -1.13061 -2.12269 -1.28543 -0.156844 -1.02536 0.25964 1.3209 -0.244527 -0.108824 1.25252 0.399887 -0.969423 0.264169 -0.77416 -1.7054 -1.66609 0.581329 -0.983272 
1.38061 -0.776409 -1.07073 2.0826 -1.47647 -0.540217 -0.845398 1.48656 0.215541 -1.12006 -0.271228 1.05356 -2.38065 -0.094929 1.2113 0.247823 -0.358608 1.21993 -0.695598 -1.19053 -0.279578 -0.672211 -0.507333 -1.33418 1.06734 -1.15064 -0.132513 1.88706 0.309497 -0.472151 1.51048 -0.5898 -1.77076 -0.177325 -1.37964 -1.68287 -2.94658 -0.764018 -0.29216 
1.37417 -0.62253 -0.944 1.3097 -1.14765 -0.920756 -1.32698 0.830067 -0.402539 -1.03023 -0.774173 1.40816 -2.70414 -0.360405 1.31842 0.663467 -1.18969 1.07111 -0.987463 -0.709839 -0.506342 -0.463317 0.239198 -2.10755 -0.833463 0.660264 -0.557784 1.52585 0.181817 -0.750878 1.43897 -1.14054 -0.795406 0.344951 -0.477348 0.304081 -2.58959 0.735608 0.408631 
1.24032 -0.304131 -0.848879 1.12288 -0.828187 -1.13025 -1.27355 1.11582 -0.343029 -0.888413 -2.27429 0.266784 -1.51883 -0.671389 0.914533 0.0763727 -0.603657 0.752347 -0.848051 0.183579 0.706036 0.141432 0.900715 -1.64743 -0.229065 1.54281 -0.560423 0.976905 0.170151 -1.45402 0.821801 -0.640891 -0.0268797 -0.306783 0.918621 1.6697 -1.04982 0.603708 2.36538 
1.13899 -0.296505 -0.928773 0.820871 -0.70476 -1.42779 -1.23438 1.30377 -0.255056 -0.135769 -2.32988 1.22746 -0.768573 -0.409557 0.0533472 -0.358136 -0.671713 0.0605211 0.120831 0.686768 0.092736 1.57738 1.71907 0.900226 1.51091 1.84637 -0.621406 1.28566 -0.0952507 -0.306288 0.903295 -0.0492091 -0.188835 -1.1628 0.588128 -0.0887919 -0.166117 -0.860517 2.54804 
1.08503 -0.289957 -0.986572 0.579375 -0.831085 -1.06044 -0.887651 1.16234 1.48094 0.826009 -1.35303 1.8309 0.786064 -0.182775 0.881348 -0.200215 0.209905 0.490284 0.783141 -0.413988 -2.22302 0.583215 -0.957531 1.45841 -0.878909 1.1612 -0.743071 1.28795 -0.290541 -0.29365 0.976478 0.377933 -0.591083 -2.08436 1.37157 0.0867426 1.31781 -0.261602 1.48787 
1.05289 0.0175023 -1.01089 0.985762 -0.430734 -0.963652 -1.49008 -0.262678 0.408215 -1.10319 -0.865927 0.395114 0.702716 -0.612596 1.74569 -0.081503 0.294122 1.28179 0.39303 -1.43214 -2.79758 0.0703835 -1.57474 0.620686 -1.88859 -0.287968 -0.705979 1.6717 -0.0649895 -0.4577 0.805729 0.289875 -0.430448 -2.72702 0.978887 -0.455049 0.669589 -1.66688 1.60708 
0.867783 0.337045 -1.02691 0.811936 -0.0470376 -0.828561 -1.73681 -0.804296 1.54547 -0.759833 -0.703552 -0.013937 0.494225 -0.788162 1.44482 0.125307 -0.797273 0.619452 -0.388596 -0.125738 -1.3102 0.601854 0.481015 -0.684442 -1.21232 0.526008 -0.749022 2.16042 0.468756 0.0103464 1.00884 0.275328 -0.407797 -2.07161 -0.290648 -0.396584 1.53933 -1.73603 0.133154 
0.782083 0.535552 -0.978438 0.341364 -0.0734772 -1.19714 -1.57777 -1.19332 1.09325 -0.629252 -1.48537 -0.77157 1.4012 -0.417774 1.25181 0.869699 -0.282982 0.104608 -0.0181963 0.921414 0.109169 -0.381179 1.16522 1.15549 -0.286947 0.382461 -0.80994 1.42593 0.774581 0.248441 0.714336 -0.454507 0.126902 -0.839027 -0.404767 1.45016 1.10989 -1.40139 -0.143785 
0.709984 0.785202 -0.732479 0.580782 -0.0215285 -0.84152 -1.21415 -0.746325 1.0828 0.399652 0.465894 -0.252678 1.01806 -0.326319 0.543749 1.15743 1.11287 0.365797 -0.225488 0.299542 0.210546 -1.04711 1.22567 1.96577 -0.555178 -0.730774 -0.387292 1.07524 0.252721 0.0980078 -0.0291 0.0345737 0.61468 -0.605166 -0.359338 1.37663 0.830349 -0.208768 -0.148992 
0.652187 0.727309 -0.582748 1.23181 0.120333 -1.33351 -1.41758 -1.06474 -0.146912 0.590803 0.471875 -1.27929 0.570621 -0.113137 0.25504 -0.430847 0.406218 -0.132001 0.0668105 -0.123147 -0.90738 -0.0105525 0.457213 -0.196281 -0.0263086 -0.592854 -0.0599366 0.642577 0.158827 -0.214811 0.426969 0.0282621 0.524126 -0.105342 -0.461932 0.359869 0.853263 0.366994 -1.50897 
0.645133 0.872412 -0.895761 0.903416 -0.148482 -0.803868 -1.30033 -1.3964 1.05284 0.849743 0.321072 -0.230055 0.355284 0.247402 0.368767 -0.87041 -1.38965 0.228025 0.26555 0.382796 -0.3645 0.534498 -0.768361 -0.980153 0.943983 -0.949207 0.0655575 0.862168 -0.71386 0.347927 0.24611 -0.21144 0.0315991 -0.759657 -0.591265 -1.23778 -1.17643 -0.632452 -1.30909 
0.697342 0.855702 -0.900728 0.111423 0.225368 -1.17753 -1.20886 -1.33669 0.459481 -0.18708 -0.43507 -0.283675 -0.525712 0.207496 0.959117 -0.69333 0.0365995 0.479474 -0.351543 0.174942 -0.0899654 -0.654453 -1.83068 -1.15694 -0.803572 -0.87114 0.377832 0.318955 -0.75213 -0.944117 -0.0912388 0.0712459 0.865384 0.343144 0.146866 -1.15469 -1.22497 -0.0210957 -0.869723 
0.678111 1.21458 -1.15142 0.929052 0.118578 -1.01529 -1.21276 -1.47713 0.271117 -0.992537 -0.757758 -0.986856 -0.646069 0.278129 0.0992051 -0.315652 0.180284 -0.340059 -0.167246 0.736428 0.788629 -0.32978 -0.509881 -0.428999 -1.0284 -0.0400044 0.469329 0.0806546 0.337232 -1.32276 0.185731 0.0503747 1.10087 0.521771 -0.894001 -0.723819 0.0148011 -0.992234 -0.734143 
0.751871 0.886482 -1.02347 0.252513 -0.0356503 -1.27923 -0.794025 -0.805461 0.0568175 -0.705977 -0.806153 -1.26593 -0.515867 0.444369 -0.818486 1.26884 -1.73015 -0.214245 0.421567 1.24576 0.744339 -0.367259 1.04617 1.17639 -0.465012 0.0284349 0.136189 0.0210441 -0.0781888 -2.13832 -1.10468 1.07313 2.2345 -0.689727 0.497959 0.536448 1.97811 -1.087 1.07898 
0.783363 0.91305 -0.71652 -0.464936 -0.0613706 -0.766428 -0.501047 -0.97675 -0.175303 0.0476686 0.432007 -1.40416 -0.552957 -0.0862459 -0.0404584 0.2194 -2.91672 -1.1524 1.62309 2.13556 -1.69584 0.948184 1.16954 2.71078 -0.355735 1.15656 -0.0354255 -0.885518 1.24705 -1.98765 -0.72507 1.69828 2.29389 -0.0856339 -1.00557 0.867254 1.06664 0.322499 0.918896 
0.695225 0.866688 -0.957905 -2.09491 -0.820112 -0.315018 0.436329 -2.00471 1.14619 0.457832 1.87543 -1.57365 0.949771 -0.489442 -0.368067 0.777914 -0.813615 -0.761138 1.88135 1.70227 -0.872891 -0.78591 -0.00744391 0.0550998 0.799563 0.915128 -0.483633 0.246122 -0.127672 -1.44644 -1.12801 2.46685 1.54797 -0.778718 -0.468841 0.873239 1.06277 1.31217 -0.0746762 
0.603696 0.774623 -0.454395 -1.12247 -0.593718 0.351552 0.476753 -1.6028 -1.11051 0.0321931 0.531591 -0.553366 0.618947 -0.577689 0.408383 -0.39567 1.06501 -0.371837 1.72123 -0.142472 0.673923 -1.46894 -0.123947 -1.48375 1.89706 -1.28664 -0.920302 0.75374 -0.0904751 -0.610849 -1.14504 2.13905 1.77284 -1.21465 -0.875334 0.299419 0.375185 0.884208 -0.365058 
0.488633 1.00943 -1.10881 -1.24292 -1.10161 0.70763 0.338884 -1.55338 -0.586453 0.325626 0.47886 0.377686 -0.557104 -0.777421 1.43328 -0.894034 0.0304102 -0.786287 1.0188 0.578695 -0.710919 -0.213807 0.395484 0.379622 0.219914 -1.359 -0.752502 0.384293 0.601625 1.86809 -0.101847 1.6913 0.107433 0.979547 -0.831413 -1.06843 -2.03856 1.16481 -1.97669 
0.336164 1.2885 -0.780689 -1.1018 -1.14227 0.955993 0.799655 -2.11604 -1.37777 0.420434 0.946694 -0.283837 -0.975961 -0.457485 0.149341 1.39872 1.3217 0.245353 0.572227 0.291351 0.570508 0.520973 -1.05545 -0.862905 -0.53542 -0.898749 -0.74659 0.46886 -0.394172 1.46792 -0.470507 0.473982 0.207976 0.985616 0.473506 -0.622949 -0.644231 0.117392 -0.995847 
0.318717 1.05836 -0.628197 -0.184675 -0.985407 1.04619 0.494301 -1.17408 0.00414963 -0.73991 -0.31409 -0.110218 -1.59205 -0.24959 -0.759392 0.286815 1.84458 0.157648 -0.374794 -0.301099 1.96317 0.803398 -1.0644 -1.11958 -0.135463 0.2335 -0.602017 -0.0215397 0.550433 0.775934 -0.655053 -0.380881 0.0867444 0.294211 -0.204124 -1.48778 -0.110644 0.223013 0.967799 
0.229679 1.00836 -0.6914 0.376587 -1.08258 0.730726 0.60975 -0.766717 -0.457431 -0.654067 -0.0958132 -0.370672 -0.633357 -0.369907 -0.149089 -0.47845 -0.331577 -1.12536 -1.08655 -0.168958 -0.209452 -0.729818 -0.604484 0.737802 0.748661 1.89516 -0.388945 -0.0364149 0.0925211 1.34272 -0.403248 -1.09771 -0.375365 1.92902 1.31644 -1.73899 -0.807015 -0.0857487 -0.185361 
0.175523 0.999231 -0.808232 -0.454877 -1.75245 0.397166 0.381418 -1.33803 -0.865564 -1.3536 0.449255 0.689529 0.772205 -0.283604 0.73921 -0.107017 -0.129678 -0.694673 -1.11083 -0.16811 0.505098 0.779407 -0.883399 0.192046 -0.027788 -0.483193 -0.847778 0.0432666 -0.492291 1.16876 0.222966 -0.52031 0.75025 1.05591 1.09073 0.152068 0.915755 0.347837 -0.342165 
0.112817 1.2709 -0.740715 0.268615 -1.5721 0.0672449 0.497361 -0.432973 0.434897 -1.54721 0.136917 -0.349533 -1.16272 -0.796819 0.238362 -0.287433 1.82402 1.44131 0.383302 1.14078 1.55231 2.04666 0.823673 0.319824 -0.383215 -2.31429 -0.876447 0.365592 0.0604365 0.647087 0.883922 0.189703 0.623261 0.462931 1.50729 0.66748 0.840922 1.30773 0.455747 
-0.0979283 1.0804 -0.921042 1.007 -0.865614 0.623249 1.03195 -0.274881 1.50631 -0.536326 0.806218 0.354253 -1.98495 -0.922707 -0.207175 0.234932 0.955043 1.91092 1.36964 0.977361 0.0734317 1.02827 1.69321 0.779349 1.56369 0.926279 -1.15676 0.366153 -0.222704 1.01433 2.02125 0.235338 1.20523 1.4142 1.78947 1.65683 -0.5211 -0.863669 0.68417 
-0.199044 1.19074 -0.669685 1.03224 -0.382672 0.880566 1.05263 -0.399893 1.61778 0.141292 0.940657 1.2675 0.0227555 -0.796538 0.294444 -0.0425088 -0.529048 1.3241 -0.0626548 0.413523 0.252376 0.0934927 1.11984 -0.917899 -0.728602 3.00421 -1.08072 0.176121 0.197326 0.705008 1.37228 -0.220714 0.462173 0.278079 0.0195208 1.71512 -0.807193 -0.370685 1.95893 
-0.371294 1.18188 -0.947654 0.578122 -0.0543087 0.583821 1.25857 -0.117163 1.59782 0.57769 -0.0402009 -0.32737 1.72863 -0.565651 0.478943 0.114343 -0.0556128 -0.0294738 -1.66694 -0.374338 0.266831 -0.973599 0.317113 -1.70709 -2.07438 1.14114 -0.908654 0.585511 0.519499 0.0318459 1.24877 -0.868011 -0.643784 0.480233 -0.114168 1.53914 -0.31567 -0.990875 1.91628 
-0.401963 1.35902 -0.641095 0.983783 -0.44356 -0.114008 0.820041 -0.232107 0.463444 0.451009 -0.67306 -0.763635 1.46964 -0.454242 0.539683 0.912759 0.56768 0.389117 -1.11172 -1.22637 0.348456 -0.196345 0.68882 0.556542 -0.538326 -0.982883 -0.928671 0.288491 0.201939 -0.973509 0.919227 -1.05087 -1.12298 -0.619026 -1.29812 0.610973 -0.678135 -1.79174 0.197041 
-0.54022 1.37217 -0.638072 1.03049 0.154528 -0.0801935 0.529356 0.107477 1.35094 1.25984 0.546913 -0.818188 0.591321 -0.712767 -0.0528167 0.242392 -1.19134 1.29381 0.244792 -1.05199 -1.08291 -0.524279 0.427942 0.928065 -0.1691 -0.977612 -0.524166 0.437357 0.646212 -0.253201 1.15233 -0.0878642 -1.31384 -1.43588 -2.10477 -0.0482658 0.219222 -0.650096 -0.660151 
-0.649769 1.33476 -0.567439 0.0227441 0.348228 0.029609 0.192465 -1.00444 -0.1663 0.871771 0.275268 -0.884201 0.338746 -0.265659 0.0909315 0.162396 -0.893548 1.19272 0.994435 -0.444296 -2.21743 -2.25199 -0.699198 -0.301538 -0.313069 0.220134 -0.850776 -0.52719 0.257428 -0.965895 1.02366 1.02702 0.238926 -0.673613 -1.54021 0.524776 0.635879 -1.03697 -1.09405 
-0.651607 1.39995 -0.59257 0.308736 0.881181 0.509741 0.255986 -1.45508 -1.29593 0.551259 0.299755 -1.08312 0.917662 -0.458097 -0.641518 0.204072 -0.0458777 0.11277 1.14858 1.36921 0.19647 -1.25885 0.218338 -0.192943 -1.15403 -0.254011 -0.79346 -0.584798 0.672771 -0.981899 0.574463 0.719442 0.873873 0.97338 -0.930594 -0.220505 0.895429 -0.656047 -0.722608 
-0.819871 1.09731 -0.50727 -0.0178918 0.378997 0.711316 0.976134 -0.885663 -1.65366 1.08252 0.133692 -1.99243 0.0882214 -0.826068 -0.8644 0.955707 -0.364132 -0.397997 -0.0178327 1.57439 3.45391 1.18717 0.491449 1.33574 -0.545582 -1.05037 -0.689754 -0.555856 0.474325 -0.091823 0.458384 -0.146615 0.452239 -0.0168719 -0.83467 -0.184206 0.501422 0.85656 -0.217112 
-0.933982 1.08179 -0.267873 0.012376 0.582829 0.496999 1.15925 0.932578 0.0724587 1.03565 1.64445 -1.58122 -0.301755 -0.490437 -0.0921936 0.59313 -0.0736295 0.523844 -1.34547 -0.778902 -0.23639 0.307042 -0.384491 0.77313 2.13979 -0.0299923 -0.898353 -0.74745 0.658336 -0.343833 -0.415001 0.0708634 1.59874 2.07444 -0.392004 0.216804 -0.0386363 -0.296415 -1.37203 
-0.999841 1.05878 -0.310178 -0.0808268 0.674647 -0.0918666 0.507732 -1.06838 -1.31282 0.689259 0.931384 0.202312 0.110248 -0.410489 -0.132496 0.139054 -0.0776304 -0.155037 0.115619 0.483687 -0.798203 -1.61739 -0.198079 -1.37787 0.125453 -0.481629 -0.713839 -0.455286 1.04541 -0.327879 0.18052 -0.468156 0.305369 1.17936 0.776724 0.218008 1.18058 1.30582 0.484696 
-1.08956 1.02867 -0.230586 -0.0537739 0.441032 0.56371 1.42677 0.358547 -1.8335 0.829169 0.350821 -1.40641 -0.829211 -0.491354 -0.503371 1.12756 -0.347732 -0.265712 0.712895 1.18118 1.73837 0.639823 0.679241 0.589658 -0.606215 0.504361 -0.63992 -0.490168 0.581551 -0.758806 -0.476632 -0.553862 0.074431 0.187175 -0.721196 -0.594202 -0.651784 1.48559 0.501295 
-1.18009 0.871356 0.0750001 -0.364009 0.461535 0.330446 1.18181 0.124365 -0.583463 1.36181 1.55069 -0.356584 0.782394 -0.469238 -0.510984 0.831539 -0.894773 -0.481945 -0.864328 -0.377057 1.02129 0.799286 -0.437894 0.629205 1.62732 0.973935 -0.677944 -0.533195 0.754182 -0.724807 -0.533453 0.423821 0.739752 2.04406 1.08662 0.0914615 -0.602038 -0.852179 -0.294588 
-1.26306 0.838492 0.0504117 -0.776516 0.0885866 0.0469875 1.19259 1.05183 -0.917966 0.3824 1.00858 0.274442 0.414241 -0.440874 -0.199214 0.122191 -0.581196 -0.448667 -0.136856 -0.222796 0.878175 0.672181 -0.529503 -1.281 -0.491592 -0.872084 -0.661363 -0.690739 0.932675 -1.06393 0.198121 -0.169223 -0.721164 0.424955 1.25872 -0.238055 0.425312 0.90335 1.05648 
-1.34494 0.794074 0.106352 -0.834785 0.130533 0.246841 1.03754 0.717965 0.183678 0.823257 0.35125 -0.800538 -0.220108 -0.440096 -0.40801 0.706846 -0.467798 0.764052 0.6368 -0.534849 -0.491712 0.715501 0.210035 -0.136721 -0.584507 0.118301 -0.744375 -0.836809 0.353248 -0.622707 -0.169082 0.0365107 -0.304216 0.40412 1.21304 0.302032 0.414494 -0.0481739 0.0690572 
-1.42767 0.685601 0.287526 -1.15617 0.539019 0.423995 0.866444 0.691277 -0.100249 0.584829 0.921668 -0.262686 0.616688 -0.583078 -0.92043 0.47922 -0.217172 0.230602 0.188094 -0.155325 -0.37545 0.78879 0.920537 1.76102 0.374158 0.897315 -0.857533 -1.44494 0.308709 -0.433158 0.470419 0.209594 -0.517541 -0.0162818 0.744048 1.3143 0.424885 -0.500445 -0.0531709 
-1.55317 0.455627 0.263356 -1.01306 0.237229 0.356702 0.932605 0.43839 1.08696 1.73758 2.10942 -0.376335 0.930124 -0.740099 -1.54699 -0.177457 -0.0881863 -0.111046 -0.351035 -0.116376 0.452553 0.192864 1.34097 0.628713 -0.0844081 -0.22515 -0.666913 -0.941536 1.04611 0.0987728 0.826473 1.31243 -0.20393 -0.0577319 0.54199 0.458088 0.0829976 -0.326617 0.296257 
-1.68382 0.120267 0.213421 -1.23081 0.425568 0.212874 0.784209 0.988422 0.107281 1.92041 1.57895 -0.298324 0.401277 -0.333919 -0.343073 1.2426 0.341386 0.90739 1.592 -0.0944092 0.282863 -0.118506 -0.350676 -1.66299 -0.831115 -0.626573 -0.659067 -1.28512 0.996301 0.418499 0.250181 1.36092 0.525637 0.401537 0.416087 -0.00482001 0.253478 0.449913 -0.376406 
-1.68539 0.326251 0.68902 -0.74252 0.780023 1.30241 0.863174 0.617342 0.930963 1.3782 0.538588 -1.16076 0.226322 -0.166064 -0.188473 1.81873 0.621246 0.464064 2.19683 0.800647 0.0468418 0.329071 -1.30156 -0.334235 0.574322 -0.230985 -0.557979 -1.65813 0.614782 -0.48539 -0.2582 0.14881 -1.56443 -0.389307 -1.12359 -1.06743 -1.57123 -0.294262 -0.752273 
-1.76482 0.046874 0.841847 -0.735393 0.682699 1.51868 1.23648 1.00298 0.473836 0.60828 1.3 0.326599 0.178766 -0.432667 -1.90478 -0.218265 -0.964162 -1.24684 -1.38859 -1.89706 -0.802838 -1.17372 -0.827574 -0.145162 0.413611 -0.235723 -0.395364 -0.936907 1.12416 1.19423 0.48821 1.62649 0.796657 0.95217 -0.37794 -1.32233 -1.6822 -0.107731 0.17745 
-1.84773 -0.368646 0.600553 -1.52102 -0.0652967 0.473552 -0.256971 0.040082 -0.457016 0.540988 0.443467 -0.696991 -0.00195292 -0.375993 -1.06867 0.0293033 0.903769 0.213176 0.00880904 0.23059 1.1623 -0.74272 -0.168788 -1.60178 -0.764377 0.373344 -0.531816 -1.57206 0.0703778 -0.0678981 -0.682883 -0.250129 0.390339 -0.127904 0.482147 0.514258 -0.0433362 0.447834 1.15913 
-1.90987 -0.345253 0.840508 -0.0129661 0.778166 1.5218 1.35648 1.79448 -0.410941 0.431145 -0.211328 -0.390899 0.691511 -0.297796 -0.224844 0.362255 0.875248 0.328925 1.05144 2.40812 0.619802 1.7735 1.4618 0.0976177 0.0737674 1.43889 -0.495221 -1.46548 -0.0976673 0.426622 -0.454631 -0.174764 -0.0720245 0.98378 0.600415 0.172088 -0.704997 0.547377 0.692483 
-1.96893 -0.455209 0.716393 -0.821508 0.104755 1.09743 1.13225 0.45372 1.59592 1.99763 0.584389 -0.574014 1.80718 -0.303942 -0.914542 -0.157053 -0.360322 -0.82019 -0.243844 -0.311455 0.0875858 1.48185 0.410917 0.791803 1.37314 0.325558 -0.325181 -1.04417 0.0930091 1.22428 0.464452 1.0652 1.81579 0.589522 0.539473 0.339596 0.447817 1.34512 1.29859 
-2.03294 -0.681568 0.773584 -0.306265 0.207767 1.3745 1.16054 1.83742 1.30149 0.83485 0.604519 1.03506 1.14612 -0.147356 -1.17964 -0.181668 0.688195 0.315954 0.393658 -0.0721668 0.1219 -1.10618 -1.02772 0.420798 1.50773 -0.085033 -0.214397 -0.459536 0.253075 0.0586462 -0.173208 0.0500829 -0.542603 -0.622507 1.34835 0.433724 0.469851 0.0224339 0.00549243 