-0.646308 -1.06237 1.05384 -0.745055 1.24555 0.300475 0.407729 0.811213 -0.0871723 0.824497 0.636789 0.731416 0.131555 2.90717 -2.65152 -2.70481 3.76856 -0.202121 -1.84917 -0.78081 0.611902 0.98203 2.26283 -1.18126 -1.3181 -0.572778 3.45939 -1.40667 -2.08968 -0.646117 -2.47585 -1.57962 -0.773949 -0.535777 -1.95365 1.58324 0.554129 -1.54402 -1.61965 
0.141542 -2.36573 0.240933 1.7576 1.02489 0.155373 0.181214 1.21979 1.09168 1.87609 -1.13675 0.59953 -0.63098 4.94765 -1.73833 -1.6706 0.577004 -2.09012 -0.116835 -0.837568 0.522502 -0.784448 0.702144 -1.30531 -1.61585 -1.9106 1.13142 1.12198 0.145734 0.995912 -0.634151 -0.400717 0.0305876 0.205031 0.218933 0.690506 -0.583162 -0.741393 -0.997724 
0.675956 -1.89689 0.349185 -0.314936 0.185768 0.268185 -0.0219334 1.15484 -0.821667 1.29199 -1.1381 -0.959095 -1.95507 -1.31461 4.20235 2.91567 -2.45952 -0.708245 1.26926 0.813589 -0.421717 -0.790713 -1.41711 0.581654 0.542338 -0.468186 0.827641 0.436929 0.957023 1.1476 -0.0317737 1.52967 0.838599 1.618 0.50032 0.17069 -0.564597 -0.758461 -0.319401 
-0.246423 -0.321717 1.45153 0.055256 0.661129 0.704807 0.619268 0.985593 0.350983 0.939806 -0.366291 1.10477 -1.13399 -3.79191 2.36342 2.97058 0.941236 2.01943 2.27844 1.85987 1.29476 1.31203 -0.511566 0.726096 0.821284 1.59138 -1.51303 2.4835 1.98767 -2.17719 0.646674 1.27123 0.0866897 0.376865 0.899619 -0.0255256 0.894504 -0.936841 -0.307024 
-0.388564 -0.743917 1.58272 0.370972 1.19587 1.24116 0.965962 1.97108 0.519225 0.955541 -0.172809 -0.170049 -0.196891 -0.895397 -0.811656 -0.232092 -0.607721 1.58326 0.525312 -0.712105 0.809775 1.79546 1.36039 0.441317 -1.5334 0.162136 -3.08292 1.82308 1.65198 0.673531 2.40813 1.09594 -0.186837 0.157471 1.44278 1.21813 1.01461 1.3649 1.21406 
-0.519901 -0.70722 1.34761 -0.346622 1.45154 0.942016 0.25554 1.50503 2.17045 1.84332 0.214862 -0.501857 -0.944967 -0.675505 0.134819 -0.73765 -0.07682 1.31093 -0.732824 -2.09336 -1.15934 0.341804 2.02228 0.428761 0.723213 -0.278975 -0.901966 -0.847177 -0.471967 0.169115 0.944789 0.34063 0.243772 1.1087 1.25952 0.953043 0.962064 -1.35486 1.30128 
-0.60199 -0.670809 1.26766 0.34193 1.84912 0.950345 -0.123642 1.28547 0.899652 2.29748 0.391408 0.519218 -0.492164 -0.435938 -0.298505 -0.386291 0.776456 -0.292693 -0.052371 1.00596 0.421013 -0.360631 -0.183784 0.65584 0.0818564 1.24307 -0.556937 -0.100591 -0.334341 -0.440261 0.339102 0.143197 -0.482012 -0.48486 0.0542715 0.0392747 -0.00858848 0.156263 -0.0620097 
-0.667901 -0.844077 1.17928 0.223566 1.29708 0.936781 0.794688 1.78655 1.8555 1.72399 1.08539 -0.465112 0.430811 -0.159698 -0.236095 0.304025 -0.594885 -0.864651 0.925373 1.49839 0.555096 -0.34726 -1.99733 -0.397446 -0.510127 0.233623 -0.549487 -0.146824 -0.293534 0.969631 -0.332942 -0.123189 -0.276873 -0.970191 -0.891504 -2.02907 0.249223 2.21298 -0.119797 
-0.674548 -0.777425 1.38762 -0.0509332 1.40657 1.35545 0.674287 1.64905 0.597948 0.976875 -0.158852 -0.0463266 -0.224658 -0.388552 0.134753 0.00744843 0.496336 -0.197808 -0.133398 -1.34971 -1.58413 -0.775042 -2.39808 -0.341431 2.39687 -1.34991 -0.175852 -0.409031 -0.521274 -0.0597684 -0.524457 0.421234 1.51214 1.68492 0.680817 -1.79324 -1.34214 -0.453564 0.0811517 
-0.80296 -0.771001 1.17539 0.597034 1.19041 0.897539 0.0958868 0.840989 1.13032 0.137927 0.610686 1.92695 -1.04024 -0.127527 -0.281987 -0.9886 0.447948 0.107191 -0.33796 0.34876 1.33923 1.09054 -0.287314 -1.03557 0.0514371 -0.126649 0.0804447 0.281245 -0.178669 0.548597 0.273493 0.127765 -0.346104 -0.435568 -1.21025 -1.38366 -1.51974 0.888545 0.069965 
-0.738321 -0.906279 0.967773 0.288554 1.45353 1.23036 0.868065 2.49249 1.71958 0.788965 -1.56989 -0.0405304 -0.352694 0.469866 0.279957 -0.23209 0.195772 0.552635 0.304031 0.921175 1.03665 -0.741533 0.629645 -1.2866 -1.37712 1.44498 -0.11792 0.376191 -0.575399 0.461523 0.599096 0.0649723 0.0926727 -1.01568 -0.271728 0.084895 0.413116 1.75597 0.60716 
-0.703584 -0.627566 1.07146 0.759426 1.46172 1.04188 0.59048 1.49926 0.438309 0.557401 -1.13896 0.479324 0.557213 -0.0763958 0.825 0.231364 0.12407 0.701504 0.419415 -0.239949 -2.55473 -1.48557 0.369762 1.52995 1.92386 0.793304 -0.0172936 0.349614 0.17038 -0.690251 0.356398 -0.428364 1.04433 0.47531 -1.60227 -0.0546277 -0.493873 -0.740467 0.815537 
-0.788129 -0.498745 1.05739 0.400591 1.79982 1.42313 0.752464 0.952953 0.291015 1.0363 0.479728 1.87028 0.529282 -0.529094 0.227142 0.476033 -1.21226 -0.0822437 -0.923206 0.353075 -0.535228 -1.24352 -0.723042 0.785041 0.602379 -0.556614 -0.19617 1.06235 0.554908 0.0796151 -0.0179615 -0.339181 0.393476 -1.54495 -1.87925 0.0535649 1.11635 0.937931 -0.612824 
-0.877024 -0.509722 1.26325 -0.0670006 1.41326 0.671168 0.786525 1.1956 -0.750639 0.0808679 -0.0941558 1.04565 -0.0428787 -0.240045 0.645239 0.528793 -0.0787723 -0.752944 -0.911934 0.717135 0.729755 -0.830477 -0.3268 -0.263368 -0.849701 -1.42473 -0.122737 0.837303 0.332608 -0.205463 -0.798847 -1.69804 -1.84646 -2.34604 -2.6348 0.0415399 0.335029 1.68615 -0.0409614 
-0.88263 -0.178314 1.27121 0.370178 1.41354 1.05715 1.13983 1.42342 -0.489046 0.822229 0.110327 0.959255 -1.02391 0.318245 0.938987 -0.0143049 0.864383 -1.0577 -1.49915 -2.619 -2.21222 -1.97542 0.750848 -0.376411 1.296 0.533658 1.03789 1.85255 0.57453 -0.800063 -1.52384 -3.87453 -3.03189 -1.5235 -1.59726 -1.0193 -0.721504 -0.966867 0.219433 
-0.819056 -0.0469566 1.25028 0.564936 0.873487 0.0587422 -0.579317 -0.134336 -2.66412 0.580627 -0.616042 2.31768 0.554034 1.69811 1.89282 0.257705 -1.08917 -1.39759 -4.60145 -4.43478 -2.53003 -1.14859 -0.982415 -0.488146 -0.174437 1.67884 1.58813 2.12125 -0.0417676 0.681564 -0.137471 -2.6518 -3.49448 -0.603343 0.686918 0.458437 0.228507 -1.20914 0.403205 
-0.447819 0.746629 1.37183 -0.369803 0.70257 -0.857272 -1.18024 -0.101002 -1.58402 0.173889 -0.562279 0.735246 0.83029 1.93103 1.96218 -0.026552 0.0111123 0.839669 -2.27772 -1.66515 1.47154 2.72598 -0.197611 0.668073 -2.58702 -0.0840156 1.74047 1.00149 0.260793 -0.632321 0.150485 -2.68342 -4.2243 -1.69046 0.314541 -1.08508 0.114639 -0.657899 1.5549 
-0.320635 0.911596 1.23218 0.597646 1.28937 -0.880441 -1.44389 0.790075 0.0765027 0.452135 0.270984 -0.360913 0.472806 0.770226 -0.504823 0.107613 0.152574 1.58095 0.779666 -0.743145 0.537488 1.45416 -0.409696 0.654773 -0.509347 -0.00377517 1.69377 0.555214 0.148589 -1.09877 1.09329 -1.14965 -0.781673 -0.0968895 1.56006 -1.72987 -0.300022 -0.908835 0.979683 
-0.266415 0.509801 1.40976 -0.237748 1.49182 -0.513314 -1.56028 0.251801 -0.102425 -0.0950861 0.306807 0.170495 0.837157 0.470152 -1.17725 0.241242 -1.59103 0.657901 0.63419 0.703199 -1.62902 -0.932003 -2.00716 -0.95677 1.62681 1.14704 0.983947 -1.33853 0.429507 -0.122064 1.22181 -0.000921098 -0.184098 0.697784 0.646462 -1.38037 -0.510904 0.864603 -0.257138 
-0.221181 0.348945 1.32592 -0.494777 1.6137 -0.597537 -1.06384 -0.182958 -0.804063 -0.874988 -1.03375 1.24768 1.74315 0.610272 -1.26932 0.484197 -0.385429 0.095766 -0.791793 0.513012 0.220117 -0.751936 -1.35458 -1.17503 1.50273 -0.249196 0.769242 -1.37714 0.616689 -1.06354 -0.182931 0.414075 0.189538 -0.782412 -1.15185 -1.81748 -0.357762 0.979473 0.146687 
-0.128694 -0.0974632 1.60496 -0.483517 1.53302 -0.828874 -1.28018 0.410383 -0.804735 -0.989946 -1.29235 1.65285 0.574578 0.601612 -0.64907 0.601853 0.0597113 -0.939297 -0.0569441 -0.475764 0.682137 -0.514784 -0.308029 0.60467 -0.506889 -0.970335 0.936882 -1.59425 0.516519 -0.237778 -0.523241 -0.106702 0.31415 0.397112 -0.158656 -1.32713 -1.07089 0.462882 -0.33459 
-0.0858245 0.0422226 1.57026 -0.427937 1.13356 -0.604692 -1.30337 0.258365 -1.27161 -1.07662 -0.232252 0.685432 0.688833 0.702549 -0.850376 0.224424 -0.00701505 -0.851531 0.629438 -0.132971 0.191255 0.492029 -0.3426 0.0398729 -0.951877 -0.0861844 1.4581 -2.71303 1.25205 -0.822918 -0.45321 -0.212618 -0.209611 1.41999 1.09094 -0.224992 -0.813276 0.182168 -1.64343 
0.0342285 -0.501728 1.69168 -0.463536 1.09708 -0.547964 -1.33957 0.551303 -0.275594 -1.21448 -1.25271 0.637864 0.490969 1.46068 -2.98247 1.09419 -1.25917 0.28115 -0.255831 0.214386 0.907106 1.74816 -8.56452e-05 -1.45696 0.74851 -0.757667 1.46351 -2.33629 0.473187 -0.723744 -0.148227 0.252255 0.517054 0.627013 1.11701 0.262742 -0.681775 -0.609061 -0.625363 
0.284145 -1.39514 2.0202 -1.28731 1.26813 -0.695317 -1.18021 0.837363 0.501029 -1.07427 -2.21169 1.40044 -0.131994 1.36754 -2.27207 0.426026 -1.05567 0.61851 -0.282007 0.761496 0.484855 0.7725 0.649196 -0.747761 0.321893 -0.558583 1.98495 -3.2857 -0.17501 -0.0932182 -0.439502 -0.460355 0.421656 0.0607795 0.521699 0.622021 -0.730152 1.09619 -1.73328 
0.37876 -1.59487 1.86259 -1.17999 1.40157 -0.649575 -0.928888 0.871896 0.531197 -0.782053 -2.27551 0.918824 -0.111284 1.3592 -1.42294 -1.31392 1.0661 -0.920189 -0.408777 0.297311 -0.883031 -1.19503 0.759494 0.695946 0.499981 -1.06594 2.31727 -1.17607 -1.79558 0.768797 -0.0610739 -1.43818 -0.233905 -0.465911 -1.69849 0.133874 1.64302 0.80778 -1.15237 
0.6264 -2.07684 1.46449 -0.513711 0.797616 -0.850131 -1.01347 0.320853 -0.639919 -0.568788 -1.28707 1.86259 -1.29127 1.93019 0.717457 -2.8213 2.05147 -0.730046 -1.7713 -1.05262 -1.06728 -2.87253 -0.505018 2.59266 0.608894 -0.646923 2.05029 0.270764 -3.28804 1.6773 -1.20216 -2.13209 -1.01084 -1.03471 -1.45823 -0.345046 2.51912 -0.710818 -0.625671 
0.876953 -1.23944 0.677388 0.2856 1.02683 -1.37622 -1.47157 0.242631 -2.27037 -1.11417 1.2076 1.49178 -0.810526 1.55463 1.82349 -3.08492 1.1827 -0.781949 -2.63001 -1.5399 -0.354379 -0.617891 -1.21892 2.11096 -1.24206 0.420843 2.24928 0.476565 -3.26594 2.32092 -1.84982 -2.24188 -0.130711 0.0651615 -0.6534 0.696536 2.42142 -0.405973 -0.491473 
1.02203 -1.1855 0.169201 0.341767 0.396729 -1.93717 -1.81222 0.127861 -1.20953 -1.37378 1.54629 0.552368 -0.818215 1.26977 -0.0388043 -1.54788 1.08499 -1.87489 -1.42341 0.88787 1.0964 2.02139 1.35834 0.106973 -1.01516 0.144617 1.72863 1.01704 -2.68548 2.06643 -1.85047 -1.95572 0.165224 0.140773 0.211328 0.364698 1.58392 -1.9745 0.0949269 
1.19478 -1.25047 0.0239766 1.07246 0.0754545 -1.95686 -0.994476 0.937471 -0.227251 -0.212012 1.33776 0.412413 -0.640739 0.89667 -0.41447 -0.505009 1.60278 -1.82388 -0.158297 1.73756 0.470569 0.800121 1.65401 -0.330965 -0.892068 -0.299212 1.37494 -0.429541 -0.607485 1.7402 -2.33856 -1.15515 0.916648 -0.21278 1.82114 0.726538 -0.595007 -1.59294 -0.527874 
1.23796 -1.37854 -0.0486985 1.49226 -0.528955 -1.98686 -0.888602 0.439712 -0.375398 -0.275778 1.0857 -0.401766 -1.13571 0.672951 -0.506992 0.747574 1.25056 -1.4113 -0.227939 0.230012 -1.38734 0.0845829 -0.467205 -0.719584 -0.698652 -0.685655 1.11895 -0.931778 -0.114931 1.57004 -2.55434 -0.108263 1.73392 0.222679 1.17123 0.962201 -0.905156 0.148303 -0.0776823 
1.34962 -1.48834 0.329165 1.9756 -0.642424 -2.03578 -0.863103 0.112341 -0.101457 -0.519082 0.352964 -0.344938 -1.3825 0.677949 -0.810016 0.365933 0.498086 -1.7631 -0.00627598 0.381185 -0.260062 0.529206 -0.46586 -0.62221 1.09638 0.237184 0.771312 -0.83486 -0.259054 1.17777 -2.79112 -0.109826 0.00771211 -0.929335 0.384535 -0.318889 -0.732444 -0.239012 -0.280366 
1.39417 -1.76325 0.0971135 1.86696 -1.42402 -1.97275 -0.677785 0.304439 0.190546 -0.581956 0.232256 0.667169 -0.864291 0.401789 -0.586525 -1.08013 0.30929 -2.50573 0.0611478 -0.225248 0.271266 0.304632 0.0407493 -0.043942 0.476309 0.407969 0.771382 -0.116905 -0.991869 0.686924 -2.02926 0.594824 -0.265504 -0.563595 0.225385 -0.359905 -0.572756 -0.551175 -0.456184 
1.43041 -1.76476 -0.128909 2.21771 -1.91154 -1.99337 -0.970978 0.302224 0.242173 -0.489686 0.279547 0.0931266 -0.923584 0.396892 0.686694 -1.68226 0.384801 -1.09195 0.84022 -0.711011 -0.434851 -0.330178 -0.0122911 0.0340326 -1.6626 -0.701943 0.40083 0.167318 -2.51058 -0.203665 -1.61969 0.682997 0.445283 -0.245323 0.824986 -0.405203 1.57898 0.669692 0.214424 
1.47361 -1.42273 -0.612416 2.1621 -1.98105 -1.60338 -1.04094 0.0622016 -0.0942481 -0.587694 0.26402 -1.07091 -1.62394 0.14022 0.847283 -2.27501 -0.654687 0.221584 0.898018 0.765879 -0.599678 0.610928 -0.57599 1.81852 0.302363 -0.159192 0.422584 0.948173 -2.35712 0.176099 0.0581481 0.97561 0.0427074 -1.36099 0.161435 -1.47941 1.64784 -0.646953 -0.787803 
1.43976 -1.34643 -1.08597 1.78285 -1.80697 -1.59974 -0.557996 -0.0408827 0.889017 -0.868813 2.71842 0.354217 -1.08735 0.176399 0.629257 -1.46686 -0.206435 1.1466 0.534512 0.758633 -1.17829 0.452785 -1.87681 1.81615 0.990876 -0.115663 0.508204 1.22355 -1.41391 -0.897467 1.29435 0.936389 0.279303 -1.95317 0.767934 -2.63435 1.18853 -0.267838 -0.851852 
1.49284 -1.11005 -1.23199 2.04203 -1.41057 -1.3623 -0.631765 -0.634995 0.396044 -1.82847 2.6997 -0.109323 -1.73991 0.556187 0.840799 0.392102 -0.64759 1.55624 0.421013 -0.428513 -1.69537 0.236454 -2.76873 -0.472685 -0.55646 -0.726563 0.277362 0.567646 -0.482563 -0.950303 2.06761 0.871626 0.349969 -1.42486 1.40776 -2.42821 0.981344 1.07284 0.996533 
1.56271 -0.931241 -0.929231 1.35297 -1.03016 -1.40631 -0.772691 -1.05452 1.16515 -2.70039 2.06667 -0.258467 -1.87403 0.188071 0.172477 0.834254 -1.16871 1.7091 0.692543 -0.334727 -0.508402 1.1592 -1.2081 -0.697822 0.231899 1.19662 0.255947 0.768502 0.311766 -0.476407 1.85368 0.69946 -0.562036 -1.05384 0.3578 -1.88925 -2.39218 -1.10655 1.81493 
1.51526 -1.01869 -0.890605 1.24619 -0.556779 -1.05491 -0.797174 -0.922244 1.58565 -2.62631 1.74426 0.0800764 -0.415142 -0.22251 0.232357 0.041646 -0.0739679 1.00125 0.561534 -0.264457 0.435927 0.120812 0.363086 -2.11334 -0.621552 2.6783 -0.0694245 0.605771 0.448632 -1.20457 0.920277 0.458275 -0.79344 0.122777 1.11188 -0.105488 -2.23226 0.503488 3.19516 
1.47299 -0.810871 -0.918843 1.32594 -0.532895 -1.1539 -0.901172 -0.763869 1.32681 -2.45748 -0.798179 -0.937376 1.07748 -0.322259 0.680776 -0.216769 -0.557117 -0.452695 -0.052525 -0.64163 0.603869 0.0992002 1.0506 -1.71261 0.363685 2.2237 -0.324631 0.86508 -0.246235 0.122268 0.972868 0.995581 -1.50505 -0.470579 -0.275088 1.5434 -1.17557 0.222436 2.52861 
1.39831 -0.68104 -0.988133 0.879847 -0.791829 -1.06021 -1.12387 -0.528818 1.72591 -1.92799 -0.580036 0.403556 2.03726 -0.27865 0.971308 -0.356992 0.178092 0.328459 0.84156 -1.58336 -1.02373 -0.519858 1.55758 0.86324 0.907532 0.0328052 -0.498743 1.1872 -0.599384 -0.21688 0.38019 0.682417 -1.00107 -0.249012 -0.206335 2.30772 -1.10923 -0.581869 0.507307 
1.36795 -0.332444 -1.07493 1.47591 -0.374496 -0.783962 -1.72276 -1.36648 0.854247 -1.42335 0.35211 -0.0605811 1.1245 -0.429264 0.958181 -0.572667 0.193494 0.956251 1.01087 -0.588994 -0.936529 -0.416084 1.83335 0.535347 -0.963715 -1.66329 -0.556305 1.58448 -0.4849 -0.655322 0.587149 0.783668 -0.311466 -0.642199 -0.99693 2.49779 0.510332 -0.449198 -0.22102 
1.25213 -0.208974 -1.23429 1.04064 -0.317225 -0.619221 -1.4229 -1.07807 1.35608 -0.711192 0.127956 -0.623472 0.222153 -0.555645 1.20451 -0.278753 -1.14641 0.463584 0.260578 1.19725 0.2383 -0.741801 1.56593 -0.262115 -1.36141 -0.247346 -0.51845 1.95295 -0.094629 0.115358 1.48206 0.53629 0.197246 -0.894308 -0.435562 2.21621 0.846651 -1.24636 -1.33972 
1.18726 0.258979 -1.19834 0.695732 -0.148037 -0.657857 -1.08309 -1.19677 0.161969 -0.38369 -0.0156018 -1.49223 0.863956 -0.350597 1.71556 0.460845 -0.0989002 1.08324 -0.260053 0.82587 -0.139209 -0.174731 0.935267 0.435078 -0.368313 0.258442 -0.665644 1.42931 0.0832072 -0.536784 0.99817 -0.0573025 0.809016 0.413875 -0.786738 0.993829 -0.216074 -1.68622 -1.09514 
1.12744 0.630078 -1.04884 0.996091 0.22134 -0.711618 -0.97839 -1.13938 1.22517 -0.089276 0.700694 -1.04473 0.516907 -0.435872 0.761625 0.40567 0.341577 0.901394 -0.352777 -0.211179 0.192375 -0.268674 -0.337919 0.065598 -0.455157 -0.897267 -0.435875 1.53512 0.422945 -0.0828161 -0.0327109 -0.440068 0.927114 -0.202489 -1.42771 0.719868 -0.397777 -1.71108 -0.582284 
1.03928 0.635805 -1.03594 0.960518 0.298936 -0.789169 -1.18357 -1.05517 -0.06194 -0.605121 0.0587414 -2.00185 -0.110137 -0.310527 0.393552 0.122156 -0.0798241 -1.15524 -0.375744 0.30483 -0.139879 -1.60172 -0.0525384 -0.831117 -1.47563 -0.857372 -0.46135 0.722314 0.51702 0.459347 0.219483 -0.392451 -0.192075 -1.2283 -0.435542 -0.00543022 -0.62964 -0.534571 -1.84089 
1.01369 0.828555 -1.00483 0.964939 -0.367566 -0.852568 -0.807698 -1.20111 -0.318378 -0.121674 -0.43455 -2.59259 -0.413385 -0.261882 0.249116 0.303625 0.227439 -0.621853 -0.215395 -0.0287237 -1.65272 -0.322117 0.306527 -0.716238 -0.0927699 -1.04084 -0.451107 0.312609 0.114554 -0.0901638 -0.719148 -0.258993 -0.142994 -0.439032 -1.68293 -0.842885 -0.707277 -0.495698 -1.42073 
0.938812 0.764295 -0.916144 1.14515 -0.0213151 -0.862823 -1.18817 -2.0427 -0.338755 -0.399677 -0.921541 -2.14277 -1.24186 -0.372499 0.0635418 0.0468426 -0.109034 0.126395 -0.00289261 -0.484626 -0.411596 -0.479718 -1.03433 0.0952267 0.970529 -0.633672 -0.175913 0.147132 0.0429099 -0.476898 -0.860651 -0.408526 0.49087 -0.714025 -0.603371 0.242405 0.102334 0.584537 -0.12857 
0.883013 0.867126 -0.992272 0.913274 -0.310942 -0.837039 -1.05188 -1.42911 -0.751209 -0.804401 -0.32024 -1.6517 -1.09808 -0.0254308 -0.0156368 -0.230805 -0.949674 -0.604238 -0.375607 0.625183 0.784579 -0.469232 -0.0255637 0.869354 0.777636 0.924665 -0.0641011 0.105138 -0.437138 -1.02872 -0.162725 -0.164093 -0.0208894 -0.731174 0.381459 0.437424 0.818674 1.99942 -0.491305 
0.902922 0.764501 -1.01953 0.503128 -0.332694 -1.00372 -0.849124 -1.53868 -0.761204 -0.414206 0.236996 -1.39813 -0.215659 0.245965 0.11319 -0.618469 -1.37427 -0.379625 -0.240968 0.454365 -0.476289 0.865256 1.56108 0.844477 1.27295 0.131544 0.416162 0.177589 -0.70704 -2.09105 -1.18686 0.121509 0.454692 0.412536 0.350384 0.499246 0.743484 1.21669 0.291585 
0.921241 0.929754 -1.25755 -0.0269234 -0.509188 -0.921426 -0.802608 -1.69671 0.147406 0.23205 0.80474 -0.40313 -0.942645 0.589486 0.290274 -0.703154 -1.99877 -1.07656 0.537355 -0.0730293 -0.355446 0.817635 0.630235 -0.0122138 0.603598 -0.593787 0.556688 0.0673184 -0.437937 -2.28586 -0.66902 1.1418 1.13979 -0.586187 0.0176152 0.66636 0.39058 0.304453 0.101486 
1.03497 0.912935 -1.32018 -0.875637 -0.881972 -0.761453 -0.877006 -1.73233 0.0902685 0.0056592 0.206378 -0.830563 -0.856562 0.520159 0.0124356 0.0457704 -1.84286 -0.579347 1.85172 0.936781 -0.244638 -0.914517 -0.745792 -0.374849 -0.896621 -0.0029344 0.0635039 -0.207028 -0.547964 -2.80404 -0.742333 1.74538 1.2094 0.021168 -0.44297 -0.155922 0.13317 1.38089 0.0778394 
1.03435 0.943562 -1.24544 -1.2962 -0.80803 -0.12754 -0.299814 -1.82254 -0.71585 -0.259552 0.284961 -1.3619 -0.934854 -0.532532 -0.535382 -0.0172521 -1.93303 0.0154003 1.9306 1.54942 0.333906 -1.4173 -0.851297 0.19919 0.958519 0.697236 -0.18008 0.465102 0.728642 -2.26771 -0.532492 1.55869 1.53483 0.384222 -1.77718 -1.41247 -0.11787 -0.424166 0.133333 
0.860587 0.661299 -1.33439 -2.20824 -0.881253 0.0655341 -0.0522549 -1.50411 -1.27072 -0.555829 0.460924 0.098106 -0.0800576 -0.813464 0.650727 0.947618 -1.34923 -0.189314 0.35109 0.938147 0.641167 -1.27956 -1.05895 0.286166 0.470314 0.165429 -0.735305 0.224364 1.07263 -1.43112 -0.594871 1.55254 1.9597 1.58795 -2.34552 -0.347847 0.332646 1.57082 1.63199 
0.78325 1.26665 -0.856715 -2.21882 -0.910421 0.0365507 0.203699 -1.40629 -1.94047 -0.958588 0.65683 -0.92993 -0.742218 -0.559153 0.873228 1.47243 -0.105251 -0.871013 0.26348 0.845822 1.44875 -1.45594 0.388344 0.206824 0.812818 1.05985 -0.869165 -0.361741 1.23004 -0.604867 -0.698385 0.446162 0.706856 2.77646 -0.917086 -0.789346 -0.181475 1.07246 1.26886 
0.678937 1.0922 -0.726494 -2.25724 -1.327 0.192856 0.402738 -0.593644 -2.66995 -0.29619 0.725768 0.878538 1.09455 -0.470705 -1.1049 0.71888 0.450498 -0.81059 0.271726 -0.0771847 2.51009 0.113313 0.0395584 -0.444692 0.752044 1.20529 -0.594491 0.386306 1.43713 0.620035 -0.798796 0.665954 0.615127 1.31411 -0.0245484 -0.0162894 -0.378593 -0.886593 0.100337 
0.625756 0.739057 -0.56351 -1.87754 -1.32573 0.167334 0.173634 0.153685 -1.78624 -0.929981 0.0428391 -0.211331 0.592071 -0.33005 -0.316545 0.472078 0.895886 -0.268856 0.671482 -0.0971927 0.0185672 1.3563 -0.433423 -0.581798 -1.74853 -0.932458 -0.448576 -0.424048 0.836802 1.47056 -0.878188 0.0223505 -0.0806999 1.18544 1.1893 0.141642 -2.04017 -0.160553 1.45006 
0.559855 0.946603 -0.536355 -1.60318 -1.46946 0.491411 0.362158 -0.558404 -1.28524 -0.580882 -0.0731661 -0.946965 0.0818248 -0.208681 0.56653 0.419709 1.51317 -0.439948 -0.250802 -0.0263231 -1.19094 1.23761 0.11441 -1.75481 -0.887959 0.358223 -0.459641 -0.342859 0.397893 1.58493 0.388284 0.281287 -0.251068 0.270871 1.56978 -0.212777 -0.0483066 -0.725818 -0.806412 
0.53982 1.02135 -0.39524 -0.789977 -1.55436 0.0788195 0.170297 -0.551257 -0.519013 -0.851793 -2.33838 -1.16128 0.996374 -0.365247 -0.112115 0.0772933 1.22552 0.783694 -0.282819 -0.214954 0.247435 0.449311 0.140704 0.5695 0.989925 0.0950514 -0.4667 0.821541 0.0519965 1.19854 -0.15816 0.14141 -0.173175 -0.990853 1.58323 0.370266 0.105834 -0.126629 -0.408239 
0.431161 0.900061 -0.511081 -0.717632 -1.08176 0.38946 0.259693 -0.383105 -0.798382 -0.485277 0.680895 0.0136573 0.197193 -0.496767 0.5783 -0.334691 0.0753203 0.19308 0.440813 -0.190434 0.00402922 0.58406 0.327702 1.91177 0.789414 -0.771967 -0.822064 0.340616 -0.644589 0.682148 0.3395 -1.01745 -0.535833 -0.62006 0.172315 0.674596 0.399467 0.427154 0.223406 
0.375208 1.30935 -0.542014 -0.712175 -1.46415 0.280566 0.0807173 -0.524914 0.101233 -0.632323 0.226277 -0.404663 0.159847 -0.851192 0.607056 -0.927415 -0.349219 -0.336857 -1.17297 -0.445927 -1.00737 -0.313704 0.684967 -0.0901129 -0.478431 0.163283 -0.793924 0.383321 -0.856393 0.525102 0.234664 0.234494 0.423922 -0.766809 0.71019 1.07047 1.22395 0.607421 -1.03566 
0.169755 1.20199 -0.90538 -0.937971 -1.25847 -0.0860742 0.0358461 -0.975705 -1.06687 -0.0291576 0.545198 -0.519638 0.387473 -0.679209 -0.02565 -0.799768 0.584386 0.107622 -0.118606 0.704905 -0.932949 0.194318 0.996906 -0.527042 -0.0793401 -0.309364 -1.25562 0.745527 -0.868913 0.119174 0.850367 -1.0226 -1.01044 -0.693651 0.0553049 0.644024 -0.743794 -2.14313 -0.382047 
0.16077 1.3047 -0.883007 -0.276873 -1.41698 0.247532 0.461656 -1.07197 0.335658 0.0304228 -0.498796 -0.531921 -0.168789 -0.98867 0.435053 -0.223852 0.449076 1.49581 -0.290134 -0.796176 0.162693 0.309483 0.102172 -0.685876 -1.84146 -0.549159 -1.18713 -0.231996 -0.399906 0.530095 1.5353 0.00875338 0.483422 0.105075 -0.0243902 -0.127444 -0.3694 -1.40257 -2.32286 
-0.129196 1.42058 -1.00587 -0.597693 -0.512104 -0.191095 -0.372064 -0.852265 -0.718436 0.0409235 -0.394129 -2.43969 -0.204434 -1.06217 -0.253198 0.278125 0.0822061 2.00608 0.120219 -0.117567 1.00803 -0.293775 -1.18208 0.162162 -1.42476 -2.14156 -0.746923 0.263887 -0.253379 1.28219 0.494908 0.637326 0.424002 -1.22212 0.384973 -0.0587915 -0.616968 -0.632205 -1.1968 
-0.158255 1.1898 -0.773864 -0.194235 -0.413607 0.314731 0.410369 -0.431212 0.0869004 -0.750171 -0.294197 -2.02802 -2.50898 -0.119722 -0.0437991 -0.101085 1.2548 -0.832343 1.18444 1.31075 -1.61592 0.0802546 -0.200817 0.0491504 1.18598 -0.70362 -0.853561 0.0992201 -0.107256 -0.160153 0.885588 -0.287217 -0.174189 0.286173 -0.792998 0.599499 0.914943 0.202017 -0.246762 
-0.190837 1.40714 -1.05508 0.30842 -0.938374 0.322739 0.327257 -1.81728 -0.596927 -0.0896925 -0.341972 -1.2796 -0.965923 -0.199559 0.421933 -0.406897 -0.367592 -0.79803 -0.53894 -0.100431 -0.724408 -0.724182 1.9131 0.883252 1.68825 1.89963 -0.511231 -0.0658094 0.34014 0.234044 0.0781271 1.01777 1.88372 0.278688 0.498552 -0.361229 -0.616266 1.98843 -0.762347 
-0.241699 1.40202 -0.950791 -0.427478 -0.822595 0.105289 0.368087 -0.850649 -0.587935 0.519453 0.883087 -0.356919 -0.412379 -0.649759 -0.0104756 0.572924 -0.996515 0.914844 0.250165 0.991445 1.89092 0.445213 -0.279002 -0.685106 1.04539 -0.0868995 -0.65635 0.211595 -0.224977 -0.368775 0.28285 0.943553 0.374298 0.285288 0.665981 1.7755 -0.140735 1.33285 1.36867 
-0.397231 1.40984 -0.822831 -0.366495 -0.484626 0.444474 0.858778 -0.636217 -0.114131 -0.272097 -1.28026 -0.262544 -1.05032 -0.778595 -0.101342 0.120088 -0.205522 1.1659 1.86815 0.554131 1.00701 1.44973 0.300085 -0.997042 -0.179055 -0.422722 -0.970824 -0.315505 -0.0723621 -1.69608 0.370133 0.634779 1.32802 2.78418 1.27289 1.1139 -0.221102 1.63248 1.56835 
-0.483279 1.3607 -0.907645 -0.546903 -0.242396 0.906066 0.669791 -0.210513 0.889273 0.72063 -0.475974 -0.585628 -0.865471 -0.780589 -0.38122 -0.654853 -1.40719 -0.425307 0.640522 0.630215 1.26923 1.0056 1.65835 0.483067 0.793868 1.77627 -0.664383 -0.226166 -0.133809 -0.382486 0.507511 0.845057 0.917817 0.387022 0.236078 0.581852 -0.299784 0.717438 1.12572 
-0.639356 1.23291 -1.10331 -1.32982 -0.705882 0.730035 1.20046 0.164388 0.923414 0.82878 -0.642789 0.498608 0.910851 -0.211109 -0.169628 -0.284506 -0.386501 -0.484868 -0.678824 0.565184 -0.607258 -1.23792 0.408697 0.708605 1.01032 1.64113 -0.533094 -0.287827 0.24736 -0.598667 -0.00203428 0.826838 0.353274 1.50077 0.163843 0.391593 1.39562 -0.337445 -0.253257 
-0.569877 1.28629 -1.03346 -0.793424 -0.49365 0.637917 0.977304 -0.558258 -0.294135 0.993751 0.465726 0.395747 0.947328 -0.0203295 0.026926 1.00214 0.517017 0.396068 0.522925 -0.202261 0.413039 -0.880114 -1.18936 1.09016 -1.12464 -2.02511 -0.447313 -0.453938 0.373436 0.425671 -0.0723374 -0.752347 0.60114 0.109729 -0.454606 0.273334 0.291927 0.168344 0.832687 
-0.673852 1.25374 -0.69181 -0.941825 -0.513429 0.966243 1.10467 0.441032 0.0942152 0.043365 0.813598 -0.69215 -1.30149 -0.466462 -0.409137 0.801044 0.909073 0.357631 -0.400469 0.166316 0.687699 0.62435 -0.0887529 -0.347304 -0.783928 -0.734511 -0.0342382 -0.549837 0.621807 1.45628 -0.0741942 0.0628905 1.12409 -0.376272 -1.26123 0.294165 -0.293598 -0.179503 0.159531 
-0.726213 1.09583 -0.705944 -0.130103 -0.320558 0.48659 1.0752 -0.113531 0.365997 0.937365 -0.0168972 -0.448365 0.151924 -0.0632635 -0.735283 -0.152172 1.42696 -0.525893 -0.444427 1.57419 -0.892243 -0.697382 1.53555 -1.37181 0.967854 2.21548 -0.641118 -0.486121 0.903338 0.20284 0.459414 0.883759 0.848306 0.859997 -0.575646 -0.480968 0.288892 -0.56432 -0.130418 
-0.720074 0.905238 -0.762362 0.0851888 -0.785347 0.796467 1.94243 -0.0811154 -0.55409 1.06291 -1.05099 0.246016 1.14188 -0.489788 -0.213119 0.426866 -0.693826 0.256357 1.64476 0.867872 0.2567 -1.38257 -0.541978 0.705273 0.203231 0.616372 -0.39938 -0.821366 0.156855 0.78455 0.263914 0.00784951 0.739163 -1.22608 0.0925889 1.44153 -0.734116 0.575696 1.64279 
-0.888919 1.00034 -0.534686 -0.592449 -0.198475 1.19361 1.54178 0.0674383 -0.960601 0.580767 0.920309 -0.288133 0.839648 -0.545381 -0.339999 0.377958 -0.409424 0.867368 0.444756 -0.673661 -0.565541 0.737717 0.256713 0.606444 -0.292728 -0.4469 -0.663639 -0.571743 0.424013 -0.491214 -0.284669 0.722512 0.481038 -0.089346 -0.266573 0.0686428 -0.922375 0.242541 0.0651719 
-0.897963 0.748275 -0.611528 -0.177431 -0.355512 0.999869 1.59891 -0.403331 0.218268 1.23535 -0.24709 -0.0983438 0.662244 -0.498846 -0.52484 0.15757 -0.0481541 -0.679569 -0.62947 -0.283454 -0.4055 0.993698 0.603943 -1.67736 0.104898 -0.526401 -0.882102 -0.649293 0.587296 -0.81424 0.60106 0.369075 -0.568377 -0.100733 -0.183731 0.0977248 0.951868 0.0123756 -0.797889 
-1.0541 0.753816 -0.475887 -0.601359 -0.547796 0.946177 1.40332 -0.156837 0.0651633 0.983217 -1.35643 -0.227946 0.272727 -0.75739 -0.502756 0.425679 -0.778067 -0.055935 0.0685818 -0.0270749 0.403628 -1.02759 -0.158095 0.479516 0.347309 -0.381436 -0.596244 -0.704754 0.874383 0.451035 -0.0091161 -0.574125 0.668307 0.197698 0.178005 1.42615 0.303031 1.07387 0.219557 
-1.13375 0.512449 -0.440766 -0.698937 -0.390723 1.0454 1.59518 -0.132446 -0.756923 1.13304 0.385591 0.208475 0.254479 -0.392879 -0.39286 1.03147 0.605708 0.640459 -0.196713 1.09721 0.58724 -0.85129 1.16895 2.05085 1.11901 0.78064 -0.786127 -0.513569 1.18401 0.0115828 0.0011015 0.0935796 0.0495812 1.12739 -0.671089 -0.84734 0.773432 0.915508 0.893528 
-1.19034 0.57124 -0.0521421 -0.151083 -0.23225 0.880364 1.99042 0.226412 -0.735502 1.75992 1.39583 0.864009 1.1408 -0.407375 -0.15659 1.17902 0.729536 0.0310675 0.0535007 0.0831143 0.848678 0.155316 -0.934388 0.410509 0.702149 1.35279 -0.76548 -1.10438 0.153784 -0.0647178 0.978574 -0.0256581 -0.530685 -0.758348 -0.26071 0.512914 1.82379 0.773759 -0.291794 
-1.27395 0.444356 0.0445984 -0.161699 -0.382113 1.08459 1.64935 0.410795 -0.561107 0.51651 0.925187 0.876312 1.75071 -0.742196 -1.06487 -0.809807 -0.759471 0.697204 0.149455 -1.75179 -1.50642 0.469427 -0.547048 -0.00746165 -0.2257 -1.07049 -0.64975 -0.664307 0.35901 -0.428007 0.719211 0.209331 -0.387137 0.0385995 0.726895 -0.561428 -0.6409 0.395605 1.87155 
-1.42198 0.0630434 -0.397327 -0.65953 0.111878 0.959832 1.08032 -0.67159 -0.228734 1.39996 1.37163 0.587843 -0.023468 -0.561288 -0.706454 -0.681851 -1.38434 0.945061 0.232971 -0.561897 -0.850145 0.643024 0.202252 -1.07351 -0.225409 0.659188 -0.512453 -0.828614 0.289361 -0.751774 -0.232534 0.373715 -1.28196 -0.403921 1.88368 -0.727785 -2.60357 -0.070617 -0.0891628 
-1.45618 0.109828 -0.247151 -1.10897 0.0868538 1.19911 1.36456 -0.0855893 0.117511 0.652883 -0.537027 0.600443 2.48544 -0.0290414 -0.0202093 1.21348 -0.341867 -1.04774 0.370472 0.177166 0.995374 1.71129 -0.394755 -2.81068 0.188858 0.996242 -0.776399 -0.875559 0.834443 -0.598482 0.606073 -0.0994077 -0.105075 -0.109435 0.650638 -0.220515 -1.36878 -0.964048 -1.24208 
-1.45885 0.0610334 0.102425 -0.874706 -0.422884 1.13206 1.18392 -0.0385752 1.50741 1.14088 -2.43387 0.733453 1.08131 -0.589488 -0.44206 1.81727 0.49442 -0.126639 -0.384967 0.428537 0.678212 0.0641879 -0.504724 -0.388754 -0.795624 -1.96015 -0.316981 -0.128315 2.00048 0.646795 0.943368 0.888565 0.0610007 1.83113 1.06817 -0.707347 -0.257902 0.511078 1.47392 
-1.64612 -0.0965887 0.504751 -0.736851 0.0160307 1.05429 1.60026 0.353333 0.223115 0.320962 -1.07556 -0.255568 0.344411 -0.461119 -0.118532 1.48731 1.16941 2.33633 0.88064 -0.107141 1.06731 -0.505121 -0.52129 2.56823 0.415086 0.592651 -0.482939 -0.571124 1.78602 1.07627 1.0397 0.44307 -0.914543 1.04122 0.20251 -0.124678 0.247431 0.0371043 -1.04979 
-1.61373 0.0113816 0.716532 -0.0285588 0.746833 1.51839 1.13811 0.638462 1.04943 0.79799 1.0163 1.10923 1.74299 -0.13931 -0.295062 0.595609 0.92545 1.54951 1.00339 -1.5532 0.474871 0.107504 0.323039 0.701196 0.877446 0.863788 -0.52065 -0.459595 1.07782 0.111757 1.07136 -0.287195 -0.309696 1.82046 0.258494 -0.696515 1.92139 0.668793 -0.0836129 
-1.71311 -0.231778 0.746477 -0.0620286 0.789446 1.49214 0.794522 0.667816 0.3716 0.537343 -0.143856 0.590616 1.30377 -0.321906 -0.467878 -0.0251664 -1.07978 -0.869337 -1.29933 -0.276804 0.983098 0.743715 -0.381103 -0.417674 0.362594 -0.660989 -0.374101 -0.744675 0.378388 0.264176 0.535237 0.245621 -1.16086 0.862204 0.675894 0.169584 0.157638 0.501837 0.681423 
-1.73059 -0.207545 0.699018 -0.761951 0.30193 0.989827 1.00314 1.26396 1.82772 0.547954 0.438755 1.4316 1.02831 -0.432985 -0.676585 -0.0724234 -0.625609 -0.829832 -0.665381 0.126889 0.47207 0.629888 -0.133854 -0.487352 -0.283682 -0.118117 -0.552285 -0.857431 0.184862 -0.317487 -0.174953 -0.703296 -1.12999 0.994723 -0.232166 -0.534008 -0.773525 -0.0226093 -0.102093 
-1.8603 -0.551833 0.709229 -0.476468 0.364441 1.22963 0.871702 0.980585 1.03721 0.451083 -0.815392 0.255459 1.1851 -0.506609 -0.656139 0.288551 0.577404 0.599061 0.289698 -1.1117 0.116442 -1.09147 -0.316475 -0.390961 -0.346552 0.572987 -0.291995 -0.680302 0.29872 0.133593 0.133096 -0.904804 -0.0935912 1.7919 0.884724 0.220712 -0.353202 -0.839643 -0.365884 
-1.89789 -0.517693 0.812515 -0.331551 0.596625 1.12815 0.42942 1.3591 0.789299 0.340727 -0.102758 1.03248 1.6684 -0.0212469 -0.208073 0.488657 0.745352 0.988956 -0.630429 -0.246184 1.54545 0.35706 0.387477 0.140259 -0.600308 -0.250561 -0.389446 -0.974992 0.375147 1.2837 0.887104 1.18248 0.230749 0.743418 0.38785 0.199511 0.0160839 -2.14279 -0.766593 
-1.89505 -0.644871 0.906291 0.0718764 0.855518 0.981797 0.752824 1.95023 1.43274 0.710148 -0.640338 -0.401835 0.921025 -0.0877515 -0.626742 0.230284 1.12855 0.611098 1.37883 1.38961 0.693713 1.48464 0.543379 0.449368 -1.97296 -1.36803 -0.151568 -0.228467 0.351976 1.08656 0.331383 0.0595476 0.0536651 -0.00352248 -1.45866 -0.186691 0.946651 -0.221358 -0.548907 