-0.828162 -0.95422 0.935739 -0.428159 1.15045 0.431044 0.238325 0.79836 0.618542 0.73893 1.97794 0.649968 -0.678168 0.152323 0.230071 1.01771 1.01514 -0.00626449 -0.677022 0.864924 0.416232 -0.455661 0.207052 -0.701162 -1.37075 -2.27231 2.04656 -2.20195 -2.13765 1.16196 -0.0661993 -1.43118 -1.15897 0.514867 1.43363 0.980155 -1.43142 0.0194067 0.280627 
-0.796 -0.802674 1.4669 0.253234 1.04573 0.63915 1.11238 1.10562 0.608604 1.00588 1.52683 0.435318 -1.31108 3.43708 -3.04648 -1.56227 2.22427 0.212461 -1.19052 -0.298371 2.02211 0.522988 0.973492 -0.950435 0.127904 0.021725 2.13126 -0.915468 0.157593 1.21641 -0.0225306 -1.47094 -0.636548 1.33042 0.0953699 -0.178918 -1.66701 -1.27847 -2.38858 
0.138601 -2.6805 0.228224 0.922476 1.27543 -0.0762295 0.07849 2.44803 1.12285 1.84035 1.28573 0.766597 -0.646861 3.10915 -1.50922 -0.824896 0.664593 -0.0439422 -1.20111 -1.72526 1.1357 0.592273 -0.426914 -1.43654 -0.202471 -0.408182 0.617987 -0.0947795 0.889777 0.210447 0.146258 0.573669 0.0842152 -0.0330901 0.296207 -0.250145 -0.09608 -0.288028 -0.530794 
0.0759854 -1.65118 1.09403 0.667911 1.02607 0.127205 0.0649804 2.04304 1.17928 0.519875 0.485073 0.20645 -1.69702 -2.49238 2.90689 2.78253 -1.94631 -0.0177531 1.93549 0.395139 -2.09063 -0.136964 -1.28265 0.818242 -0.477864 -0.597013 0.501799 -0.393863 -0.0997209 -0.162248 0.500794 1.03149 -0.0718661 0.680004 0.723264 0.120834 -0.54441 -0.89913 0.747575 
-0.608358 -1.0074 1.49253 -0.229646 1.27054 0.796169 0.350035 0.793028 0.995004 0.384318 1.86528 0.249731 -1.21607 -2.34233 0.954345 0.656635 -0.905977 0.753087 2.53342 1.61477 -0.356747 0.324096 0.582852 0.731995 -0.902239 1.28151 -1.92506 1.94065 1.95179 -0.555026 0.0924957 1.32246 1.29733 -1.66257 0.632259 -0.241724 -0.33326 -0.269773 1.13942 
-0.627606 -1.09298 1.39353 0.140092 1.45602 1.2635 1.09516 1.78125 1.49307 1.17848 1.00261 -0.754214 -0.443032 -0.456237 -0.220194 -0.0719885 1.1576 0.134451 -0.22987 1.31254 0.0855729 0.940319 0.984049 -1.25323 0.150449 1.91437 -1.67961 1.11821 0.540719 -0.581228 0.406235 1.05001 0.634602 -1.19964 0.888977 0.543771 -0.143352 0.449626 1.22792 
-0.766834 -1.11986 1.46136 0.480886 1.35151 0.71288 1.19222 0.88665 1.89906 1.4977 0.955338 0.389937 0.652137 -0.230514 0.59036 0.0738062 0.0807555 -0.18115 -1.17735 -0.787137 -1.09816 0.798065 0.103324 -0.924537 1.46333 0.136136 -0.184358 0.0853631 -0.485863 0.136237 0.409193 -0.121257 -0.097098 0.282814 0.570731 0.588599 -0.631409 0.0793597 0.88926 
-0.720844 -0.742623 1.42852 0.20441 1.35895 0.762044 0.631305 0.923724 2.26087 1.29352 0.329015 0.758961 -0.300683 0.172573 0.330743 -0.638131 -0.983056 0.441779 0.0832961 -1.45654 0.22134 -0.213375 -0.241672 0.437614 -0.0466633 -0.880483 -0.230917 -0.385821 -0.473602 -0.27123 -0.120834 -1.30759 -0.546512 -0.886391 -0.0868872 0.138852 0.532137 0.17343 -1.62581 
-0.743573 -0.917744 1.17325 -0.0931884 1.60584 0.767809 0.311982 1.08936 1.69803 1.22167 1.2612 0.324009 -0.192192 -0.12443 -1.13407 -0.76672 -0.474003 -0.0116974 -0.491213 0.0463575 0.0155363 -0.88779 0.0752026 1.59435 -1.24336 -1.95226 0.0809401 0.813554 0.0113572 -0.990023 -0.341209 -1.21271 -1.59051 -1.09174 -1.70689 -1.91164 -0.273276 0.619176 -1.01192 
-0.783422 -1.37692 1.08206 -0.0641829 1.35748 0.563411 0.685899 0.96107 1.41383 1.37669 1.46663 -0.558436 -2.18523 -0.0500743 0.790934 0.625741 -0.41181 -0.954392 -1.63013 -0.67058 -1.54801 -1.88816 -2.15051 -0.796022 0.817156 -0.240007 0.728409 1.60348 0.232507 -0.24738 -0.815093 -2.78261 -2.44943 -1.82629 -2.58944 -1.24348 0.0445427 -0.625652 0.338876 
-0.78466 -0.452855 1.45873 -0.324459 1.07259 0.0665143 -0.0793767 -0.129627 -0.107252 -1.21811 0.680014 1.16144 -0.414909 1.23818 3.3526 1.06466 0.113991 -1.18853 -3.0697 -3.31404 -2.21517 -2.30976 -1.62971 -1.54702 0.476412 2.36246 0.878183 1.99134 1.0967 1.04801 -0.806686 -2.77982 -1.90548 -1.32527 -1.35291 -0.693408 -1.25782 -1.79061 0.601592 
-0.45218 0.550685 1.56673 0.020079 0.692152 -0.773241 -1.34976 -0.793997 -0.795289 -0.472747 0.345438 -0.0773489 0.117879 1.39313 1.96616 0.884881 1.85689 -0.233635 -1.9272 -1.87478 -0.0561905 0.226213 1.28563 -0.819286 -3.0229 0.947911 1.04267 2.70815 0.989638 0.99428 -0.676477 -2.58835 -1.98781 -0.838377 -0.91438 -0.444859 -1.16241 -0.593919 1.91559 
-0.408637 0.683087 1.86181 0.805715 0.945924 -0.765896 -1.21978 -0.149914 0.112782 0.237126 0.0821002 -2.01695 0.515306 0.356689 0.399826 0.295731 1.25621 0.189436 -0.241992 0.659349 1.18961 1.1924 1.07644 0.0535074 -1.20417 -0.16557 1.1303 1.51056 0.302802 1.06583 -0.537483 -1.87063 -1.178 0.674213 0.179234 0.231106 -0.717787 -1.97486 1.18677 
-0.375706 0.79225 1.70244 0.789787 0.80414 -0.861879 -0.913868 0.186741 0.350237 0.745361 0.375107 -1.35376 -0.0325924 0.335901 0.123349 -0.488299 -0.38698 -0.563774 -0.463698 0.295443 0.828258 0.014547 -0.991444 -0.106601 0.58959 0.423099 0.320054 0.0632415 -0.389673 1.16732 0.550438 0.116635 -0.450676 -0.124483 -0.0283625 -0.197422 0.483625 -0.326722 0.500579 
-0.338171 0.766784 1.64171 0.589345 0.633022 -0.952385 -1.01025 0.540471 0.130066 -0.888804 -0.00335673 -1.4175 0.936165 0.131885 -0.319994 -0.87087 0.355114 0.591742 0.400618 -1.27287 -1.36675 -1.20945 -1.3195 0.554373 0.806417 0.759008 0.118222 0.044799 -1.10561 -0.138659 0.00987843 0.120191 -0.557812 -0.450878 -0.754807 -0.473895 0.0867664 0.745133 0.421788 
-0.364204 0.622798 1.30871 1.01875 1.14307 -0.6669 -1.67986 -0.886604 -0.804918 -0.752432 0.764925 -0.527563 0.714283 -0.156325 -0.0691245 -1.09148 0.178466 0.560594 0.626886 -1.05123 -1.3933 -0.933736 0.401768 0.207837 0.336467 0.0810553 0.383366 -0.226625 -0.392533 0.148161 0.376994 0.731939 -0.342776 -0.359781 -0.628423 -0.696646 0.0440752 1.21346 0.681119 
-0.409967 0.740578 1.14785 0.712298 0.954382 -0.657542 -1.63838 -0.554208 -0.760988 -0.435464 0.137283 -1.08276 1.02506 0.453618 -0.00266723 0.291717 -0.163952 -0.0622332 0.547401 0.80263 0.909972 0.447214 0.450557 -0.507639 0.698051 0.0390139 0.764734 -0.996741 0.158549 -0.67642 1.08627 0.171371 0.602378 -0.327659 -0.869542 0.39185 -0.344835 1.29821 -0.593093 
-0.259716 0.634539 1.4426 0.936216 1.11309 -0.407138 -1.15485 -0.13056 -0.373193 -0.243787 0.391101 0.185309 0.76237 1.32569 -1.32288 1.28564 -1.13633 0.99809 -0.398037 1.83607 0.974697 -0.127937 0.0939439 -0.6576 1.27267 -0.726939 1.62022 -2.31135 1.13778 -1.39481 -0.00722446 0.178695 1.12101 1.01325 0.871462 0.511227 -1.65506 0.371275 -1.06745 
-0.0534337 -0.00152478 1.73282 0.046242 1.52254 -0.815051 -0.470539 0.253843 -0.880186 -0.331056 -0.34437 0.23103 0.329749 2.02547 -3.21473 1.27656 -1.79498 0.0342358 -0.309156 0.670902 0.265016 0.653197 0.194818 -1.6148 -0.233732 -1.22242 3.13627 -3.04292 -0.372949 -1.38829 -0.618214 -0.0990982 1.33178 1.03553 0.244072 -0.345008 -0.980154 1.32032 -0.485069 
0.299068 -1.18781 2.02344 -0.12509 1.13753 -0.525419 -0.711773 0.107248 0.255839 -0.025034 -0.778831 -0.0762506 -0.413826 3.47441 -2.91034 -1.83731 -0.813509 -1.91264 0.279892 -0.0826562 0.226775 0.449217 -0.522034 -0.603235 0.363777 0.203465 2.96101 -2.5333 -2.38332 -0.583715 -1.06529 -2.21382 0.142189 -0.0525252 -1.69405 -0.0185431 -1.5738 -0.454304 -0.637388 
0.92412 -1.65007 0.900482 -0.426087 0.44873 -0.673355 -0.496194 0.460925 -0.446543 -0.924888 -0.786932 0.594328 0.537443 2.50632 -0.310855 -4.6493 0.966289 -1.5975 -2.52204 -0.49715 -0.356634 -2.73879 -0.213618 -0.403903 -0.32159 0.526344 2.81845 -1.88642 -3.11214 1.17234 -2.34398 -1.58284 -0.5668 0.68662 -0.555665 -0.213104 -1.23337 -0.36409 -0.157426 
0.996825 -1.35205 -0.0850668 0.470634 0.241497 -1.62036 -0.995253 -0.154452 -2.36424 -0.269262 -1.07806 -0.429689 0.107238 0.839121 0.282976 -2.55816 2.43183 -1.50602 -2.30158 -0.685064 0.560038 -1.1211 0.259312 -0.980869 -0.807678 -0.355661 2.40619 -0.561691 -3.29224 2.29831 -2.46973 -1.85944 -0.0190802 1.14824 -1.19079 -0.445324 -0.534205 -0.761034 1.16314 
1.14003 -1.47522 -0.259001 1.04911 -0.395698 -1.671 -0.896562 0.935789 -1.51707 -0.633028 -1.50103 -0.267448 0.202479 1.17607 -0.477061 0.00110574 2.22105 -2.00363 0.14549 0.456751 1.69206 1.27818 -0.340239 -0.287617 -0.612562 0.817887 1.20255 -0.0957452 -1.58489 2.87358 -2.58453 -1.61256 -0.376185 0.0338954 -0.98612 0.147164 -0.868129 -1.48762 -0.370308 
1.31011 -1.61119 -0.0830673 1.81934 -0.883636 -1.53798 -0.685384 1.23001 -1.13655 -0.65702 -1.29368 -1.08742 0.911258 1.00053 -0.423905 0.305829 1.55713 -2.26168 0.241771 0.170462 -0.54895 -0.0853491 -0.0703642 -0.136952 -1.02386 -0.037768 1.10739 -0.65613 0.15468 1.93165 -2.55555 0.584687 0.425937 0.933533 0.948035 -0.0568086 -0.359239 -0.0177454 -0.319493 
1.40258 -1.70401 -0.118707 1.99939 -1.6664 -1.54613 -0.764771 0.519559 -1.59547 -0.714871 -1.60831 -1.3553 0.176045 0.517898 -0.441989 0.187623 0.455353 -1.72202 0.613614 0.0937928 -0.611803 -0.0826747 0.273465 -0.180534 0.596418 -1.15373 0.792459 -0.534846 0.0550045 0.917248 -2.36504 0.940677 -0.131607 -0.978126 -0.0441487 0.509651 0.282546 0.20759 -0.736618 
1.43318 -1.8503 0.00357987 2.10845 -1.84991 -1.249 -0.601284 0.76328 -1.21239 -0.349117 -1.4323 -0.480832 -0.198273 0.211282 -0.326737 -0.256971 -0.294263 -1.18753 0.974045 -0.360287 -0.642691 0.0486991 0.713763 0.488128 1.28601 -0.770755 0.357617 -0.313726 -0.278339 0.246493 -1.84281 1.02554 -0.540096 -1.72466 -0.367668 1.59476 0.256815 0.914115 -2.19893 
1.43703 -1.87731 -0.233832 1.83866 -2.33117 -1.09806 -0.963119 0.0280069 -1.54547 0.0921304 -1.26613 -0.0275499 -0.561787 0.0281848 -0.00161667 -0.606532 -0.127168 -0.969445 0.711079 -0.826052 -1.46705 -0.355742 1.73034 0.498861 0.538343 -1.31184 0.0902263 0.445428 -0.796195 -0.296921 -1.01239 0.671906 0.0488441 -0.632889 0.662415 1.44381 0.386194 0.870444 -1.4531 
1.41471 -1.83796 -0.270187 2.048 -2.39165 -0.916997 -1.08935 -0.39066 -1.5498 1.61022 -1.0824 0.0650209 -1.46125 -0.0745663 0.937254 -0.888624 -0.134784 -0.298966 -0.103044 0.410085 -0.138656 0.792104 1.1008 -0.00463143 -0.20519 -0.849672 0.174237 0.996275 -1.27643 -0.994289 0.246676 -0.0795154 0.509901 0.116542 0.214354 2.09597 0.484787 1.07908 -0.761893 
1.38886 -1.32888 -0.635622 1.77364 -2.49469 -1.12538 -0.682278 -0.058543 -0.783386 1.33785 -1.27826 -0.259261 -1.37621 0.237149 1.37701 -1.21296 -1.27364 1.30986 -0.8041 1.48809 1.57636 0.640116 0.901823 0.110504 0.800155 0.474677 -0.0549437 0.930782 -1.82962 -0.927413 1.20236 0.448348 1.29379 1.31703 1.34594 0.561322 0.479498 0.184313 -0.97158 
1.45664 -1.03842 -0.819169 1.29954 -1.64763 -1.25372 -0.137961 0.900836 -0.933298 2.6304 -1.01174 0.88467 -0.990336 -0.0109683 0.347201 -1.70714 -1.17284 2.02609 0.687236 1.29289 1.67468 0.89754 -0.392619 0.607244 0.4386 -0.225103 0.0276734 1.73832 -1.67933 -0.859426 1.2721 -0.833118 1.29303 0.68381 1.23064 -1.66005 0.290895 -0.475224 0.0176917 
1.35908 -1.11736 -1.40888 1.08567 -1.34663 -0.803899 0.147687 1.31196 0.0796959 0.89072 -0.850431 0.182284 -1.58446 -0.1962 1.02876 -1.17191 0.060759 0.51846 -0.255743 0.213865 -0.792884 0.90635 -2.97859 0.25133 -1.38131 -0.428435 -0.0122989 1.00206 -1.26061 -0.755292 1.56483 -0.705951 0.671103 0.244562 0.734055 -1.80314 0.313953 -0.255533 -0.448287 
1.37332 -0.437735 -1.34952 1.35186 -1.35003 -1.34843 0.0208266 0.288601 -0.0617771 -0.748051 -0.83983 -0.576997 -1.39593 -0.0092785 1.03623 -0.0901434 0.105061 0.226993 -1.58393 -0.416784 -1.41323 0.0322302 -1.86354 -0.215972 -0.748427 -0.256689 -0.172959 0.805035 -0.943786 -0.237091 1.02763 -0.261996 -0.601739 0.189385 1.15879 -3.21124 -0.30353 -1.62195 -0.144057 
1.32978 -0.51241 -1.44829 1.16458 -1.21346 -1.48481 -0.085804 0.201265 0.113918 -1.22377 -1.01453 -0.617528 -1.82337 -0.0700119 0.0810931 -0.180798 -0.406435 0.955127 -0.0713898 -1.02798 0.988762 0.550887 -1.04291 -0.648362 -0.616125 0.291387 -0.123582 1.30235 -0.380007 -0.213948 0.629658 -1.55046 -1.47718 -1.03233 0.754616 -2.54782 -0.207643 -0.988696 0.359085 
1.32647 -0.378166 -1.43008 1.12381 -0.806115 -1.36177 -0.592844 1.10795 0.469254 -1.93231 -1.31484 -1.23845 -1.1029 -0.181338 0.764168 -0.471432 -0.418488 0.669134 -0.396213 -1.55984 0.15717 0.923074 -1.32623 -0.0586454 -0.466903 0.68979 -0.329654 0.659164 -0.690764 -0.774252 0.963131 -0.177641 -1.38589 -0.161067 0.539933 -1.46875 0.147694 0.246762 1.0724 
1.25076 -0.0628044 -1.66075 0.9293 -0.830872 -1.64151 -1.0303 0.352417 1.00146 -2.7292 -1.06551 -1.12293 -1.14367 -0.436095 0.826207 -0.816851 -0.687759 0.424875 -0.14752 -0.827417 -1.20938 0.137811 -0.794027 0.827379 0.926663 0.950029 -0.471725 0.894001 -0.116702 -1.19661 1.35651 0.182464 -2.02308 -0.482781 0.728297 -0.142919 1.13228 0.815593 0.95678 
1.17381 0.106863 -1.79929 0.726947 -0.561314 -1.40872 -1.08176 0.161059 0.60461 -2.83446 -0.728718 -0.286505 -0.170633 -0.542275 0.469215 0.279342 -1.26425 1.28166 0.639293 -1.14169 -0.760122 -0.000453746 1.1515 1.49463 1.47998 0.420604 -0.866078 1.25505 0.280147 -1.27158 0.916977 0.501806 -1.50626 -1.50528 0.0917818 0.88095 1.40649 0.77357 0.894076 
1.06741 0.218382 -1.53248 0.186482 -0.102751 -1.34119 -1.7147 -0.233493 1.00437 -1.426 0.000404305 0.407662 -0.725237 -0.891259 0.908511 1.18164 -1.09945 0.888157 0.800294 -1.18782 -0.608755 -0.0056541 1.90292 0.95867 0.0345154 0.0893107 -0.802726 0.752852 0.979608 -0.931733 0.477928 0.991892 -1.16464 -1.40043 -0.498499 1.33307 1.2472 0.782661 1.63928 
0.889605 0.638888 -1.26153 0.0830262 -0.0551732 -1.03734 -1.79485 -0.303226 0.602543 -0.679493 -0.0481904 -0.267539 -0.0737309 -0.688089 0.568176 1.06697 -0.0493906 -0.605698 0.642228 -0.419915 -0.933398 -0.600437 0.524218 0.0880622 -0.507576 1.46318 -0.625963 0.701484 1.88339 0.215847 0.521977 0.818184 -0.00561478 -1.06546 -0.137797 2.63603 0.9708 0.471706 0.824309 
0.841928 0.556075 -1.04675 0.172699 -0.439303 -1.03958 -1.95014 -0.958634 0.432579 -0.833854 0.0549203 -0.140275 0.70507 -0.068487 0.0575513 1.43292 1.38493 -0.148276 0.258371 1.1653 -0.68668 -0.147294 1.40632 0.271157 0.553842 0.870971 -0.526906 0.722993 1.26001 0.980192 0.195864 0.465112 0.354507 -0.422517 -0.644268 1.90855 0.591513 -0.49718 0.868266 
0.843195 0.685014 -0.609722 0.929977 -0.13369 -0.905141 -1.04425 -0.830124 0.464804 0.912555 0.13798 0.294523 0.781809 -0.120004 0.427753 0.672815 1.39996 0.872385 -0.0365293 0.875606 0.402066 -0.181478 1.87298 0.657552 -0.1007 -0.453088 -0.274951 -0.195867 1.02768 0.479712 0.0201216 0.323858 1.05735 -0.828539 -0.738305 0.574565 -0.221954 0.527398 1.41073 
0.780629 0.813587 -0.739906 1.02867 0.0579411 -1.03753 -1.37973 -0.610703 0.262095 1.28718 0.518928 -0.262714 0.275548 -0.353871 -0.337504 -0.0191455 -0.73176 0.159958 0.166107 0.223699 -0.327186 -0.751402 -0.681539 -0.564046 0.103298 0.753833 -0.332177 0.587583 0.188793 0.878435 0.625682 0.486926 0.946503 -0.296554 -1.44373 0.611781 -0.693275 -0.675614 -0.789419 
0.714305 0.505563 -0.616913 0.506705 -0.0383308 -0.813664 -0.879342 -1.06816 -0.251597 0.137917 -0.276403 0.38542 1.52366 -0.389966 0.380153 -0.436216 -0.191187 0.0179726 0.670213 0.366201 -0.783699 -1.59325 -1.10155 -1.55215 -0.727954 -0.415268 -0.0958054 0.032098 -0.352603 -0.856601 0.805784 0.393549 -0.357451 -0.971433 -1.97662 -0.992772 -1.59511 -2.05901 0.0492751 
0.641306 1.04392 -0.936377 0.929797 0.0732057 -0.723568 -1.12619 -1.21556 -1.26069 0.036444 -0.605949 -1.04112 -0.117267 0.205779 0.374092 -0.503975 -0.477185 0.991731 0.34778 -0.713424 -0.8565 -1.68511 -0.558655 -1.48186 -2.64053 -0.671801 0.10065 0.0576432 -0.633687 -0.900023 0.249509 0.977101 -0.479301 -0.708609 -0.204829 -1.58177 -0.891571 -1.91393 -0.0572889 
0.747163 0.732434 -0.844137 0.236203 0.526237 -0.642005 -1.29735 -1.73151 -1.86237 -0.497427 -1.35074 -2.3931 0.881869 0.542641 -0.308094 -0.481339 -1.07827 0.326553 0.592333 -1.01773 -0.0876376 1.35706 -0.877077 0.4044 -1.6301 0.376544 0.495291 0.178112 -0.823958 -1.2004 -0.0221312 0.58487 -0.604128 -0.59031 0.563275 0.427638 0.0920594 -2.43595 -1.19851 
0.771524 0.881261 -1.15333 0.298588 0.262543 -0.443976 -1.73348 -1.26111 0.042551 -0.959845 -0.32397 -2.76295 0.258409 0.551078 -0.134756 -0.680579 -1.21084 -1.04136 0.41156 -0.103864 0.125756 2.4028 1.09923 1.58985 -0.362243 -0.660128 0.673506 -0.907123 -0.554537 -2.51466 -0.859224 0.802166 0.771235 -1.19003 1.87822 -0.451614 0.601502 -1.11602 -0.444498 
0.879819 0.668752 -1.15151 -0.474563 -0.0560735 -0.442197 -1.3362 -1.6056 0.442557 0.746523 -0.216361 -2.78905 0.251405 0.487057 -0.959472 -0.325148 -2.44114 -1.59081 0.445783 2.0268 -1.35584 0.9936 0.315335 0.353967 0.25751 -0.854043 0.530023 -0.205154 0.0315832 -1.70415 -2.26457 1.59879 2.03246 -1.07383 2.09556 0.467903 1.3539 0.884469 -0.0419626 
0.885677 0.346665 -1.29939 -1.15048 -0.629719 -0.229063 -0.447006 -2.3257 0.997646 -0.604481 -0.0782553 -2.51079 -0.560258 0.258952 -0.158091 0.696571 -1.17915 -2.26208 1.64857 2.78772 -1.43114 0.217768 -0.508174 0.129056 1.46039 0.638772 0.357732 -0.53935 0.532836 -1.59964 -1.78244 1.43686 3.22862 -0.673369 -0.296878 0.406607 -0.998262 2.01573 -0.531166 
0.928046 0.591746 -0.833884 -1.16631 -1.327 0.303569 0.42359 -2.73069 0.654502 0.168403 -0.132368 -1.27895 0.881586 0.0592004 0.202577 1.04453 0.196798 -1.01304 1.40661 2.24545 0.526386 -1.3441 0.198877 -1.63792 2.23781 0.278334 -0.211432 -0.0349205 0.841649 -0.454402 -0.927459 0.473724 2.51522 -0.0563924 -0.23151 -1.3511 -1.76059 2.36327 -1.37407 
0.876171 0.475601 -0.823854 -1.01653 -1.19605 0.409912 0.975479 -1.87787 -0.28649 -0.381127 -1.26481 -0.187682 -0.2799 -0.584064 0.10162 0.456153 0.530655 0.898808 -1.03182 0.537206 1.33492 -0.487095 -1.18125 -2.38623 1.46416 -2.16964 -0.41332 0.41904 1.62422 0.55651 -0.735133 0.947377 1.48129 1.61718 -1.65053 -0.298949 -2.01824 2.82452 -0.0433958 
0.732625 0.663036 -0.625368 -0.83201 -0.81485 -0.133664 0.783504 -1.63319 0.191275 -1.17268 -1.85699 0.235101 -1.21393 -0.693397 0.371299 1.20634 0.563387 -0.0711631 -0.182196 -0.293492 1.36634 -0.68745 -0.569222 -0.948182 1.25642 -0.301315 -0.757272 0.0653762 0.737346 0.819163 0.33416 0.58952 0.520738 1.85225 -1.85282 0.697308 -1.23855 2.22015 -1.05216 
0.649151 0.700878 -0.274878 -0.662584 -1.23107 0.347665 0.818679 -0.755127 -0.941633 -1.02845 -1.9554 1.10911 -0.562118 -0.576712 -0.018824 0.550207 0.59553 -0.431453 1.79713 0.139224 0.837168 -1.79567 2.05992 0.795517 1.28363 1.00355 -0.964419 0.263234 0.715056 0.99666 0.338619 0.348747 -0.109969 1.06538 -1.96433 -0.414907 0.0821666 1.59336 0.344661 
0.539329 0.665551 -0.374168 -0.458778 -1.05311 0.677668 0.895864 -0.935644 -1.5254 1.16025 -1.29378 1.56035 -0.229718 -0.784513 -0.013768 -0.23126 0.810135 0.544989 0.638605 0.132402 -0.129396 -1.7338 0.0534995 1.04355 0.717257 0.718071 -0.97281 0.0946179 0.0708618 0.226165 0.306607 1.08883 0.099752 1.94111 -0.520224 0.180129 0.753991 0.513773 0.290477 
0.395797 0.70628 -0.378334 -0.160567 -0.918514 0.64768 0.926795 -0.834236 -2.59905 -0.969886 -1.21385 1.84207 0.145026 -0.914046 0.142224 -0.479097 -0.295672 0.858828 -0.391245 -0.0218247 1.44053 1.1678 -1.82964 0.157522 -0.643317 -0.648195 -1.08466 0.812094 -0.381102 0.102878 0.783698 0.340511 0.599258 0.838703 0.324155 0.809379 1.50539 -0.00424227 -0.618443 
0.248537 0.760025 -0.590101 -0.620354 -0.563512 0.523157 0.908047 0.246717 -0.403447 -0.91582 -1.18932 0.870462 -0.8486 -0.877483 1.13342 -0.331852 -0.682074 0.574653 -0.192762 0.648297 1.09695 2.15453 0.965669 0.868764 -0.716725 -1.39268 -0.92023 0.275446 -0.232226 -1.09224 -0.0789116 0.355906 -0.696837 1.33655 1.26244 -0.86873 0.409836 0.396244 0.330516 
0.115573 1.36673 -0.527442 -0.554022 -0.589223 0.580769 1.35581 0.072048 -0.531924 0.122662 -0.597967 1.07541 -1.19641 -0.496213 0.232265 0.124897 -1.24163 -0.990845 0.856839 -0.918573 0.118676 0.418156 0.74496 0.356157 1.13848 1.04892 -0.82832 -0.141254 -0.29109 -1.30855 0.029639 1.44061 0.121949 1.09722 1.93636 0.415079 1.12727 -0.92289 -2.49394 
0.0785071 0.905913 -0.531921 -1.3496 -1.11733 0.91949 0.362431 0.366939 0.000444385 -0.0734561 -0.94203 2.04392 0.179651 -0.392065 -1.33754 -0.10495 -1.15665 -0.549161 2.04996 -0.501421 0.177838 0.268335 -0.440836 0.560813 -0.417329 -1.4072 -1.11727 0.39837 0.0231278 0.044593 0.577898 0.489049 -0.767085 -1.12738 -0.252145 1.14409 1.67852 -0.25391 0.152666 
-0.0243569 0.616256 -0.573574 -1.23227 -0.893881 1.50369 1.06967 0.239807 -0.271543 -0.379128 -0.203519 0.621847 -2.55195 -1.2157 0.312909 -0.12077 1.28848 1.81187 -0.220432 -0.115108 -1.4877 -0.713109 0.69384 1.77717 -1.4463 -0.849731 -0.856378 -0.253013 -0.0880904 -0.477086 0.795273 0.360953 -1.66851 -0.895359 0.110149 -0.450085 2.4883 0.330487 0.245305 
-0.299469 1.09785 -0.585233 -0.560531 -0.0901154 0.840368 0.31659 -0.803592 -0.679276 0.710961 0.327039 0.514291 -0.634831 -0.920439 0.978234 -0.0469906 0.476544 1.6856 -1.57789 -1.72927 -1.27112 -0.113369 -0.11899 2.60632 0.831273 1.71137 -1.08038 0.587413 0.15369 0.379761 1.59521 -0.422283 -0.250354 -0.596196 0.321519 -0.522497 1.60597 -0.578256 1.26971 
-0.316996 1.18809 -0.593402 -0.930438 0.0621012 0.825449 0.019787 -0.756696 -0.376787 -0.516091 1.66175 1.47404 -0.880762 -0.439749 0.494761 0.308108 -0.774587 0.485291 -0.312338 -0.232402 0.749957 1.13057 -1.34445 0.263543 0.737889 2.31473 -1.04203 1.07694 0.311989 0.430775 1.2913 -1.15454 -0.435093 -1.43736 -0.650602 0.141351 1.12761 -0.39011 1.42158 
-0.45318 1.39362 -0.443905 -1.0095 0.188766 0.720682 0.19779 -0.176124 0.407017 -0.815116 0.507735 1.26882 1.62194 -0.676297 0.509172 0.456465 0.108432 0.170584 0.105682 1.13644 -0.466292 -0.676412 0.30065 -1.1763 -1.30731 -0.0742756 -0.697715 0.148743 0.227539 -0.722856 0.163965 -0.0963834 0.414716 1.46259 0.0407663 -1.23609 -0.44823 -0.633056 0.537127 
-0.539074 1.4921 -0.384746 -0.849512 0.163455 0.890257 0.752439 -1.10651 -1.02136 -0.177372 0.807124 0.0897613 -0.942627 -0.629847 -0.296206 -0.0171394 -0.247989 -0.26489 0.197676 0.768045 0.959049 -1.06176 -0.200797 -0.845304 -1.51398 -1.67987 -0.912812 0.0454229 0.105194 -0.112346 -0.361429 -0.750622 1.06655 0.598101 -0.371678 -0.301801 -1.4909 -0.364529 1.68086 
-0.661833 1.23775 -0.450186 -1.14246 0.0444662 0.826092 0.701291 0.619354 -0.606673 -1.04481 -0.108887 -0.331582 0.00176864 -0.722605 -0.454081 -0.337178 -0.28028 -0.712538 -1.05969 0.264785 1.14791 0.233015 -0.674571 -0.736565 0.862868 2.00518 -0.670302 -0.0791548 0.119255 -0.175364 0.639501 0.386393 0.752193 -0.415727 -0.567111 0.534857 0.375571 -0.546898 -1.0229 
-0.774536 1.24608 -0.53627 -1.00185 -0.233366 0.440727 0.9429 -0.159281 -0.794807 -0.944112 0.268691 0.974993 1.01372 -0.39778 0.178314 0.156157 -0.0116713 1.1753 0.307032 0.215737 -1.48231 0.375668 0.875797 1.31524 0.8443 0.546938 -0.813653 -0.528848 0.136536 -0.35476 0.517778 0.2716 0.0998616 1.24892 1.81071 0.592805 -0.753622 -0.209466 1.94034 
-0.803414 1.35283 -0.377819 -1.13361 0.712587 0.979766 0.861243 -0.54685 -0.243479 -0.0541358 0.828032 0.534232 0.54282 -0.524488 -0.288231 0.500446 -0.229365 1.44633 1.41712 -0.14724 0.307172 2.03381 1.42222 -0.235071 -1.1158 0.219755 -0.621378 -0.255273 0.404706 0.293961 0.595461 -0.4242 0.232434 -0.809739 0.931033 1.24848 0.938591 1.10345 1.11997 
-0.952739 1.09476 -0.307654 -1.12364 0.587642 1.08434 0.877072 0.112401 1.15668 0.665959 0.0908581 -0.209007 1.23722 -0.554947 -0.540755 0.383422 0.406001 -0.328793 -0.84226 0.0778516 0.490788 0.798722 0.693872 -0.126531 0.524306 0.748379 -0.622304 -0.368855 0.492331 -0.467538 0.243411 0.910877 -0.459747 -1.19451 0.854553 1.10674 0.367323 -0.0236631 -0.12425 
-0.990419 1.05733 -0.202311 -0.874116 0.532238 0.626198 0.935427 -0.127628 0.524947 0.730318 0.728244 1.06541 1.27938 -0.429656 -0.231924 0.162095 -0.437432 -1.11065 -0.239538 -0.478324 -1.75597 -0.954394 -0.0302497 0.694476 1.09235 -0.334357 -0.687626 -0.969619 -0.0834512 -0.740804 -1.34814 -0.0150709 -0.0925082 -0.42061 -0.536804 0.147513 -0.00418734 -0.172335 0.877201 
-1.10353 0.975597 -0.232592 -1.37028 -0.0337551 0.996787 0.605302 -1.2737 0.245836 0.629588 0.581417 0.916207 0.922936 -0.499204 -0.81359 -0.528854 -1.45359 -1.6449 0.831917 -0.215756 -1.01985 -1.44718 -0.504487 0.111652 -0.731379 0.271838 -0.485544 -0.614983 -0.0686702 -0.834572 -0.366245 0.846001 0.0138053 -1.24859 -1.40395 0.0307321 1.77328 1.08407 1.43202 
-1.16131 0.606029 -0.440825 -1.73055 -0.390531 1.01153 0.826981 -0.922239 -0.857924 0.156376 0.799723 0.283422 1.55343 -0.315113 -0.629992 -0.286784 -0.740817 0.561708 1.33389 0.481594 0.242906 -0.770944 0.0732261 1.55982 0.252323 1.98328 -0.573624 -0.641478 -0.298618 -0.806089 -0.600478 0.862112 0.224556 -0.232194 -1.05651 -1.25774 -0.823461 -0.0355209 0.00332031 
-1.22122 0.629135 -0.361247 -1.79899 0.288234 1.60367 0.930624 -1.05365 -0.489283 0.710511 1.6942 1.16295 2.85802 -0.380413 -0.0851149 0.0814877 0.315029 0.75608 0.283105 0.498884 0.714709 0.153323 -1.06789 -1.17245 0.693281 -0.241881 -0.499929 -0.685118 0.20136 -0.919306 -0.229496 0.393167 0.800228 1.20606 0.685078 -0.151697 0.266026 -0.588653 -0.164453 
-1.29788 0.570693 -0.402346 -1.52565 0.0411044 1.15465 1.16306 -0.323093 -0.70771 -1.05621 -0.0521326 0.991305 1.3289 -0.451678 -0.329309 0.541018 -0.555505 -0.912224 -0.820493 0.565974 1.16123 1.63989 -0.258962 -1.22974 -0.973575 -2.14344 -0.532601 -0.23987 1.36729 0.547927 0.845851 0.279852 0.467113 1.50096 1.37465 0.354188 -0.463523 -0.280691 -0.59358 
-1.37838 0.454364 -0.114217 -2.11649 -0.221231 1.25971 1.30843 -0.0957219 1.08488 0.414884 0.801154 0.127684 0.787937 -0.436398 -0.255937 1.80884 0.433196 0.453746 0.0849165 0.106337 1.0399 1.57197 1.51639 0.571163 -1.03418 -0.404555 -0.687845 -0.783571 1.14295 0.823784 -0.275389 -0.338948 0.324509 1.7925 1.31668 -0.743892 -1.20252 -0.546515 -2.1773 
-1.45062 0.437816 0.420065 -1.24983 0.302192 1.21029 1.25496 0.537352 0.801395 0.660601 0.349758 -0.107338 0.946481 -0.602806 -0.766699 1.03451 1.68813 0.495117 0.394638 -0.150118 0.93986 0.0134228 -0.669211 -0.314985 0.304366 -0.297629 -0.622417 -0.71613 1.27214 0.839349 0.502312 0.106313 -0.244694 0.872159 0.902194 1.74846 2.20275 -0.418586 -0.0207464 
-1.57922 0.0298414 0.356778 -1.08759 0.0631932 1.45205 1.24081 0.684337 1.10109 -0.34578 0.565859 0.428852 0.509297 -0.517918 -0.746425 -0.052025 0.721118 0.257601 0.0604671 -0.44633 -0.0325873 -0.433397 0.680109 2.23142 0.522972 0.40724 -0.738089 -1.0431 0.932808 1.84849 0.855425 -0.289596 -0.646505 0.681984 0.0305434 0.0506355 0.0762916 -0.0984317 -0.153294 
-1.62692 0.0248705 0.397952 -0.801236 0.452632 1.25514 1.00309 0.53603 0.389604 1.42945 1.94545 0.422441 1.35195 -0.5286 -0.689682 0.246129 0.872389 0.728602 -0.757179 -0.723444 -0.158557 0.0426844 0.737141 0.402848 -0.420164 0.150115 -0.597041 -1.20132 0.509762 1.36019 0.620383 0.0427087 -0.0967199 0.0955935 -0.185671 -0.32212 0.23956 0.463421 -0.154459 
-1.75861 -0.350704 0.469977 -0.548216 0.479328 1.13603 0.816573 0.581796 1.14532 0.487721 0.846722 -0.0276723 0.665212 -0.397549 -0.929643 0.739026 1.15897 0.625069 0.00331634 0.302833 0.116999 0.220996 -1.0795 -1.93512 0.0551538 -0.556075 -0.263474 -0.50259 0.77697 0.460412 0.0664067 -0.265434 0.427426 0.547575 0.137161 0.533423 1.17991 0.782209 0.56056 
-1.76844 -0.492693 0.734845 -0.0898835 0.810363 1.27477 1.21722 0.654904 0.604641 0.203703 0.545201 0.462989 0.822473 0.123813 -0.0161712 0.815834 -0.246115 -0.64976 0.425636 1.27597 0.780123 0.145827 -0.0639389 1.09394 1.39201 0.511293 -0.181743 -0.596526 1.10458 1.06246 0.581025 0.244129 0.739904 1.05453 0.502727 -0.311299 -0.633185 -0.134984 -0.525915 
-1.74944 -0.346673 0.841728 -0.680053 0.117921 1.34205 1.63601 1.2335 1.28836 0.413161 1.62451 1.41092 1.17167 0.11789 0.0933557 0.782656 0.306236 0.200492 0.318876 0.664631 1.10705 0.421497 0.693676 1.11724 -0.216095 -0.0136835 -0.115222 -0.204059 0.690521 0.790162 1.36424 0.790949 0.560084 1.3211 0.122704 0.27849 0.229719 0.0783813 -0.781283 
-1.76098 -0.426123 1.09154 0.109745 0.928588 1.43367 1.65639 1.56931 1.01173 0.987935 1.33975 0.219874 0.819415 -0.301632 -0.275156 0.124818 1.33189 2.61178 0.59809 -0.547288 0.760735 0.0247308 0.417531 -0.8102 -1.28943 -1.37043 -0.133077 0.13569 0.679479 0.460353 0.235122 -0.270843 0.291979 1.00324 -0.016194 0.182082 1.92628 0.543954 0.26667 
-1.86323 -0.490524 0.899872 0.135066 1.59637 1.62418 1.32135 1.86963 1.31539 0.884369 1.03313 0.0453413 -0.148176 -0.323044 0.0870747 0.142501 0.319957 0.123158 -0.657359 -0.291972 0.0560479 -0.423431 -0.460951 1.33239 0.893684 0.342062 -0.181355 -0.404426 0.385693 1.50294 1.16371 0.468936 0.0802183 0.332528 -0.573457 0.200009 -0.028262 -0.986294 -1.39428 