154.24 158.635 166.955 177.846 188.822 196.811 199.478 196.556 190.203 183.946 180.771 181.55 184.816 187.952 188.938 187.497 185.001 183.439 184.276 187.93 193.949 201.442 209.295 216.153 220.539 221.415 218.98 215.047 212.421 213.414 218.412 225.562 231.978 235.741 237.255 238.919 243.242 250.737 259.166 264.788 
779.078 792.69 817.795 848.994 877.225 892.079 886.632 862.018 828.246 799.827 788.32 796.25 816.241 835.806 844.575 839.363 824.278 806.645 792.124 782.344 775.965 771.394 768.482 767.946 769.481 770.703 768.233 760.189 747.979 735.691 727.357 724.087 723.272 720.453 712.41 699.197 683.804 670.041 660.451 655.75 
1030.83 1041.14 1057.09 1071.46 1077.41 1071.05 1052.45 1025.05 994.239 965.872 945.021 935.005 936.463 946.744 960.185 969.744 969.694 958.244 938.577 917.469 901.957 895.771 897.521 901.692 901.889 894.459 880.415 864.643 852.98 848.94 851.935 857.871 861.538 859.327 850.755 838.173 825.126 814.522 807.652 804.445 
1050.75 1055.32 1058.82 1053.59 1034.96 1004.4 969.058 938.033 917.825 909.593 909.552 911.752 911.242 905.78 895.577 881.959 866.302 849.977 834.949 824.041 820.11 824.402 835.153 847.604 855.769 855.177 845.119 829.132 813.425 804.054 804.24 813.079 826.081 837.166 841.122 835.537 821.569 803.402 786.73 776.826 
989.852 998.466 1008.6 1010.09 995.65 965.686 929.013 898.683 884.829 888.571 900.859 907.521 897.841 871.439 838.885 815.294 810.818 824.203 843.723 854.881 849.668 831.166 810.555 798.945 799.961 808.211 814.31 812.393 804.436 798.332 801.466 814.736 831.453 841.676 838.617 822.493 799.531 777.567 761.896 754.17 
1049 1034.31 1011.05 987.171 967.281 950.622 933.605 914.56 896.516 885.493 885.523 894.49 904.407 906.357 896.559 878.978 862.428 854.241 855.178 859.241 858.337 848.161 830.928 813.213 800.879 795.121 792.48 788.444 781.518 774.518 772.228 777.43 788.42 799.798 805.756 803.397 793.913 781.333 770.199 763.835 
996.524 997.999 997.493 991.195 978.543 963.233 950.684 943.895 941.028 936.717 926.148 908.771 888.822 872.357 863.19 860.808 861.582 861.906 860.522 858.272 855.908 852.276 844.753 831.661 814.436 797.403 785.029 778.832 776.615 774.835 772.153 771.012 775.509 787.008 801.164 809.346 804.155 785.261 761.046 744.262 
977.549 972.869 962.799 947.619 930.368 916.693 912.15 918.348 930.667 939.608 935.66 915.003 882.497 849.724 828.88 826.041 837.871 853.876 862.818 859.305 846.461 833.143 827.684 832.351 842.109 848.334 844.84 832.106 816.953 808.029 810.251 821.887 836.021 845.117 845.467 838.664 829.556 822.58 819.254 818.402 
1030.72 1012.99 985.306 959.51 946.037 949.426 966.859 990.094 1009.46 1017.91 1013.36 998.742 980.075 963.566 952.983 948.306 946.254 942.518 934.683 924.228 916.241 916.637 928.275 948.347 968.996 981.225 980.031 967.626 952.562 945.088 951.43 970.434 994.494 1013.98 1022.27 1018.49 1006.7 992.836 981.691 975.741 
1000.23 996.155 988.175 977.148 964.97 954.158 946.67 942.763 940.809 938.323 933.479 926.001 916.812 906.886 896.409 885.038 872.997 861.85 853.937 850.614 850.637 850.271 845.547 835.301 822.77 814.227 815.209 826.725 844.07 859.175 865.023 859.277 844.87 827.488 811.973 800.122 791.08 783.434 777.051 773.2 
1012.22 1005.85 995.388 983.402 970.686 955.945 937.746 917.07 898.104 886.168 884.024 889.345 895.468 895.21 885.159 867.48 848.053 832.454 822.735 817.166 812.683 807.784 803.49 801.801 803.231 805.755 806.233 803.201 798.641 797.029 802.119 813.727 826.954 834.526 830.739 814.472 789.566 762.76 740.843 728.695 
926.983 925.364 923.457 923.225 926.173 932.372 940.053 946.009 946.752 940.018 926.018 907.761 890.088 877.58 872.244 872.198 872.343 866.973 853.1 832.56 811.435 796.841 792.844 798.007 806.259 810.706 808.033 800.629 794.927 796.944 807.899 822.812 833.057 831.234 815.265 789.215 760.642 736.515 720.468 712.852 
986.727 975.513 959.494 946.652 940.729 939.014 935.343 925.679 911.603 898.825 892.049 890.548 888.343 879.042 861.517 841.682 828.646 827.953 837.093 846.799 847.31 835.005 814.594 795.513 785.451 785.855 792.383 799.295 803.931 807.78 813.724 822.224 829.819 831.229 823.231 807.129 787.948 771.234 760.148 754.999 
947.329 923.461 894.83 884.904 903.431 938.917 967.203 969.191 944.017 907.979 880.953 871.558 872.623 869.659 854.498 832.571 818.048 821.35 839.683 858.474 862.385 846.755 820.245 797.015 785.42 782.776 780.202 772.72 765.283 768.975 790.299 822.805 848.848 851.029 824.706 781.664 741.877 719.766 715.648 718.771 
979.648 967.667 949.864 934.533 926.966 926.829 929.546 930.18 926.614 919.801 911.538 902.198 890.644 876.298 861.235 849.915 846.274 850.317 857.196 859.962 854.229 841.278 827.14 818.261 817.045 820.645 823.832 823.49 821.049 820.826 825.671 833.495 837.685 831.28 811.832 783.296 753.617 730.007 715.518 709.218 
942.823 959.112 981.38 995.463 991.985 971.621 943.833 920.373 908.147 906.009 907.041 904.074 894.398 880.699 868.265 861.003 859.21 860.311 861.469 861.855 862.985 867.191 875.612 887.119 898.69 906.675 908.101 901.492 887.251 867.721 846.79 828.756 816.542 810.065 805.959 799.299 786.654 768.687 750.446 738.869 
961.845 944.517 922.165 910.457 917.136 936.594 954.093 956.274 940.182 914.499 892.655 883.35 885.406 890.109 888.464 877.574 861.721 848.295 842.451 844.655 852.232 862.564 874.638 887.79 899.44 904.741 899.245 882.638 860.129 839.707 826.89 820.959 815.793 804.864 786.571 765.701 749.848 743.645 745.429 749.006 
984.409 958.947 921.079 889.329 877.313 886.941 908.861 929.02 936.615 928.64 909.234 885.61 863.975 847.725 837.878 834.116 835.167 838.694 841.789 842.581 841.995 843.868 852.536 869.126 889.302 904.616 907.12 894.273 870.633 844.976 824.773 811.911 802.61 791.301 775.349 757.008 741.385 732.311 729.608 729.866 
982.245 982.221 978.403 966.79 947.327 925.189 907.902 900.296 901.076 903.665 900.783 889.417 872.601 856.853 847.342 844.446 844.112 841.491 834.891 827.038 822.842 825.527 834.085 843.843 849.524 848.434 841.589 832.323 823.751 817.012 811.269 804.926 796.79 786.331 773.275 757.4 739.059 720.042 703.774 694.272 
1012.58 1010.82 1006.46 998.248 985.36 968.472 950.358 935.321 927.216 926.908 930.783 931.722 922.599 900.567 869.512 838.795 818.583 814.314 823.592 837.481 845.496 841.301 825.723 805.445 788.477 779.397 777.292 777.374 774.81 768.058 759.5 753.167 751.278 752.021 750.141 740.042 719.542 691.998 665.452 649.137 
949.31 952.347 957.056 961.239 962.698 960.038 953.148 943.215 932.254 922.279 914.379 908.096 901.527 892.3 879.08 862.783 846.613 834.605 829.34 830.204 833.458 834.288 829.647 820.015 808.787 799.649 793.802 789.143 782.153 771.185 758.568 749.584 748.632 755.151 762.494 761.189 744.963 715.697 683.752 662.943 
978.065 957.995 928.736 905.952 901.417 916.697 942.571 964.179 968.742 951.6 917.702 878.435 846.046 828.66 827.938 839.712 856.537 870.704 876.592 871.914 857.786 837.824 816.573 797.803 783.364 773.091 765.746 760.362 757.059 756.77 760.022 765.658 770.447 770.029 760.792 741.71 715.188 686.546 662.392 648.604 
929.368 929.428 929.693 930.043 929.851 928.381 925.617 922.659 920.992 920.924 920.461 915.914 904.281 885.875 865.08 848.206 839.593 838.658 840.181 837.894 828.913 815.752 804.297 799.143 799.746 800.416 794.379 779.073 758.771 742.426 738.008 747.085 763.243 775.346 773.461 753.829 720.267 681.912 649.245 630.668 
932.52 956.419 987.486 1003.88 993.474 961.352 925.091 901.888 897.264 903.192 906.036 897.453 879.87 863.028 855.242 856.729 860.057 856.705 843.926 826.389 811.713 804.052 801.198 797.312 788.587 776.809 767.805 766.311 771.766 778.622 780.771 776.152 767.554 759.064 751.503 741.161 723.282 697.511 670.495 652.945 
1021.86 1009.59 988.445 964.194 943.089 929.644 924.931 926.28 928.702 927.384 919.912 906.996 891.449 876.304 863.427 853.403 846.335 842.457 841.767 842.978 843.011 838.058 825.975 808.372 790.57 778.897 776.87 782.87 791.165 795.72 794.123 788.69 783.826 781.628 779.231 770.289 749.92 719.617 688.318 668.301 
1029.11 1006.39 973.385 947.678 941.958 957.199 982.876 1003.53 1007.27 991.225 961.282 927.445 898.258 877.674 865.368 859.081 856.729 856.917 858.262 858.85 856.776 851.408 844.151 837.715 834.168 833.163 831.816 826.567 815.85 801.661 788.734 781.645 781.617 785.125 785.356 775.887 754.547 725.302 697.018 679.636 
961.055 965.714 965.606 952.028 927.945 909.105 912.82 942.79 982.672 1004.98 989.831 939.714 878.796 836.742 828.816 846.808 867.039 868.735 848.622 821.16 805.396 809.521 825.254 835.644 829.109 808.105 785.95 775.3 778.302 786.312 788.585 781.812 772.089 767.923 770.859 772.533 761.312 733.24 697.807 673.022 
1034.64 1020.18 994.853 965.34 939.9 925.705 925.73 936.844 950.607 956.935 948.962 926.466 895.881 866.894 847.645 841.217 845.14 853.649 860.927 863.401 860.21 852.313 841.344 828.989 816.864 806.412 798.539 793.253 789.774 787.199 785.212 784.038 783.466 781.658 775.014 759.789 734.864 703.864 674.852 657.207 
965.442 960.022 950.102 939 932.967 938.602 957.763 983.755 1002.72 1000.8 972.94 927.232 881.1 851.414 844.944 855.488 869.25 874.201 866.741 851.541 835.887 823.737 814.151 804.485 794.604 787.785 787.319 792.092 795.71 790.768 775.178 755.042 740.893 739.536 747.786 753.581 744.493 717.648 683.421 659.575 
1020.82 1012.82 998.873 983.318 971.927 969.152 974.579 981.463 979.563 961.443 928.212 890.207 861.334 850.475 855.954 867.138 872.074 865.501 851.307 837.859 830.262 825.99 817.53 799.801 776.037 756.815 752.489 764.802 784.543 797.514 794.528 777.73 758.258 747.028 745.926 746.469 737.139 713.615 683.691 662.699 
1002.28 995.588 983.179 967.601 953.103 944.308 943.745 949.873 957.355 959.839 953.574 939.361 921.499 904.596 890.716 878.914 867.213 855.025 843.804 835.363 829.507 823.378 813.466 798.822 782.626 770.388 765.836 767.711 770.357 768.011 759.587 749.9 745.853 750.16 757.594 757.307 740.323 707.092 669.355 644.273 
990.748 990.969 989.817 985.664 978.586 970.685 964.585 961.211 958.656 953.133 941.379 922.775 899.699 876.048 855.192 838.848 827.378 820.704 818.668 820.399 823.504 824.31 819.569 808.602 794.098 780.608 771.55 766.949 763.767 758.726 751.399 744.888 743.192 747.094 751.952 749.699 734.274 706.822 676.698 656.972 
999.282 1002.64 1004.12 998.195 984.672 969.631 960.708 960.39 963.104 958.891 941.035 911.601 880.376 857.973 848.562 847.884 847.809 843.311 835.895 830.783 830.66 831.86 826.782 810.771 787.473 767.503 760.747 768.266 780.644 784.762 774.005 753.69 736.909 733.616 741.57 746.812 734.092 699.626 656.202 626.027 
1004.2 993.616 978.592 967.295 964.624 969.472 976.193 978.777 974.422 964.074 950.173 934.069 915.563 894.841 874.651 860.097 855.378 859.661 865.671 862.98 844.55 812.219 776.987 753.199 749.979 765.385 787.253 800.354 795.45 774.537 749.126 732.775 732.631 745.094 758.034 758.031 738.321 703.001 665.339 641.22 
976.312 972.649 963.677 948.673 930.528 915.74 911.026 918.741 934.539 949.255 953.944 944.694 924.109 898.865 875.496 857.431 844.848 836.449 831.051 827.609 824.276 818.206 807.135 791.731 776.456 767.416 768.167 776.541 785.318 786.807 778.213 763.647 750.916 745.239 744.692 741.184 726.667 700.155 670.127 650.087 
1040.42 1028.51 1007.84 983.673 961.77 946.66 940.429 942.237 948.653 954.667 955.2 946.774 928.877 904.442 879.017 858.68 847.44 845.325 848.242 849.914 845.049 832.077 813.876 795.975 783.203 776.795 773.794 769.215 759.685 746.179 733.873 728.915 733.937 745.209 753.586 749.166 727.233 691.97 655.497 632.371 
997.986 994.539 986.687 974.319 959.941 948.4 944.141 947.818 954.903 957.698 949.687 929.377 901.092 872.349 849.746 836.114 830.376 829.497 830.589 831.677 831.222 827.621 819.703 807.926 794.88 784.072 777.459 773.672 768.677 758.826 744.108 728.84 718.793 716.561 718.736 717.478 705.89 683.553 658.069 641.062 
954.275 953.982 955.267 960.515 970.577 983.149 992.719 992.579 978.202 950.201 914.956 882.058 859.709 850.641 851.059 853.312 850.595 840.697 826.489 813.162 804.422 800.383 798.388 795.658 791.393 786.643 782.337 777.552 769.908 758.014 743.835 732.472 728.77 732.912 738.591 735.902 717.764 685.703 650.695 627.837 
953.743 939.145 921.187 914.171 924.988 947.868 968.024 971.515 954.31 924.34 895.524 878.398 874.029 875.102 872.635 862.918 849.56 839.605 837.178 839.776 840.009 831.305 813.119 791.67 775.687 770.33 773.713 778.459 777.027 766.951 752.334 740.65 737.182 740.936 744.794 739.855 721.237 691.771 661.311 641.985 
971.085 971.444 971.293 969.653 966.266 961.72 956.764 951.453 944.935 936.139 924.779 911.749 898.542 886.189 874.697 863.553 852.803 843.605 837.479 834.689 833.168 829.24 820.001 805.708 790.15 778.334 772.93 772.15 770.897 764.603 752.917 740.23 732.283 731.159 732.579 728.017 710.682 681.31 649.412 628.579 
902.199 923.289 950.736 966.067 960.546 940.862 922.958 919.201 929.045 940.18 938.72 919.978 891.442 866.189 852.675 849.293 847.618 840.823 829.676 821.025 820.47 826.037 828.757 819.97 799.099 774.992 759.24 756.841 762.077 763.339 753.07 734.454 718.89 715.924 723.912 729.641 718.095 685.163 643.092 613.683 
956.575 950.416 940.318 930.561 926.38 931.49 945.21 961.311 970.196 963.868 940.775 907.197 873.912 850.16 838.918 836.545 836.617 834.75 830.735 826.754 823.767 819.592 810.557 795.298 777.149 762.564 756.39 757.802 760.545 757.781 747.853 736.058 730.405 734.23 741.59 739.83 718.399 677.87 632.248 602.013 
960.715 974.027 990.949 998.368 988.174 962.324 931.478 908.414 900.653 906.785 918.219 924.576 919.116 901.304 875.888 849.86 829.255 817.058 812.517 811.728 809.359 801.217 786.729 769.832 757.149 753.935 760.158 769.644 773.54 766.291 749.999 733.609 726.759 732.237 742.591 744.023 725.665 688.131 645.164 616.561 
1004.82 996.074 984.926 978.897 980.462 984.644 982.442 967.558 941.309 911.998 889.215 877.366 873.237 869.231 859.621 844.931 831.193 824.827 827.251 833.433 835.478 828.425 813.802 798.238 788.239 785.136 784.04 777.641 762.057 740.424 721.507 714.092 720.828 735.609 746.281 741.203 715.913 676.189 635.879 610.628 
953.213 959.65 964.693 959.571 942.577 921.38 907.471 906.998 915.401 920.325 910.815 885.731 854.947 832.456 826.712 835.426 848.263 854.757 851.023 840.493 829.082 819.609 810.286 798.047 783.014 769.542 762.576 762.609 764.184 759.919 747.057 730.761 720.613 722.439 731.992 736.296 722.688 689.24 648.419 620.445 
975.585 960.838 940.413 926.628 927.211 940.446 956.251 962.21 950.577 922.043 884.527 848.525 822.303 809.58 810.063 821.21 839.379 859.768 876.22 882.28 873.795 851.604 822.185 795.091 778.228 773.687 776.836 779.394 774.644 761.499 744.845 731.942 727.224 728.874 729.427 720.182 696.83 662.923 629.02 607.812 
1008.48 985.772 951.995 922.99 909.196 910.429 918.077 922.252 918.179 907.476 894.482 881.711 868.644 854.588 842.305 838.187 847.715 869.421 892.672 902.273 887.692 850.7 805.647 771.512 760.665 771.73 791.204 802.473 796.037 774.313 748.462 730.142 724.023 725.679 725.404 714.755 691.538 660.774 631.943 614.613 
1024.01 1008.56 983.216 956.017 933.434 917.919 908.278 901.935 897.015 892.832 889.044 884.977 880.208 875.973 875.672 883.132 899.15 918.804 932.145 928.84 904.333 863.512 819.046 784.942 769.145 769.784 777.345 781.17 775.967 764.223 753.324 749.708 754.045 760.455 759.965 745.809 717.429 681.179 647.727 627.732 
986.661 981.181 973.122 965.798 960.256 954.889 947.606 938.388 929.553 923.205 918.282 910.468 895.993 876.629 861.249 861.325 882.5 918.25 951.127 962.063 942.076 898.365 850.167 816.864 806.326 811.38 816.44 809.151 788.602 764.622 749.425 748.273 756.005 761.357 755.16 736.099 710.336 686.36 669.775 661.854 
1025.37 1000.05 963.782 934.826 922.521 921.997 920.151 907.62 886.894 870.103 868.538 882.736 901.463 910.559 904.482 890.976 884.754 894.97 916.505 932.347 925.728 892.972 847.174 809.67 795.443 803.084 816.498 816.789 795.577 760.36 728.741 716.262 726.543 749.904 770.289 774.981 760.862 734.469 707.396 690.655 
1022.49 989.37 941.804 904.613 892.752 903.078 919.051 923.904 912.051 890.776 872.312 863.729 862.96 863.413 862.162 863.816 876.17 901.137 929.074 942.374 926.84 882.707 826.673 782.607 766.928 778.721 801.309 813.891 804.958 778.482 749.445 732.789 733.769 745.738 755.674 752.731 734.156 705.755 678.051 661.206 
1018.2 996.419 962.027 928.845 908.758 906.453 917.915 932.942 940.016 931.186 905.154 867.866 830.672 806.577 805.394 829.223 870.204 912.273 937.138 932.342 897.531 845.248 795.205 764.636 759.867 773.796 790.706 795.569 782.423 757.065 732.815 722.148 729.23 747.55 763.676 764.743 745.456 711.017 674.724 651.668 
1018.86 996.839 963.575 933.785 917.162 913.309 913.676 908.658 894.57 875.726 860.661 855.754 861.005 870.708 877.936 879.096 875.251 869.726 864.455 858.244 848.266 833.282 815.682 800.4 791.421 788.589 787.363 781.934 769.576 753.056 739.254 734.762 741.299 753.965 763.483 761.172 743.804 715.688 686.944 668.901 
971.203 972.13 973.353 973.481 970.521 962.629 949.233 931.741 913.149 896.624 883.955 875.015 868.605 863.944 861.499 862.345 866.498 871.705 873.967 869.777 858.532 843.221 828.571 817.788 810.237 801.914 788.624 769.68 749.425 735.236 733.128 743.748 761.378 776.579 780.842 770.518 748.073 720.477 696.142 682.056 
910.819 944.929 995.824 1037.32 1047.26 1018.53 962.444 902.498 861.643 850.192 861.466 877.892 883.649 875.51 864.404 866.423 889.437 925.011 951.999 950.059 913.977 858.551 810 789.273 798.503 819.989 828.5 808.576 765.123 720.349 699.39 714.346 756.918 803.571 828.984 819.053 776.405 717.073 662.159 629.707 
829.123 884.436 966.814 1035.83 1061.21 1037.95 985.811 934.531 905.055 898.641 900.005 891.086 865.352 832.787 812.535 818.688 849.231 885.853 904.861 892.003 851.465 803.221 770.548 765.777 783.275 803.826 807.328 785.689 748.032 715.324 707.981 733.89 783.556 834.597 862.629 852.621 805.341 736.615 670.628 630.631 
913.251 948.495 1001.85 1047.31 1062.6 1039.99 989.803 934.636 897.145 888.037 901.074 918.066 920.793 902.469 871.471 845.048 837.288 849.524 869.63 880.533 871.866 846.573 817.962 799.587 795.426 797.461 792.361 772.292 741.982 716.82 713.165 737.356 780.66 823.239 844.36 832.611 790.661 733.081 679.633 647.883 
814.694 873.076 962.456 1042.22 1078.95 1061.96 1006.02 940.677 893.352 876.017 882.358 895.543 900.467 892.441 877.552 865.816 862.799 865.75 866.497 858.366 841.606 823.221 811.369 808.628 809.333 803.278 783.458 752.457 722.794 710.513 725.794 766.399 817.92 860.573 878.44 866.089 829.645 782.872 741.265 717.166 
843.075 905.263 997.885 1074.53 1098.6 1061.48 984.72 906.017 858.037 852.354 877.007 907.413 922.665 916.895 899.563 886.05 885.892 896.673 907.048 905.896 890.654 868.894 852.247 847.243 849.75 847.178 827.252 787.586 739.597 703.795 698.866 730.799 788.276 846.917 880.13 871.022 819.784 743.575 669.565 624.424 
830.991 886.785 973.022 1051.59 1090.27 1077.78 1027.47 968.157 927.52 917.784 931.573 949.727 955.339 944.608 927.559 918.797 925.432 941.189 951.096 943.223 918.481 890.672 876.175 880.663 893.033 891.942 861.177 803.21 740.888 705.142 716.294 771.098 843.862 900.583 916.792 888.237 829.389 763.065 709.334 680.139 
896.721 938.066 1001.4 1058.34 1086.04 1077.93 1044.64 1005.75 977.742 965.837 963.829 961.091 951.232 936.507 925.363 925.414 937.134 952.809 961.444 956.066 938.217 916.415 899.642 890.452 882.679 865.672 832.519 786.843 743.401 721.483 734.543 781.906 847.28 905 930.875 912.353 853.537 773.385 698.49 653.663 
865.641 923.954 1008.62 1075.94 1097.21 1074.15 1033.72 1007.3 1009.42 1030.35 1046.1 1037 1001.48 955.917 922.592 915.226 931.918 958.708 979.309 983.521 969.662 941.827 906.033 868.447 835.516 813.672 807.196 815.584 833.266 852.923 870.233 885.922 902.763 919.594 927.767 914.375 871.464 804.969 736.018 691.985 
832.304 895.408 988.268 1064.34 1091.19 1067.7 1020.98 986.482 985.123 1012.14 1043.62 1054.6 1035.85 998.67 965.842 956.055 972.346 1001.19 1021.41 1016.38 982.176 928.114 870.95 826.997 806.096 809.36 830.475 859.287 886.149 905.477 917.043 924.189 929.729 932.027 924.242 898.108 850.501 788.561 729.304 692.885 
768.128 843.263 955.407 1050.86 1091.06 1072.18 1022.53 981.26 973.378 997.136 1029.98 1046.79 1036.95 1009.4 984.206 977.858 992.633 1015.99 1028.84 1016.48 975.925 916.75 856.418 813.164 799.2 816.206 854.509 896.759 925.466 931.347 917.902 898.698 888.037 890.476 896.438 887.856 851.068 788.529 720.864 676.801 
820.834 887.196 984.966 1064.95 1092.05 1063.59 1007.18 961 950.135 973.903 1010.71 1035.08 1034.59 1015.73 996.594 992.77 1006.36 1024.89 1029.63 1007.18 957.322 893.181 834.796 800.093 797.703 824.237 866.458 907.076 931.846 935.147 921.499 901.974 887.066 879.921 874.212 858.503 824.788 775.782 725.82 694.096 
836.327 910.04 1015.05 1093.34 1106.98 1059.13 987.864 938.763 936.107 971.421 1014.77 1038.24 1034.18 1016.56 1007.04 1017.6 1042.22 1061.91 1057.71 1021.93 961.152 891.385 830.333 791.624 782.16 801.169 839.942 883.356 914.881 924.315 913.82 897.013 889.774 897.948 910.888 906.946 868.727 798.001 719.13 667.094 
806.498 887.319 1002.96 1090.44 1108.35 1059.73 985.479 934.826 934.079 974.154 1022.7 1049.54 1046.37 1028.17 1017.94 1027.76 1050.16 1064.31 1051.01 1004.99 937.137 867.224 813.728 787.188 789.115 814.107 852.219 890.913 918.026 926.343 917.555 901.783 891.081 890.22 891.509 878.742 839.013 774.567 705.635 660.873 
779.615 863.981 985.206 1078.25 1100.34 1054.46 982.254 933.525 934.157 973.864 1019.42 1041.2 1033.12 1012.84 1004.65 1019.41 1046.29 1061.17 1043.93 991.847 920.526 853.664 809.952 795.685 805.751 829.587 856.768 879.489 892.916 895.588 890.242 883.189 880.652 883.429 884.037 869.995 832.544 775.233 715.605 677.384 
828.418 900.12 1002.63 1080.39 1097.64 1058.1 997.834 958.332 959.665 991.608 1026.46 1041.68 1034.96 1022.05 1021.14 1037.24 1057.99 1062.92 1037.79 983.44 914.144 848.75 801.923 780.573 784.92 810.388 847.964 884.552 906.448 906.295 889.022 870.627 867.898 884.777 905.701 903.001 855.574 766.701 667.61 602.308 
834.141 902.1 1000.06 1076.22 1096.65 1063.47 1008.64 969.703 965.642 988.934 1016.92 1031.42 1031.15 1028.61 1036.12 1053.07 1064.75 1052.84 1008.87 940.407 866.275 805.6 769.039 757.393 766.017 789.471 822.389 857.569 885.516 898.106 894.157 881.446 871.646 870.724 872.282 860.364 821.313 756.614 686.604 640.864 
747.731 834.924 960.826 1059.81 1089.89 1055.26 996.815 960.088 964.987 997.969 1029.11 1038.12 1028.45 1020.25 1029.97 1054.5 1072.4 1060.39 1011.31 939.411 870.011 822.752 801.618 797.994 801.822 810.098 825.865 850.275 876.65 893.18 892.294 877.85 862.51 856.319 856.007 845.162 806.951 740.216 665.761 616.331 
804.438 881.456 991.032 1073.37 1091.04 1049.26 986.455 944.279 940.268 961.997 983.96 991.248 990.527 1000.67 1032.35 1074.46 1098.97 1080.46 1015.06 924.154 840.558 788.285 770.801 774.993 785.311 795.619 809.887 833.307 863.33 889.186 900.042 893.848 878.357 863.041 849.201 827.716 787.47 727.95 665.072 624.133 
765.637 840.946 952.346 1045.36 1082.04 1059.79 1006.63 958.817 938.034 943.326 960.253 976.893 992.835 1014.92 1045.33 1073.72 1081.15 1053.14 991.385 914.416 846.588 803.66 785.664 781.514 780.452 780.65 788.481 810.204 843.888 878.645 901.559 906.15 895.192 875.983 852.787 823.55 783.945 735.082 687.622 657.821 
786.833 858.779 963.832 1049.08 1079.69 1056.73 1009.94 973.385 962.999 971.503 981.554 983.895 984.918 998.177 1028.27 1061.72 1073.38 1043.91 974.578 887.938 813.791 771.312 760.309 766.724 776.251 784.507 796.464 817.56 845.659 871.252 885.239 886.485 881.624 876.869 869.399 847.102 798.594 726.143 650.426 601.57 
747.867 828.323 947.252 1046.51 1086.02 1064.09 1011.95 969.019 957.492 973.171 996.014 1009.33 1011.9 1014.79 1027.63 1046.91 1056.18 1037.75 986.257 913.392 840.837 787.33 759.712 753.443 760.1 774.459 795.561 822.427 849.975 869.96 876.475 870.704 859.872 850.488 841.594 824.469 790.156 739.293 685.974 651.469 
740.706 824.711 948.092 1048.98 1084.8 1054.31 992.3 943.146 932.735 957.047 992.183 1015.26 1019.69 1014.94 1013.91 1019.78 1022.91 1009.13 971.595 916.518 858.994 813.328 785.823 774.731 775.458 785.186 802.859 825.725 847.27 859.859 860.388 853.44 847.877 848.551 849.918 838.004 800.828 740.094 674.715 632.086 
726.483 810.631 934.702 1036.73 1072.82 1039.76 971.578 914.651 899.4 926.337 972.821 1012.36 1031.45 1033.45 1029.77 1027.63 1024.33 1010.92 980.777 935.522 884.109 837.153 801.694 780.018 771.872 776.569 792.586 815.661 838.562 854.233 860.348 860.923 862.44 866.684 866.264 847.748 801.675 732.669 661.515 616.084 
767.418 843.846 956.981 1050.1 1080.89 1042.83 964.751 891.141 856.695 870.503 917.147 970.665 1010.44 1029.35 1031.62 1024.97 1013.86 997.845 974.24 941.638 901.46 857.477 814.793 779.327 757.231 753.125 767.299 793.914 822.475 842.754 850.271 848.229 843.973 842.207 840.2 829.173 801.518 758.695 713.525 684.326 
771.745 852.802 970.259 1062.37 1087.15 1044.79 972.441 917.363 907.747 939.972 987.802 1023.72 1036.04 1031.28 1023.43 1020.63 1019.72 1010.84 986.372 946.366 897.23 846.647 800.246 762.388 738.537 734.834 753.617 788.595 825.159 847.7 849.462 837.118 825.446 825.24 833.658 835.226 813.788 766.813 710.796 672.676 
737.534 827.25 957.883 1062.48 1096.46 1061.39 997.723 954.085 955.731 993.1 1035.35 1055.89 1050.19 1034.25 1027.67 1036.27 1047.51 1040.85 1003.64 940.096 867.634 805.101 762.673 740.174 732.691 736.824 751.855 775.994 802.839 822.798 829.078 822.927 812.79 807.242 807.343 805.187 790.586 760.828 725.401 701.177 
789.721 859.287 960.079 1039.81 1064.21 1035.16 984.127 947.777 944.117 965.325 989.578 1000.35 997.684 993.963 999.827 1012.82 1018.17 1000.3 955.255 893.981 834.547 790.35 763.747 749.213 741.739 742.243 755.217 781.323 812.507 835.009 838.572 824.224 803.72 790.503 789.311 792.941 788.997 771.118 745.399 726.51 
770.5 851.767 969.475 1061.92 1087.7 1047.81 979.628 928.998 921.002 948.458 983.375 1000.17 992.858 975.001 965.228 971.047 983.366 984.466 961.793 916.589 861.764 812.301 776.551 754.594 743.095 740.846 749.612 770.013 797.045 820.275 829.423 821.108 801.189 780.661 768.291 765.665 768.064 769.693 768.451 766.422 
756.294 838.22 956.681 1049.41 1075.04 1035.15 967.485 917.358 908.311 931.711 959.709 969.264 958.53 944.647 946.84 969.271 996.754 1005.61 980.434 924.08 854.63 793.155 752.194 732.512 728.195 733.835 747.415 767.657 789.991 806.232 809.101 797.77 779.273 764.008 758.695 762.355 768.373 770.566 767.991 764.607 
878.058 920.418 983.608 1036.51 1055.26 1035.28 991.932 950.088 929.67 935.642 957.878 979.74 989.107 984.752 974.631 968.17 968.317 968.803 958.202 927.818 878.086 819.436 767.284 734.455 725.564 736.214 756.668 777.148 791.551 798.102 797.686 791.882 782.229 770.746 760.507 755.069 756.699 764.624 774.806 781.814 
878.113 914.943 971.508 1022.03 1044.55 1031.17 990.957 944.243 911.808 904.864 921.082 948.212 972.369 985.586 988.208 985.364 980.773 972.653 954.743 921.553 873.876 820.379 773.939 745.15 737.315 746.042 763.144 781.625 798.167 811.95 821.704 824.236 816.192 797.725 774.73 756.983 752.68 762.941 780.407 793.441 
885.852 943.134 1024.55 1083.15 1085.15 1028.67 943.423 872.653 848.742 877.016 936.234 993.676 1024.37 1022.76 1001.21 978.237 965.413 961.184 954.359 933.528 895.429 847.072 801.205 769.024 755.102 757.121 769.328 786.443 805.207 823.268 837.364 843.14 837.29 820.449 798.3 779.414 770.752 773.647 783.053 790.782 
901.262 953.031 1028.76 1087.33 1095.88 1047.14 963.506 885.437 850.432 873.849 942.038 1021.27 1076.91 1091.52 1071.4 1038.64 1014.7 1006.36 1003.13 986.652 945.303 883.532 820.05 776.547 764.958 781.618 811.336 837.515 851.001 852.292 847.216 840.73 833.893 825.574 816.193 809.395 809.785 818.673 831.786 841.363 
811.251 876.141 971.946 1049.12 1069.2 1025.05 943.688 870.593 844.7 878.233 952.416 1030.54 1079.76 1088.36 1068.72 1045.41 1037.18 1044.69 1051.6 1037.25 991.972 924.6 857.569 813.476 802.241 816.995 840.416 856.278 858.185 850.419 841.813 838.159 838.733 838.592 833.753 824.649 815.332 809.729 808.509 809.216 
835.229 892.595 975.401 1037.67 1045.01 993.462 911.245 842.595 823.406 862.554 939.157 1016.47 1063.44 1070.9 1053.42 1036.62 1038.94 1059.53 1079.45 1074.85 1033.31 962.623 887.002 833.351 816.45 832.006 861.069 882.233 883.673 868.027 848.183 837.651 841.929 855.759 867.083 864.564 844.095 810.994 777.349 756.331 
844.998 901.408 981.48 1039.34 1043.12 993.119 920.338 867.233 862.955 908.149 977.465 1036.74 1063.29 1056.96 1036.46 1024.76 1033.56 1056.33 1073.36 1064.61 1022.47 956.794 889.93 845.096 834.64 854.412 886.853 910.776 912.497 892.465 863.963 844.702 845.953 865.381 887.845 894.003 872.024 825.569 773.121 738.636 
856.361 904.974 972.042 1016.67 1013.22 966.857 908.957 876.299 888.173 936.233 992.525 1028.94 1034.57 1019.89 1006.7 1011.6 1034.72 1060.23 1067.26 1043.3 991.621 929.003 876.295 847.901 845.844 860.664 877.594 884.369 876.953 860.866 847.678 848.208 865.545 891.58 909.564 902.318 862.282 797.752 731.076 688.831 
871.557 914.996 974.967 1016.06 1018.01 987.89 952.867 939.712 956.293 988.104 1011.18 1010.82 992.098 974.968 978.58 1006.76 1044.9 1069.58 1063.29 1024.18 965.38 906.306 862.7 841.283 840.044 851.517 866.066 874.524 871.153 856.964 841.04 836.89 853.757 887.652 919.194 922.297 880.234 799.191 709.275 650.359 
843.82 888.265 951.206 998.563 1010.76 993.955 972.379 968.534 986.451 1010.33 1018.71 1002.46 972.786 952.945 960.565 993.756 1031.34 1046.71 1025.1 972.363 910.11 861.796 839.807 841.28 853.334 862.276 860.389 847.527 829.091 813.328 809.063 822.837 854.678 894.392 922.369 917.363 868.783 786.236 698.888 642.859 
848.235 884.487 939.489 989.068 1016.37 1019.48 1008.19 993.752 980.078 963.248 938.803 910.027 889.548 891.955 922.553 970.836 1014.26 1030.51 1010.33 962.544 908.228 868.224 852.035 854.496 861.032 857.158 836.283 802.235 766.574 743.207 742.805 768.46 813.298 861.04 890.562 884.164 836.651 760.4 682.406 633.308 
809.465 849.583 912.037 971.871 1010.91 1025.83 1025.6 1021.57 1018.02 1010.4 991.789 961.779 930.255 912.446 918.548 945.499 977.155 993.254 981.397 944.241 897.429 859.893 842.851 844.096 850.425 846.063 821.91 780.745 736.267 706.976 707.831 743.046 802.786 865.331 904.602 900.786 849.863 767.329 683.396 630.856 
832.131 868.784 925.288 978.298 1011.27 1021.85 1019.03 1013.26 1007.71 997.141 974.73 940.701 905.475 884.357 887.436 912.099 943.704 964.051 961.868 938.425 905.133 875.478 856.955 847.846 839.876 824.145 796.519 760.038 724.049 701.047 702.178 732.241 785.559 845.046 886.643 888.953 844.365 765.533 682.329 629.273 
810.358 861.093 935.178 995.823 1019.91 1010 987.729 974.904 977.135 981.987 971.904 940.883 901.477 876.733 883.37 919.051 963.113 989.845 984.442 950.547 905.241 866.465 842.361 829.137 816.999 798.313 772.13 743.494 720.121 709.775 718.99 751.3 803.634 862.764 906.236 910.655 864.759 779.516 687.191 627.481 
731.526 795.58 892.771 979.789 1025.47 1025.31 997.764 967.243 947.217 935.194 921.124 900.538 881.027 876.947 897.136 935.882 974.557 992.784 980.825 944.357 899.002 859.516 831.728 812.105 793.589 772.121 749.141 729.654 718.974 721.229 739.555 775.471 825.714 878.448 913.507 909.817 857.743 768.799 674.821 614.621 
799.937 851.771 928.19 991.686 1016.89 1003.53 972.342 948.302 944.003 954.301 964.379 963.495 953.498 946.312 953.433 976.069 1003.21 1018.32 1009.17 974.042 921.158 863.602 813.919 781.21 770.217 780.579 805.893 834.496 853.916 857.895 851.304 847.97 860.863 890.451 920.141 924.104 884.162 804.901 715.776 656.99 
797.716 842.502 910.893 973.034 1007.13 1009.7 993.67 977.132 971.35 976.024 983.501 987.152 986.932 988.386 996.854 1012.04 1027.05 1032.08 1019.62 987.735 940.339 885.68 834.653 798.929 787.827 803.852 839.25 877.277 899.716 897.447 877.083 857.729 858.167 882.238 913.021 921.595 886.153 809.148 720.105 660.7 
858.488 893.689 945.973 990.198 1009.06 1002.16 983.819 972.057 976.547 993.621 1010.86 1017.2 1010.96 1000.53 997.589 1008.1 1027.2 1041.32 1035.86 1003.52 948.693 885.781 832.893 804.266 804.796 828.65 862.242 890.27 902.413 897.761 884.599 875.164 877.738 890.522 901.407 894.649 861.067 805.627 747.188 709.72 
819.292 858.788 918.281 970.338 995.344 991.591 973.807 961.874 967.641 988.419 1010.77 1021.17 1015.86 1003.11 996.811 1005.92 1027.1 1045.48 1043.04 1009.48 949.064 879.434 823.237 797.309 805.124 836.129 871.873 895.432 899.296 887.894 873.746 869.423 879.601 897.541 908.109 896.056 855.278 793.938 732.258 693.665 
818.003 859.907 922.59 976.595 1001.32 995.587 975.353 961.228 964.785 982.806 1002.32 1011.72 1009.41 1004.07 1006.93 1022.08 1042.01 1051.37 1036.27 993.034 930.91 867.705 821.259 801.758 808.531 832.024 859.115 878.894 886.598 884.469 879.51 879.079 886.194 896.887 901.423 889.401 856.373 808.193 760.033 729.908 
778.884 831.17 907.077 967.692 988.007 970.571 940.282 925.32 938.358 970.729 1002.01 1016.44 1013.53 1006.03 1008 1023 1040.96 1045.34 1024.4 978.591 919.616 863.486 822.963 803.873 805.581 823.111 848.663 872.764 886.663 886.321 875.552 864.779 864.346 876.007 889.026 885.266 851.379 790.223 722.941 678.856 
769.63 818.754 893.414 960.395 995.589 995.614 975.805 957.543 954.485 966.695 984.968 1000.22 1010.08 1018.26 1028.49 1038.93 1041.85 1028.75 996.61 950.515 901.08 859.023 830.93 818.433 819.893 832.086 850.477 868.987 881.197 883.46 877.779 871.288 871.264 878.518 884.356 874.695 839.775 783.17 723.197 684.51 
799.778 838.157 896.407 948.992 978.357 983.407 976.566 972.805 979.271 992.624 1004.62 1010.27 1011.66 1014.9 1023.45 1033.83 1037.23 1025.43 996.213 954.185 907.314 862.706 825.117 798.388 786.839 793.78 817.573 849.14 874.711 883.525 875.301 861.071 855.262 863.877 877.718 876.916 844.987 782.895 712.526 665.791 
725.155 777.897 856.265 923.593 956.35 956.277 944.58 943.966 962.525 990.773 1012.35 1018.52 1014.67 1014.28 1026.12 1045.47 1056.27 1042.35 998.747 934.903 868.344 814.602 780.941 767.086 769.897 786.452 812.936 841.939 862.986 868.069 858.305 845.131 842.852 856.701 875.692 877.444 843.517 775.04 696.678 644.446 
731.017 783.095 861.491 930.883 967.481 970.802 959.187 954.009 964.908 986.217 1005.29 1014.49 1016.74 1021 1032.39 1045.8 1048.45 1028.93 985.427 926.872 866.853 815.973 778.578 755.204 746.728 755.128 779.756 813.217 842.324 855.389 850.814 839.333 836.351 848.958 867.642 870.512 838.724 772.61 696.134 644.913 
784.87 826.773 888.147 938.421 957.673 947.348 926.42 916.793 928.793 956.494 984.797 1001.68 1006.14 1006.54 1011.74 1022.6 1030.2 1021.89 990.086 937.581 876.224 820.753 782.357 765.518 768.493 785.46 808.479 829.184 841.105 842.593 838.409 837.528 846.975 865.106 879.616 873.328 835.442 771.156 702.45 658.07 
839.721 868.193 908.045 937.27 944.07 933.704 922.52 924.573 941.578 963.582 978.801 983.811 985.566 993.902 1011.27 1028.55 1030.71 1007.68 961.725 905.751 854.3 814.991 786.972 766.535 753.765 753.526 769.674 798.162 826.364 840.817 837.684 826.757 824.155 838.236 859.856 866.045 836.231 769.805 691.408 638.473 
853.856 877.188 908.783 929.816 931.483 920.581 912.944 920.419 941.953 965.636 979.432 981.333 980.43 988.131 1006.99 1026.56 1029.92 1005.75 956.576 896.852 843.134 804.348 779.56 763.735 755.206 757.61 774.642 802.995 831.046 845.895 843.532 833.026 829.747 841.761 860.255 863.009 830.22 761.725 682.188 628.794 
862.741 886.679 919.115 940.348 940.337 925.049 910.871 911.899 929.986 954.773 972.856 978.244 975.838 975.704 983.351 994.121 996.028 978.444 939.631 887.587 834.451 789.642 757.091 737.511 731.996 742.411 767.831 800.913 829.111 841.629 837.289 826.312 822.957 833.451 848.555 847.812 814.055 748.323 673.756 624.2 
899.902 913.871 930.634 936.905 928.122 912.372 904.279 913.771 938.619 966.488 984.535 988.71 985.431 984.711 990.718 997.548 993.492 970.054 928.414 878.503 832.135 796.276 771.663 756.745 752.114 760.457 781.862 809.41 830.634 835.463 824.764 811.545 811.822 830.751 854.87 858.197 819.926 741.903 652.631 593.184 
879.314 890.62 905.69 915.268 915.327 909.685 906.482 911.795 925.675 943.453 960.409 975.157 988.684 1000.36 1005.38 996.881 971.507 933.461 892.657 857.698 829.391 800.91 765.476 725.548 695.043 690.995 719.823 769.109 812.907 828.549 813.104 786.363 776.387 797.12 834.823 854.93 826.254 745.904 646.362 578.029 
924.098 936.789 950.661 952.299 937.648 915.7 901.694 905.57 925.113 948.989 966.437 975.011 979.935 986.336 991.987 987.645 965.016 925.119 879.005 839.407 810.358 784.43 751.09 709.602 674.68 667.999 700.531 759.763 813.874 832.298 808.248 765.266 740.758 757.16 802.291 835.199 815.249 734.116 626.651 551.041 
844.328 867.602 901.197 927.726 936.228 927.814 912.895 903.154 904.685 916.659 934.729 954.793 973.665 987.196 989.426 975.31 945.353 907.407 872.369 845.964 823.437 793.016 747.174 693.195 653.207 650.94 693.407 761.625 819.555 837.19 811.833 770.98 752.659 776.081 824.228 852.836 821.431 725.122 603.723 519.878 
819.537 839.405 869.771 897.48 913.01 914.981 909.416 905.104 908.623 921.856 942.355 964.954 983.155 990.286 981.382 955.845 919.129 881.105 850.73 830.063 812.439 787.485 750.445 708.938 680.835 682.988 718.03 769.377 809.766 818.83 797.535 768.165 758.308 779.34 815.208 831.059 797.352 713.17 611.769 542.946 
823.338 846.581 881.799 913.451 930.785 932.853 926.759 921.424 921.945 928.158 937.083 946.003 953.287 957.064 954.212 941.704 919.478 891.724 864.361 840.085 815.493 783.986 743.369 702.091 677.524 685.229 725.899 780.374 818.695 818.912 782.895 736.714 713.38 728.909 768.859 796.342 777.434 706.788 614.923 550.816 
775.42 809.523 859.583 901.488 920.579 919.297 912.367 914.292 929.093 949.413 964.099 966.965 959.619 947.23 932.346 912.915 886.005 852.884 819.729 792.553 771.083 748.25 717.284 680.956 654.003 654.283 687.855 739.881 780.668 784.902 750.773 703.666 679.407 697.655 744.973 781.572 768.82 698.598 602.825 534.884 
837.756 846.381 859.94 873.686 884.91 894.074 903.304 913.837 924.722 933.684 938.981 940.242 937.518 929.831 915.274 893.2 866.574 841.586 823.599 812.097 799.295 775.099 735.987 691.116 659.538 658.479 690.019 736.323 768.71 765.914 729.218 682.914 658.257 671.209 709.763 740.806 732.878 679.334 605.282 552.578 
825.675 833.695 849.269 870.307 892.136 908.316 913.475 906.66 892.746 880.371 877.13 884.821 897.936 906.668 902.767 884.483 857.295 829.852 807.938 790.745 772.241 746.801 714.99 684.974 667.929 670.205 687.769 707.342 714.248 702.058 677.353 655.741 651.133 665.239 684.684 688.515 661.889 607.234 545.229 504.226 
845.863 845.721 847.061 851.267 857.369 861.689 860.026 851.163 839.101 831.872 836.951 855.835 881.452 900.723 901.332 878.778 839.157 795.594 760.401 738.059 723.766 708.536 687.195 663.352 647.386 648.544 666.794 690.75 703.937 695.604 668.548 637.966 621.415 626.452 644.626 656.549 645.12 608.067 561.009 528.459 
823.358 824.328 829.22 840.96 858.712 876.387 885.088 878.543 858.133 833.779 819.156 823.45 844.679 869.32 879.319 862.665 820.859 768.2 723.039 696.679 687.425 683.811 674.492 657.401 641.182 637.701 651.329 673.549 687.73 681.169 655.45 626.662 614.218 625.743 649.302 659.701 635.651 576.242 504.785 456.304 
813.588 808.365 805.784 815.166 839.24 870.504 894.987 901.027 887.001 862.518 842.071 835.421 841.25 848.38 843.583 820.521 783.702 744.992 715.44 698.355 688.437 677.215 660.473 641.949 630.456 632.536 646.249 661.044 664.341 650.425 625.206 602.962 596.727 608.648 627.148 633.464 613.845 569.589 518.1 483.719 
779.119 781.528 790.132 808.997 837.926 870.245 894.943 902.36 890.035 864.776 839.109 823.86 821.451 824.411 820.402 800.678 766.28 727.602 697.412 682.151 677.79 673.38 659.852 637.519 616.393 608.663 618.706 638.312 651.341 645.014 619.71 589.609 572.915 578.22 596.977 608.241 593.135 549.208 494.293 456.473 
809.169 807.971 808.169 813.295 825.293 842.475 859.274 868.353 864.268 846.681 821.036 795.897 778.286 769.835 766.249 760.481 747.471 727.21 704.127 683.481 667.656 655.185 643.065 630.212 618.925 612.927 613.531 617.339 617.913 610.638 597.028 584.606 581.61 589.981 602.059 604.257 586.063 548.408 505.253 476.526 
776.048 779.923 786.669 795.578 807.152 822.136 839.082 852.847 856.231 844.459 819.357 789.533 765.569 753.214 749.597 745.592 732.794 709.894 683.515 662.863 652.528 649.264 645.364 635.704 622.386 612.782 612.428 618.866 622.247 613.034 590.905 567.104 557.131 568.453 592.652 609.068 598.588 558.197 505.422 468.519 
789.509 793.063 796.588 796.399 792.459 788.83 790.088 796.649 803.19 802.005 788.976 767.386 746.21 733.802 731.701 733.366 728.978 712.718 687.071 661.003 643.615 638.195 640.926 644.64 644.071 638.373 629.474 618.641 605.008 587.655 569.063 555.894 555.042 567.255 583.652 589.194 572.08 532.952 486.931 455.983 
804.201 792.077 776.016 766.904 770.975 785.472 800.209 804.037 791.935 768.078 742.881 726.078 720.545 721.006 718.371 706.543 686.805 666.705 654.281 651.929 654.498 653.133 642.113 623.518 606.051 598.575 603.053 612.328 614.818 603.086 580.01 557.598 548.633 556.773 572.347 577.593 558.481 515.345 464.776 430.837 
667.314 699.747 749.312 794.162 817.856 817.147 801.305 784.343 775.816 776.034 777.944 773.295 758.379 735.757 711.699 691.919 678.697 670.764 665.178 659.354 652.033 643.215 633.729 624.87 617.897 613.138 609.127 602.766 591.146 574.213 556.255 544.318 543.742 553.469 564.793 565.404 546.971 511.526 472.051 446.123 
719.176 717.203 715.736 717.721 724.018 732.239 737.936 737.433 730.376 720.166 711.872 708.947 710.954 713.886 712.86 705.37 692.844 679.424 668.87 661.8 655.276 645.098 629.146 609.355 590.787 578.366 573.584 573.57 573.289 569.317 562.409 556.815 556.671 561.996 567.396 564.84 549.022 521.805 492.537 473.585 
796.23 797.643 799.578 800.123 796.594 786.567 769.466 747.71 726.336 710.81 704.04 704.429 706.426 703.566 692.289 674.153 654.9 640.86 634.963 634.965 635.095 630.04 618.545 604.147 592.499 587.14 586.74 585.914 579.189 565.424 549.413 539.184 540.463 551.949 564.816 567.337 552.09 521.327 486.881 464.272 
817.827 815.398 807.873 792.809 771.32 748.92 732.872 727.781 732.619 741.293 746.288 742.742 730.321 712.118 692.085 673.168 657.218 645.864 640.721 642.21 647.982 652.814 650.871 639.173 619.726 598.44 581.35 570.866 564.887 559.433 552.537 546.053 543.626 546.386 550.068 546.561 529.458 499.774 467.334 446.094 
829.898 810.359 782.158 758.98 747.499 743.407 736.273 719.16 695.21 675.797 671.549 683.313 700.305 707.25 695.316 668.679 641.709 628.797 634.264 649.613 659.868 654.145 632.772 606.191 587.027 581.415 585.7 590.246 586.912 574.537 558.824 547.373 543.908 545.752 545.907 537.804 519.462 494.69 471.176 456.932 
801.497 784.176 758.758 738.022 730.714 736.934 749.134 757.532 755.972 744.492 727.612 710.405 695.559 683.241 673.002 665.418 661.716 661.779 662.593 659.084 647.301 627.73 606.023 590.068 585.041 589.764 597.022 597.888 587.323 567.411 546.089 532.16 529.729 535.518 540.654 535.817 516.752 487.066 456.837 437.838 
808.271 811.526 812.61 804.855 785.602 758.647 732.109 713.339 704.57 702.3 700.542 695.308 687.015 679.327 675.701 676.459 678.498 677.586 671.25 660.095 646.859 634.279 623.524 614.152 605.147 595.864 586.162 576.024 565.5 555.295 547.334 544.174 547.02 553.526 557.429 551.187 530.653 498.874 466.097 445.253 
777.687 773.622 768.179 764.477 763.373 762.558 758.278 748.428 734.571 721.14 712.179 707.99 704.334 695.125 676.983 652.471 629.489 616.857 618.785 631.857 646.649 653.075 646.116 628.323 607.631 592.088 585.02 583.717 582.216 575.975 565.068 553.7 546.488 544.317 542.882 535.201 516.593 488.788 460.234 442.072 
811.828 815.546 818.44 814.827 802.091 782.549 761.718 744.472 732.096 722.266 711.586 698.374 683.495 668.944 655.826 643.707 631.856 620.984 613.546 611.958 616.124 622.533 626.023 623.038 613.774 601.428 589.191 577.706 565.386 551.486 539.036 534.325 542.232 560.478 577.739 578.488 552.609 503.648 449.534 414.116 
889.477 856.622 809.1 770.912 756.074 760.649 767.825 761.565 738.375 708.736 687.895 683.732 691.103 696.599 689.442 669.775 648.049 636.405 639.092 649.363 654.963 647.574 628.8 608.3 595.921 594.173 596.789 594.123 580.947 560.615 542.628 535.674 541.323 552.72 558.815 550.959 527.683 495.248 464.441 445.85 
857.762 832.603 793.931 758.52 739.118 738.066 747.304 754.409 750.655 736.011 718.147 706.438 705.182 710.603 713.527 705.773 685.795 659.739 637.276 625.201 623.256 624.938 622.501 612.402 597.305 583.401 575.326 572.673 570.772 564.994 555.029 545.475 541.958 545.606 550.387 545.99 524.887 488.816 449.819 424.452 
805.583 803.155 798.071 789.569 776.364 757.547 734.12 709.985 691.16 682.978 686.642 697.405 706.063 703.485 685.776 656.942 627.145 607.308 603.171 612.338 626.062 634.565 632.511 621.282 606.876 595.182 587.983 582.387 573.855 560.455 545.047 533.631 530.824 535.661 540.909 536.876 517.621 485.632 451.756 429.985 
852.461 829.753 793.921 759.177 737.184 731.574 737.069 743.452 741.869 729.702 711.253 694.163 684.103 681.252 680.753 676.579 665.99 651.417 638.55 632.084 632.243 634.547 632.91 623.71 607.891 589.726 573.429 560.42 549.346 538.626 529.113 524.225 526.975 536.064 544.453 542.383 523.537 490.337 454.389 431.045 
809.954 803.238 793.617 785.594 780.619 775.754 765.948 748.285 724.955 702.561 688.039 684.046 687.087 689.732 685.389 672.316 654.279 637.639 627.149 623.336 622.99 621.922 617.727 610.63 602.213 593.448 583.839 572.335 559.128 546.654 538.708 538.048 544.075 552.281 556.056 549.978 532.808 508.557 485.044 470.626 
758.646 750.91 739.02 728.144 722.233 722.065 725.178 727.592 726.156 720.097 710.99 701.383 693.074 686.104 678.953 669.646 657.021 641.469 624.861 609.864 599.014 593.873 594.461 599.036 604.375 606.631 602.682 591.534 575.086 557.673 544.317 538.338 539.49 543.696 544.753 537.341 519.908 495.926 472.756 458.534 
766.31 760.989 755.372 754.849 759.799 764.175 759.609 742.094 715.998 691.96 679.844 681.797 690.548 694.321 684.916 663.218 638.37 621.436 618.178 625.895 636.02 640.052 634.396 621.089 604.763 588.859 574.089 559.86 546.777 537.64 535.791 542.081 552.947 561.31 559.931 545.161 518.862 487.658 460.25 444.34 
778.413 772.865 766.498 764.692 768.535 772.979 769.775 753.26 724.864 693.053 668.642 658.629 662.596 673.753 683.447 685.859 679.986 668.343 654.153 639.447 625.145 612.285 602.637 597.743 597.147 597.584 594.348 584.32 568.563 552.43 542.687 543.287 552.426 562.839 565.261 553.173 526.282 491.048 458.192 438.454 
789.684 795.698 802.892 804.555 796.075 777.434 752.87 728.309 708.482 695.43 688.803 687.023 688.106 689.717 689.064 683.469 671.734 655.38 638.512 625.921 620.356 620.767 622.769 621.134 612.689 597.8 579.704 562.478 549.188 541.26 538.881 541.433 547.194 552.677 552.784 542.628 520.532 490.299 460.826 442.575 
805.305 791.59 770.539 750.906 738.642 734.104 733.284 731.689 727.662 722.693 718.816 715.639 709.753 697.272 677.529 654.794 636.254 627.361 627.87 631.608 630.44 619.777 601.779 583.908 573.782 573.897 579.911 583.724 579.213 566.664 552.77 546.064 550.745 562.955 572.114 566.769 541.619 501.587 460.429 434.427 
697.213 704.395 717.465 733 745.288 748.229 738.826 719.852 699.165 685.343 682.277 686.619 690.21 686.016 673.279 657.979 648.156 647.544 652.41 654.146 645.774 627.466 606.78 593.268 591.337 596.673 598.966 589.075 565.596 536.229 513.06 505.039 512.62 527.774 538.899 537.239 521.06 495.795 470.927 455.718 
794.239 785.036 769.122 750.804 734.792 724.343 719.767 718.312 715.793 709.139 698.189 685.416 673.735 664.128 655.055 644.298 631.762 620.733 616.106 620.508 631.264 640.91 641.453 629.593 609.061 588.135 573.967 567.882 565.197 559.688 549.121 537.328 530.901 532.951 539.012 538.863 523.626 493.196 458.285 434.962 
800.846 791.23 775.15 758.101 746.064 742.84 747.706 755.092 757.12 748.011 727.699 702.084 679.47 665.414 659.539 656.535 650.539 639.574 626.726 617.283 614.228 615.711 616.459 611.878 601.433 588.563 577.37 569.064 561.376 551.531 540.107 531.976 532.779 543.247 556.145 559.188 542.923 508.346 468.467 441.855 
785.764 760.528 725.059 699.564 696.646 714.122 737.881 752.018 748.759 731.596 710.511 693.92 683.625 675.92 666.784 656.163 647.675 644.396 644.817 642.907 632.625 613.293 591.261 576.085 573.804 582.313 592.414 593.924 582.516 562.462 543.506 534.21 536.389 544.176 547.886 539.869 518.704 489.746 462.375 445.879 
677.284 678.38 682.442 691.262 704.223 717.541 725.915 725.642 717.042 704.438 693.547 687.946 686.942 686.236 680.91 668.724 651.587 634.363 621.92 616.42 616.48 618.488 618.907 615.966 609.798 601.333 591.132 579.169 565.674 552.13 541.29 535.792 536.1 539.248 539.582 531.498 512.812 486.763 461.254 445.457 
800.898 777.445 745.792 725.042 724.162 736.173 744.739 737.693 716.699 695.522 688.455 698.271 713.348 716.325 697.567 662.958 629.995 615.211 622.449 640.672 652.5 646.671 625.103 599.884 583.33 579.126 581.005 579.084 568.174 551.441 537.09 531.355 533.615 537.166 534.434 522.216 503.151 483.157 467.636 459.462 
778.551 767.036 749.221 732.065 719.983 712.927 707.989 702.837 697.863 695.231 695.753 696.597 692.26 678.549 656.566 633.291 617.726 614.992 622.603 631.778 633.11 622.697 604.492 587.283 578.554 579.568 584.973 586.927 580.589 567.121 552.352 542.353 539.167 539.485 536.897 525.966 505.577 479.764 455.933 441.671 
790.46 789.348 784.056 771.813 753.847 735.946 724.931 723.565 727.967 729.804 721.908 703.201 679.325 658.595 646.413 642.231 641.002 637.524 630.046 620.509 611.761 604.535 596.919 586.63 573.835 561.804 554.616 553.873 557.318 560.704 561.338 560.11 559.988 562.064 562.67 554.632 532.513 498.188 462.188 439.016 
771.339 765.62 756.983 748.974 743.267 738.421 731.011 718.438 701.439 684.393 672.964 670.469 675.397 681.888 683.062 675.171 659.85 642.951 630.667 625.512 624.846 622.908 614.934 600.499 583.765 570.532 564.238 563.77 564.629 562.494 556.471 549.511 545.63 546.02 547.126 542.476 527.301 502.784 476.752 459.936 
747.809 754.028 760.51 759.909 749.211 732.3 717.441 711.507 715.159 722.452 725.07 718.06 702.979 686.399 675.085 671.418 672.213 671.426 664.505 651.22 635.218 621.047 611.031 604.169 597.467 588.402 576.625 563.953 553.012 545.72 542.533 542.562 544.039 544.725 542.292 534.981 522.574 507.121 492.704 483.955 
779.127 788.955 800.014 801.224 786.796 760.087 730.987 709.074 697.722 693.296 689.483 682.945 675.752 672.875 677.035 685.25 689.98 684.11 666.005 640.892 617.604 603.165 599.005 601.137 603.586 602.231 596.458 588.102 579.256 570.943 563.424 557.19 553.222 552.037 552.483 551.763 547.15 538.262 527.997 521.082 
812.923 797.624 775.173 757.106 751.697 759.342 772.61 780.725 775.635 756.064 727.427 698.108 674.739 659.388 649.991 643.116 636.759 631.22 627.756 626.443 625.189 620.827 611.502 598.431 585.501 576.771 573.563 573.322 571.23 563.607 550.768 537.252 529.124 530.109 539.154 551.115 560.062 562.932 561.018 558.37 
750.679 755.825 765.631 777.903 788.016 790.396 781.922 764.833 746.381 734.646 733.014 737.296 737.942 726.174 699.904 665.312 633.017 611.659 603.376 603.996 607.153 608.76 608.518 607.935 607.23 604.229 596.272 583.302 569.078 559.038 556.313 559.22 562.581 562.065 558.096 555.949 561.611 576.457 595.014 607.875 
838.614 818.109 786.77 758.203 742.347 740.897 748.214 756.198 759.196 755.742 746.915 733.763 716.445 695.615 674.152 656.864 647.654 646.245 647.414 643.961 631.61 612.186 592.507 579.636 576.002 578.04 579.276 575.327 566.88 558.464 554.279 554.718 556.488 556.124 553.757 553.661 560.834 576.213 594.562 607.08 
779.627 776.456 772.182 769.37 769.083 769.894 768.648 762.471 750.656 735.154 719.385 706.219 696.495 688.98 681.65 673.275 664.196 655.855 649.525 645.237 641.658 636.918 629.762 620.187 609.22 598.094 587.505 577.476 567.857 559.002 552.042 548.489 549.405 554.665 562.825 571.684 579.216 584.335 587.074 588.131 
765.28 766.241 771.054 781.799 795.836 805.62 803.123 785.695 758.627 732.042 714.162 705.985 701.378 692.429 675.788 655.123 637.994 629.906 630.374 633.917 634.752 630.987 624.862 619.199 613.634 604.377 588.017 566.073 545.905 536.398 541.372 555.975 569.421 572.488 564.222 552.559 548.164 556.079 571.63 583.855 
756.996 763.863 775.163 786.974 795.357 797.714 793.462 783.845 771.063 757.227 743.633 730.622 717.937 705.257 692.544 680.062 668.149 657.01 646.698 637.312 629.18 622.807 618.512 615.924 613.722 609.875 602.427 590.49 574.923 558.304 544.089 535.335 533.534 538.121 546.829 556.702 565.24 571.151 574.418 575.737 
686.299 699.857 724.168 754.084 783.05 804.473 813.401 808.071 790.67 766.631 742.368 722.326 706.954 693.058 676.653 656.646 636.745 623.828 623.343 634.705 650.14 658.457 651.732 630.545 603.935 583.663 576.484 579.739 583.557 578.238 561.643 541.132 528.479 531.276 547.068 564.63 571.675 563.505 546.341 532.808 
800.017 800.538 801.911 804.169 806.359 806.449 802.041 791.467 774.58 752.812 728.649 704.995 684.761 670.575 664.244 665.862 673.025 680.972 684.14 678.64 664.311 644.93 626.175 612.394 604.162 598.21 589.802 576.058 558.056 540.397 528.576 525.888 531.763 542.37 552.844 559.644 561.738 560.318 557.611 555.676 
738.892 744.75 753.724 762.722 770.814 779.361 789.409 798.622 800.86 789.544 762.766 726.18 690.999 667.892 660.83 665.17 671.324 671.327 663.619 652.814 645.064 642.797 642.835 639.015 627.003 607.448 585.276 566.015 552.295 543.139 536.151 530.334 526.943 527.777 532.637 538.464 541.169 538.744 532.998 528.322 
787.832 787.677 786.86 785.337 784.345 785.894 790.914 797.447 800.59 794.781 777.198 749.96 719.464 693.128 675.622 666.979 663.59 661.038 656.608 649.899 641.624 632.064 620.675 607.064 592.217 578.587 568.68 563.229 560.533 557.7 552.905 546.855 542.176 541.118 543.422 546.144 545.745 540.879 533.674 528.392 
789.019 786.393 783.741 783.942 787.408 791.187 790.747 783.125 769.042 752.366 737.366 725.856 716.391 705.981 692.859 678.069 664.663 655.217 649.67 645.16 637.943 625.881 609.685 592.186 576.44 564.202 555.756 550.768 549.048 550.374 553.632 556.355 555.521 549.351 538.768 527.211 518.652 515.141 515.656 517.176 
714.947 729.927 752.694 773.606 786.453 791.111 791.341 789.986 785.81 774.641 753.805 725.951 698.824 680.765 675.255 678.634 682.728 680.343 669.518 653.67 638.05 625.738 616.281 607.574 598.72 591.023 586.244 583.986 581.039 573.807 561.933 549.731 543.521 546.401 554.601 558.872 550.653 528.833 501.908 483.414 
832.16 823.222 806.491 785.438 766.374 756.467 759.628 772.996 787.169 790.988 778.191 751.453 720.789 697.178 685.747 683.199 681.077 672.251 655.824 637.072 622.885 616.456 615.204 613.179 605.702 592.545 577.476 565.033 557.417 553.882 552.542 552.431 553.68 555.706 555.473 548.129 530.309 503.83 476.584 459.191 
839.713 834.961 823.378 804.088 780.648 760.577 750.721 751.855 757.188 756.603 743.87 721.337 698.258 683.84 680.261 681.105 676.454 660.672 636.81 614.257 601.631 600.53 604.959 606.531 600.993 590.795 581.905 577.96 576.944 573.251 563.245 549.267 538.272 535.887 540.828 544.719 538.112 518.316 492.768 474.844 
