3.60863 4.83365 3.85851 3.21928 5.44676 5.82753 3.92363 5.31312 5.03762 3.99447 4.48996 4.73577 5.12565 4.06122 5.1618 4.48213 4.31818 4.54876 5.26586 4.37797 5.00398 4.87425 4.74572 5.86367 5.45201 5.73407 5.72395 4.71543 5.35111 5.31992 5.73882 5.88487 5.47521 5.97043 5.65209 5.93796 6.21989 6.52935 6.63719 6.39253 
19.2111 20.0045 20.5974 21.2635 21.8051 22.0707 22.1323 21.8763 20.999 19.2262 19.6963 20.5635 20.2802 20.3995 21.1719 21.2296 20.7406 20.2641 18.9254 19.9124 19.8563 19.4621 18.6143 18.8475 19.6812 19.4754 19.3621 18.5191 18.4213 18.7574 18.665 17.3746 18.1645 18.5468 17.241 17.5765 17.1493 16.7538 16.7334 16.5144 
26.1811 25.3355 26.3817 27.2204 27.1119 26.3448 26.047 25.965 24.8644 24.2078 23.6011 23.1837 23.3586 23.7046 24.0112 24.5304 24.1884 23.5546 23.2389 23.3926 22.6606 22.7304 21.635 22.1477 23.4389 22.2497 22.1705 21.2381 20.8806 21.6381 21.884 20.7602 21.5069 21.7659 20.9955 21.2559 20.3692 20.1102 21.0035 20.0193 
26.4804 26.4362 25.9392 26.1872 26.3521 25.4358 23.4038 23.7527 23.0316 22.7116 22.7817 22.8358 22.1863 22.789 23.2684 21.8446 21.0008 20.6415 21.7752 21.2166 20.0208 20.2123 20.5346 21.343 22.5032 20.535 20.9197 21.0946 20.1998 19.9518 20.103 20.6175 20.6624 20.709 21.0036 20.7566 20.3589 20.4573 20.3438 19.0821 
23.7304 25.0031 26.3675 26.3418 24.1322 22.9278 22.7002 23.4943 23.0905 21.7707 22.2689 21.7546 22.5838 22.765 21.0294 19.8761 20.2064 20.5869 20.9281 21.8219 20.8601 21.0622 20.2687 19.9381 19.5658 20.1933 20.7098 20.85 19.4074 19.7342 20.2632 20.2694 21.1326 21.0587 20.6398 20.4496 20.0305 19.3308 20.0318 18.4868 
25.9635 26.0378 25.4134 24.4326 24.5992 23.7013 22.88 22.5275 22.8716 22.9769 21.6646 21.4708 22.7501 23.0353 22.7771 22.1725 20.8588 20.8673 21.8979 21.7246 21.5942 21.102 20.2922 20.5781 19.5893 20.1858 20.6087 19.3993 18.6793 19.3455 19.6517 19.9677 19.4761 19.9545 19.8664 19.5834 20.1025 20.3328 19.3683 18.8723 
24.4476 25.697 24.8504 24.4012 24.4455 24.0639 23.6682 24.6204 23.0383 21.9205 24.108 23.8768 21.3093 21.4394 21.3792 22.2738 21.5809 21.2893 20.9364 21.846 21.7294 21.3479 20.572 20.9577 20.1153 20.3125 20.1022 18.6678 19.3127 19.9833 18.8217 19.0924 20.2493 19.4788 19.2051 20.371 20.5173 19.5758 19.3469 18.6078 
24.5102 24.2442 23.804 23.9273 23.7496 22.2757 22.2266 23.8022 23.4834 23.1988 23.3893 22.104 22.4306 21.6819 21.3416 19.9055 20.1515 21.6491 22.0655 21.7523 21.4724 19.456 20.9046 21.2328 21.374 20.8688 21.0634 21.0612 20.0216 19.9809 20.6039 20.7757 20.9693 20.7213 21.1624 20.8084 20.391 21.3325 21.1284 19.9673 
26.1258 25.7331 23.6443 23.5753 23.5525 24.8629 24.3004 24.4409 24.1987 25.8502 26.0985 24.3392 24.5784 24.0509 24.329 23.4508 22.9024 23.6025 24.2103 23.4073 22.216 22.5854 23.1401 24.2612 24.1975 24.194 24.884 24.3501 22.7468 23.9039 24.4074 24.3615 24.4185 25.1836 25.8842 25.1311 24.6592 25.6084 25.4743 23.7925 
25.3123 24.7919 24.4215 23.9691 24.5604 24.1082 24.2203 22.0549 23.9055 23.9993 23.2584 23.3952 22.2924 22.0086 23.739 21.9566 21.6764 21.1332 21.1099 21.8329 21.2005 21.4335 21.1321 20.4866 19.976 20.9369 21.082 20.6088 20.4768 20.9653 21.37 22.8252 21.2245 20.2793 20.0065 19.1338 20.0212 20.8571 20.1168 18.3929 
25.8872 25.3216 23.6784 24.2339 25.0467 23.9759 23.5026 23.0932 21.9522 22.0023 22.0103 22.7949 22.2711 22.1673 22.3841 21.7517 20.5614 20.5178 21.5458 20.5319 20.1955 19.5687 19.8886 20.6039 19.7326 20.7374 20.4456 19.0698 19.7114 20.6226 19.9624 20.2536 20.8955 21.2042 20.0408 19.5341 20.4917 20.0381 18.4421 17.9296 
22.9476 23.2511 23.1768 22.7204 24.2608 22.7403 22.5145 24.0038 24.431 23.6906 22.1089 22.8682 23.169 20.7296 22.0655 22.1478 22.3986 20.867 20.9844 20.9955 20.9017 19.5054 19.8543 20.3542 19.4322 20.1764 20.4253 20.5099 20.0461 19.1124 20.157 20.2248 21.7616 21.3134 19.5078 18.7742 19.7856 19.0729 17.9348 17.775 
24.2975 24.2794 24.6589 23.9136 23.2007 23.1062 22.7402 24.1241 23.1752 22.086 21.7447 22.5439 21.8596 22.4936 21.5292 21.6851 19.556 20.16 21.8755 21.5906 21.0488 20.5682 19.6886 20.0501 20.3838 19.8307 19.1824 20.0035 19.7471 20.6546 20.4515 20.2168 20.9964 20.7566 20.4735 19.8534 19.6976 19.8232 19.2631 18.7418 
23.972 22.8225 22.5811 21.4395 22.8403 23.6509 24.0645 24.341 23.9738 22.1684 21.758 21.6115 22.4034 22.1594 21.2277 20.1601 20.1097 20.8526 21.3445 21.977 21.0761 20.6336 20.443 20.3033 19.7887 19.6506 19.2954 19.3715 18.9933 19.1309 19.3581 20.9512 21.8916 21.8209 18.7743 19.0172 19.4896 19.2087 18.0011 17.2897 
24.3255 23.764 24.4735 23.8502 22.4821 22.6538 23.7112 23.5698 22.7079 23.0972 22.9749 22.6634 21.6293 21.9018 22.0999 21.41 20.6752 21.1141 21.5025 21.6612 21.3043 21.1707 20.6082 20.1703 20.4845 20.7056 20.4754 20.6168 20.6914 20.4323 20.0972 21.0457 21.3027 21.2741 19.3868 19.3462 19.2054 18.4354 18.4352 17.4607 
24.0018 23.6242 24.222 25.2572 24.0969 24.6805 24.1291 22.8611 22.3666 22.103 23.0704 23.0454 22.3569 21.8385 21.04 22.1007 21.5352 21.0714 22.2081 21.4392 20.8972 21.4705 23.0554 21.7999 21.8724 22.9917 22.6631 22.4657 22.5444 21.4756 20.936 20.5441 20.9202 20.4284 19.9256 19.4971 19.486 19.7854 19.6392 17.9031 
24.8342 23.4539 21.6441 23.0381 23.8336 22.6559 24.0941 24.4213 23.0021 22.9396 21.6716 22.3833 22.4704 22.5868 22.5333 20.5051 21.158 22.3189 22.0121 19.9903 21.1517 21.2341 22.8327 21.5739 22.1842 23.2701 22.8012 21.5621 20.8454 21.0207 21.6435 20.6618 19.6581 20.0188 20.1651 18.638 18.5898 18.9225 19.8713 17.9145 
25.1824 24.0227 22.612 21.1258 21.9994 23.1337 23.1661 23.1288 22.9253 22.4591 22.5203 22.9906 22.9161 19.9649 20.5522 20.4991 21.2729 21.7035 20.5404 21.0226 21.1725 21.0009 20.9607 21.6403 22.7184 22.6473 23.1389 21.3767 21.6392 21.19 21.2257 20.565 19.6385 19.3743 19.8764 18.4215 18.4019 18.7521 19.5381 17.2961 
24.7177 23.7921 24.8685 24.8078 23.6923 22.3095 22.4649 22.8641 23.0005 22.6657 22.0393 21.8998 22.182 21.1775 21.8947 20.5569 21.1788 20.9761 20.6362 20.9246 20.6881 20.4951 21.1025 20.8566 20.6147 21.6366 21.6177 20.6455 20.3403 19.9252 20.2523 20.9892 19.9508 19.1457 19.2496 18.8342 18.5099 18.2963 18.1356 17.069 
24.8273 25.572 25.4976 25.1039 24.4979 23.268 24.3799 23.8104 23.1897 22.2513 23.829 23.3533 22.9521 22.1824 22.5352 20.6001 19.627 21.0946 21.2006 20.1308 20.9308 21.1426 21.1834 19.8918 19.5927 19.298 19.5705 19.3901 19.6509 19.3637 18.1094 19.0527 19.2225 18.9993 18.3252 18.2359 18.003 17.7449 16.834 16.189 
24.7126 23.3592 22.6819 24.268 24.6875 23.7386 23.6361 24.2821 23.5269 21.6667 22.7521 23.5083 23.1697 21.7224 21.8272 21.599 20.536 21.4058 20.8724 21.2759 20.2808 20.5227 20.5225 20.8931 20.3407 20.3081 19.7138 19.281 19.1687 19.873 18.9103 18.9327 18.6565 18.9677 18.5403 18.7652 18.8645 18.6343 17.2751 16.261 
24.8487 23.9122 22.78 22.5021 22.6234 22.1234 24.6067 25.0413 23.3516 23.2073 21.8917 23.0057 22.368 20.6254 20.0275 19.7538 21.586 22.8275 22.4398 21.7084 20.373 20.4945 21.1303 20.356 19.4155 19.3718 19.0229 18.5883 18.9511 19.4009 18.6923 19.4154 19.1343 19.2243 19.0459 17.9153 18.0944 17.9435 16.6993 15.9494 
22.9202 23.4316 23.6399 23.2881 22.3557 23.395 23.8181 22.8066 22.9474 22.9703 22.6342 23.251 22.7383 21.9321 22.0372 20.5691 21.1635 20.799 21.6213 20.4371 20.8479 20.3979 20.1383 19.7562 19.8668 20.4512 19.8451 19.35 18.9127 18.4346 17.9485 19.6614 19.0172 19.2239 19.0205 18.3434 18.3739 17.7707 16.375 15.486 
22.5911 24.4463 25.1454 25.1762 24.6704 22.9165 24.0207 22.627 22.5716 22.5471 22.0113 22.568 22.167 21.7356 21.6672 20.9231 21.2432 21.6606 21.2338 20.4339 20.5941 20.4594 19.0789 19.8705 20.2263 19.5832 19.2313 19.0075 18.8598 19.2681 20.2266 19.2401 19.4291 18.5678 18.8253 18.2005 18.2326 17.7229 17.4705 15.8654 
25.2103 25.6046 25.0397 23.8387 22.9112 23.5752 23.3079 23.5847 22.861 23.0626 22.5262 22.6522 23.3419 21.5359 21.2721 21.6071 20.2389 21.7058 21.5012 20.483 21.6126 20.6326 19.8494 21.0578 19.6766 19.4378 19.845 18.8555 19.8794 19.9288 19.5953 20.2661 19.8158 19.1821 19.1208 19.1791 18.5905 18.7083 18.0965 15.9251 
25.8155 25.5736 23.7293 23.5823 22.9469 25.0298 24.548 25.036 24.7055 24.4478 24.4412 23.2743 22.9077 21.4472 21.3683 21.6303 21.4893 21.2861 21.7581 21.7045 20.6691 21.1746 21.8059 20.7577 20.692 20.8068 20.7493 20.7103 20.752 19.597 19.4576 19.8724 19.8151 19.7334 19.0496 19.2348 18.9426 18.5885 17.944 16.6415 
23.1804 25.22 24.6802 22.4002 23.5002 23.0783 23.0278 23.3947 23.9865 25.5528 24.6701 23.7817 21.6448 20.9666 20.6557 21.0491 22.0913 21.5111 21.1276 20.2689 20.5229 20.3249 20.1989 21.134 20.8125 19.851 19.7025 19.6998 19.5763 19.2243 19.4222 19.9589 19.3944 19.4096 18.9608 18.8481 19.143 18.8009 17.8884 16.5647 
25.7172 25.6483 25.0666 24.2124 22.5985 23.3205 23.9431 23.277 23.3152 24.2297 23.353 22.8954 22.5203 22.8747 20.8011 19.8921 21.1893 21.7443 22.1358 21.2678 21.3682 21.2713 20.4792 20.8084 21.3616 20.0957 19.3797 19.406 20.4519 19.4802 19.4583 19.7121 19.9558 19.4466 18.7965 19.0368 18.3305 18.1538 17.4105 15.9889 
23.2853 24.6378 24.87 22.802 22.1086 24.1824 24.6784 24.2325 24.5107 25.3235 24.6177 22.7858 21.7171 21.674 21.8121 20.8286 21.1306 21.9592 21.9584 21.6157 21.1554 19.9142 19.9614 20.1812 20.7548 19.5153 19.2936 19.6897 20.2217 19.4079 19.32 19.1304 18.9921 18.1967 18.3323 18.5631 18.5025 18.604 18.2833 15.493 
25.1479 25.8878 25.2173 23.8575 23.8377 25.218 24.4235 24.1454 24.0959 24.4653 23.4055 21.735 21.5993 21.487 21.5513 21.9191 20.6197 21.8432 22.1431 20.9991 20.4159 20.0742 20.5267 20.5571 19.3932 18.8949 18.2671 19.3041 20.1221 19.4656 19.5921 19.8148 19.1601 18.5913 18.4923 18.3739 18.1533 18.6131 17.6755 16.086 
25.8481 24.8849 23.7456 23.3022 23.8877 24.7066 24.0773 23.311 23.5735 23.4815 23.5824 24.0688 24.0597 22.3005 21.214 22.1261 21.829 21.0996 21.7121 21.3956 20.2275 19.9779 19.7975 20.8522 20.1448 19.1081 18.6477 18.7434 19.7425 19.1858 18.9016 18.7836 19.016 18.9358 18.077 18.5243 18.7923 18.5904 17.5056 15.2018 
25.2825 24.7852 24.1221 23.9909 24.4224 25.7344 24.2467 22.8093 23.571 24.4044 23.9533 22.9278 22.6943 20.7601 22.0998 21.4111 20.1398 20.4443 20.7338 20.2655 20.9714 20.1959 20.4066 20.5758 19.8016 19.1588 19.6358 19.0663 18.9899 19.2529 18.2927 18.7075 19.0229 18.4475 18.9906 18.1713 18.0412 18.5352 17.4757 15.9572 
24.4204 25.8965 25.2834 23.8265 25.1103 24.8824 23.4469 23.8538 23.8189 24.8179 23.3712 22.3264 21.7795 21.7066 21.9006 20.5764 21.1211 20.9988 21.1024 20.5652 21.2533 20.4091 20.6983 20.3307 19.1803 19.6011 19.378 19.1785 19.019 19.2617 19.8071 19.0095 18.5923 18.1598 18.369 18.3331 18.1558 18.2844 17.1904 14.9554 
24.9478 25.2544 24.3731 23.4796 24.497 24.8134 23.7562 24.2132 25.0049 24.1516 23.2853 23.2055 22.8424 22.7489 22.6287 20.4895 21.0533 21.6198 22.0702 21.8709 20.9968 19.8793 19.0045 19.3759 18.7672 19.4739 19.367 19.7081 19.8748 19.6478 18.6688 18.0285 18.7779 18.9404 18.3361 18.2609 18.8781 18.2272 17.3051 15.3721 
24.779 24.4857 23.8748 22.1089 24.1647 23.5899 23.2521 22.1351 22.4047 24.5457 24.4674 22.9669 22.823 22.8613 22.4074 20.6934 20.8633 21.3009 20.8223 20.7341 20.6796 20.6376 19.3355 19.6223 20.2924 19.4981 18.8209 18.8756 19.5959 20.031 19.4716 19.1212 18.9716 18.3963 18.328 18.5902 17.9256 18.0825 17.4386 15.7206 
25.8032 26.1481 25.4701 23.4292 24.3709 23.9666 23.7167 23.8059 22.6357 24.494 23.5875 23.6886 23.9907 21.6502 22.3755 21.552 20.6913 21.4262 21.3304 21.1192 21.4108 20.338 20.1661 20.6031 19.0948 19.2902 19.7667 19.3906 18.5073 18.418 18.4403 18.6974 18.304 18.8631 18.134 18.4055 18.4216 18.0029 16.8533 15.2997 
25.1517 24.6566 24.4912 24.5583 23.6055 24.2501 23.8771 22.732 23.6877 24.9991 23.5265 23.0912 22.2082 21.3824 21.8313 21.9193 19.506 20.5094 21.1623 20.6797 21.17 20.9022 19.6755 20.1617 20.3414 19.4415 19.6597 19.3572 18.7657 19.1617 18.2832 18.6897 18.2389 17.5439 17.715 17.9865 17.5104 17.5336 16.8183 15.8203 
23.3581 24.1012 24.7042 23.2916 24.3708 24.3538 24.9259 24.9601 24.2479 24.0598 23.1497 21.0262 21.3283 22.3158 21.6132 20.7035 20.6478 21.1244 20.8199 21.2528 19.9177 19.0597 19.7897 20.6131 19.6291 19.9684 19.5149 18.775 19.4037 19.3392 18.2755 18.5999 18.04 18.5533 18.1994 18.1587 17.7327 17.8985 16.7111 15.2984 
23.4189 24.323 22.7981 22.361 23.2253 23.5732 24.5584 24.6898 23.2912 22.9399 22.1922 22.359 22.0324 21.7699 21.8399 21.249 21.2044 20.8128 21.4822 21.2831 20.4532 20.5669 20.2358 20.1182 19.4425 19.643 18.8603 19.1437 19.4796 19.5226 19.0081 18.2504 18.0533 19.0405 18.4568 18.3004 18.0314 17.2785 17.3343 15.7357 
24.6105 23.994 24.0905 24.5006 23.4534 24.4505 24.7284 23.4093 22.4002 24.0676 23.8174 22.5391 21.8253 22.5156 21.6588 22.0271 21.1593 21.0622 20.3877 21.2179 21.4088 20.3846 19.8275 20.8753 19.4041 19.4659 19.4701 19.6437 18.7698 18.8786 19.0184 18.5921 18.557 18.612 17.3883 18.0739 18.0107 17.4639 16.8275 15.2426 
22.536 22.6302 24.02 24.5185 24.3075 23.6385 21.4935 23.4108 23.5426 24.4978 23.3399 21.7523 22.2689 21.6526 22.3279 21.3518 20.6232 20.5465 20.9728 20.1812 21.4848 20.5821 20.2689 20.1505 20.1333 19.4584 19.4939 18.4547 19.102 19.1785 18.3997 18.3563 18.5377 18.0107 17.7602 17.7848 17.9546 17.5695 16.823 14.8654 
23.4105 24.5359 23.2869 23.1743 22.9159 23.5374 23.6821 24.1249 23.8167 24.0212 23.9146 22.9037 21.728 20.3416 21.3928 21.5993 20.7554 20.6332 20.0633 21.0319 21.1723 20.6409 19.6446 19.5263 19.7108 19.4287 19.0801 18.3644 19.1509 18.9439 18.6552 18.2901 18.6863 18.3671 18.1812 18.1639 18.2074 17.1543 16.4158 14.7119 
22.793 25.0515 26.0706 25.1265 23.0113 24.2614 23.6257 23.2674 22.1991 22.4708 23.0621 22.8269 22.874 23.1898 21.5399 21.3633 20.6112 20.239 20.1982 20.4658 20.6773 20.1806 18.753 19.1151 19.2633 19.5616 18.7215 18.7363 19.3937 19.131 18.9186 18.2455 18.5926 18.1627 18.2668 18.1458 18.2865 18.0419 16.2843 15.1243 
24.511 24.9505 25.6927 24.4032 23.75 24.7865 24.6023 23.8907 23.9869 22.8874 21.9651 22.1389 21.1933 22.0995 21.2952 21.7587 20.9148 19.5824 20.9412 20.5211 21.7418 21.1099 19.4389 19.588 19.9283 19.8287 20.1275 19.2889 18.7409 17.7124 18.5977 18.5433 17.7916 18.0991 18.5697 18.316 17.7676 17.5644 16.4721 14.7778 
23.2032 24.5266 24.7622 23.3402 23.2573 23.4899 22.4522 23.1245 22.3208 22.9484 23.0532 22.4889 20.8162 20.781 20.6266 21.4132 20.8467 21.3481 21.2891 20.7374 21.1402 20.5105 19.7589 20.5115 19.2597 19.036 19.5481 18.5684 19.6659 18.5107 18.6865 18.5399 17.7923 18.1083 18.4199 18.2954 17.9503 17.1473 16.741 15.5014 
24.5487 24.4088 23.0258 22.6109 22.8594 24.3595 24.8322 23.1804 22.8258 23.5268 22.4649 21.5235 20.2318 19.7022 20.7683 20.7213 20.6263 21.1704 22.2029 22.0813 22.5293 20.5537 19.9951 20.3073 19.9119 19.185 19.4317 19.3556 19.0736 18.9148 19.0209 18.6405 18.0375 17.7146 18.3291 18.0954 17.2455 16.8044 16.468 14.7673 
25.4683 24.5092 23.9685 22.1728 23.1856 22.6166 23.5659 23.141 22.2203 22.5425 22.4301 22.7739 21.5582 20.5818 21.3742 21.5704 21.0667 20.5656 22.6515 23.4836 22.2522 20.8627 19.4217 19.2791 19.582 20.1675 18.7465 20.0197 20.3949 18.1017 19.4801 18.9018 18.1961 17.4544 17.6845 18.0473 17.4293 16.9579 16.458 14.7697 
24.9319 25.558 24.9454 24.2254 23.0373 23.1424 21.9058 22.7495 22.2134 23.3041 21.9967 22.0738 21.861 20.4745 22.5501 23.7477 22.5677 21.3642 22.6557 23.7195 23.3535 22.4341 19.7525 18.8504 18.6533 20.1513 20.2241 19.1049 19.2738 18.3782 18.7649 19.5131 19.335 18.3156 18.7342 18.8204 17.7015 17.4276 16.7459 15.3918 
24.8377 25.0049 23.4615 23.7844 24.22 24.6915 23.1894 23.4603 23.117 23.0988 22.9266 22.8271 22.337 21.5947 22.3469 21.388 21.7783 21.9087 24.2769 25.267 23.5025 21.5847 20.7588 20.5506 20.7423 20.564 20.58 19.5743 19.5228 18.8772 18.6141 20.1636 18.8982 18.0256 18.3231 18.7142 17.8018 18.0445 17.1837 15.8867 
25.2319 25.2243 24.5541 23.4571 21.9564 23.8797 23.0967 22.3318 21.8553 22.3329 21.8636 21.6273 22.7585 21.6566 23.2504 23.9241 21.4885 20.1129 23.6529 24.3878 23.6524 22.058 19.9836 20.0351 20.3799 20.8921 20.4619 19.8802 19.8491 18.1431 18.4377 19.0814 18.6092 17.9168 18.3055 19.474 19.1611 19.289 18.7664 16.0817 
25.4943 25.2101 23.0861 22.1593 23.0616 21.8687 23.5762 23.4355 21.8086 22.4788 22.0447 21.8851 21.2658 20.8441 22.2652 22.4522 21.3658 20.741 24.1829 24.8615 23.0835 20.6938 20.8768 19.8028 19.2518 19.5278 20.506 19.8495 20.1008 18.7777 18.6631 20.0295 17.9821 17.9862 18.1226 19.2553 18.703 17.7809 17.6745 15.9816 
25.6505 24.5418 24.0869 23.7973 21.7763 23.1504 22.7236 23.5619 23.753 22.845 22.5315 21.4856 21.4341 19.8814 19.8496 21.643 20.8884 22.2871 23.8977 23.7767 22.9518 20.0064 19.785 19.3937 19.0586 19.4673 20.1022 19.6294 19.3077 18.324 18.4271 19.4194 18.1302 17.8672 18.4065 19.5947 18.893 18.1143 17.1727 16.0039 
25.8806 25.3121 23.4141 21.9207 23.747 23.8813 22.927 21.5339 22.5282 22.5537 21.0835 20.5814 22.5758 22.1171 21.2646 22.4189 20.942 21.4966 22.653 21.9357 20.7226 20.3547 20.0345 20.2031 20.3297 19.8267 19.5436 19.5964 18.912 18.0104 18.7684 19.9451 18.2354 18.2273 18.3381 18.9219 18.8957 19.091 17.6191 15.8531 
24.973 24.2029 23.0433 24.001 25.7577 24.6863 21.8835 23.6332 22.9021 23.1406 21.7857 21.7547 21.4138 21.2688 22.0809 22.2491 21.3735 20.9678 21.0356 23.0805 22.3575 20.2822 19.9594 20.4745 20.4336 20.3526 20.1934 19.2845 17.8627 17.8458 18.4976 19.9222 19.3096 18.2713 19.007 19.478 18.7972 18.7022 18.1421 16.281 
23.4013 24.1072 22.761 25.7401 27.7361 26.4886 22.2759 21.7773 22.9402 21.1833 21.5503 22.0988 20.9313 21.7394 23.0978 22.3934 20.3077 22.7599 24.2227 24.6375 23.1958 20.969 19.3497 19.6684 20.2774 21.4977 21.0089 18.9579 18.4303 18.7802 17.8446 18.3422 18.4408 19.383 21.0532 20.6977 18.854 18.336 17.8418 14.8654 
19.9181 23.5617 23.3452 25.0695 28.0445 27.0159 22.2153 22.6639 24.051 23.444 21.9839 22.1639 20.6867 20.2338 21.4531 21.7226 20.8931 20.067 23.2075 22.81 21.604 20.191 19.2648 18.0517 19.738 21.1527 19.8096 19.256 18.5093 18.6011 17.6736 17.8748 19.1904 21.1396 22.1687 21.3224 19.6308 17.842 17.6625 15.8858 
23.9837 23.9193 22.3324 25.9986 28.4847 27.3204 22.6176 22.4443 23.8847 22.7974 21.2182 23.4832 22.9709 22.2506 22.1689 21.4256 20.5424 20.5958 22.015 22.7641 22.0219 20.0474 20.4663 20.2487 20.0534 20.3013 19.8086 18.3584 18.5797 18.6288 17.8558 18.5115 18.7287 20.6918 21.629 20.8122 19.1003 18.426 18.1676 15.6947 
22.2118 21.4317 21.1011 25.8861 28.7916 27.8612 23.9212 22.1759 23.3253 22.4025 21.0106 23.0788 22.7498 21.5996 22.1059 22.2788 20.9824 21.0305 22.0954 22.3256 20.9984 19.579 20.1767 20.216 20.9477 20.6021 19.0291 17.9765 18.1692 18.4518 18.0715 19.6625 19.2837 21.6112 22.6315 21.5963 19.5931 20.4368 19.6766 17.17 
22.6774 22.8062 21.7604 26.3568 29.222 28.2836 23.8836 20.4326 22.1575 22.3047 21.5896 22.8067 22.5685 22.5869 23.5934 22.0804 21.5977 21.0957 23.9392 24.2027 20.9909 20.6679 21.8567 21.1405 21.6388 21.9939 20.0185 18.8219 18.0239 19.0117 18.211 17.172 18.9606 21.5654 22.5834 21.7205 19.9552 18.633 17.5138 15.4404 
21.9191 22.6379 21.2948 25.9979 29.1891 28.4356 24.1847 22.3261 24.6012 24.0166 21.8466 24.4741 24.2104 21.7794 24.6246 23.3316 22.9091 22.4397 24.1098 24.2806 22.9151 22.102 21.8459 20.9932 22.9079 23.9253 20.3437 19.4536 18.3022 18.7251 18.0296 18.9183 20.4067 22.6889 23.4481 22.4518 19.5594 19.69 18.4173 16.7693 
24.2122 22.6861 22.7805 26.0139 29.169 28.3417 23.885 24.1315 26.2684 25.155 21.376 24.9834 24.793 21.8002 24.5856 23.2477 22.8003 22.0785 25.3628 25.2275 23.1262 22.3363 21.6804 21.7434 22.8456 23.6779 19.8534 18.4505 18.0394 18.8434 18.828 19.8241 21.2129 21.6862 23.1481 22.9898 20.8915 20.3556 18.9128 14.9488 
22.5614 23.1508 23.5993 25.9554 29.1071 28.3625 24.0948 23.7134 26.9509 26.8224 24.2595 25.993 26.2428 21.9909 24.7948 23.6459 22.0301 21.7999 26.2326 26.4975 23.2963 22.5249 22.3288 21.6956 21.7199 21.1738 19.536 19.6322 20.8454 21.4757 21.533 23.1049 22.7298 22.084 22.8912 22.8493 21.6911 21.3342 18.8521 16.5797 
21.7714 22.3373 23.2722 25.5351 28.8926 28.1454 23.8745 23.4047 26.4349 25.8954 23.9755 26.9451 27.2235 23.1274 25.5012 24.3263 23.2747 23.4765 27.0214 27.2004 23.2354 22.4059 21.6453 20.8406 20.8045 20.8382 20.2255 20.5121 22.5859 22.7322 22.567 24.1393 23.1536 22.4121 23.1741 22.4002 21.1876 20.5347 18.7169 16.7926 
20.1146 21.7298 21.2054 25.767 28.9958 28.2691 23.985 22.9312 26.2228 25.9029 23.0201 27.2295 27.3998 22.8127 26.1399 25.1008 23.6939 23.9155 26.9879 27.3054 23.0007 22.2998 21.3485 20.4069 20.3778 21.0723 20.8495 22.0578 23.0619 23.0169 22.9113 23.4121 22.6743 21.2448 21.7171 22.5448 21.2901 20.3395 19.2782 15.7853 
22.0967 21.8122 22.4039 25.9188 28.9976 28.1435 23.6578 22.7419 25.4211 24.5543 23.1587 27.2487 27.2033 22.9115 26.2449 25.1471 24.506 24.4221 26.85 26.9933 22.1434 21.6739 21.3314 20.3352 20.1172 20.5027 21.8425 21.9885 23.4497 23.4093 22.7204 23.4333 22.3537 21.0063 21.8012 21.7827 20.2819 20.1258 18.5819 16.9569 
21.6582 23.1519 23.8283 26.2 28.9393 27.88 23.4384 22.9733 24.4914 24.0968 23.4356 27.5462 27.0007 23.488 26.198 24.787 26.5785 25.5423 26.9381 26.5531 23.4673 22.1788 20.1331 19.6953 20.1984 20.6262 20.7314 21.3043 23.267 22.468 22.5481 24.0966 22.544 21.0162 22.3775 22.8323 21.6475 21.368 18.2666 15.9297 
20.0355 23.3038 24.0124 26.087 28.8029 27.7247 23.1087 22.9303 24.9281 24.3114 23.2697 27.6876 27.1669 24.1477 26.4406 24.9814 26.7676 25.9776 26.2774 25.5014 23.8148 22.1743 18.8796 19.0577 20.8362 21.3672 20.7272 21.5027 23.367 22.411 22.6353 24.2438 22.8942 20.4852 21.8572 22.3016 20.9519 20.5102 18.2264 15.638 
20.1868 21.8349 23.0621 26.3762 28.7834 27.5188 22.8565 22.8226 25.0265 24.2591 23.3964 27.3912 26.5364 24.1822 26.2302 23.9813 27.1214 26.0151 26.2573 25.3409 22.8826 20.6961 20.5126 19.7972 20.2749 20.9999 21.3974 21.4356 22.9617 21.6545 21.8678 23.1521 22.8928 20.3224 22.2005 22.0984 20.378 20.2938 18.383 16.4137 
21.1991 22.8852 23.5759 26.4198 28.8619 27.6513 22.7963 23.5289 25.8044 24.8694 23.628 27.2898 26.1821 24.7587 26.5334 24.5511 27.5412 26.0434 25.9178 24.6812 23.187 21.0266 19.9764 19.3043 19.3668 20.9426 21.4722 21.2 23.1845 22.1837 21.7768 22.9474 21.9248 21.0792 22.7192 22.8192 20.5225 20.2775 17.7753 14.0847 
21.2193 22.6853 24.03 26.3642 28.8162 27.5393 22.9369 23.995 25.929 24.9298 23.395 27.0811 25.8274 25.035 26.6838 25.0976 27.9557 26.3331 24.2782 22.8532 23.2157 20.2706 18.7042 18.2289 19.3354 20.2498 20.7752 20.984 22.4209 21.7745 22.104 22.9851 22.4236 20.2984 21.9817 21.9718 20.0283 19.5896 17.2195 16.0312 
19.6782 21.1649 21.3339 26.6979 28.8862 27.439 22.6577 23.7427 25.7084 24.751 24.2452 27.2399 25.862 24.7688 26.1537 25.3276 28.2306 26.4117 24.4925 22.9488 23.2187 20.353 19.3825 19.7963 20.4173 20.4894 20.5294 20.8992 22.1811 22.0605 22.1915 22.4954 21.6712 20.5816 21.6771 21.4474 19.7968 18.8731 16.5679 15.6773 
21.1246 21.883 22.8001 26.7737 28.9108 27.3429 22.121 23.5784 25.0598 23.6963 23.5557 26.0086 24.2454 24.8848 25.6263 26.7007 28.7418 26.2065 24.8499 22.7727 22.7228 19.0091 18.6834 19.4445 20.2247 19.6155 19.6506 21.5018 22.0711 21.3333 21.836 23.181 22.7865 20.7529 21.0287 20.6257 19.5052 19.0989 16.6749 15.4594 
20.2341 20.7606 21.4598 26.659 28.8638 27.3976 22.0942 24.0247 25.4374 23.393 22.7217 25.4638 24.3616 25.2115 26.1818 26.46 28.3829 25.7273 24.1253 22.4269 22.4149 19.8842 19.6115 19.2317 19.5784 19.2689 19.5652 20.9353 21.624 20.8542 21.7449 23.6693 23.1747 20.9898 21.2911 20.5987 19.4143 18.8378 17.4266 16.4079 
19.8718 21.8778 22.4546 26.5311 28.6108 26.9996 22.1783 24.7445 26.0398 23.9436 23.588 25.4039 23.7741 25.0913 25.935 26.2618 28.0133 25.2828 23.7468 21.9945 21.5198 19.0761 19.013 18.8684 19.0467 19.9555 19.675 20.8031 21.6085 21.2927 20.8735 23.252 22.7682 20.9802 21.7296 21.4833 19.7754 18.1984 16.4186 15.2783 
20.0957 19.6032 22.1562 26.5989 28.684 27.2887 22.5912 24.3489 25.8822 24.0312 23.485 26.295 25.081 25.0213 26.1527 25.3151 27.6732 25.5137 24.1214 22.487 22.1418 19.3888 18.9259 18.4265 19.3176 19.4856 19.2451 21.051 21.8874 20.7819 21.5639 22.3215 22.03 20.5495 21.3747 20.2622 19.5678 19.2041 16.9962 16.4561 
19.1487 20.9003 21.8371 26.2056 28.4892 27.1134 22.6846 23.7795 24.9961 23.1141 23.4588 26.8146 25.5515 24.6767 26.247 23.8557 26.7576 25.2717 24.1385 22.5455 22.0015 19.7625 19.9525 19.4689 19.3262 19.5874 19.9156 20.4178 21.8978 21.1932 20.9263 21.6916 21.6727 20.6021 21.6257 20.6367 19.6282 19.5452 16.4473 16.0618 
19.2314 20.6889 20.7179 25.5683 28.3798 27.3244 22.5662 22.5346 23.7015 22.3323 23.4715 26.8489 25.8416 24.7361 26.6271 24.4769 26.4442 25.4988 24.1392 23.2732 22.7362 20.2165 20.2034 19.2317 19.83 19.76 19.0868 20.1471 21.4925 21.2371 21.0963 22.1496 21.6378 20.9186 21.8914 21.4415 19.537 19.1347 16.2252 15.647 
20.5842 21.0576 21.6643 25.5041 28.4345 27.473 23.0699 21.8591 21.8951 21.1819 22.0843 25.8976 25.8783 23.9953 26.478 24.7698 26.0924 25.2598 23.9616 23.6459 22.3962 21.2809 20.8017 18.9735 19.0498 19.3778 18.8737 19.4782 20.9855 20.6766 20.72 22.3945 21.2367 20.2224 20.8232 21.0054 19.5493 19.8202 18.5643 16.4557 
20.3921 21.7716 21.7352 25.9231 28.6122 27.571 22.9473 22.3471 23.9388 22.9667 23.0035 27.3461 26.8034 24.1779 26.3976 24.4098 26.0449 25.5896 24.4026 23.8407 22.6001 20.9729 19.4701 18.9388 19.2054 18.9932 17.8992 19.306 21.3974 20.7745 20.7018 21.6054 21.4272 20.0059 20.3177 20.6832 19.5207 21.1495 19.0553 15.2048 
19.1066 20.5974 22.6398 26.4706 28.5694 27.1696 23.1174 23.7699 25.7228 24.3068 24.3619 27.4065 26.4309 25.4537 26.6546 24.3167 27.1612 25.8447 24.8986 23.2759 22.6907 19.8313 18.5928 18.0294 18.6669 19.3205 18.4354 18.9966 20.022 20.5648 20.2218 21.3191 21.0154 19.4554 19.8842 19.6059 19.6894 20.2661 19.1829 16.3466 
20.1505 21.6772 22.1286 26.6284 28.2962 26.2101 21.7377 23.7062 25.6307 24.3985 24.0097 24.9071 23.3201 25.9811 26.5729 24.1955 25.5291 23.8929 24.4499 22.8379 21.053 19.5474 19.2346 17.7475 18.7702 19.424 18.4326 19.7875 20.3271 20.1734 20.4701 21.4271 21.0879 19.0751 19.4694 18.994 19.4332 20.7629 20.2228 16.518 
19.4913 21.7973 22.5685 26.786 28.4611 26.7597 22.4542 22.995 24.5761 23.507 24.4071 25.5039 22.8023 25.1744 25.2513 24.5558 24.0069 23.0125 24.5562 24.3139 21.7171 19.238 19.6534 18.1285 19.1728 19.1762 18.1201 19.413 20.094 19.9868 19.8355 21.6886 21.0299 18.7182 18.9599 18.0542 19.1636 20.865 20.7266 17.4339 
19.3244 20.8976 22.8369 26.5145 27.9685 25.6957 22.636 23.5227 24.2065 21.9679 23.9425 24.6714 23.2019 24.3407 23.4925 24.4964 25.1448 23.6145 24.7264 24.6143 21.3289 18.9992 18.4084 18.5107 18.4398 18.7273 18.6991 18.6083 19.9962 20.1029 19.2696 20.878 20.6394 18.092 18.5702 18.5179 19.0604 20.5934 20.6527 17.5734 
22.6253 22.9538 22.728 26.5751 27.9552 25.669 22.7772 24.0478 25.1053 22.7442 23.1965 25.1818 23.4607 25.3013 25.1494 24.284 23.5915 23.2697 23.9965 24.4456 22.7037 19.4336 18.4207 18.3268 18.5328 19.3347 18.9834 18.376 19.7084 19.9512 19.8818 20.489 20.0443 18.5622 18.6121 18.534 18.6841 20.5502 20.3326 18.342 
23.5669 22.0774 21.599 26.3926 28.231 26.3805 21.7266 23.5103 24.7006 23.0712 21.8389 24.1666 22.7611 25.5582 25.6102 25.1618 23.027 23.5003 24.4162 24.4174 21.8429 19.5569 18.9715 18.8024 18.5327 19.43 19.0349 18.6638 20.0859 20.3129 20.5261 20.6271 21.117 19.6539 19.0873 18.2134 18.5162 20.5614 20.6172 18.5664 
23.7239 23.4905 22.9298 26.5728 28.6838 27.2485 22.3129 21.2411 21.5731 21.5924 23.2329 26.156 25.1063 24.2149 25.9432 25.4897 23.2033 22.9784 24.3954 24.3389 22.7273 20.1502 19.612 19.107 19.3736 19.8584 19.0643 18.7019 19.9663 20.6305 21.0829 21.6286 21.4908 19.5813 19.5758 19.2435 19.2079 20.7062 20.3146 18.7164 
23.7183 24.1137 23.3213 26.468 28.8212 27.6225 23.0978 21.0988 22.1594 21.8651 22.4901 26.8859 26.2512 26.8226 28.1152 25.5174 24.8423 23.9638 26.2985 25.8443 23.2877 21.0147 20.2194 19.5671 19.4185 20.3538 20.5287 19.7341 21.1081 20.9742 21.5251 22.0754 21.3872 19.2696 19.9362 20.0956 20.1183 22.0839 21.9347 19.5008 
22.5959 20.957 21.5543 25.8813 28.3108 27.0198 22.3107 21.8413 21.1366 21.0364 23.8392 27.3536 26.4284 26.0688 28.0237 25.5714 26.0036 24.9533 27.4062 26.6684 24.3684 22.5477 21.162 20.3279 20.479 21.026 21.0256 20.4739 21.7162 20.84 20.7018 22.0535 22.1142 19.6336 20.123 20.1487 20.3705 22.1854 21.5112 18.3926 
22.9043 22.1456 21.2643 25.1447 27.7822 26.6233 21.7851 20.411 21.1489 20.436 23.0827 27.3516 26.4684 25.3713 27.4566 25.0525 26.4352 25.3712 28.1656 27.3648 25.5513 23.445 21.7558 20.7293 21.3381 21.4531 21.058 20.9591 22.7741 21.0372 21.4356 21.6946 21.8199 20.1078 21.3721 21.2394 20.8043 21.9674 21.156 16.927 
22.8582 22.1107 22.2813 25.1963 27.5808 26.3153 21.7282 21.394 22.5296 21.0246 24.5033 27.5859 26.2152 25.3486 26.9528 24.6241 26.739 25.2065 27.7439 26.4275 26.4332 23.1772 21.4238 21.1473 21.7459 21.8956 21.7792 22.0392 23.0897 21.8263 21.6762 22.0388 21.6746 20.5696 21.9143 21.8427 21.7086 22.2242 20.6214 16.8766 
23.2544 22.2469 21.2192 25.3023 27.3673 25.7728 20.0415 21.8626 23.6677 22.2974 24.5906 27.0331 25.0575 24.9747 26.0868 24.6252 26.7483 25.236 27.0707 25.7388 26.6318 22.302 20.7898 21.0399 22.2599 22.0099 21.4185 21.616 22.1676 21.1373 21.143 21.7637 22.3098 21.7302 22.192 21.8686 21.5813 21.7251 19.0423 15.9646 
23.2692 22.4198 21.8576 25.6744 27.3612 25.5083 20.745 24.7421 25.3844 22.5278 25.8749 26.5543 23.1632 24.6791 24.9822 25.2694 26.2672 25.3826 26.8859 25.941 25.6271 21.9426 20.1299 20.6216 22.3346 22.5173 20.509 21.1625 21.9285 21.6467 20.7931 21.4895 21.684 21.7121 22.583 22.6259 21.778 21.4871 18.8052 14.9484 
22.2073 21.8751 21.5442 25.4359 27.2789 25.4438 20.59 25.5813 26.6238 23.9829 25.0161 25.6745 23.2802 24.5701 24.6615 24.3133 25.8549 25.0691 26.2456 24.2601 24.4502 20.4957 19.7058 20.8769 22.6699 22.308 20.8343 20.1921 20.713 21.0589 20.2186 20.8087 20.9303 22.2846 23.04 23.1384 20.8847 20.3466 18.9721 14.9976 
21.5644 21.683 22.5163 25.3663 27.2786 25.6925 20.8583 25.9981 27.1064 24.3182 22.1468 22.2879 20.8165 23.9891 24.5238 23.146 25.2063 24.3427 26.2099 24.008 24.2224 21.0549 20.4783 19.9335 23.4089 22.1245 20.4484 19.2072 18.9941 18.9473 19.0029 19.4287 19.4304 21.6785 22.6921 22.1241 19.7244 19.6962 18.8586 14.6439 
21.2308 20.6797 20.8969 25.1126 27.25 25.7179 22.1014 26.5279 27.6539 25.1975 23.1721 24.4776 22.1195 23.9521 24.4702 22.2764 23.9409 24.0884 25.8034 23.3328 23.4917 20.9072 20.1109 19.9334 23.4926 22.0016 19.5925 17.9391 18.8175 18.8576 17.6043 18.8218 18.5857 22.1143 23.1779 22.6924 20.181 19.3456 18.7524 14.9321 
22.0703 21.3515 20.4608 25.2323 27.4778 26.0192 21.9591 25.9076 27.2925 25.1261 22.5817 24.2238 21.5318 22.9729 23.6955 21.3421 23.7339 22.7399 25.2987 23.577 23.6734 20.8742 20.562 20.4121 22.8438 21.7596 18.7937 17.3315 18.3946 19.2571 17.2444 17.9833 18.7593 21.4924 22.9769 21.9939 19.6214 20.066 18.9444 14.4412 
21.8934 21.3325 20.2012 25.0608 27.6633 26.5142 21.9198 24.077 26.1407 24.544 23.1123 24.2943 21.8725 21.9861 23.572 21.7891 24.1542 23.2997 25.9678 24.6282 22.6057 20.5542 20.4034 20.8821 21.5432 20.9408 18.3019 17.1434 18.0016 19.608 17.7025 18.5899 19.065 21.8082 23.2412 23.0052 20.5243 19.7476 18.6928 14.9171 
19.5854 19.7768 19.5348 24.8257 27.5935 26.471 22.7815 23.382 25.366 23.8148 21.8919 23.3863 20.5833 22.0761 24.2589 22.7573 23.9558 23.1963 25.6923 24.9583 22.1039 20.7731 19.7958 20.9515 20.5826 19.6765 18.2643 17.2309 18.2645 18.8668 18.0541 19.4212 20.7299 21.5514 22.9241 23.2215 20.2359 19.954 18.3877 14.337 
21.4529 20.7216 21.1045 24.7079 27.2315 26.0249 22.1396 23.3101 24.9446 24.5825 22.3719 24.7792 23.3041 23.7548 25.3995 23.3672 24.8483 23.909 26.7144 25.6014 22.5227 20.5834 19.8085 19.9676 20.1062 19.6539 19.8099 20.1654 21.7301 21.0151 21.4797 21.8019 21.9581 21.174 22.7378 23.4409 21.5976 21.1253 18.9624 15.4004 
21.2771 21.1417 19.7666 24.5402 27.1682 26.1144 22.5064 23.9725 26.219 25.0911 21.7843 25.6455 25.1834 24.3671 26.2331 24.1543 25.3309 24.7629 26.8731 25.7862 22.9632 21.3472 20.2228 20.1531 20.5868 20.8046 20.1889 21.403 22.6754 22.002 22.0673 22.2592 21.968 21.2089 22.2718 22.6381 22.0419 21.6342 19.9864 14.4439 
22.2499 22.8256 21.5925 23.9998 27.0276 26.1271 22.5574 23.9136 26.3482 25.1681 22.0412 27.0001 26.6289 23.4451 26.2207 24.6514 25.2355 24.8097 27.1372 26.7339 22.6532 21.6666 19.9546 20.2365 21.1018 21.6828 20.7517 21.214 22.9447 22.288 21.9741 22.9296 22.5552 20.9872 21.8326 22.5952 21.4195 21.3707 19.9572 16.2763 
21.8486 21.3079 20.6325 23.7738 26.8648 25.9829 22.0517 23.4752 26.2165 25.3028 21.9723 27.0087 26.6948 23.5763 26.1796 24.452 25.5441 24.9622 27.0872 26.6129 22.9479 21.5807 20.0555 19.4086 21.2941 21.8458 21.1647 21.3435 22.8126 22.0815 21.4172 23.0614 22.5547 21.2324 21.9902 22.503 21.1645 21.2385 19.9131 15.5562 
21.6726 21.3931 21.0277 23.8967 26.7002 25.6834 23.1567 23.1773 25.7798 24.8982 22.2111 26.8959 26.5194 23.3677 26.3426 24.9167 25.9699 25.4798 26.5512 26.1398 22.5322 21.2019 20.4298 19.2547 21.2335 21.9458 20.8215 20.74 22.5687 22.2823 21.4714 23.0406 22.7152 21.3021 22.005 22.3223 21.1147 21.5492 20.2807 16.8001 
20.6758 21.0013 20.0643 23.7541 26.6061 25.5878 21.2258 22.698 25.3126 24.3845 22.3188 26.9772 26.7938 23.1242 26.266 25.2082 25.9391 25.6142 25.8196 25.6249 22.3876 21.559 19.909 19.8813 20.7205 21.466 20.9987 20.6163 22.5406 22.1465 21.4712 22.6854 22.0651 20.878 21.7875 22.0942 21.2151 20.6767 19.5723 15.5286 
21.1213 19.9633 19.6101 23.6897 26.7704 25.9948 22.7995 23.2255 25.5308 24.4692 21.2916 27.0297 26.9294 23.5779 26.5403 25.0389 26.1268 25.8068 24.9354 24.9108 21.8887 21.0397 20.3176 20.5551 20.9983 21.5358 21.1225 20.4231 22.4484 22.0662 21.5508 22.9448 22.1434 21.019 21.5593 21.7419 20.91 20.9235 19.3471 15.6202 
21.2927 21.0156 19.6732 23.5641 26.5493 25.6114 21.8978 24.0893 26.3833 25.3626 21.7626 26.8974 26.7781 23.5549 26.6947 25.2597 25.701 25.4623 25.0257 24.941 22.1258 21.4155 20.0337 19.9781 20.1054 20.4253 20.4081 20.3749 21.9185 22.1484 21.2548 22.7766 21.8661 20.7135 21.3132 21.7071 21.2077 20.8388 18.831 15.3804 
20.3329 18.8275 17.763 23.5971 26.0758 24.7014 21.7492 22.8255 25.8919 25.1792 22.6008 26.7677 26.1752 24.6834 26.6972 24.5308 26.7885 25.8042 25.2101 24.2987 21.6646 19.8098 18.6084 19.0833 20.3956 20.4292 19.7159 20.0096 21.9398 21.3626 21.5492 22.2091 21.5409 19.8786 21.6071 22.1094 21.118 20.2781 18.5393 14.9046 
19.7041 19.0736 19.2202 23.3951 26.182 25.233 20.8997 24.0549 26.1871 25.036 22.0057 26.8423 26.4223 24.5081 26.5724 24.9918 26.823 25.7733 24.2037 23.7372 21.5468 20.4203 19.7216 17.6688 19.0699 19.8732 19.3741 19.8152 20.8577 21.1267 21.1605 21.9429 21.4029 20.1496 21.3908 21.6942 20.9329 20.2756 18.2507 15.2007 
21.0128 20.5653 19.7651 22.9474 25.9196 24.9557 21.0344 22.2127 25.123 24.2544 21.7991 26.5961 26.1974 23.8408 26.2348 24.5316 26.1558 25.2865 24.8066 24.2195 21.4624 20.4333 19.7501 17.9602 19.9076 20.4438 20.286 20.0656 20.5875 20.9904 20.7143 22.3313 21.5505 20.4357 21.4686 21.8474 20.7588 20.59 18.7422 15.0466 
22.9776 21.2785 19.6189 23.0664 25.7969 24.7989 20.616 22.8215 25.2343 24.1533 21.8196 26.2235 25.4252 24.0045 26.2874 24.3698 25.8421 24.8273 24.638 23.8671 20.7352 19.6712 19.0204 19.5597 19.4376 19.4501 19.0656 18.8621 21.0236 20.3517 21.1762 22.0191 20.8022 19.6764 21.0672 21.6883 20.599 20.8947 18.4579 14.3941 
23.1766 21.5774 19.7463 22.8995 25.5604 24.4102 20.1421 22.759 25.3884 24.3861 21.625 26.1331 25.4209 23.6268 26.0534 25.0051 25.5137 24.5959 24.3938 23.8071 20.5566 19.5337 18.617 19.4309 19.4912 19.5641 19.4353 18.7701 21.032 20.6807 21.299 22.0395 21.0492 19.749 21.0855 21.5322 20.6858 20.5036 18.0761 14.324 
22.276 22.5278 21.1302 22.8357 25.4241 24.3208 19.7007 23.1302 25.4152 24.1121 20.9117 25.9978 25.6483 23.0579 25.7829 24.3108 24.3836 23.7442 24.1138 23.5565 20.4825 19.3828 17.649 18.7647 18.9435 19.32 19.4094 18.4195 21.1486 20.5196 21.0036 22.0907 20.664 19.8857 20.7675 20.7765 20.1106 20.665 18.2138 13.7251 
23.6678 22.807 21.5153 22.2579 25.1255 24.2301 20.236 22.7735 25.236 24.1323 21.8104 26.2801 25.5845 23.7332 25.7823 23.881 24.6392 23.6653 23.9507 23.2044 20.5181 19.1309 18.3464 18.9251 19.8562 19.9936 19.2218 18.8295 20.9299 20.3563 21.2225 21.9093 19.7632 19.4748 21.2681 21.5823 20.1022 20.234 17.16 13.4991 
23.9291 22.0957 19.1678 22.7129 25.0889 23.8931 20.8027 22.3414 24.5828 23.3268 21.9306 26.1349 25.2786 24.0707 25.8165 24.139 24.2961 22.7177 23.3438 22.0407 20.6763 19.1488 17.7878 19.3653 18.4395 17.2821 17.0648 18.7786 20.7143 20.3623 20.6614 20.7835 18.4742 19.4358 21.0774 21.2937 20.3872 19.6575 16.5593 13.9038 
23.6203 23.5364 22.7941 22.8867 25.05 23.7431 20.3972 22.708 24.7982 23.5342 22.2709 25.6714 24.261 24.4749 26.0569 23.3939 24.2114 22.605 22.7249 21.1108 20.9112 18.905 17.6553 18.1377 17.806 17.2187 16.5532 18.7447 20.4665 20.4479 20.5396 20.17 17.7029 18.4725 20.4625 20.4919 20.0728 19.6647 15.6115 13.4925 
21.0324 22.3236 21.6475 22.5938 24.9288 23.7549 20.2157 22.9931 24.7076 23.0407 20.5089 25.2787 24.749 23.9527 26.0102 23.5195 23.4177 22.4141 22.0431 21.3102 21.7191 19.2916 16.761 18.137 17.4979 16.2385 16.9245 18.4804 20.7013 20.58 20.536 20.5813 17.5379 19.2489 20.8862 21.291 19.8983 19.4128 15.0314 12.8033 
21.4909 20.6992 20.1996 21.9897 24.6734 23.5911 20.63 22.274 24.5236 23.1999 21.5749 25.3773 24.4937 23.8425 26.0103 23.864 22.0043 21.1713 22.3051 21.4708 20.5458 18.7126 17.9692 17.9047 18.185 17.7418 16.5666 18.9274 20.7108 20.0371 20.4309 20.1538 17.6591 19.3793 20.6536 20.9251 19.5989 18.5456 14.9134 13.8579 
20.6918 21.4417 21.219 22.5001 24.7992 23.6227 20.6326 23.3342 25.233 23.7062 20.3503 24.8316 23.9918 23.5627 25.4129 22.7571 22.4707 21.1692 22.712 21.5068 21.1887 18.8792 17.2651 16.8976 18.7647 18.5238 16.5294 18.8989 20.4403 20.2761 20.4719 19.4403 16.5958 17.5542 19.6811 19.9734 19.3505 18.5648 14.6121 14.1643 
19.4938 20.2042 20.9843 22.3161 24.5939 23.2757 19.8555 23.2965 25.4792 24.0453 21.8172 25.0079 23.5554 23.5 25.0703 22.1502 21.6377 20.2052 21.5008 20.26 19.8807 17.9239 16.9011 17.4737 17.0638 16.8085 16.2366 18.5226 19.7484 18.9422 19.3773 18.2013 16.5698 16.5824 19.0821 19.8748 18.9627 17.7501 14.6389 13.9033 
21.6782 20.6623 20.2889 21.9965 24.1541 22.5683 19.1678 23.615 25.3273 23.5426 21.2226 24.3569 23.0659 23.388 24.305 20.7827 22.2279 20.2683 21.2245 20.0531 20.8859 18.7061 17.8686 17.3903 17.1563 16.6257 16.336 18.722 19.7199 18.195 18.5476 17.9219 15.7447 16.4783 18.1184 18.5468 18.1145 17.3102 14.7639 14.3001 
21.6982 20.1826 19.687 22.2107 24.0359 22.4639 20.8216 22.9071 24.1211 21.9008 20.5315 22.7065 21.4696 23.5412 24.048 20.451 21.6656 19.4797 21.4977 20.1474 19.6255 18.0658 16.8156 17.4082 17.4118 17.521 16.3763 17.3722 17.8854 17.3525 16.999 17.1567 16.2441 16.4692 16.3389 16.925 17.0634 16.2862 13.285 12.383 
21.4328 20.948 20.2263 21.5484 23.3485 21.5274 18.2578 21.8942 23.1214 20.9471 19.661 21.6965 20.7462 23.3557 23.9211 20.6091 21.5595 19.2441 19.2504 17.8795 18.964 18.2168 16.5704 15.6536 16.8089 16.7949 15.8531 17.8317 18.0886 15.9883 16.786 17.1159 15.1437 15.5711 15.8798 16.3326 16.1803 15.5897 13.9694 13.3237 
20.8768 20.6344 19.3457 21.6867 23.1625 21.4184 19.6606 22.5811 23.4917 20.5707 19.1698 21.23 19.9146 22.778 23.0727 19.848 21.3157 18.6804 18.2528 17.3483 18.0267 16.4015 16.3548 17.1143 16.052 15.7808 15.7728 17.4729 17.6184 15.9496 16.5707 16.0306 15.3215 15.9407 15.7192 16.3585 15.8448 15.1276 12.3954 11.5015 
21.0435 19.6462 18.8345 21.0969 22.8302 21.3933 19.4287 23.2459 24.3012 21.8342 19.3099 21.0116 20.2939 22.12 22.6375 19.0324 19.4068 17.9821 18.5897 17.946 17.6517 16.0135 15.9421 16.3996 16.5664 15.3692 16.0815 16.5534 16.7315 15.6013 15.9797 15.496 14.8693 15.1254 15.2459 15.7791 15.436 14.8567 12.9493 11.9786 
20.4636 19.1476 17.7731 20.8708 22.8391 21.6249 20.0612 22.64 24.1042 22.2275 18.8432 21.0763 20.2802 21.2018 21.5993 18.6286 18.8029 18.2627 18.476 16.6004 16.9034 16.9521 15.6418 16.6331 15.5951 15.2619 14.7171 16.5157 16.6026 15.1816 15.6515 15.4883 14.0402 14.5707 14.2961 15.2565 15.1609 13.9149 12.4313 11.3908 
20.8947 20.2143 18.5279 20.4891 22.3493 20.7492 20.4703 21.0433 22.9848 21.6629 19.4634 19.9734 18.7404 20.0349 20.4589 17.3091 18.9653 17.7566 18.2752 16.9139 17.2528 16.048 15.3964 15.831 15.8555 15.7155 14.9767 15.5693 15.1776 15.0174 14.7082 15.466 14.8264 14.3907 14.4298 14.7189 15.015 14.8141 12.5935 11.4754 
20.581 18.5376 18.6499 19.7137 21.9356 20.8536 18.9935 21.2014 22.6648 21.5048 19.9874 19.2062 18.4002 19.7271 20.281 17.2268 17.7019 17.6789 17.8332 16.8228 16.4501 15.8429 15.112 16.5808 16.2178 15.0156 15.0996 15.4938 15.6738 14.8407 14.7174 15.0223 14.0156 13.7247 14.1746 15.531 15.3429 14.0626 12.7724 11.6251 
20.8786 19.2759 18.3539 19.7495 21.5798 20.3058 17.7771 19.9917 20.6964 20.3693 19.3467 19.5129 18.1195 17.8273 19.4841 18.1315 18.0109 17.354 17.3888 16.8015 16.22 15.6784 15.7557 16.6864 15.5173 16.3155 15.5095 15.6636 15.4333 14.3359 13.4432 14.6844 14.2616 14.1758 13.9434 14.4421 14.4568 13.9401 12.6682 10.8796 
20.6694 19.9146 18.6954 17.8505 20.5976 20.3585 19.319 19.6402 20.4857 19.086 17.4897 19.2217 17.8471 18.3627 17.7332 17.2097 16.914 17.1438 16.8083 16.0301 16.2245 16.2149 15.6504 16.1546 15.1879 15.0094 14.7266 15.7156 14.9831 14.7228 14.919 14.3226 13.7213 13.5973 13.8257 14.6926 14.013 13.2603 11.935 10.4617 
16.6769 17.3543 18.9731 19.5269 20.9675 19.8895 20.2826 19.4533 19.1589 20.0959 19.2927 18.6688 19.2331 18.5509 18.0202 16.9906 16.8319 16.8796 16.8106 16.2614 16.1551 16.6888 15.1874 15.9316 15.3356 15.2547 15.3237 15.092 15.1613 13.6569 13.7753 14.181 13.72 13.713 13.6416 14.1342 14.1787 12.4195 12.3542 10.9969 
18.4645 18.1776 16.8727 17.2331 19.0788 18.799 18.0875 17.9738 18.7415 17.7835 17.2552 18.4756 17.6957 17.5409 18.4704 16.7098 17.4943 17.3027 16.4978 16.8402 16.5208 15.5736 15.7936 15.1765 15.0365 14.4801 14.4393 14.4142 13.7439 14.0497 14.4732 14.4122 13.7815 13.8483 13.5807 14.2418 14.1725 13.1524 12.6102 11.5971 
19.5292 20.2333 20.3637 19.4545 20.2779 19.6195 19.0991 18.1673 18.7725 18.4265 16.4016 17.8243 18.134 16.9764 17.861 16.8276 15.9608 16.2583 15.5324 16.4628 15.7537 15.2574 15.5639 15.7706 14.1761 14.826 14.5044 14.6367 15.1447 13.7484 13.142 13.7709 13.8856 13.9148 13.8877 13.6298 13.9684 13.5326 12.4001 11.4062 
20.3617 20.4771 20.4434 19.3755 19.0763 19.2319 18.4042 17.7285 18.5067 18.8125 17.864 19.0921 18.5663 17.2893 17.3934 16.8881 16.5983 15.6466 16.2429 16.5732 15.5726 16.3647 16.4715 15.8405 15.3812 15.3118 14.4732 13.8133 14.7052 13.5928 13.7618 13.8238 13.7358 13.7085 13.2929 13.745 13.2737 12.661 12.0509 10.9696 
20.9795 19.9087 19.7886 18.812 18.7844 17.8969 18.8702 18.7296 16.9045 17.0062 15.3623 18.04 18.3179 17.087 17.5007 16.6148 15.1515 16.3012 16.3887 16.4159 15.9808 15.9083 16.0824 15.3481 14.5446 14.5906 15.2442 14.1802 14.2531 14.2751 14.4902 14.1146 13.3707 13.5189 12.9566 13.6274 13.4156 12.6615 11.7788 11.3021 
20.1941 19.6898 18.8841 17.8642 18.5818 18.3108 18.6658 19.8104 18.7971 17.4613 18.214 18.0663 18.1908 16.8977 16.4471 16.3061 16.5254 16.7535 16.6179 17.025 15.9489 15.0739 15.0438 15.1922 14.5057 15.0821 15.2238 14.2739 14.2271 14.3973 14.2933 13.3093 13.018 13.5036 13.0843 13.0768 13.2451 12.7025 11.9952 10.2916 
19.9445 20.7049 20.4715 19.5134 19.518 19.4934 18.5337 17.1474 17.8858 17.4807 17.719 17.2719 16.8274 17.1114 17.7091 16.0459 17.0756 16.6271 17.2799 16.4786 16.3719 15.4426 15.3693 15.5625 15.2378 15.2406 14.2099 14.1961 14.7792 13.241 13.6038 14.2376 13.6212 13.513 13.9884 13.5551 13.1262 13.0511 12.1029 10.7096 
19.0472 20.4604 18.6193 18.0978 19.9583 19.128 19.0635 18.716 17.9572 17.6544 18.3523 18.0387 17.234 17.4372 16.6161 16.2602 16.0776 15.6724 15.3136 15.1579 16.4009 16.7886 15.9351 15.7784 14.7821 15.0673 14.5512 14.6025 15.1356 13.8587 13.3555 14.5695 14.3517 13.0934 13.2588 13.151 13.0865 12.7674 11.5965 10.8707 
21.4421 19.5644 19.6268 20.2116 20.3915 20.3248 19.5111 17.1787 18.2836 18.2673 17.8729 18.374 17.0719 15.1199 16.3564 17.4723 15.6868 15.3643 15.0752 14.7466 15.6927 16.2431 15.2729 15.719 15.1739 14.5208 14.8626 15.2207 14.0019 13.5291 12.8919 13.7919 13.7922 13.874 14.6255 14.1573 13.3853 13.2661 11.4245 10.2377 
22.0375 21.0039 21.1769 19.5323 17.8847 19.2691 19.0714 19.3071 18.6472 17.5557 17.0991 16.9074 17.2604 17.5804 17.3788 17.0476 15.6928 15.4121 16.3169 16.7845 16.3509 15.6868 15.8924 14.9408 14.9909 14.9401 15.272 14.9997 13.8166 13.8194 13.6835 13.9617 13.7877 13.5147 13.5652 13.272 13.437 13.3834 11.9239 10.5037 
21.3792 20.56 20.4222 18.8137 18.3924 17.8004 19.3545 19.4047 17.8948 18.0458 18.5412 18.1018 17.2888 17.1426 18.0014 18.2748 16.9964 16.0649 16.2193 15.4501 15.4487 16.0339 15.4945 15.4105 14.2407 14.8462 14.6477 14.7152 13.7221 13.9265 13.764 14.2694 13.4209 13.4964 13.7545 13.3928 13.1368 12.5546 11.5831 10.3937 
19.2321 20.6532 20.985 19.1826 19.1988 18.7321 18.2052 18.1033 17.7001 16.945 16.4463 17.6092 17.8907 17.5183 17.428 16.4443 15.2176 14.7948 15.5563 15.9635 15.4111 15.0141 15.8284 16.379 14.8241 14.8994 14.5268 14.6272 14.286 14.217 13.513 13.1105 13.3972 13.8983 13.1455 12.9898 12.9617 12.5348 12.0616 10.1655 
21.862 20.5537 19.5462 18.3818 18.1711 19.3735 18.6594 18.3846 17.8149 18.0562 18.0177 18.0606 16.7768 17.3011 16.2432 16.9849 16.787 16.64 15.9225 15.7015 15.7667 15.48 15.8336 16.1227 15.2794 14.4865 13.9734 14.3264 13.4429 13.9738 13.263 12.655 12.9544 13.9794 13.6404 13.2184 12.8082 12.5259 12.1397 10.3334 
20.7396 19.721 19.7013 19.3704 19.2333 19.9923 19.7132 18.0359 17.8941 17.4058 17.646 17.2778 16.9103 17.1103 17.0949 17.3665 15.6874 16.1507 15.2967 16.4559 15.4282 14.8934 15.5223 15.5081 15.1993 14.5166 14.8673 14.3957 13.6506 13.6297 13.2073 14.0387 13.7638 13.767 13.1994 13.6526 13.5279 13.3151 12.4616 11.3171 
18.9577 18.7432 18.549 17.8663 18.4864 18.2049 17.6594 17.7661 18.7232 18.4725 17.563 16.5497 17.8528 17.413 17.0517 16.6569 16.0606 16.2827 15.3276 15.5721 15.0471 14.8027 14.7683 14.7732 15.0799 15.247 15.3537 14.9803 14.057 13.3303 13.7372 14.259 13.3746 13.6651 12.8162 13.4163 13.3487 12.6522 12.3806 10.9728 
18.83 19.9707 18.7462 17.7678 18.8103 19.8126 19.9698 17.6547 17.8796 16.7779 17.075 17.7893 16.9099 17.5111 17.0975 16.4276 15.4466 15.7074 15.9792 16.0998 15.3266 15.3692 16.0409 15.888 15.2831 14.6301 14.5389 13.5232 13.2909 14.2289 13.0064 13.8185 13.905 13.8915 13.6763 13.3975 13.4204 12.3107 12.0571 10.6725 
17.8799 20.4192 20.5653 18.799 18.4808 18.9534 19.2315 19.1326 18.7986 17.3601 15.9953 15.7555 17.453 16.7834 17.5961 16.711 16.6601 16.9574 15.6404 16.7886 16.1494 15.0022 14.4326 14.3735 15.8497 15.1736 14.9503 14.4627 13.1344 14.5435 13.5079 13.9738 13.9137 13.6352 13.9653 13.631 13.316 12.8862 11.6667 10.6122 
20.2345 19.2828 19.8639 20.3093 20.2584 19.507 18.1237 17.7658 19.0035 17.6859 16.1785 16.4142 18.1091 17.7442 17.0786 16.9204 16.1397 16.4829 16.2736 16.0977 15.5812 14.8147 15.5625 15.1698 16.23 14.8481 14.3477 13.9633 13.5943 13.3677 13.4466 14.211 13.6752 13.4293 13.5778 13.5005 12.8959 12.8939 12.3134 10.2818 
19.954 19.8322 19.4512 18.6103 19.0597 17.8002 17.6652 18.4307 19.4777 18.4829 15.9734 17.584 18.8929 18.1273 16.5485 16.0582 15.2857 15.6529 16.3716 16.096 15.8598 14.9715 14.3719 14.7382 15.1227 14.5702 14.2559 14.0636 14.6139 13.9407 13.869 14.3245 14.0235 13.3121 13.983 14.246 13.498 13.3119 12.0691 10.1468 
15.634 18.8287 19.4568 18.3093 17.6579 17.7967 18.712 19.1343 17.6756 16.3974 16.8043 17.0427 17.8859 16.6855 17.3474 16.3321 15.9226 15.7949 16.8799 16.3001 16.0151 16.0218 14.9982 14.3299 14.8063 15.3701 15.4722 14.1147 13.6278 13.9499 12.7699 12.5807 13.1344 13.0984 13.1188 13.346 13.0161 12.6055 12.7154 10.7281 
20.0963 19.1675 19.6482 18.5525 18.2388 17.7907 18.5325 18.0676 17.9751 17.362 16.7634 17.514 17.8809 16.0216 16.446 15.265 16.032 16.1549 15.6459 14.7413 15.7406 16.4571 15.8581 15.6195 15.1703 14.9168 14.7889 13.4221 14.2223 14.1314 13.7608 13.3365 13.7639 12.8715 13.2901 13.7361 12.6561 12.5053 12.8089 9.96449 
19.8816 19.6633 20.0178 18.8059 18.0256 18.4003 19.3289 19.2735 18.4994 18.4721 17.5745 18.2219 17.7482 15.6975 16.7453 16.2965 16.0096 16.0852 16.1683 15.4586 14.7693 15.3823 15.787 14.8858 15.4682 14.5436 14.6922 13.7102 13.9936 14.2052 13.5013 12.9847 13.4871 13.7665 13.5866 13.9786 13.3783 12.9324 12.5397 10.5248 
19.889 18.7109 18.1383 17.4347 17.7456 17.1479 18.7397 19.0707 18.9828 17.9819 17.0408 17.8156 17.0146 17.463 16.7061 16.1788 15.0585 16.6339 16.9128 16.0499 15.7761 14.5465 14.7748 14.6225 14.8733 14.5087 14.453 14.8714 14.424 13.861 14.1233 13.1652 13.6793 13.522 13.4001 12.9672 13.3046 12.8569 12.122 10.4853 
16.5463 16.8568 17.7259 17.5684 17.5578 16.9057 17.8546 19.4035 18.2353 16.835 16.8378 17.7975 16.813 17.5221 17.3159 16.4257 15.9192 15.6482 16.0024 15.9039 14.9888 15.0501 15.7376 15.5865 14.8537 15.2095 15.0035 14.3698 14.3941 13.1295 13.3222 13.8594 14.3228 12.9693 12.7202 13.1327 12.9976 13.1195 11.7843 10.5647 
20.6269 19.4351 17.6067 18.1182 18.3607 18.4786 18.9633 18.2348 18.3884 16.3743 17.0417 17.6622 18.8808 17.9727 16.4302 16.2136 16.0758 15.9037 15.5147 16.0142 16.0264 16.1762 15.3322 15.1921 14.8775 14.651 14.2331 14.3536 13.9176 14.127 13.3813 13.4569 13.5492 13.0961 13.1277 12.8953 12.8309 12.3746 12.2021 11.0285 
20.0739 18.9594 18.1514 17.7408 18.4703 18.7338 17.1302 17.2809 17.5565 17.2835 17.2885 17.8924 17.3385 16.3594 16.5046 16.2969 15.2339 15.1249 15.7242 15.6277 16.2319 15.6552 14.3928 14.7891 15.0437 13.955 14.9508 14.8616 14.1639 13.7596 14.0244 14.0075 13.5967 13.4126 12.8116 13.0111 12.9344 12.4437 11.8172 10.5735 
21.0235 19.0866 18.368 18.9914 19.5575 19.1244 18.0413 17.561 17.8713 18.2294 18.6065 17.2626 17.3868 16.2161 15.8144 16.5157 15.6735 15.6608 16.375 15.9786 14.3439 14.9662 15.2574 14.7085 14.8999 13.2286 14.0185 13.9636 14.0088 13.941 13.832 13.9274 14.5268 14.1681 13.391 13.7396 13.4192 12.9458 12.0437 10.5054 
19.4452 19.5444 17.8906 18.5801 19.4762 18.6211 17.7675 17.2388 18.2271 17.7168 16.6344 15.6665 16.9211 18.195 17.0098 16.6598 15.511 16.4423 16.3807 15.7032 15.6489 14.7242 15.3522 15.7559 14.8147 13.4812 14.0438 14.6846 14.3605 13.2953 13.3645 14.7032 14.2315 13.0782 12.9602 13.7158 13.4125 12.9278 12.3496 11.0747 
18.233 18.9939 18.9153 19.9397 19.2386 16.7112 17.6483 18.1734 18.8395 18.013 17.7603 17.1699 17.7613 17.7938 16.9348 16.506 16.5853 17.1255 16.2332 16.3957 16.0681 15.4236 15.441 14.7171 15.1462 14.8163 14.2341 13.8318 14.2711 13.9126 13.1452 13.2581 13.6804 13.9012 13.7094 13.446 12.4773 12.6993 12.7387 12.182 
19.3713 19.7324 20.2306 19.3925 20.2932 19.5797 17.4365 17.1142 17.7183 17.9942 17.7379 16.6335 15.7373 17.0401 17.7724 17.4288 16.5731 17.1398 16.7763 15.4768 15.7618 15.379 15.3189 14.4566 14.7944 15.1169 15.2572 14.73 14.4278 14.397 13.7208 13.9107 13.8571 13.9201 14.1546 13.5928 13.3411 13.3597 13.6225 13.1447 
19.4543 20.5288 20.0062 18.8736 18.6012 18.737 18.9245 19.9158 19.6783 18.8723 17.853 17.7536 16.3856 16.502 16.7758 16.0559 15.4197 15.9435 16.0188 15.245 15.5619 15.7884 15.1571 15.4473 14.3524 13.4062 15.3651 14.4223 14.1373 13.8556 13.8208 13.3245 13.4711 13.1247 13.361 14.0494 14.1899 13.313 14.1758 14.4737 
17.9014 18.9726 20.4383 19.5552 19.5938 18.3606 19.8069 19.9885 18.5792 18.2416 18.2842 18.1852 18.3483 18.2497 17.9555 16.4878 15.1861 16.0757 14.885 14.5348 15.5301 15.3673 15.3954 14.9131 15.0414 14.9139 15.3075 14.6727 14.0009 13.9917 13.9933 13.8257 13.9361 14.2121 14.1283 13.8351 14.0283 14.0147 14.9889 15.6386 
19.5244 21.1754 21.1351 19.1665 17.5224 17.8456 19.0464 19.2674 19.4383 18.4511 18.6668 18.1463 17.5081 18.3146 16.5556 16.2135 16.2659 16.1349 16.349 15.8476 15.6918 15.5057 15.0189 14.3265 14.2181 14.6531 14.181 14.2556 14.8217 14.1201 13.1376 13.6834 14.0842 14.4969 13.5249 13.9431 13.5416 14.5387 15.077 15.3789 
19.5325 18.991 19.9419 18.7974 19.667 18.9481 18.6711 19.5317 19.3818 17.8565 17.4176 17.9149 18.1561 16.6085 17.1141 16.82 16.2485 16.918 16.2358 16.1171 15.6683 15.8206 15.9552 16.0041 14.9155 14.6109 14.8452 14.1895 14.6709 14.0951 13.573 13.3797 13.7533 14.0712 14.2086 14.5098 13.8619 14.6424 14.8341 15.0183 
19.4222 18.7193 19.3091 19.3652 20.5342 19.9546 19.5537 19.4965 19.7178 18.1816 17.9192 16.7465 18.0493 17.5957 16.9303 16.1229 15.796 15.7216 15.9055 16.1241 15.6068 15.8539 15.1122 15.9441 15.3643 15.3199 14.1746 14.0763 14.1924 13.2155 13.4946 13.6134 14.5005 14.3973 14.0118 13.8562 13.2222 14.1989 14.9117 14.3267 
19.1616 19.4413 18.3413 19.4934 20.8457 19.7792 19.5429 19.4422 19.982 17.9676 18.6601 19.1425 17.7591 16.8466 17.788 16.8273 16.9215 16.5298 16.0132 15.6086 16.0279 15.3806 16.0479 14.7579 15.4171 15.2496 15.3882 14.4395 14.4546 14.0627 13.33 13.5503 13.3087 13.6466 13.4558 13.9378 13.8037 14.4434 15.0965 14.0622 
17.1608 17.4139 18.2762 18.5371 20.0489 19.6198 20.3487 20.2407 20.5413 18.0614 18.811 18.5887 16.8415 17.845 17.4409 15.3238 16.3484 15.9079 15.1149 15.7736 16.7862 16.8156 15.1835 15.7182 15.7308 14.943 13.9796 14.4109 14.3994 14.4823 14.3127 13.5273 13.4346 12.925 13.298 14.5118 14.4066 13.8506 14.0402 13.3087 
19.2252 20.3286 20.8824 20.4744 19.3248 19.3925 20.7912 20.0443 19.3242 18.9646 17.5085 17.8045 17.1423 17.232 16.3206 16.6865 16.6633 16.8241 17.2221 17.1339 17.0566 15.5633 15.3295 15.5862 15.0952 15.4912 14.3726 14.1573 13.8751 13.5898 13.9802 12.2588 13.2988 14.1011 13.6952 13.5235 14.0072 14.3982 14.3529 13.6553 
17.5947 18.8041 19.6295 19.4787 19.6875 18.4862 18.5315 20.5363 21.2447 19.8594 18.5368 17.8915 16.4348 17.2641 17.3467 16.5407 16.4819 16.5225 16.067 16.7996 16.6926 15.8354 15.8241 15.8435 15.9541 14.7504 14.8835 14.4651 13.5832 13.7326 13.0419 13.1589 13.3575 13.4998 13.1183 13.4775 13.3807 13.2887 13.6228 13.4026 
18.6165 20.606 20.4643 18.8649 20.1514 18.8694 19.6958 20.151 20.7116 19.3702 19.3384 18.4999 18.2912 17.0629 17.4811 16.5436 15.9102 16.7407 16.8423 16.2348 15.7146 15.6433 15.7129 15.3356 15.0458 13.8911 14.1157 14.3929 14.1208 14.1565 13.3041 13.5408 13.8596 13.718 13.2829 13.6882 13.9384 12.9859 13.512 13.566 
19.2313 19.9044 20.3763 18.8756 20.0341 19.3169 19.8108 19.8474 19.6299 17.7211 19.1117 18.4213 17.2072 17.6999 17.991 16.3623 16.9546 15.8901 16.6582 16.0166 15.8577 15.8346 15.1203 14.6975 14.3767 14.4735 13.7094 13.4096 14.047 14.071 13.163 14.2389 13.8247 13.8754 13.432 13.0744 12.7366 13.1764 13.0787 12.9409 
17.9266 18.2529 18.4259 19.5401 20.3465 19.0599 19.5748 19.8292 20.1418 19.2007 18.6657 18.3137 17.0234 16.9976 17.6591 16.8802 16.4418 16.78 17.2296 16.5466 15.9884 15.1174 15.4314 15.353 15.3015 14.2905 14.8454 14.5728 14.6543 13.9976 14.2443 13.8118 13.5739 13.6491 13.7575 13.9561 13.6686 13.488 12.5894 12.1816 
20.1466 20.7653 21.0232 19.6862 18.4342 19.364 18.3664 19.6885 19.5516 19.9089 19.9807 18.5657 16.8682 17.8087 18.0599 16.9707 16.7707 16.1142 16.8817 16.1262 15.4893 15.3761 15.1726 15.5181 15.4471 14.2225 14.3217 14.4936 14.4396 13.3788 13.4688 13.8206 14.1137 14.1065 13.72 13.7613 12.6564 13.0026 12.3998 11.2934 
20.7268 21.1708 21.1116 19.0689 19.6931 19.2985 18.9897 18.4664 19.1333 18.5317 18.6665 18.1715 17.5119 17.1085 17.0106 17.0272 16.182 17.1942 16.1688 15.3215 14.3642 15.3655 15.0207 15.3618 15.0996 14.5736 14.4244 14.5915 14.4213 14.3597 14.0465 13.5345 13.6614 13.6619 13.1492 13.4021 13.6894 12.9537 12.7855 11.6888 
