204.853 -16.6831 4.25374 -2.34199 -0.608126 -5.29988 -0.818994 -1.40102 -2.71881 -1.84568 1.29816 -0.39983 0.98028 
778.085 37.358 -9.65704 2.45092 -6.07141 0.338333 -5.59571 -8.12322 -11.8519 -3.23782 -0.396937 1.75402 2.65765 
926.884 53.2013 5.91938 8.20219 3.09225 3.17953 -6.50721 -5.98915 -9.76534 -0.569652 2.60588 -1.68314 -0.41611 
881.479 49.0126 21.5866 12.72 3.27008 5.20579 3.53406 4.60566 -10.0328 -0.56509 -2.1954 -2.34966 -0.518285 
857.662 41.579 18.438 10.9496 1.15929 6.40125 -4.68222 6.49379 -1.54427 -1.67922 -9.62684 -4.90331 2.87755 
859.173 49.8945 12.866 4.96322 10.5 8.52632 1.44379 5.93221 -1.65684 -0.103912 -2.51498 2.78697 3.27697 
859.559 51.5768 11.2633 3.27595 5.79158 -0.501929 -5.30594 5.55206 -0.765753 2.74142 -2.96957 0.938101 -3.25548 
866.989 29.8855 13.8918 4.56905 0.186479 -2.16704 -1.1763 6.57192 3.90054 6.84348 -1.5502 -5.76262 0.366229 
972.653 -0.168629 14.1618 -3.19063 -6.18413 -0.123995 3.92322 9.80796 -0.427476 10.1382 3.04804 -1.92455 1.1834 
876.272 41.9289 9.52494 6.71557 -6.22253 7.52319 -1.2339 2.49619 3.97634 -3.06276 0.786922 1.41499 -1.61188 
854.598 44.9998 16.2821 8.65719 -1.99006 11.1916 -0.942473 5.63494 -6.35354 0.181506 -1.55043 0.824151 2.3057 
848.696 42.6786 4.24411 0.559719 -12.5104 5.99086 -7.47283 2.27379 -2.291 5.34927 2.72268 -3.02985 0.747265 
852.051 39.5532 13.4296 5.38405 -2.14817 6.92575 -5.68456 5.06229 2.08993 -0.488812 -2.06577 2.04414 4.02666 
839.947 40.9351 5.14298 2.93571 -7.3962 2.81343 -16.6597 7.23136 1.02458 1.0717 4.57571 2.8585 10.9171 
854.916 41.7962 2.84916 10.7525 -7.71389 7.42775 -6.13423 5.92625 2.73144 2.85024 -0.0445856 -0.547357 3.30555 
877.349 36.0016 -1.18756 21.5062 -5.9888 -2.2871 1.42798 -1.36818 -5.56633 -0.482855 -6.05927 -2.56508 -1.85089 
866.107 36.0367 -6.40448 16.6184 -8.54142 -4.83295 2.72981 0.658133 -3.11274 2.54335 5.92696 2.66259 4.83774 
854.312 33.8394 -5.64326 21.2125 -9.70779 -4.36982 5.54037 3.99092 4.72997 9.6183 4.27655 0.196008 3.13138 
847.004 45.4101 2.26603 18.8759 -4.71077 4.25723 1.53869 4.43821 -1.11095 2.04769 -0.460477 -2.74737 -2.23679 
840.634 67.4882 6.10731 11.1832 -3.36453 3.50762 -2.49823 9.39191 0.320224 -1.98812 -6.83738 1.87693 0.884766 
839.94 57.7394 1.03803 6.2177 -4.91842 -0.524621 -3.80274 4.45125 -5.07306 1.00575 -4.0734 3.31343 -0.895744 
830.449 57.098 -2.18092 6.18337 -2.60174 2.43312 -14.5373 5.4371 6.49739 10.7158 3.71372 1.64949 0.799001 
827.977 56.4793 -3.4987 4.12877 -7.96775 2.76752 -6.07299 8.5996 -4.93887 4.82726 -4.27903 -1.52051 2.17012 
832.315 58.7521 4.24171 9.08543 -3.68216 7.90265 -6.37711 0.470007 -4.35925 -2.2701 -4.98693 -4.30426 -6.09315 
845.115 55.706 6.2886 10.0102 -2.36135 8.76276 -4.12104 8.86457 3.44146 2.93748 -1.88395 3.19741 -1.66052 
863.716 58.7686 2.61047 10.6969 -8.56353 -2.76011 -5.2756 7.21165 3.78165 10.6866 1.80441 4.14213 1.17816 
845.226 54.477 3.46843 4.2798 -9.28204 -1.75543 -4.63456 9.45449 4.50351 10.2165 2.15264 -4.00787 -11.391 
850.394 59.043 1.92149 13.0667 -2.75057 4.9953 -4.77156 12.0557 5.95452 6.45337 -1.34943 -0.190481 -1.35994 
844.243 61.3857 0.0820827 3.15495 -9.30932 -3.00895 -7.53257 2.213 6.45239 11.5212 -0.604765 2.21059 -5.62028 
845.172 66.0442 8.83515 9.03874 -3.08346 4.91711 -9.33453 0.502846 4.7288 4.89551 2.37372 5.13164 -5.70519 
842.962 66.7457 2.82682 1.97928 -5.40834 5.66958 -2.55254 8.10136 0.574349 4.64843 -2.84186 3.43913 -3.09486 
838.495 66.6008 8.3153 7.74242 -5.19088 -1.75803 -4.9307 7.48773 -0.769135 2.0691 -3.26676 1.96246 -2.1734 
839.972 68.7457 6.21348 11.3045 -4.55075 1.92742 -7.60209 5.02727 1.68679 3.49627 -3.5925 3.72836 -7.01628 
843.196 69.3867 4.97467 2.77478 -7.39913 4.46011 -5.40823 1.34446 2.97659 9.87933 -8.0789 4.09626 2.24267 
834.715 60.713 0.85569 3.16873 -8.9551 6.1991 0.0858554 8.47879 4.51992 1.96387 -4.46185 1.82816 -3.39623 
841.659 72.229 3.6409 5.99131 -1.37696 5.45239 -1.19616 11.8011 1.60335 5.82533 -5.66976 1.89165 -0.0284524 
832.602 70.0549 2.03972 9.61912 -4.52482 -1.75783 -1.69561 7.19502 3.38098 3.66504 -3.64352 1.14338 -2.58602 
829.833 67.204 4.24008 8.57294 -8.85908 -3.37717 -9.25475 -1.11091 -4.72906 7.2842 0.365931 3.8444 -1.91566 
828.358 59.7641 -1.90346 4.57352 -6.12058 0.452916 -8.62966 1.09073 -0.802204 5.08385 -0.236174 8.1662 2.32097 
833.83 67.6836 -0.646791 7.65969 -5.29212 1.99481 -5.14559 3.94522 -1.62173 1.85152 -3.11284 3.19084 -1.91391 
823.982 63.0197 -4.37729 5.37728 -7.11452 -1.45517 -6.19061 5.20644 -2.57389 0.130538 -5.75643 0.122999 -8.80325 
823.366 64.8279 -0.261572 5.73119 -9.20489 -0.497981 -9.93077 7.52865 2.13311 8.06236 -1.70418 4.23872 -3.90732 
825.85 67.1249 6.1319 6.6119 -6.47644 7.52404 -1.34187 4.95201 -4.41244 -1.6342 -11.1319 1.96781 -2.84675 
829.876 70.4018 4.39095 13.5858 -0.951056 0.504063 -7.41938 4.18595 -6.01359 5.20757 -4.16327 5.83488 2.54217 
820.518 60.6388 -0.80222 9.67481 -0.0625254 3.28166 -6.72574 4.05308 1.13067 6.13456 -5.03305 0.129186 -6.58627 
822.052 62.3392 -4.88205 15.2396 0.638598 0.0724003 -15.5852 0.587365 4.99222 10.2874 -1.69213 4.65801 1.15499 
825.654 62.4564 -8.38291 12.8921 1.69937 8.22428 -6.6473 2.29705 8.71133 9.90272 -6.53612 4.06054 4.31165 
839.95 61.7105 -8.74123 8.71559 9.72949 16.7866 -8.77221 3.52181 4.25456 8.36331 -5.88186 1.15899 2.22651 
853.43 61.8034 -13.0945 9.9818 7.74668 4.1691 -11.9004 1.632 5.30678 6.62573 -7.93105 -2.57945 5.23983 
849.101 53.9792 -9.09135 5.71745 15.2107 7.83186 -0.875577 3.24433 0.59389 7.2866 -8.48694 7.07415 7.43452 
838.737 53.9242 -10.1852 8.70979 10.4249 9.29554 -7.6659 0.68173 8.80802 12.1586 -6.04176 7.27703 6.81458 
833.617 57.2384 -2.25786 8.68701 9.63376 6.11116 -12.1846 0.880123 10.3191 19.61 -6.3881 0.630741 1.49243 
832.196 54.5938 -0.373884 8.23543 8.51699 9.44727 -1.57762 3.69758 -2.2738 7.68262 -0.47315 5.20515 2.17293 
840.689 56.6303 1.87867 7.00423 7.0406 2.55924 -9.17037 3.43218 -6.24288 4.10303 -2.52964 -1.01136 1.49851 
849.944 57.3234 -4.12329 8.23059 13.1231 7.96912 -17.8273 -2.81676 -17.3222 6.79294 -20.5584 -7.32547 4.61416 
841.12 52.2575 8.63829 2.46967 -1.01283 -0.243657 -25.9201 -2.25942 -19.9636 8.46799 -20.4268 -11.6478 -0.191013 
851.35 60.0363 8.85132 3.78138 2.89165 1.98438 -16.9393 6.256 -18.2803 -1.16998 -17.6006 -4.70529 3.41893 
854.246 46.3803 12.932 -6.25101 1.69393 -2.11719 -22.2367 -0.735673 -26.7764 -5.30645 -13.2959 -8.80027 0.728095 
861.865 53.8794 -1.62482 3.91444 7.99051 2.47867 -20.1127 4.51359 -32.7828 -2.10407 -21.5987 -8.65884 0.403573 
890.502 50.809 -6.82851 -4.37525 2.67716 -3.02468 -24.4224 5.24633 -31.5697 0.917407 -14.3596 -12.834 4.19005 
902.293 57.1377 -3.46994 -4.01167 3.47688 -1.11278 -29.1233 10.5012 -25.497 5.37824 -12.1331 -7.05481 0.282653 
925.683 50.0271 -1.45866 -7.83214 -11.6534 4.52695 -31.7329 6.76714 -6.24622 -3.80266 -18.5461 -6.80744 -7.33981 
932.539 45.8195 -9.9986 -11.3181 -18.6018 16.1626 -29.3545 -2.43749 -3.83031 -5.74995 -22.3614 -8.59022 -4.24941 
927.419 43.7748 -17.918 -13.1978 -22.4303 14.3534 -26.0395 -12.3875 -6.94288 -4.98937 -27.332 -5.81072 -5.93216 
926.271 46.8209 -15.9036 -8.89638 -19.1338 20.6965 -18.3142 -15.3076 -5.88048 -5.22191 -24.3908 -7.63343 -4.16992 
931.421 47.8229 -13.4036 -13.2097 -12.9482 28.9151 -21.4102 -12.47 -9.23606 -1.64521 -27.9001 -7.89916 -9.34373 
927.344 49.4542 -16.9345 -13.7887 -18.8582 29.1196 -18.4687 -15.2484 -11.0731 -3.21612 -26.5229 -11.2136 -9.3461 
919.794 48.0332 -17.4913 -15.7479 -17.623 23.5857 -17.8634 -15.4876 -13.792 -2.10494 -23.9366 -14.3711 -9.20611 
922.49 55.1337 -15.4923 -14.2494 -20.8142 29.3829 -19.6078 -12.0943 -15.655 4.79811 -25.8114 -6.70894 -10.9531 
913.578 59.0128 -9.79621 -18.0782 -23.5314 30.8648 -15.5685 -17.0815 -15.0373 0.544919 -17.9193 -7.7499 -10.1402 
908.047 55.8725 -21.2744 -19.266 -27.057 24.1524 -18.7665 -16.7044 -18.2913 -2.10157 -17.5489 -10.4458 -14.835 
902.089 57.5748 -15.3336 -15.044 -21.2233 34.7216 -17.1123 -20.8886 -18.9424 -1.10309 -10.9232 -11.4846 -14.4857 
897.91 52.4547 -15.0438 -19.9362 -22.095 30.8532 -20.7378 -21.1318 -20.703 -8.20087 -7.61028 -8.68843 -10.5326 
893.96 57.2157 -10.6803 -17.7463 -27.4519 31.0521 -20.6576 -17.6153 -23.1319 0.335149 -9.1262 -7.76129 -13.0185 
893.403 56.7779 -13.0696 -23.5854 -26.2106 24.9803 -18.8026 -21.4951 -18.2719 -4.59164 -14.1242 -9.59887 -10.3708 
889.947 54.3176 -14.9319 -19.9929 -23.7647 21.7457 -18.1247 -15.0888 -19.8329 -6.32761 -19.2991 -8.95841 -10.2146 
888.023 50.2834 -20.1226 -21.2604 -21.0674 26.4986 -20.314 -11.54 -21.5713 -9.61802 -21.4526 -8.13859 -8.32015 
883.473 48.7128 -14.5097 -19.7996 -6.64983 27.0058 -16.5336 -14.9439 -19.2065 -16.5662 -19.8916 -5.28726 -5.66388 
889.45 56.8149 -12.4621 -26.0577 -12.0167 24.2635 -16.883 -13.3814 -13.3174 -11.8579 -22.7916 -6.51867 -10.3127 
889.412 64.6697 -12.632 -35.8996 -17.4033 19.0246 -16.3239 -19.3341 -12.3897 -8.72141 -19.1165 -12.9365 -11.1432 
878.218 58.9327 -5.10927 -26.8265 -14.2439 17.2975 -10.5261 -19.6217 -10.0219 -7.71202 -12.1319 -8.02584 -11.1271 
874.155 58.3226 -4.08664 -24.1121 -8.55886 11.8832 -12.4368 -20.3993 -6.3376 -14.0665 -15.1662 -13.3654 -9.1889 
863.484 56.6044 -4.94298 -25.0235 -4.28232 12.6623 -13.4452 -25.5028 -6.67066 -9.22152 -15.3967 -14.3271 -9.78308 
872.861 63.9274 -0.220989 -21.3142 -1.38031 13.6149 -7.31772 -17.8723 -1.82725 -8.87912 -11.8178 -7.12701 -0.120602 
874.434 56.9711 -1.09427 -18.6303 -1.15392 17.9816 -8.2359 -19.559 -4.527 -11.2153 -6.91119 -6.10847 1.7971 
885.168 54.8602 -0.689329 -15.0636 2.72479 24.1454 -3.16863 -11.1589 -6.69441 -19.9369 -16.5303 -11.373 -0.796248 
913.45 52.2818 -6.90526 -21.7103 6.97617 26.0246 2.61681 -16.3658 -7.72981 -19.9493 -20.9192 -7.44807 3.43296 
916.162 43.2819 -24.7704 -24.3101 5.83546 21.9467 -3.9765 -15.182 -10.2997 -17.2115 -24.3897 -10.3106 2.426 
920.391 37.0165 -30.9859 -17.1257 10.355 26.4193 -6.80281 -9.48415 -9.56056 -11.1283 -29.3007 -7.26722 1.27407 
930.07 35.9756 -28.5564 -14.5683 3.72323 22.7068 -6.73994 -7.00923 -8.39896 -4.78369 -30.208 -6.526 -2.11602 
920.887 37.4013 -27.7259 -13.335 0.00636941 23.9295 -11.6281 -0.100078 -9.83641 3.33565 -24.1038 -9.63543 -4.01864 
920.816 43.6935 -21.7598 -12.6084 -4.23884 19.6871 -18.956 -1.73092 -10.3681 13.0946 -19.8403 -6.35069 -8.33505 
908.435 45.8029 -17.0771 -15.3556 -10.211 12.9475 -20.7501 0.0355558 -16.2253 16.2666 -13.2843 -9.10921 -8.48156 
885.159 51.1272 -15.5802 -8.88607 2.31532 4.71187 -28.2094 -3.7478 -22.402 17.2228 -6.16028 -6.2809 -5.07411 
881.354 54.5308 -12.6785 -19.0699 -5.32507 -4.43606 -29.8223 3.2046 -23.1215 17.7695 -9.23371 -6.94081 -3.56733 
872.02 55.9634 -8.65759 -14.2166 -0.3422 -6.74114 -31.1746 5.46203 -19.4587 15.3932 -9.55215 -4.59718 -4.54023 
871.301 51.4525 -7.18167 -17.6089 2.21075 1.11133 -34.0294 4.5803 -19.3289 14.3398 -12.9832 -7.88255 -8.6956 
861.215 44.3482 -10.0982 -20.3095 -0.788769 5.52493 -41.5206 -2.57258 -25.1767 8.24535 -12.676 -6.16392 -8.0759 
895.311 37.4516 -10.4373 -18.1027 -10.5079 19.7458 -26.9055 -8.32424 -11.9919 7.43225 -19.7178 -2.24237 -7.69456 
910.785 37.2678 -18.3232 -19.4802 -16.2888 18.1875 -23.1187 -11.1536 -10.8914 7.43362 -19.4404 2.51361 -6.32398 
922.105 40.4732 -16.6206 -16.9842 -14.1118 19.3365 -16.5395 -9.13002 -4.572 7.00763 -16.6135 -3.45282 -3.04536 
916.713 37.5781 -21.4132 -19.281 -16.8282 19.154 -17.8344 -9.0418 -6.66216 8.37031 -18.4106 -5.43037 -1.641 
917.391 36.4984 -18.3363 -21.9209 -14.7701 19.4311 -16.1538 -11.535 -7.76561 5.53248 -14.0894 -6.4131 -3.07522 
905.196 35.8622 -24.3705 -22.0431 -17.2238 21.4106 -14.7712 -9.3878 -9.92329 4.62892 -17.7511 -5.7743 -7.46907 
905.518 37.1054 -23.5495 -21.6815 -20.7391 18.2555 -15.2589 -11.4176 -14.8193 1.47447 -12.3042 -2.82427 -5.57141 
902.34 42.3044 -21.3422 -24.9046 -20.938 19.5799 -17.0285 -8.78856 -8.90969 4.27282 -12.6173 1.32492 -6.88272 
887.253 38.8379 -25.51 -33.3545 -26.4345 21.7658 -15.7218 -11.6862 -12.8593 7.45022 -14.5982 -2.86003 -9.74368 
882.741 43.3643 -21.9197 -35.9688 -25.0587 22.1859 -17.8304 -11.5395 -12.7856 4.00367 -14.1083 -0.544893 -9.26301 
882.831 39.7299 -20.1621 -27.8728 -17.843 24.6997 -13.1992 -6.84576 -12.0662 6.12449 -14.5297 -4.07647 -5.86252 
875.619 45.7815 -15.1626 -26.3835 -15.243 26.7626 -11.3613 -4.08166 -9.58312 7.10126 -9.81601 1.96473 -9.94347 
873.677 45.2911 -14.8492 -24.3883 -16.9618 28.7013 -9.96098 -3.04424 -8.69302 8.95573 -8.31024 1.76901 -10.0878 
864.323 47.7289 -9.86821 -21.2356 -17.7801 28.8833 -9.53927 -3.25257 -6.50939 7.71604 -11.1201 0.654701 -8.17807 
866.836 50.796 -11.3017 -18.228 -18.0086 28.5422 -6.11525 2.79183 -7.86704 11.2972 -10.803 3.02223 -8.62341 
849.563 53.0082 -8.79727 -25.2804 -17.344 29.2807 -7.70648 2.52115 -7.00269 5.80158 -13.4808 11.9711 -8.90803 
843.377 63.2115 -3.47686 -20.5912 -15.3903 31.443 -4.23005 1.80659 -4.34624 6.42381 -15.4228 13.1538 -13.1771 
834 55.8609 -7.06578 -22.4932 -20.1493 31.3275 -12.5904 -0.476599 -9.06794 3.28701 -20.4169 15.7257 -10.4086 
828.804 52.4884 -9.87684 -22.5863 -24.2667 24.1917 -9.38467 2.03503 -9.52052 2.21051 -17.3515 12.5201 -6.46061 
824.018 58.7047 -10.0997 -18.3853 -20.6179 18.3942 -8.76324 -5.82096 -6.26695 4.57554 -17.9551 12.1103 -7.82055 
802.693 62.7157 -6.44533 -25.3526 -26.0477 12.4484 -7.63744 -2.62799 -6.46788 3.54427 -19.2824 10.6131 -11.4768 
795.348 65.2528 -9.29008 -19.4612 -17.5896 10.0384 -4.85575 -0.648871 0.44294 4.73127 -14.7739 12.948 -6.17984 
770.552 72.2681 -12.4732 -12.419 -14.8977 11.1029 -8.19437 -2.28887 -8.84662 3.82689 -9.45246 9.03576 -0.602984 
747.837 69.0657 -7.95992 -11.6708 -11.0278 14.9736 3.37729 -3.04188 -7.46375 0.554315 -6.80458 10.6262 -1.58229 
732.393 72.6565 -5.51777 -7.64085 -17.6642 13.0609 -3.41856 -2.25471 -13.526 3.63476 -4.57877 13.9856 -3.27164 
722.611 75.1598 -3.69234 -10.8347 -19.0405 3.73917 -4.40359 -1.32874 -7.66027 5.67626 -3.48829 11.4641 0.335099 
707.729 78.1478 -4.81448 -10.1513 -21.1409 0.296745 -7.66003 -2.53984 -6.4199 3.73542 -3.5671 12.4473 -2.73463 
696.555 74.8777 1.01745 -5.5701 -12.9134 1.2772 -8.22547 0.36815 -3.95781 7.53492 -1.29509 5.72156 -2.41861 
686.817 70.5067 0.0217509 -5.93228 -14.1923 -2.90671 -6.35953 0.778376 -4.3916 8.40697 -2.91262 7.19655 -5.85826 
674.966 68.0422 -3.41311 0.883486 -7.97166 0.9307 -1.9245 3.4497 -6.69778 9.34219 -2.29125 1.67017 -5.02331 
660.715 66.6178 -1.0689 5.88911 -8.6548 2.4165 -5.6647 3.22535 -3.29916 6.37297 -2.54339 10.4309 -1.10957 
656.82 65.8685 -6.62287 -2.80323 -13.8309 -6.27342 -8.72418 -0.0301816 -9.54804 -0.75296 -10.4539 -0.933595 -2.87965 
640.592 53.3298 -7.74445 -4.58685 -3.15723 4.55454 -6.31771 2.22415 -3.36061 1.93328 -1.81368 4.67201 -0.282982 
645.103 64.5662 6.90302 7.54136 0.0205695 3.56677 -2.59138 2.91665 -6.6093 0.734185 -6.01452 4.39323 0.03858 
647.122 67.8637 -0.164111 8.32984 -0.179091 3.69593 0.284414 12.1168 -1.53199 0.205594 -3.67669 1.50849 -2.98879 
636.504 61.0039 0.449788 12.3868 3.20858 8.51597 0.172887 5.7482 -0.986957 -1.01766 -3.73195 7.7671 4.55229 
636.792 65.128 -2.83402 6.83634 -4.13897 3.26614 -3.09409 3.45169 2.43086 9.33061 -2.75722 4.1497 1.79029 
641.999 64.7758 1.06987 11.1901 5.56905 8.76644 -3.69191 4.27888 -4.60295 3.27048 -4.49775 -0.956461 -2.31483 
637.863 62.9041 -0.365343 11.3581 -5.17365 -0.0606883 -4.20668 6.99325 -1.98986 -1.91933 -3.12669 5.39372 0.397241 
639.625 66.8363 9.89061 15.166 -1.452 1.85826 -5.02585 9.57357 -9.10835 4.329 -5.67211 2.73532 -3.32506 
644.708 68.2886 5.36531 14.8311 3.87215 6.84583 -0.858533 7.66176 -1.19214 6.15595 -0.691423 8.8958 5.51261 
642.401 69.5978 0.944009 7.69949 -1.83463 10.0705 0.699171 8.38127 -2.25786 6.48779 2.81285 7.82585 -1.0183 
631.598 64.8996 2.78904 14.6916 -0.278907 4.83477 2.05032 8.35458 -6.81413 -2.76672 -5.5507 4.70536 0.228183 
635.442 68.7586 1.23102 9.82503 3.55045 5.00946 -0.842032 10.3818 -1.77483 7.42623 2.15286 5.52668 -1.19024 
638.665 64.6268 6.98129 9.19625 1.93625 3.15872 -2.17467 3.64833 -6.99567 1.3931 -0.609905 3.53027 1.42727 
627.821 57.551 -0.951879 4.96544 -6.94801 2.4188 2.01091 3.62827 -4.16843 5.97275 0.033967 1.23588 0.195028 
630.539 61.2396 0.65662 8.08975 -1.04367 1.76603 -6.53423 7.08286 -8.31386 -1.48189 -0.76734 4.5233 3.07394 
635.141 61.6813 1.25986 9.57133 -0.189329 6.55104 -7.42815 -1.20193 -9.38799 5.94794 0.00155224 3.30589 1.93873 
637.178 66.667 2.92915 10.4057 2.36817 6.13414 -3.51552 3.94691 -10.1543 -0.157234 -1.35732 0.177034 -1.63167 
634.647 61.1553 4.436 6.3132 -5.09736 7.22354 -2.18009 9.17059 -0.949868 5.21542 -5.51162 4.99687 1.50039 
622.418 56.7321 -6.98152 2.75551 -0.655987 -1.95415 -4.34212 -0.853534 -7.20124 2.6185 -7.78398 1.35487 3.24834 
626.917 60.1523 0.378637 12.5692 0.241769 1.57059 -2.11121 9.46867 -1.19759 2.21297 -1.24037 4.95695 -2.7346 
634.492 64.0464 5.05336 7.16775 -2.96745 0.270015 -3.49221 7.65571 -2.25895 7.94717 -0.263246 3.90179 -3.24363 
627.052 58.7852 -1.88883 4.51128 -6.2022 3.24512 -2.99689 3.90717 2.55185 10.3347 -0.745582 5.6292 4.00619 
618.791 51.551 -9.9172 1.42921 -8.93402 -2.26435 -3.76124 2.76004 -6.78732 1.84476 -0.244479 3.14934 0.380255 
629.125 62.492 -2.32285 6.54637 -1.26496 3.14821 -0.0179808 6.99335 -0.457568 -0.406205 -1.91395 7.68255 7.08567 
621.208 57.6169 -0.681543 10.3717 -3.89174 5.2448 -0.272421 6.8927 1.70253 2.0275 -5.02115 2.93761 2.53603 
629.18 61.7504 7.929 7.52227 -3.72891 7.27875 -6.072 7.7929 0.135461 4.12101 -2.54331 0.201109 -3.72328 
627.611 57.5603 1.40844 6.57477 0.781048 7.00579 -3.35569 2.47255 -4.13565 0.107444 -0.569958 4.90449 -0.493265 
634.071 59.5981 -2.25685 1.01324 0.572749 3.3536 -2.12251 3.51488 -1.22161 1.92058 -2.72808 -3.3794 -1.86764 
643.443 56.4509 6.29582 6.74828 5.37502 6.73782 0.813171 -4.00017 -4.71124 1.76389 -2.00548 -3.31546 -3.04305 
642.342 59.694 13.971 2.12051 1.79438 -7.11105 -0.710657 0.463527 5.39222 4.63724 1.8624 4.47295 -0.231242 
651.365 55.029 14.3739 -4.44728 -4.06424 -8.33243 4.65411 -0.0672448 -3.82528 -6.32208 -0.464987 -0.771686 3.57182 
650.774 57.6811 15.3471 -4.01896 3.40782 -1.21208 4.8646 2.71157 8.57417 3.36723 1.33724 -0.37694 3.64839 
653.498 54.0762 10.0012 -2.07585 5.32272 -5.89697 -0.407918 -0.377041 -0.508909 0.667697 0.57811 1.56488 0.347609 
650.559 58.3532 12.5505 0.130588 1.41671 -9.03446 -4.53987 0.197671 -4.11981 -3.46965 2.12238 -1.27281 5.01123 
655.955 60.8167 8.60375 -3.1989 -0.300412 -9.49314 0.989596 -3.43799 -2.96792 0.443781 -1.36296 -0.0826401 0.05048 
648.31 56.9101 3.78393 -3.77837 -7.33708 -16.1467 -8.84565 -2.09441 -2.21087 -3.23853 -3.66737 6.77125 -2.03287 
656.678 65.4962 9.34659 1.64404 8.50754 -7.22507 -6.30173 -2.91504 -0.285708 4.64905 -1.72902 -0.5096 0.965581 
648.651 63.9673 0.773924 -1.58297 -1.20446 -13.3137 -6.79096 0.179029 0.491736 4.30661 2.1634 -0.945104 -3.33011 
653.971 68.5221 8.03857 -2.61654 -3.02889 -6.02974 -4.72843 2.27738 3.84832 2.71684 -0.355469 0.17856 -1.89187 
646.199 69.198 7.3438 -1.10097 -1.90919 0.288397 -5.56906 0.609317 0.883642 -1.76613 1.06115 0.767663 1.80498 
649.308 62.5982 0.681692 -1.27151 -7.39199 -4.89111 -9.71699 -3.15926 -2.64185 4.41599 -3.13998 0.320184 -4.0186 
651.284 72.1078 4.59481 3.0512 -4.75218 3.27849 -2.11191 8.80355 1.09336 7.45903 1.51222 -0.57988 -3.45093 
646.709 69.3113 9.44943 7.88034 -1.82599 4.7615 2.52642 3.63446 -0.411126 5.35506 0.49433 1.03694 -5.44808 
